"c:\users\esrlabn1\desktop\bence\ir_spectroscopy\532nm_odmr\magnet_map_2_680nm\018.dat  ---  04-27-2026 19:28:46"
""
"cavityli 20 2 4 2000 1 0 0"
"                             ;                             ;seth_xesr_precise 316.71 1 0 -2.323874755381605"
"setlockin 188.67 0.004 0 0.03 0.2"
4,2000
2,1.297006E-04,-8.468665E-04,6.66667E-04
2.001,3.814721E-05,-5.798377E-04,-3.66667E-03
2.002001,-1.06812E-04,-3.204364E-04,-.001
2.003001,-2.746601E-04,-8.392381E-05,-.001
2.004002,-5.645789E-04,1.525891E-05,-6.66667E-04
2.005002,-4.577655E-04,-3.051781E-05,6.66667E-04
2.006003,-5.340613E-04,-6.103562E-05,.002
2.007004,-2.365122E-04,-9.15532E-05,6.66667E-04
2.008004,1.144414E-04,-1.831064E-04,-.001
2.009005,2.746601E-04,-2.441425E-04,-6.66667E-04
2.010005,2.212534E-04,-8.392381E-05,-6.66667E-04
2.011005,-3.280658E-04,2.594013E-04,-.001
2.012006,-3.967304E-04,2.28883E-05,-.001
2.013006,-5.340599E-05,-2.822895E-04,-.002
2.014007,3.814721E-05,-5.188026E-04,6.66667E-04
2.015007,1.983652E-04,-4.730243E-04,-.002
2.016008,9.918259E-05,-6.866502E-05,6.66667E-04
2.017009,-1.3733E-04,4.501361E-04,.001
2.018009,-1.449594E-04,4.730243E-04,.001
2.01901,-4.425067E-04,5.111732E-04,-.001
2.02001,-3.814721E-05,9.918259E-05,-6.66667E-04
2.02101,2.594013E-04,6.103562E-05,-6.66667E-04
2.022011,3.433246E-04,1.831064E-04,.002
2.023011,4.577655E-04,4.27248E-04,-6.66667E-04
2.024012,9.918259E-05,4.501361E-04,6.66667E-04
2.025012,7.629453E-06,2.441425E-04,2.33333E-03
2.026013,-6.408729E-04,6.103553E-04,-6.66667E-04
2.027014,-4.501361E-04,8.392371E-04,-.002
2.028014,6.866502E-05,7.476844E-04,6.66667E-04
2.029015,1.525891E-05,4.959144E-04,6.66667E-04
2.030015,-3.814721E-05,5.416907E-04,-6.66667E-04
2.031015,9.15532E-05,3.356952E-04,-6.66667E-04
2.032016,1.220712E-04,1.907358E-04,-6.66667E-04
2.033016,-3.051781E-05,-6.103562E-05,6.66667E-04
2.034017,-2.670307E-04,7.629453E-06,-.001
2.035017,-6.485023E-04,6.103562E-05,6.66667E-04
2.036018,-8.697547E-04,-5.340599E-05,-.001
2.037019,-8.468665E-04,-1.983652E-04,-6.66667E-04
2.038019,-1.579292E-03,-9.918259E-05,-.001
2.03902,-1.899727E-03,-1.525888E-04,-6.66667E-04
2.04002,-2.594009E-03,0,6.66667E-04
2.04102,-3.402725E-03,-4.043598E-04,6.66667E-04
2.042021,-4.142791E-03,-3.662128E-04,6.66667E-04
2.043021,-5.424529E-03,-4.119892E-04,-6.66667E-04
2.044022,-6.866485E-03,-5.569495E-04,.001
2.045022,-8.720458E-03,-8.316077E-04,-.001
2.046023,-1.081854E-02,-9.002723E-04,-.002
2.047024,-1.190954E-02,-1.091011E-03,-2.33333E-03
2.048024,-.0121842,-9.613074E-04,-.001
2.049025,-1.197058E-02,-4.806537E-04,-.001
2.050025,-1.115423E-02,-3.280658E-04,-.001
2.051026,-1.054388E-02,-3.280658E-04,-2.33333E-03
2.052026,-9.491026E-03,-5.111732E-04,6.66667E-04
2.053026,-8.087218E-03,-6.179847E-04,-3.66667E-03
2.054027,-6.80545E-03,-8.163489E-04,-6.66667E-04
2.055027,-5.104095E-03,-4.653949E-04,.001
2.056028,-4.165679E-03,-2.212534E-04,-6.66667E-04
2.057029,-2.944961E-03,-4.57766E-05,6.66667E-04
2.058029,-1.884468E-03,-9.15532E-05,-6.66667E-04
2.05903,-1.380928E-03,1.525891E-05,-.001
2.06003,-9.918287E-04,1.3733E-04,.001
2.061031,-3.967304E-04,2.13624E-04,6.66667E-04
2.062031,-2.746601E-04,2.517719E-04,-6.66667E-04
2.063031,-1.3733E-04,3.662128E-04,-6.66667E-04
2.064032,1.602182E-04,1.525891E-05,-6.66667E-04
2.065032,2.670307E-04,-2.899189E-04,-.001
2.066033,5.340599E-05,-2.212534E-04,-.001
2.067034,-9.918259E-05,9.15532E-05,-2.33333E-03
2.068034,-2.288828E-04,5.493201E-04,-6.66667E-04
2.069035,-2.822895E-04,8.239783E-04,-6.66667E-04
2.070035,-3.967304E-04,9.841993E-04,-.002
2.071036,-1.983652E-04,5.416907E-04,6.66667E-04
2.072036,-4.425067E-04,4.577655E-04,-.001
2.073036,-4.501361E-04,-1.220712E-04,6.66667E-04
2.074037,-5.340599E-05,-1.06812E-04,-6.66667E-04
2.075037,-2.212534E-04,1.525888E-04,-3.66667E-03
2.076038,-1.06812E-04,1.525891E-05,-.001
2.077039,1.297006E-04,1.75477E-04,-6.66667E-04
2.078039,-6.866502E-05,4.425067E-04,-.001
2.07904,-1.3733E-04,7.171668E-04,.002
2.08004,8.392381E-05,6.332435E-04,-.002
2.081041,2.670307E-04,3.967304E-04,.001
2.082041,3.662128E-04,2.13624E-04,6.66667E-04
2.083041,6.866502E-05,-1.220712E-04,-.001
2.084042,4.57766E-05,-1.678476E-04,.001
2.085042,-8.392381E-05,2.28883E-05,6.66667E-04
2.086043,-5.188026E-04,-1.06812E-04,.001
2.087044,-4.348774E-04,-3.814721E-05,-.001
2.088044,-6.256141E-04,-9.918259E-05,.001
2.089045,-6.408729E-04,7.629453E-06,6.66667E-04
2.090045,-3.50954E-04,-3.967304E-04,-.001
2.091046,-4.043598E-04,-1.525888E-04,-6.66667E-04
2.092046,-3.662128E-04,2.059946E-04,-3.66667E-03
2.093046,1.525891E-05,3.12807E-04,-6.66667E-04
2.094047,1.449594E-04,1.525888E-04,-6.66667E-04
2.095047,2.441425E-04,-1.297006E-04,.001
2.096048,4.119892E-04,1.525888E-04,-6.66667E-04
2.097049,2.212534E-04,5.340599E-05,6.66667E-04
2.098049,-4.501361E-04,-8.392381E-05,-.001
2.09905,-5.874671E-04,-9.918259E-05,-.002
2.10005,-4.806537E-04,2.13624E-04,-3.66667E-03
2.101051,-4.043598E-04,2.059946E-04,2.33333E-03
2.102051,-1.144414E-04,-7.629441E-05,6.66667E-04
2.103051,2.212534E-04,-9.918259E-05,-.001
2.104052,-3.051781E-05,1.525888E-04,-.002
2.105052,-5.340599E-05,4.348774E-04,6.66667E-04
2.106053,1.525891E-05,3.50954E-04,.001
2.107054,-5.340599E-05,4.425067E-04,.001
2.108054,0,7.324256E-04,-.002
2.109055,-4.88285E-04,6.332435E-04,-.001
2.110055,-3.814716E-04,1.297006E-04,-.002
2.111056,0,7.629441E-05,-6.66667E-04
2.112056,-1.297006E-04,3.585834E-04,-.001
2.113056,-1.525891E-05,3.662128E-04,-6.66667E-04
2.114057,6.103562E-05,4.806537E-04,.002
2.115057,2.670307E-04,1.602182E-04,-6.66667E-04
2.116058,4.196186E-04,1.144414E-04,-.001
2.117059,2.899189E-04,3.051781E-05,.001
2.118059,-3.051781E-05,2.288828E-04,-6.66667E-04
2.11906,3.356952E-04,4.196186E-04,-.002
2.12006,5.264319E-04,2.594013E-04,-.001
2.121061,4.348774E-04,2.594013E-04,-.002
2.122061,5.188026E-04,3.433246E-04,-.001
2.123062,6.485023E-04,7.629441E-05,-6.66667E-04
2.124062,2.059946E-04,2.13624E-04,-6.66667E-04
2.125062,-5.340599E-05,2.975482E-04,-6.66667E-04
2.126063,-2.594013E-04,1.06812E-04,-6.66667E-04
2.127064,-4.348774E-04,2.975482E-04,.001
2.128064,-4.730243E-04,3.662128E-04,-2.33333E-03
2.129065,-4.88285E-04,1.983652E-04,6.66667E-04
2.130065,-4.501361E-04,-1.678476E-04,-.002
2.131066,1.144414E-04,-2.212534E-04,-6.66667E-04
2.132066,4.348774E-04,-3.433246E-04,6.66667E-04
2.133067,1.907358E-04,-4.57766E-05,.001
2.134067,-1.220712E-04,4.57766E-05,-6.66667E-04
2.135067,-2.288828E-04,1.75477E-04,-.002
2.136068,-1.449594E-04,-2.28883E-05,-.002
2.137069,-2.975482E-04,-2.670307E-04,-.002
2.138069,6.103562E-05,-1.144414E-04,-2.33333E-03
2.13907,-1.06812E-04,1.297006E-04,-6.66667E-04
2.14007,-3.204364E-04,-2.28883E-05,-.001
2.141071,-2.899189E-04,-5.340599E-05,.001
2.142071,5.340599E-05,-2.365122E-04,.001
2.143072,3.356952E-04,-2.13624E-04,6.66667E-04
2.144072,5.340599E-05,6.103562E-05,-.002
2.145072,2.594013E-04,-1.525888E-04,6.66667E-04
2.146073,3.967304E-04,-1.220712E-04,.001
2.147074,-2.28883E-05,-2.059946E-04,-.001
2.148074,3.814721E-05,-1.525888E-04,-.002
2.149075,-5.340599E-05,-2.059946E-04,-.001
2.150075,-4.119892E-04,-3.967304E-04,.001
2.151076,-5.722083E-04,-2.212534E-04,-.001
2.152076,-3.738422E-04,-1.220712E-04,.002
2.153077,-3.738422E-04,2.975482E-04,.002
2.154077,-4.425067E-04,8.392381E-05,-.001
2.155077,-4.196186E-04,-2.670307E-04,.001
2.156078,-2.594013E-04,9.918259E-05,-.001
2.157079,-3.051781E-05,4.577655E-04,-.001
2.158079,-4.57766E-05,4.348774E-04,.001
2.15908,2.365122E-04,1.525888E-04,-6.66667E-04
2.16008,1.602182E-04,4.57766E-05,-.001
2.161081,-1.602182E-04,-2.28883E-05,-6.66667E-04
2.162081,-2.670307E-04,-6.866502E-05,6.66667E-04
2.163082,-3.12807E-04,9.15532E-05,-6.66667E-04
2.164082,-2.365122E-04,1.983652E-04,.001
2.165082,-1.831064E-04,2.670307E-04,-.001
2.166083,-1.297006E-04,-2.822895E-04,-.001
2.167084,-1.75477E-04,-1.75477E-04,-6.66667E-04
2.168084,6.103562E-05,3.814721E-05,.001
2.169085,-2.288828E-04,5.340599E-05,-2.33333E-03
2.170085,-2.594013E-04,2.594013E-04,-.001
2.171086,-5.493201E-04,6.027259E-04,-.004
2.172086,-3.433246E-04,8.544959E-04,-.001
2.173087,-3.204364E-04,5.493201E-04,-.001
2.174087,-2.288828E-04,6.027259E-04,.001
2.175087,-3.051781E-05,4.959144E-04,-6.66667E-04
2.176088,-1.144414E-04,2.517719E-04,-6.66667E-04
2.177088,2.28883E-05,-1.06812E-04,-.001
2.178089,1.297006E-04,-6.103562E-05,6.66667E-04
2.17909,3.50954E-04,-2.975482E-04,-6.66667E-04
2.18009,1.144414E-04,3.051781E-05,.001
2.181091,-6.103562E-05,1.525888E-04,-6.66667E-04
2.182091,3.051776E-04,3.662128E-04,-2.33333E-03
2.183092,3.89101E-04,5.722083E-04,6.66667E-04
2.184092,1.144414E-04,5.645789E-04,6.66667E-04
2.185092,-2.746601E-04,2.975482E-04,6.66667E-04
2.186093,-5.188026E-04,2.059946E-04,-6.66667E-04
2.187093,-3.738422E-04,-3.051781E-05,-.002
2.188094,-1.144414E-04,-2.899189E-04,.002
2.189095,-5.264319E-04,-2.670307E-04,-.001
2.190095,-2.441425E-04,-1.907358E-04,-.001
2.191096,-1.297006E-04,6.866502E-05,-6.66667E-04
2.192096,-5.340599E-05,3.051776E-04,-6.66667E-04
2.193097,-1.297006E-04,1.75477E-04,-.001
2.194097,-8.392381E-05,-3.051776E-04,-.001
2.195097,3.051781E-05,-2.746601E-04,-2.33333E-03
2.196098,-6.866502E-05,-2.517719E-04,.001
2.197098,4.57766E-05,-3.814721E-05,.001
2.198099,-1.297006E-04,3.967304E-04,6.66667E-04
2.1991,-6.866502E-05,1.449594E-04,-.002
2.2001,9.918259E-05,3.50954E-04,6.66667E-04
2.201101,-3.814721E-05,5.722083E-04,-6.66667E-04
2.202101,1.525888E-04,7.247962E-04,-6.66667E-04
2.203102,1.602182E-04,3.662128E-04,-.001
2.204102,3.12807E-04,2.059946E-04,-.001
2.205102,4.730243E-04,0,-6.66667E-04
2.206103,9.307899E-04,-2.517719E-04,-6.66667E-04
2.207103,2.899189E-04,-5.340599E-05,-.002
2.208104,-2.28883E-05,-6.103562E-05,-6.66667E-04
2.209105,3.814721E-05,-2.059946E-04,-.002
2.210105,6.103562E-05,-2.13624E-04,.001
2.211106,6.103562E-05,-7.629453E-06,6.66667E-04
2.212106,-3.89101E-04,3.12807E-04,-.002
2.213107,-5.188026E-04,3.814721E-05,-6.66667E-04
2.214107,-6.027259E-04,-1.220712E-04,-6.66667E-04
2.215107,-3.433246E-04,-1.602182E-04,-.002
2.216108,-1.75477E-04,-1.144414E-04,.001
2.217108,-2.059946E-04,-1.449594E-04,.001
2.218109,-1.831064E-04,1.678476E-04,6.66667E-04
2.21911,-2.13624E-04,1.06812E-04,-2.33333E-03
2.22011,1.3733E-04,-7.629453E-06,-6.66667E-04
2.221111,-7.629453E-06,1.297006E-04,-2.33333E-03
2.222111,1.220712E-04,2.899189E-04,6.66667E-04
2.223112,2.059946E-04,1.3733E-04,-.002
2.224112,3.204364E-04,-5.340599E-05,6.66667E-04
2.225112,0,-3.356952E-04,6.66667E-04
2.226113,-6.103562E-05,-3.204364E-04,6.66667E-04
2.227113,3.814721E-05,3.051781E-05,-3.66667E-03
2.228114,0,2.899189E-04,-.001
2.229115,-5.340599E-05,-5.340599E-05,-5.66667E-03
2.230115,6.103562E-05,-9.918259E-05,-6.66667E-04
2.231116,1.602182E-04,-1.297006E-04,-6.66667E-04
2.232116,9.15532E-05,-1.75477E-04,-6.66667E-04
2.233117,6.103562E-05,-3.433246E-04,-3.66667E-03
2.234117,2.594013E-04,-3.051776E-04,-.001
2.235118,3.280658E-04,-1.907358E-04,-6.66667E-04
2.236118,-5.035438E-04,-1.831064E-04,-6.66667E-04
2.237118,-7.476844E-04,3.814721E-05,-.001
2.238119,-6.103553E-04,8.392381E-05,6.66667E-04
2.23912,-4.043598E-04,2.28883E-05,-6.66667E-04
2.24012,-3.12807E-04,-1.297006E-04,6.66667E-04
2.241121,-1.907358E-04,-1.602182E-04,-.001
2.242121,-8.392381E-05,-3.50954E-04,-6.66667E-04
2.243122,2.28883E-05,-3.051781E-05,-.002
2.244122,3.12807E-04,1.525891E-05,-.002
2.245123,-1.602182E-04,1.525888E-04,6.66667E-04
2.246123,7.629453E-06,9.918259E-05,-.002
2.247123,1.144414E-04,-9.918259E-05,-.001
2.248124,4.196186E-04,-9.15532E-05,6.66667E-04
2.249125,3.814716E-04,1.144414E-04,-2.33333E-03
2.250125,4.806537E-04,2.13624E-04,-.001
2.251126,2.975482E-04,1.831064E-04,-6.66667E-04
2.252126,1.525891E-05,3.051781E-05,-6.66667E-04
2.253127,-1.06812E-04,-1.831064E-04,-2.33333E-03
2.254127,1.75477E-04,-4.119892E-04,-6.66667E-04
2.255128,4.57766E-05,-1.297006E-04,-6.66667E-04
2.256128,2.28883E-05,-7.629441E-05,-6.66667E-04
2.257128,2.899189E-04,1.06812E-04,-.002
2.258129,2.059946E-04,-2.28883E-05,6.66667E-04
2.25913,-8.392381E-05,-3.814721E-05,6.66667E-04
2.26013,-2.13624E-04,-6.103562E-05,-6.66667E-04
2.261131,9.15532E-05,3.433246E-04,6.66667E-04
2.262131,-1.3733E-04,1.831064E-04,.001
2.263132,-2.28883E-05,-9.15532E-05,6.66667E-04
2.264132,7.629453E-06,1.449594E-04,6.66667E-04
2.265133,4.196186E-04,1.525888E-04,6.66667E-04
2.266133,3.356952E-04,2.212534E-04,.001
2.267133,6.103562E-05,-7.629441E-05,.001
2.268134,3.12807E-04,-3.585834E-04,-.001
2.269135,1.602182E-04,-3.814716E-04,-2.33333E-03
2.270135,-2.28883E-05,-3.051776E-04,.001
2.271136,2.28883E-05,-3.738422E-04,.001
2.272136,6.866502E-05,7.629453E-06,-.001
2.273137,1.831064E-04,7.629453E-06,6.66667E-04
2.274137,3.356952E-04,-1.06812E-04,-2.33333E-03
2.275138,6.408729E-04,-3.967304E-04,-.001
2.276138,3.50954E-04,-5.874671E-04,-.001
2.277139,9.918259E-05,-2.517719E-04,-6.66667E-04
2.278139,4.57766E-05,2.059946E-04,6.66667E-04
2.27914,4.57766E-05,2.517719E-04,6.66667E-04
2.28014,-1.220712E-04,1.75477E-04,-.002
2.281141,6.103562E-05,-6.866502E-05,.001
2.282141,1.297006E-04,-1.602182E-04,-6.66667E-04
2.283142,1.831064E-04,2.594013E-04,.001
2.284142,2.288828E-04,4.88285E-04,-6.66667E-04
2.285143,4.27248E-04,8.392371E-04,-6.66667E-04
2.286143,3.662128E-04,5.493201E-04,-.002
2.287144,-2.670307E-04,2.746601E-04,.001
2.288144,-4.501361E-04,3.12807E-04,-.002
2.289145,-5.035438E-04,3.662128E-04,.002
2.290145,-4.348774E-04,1.220712E-04,6.66667E-04
2.291146,-3.051776E-04,2.059946E-04,-2.33333E-03
2.292146,-3.051781E-05,8.392381E-05,6.66667E-04
2.293147,-1.3733E-04,9.918259E-05,6.66667E-04
2.294147,-7.629453E-06,4.57766E-05,-.001
2.295148,2.594013E-04,-1.06812E-04,-6.66667E-04
2.296148,3.204364E-04,-6.866502E-05,-6.66667E-04
2.297149,4.88285E-04,5.340599E-05,-.001
2.298149,9.918259E-05,1.525888E-04,-2.33333E-03
2.29915,6.866502E-05,-3.051781E-05,.001
2.30015,1.831064E-04,1.678476E-04,6.66667E-04
2.301151,3.280658E-04,1.220712E-04,-6.66667E-04
2.302151,1.75477E-04,0,6.66667E-04
2.303152,7.629441E-05,1.3733E-04,-.002
2.304152,-1.831064E-04,-1.06812E-04,.001
2.305153,-9.918259E-05,-2.212534E-04,6.66667E-04
2.306153,-1.678476E-04,9.15532E-05,-.002
2.307154,-5.340599E-05,1.297006E-04,-.001
2.308154,1.449594E-04,-1.907358E-04,-.001
2.309155,-9.918259E-05,-2.13624E-04,-.002
2.310155,-5.264319E-04,1.525891E-05,-6.66667E-04
2.311156,-4.043598E-04,-6.866502E-05,6.66667E-04
2.312156,-2.899189E-04,4.196186E-04,-2.33333E-03
2.313157,-4.57766E-05,3.814716E-04,-.002
2.314157,-9.918259E-05,-6.866502E-05,-.002
2.315158,-1.449594E-04,-1.06812E-04,-.001
2.316158,-4.577655E-04,2.212534E-04,-.001
2.317159,-1.297006E-04,3.738422E-04,-6.66667E-04
2.318159,0,2.517719E-04,-.001
2.31916,1.678476E-04,3.12807E-04,-.001
2.32016,-3.814721E-05,5.950965E-04,-6.66667E-04
2.321161,-2.670307E-04,7.324256E-04,2.33333E-03
2.322161,-3.738422E-04,6.408729E-04,6.66667E-04
2.323162,-4.348774E-04,4.043598E-04,6.66667E-04
2.324162,-7.934608E-04,4.730243E-04,-6.66667E-04
2.325163,-4.196186E-04,5.645789E-04,-6.66667E-04
2.326163,-3.89101E-04,8.010902E-04,.001
2.327164,-1.3733E-04,4.196186E-04,-2.33333E-03
2.328164,1.449594E-04,2.822895E-04,-6.66667E-04
2.329165,1.602182E-04,5.340613E-04,-.001
2.330165,1.678476E-04,6.790198E-04,-6.66667E-04
2.331166,8.392381E-05,4.959144E-04,-.002
2.332166,-1.75477E-04,1.06812E-04,.001
2.333167,-4.501361E-04,-3.738422E-04,-.002
2.334167,-3.433246E-04,-3.89101E-04,-.001
2.335168,-4.27248E-04,-1.983652E-04,.001
2.336168,-4.196186E-04,6.866502E-05,-.002
2.337169,-6.561317E-04,3.89101E-04,2.33333E-03
2.338169,-4.88285E-04,4.119892E-04,-.002
2.33917,-3.662128E-04,6.027259E-04,-2.33333E-03
2.34017,-3.433246E-04,4.88285E-04,-6.66667E-04
2.341171,-6.408729E-04,-1.297006E-04,6.66667E-04
2.342171,-4.959144E-04,-2.822895E-04,6.66667E-04
2.343172,-4.425067E-04,-9.918259E-05,-6.66667E-04
2.344172,-3.204364E-04,-1.525891E-05,6.66667E-04
2.345173,-2.13624E-04,2.899189E-04,-.001
2.346173,-2.212534E-04,2.13624E-04,6.66667E-04
2.347174,-2.059946E-04,9.15532E-05,-6.66667E-04
2.348174,-3.051781E-05,-3.814721E-05,.001
2.349174,2.13624E-04,-1.06812E-04,-3.66667E-03
2.350175,4.501361E-04,2.594013E-04,6.66667E-04
2.351176,5.645789E-04,6.866502E-05,.001
2.352176,4.577655E-04,-2.059946E-04,-6.66667E-04
2.353177,9.918259E-05,-6.256141E-04,-.001
2.354177,-9.15532E-05,-3.738422E-04,6.66667E-04
2.355178,-1.144414E-04,-8.392381E-05,-.001
2.356178,4.57766E-05,-1.602182E-04,-.001
2.357179,-3.814721E-05,-2.594013E-04,-6.66667E-04
2.358179,-2.13624E-04,-1.449594E-04,-.002
2.359179,-5.340599E-05,-1.602182E-04,.001
2.36018,-7.629453E-06,6.103562E-05,6.66667E-04
2.361181,6.866502E-05,3.814721E-05,-.001
2.362181,3.814721E-05,-1.220712E-04,-.001
2.363182,2.517719E-04,3.051781E-05,6.66667E-04
2.364182,2.670307E-04,-7.629453E-06,-.001
2.365183,-1.525891E-05,-6.866502E-05,-.002
2.366183,-1.3733E-04,9.918259E-05,-.001
2.367184,1.06812E-04,7.629453E-06,-.002
2.368184,2.059946E-04,4.57766E-05,-6.66667E-04
2.369184,1.602182E-04,4.57766E-05,-6.66667E-04
2.370185,-1.220712E-04,7.629453E-06,6.66667E-04
2.371186,-1.525888E-04,9.918259E-05,-6.66667E-04
2.372186,-7.629453E-06,-7.629441E-05,-3.66667E-03
2.373187,2.212534E-04,3.051781E-05,-.001
2.374187,5.340599E-05,-7.629441E-05,-.002
2.375188,2.899189E-04,-3.12807E-04,-.001
2.376188,-1.75477E-04,-5.874671E-04,-.001
2.377189,1.525888E-04,-2.13624E-04,-.001
2.378189,3.967304E-04,-2.517719E-04,-2.33333E-03
2.379189,6.866492E-04,-1.220712E-04,-2.33333E-03
2.38019,6.485023E-04,-2.975482E-04,6.66667E-04
2.381191,4.577655E-04,-3.204364E-04,-.001
2.382191,6.332435E-04,4.57766E-05,6.66667E-04
2.383192,6.256141E-04,-8.392381E-05,-6.66667E-04
2.384192,1.983652E-04,0,-6.66667E-04
2.385193,8.392381E-05,9.918259E-05,-2.33333E-03
2.386193,2.822895E-04,-3.814721E-05,-.001
2.387194,6.866502E-05,-1.297006E-04,-2.33333E-03
2.388194,-4.653949E-04,4.57766E-05,-.004
2.389194,-5.264319E-04,6.103562E-05,6.66667E-04
2.390195,-2.822895E-04,-5.340599E-05,-6.66667E-04
2.391196,1.06812E-04,-3.814721E-05,-.001
2.392196,3.280658E-04,2.517719E-04,-6.66667E-04
2.393197,3.280658E-04,2.594013E-04,-6.66667E-04
2.394197,-1.06812E-04,5.874671E-04,.002
2.395198,-6.866502E-05,4.348774E-04,-6.66667E-04
2.396198,4.57766E-05,3.738422E-04,-6.66667E-04
2.397199,-3.814721E-05,2.594013E-04,.001
2.398199,-1.220712E-04,-6.866502E-05,-6.66667E-04
2.399199,-9.918259E-05,6.103562E-05,-6.66667E-04
2.4002,-3.051781E-05,3.051781E-05,.002
2.401201,-4.57766E-05,-1.06812E-04,-.002
2.402201,1.983652E-04,-2.441425E-04,-.001
2.403202,1.983652E-04,-7.629453E-06,-.002
2.404202,3.12807E-04,-6.866502E-05,-.001
2.405203,1.75477E-04,-2.517719E-04,2.33333E-03
2.406203,-6.866502E-05,-4.577655E-04,-.001
2.407204,-8.392381E-05,-1.678476E-04,-.001
2.408204,2.365122E-04,9.15532E-05,.001
2.409204,2.441425E-04,7.629441E-05,-.001
2.410205,1.602182E-04,-2.28883E-05,-.001
2.411206,3.814721E-05,-6.866502E-05,6.66667E-04
2.412206,-4.57766E-05,1.525888E-04,-6.66667E-04
2.413207,-6.103562E-05,5.340599E-05,6.66667E-04
2.414207,-3.814716E-04,0,.001
2.415208,-5.569495E-04,-3.280658E-04,-6.66667E-04
2.416208,-4.425067E-04,-2.594013E-04,.002
2.417209,-2.365122E-04,-2.670307E-04,2.33333E-03
2.418209,-1.3733E-04,-1.525888E-04,-.002
2.41921,4.043598E-04,-7.629441E-05,.001
2.42021,5.416907E-04,-2.670307E-04,-.002
2.421211,3.12807E-04,-5.493201E-04,-6.66667E-04
2.422211,2.517719E-04,-1.831064E-04,-6.66667E-04
2.423212,1.602182E-04,-9.15532E-05,-6.66667E-04
2.424212,-5.340599E-05,2.288828E-04,6.66667E-04
2.425213,-2.365122E-04,4.119892E-04,-6.66667E-04
2.426213,4.57766E-05,6.63761E-04,6.66667E-04
2.427214,3.051781E-05,3.12807E-04,-.002
2.428214,7.629453E-06,-5.340599E-05,.001
2.429215,3.967304E-04,-4.88285E-04,-3.66667E-03
2.430215,4.119892E-04,-5.340613E-04,6.66667E-04
2.431216,3.051776E-04,3.051781E-05,6.66667E-04
2.432216,-7.629453E-06,7.629453E-06,-.001
2.433217,5.340599E-05,-7.629453E-06,-.002
2.434217,-3.433246E-04,2.288828E-04,.001
2.435218,-2.670307E-04,3.662128E-04,6.66667E-04
2.436218,-1.06812E-04,2.212534E-04,-.001
2.437219,-7.629441E-05,1.144414E-04,6.66667E-04
2.438219,-1.602182E-04,2.059946E-04,6.66667E-04
2.43922,-3.433246E-04,6.103553E-04,-6.66667E-04
2.44022,-6.103562E-05,5.569495E-04,-.002
2.441221,-9.15532E-05,5.264319E-04,-.002
2.442221,-1.602182E-04,4.730243E-04,-.001
2.443222,-7.629441E-05,9.918259E-05,.001
2.444222,2.899189E-04,-3.356952E-04,-6.66667E-04
2.445223,2.059946E-04,-6.103553E-04,-.001
2.446223,-8.392381E-05,-6.332435E-04,-.002
2.447224,-5.340599E-05,-6.866492E-04,-6.66667E-04
2.448224,-3.051776E-04,-2.899189E-04,.001
2.449225,-2.365122E-04,-3.356952E-04,-2.33333E-03
2.450225,-1.602182E-04,-4.806537E-04,-6.66667E-04
2.451226,-4.57766E-05,-5.645789E-04,-6.66667E-04
2.452226,0,-5.416907E-04,-6.66667E-04
2.453227,1.525888E-04,-7.629441E-05,-6.66667E-04
2.454227,-1.297006E-04,5.035438E-04,6.66667E-04
2.455228,-1.144414E-04,3.12807E-04,-6.66667E-04
2.456228,-6.103562E-05,3.051781E-05,.002
2.457229,2.288828E-04,-8.392381E-05,6.66667E-04
2.458229,-1.06812E-04,1.602182E-04,-.001
2.45923,-1.06812E-04,2.059946E-04,.002
2.46023,-1.983652E-04,3.433246E-04,-.001
2.461231,-7.629453E-06,1.3733E-04,-2.33333E-03
2.462231,-3.814721E-05,2.365122E-04,-6.66667E-04
2.463232,-7.629441E-05,-4.57766E-05,6.66667E-04
2.464232,2.975482E-04,-2.441425E-04,6.66667E-04
2.465233,4.501361E-04,-5.111732E-04,6.66667E-04
2.466233,2.441425E-04,-2.670307E-04,.002
2.467234,5.264319E-04,-6.866502E-05,-6.66667E-04
2.468234,2.746601E-04,7.629441E-05,6.66667E-04
2.469235,9.918259E-05,3.662128E-04,-.002
2.470235,8.392381E-05,5.264319E-04,-.002
2.471236,7.629441E-05,6.103553E-04,-.002
2.472236,-6.866502E-05,7.095374E-04,-3.66667E-03
2.473237,4.57766E-05,5.874671E-04,-.001
2.474237,-1.602182E-04,8.392371E-04,6.66667E-04
2.475238,-2.288828E-04,6.790198E-04,-6.66667E-04
2.476238,2.059946E-04,6.561317E-04,-6.66667E-04
2.477239,3.12807E-04,7.324256E-04,-6.66667E-04
2.478239,1.3733E-04,5.493201E-04,-6.66667E-04
2.47924,4.806537E-04,2.899189E-04,6.66667E-04
2.48024,2.594013E-04,2.059946E-04,-.001
2.481241,2.594013E-04,1.525891E-05,.002
2.482241,3.738422E-04,9.15532E-05,.001
2.483242,3.12807E-04,3.433246E-04,-.002
2.484242,4.653949E-04,4.730243E-04,.002
2.485243,6.63761E-04,4.577655E-04,6.66667E-04
2.486243,3.433246E-04,5.264319E-04,-.001
2.487244,-1.525888E-04,1.3733E-04,-6.66667E-04
2.488244,-2.365122E-04,-4.27248E-04,-5.33333E-03
2.489245,3.204364E-04,-3.280658E-04,-6.66667E-04
2.490245,1.220712E-04,-2.899189E-04,.001
2.491246,-2.13624E-04,-4.653949E-04,6.66667E-04
2.492246,0,-4.043598E-04,.001
2.493247,2.28883E-05,-1.525888E-04,-6.66667E-04
2.494247,3.12807E-04,2.28883E-05,6.66667E-04
2.495248,2.365122E-04,-5.340599E-05,6.66667E-04
2.496248,0,2.059946E-04,-.001
2.497249,9.918259E-05,1.525891E-05,-6.66667E-04
2.498249,2.212534E-04,1.602182E-04,6.66667E-04
2.49925,-5.340599E-05,-2.517719E-04,-.001
2.50025,-2.517719E-04,7.629453E-06,.001
2.501251,-2.13624E-04,6.866502E-05,6.66667E-04
2.502251,-2.212534E-04,4.043598E-04,-.002
2.503252,-3.814721E-05,-3.051781E-05,-2.33333E-03
2.504252,7.629453E-06,-1.602182E-04,-6.66667E-04
2.505253,-3.585834E-04,-3.204364E-04,-.002
2.506253,-2.441425E-04,-2.059946E-04,.002
2.507254,-1.602182E-04,-4.57766E-05,6.66667E-04
2.508254,6.103562E-05,-1.678476E-04,-.004
2.509255,1.525888E-04,-6.866502E-05,-2.33333E-03
2.510255,-1.678476E-04,-7.629453E-06,-3.66667E-03
2.511256,2.212534E-04,7.629441E-05,-.001
2.512256,3.50954E-04,6.103562E-05,-6.66667E-04
2.513257,-5.340599E-05,6.103562E-05,-.001
2.514257,-1.297006E-04,6.103562E-05,-.002
2.515258,-1.525888E-04,-2.288828E-04,-.002
2.516258,9.15532E-05,-2.594013E-04,-6.66667E-04
2.517259,2.822895E-04,1.297006E-04,-6.66667E-04
2.518259,-3.204364E-04,2.594013E-04,-6.66667E-04
2.51926,-3.280658E-04,1.144414E-04,.002
2.52026,-2.746601E-04,2.670307E-04,6.66667E-04
2.521261,-1.449594E-04,5.416907E-04,-.001
2.522261,-1.3733E-04,2.059946E-04,6.66667E-04
2.523262,5.340599E-05,1.297006E-04,-6.66667E-04
2.524262,-1.144414E-04,2.059946E-04,.001
2.525263,-1.907358E-04,1.75477E-04,.001
2.526263,-3.280658E-04,1.220712E-04,-6.66667E-04
2.527264,-4.043598E-04,1.525888E-04,-6.66667E-04
2.528264,-6.866502E-05,2.13624E-04,-.001
2.529265,-1.525888E-04,-2.899189E-04,6.66667E-04
2.530265,-3.89101E-04,-4.196186E-04,6.66667E-04
2.531266,-4.653949E-04,2.28883E-05,-6.66667E-04
2.532266,-2.670307E-04,-4.57766E-05,-.001
2.533267,1.907358E-04,1.220712E-04,-6.66667E-04
2.534267,1.525888E-04,1.831064E-04,-.001
2.535268,0,6.103562E-05,-.001
2.536268,-6.866502E-05,-5.340599E-05,-.002
2.537269,-1.525888E-04,-1.144414E-04,-6.66667E-04
2.538269,-3.356952E-04,1.220712E-04,2.33333E-03
2.53927,-4.348774E-04,2.059946E-04,6.66667E-04
2.54027,-1.602182E-04,6.103562E-05,-.001
2.541271,-2.899189E-04,1.144414E-04,-6.66667E-04
2.542271,9.15532E-05,-2.28883E-05,6.66667E-04
2.543272,4.653949E-04,-6.103562E-05,.001
2.544272,9.918259E-05,-2.670307E-04,-6.66667E-04
2.545273,9.918259E-05,-1.831064E-04,.001
2.546273,1.678476E-04,-2.212534E-04,-3.66667E-03
2.547274,-1.220712E-04,2.28883E-05,.001
2.548274,1.525888E-04,-3.12807E-04,-.002
2.549275,2.517719E-04,-9.15532E-05,-3.66667E-03
2.550275,2.594013E-04,4.57766E-05,.001
2.551276,-3.814721E-05,-1.06812E-04,.001
2.552276,-1.220712E-04,-1.449594E-04,-6.66667E-04
2.553277,5.340599E-05,1.144414E-04,-.002
2.554277,1.75477E-04,2.059946E-04,6.66667E-04
2.555278,-1.983652E-04,1.525888E-04,6.66667E-04
2.556278,-3.433246E-04,-9.15532E-05,-.001
2.557279,-4.27248E-04,6.103562E-05,-6.66667E-04
2.558279,-2.594013E-04,4.57766E-05,-6.66667E-04
2.55928,-1.602182E-04,-2.28883E-05,6.66667E-04
2.56028,-3.204364E-04,-4.27248E-04,-6.66667E-04
2.561281,-3.280658E-04,-5.340613E-04,6.66667E-04
2.562281,2.670307E-04,-1.983652E-04,-.001
2.563282,3.12807E-04,6.866502E-05,-6.66667E-04
2.564282,2.670307E-04,3.814721E-05,-5.33333E-03
2.565283,4.730243E-04,-4.806537E-04,-.002
2.566283,4.88285E-04,-2.059946E-04,6.66667E-04
2.567284,2.822895E-04,3.814721E-05,-.002
2.568284,1.297006E-04,-2.822895E-04,-2.33333E-03
2.569285,-2.28883E-05,-7.629453E-06,-.002
2.570285,-4.959144E-04,3.433246E-04,-6.66667E-04
2.571286,-7.095374E-04,6.332435E-04,-.001
2.572286,-2.899189E-04,7.01908E-04,.001
2.573287,-3.814716E-04,5.493201E-04,.001
2.574287,-2.670307E-04,5.264319E-04,-2.33333E-03
2.575288,-5.340599E-05,5.264319E-04,-.001
2.576288,3.738422E-04,3.738422E-04,-6.66667E-04
2.577289,1.75477E-04,4.196186E-04,.001
2.578289,-3.814721E-05,6.027259E-04,6.66667E-04
2.57929,-1.907358E-04,4.196186E-04,-6.66667E-04
2.58029,-4.27248E-04,2.28883E-05,6.66667E-04
2.581291,-4.27248E-04,3.814721E-05,-6.66667E-04
2.582291,6.866502E-05,7.629441E-05,-.002
2.583292,7.629441E-05,0,-6.66667E-04
2.584292,7.629453E-06,1.449594E-04,6.66667E-04
2.585293,2.441425E-04,4.57766E-05,-6.66667E-04
2.586293,-1.144414E-04,-3.204364E-04,6.66667E-04
2.587294,-4.043598E-04,-2.670307E-04,-3.66667E-03
2.588294,-3.814716E-04,1.144414E-04,-.002
2.589295,-2.594013E-04,3.204364E-04,6.66667E-04
2.590295,-1.06812E-04,3.967304E-04,-6.66667E-04
2.591296,4.57766E-05,-7.629453E-06,6.66667E-04
2.592296,2.288828E-04,-1.525891E-05,6.66667E-04
2.593297,3.280658E-04,6.866502E-05,.001
2.594297,3.585834E-04,2.441425E-04,-6.66667E-04
2.595298,1.602182E-04,2.670307E-04,-.001
2.596298,3.051776E-04,4.425067E-04,.002
2.597299,3.356952E-04,1.907358E-04,.001
2.598299,3.12807E-04,-3.051781E-05,-.001
2.5993,5.264319E-04,3.738422E-04,-6.66667E-04
2.6003,6.942786E-04,3.356952E-04,-.001
2.601301,3.738422E-04,2.365122E-04,.002
2.602301,1.220712E-04,-1.525891E-05,6.66667E-04
2.603302,1.525891E-05,3.051781E-05,-.002
2.604302,2.975482E-04,3.433246E-04,-.002
2.605303,3.662128E-04,2.670307E-04,3.66667E-03
2.606303,3.585834E-04,1.144414E-04,-.001
2.607304,7.553138E-04,3.280658E-04,.001
2.608304,4.730243E-04,4.88285E-04,6.66667E-04
2.609305,2.746601E-04,7.705726E-04,6.66667E-04
2.610305,4.57766E-05,3.051776E-04,-6.66667E-04
2.611306,-9.918259E-05,-1.525888E-04,-.001
2.612306,-9.15532E-05,9.918259E-05,-6.66667E-04
2.613307,6.866502E-05,3.738422E-04,6.66667E-04
2.614307,1.144414E-04,5.645789E-04,-.001
2.615308,1.525888E-04,3.585834E-04,6.66667E-04
2.616308,0,1.525888E-04,-.002
2.617309,2.059946E-04,2.059946E-04,-6.66667E-04
2.618309,1.907358E-04,3.585834E-04,.001
2.61931,0,2.899189E-04,6.66667E-04
2.62031,1.907358E-04,-4.57766E-05,-6.66667E-04
2.621311,2.28883E-05,-1.144414E-04,-6.66667E-04
2.622311,3.051781E-05,3.814721E-05,-.002
2.623312,1.06812E-04,-2.365122E-04,6.66667E-04
2.624312,2.594013E-04,-3.12807E-04,.001
2.625313,1.678476E-04,0,-6.66667E-04
2.626313,-2.517719E-04,-1.907358E-04,-.002
2.627314,-3.280658E-04,0,-.002
2.628314,-1.144414E-04,2.517719E-04,-6.66667E-04
2.629315,-1.602182E-04,0,6.66667E-04
2.630315,2.28883E-05,7.629453E-06,-.001
2.631316,5.416907E-04,-1.525888E-04,-.001
2.632316,7.324256E-04,2.13624E-04,.001
2.633317,4.959144E-04,4.425067E-04,-.001
2.634317,2.059946E-04,1.983652E-04,-.001
2.635318,-6.103562E-05,3.051781E-05,-.002
2.636318,-9.15532E-05,0,-.001
2.637319,1.602182E-04,3.356952E-04,-.002
2.638319,2.822895E-04,2.822895E-04,6.66667E-04
2.63932,3.662128E-04,4.196186E-04,.001
2.64032,4.043598E-04,3.585834E-04,-.002
2.641321,7.629453E-06,-3.814721E-05,-6.66667E-04
2.642321,5.645789E-04,-6.866502E-05,-.001
2.643322,4.653949E-04,-9.15532E-05,-6.66667E-04
2.644322,9.15532E-05,-3.204364E-04,-2.33333E-03
2.645323,8.392381E-05,-6.027259E-04,.001
2.646323,3.12807E-04,-4.806537E-04,-.001
2.647324,3.89101E-04,-2.288828E-04,-6.66667E-04
2.648324,3.89101E-04,1.220712E-04,-.001
2.649325,1.983652E-04,4.653949E-04,-.001
2.650325,-3.051776E-04,1.449594E-04,.002
2.651326,-4.501361E-04,-4.806537E-04,-6.66667E-04
2.652326,-3.051776E-04,-6.561317E-04,.001
2.653327,5.340599E-05,0,-6.66667E-04
2.654327,0,4.196186E-04,-.001
2.655328,-3.12807E-04,4.196186E-04,-.001
2.656328,-2.594013E-04,3.50954E-04,2.33333E-03
2.657329,-1.144414E-04,3.967304E-04,-6.66667E-04
2.658329,-2.288828E-04,1.75477E-04,-.001
2.65933,-3.662128E-04,-2.594013E-04,-6.66667E-04
2.66033,-1.602182E-04,-2.288828E-04,-6.66667E-04
2.661331,-1.06812E-04,5.340599E-05,-.001
2.662331,-1.144414E-04,2.822895E-04,-6.66667E-04
2.663332,-1.220712E-04,4.119892E-04,-6.66667E-04
2.664332,-6.866502E-05,3.585834E-04,-6.66667E-04
2.665333,-2.13624E-04,1.983652E-04,-.001
2.666333,-3.50954E-04,9.15532E-05,-.001
2.667334,-2.059946E-04,3.051781E-05,-.001
2.668334,-2.441425E-04,-5.340599E-05,-.001
2.669335,-2.13624E-04,-3.814721E-05,-.001
2.670335,-7.858314E-04,1.678476E-04,-.001
2.671336,-1.197822E-03,3.50954E-04,.001
2.672336,-1.518257E-03,2.441425E-04,6.66667E-04
2.673337,-1.380928E-03,2.212534E-04,6.66667E-04
2.674337,-1.556404E-03,6.103562E-05,-6.66667E-04
2.675338,-1.686104E-03,-5.340599E-05,-6.66667E-04
2.676338,-2.113357E-03,9.15532E-05,6.66667E-04
2.677339,-2.815261E-03,-2.822895E-04,-.001
2.678339,-3.08229E-03,-3.89101E-04,.001
2.67934,-3.227249E-03,-4.806537E-04,6.66667E-04
2.68034,-3.219619E-03,-1.144414E-04,6.66667E-04
2.681341,-3.143325E-03,-9.918259E-05,-6.66667E-04
2.682341,-2.868667E-03,-5.340599E-05,-6.66667E-04
2.683342,-2.700821E-03,3.204364E-04,-.002
2.684342,-2.182022E-03,5.798377E-04,6.66667E-04
2.685343,-1.693733E-03,3.280658E-04,-6.66667E-04
2.686343,-1.327522E-03,-1.06812E-04,6.66667E-04
2.687344,-1.472481E-03,0,-.002
2.688344,-1.152046E-03,2.365122E-04,-6.66667E-04
2.689345,-9.994581E-04,7.629453E-06,.001
2.690345,-7.705726E-04,-2.670307E-04,6.66667E-04
2.691346,-5.111732E-04,-3.967304E-04,6.66667E-04
2.692346,-3.204364E-04,-6.103562E-05,-6.66667E-04
2.693347,-6.408729E-04,1.297006E-04,6.66667E-04
2.694347,-7.40055E-04,3.12807E-04,-.002
2.695348,-5.798377E-04,1.525888E-04,6.66667E-04
2.696348,-6.256141E-04,-2.288828E-04,6.66667E-04
2.697349,-6.332435E-04,-3.12807E-04,-.001
2.698349,-5.340613E-04,-3.738422E-04,6.66667E-04
2.69935,-2.670307E-04,-2.059946E-04,-.001
2.70035,-2.365122E-04,-2.365122E-04,.001
2.701351,4.57766E-05,-1.907358E-04,-.001
2.702351,3.051781E-05,-3.585834E-04,-.002
2.703352,1.449594E-04,-2.746601E-04,6.66667E-04
2.704352,3.433246E-04,1.602182E-04,.001
2.705353,-9.15532E-05,4.57766E-05,-2.33333E-03
2.706353,-9.15532E-05,4.57766E-05,-.001
2.707354,3.051781E-05,3.051776E-04,-.001
2.708354,6.866502E-05,4.653949E-04,6.66667E-04
2.709355,2.13624E-04,4.119892E-04,.001
2.710355,2.059946E-04,9.918259E-05,6.66667E-04
2.711356,3.356952E-04,-6.103562E-05,-3.66667E-03
2.712356,9.918259E-05,1.449594E-04,-.001
2.713357,-3.89101E-04,-2.899189E-04,-6.66667E-04
2.714357,-2.441425E-04,-3.738422E-04,-6.66667E-04
2.715358,-6.103562E-05,-3.12807E-04,-6.66667E-04
2.716358,3.814716E-04,-1.144414E-04,-5.33333E-03
2.717359,5.722083E-04,-9.918259E-05,-.001
2.718359,4.501361E-04,-1.983652E-04,-.002
2.71936,3.814716E-04,-5.493201E-04,-.001
2.72036,2.441425E-04,-1.602182E-04,-.001
2.721361,1.3733E-04,-7.629453E-06,-.001
2.722361,2.670307E-04,4.57766E-05,6.66667E-04
2.723362,-5.340599E-05,3.433246E-04,-6.66667E-04
2.724362,-2.594013E-04,-6.103562E-05,-.001
2.725363,-3.662128E-04,-5.340599E-05,-.002
2.726363,-4.653949E-04,-1.144414E-04,-6.66667E-04
2.727364,-4.119892E-04,-3.12807E-04,-.002
2.728364,-4.88285E-04,-1.449594E-04,-3.66667E-03
2.729365,-4.27248E-04,-1.06812E-04,-.002
2.730365,-2.365122E-04,-2.365122E-04,-.002
2.731366,-5.188026E-04,2.822895E-04,-.002
2.732366,-6.408729E-04,4.043598E-04,6.66667E-04
2.733367,-6.713904E-04,4.425067E-04,.002
2.734367,-3.50954E-04,4.653949E-04,6.66667E-04
2.735368,-1.297006E-04,-7.629441E-05,-.001
2.736368,3.433246E-04,-4.730243E-04,.002
2.737369,1.525888E-04,-4.577655E-04,-.001
2.738369,-1.75477E-04,-3.433246E-04,.001
2.73937,-2.517719E-04,-5.340613E-04,-.001
2.74037,-1.983652E-04,-6.332435E-04,-.001
2.741371,3.051781E-05,9.15532E-05,-.001
2.742371,1.602182E-04,4.57766E-05,-6.66667E-04
2.743372,1.525888E-04,0,6.66667E-04
2.744372,3.356952E-04,9.918259E-05,-.001
2.745373,4.27248E-04,3.204364E-04,-6.66667E-04
2.746373,3.12807E-04,1.907358E-04,-2.33333E-03
2.747374,2.594013E-04,2.594013E-04,-.001
2.748374,3.356952E-04,2.517719E-04,-6.66667E-04
2.749375,4.348774E-04,5.416907E-04,.001
2.750375,2.822895E-04,5.264319E-04,-.001
2.751376,3.280658E-04,2.899189E-04,-2.33333E-03
2.752376,8.392381E-05,4.425067E-04,.001
2.753377,7.629453E-06,4.425067E-04,.001
2.754377,8.392381E-05,4.425067E-04,.001
2.755378,-6.866502E-05,5.264319E-04,.001
2.756378,-3.814721E-05,4.577655E-04,-6.66667E-04
2.757379,-1.144414E-04,4.57766E-05,6.66667E-04
2.758379,-6.866502E-05,-3.585834E-04,-6.66667E-04
2.75938,7.629441E-05,-2.13624E-04,6.66667E-04
2.76038,-1.525891E-05,-2.670307E-04,-.001
2.761381,3.89101E-04,6.103562E-05,.001
2.762381,2.746601E-04,1.525891E-05,6.66667E-04
2.763382,-5.340599E-05,4.043598E-04,.001
2.764382,-4.88285E-04,3.433246E-04,.001
2.765383,-3.356952E-04,3.051776E-04,-6.66667E-04
2.766383,-9.918259E-05,-2.441425E-04,-6.66667E-04
2.767384,-4.57766E-05,6.103562E-05,6.66667E-04
2.768384,1.525888E-04,-7.629453E-06,-.001
2.769385,-9.918259E-05,4.57766E-05,6.66667E-04
2.770385,-2.746601E-04,-1.06812E-04,-6.66667E-04
2.771386,-3.204364E-04,-1.678476E-04,-2.33333E-03
2.772386,-1.525888E-04,-1.220712E-04,-2.33333E-03
2.773387,-3.814721E-05,-1.525891E-05,-.001
2.774387,-4.57766E-05,9.918259E-05,.001
2.775388,3.051781E-05,1.525888E-04,6.66667E-04
2.776388,1.678476E-04,3.662128E-04,-6.66667E-04
2.777389,-1.525891E-05,3.433246E-04,-.001
2.778389,-1.831064E-04,2.594013E-04,.001
2.77939,-4.806537E-04,2.059946E-04,-6.66667E-04
2.78039,-3.12807E-04,1.75477E-04,-6.66667E-04
2.781391,-2.059946E-04,2.670307E-04,-.002
2.782391,-7.629453E-06,-9.918259E-05,6.66667E-04
2.783392,4.57766E-05,-3.433246E-04,-.002
2.784392,-4.57766E-05,3.814721E-05,.001
2.785393,-9.918259E-05,0,.001
2.786393,6.866502E-05,-1.06812E-04,-.002
2.787394,2.365122E-04,-1.907358E-04,-.002
2.788394,5.645789E-04,4.57766E-05,.002
2.789395,1.983652E-04,2.670307E-04,6.66667E-04
2.790395,-7.629453E-06,1.831064E-04,-.002
2.791396,-2.212534E-04,2.975482E-04,-6.66667E-04
2.792396,-2.13624E-04,4.959144E-04,3.66667E-03
2.793397,-1.602182E-04,2.288828E-04,-.002
2.794397,-3.89101E-04,1.220712E-04,-.002
2.795398,-1.144414E-04,4.27248E-04,-2.33333E-03
2.796398,2.212534E-04,4.196186E-04,-.001
2.797399,1.449594E-04,2.288828E-04,-.002
2.798399,2.28883E-05,3.051781E-05,-6.66667E-04
2.7994,-2.594013E-04,2.822895E-04,-.001
2.8004,-3.738422E-04,3.89101E-04,-.002
2.801401,-4.577655E-04,5.264319E-04,-.001
2.802401,6.866502E-05,4.730243E-04,-6.66667E-04
2.803402,2.975482E-04,1.602182E-04,6.66667E-04
2.804402,-1.144414E-04,-6.866502E-05,-6.66667E-04
2.805403,-3.12807E-04,0,-6.66667E-04
2.806403,-1.983652E-04,2.28883E-05,-2.33333E-03
2.807404,9.918259E-05,-1.678476E-04,6.66667E-04
2.808404,1.525888E-04,-1.06812E-04,-.002
2.809405,-7.629453E-06,-1.449594E-04,-6.66667E-04
2.810405,-2.594013E-04,9.918259E-05,-.001
2.811406,0,3.280658E-04,-2.33333E-03
2.812406,2.28883E-05,3.280658E-04,-2.33333E-03
2.813407,-6.866502E-05,1.678476E-04,-.001
2.814407,4.57766E-05,7.629441E-05,-3.66667E-03
2.815408,-7.629441E-05,-3.051776E-04,-2.33333E-03
2.816408,-8.392381E-05,-7.629441E-05,-.001
2.817409,-1.06812E-04,-3.814721E-05,.001
2.818409,1.525888E-04,-1.3733E-04,-6.66667E-04
2.81941,2.212534E-04,-6.103562E-05,-2.33333E-03
2.82041,1.525891E-05,-2.212534E-04,6.66667E-04
2.821411,-1.06812E-04,-3.280658E-04,-.002
2.822411,-3.738422E-04,-1.06812E-04,2.33333E-03
2.823412,-5.874671E-04,7.629453E-06,-.001
2.824412,-4.501361E-04,0,.001
2.825413,-2.746601E-04,-4.57766E-05,-.001
2.826413,-1.3733E-04,-1.907358E-04,-.002
2.827414,-2.441425E-04,-3.738422E-04,-.001
2.828414,-3.814721E-05,-5.340599E-05,.002
2.829415,3.356952E-04,4.57766E-05,-6.66667E-04
2.830415,4.577655E-04,2.899189E-04,-.001
2.831416,3.738422E-04,2.13624E-04,-.001
2.832416,3.051781E-05,2.594013E-04,.001
2.833417,-5.340599E-05,3.50954E-04,.002
2.834417,-9.918259E-05,3.280658E-04,-2.33333E-03
2.835418,-1.602182E-04,2.746601E-04,-6.66667E-04
2.836418,-8.392381E-05,2.975482E-04,6.66667E-04
2.837419,-3.814721E-05,5.340599E-05,-.001
2.838419,2.594013E-04,2.670307E-04,-.001
2.83942,3.051776E-04,2.059946E-04,-6.66667E-04
2.84042,1.525888E-04,4.730243E-04,-6.66667E-04
2.841421,4.501361E-04,2.288828E-04,-.001
2.842421,4.806537E-04,-4.57766E-05,.001
2.843422,3.89101E-04,2.441425E-04,.001
2.844422,4.196186E-04,1.297006E-04,-.002
2.845423,3.356952E-04,2.13624E-04,-6.66667E-04
2.846423,1.75477E-04,3.585834E-04,-6.66667E-04
2.847424,1.525891E-05,9.918259E-05,-.002
2.848424,-2.594013E-04,0,-.001
2.849425,-3.585834E-04,1.220712E-04,-6.66667E-04
2.850425,-1.220712E-04,7.629453E-06,-6.66667E-04
2.851426,2.28883E-05,-1.06812E-04,-.002
2.852426,-9.15532E-05,-2.441425E-04,6.66667E-04
2.853427,-3.051781E-05,1.831064E-04,-.001
2.854427,-1.602182E-04,1.907358E-04,-.002
2.855428,-3.12807E-04,-1.3733E-04,6.66667E-04
2.856428,8.392381E-05,1.678476E-04,-.002
2.857429,1.297006E-04,2.594013E-04,-6.66667E-04
2.858429,3.051776E-04,1.144414E-04,-.002
2.85943,2.365122E-04,6.103562E-05,-.001
2.86043,9.918259E-05,-7.629453E-06,.001
2.861431,1.525888E-04,1.3733E-04,-6.66667E-04
2.862431,9.918259E-05,2.975482E-04,-.001
2.863432,-8.392381E-05,1.525891E-05,-6.66667E-04
2.864432,-1.75477E-04,-1.525891E-05,.002
2.865433,-2.059946E-04,-2.288828E-04,-6.66667E-04
2.866433,-1.831064E-04,-2.212534E-04,.001
2.867434,-9.918259E-05,-3.89101E-04,6.66667E-04
2.868434,-1.602182E-04,-4.730243E-04,-6.66667E-04
2.869435,2.059946E-04,-4.27248E-04,-6.66667E-04
2.870435,3.433246E-04,-1.06812E-04,-.001
2.871436,2.822895E-04,2.594013E-04,6.66667E-04
2.872436,2.059946E-04,2.746601E-04,.001
2.873437,-2.441425E-04,9.918259E-05,.001
2.874437,-2.365122E-04,-6.103562E-05,-6.66667E-04
2.875438,-5.340599E-05,-2.365122E-04,-6.66667E-04
2.876438,4.119892E-04,-3.051776E-04,-3.66667E-03
2.877439,3.967304E-04,-4.196186E-04,-.002
2.878439,-1.449594E-04,-2.288828E-04,.001
2.87944,-4.806537E-04,-1.983652E-04,-3.66667E-03
2.88044,-5.035438E-04,2.746601E-04,-.001
2.881441,-5.340613E-04,3.356952E-04,-6.66667E-04
2.882441,-6.332435E-04,3.814721E-05,-.002
2.883442,-4.348774E-04,-5.340599E-05,-6.66667E-04
2.884442,-2.975482E-04,-3.051781E-05,-6.66667E-04
2.885443,-4.043598E-04,-2.365122E-04,-2.33333E-03
2.886443,-4.88285E-04,-2.594013E-04,-6.66667E-04
2.887444,-6.408729E-04,-3.967304E-04,-6.66667E-04
2.888444,-2.441425E-04,-2.670307E-04,-6.66667E-04
2.889445,-3.204364E-04,-3.204364E-04,-6.66667E-04
2.890445,-4.27248E-04,1.525891E-05,-2.33333E-03
2.891446,-6.103553E-04,4.57766E-05,-.001
2.892446,-7.095374E-04,5.340599E-05,-.001
2.893447,-8.163489E-04,3.585834E-04,-6.66667E-04
2.894447,-7.324256E-04,1.678476E-04,.002
2.895448,-7.40055E-04,6.866502E-05,-.002
2.896448,-7.78202E-04,9.918259E-05,-3.66667E-03
2.897449,-9.460486E-04,4.57766E-05,-3.66667E-03
2.898449,-1.289375E-03,1.144414E-04,-3.66667E-03
2.89945,-1.770027E-03,-1.144414E-04,-6.66667E-04
2.90045,-2.029434E-03,2.212534E-04,6.66667E-04
2.901451,-2.166763E-03,0,-6.66667E-04
2.902451,-2.113357E-03,1.831064E-04,-6.66667E-04
2.903452,-2.32698E-03,9.15532E-05,-6.66667E-04
2.904452,-2.937332E-03,-5.188026E-04,2.33333E-03
2.905453,-3.379837E-03,-6.790198E-04,6.66667E-04
2.906453,-3.486648E-03,-3.738422E-04,-6.66667E-04
2.907454,-3.051773E-03,-1.907358E-04,6.66667E-04
2.908454,-2.96022E-03,-2.13624E-04,6.66667E-04
2.909455,-2.761856E-03,-1.983652E-04,6.66667E-04
2.910455,-2.250686E-03,4.57766E-05,-6.66667E-04
2.911456,-1.785286E-03,3.051781E-05,-.001
2.912456,-1.48011E-03,5.340599E-05,-.001
2.913457,-1.274116E-03,9.918259E-05,-3.66667E-03
2.914457,-9.231605E-04,9.15532E-05,-2.33333E-03
2.915458,-6.63761E-04,0,-.002
2.916458,-2.441425E-04,-1.06812E-04,-.002
2.917459,-4.119892E-04,2.28883E-05,-.001
2.918459,-5.874671E-04,2.365122E-04,.001
2.91946,-6.713904E-04,3.738422E-04,.002
2.92046,-3.280658E-04,5.264319E-04,-.001
2.921461,-1.907358E-04,5.264319E-04,6.66667E-04
2.922461,-4.425067E-04,4.348774E-04,.001
2.923462,-4.577655E-04,5.416907E-04,-.002
2.924462,-1.144414E-04,2.288828E-04,-.001
2.925463,-2.822895E-04,7.629441E-05,.001
2.926463,-5.340599E-05,-7.629441E-05,-2.33333E-03
2.927464,5.340599E-05,-5.340599E-05,-.002
2.928464,-2.746601E-04,3.051781E-05,-.001
2.929465,-2.441425E-04,-3.12807E-04,-3.66667E-03
2.930465,-3.204364E-04,-8.392381E-05,-6.66667E-04
2.931466,-3.280658E-04,-6.103562E-05,-.001
2.932466,-1.602182E-04,2.594013E-04,6.66667E-04
2.933467,1.144414E-04,3.967304E-04,6.66667E-04
2.934467,2.746601E-04,1.831064E-04,-.001
2.935468,1.75477E-04,8.392381E-05,.001
2.936468,5.340599E-05,-6.103562E-05,-6.66667E-04
2.937469,1.144414E-04,-7.629453E-06,.001
2.938469,1.983652E-04,7.629453E-06,-.002
2.93947,3.814716E-04,7.629453E-06,.001
2.94047,9.918259E-05,3.814721E-05,-.001
2.941471,2.059946E-04,0,-6.66667E-04
2.942471,2.594013E-04,2.365122E-04,-.001
2.943472,-1.678476E-04,3.967304E-04,-6.66667E-04
2.944472,-3.814716E-04,2.288828E-04,-.002
2.945473,-1.75477E-04,3.12807E-04,-6.66667E-04
2.946473,1.220712E-04,3.433246E-04,-6.66667E-04
2.947474,2.899189E-04,5.340599E-05,-.002
2.948474,7.629441E-05,-8.392381E-05,.001
2.949475,5.340599E-05,2.28883E-05,6.66667E-04
2.950475,2.365122E-04,-1.678476E-04,-6.66667E-04
2.951476,3.662128E-04,-2.059946E-04,-6.66667E-04
2.952476,4.806537E-04,1.525891E-05,-6.66667E-04
2.953477,3.051776E-04,1.602182E-04,6.66667E-04
2.954477,5.264319E-04,4.653949E-04,-.001
2.955478,5.722083E-04,4.196186E-04,6.66667E-04
2.956478,2.899189E-04,5.950965E-04,-6.66667E-04
2.957479,2.288828E-04,8.850135E-04,-6.66667E-04
2.958479,-3.89101E-04,2.822895E-04,-6.66667E-04
2.95948,-6.866492E-04,-1.06812E-04,.001
2.96048,-5.645789E-04,9.918259E-05,-.001
2.961481,-1.983652E-04,3.051776E-04,6.66667E-04
2.962481,-2.441425E-04,7.629441E-05,6.66667E-04
2.963482,-3.051781E-05,4.57766E-05,.001
2.964482,-3.051781E-05,4.57766E-05,-.001
2.965483,-1.06812E-04,1.06812E-04,-3.66667E-03
2.966483,4.425067E-04,6.103562E-05,6.66667E-04
2.967484,5.035438E-04,-1.449594E-04,-2.33333E-03
2.968484,2.517719E-04,3.814721E-05,-6.66667E-04
2.969485,-6.103562E-05,2.441425E-04,-6.66667E-04
2.970485,6.866502E-05,4.959144E-04,-6.66667E-04
2.971486,2.059946E-04,5.722083E-04,-.001
2.972486,2.594013E-04,3.280658E-04,-2.33333E-03
2.973487,3.662128E-04,4.730243E-04,-.001
2.974487,2.822895E-04,4.653949E-04,-2.33333E-03
2.975488,2.28883E-05,-2.28883E-05,6.66667E-04
2.976488,-2.975482E-04,7.629453E-06,-.001
2.977489,-4.27248E-04,-1.525891E-05,-.002
2.978489,-4.27248E-04,-2.28883E-05,-.002
2.97949,-2.365122E-04,-1.06812E-04,6.66667E-04
2.98049,-1.602182E-04,-1.75477E-04,-3.66667E-03
2.981491,-2.13624E-04,8.392381E-05,-2.33333E-03
2.982491,-1.831064E-04,3.280658E-04,6.66667E-04
2.983492,-1.06812E-04,3.662128E-04,6.66667E-04
2.984492,-1.06812E-04,2.28883E-05,.001
2.985493,-1.678476E-04,4.57766E-05,6.66667E-04
2.986493,-1.831064E-04,-7.629441E-05,-.001
2.987494,-1.449594E-04,0,-.001
2.988494,-1.3733E-04,3.814721E-05,-6.66667E-04
2.989495,1.449594E-04,-1.983652E-04,6.66667E-04
2.990495,3.585834E-04,-8.392381E-05,6.66667E-04
2.991496,-6.866502E-05,9.15532E-05,6.66667E-04
2.992496,-3.204364E-04,-3.051781E-05,-.002
2.993497,-2.441425E-04,-5.340599E-05,-.002
2.994497,-2.212534E-04,-3.356952E-04,-.001
2.995498,-2.212534E-04,-3.356952E-04,-.002
2.996498,-2.288828E-04,-1.831064E-04,-.001
2.997499,-4.653949E-04,0,.001
2.998499,-6.866502E-05,1.75477E-04,.001
2.9995,2.822895E-04,-5.340599E-05,-.001
3.0005,1.144414E-04,9.918259E-05,2.33333E-03
3.001501,-1.525888E-04,2.746601E-04,-.002
3.002501,2.594013E-04,2.746601E-04,-2.33333E-03
3.003502,2.288828E-04,6.103562E-05,-.002
3.004502,1.220712E-04,-1.3733E-04,-.001
3.005503,2.594013E-04,-3.814721E-05,-.001
3.006503,1.831064E-04,-1.602182E-04,.002
3.007504,-9.918259E-05,-1.907358E-04,6.66667E-04
3.008504,-2.441425E-04,1.220712E-04,-.001
3.009505,-4.196186E-04,1.602182E-04,6.66667E-04
3.010505,-5.645789E-04,5.340599E-05,.001
3.011506,-7.247962E-04,9.15532E-05,-.002
3.012506,-4.806537E-04,-1.06812E-04,-.001
3.013507,-2.594013E-04,-7.629453E-06,-.002
3.014507,-3.204364E-04,1.06812E-04,-.002
3.015508,-4.348774E-04,-6.866502E-05,-3.66667E-03
3.016508,-2.059946E-04,-1.144414E-04,2.33333E-03
3.017509,-6.866502E-05,1.525891E-05,6.66667E-04
3.018509,-1.3733E-04,3.814721E-05,6.66667E-04
3.01951,4.57766E-05,-1.144414E-04,-2.33333E-03
3.02051,2.288828E-04,-7.629453E-06,-.002
3.021511,3.662128E-04,1.297006E-04,-2.33333E-03
3.022511,3.738422E-04,-5.340599E-05,-.001
3.023512,2.365122E-04,-2.670307E-04,-.002
3.024512,2.594013E-04,-1.144414E-04,-2.33333E-03
3.025513,0,-9.918259E-05,-.001
3.026513,-5.340599E-05,-3.280658E-04,.002
3.027514,-2.670307E-04,-3.204364E-04,.001
3.028514,-4.57766E-05,-2.975482E-04,6.66667E-04
3.029515,1.3733E-04,-5.340599E-05,-.001
3.030515,3.051776E-04,-1.06812E-04,-.001
3.031516,-5.340599E-05,-9.15532E-05,.001
3.032516,-7.629453E-06,-1.220712E-04,-.001
3.033517,-1.907358E-04,-2.059946E-04,-6.66667E-04
3.034517,-2.441425E-04,-1.678476E-04,-6.66667E-04
3.035518,-2.441425E-04,1.75477E-04,-6.66667E-04
3.036518,-3.204364E-04,3.814716E-04,-.004
3.037519,-2.670307E-04,1.907358E-04,6.66667E-04
3.038519,-1.831064E-04,2.594013E-04,6.66667E-04
3.03952,-9.918259E-05,1.983652E-04,.001
3.04052,4.57766E-05,2.059946E-04,.001
3.041521,-5.340599E-05,1.525888E-04,6.66667E-04
3.042521,-1.06812E-04,1.907358E-04,.001
3.043522,7.629453E-06,1.525888E-04,-.002
3.044522,-2.822895E-04,-1.06812E-04,-6.66667E-04
3.045523,-6.63761E-04,-2.28883E-05,.001
3.046523,-6.332435E-04,2.059946E-04,6.66667E-04
3.047524,-5.340613E-04,9.15532E-05,.001
3.048524,-4.88285E-04,-3.814721E-05,-.001
3.049525,0,-3.89101E-04,-6.66667E-04
3.050525,-7.629453E-06,-2.594013E-04,-2.33333E-03
3.051526,1.602182E-04,-2.059946E-04,-.002
3.052526,3.662128E-04,-2.288828E-04,-.001
3.053527,2.594013E-04,-1.449594E-04,-6.66667E-04
3.054527,-1.220712E-04,3.814721E-05,-.001
3.055528,-1.449594E-04,-5.340599E-05,2.33333E-03
3.056528,-2.365122E-04,-1.220712E-04,-.001
3.057529,-5.035438E-04,-1.220712E-04,-3.66667E-03
3.058529,-2.594013E-04,-3.967304E-04,-6.66667E-04
3.05953,5.722083E-04,-6.561317E-04,-.001
3.06053,4.501361E-04,-5.493201E-04,-.001
3.061531,2.059946E-04,-5.111732E-04,6.66667E-04
3.062531,-1.831064E-04,-3.89101E-04,6.66667E-04
3.063532,-7.629441E-05,-1.525891E-05,-.001
3.064532,-2.212534E-04,0,.001
3.065533,-1.525891E-05,1.525888E-04,-6.66667E-04
3.066533,-1.3733E-04,2.288828E-04,.001
3.067534,-3.585834E-04,2.975482E-04,-.001
3.068534,-2.288828E-04,1.75477E-04,-.001
3.069535,-3.814721E-05,3.356952E-04,-6.66667E-04
3.070535,2.594013E-04,1.449594E-04,-.001
3.071536,1.831064E-04,1.144414E-04,-6.66667E-04
3.072536,-1.983652E-04,2.365122E-04,-6.66667E-04
3.073537,1.678476E-04,5.111732E-04,.001
3.074537,-5.340599E-05,2.899189E-04,-.002
3.075538,-2.28883E-05,-2.441425E-04,-2.33333E-03
3.076538,-2.059946E-04,-3.204364E-04,-.001
3.077539,-3.204364E-04,-3.662128E-04,.002
3.078539,-2.441425E-04,-3.204364E-04,-6.66667E-04
3.07954,0,-8.392381E-05,-.002
3.08054,1.525888E-04,2.746601E-04,-6.66667E-04
3.081541,1.297006E-04,3.585834E-04,-6.66667E-04
3.082541,-1.525891E-05,2.517719E-04,-.001
3.083542,-1.06812E-04,1.602182E-04,-.002
3.084542,4.57766E-05,-2.746601E-04,-6.66667E-04
3.085543,-1.297006E-04,-2.059946E-04,-2.33333E-03
3.086543,-2.13624E-04,3.738422E-04,-6.66667E-04
3.087544,-3.738422E-04,2.441425E-04,.001
3.088544,-1.602182E-04,3.814721E-05,-6.66667E-04
3.089545,3.738422E-04,-6.866502E-05,6.66667E-04
3.090545,2.13624E-04,4.57766E-05,-.002
3.091546,-2.670307E-04,-6.866502E-05,6.66667E-04
3.092546,-1.983652E-04,7.629453E-06,-.001
3.093547,-5.340599E-05,-1.525891E-05,-.001
3.094547,-7.629441E-05,-1.449594E-04,-.001
3.095548,-3.585834E-04,4.57766E-05,.001
3.096548,-7.705726E-04,-1.220712E-04,-6.66667E-04
3.097549,-1.174934E-03,-3.738422E-04,-.002
3.098549,-1.541145E-03,-2.517719E-04,-.001
3.09955,-1.73188E-03,-9.918259E-05,-.001
3.10055,-2.288833E-03,-7.629441E-05,.001
3.101551,-3.158584E-03,-3.89101E-04,.001
3.102551,-4.226714E-03,-5.264319E-04,-.001
3.103552,-5.638152E-03,-6.408729E-04,.002
3.104552,-7.148772E-03,-9.002723E-04,-.001
3.105553,-8.667052E-03,-1.060493E-03,6.66667E-04
3.106553,-1.020056E-02,-7.78202E-04,.001
3.107554,-1.189429E-02,-1.167305E-03,-.001
3.108554,-1.332861E-02,-1.693733E-03,6.66667E-04
3.109555,-1.408392E-02,-1.869209E-03,-.001
3.110555,-1.368719E-02,-1.670845E-03,-6.66667E-04
3.111556,-1.264197E-02,-1.388557E-03,-2.33333E-03
3.112556,-1.139075E-02,-1.121528E-03,.001
3.113557,-9.903014E-03,-7.171668E-04,.002
3.114557,-8.483946E-03,-3.356952E-04,-6.66667E-04
3.115558,-7.164031E-03,1.602182E-04,-.001
3.116558,-6.065398E-03,8.392381E-05,-.001
3.117559,-4.570037E-03,-1.602182E-04,6.66667E-04
3.118559,-3.433242E-03,-1.602182E-04,-6.66667E-04
3.11956,-2.632156E-03,-2.670307E-04,.001
3.12056,-1.907356E-03,-3.12807E-04,-.002
3.121561,-1.342781E-03,-3.585834E-04,.001
3.122561,-9.918287E-04,-2.899189E-04,.001
3.123562,-7.78202E-04,1.449594E-04,-.001
3.124562,-5.188026E-04,4.119892E-04,-.002
3.125563,-1.220712E-04,2.670307E-04,6.66667E-04
3.126563,1.3733E-04,-3.814721E-05,6.66667E-04
3.127564,1.144414E-04,-2.13624E-04,-.001
3.128564,5.340599E-05,-2.13624E-04,6.66667E-04
3.129565,3.051776E-04,-1.831064E-04,-.002
3.130565,-7.629453E-06,1.525888E-04,-6.66667E-04
3.131566,1.06812E-04,3.814721E-05,-.002
3.132566,2.288828E-04,-1.602182E-04,.001
3.133567,1.983652E-04,-1.678476E-04,6.66667E-04
3.134567,1.602182E-04,-2.365122E-04,.001
3.135568,3.662128E-04,-2.746601E-04,6.66667E-04
3.136568,1.297006E-04,-1.525888E-04,.001
3.137569,5.340599E-05,0,-.002
3.138569,-5.340599E-05,-1.525888E-04,-3.66667E-03
3.13957,-2.365122E-04,-1.525888E-04,-6.66667E-04
3.14057,-9.918259E-05,-4.57766E-05,.001
3.141571,-1.220712E-04,-8.392381E-05,6.66667E-04
3.142571,-2.212534E-04,-2.670307E-04,6.66667E-04
3.143572,-1.983652E-04,-2.517719E-04,-.001
3.144572,-7.629441E-05,-3.814721E-05,-.002
3.145573,6.103562E-05,-2.212534E-04,-.002
3.146573,2.899189E-04,-1.06812E-04,2.33333E-03
3.147574,1.525888E-04,-1.75477E-04,6.66667E-04
3.148574,1.525888E-04,-1.678476E-04,-.002
3.149575,-1.831064E-04,-1.449594E-04,-.002
3.150575,-4.196186E-04,-7.629441E-05,6.66667E-04
3.151576,-5.111732E-04,8.392381E-05,.002
3.152576,-2.441425E-04,3.051776E-04,-6.66667E-04
3.153577,-2.670307E-04,2.059946E-04,6.66667E-04
3.154577,-1.75477E-04,9.15532E-05,.002
3.155578,1.449594E-04,-2.28883E-05,-.001
3.156578,4.57766E-05,-1.144414E-04,-.001
3.157579,-2.28883E-05,-1.602182E-04,.001
3.158579,3.051781E-05,-1.831064E-04,-.001
3.15958,-2.28883E-05,-5.264319E-04,-.002
3.16058,-1.06812E-04,-5.340613E-04,-6.66667E-04
3.161581,2.746601E-04,-5.188026E-04,-.001
3.162581,1.75477E-04,-5.569495E-04,-6.66667E-04
3.163582,9.918259E-05,-4.27248E-04,6.66667E-04
3.164582,-1.678476E-04,-1.144414E-04,-.001
3.165583,-1.602182E-04,2.059946E-04,-.002
3.166583,-3.356952E-04,8.392381E-05,-6.66667E-04
3.167584,-5.340599E-05,-7.629441E-05,-6.66667E-04
3.168584,2.975482E-04,-3.585834E-04,-6.66667E-04
3.169585,2.288828E-04,-2.13624E-04,.001
3.170585,-1.449594E-04,-1.831064E-04,6.66667E-04
3.171586,-1.907358E-04,-1.3733E-04,-6.66667E-04
3.172586,-1.907358E-04,-2.365122E-04,-.002
3.173587,-1.3733E-04,-1.907358E-04,-.002
3.174587,3.814721E-05,1.220712E-04,-.002
3.175588,1.907358E-04,2.288828E-04,.002
3.176588,-6.103562E-05,-4.57766E-05,-.001
3.177589,-6.866502E-05,6.866502E-05,6.66667E-04
3.178589,-1.907358E-04,7.629453E-06,-6.66667E-04
3.17959,7.629453E-06,1.525891E-05,6.66667E-04
3.18059,-7.629453E-06,-1.525888E-04,6.66667E-04
3.181591,1.3733E-04,-3.280658E-04,-6.66667E-04
3.182591,1.3733E-04,-1.525888E-04,-.001
3.183592,2.288828E-04,1.525888E-04,-2.33333E-03
3.184592,3.89101E-04,-9.918259E-05,-.002
3.185593,4.730243E-04,0,-6.66667E-04
3.186593,3.356952E-04,-7.629441E-05,-6.66667E-04
3.187594,2.517719E-04,4.57766E-05,6.66667E-04
3.188594,2.899189E-04,1.525888E-04,2.33333E-03
3.189595,-1.75477E-04,2.288828E-04,-.001
3.190595,-5.340599E-05,2.822895E-04,-6.66667E-04
3.191596,-1.220712E-04,2.517719E-04,-6.66667E-04
3.192596,-4.501361E-04,1.144414E-04,-.002
3.193597,-4.806537E-04,3.814716E-04,-.002
3.194597,-2.670307E-04,6.866492E-04,-2.33333E-03
3.195598,-2.288828E-04,7.324256E-04,-2.33333E-03
3.196598,-1.983652E-04,4.348774E-04,-6.66667E-04
3.197599,1.907358E-04,-3.814721E-05,-.002
3.198599,3.356952E-04,-3.12807E-04,.001
3.1996,2.899189E-04,-1.3733E-04,6.66667E-04
3.2006,1.678476E-04,9.918259E-05,.001
3.201601,-1.449594E-04,1.907358E-04,.001
3.202601,-5.722083E-04,1.220712E-04,-.002
3.203602,-3.814716E-04,-9.15532E-05,-6.66667E-04
3.204602,3.051781E-05,3.204364E-04,.001
3.205603,6.866502E-05,1.297006E-04,-.001
3.206603,6.866502E-05,4.57766E-05,.001
3.207604,-1.525888E-04,-1.220712E-04,2.33333E-03
3.208604,1.831064E-04,5.340599E-05,-6.66667E-04
3.209605,2.517719E-04,-1.06812E-04,-.001
3.210605,2.212534E-04,3.814721E-05,-.001
3.211606,6.866502E-05,-3.051781E-05,.001
3.212606,2.975482E-04,1.75477E-04,.001
3.213607,7.629441E-05,1.983652E-04,-2.33333E-03
3.214607,-1.220712E-04,3.12807E-04,-.001
3.215608,-2.365122E-04,4.57766E-05,-6.66667E-04
3.216608,3.814721E-05,2.13624E-04,6.66667E-04
3.217609,2.13624E-04,5.493201E-04,-.002
3.218609,1.525891E-05,2.822895E-04,-.001
3.21961,1.220712E-04,-9.15532E-05,6.66667E-04
3.22061,2.059946E-04,1.525888E-04,6.66667E-04
3.221611,3.50954E-04,3.356952E-04,-6.66667E-04
3.222611,2.441425E-04,-9.918259E-05,.001
3.223612,7.629453E-06,-3.12807E-04,6.66667E-04
3.224612,-1.06812E-04,-4.806537E-04,-.004
3.225613,-7.629453E-06,-4.653949E-04,-.001
3.226614,-1.907358E-04,-2.288828E-04,-.001
3.227614,-4.88285E-04,-7.629453E-06,-6.66667E-04
3.228614,-2.975482E-04,-6.866502E-05,6.66667E-04
3.229615,-1.602182E-04,-2.517719E-04,-.002
3.230615,7.629441E-05,-1.831064E-04,6.66667E-04
3.231616,9.15532E-05,-2.288828E-04,-6.66667E-04
3.232616,1.449594E-04,-1.06812E-04,6.66667E-04
3.233617,-9.15532E-05,-8.392381E-05,-.002
3.234617,-1.907358E-04,-2.13624E-04,6.66667E-04
3.235618,1.220712E-04,-2.13624E-04,6.66667E-04
3.236619,6.103562E-05,-3.814716E-04,6.66667E-04
3.237619,-2.28883E-05,-5.188026E-04,-.002
3.238619,2.670307E-04,-4.577655E-04,-3.66667E-03
3.23962,2.212534E-04,-1.678476E-04,-6.66667E-04
3.24062,3.12807E-04,-3.50954E-04,-3.66667E-03
3.241621,-2.28883E-05,-3.204364E-04,-.002
3.242621,-2.28883E-05,0,-6.66667E-04
3.243622,-5.340599E-05,3.204364E-04,-2.33333E-03
3.244622,-2.899189E-04,7.629441E-05,-6.66667E-04
3.245623,-1.678476E-04,1.525891E-05,.001
3.246624,-3.204364E-04,5.340599E-05,.001
3.247624,1.06812E-04,1.06812E-04,-.001
3.248624,-6.103562E-05,-1.3733E-04,6.66667E-04
3.249625,-2.822895E-04,-3.051776E-04,.001
3.250625,-2.975482E-04,-5.569495E-04,-.002
3.251626,-1.75477E-04,-2.594013E-04,-3.66667E-03
3.252626,-2.822895E-04,-2.365122E-04,-.001
3.253627,-6.103562E-05,-1.525888E-04,-3.66667E-03
3.254627,-1.220712E-04,7.629453E-06,-.002
3.255628,-2.365122E-04,-7.629441E-05,-.001
3.256629,-2.059946E-04,-2.975482E-04,-6.66667E-04
3.257629,-1.144414E-04,-3.280658E-04,-.001
3.258629,3.814721E-05,-2.212534E-04,-6.66667E-04
3.25963,-4.88285E-04,1.06812E-04,-6.66667E-04
3.26063,-5.950965E-04,4.043598E-04,-.001
3.261631,-4.806537E-04,3.433246E-04,-.001
3.262631,2.059946E-04,1.525888E-04,-.002
3.263632,5.722083E-04,-7.629441E-05,-3.66667E-03
3.264632,4.730243E-04,2.594013E-04,-6.66667E-04
3.265633,2.13624E-04,1.75477E-04,-2.33333E-03
3.266634,-1.525891E-05,1.75477E-04,-6.66667E-04
3.267634,-5.340599E-05,-7.629441E-05,-.002
3.268634,1.449594E-04,-1.678476E-04,6.66667E-04
3.269635,3.814721E-05,-3.89101E-04,.001
3.270635,-4.196186E-04,-1.525891E-05,-6.66667E-04
3.271636,-4.501361E-04,1.983652E-04,2.33333E-03
3.272636,-2.288828E-04,2.517719E-04,6.66667E-04
3.273637,-1.602182E-04,4.57766E-05,-.001
3.274637,-1.06812E-04,5.340599E-05,6.66667E-04
3.275638,-1.983652E-04,8.392381E-05,-.001
3.276639,-1.144414E-04,2.899189E-04,-3.66667E-03
3.277639,3.814721E-05,1.983652E-04,.001
3.278639,-3.280658E-04,3.356952E-04,6.66667E-04
3.27964,-7.095374E-04,2.975482E-04,-6.66667E-04
3.28064,-5.798377E-04,2.28883E-05,.001
3.281641,-2.441425E-04,2.212534E-04,-6.66667E-04
3.282641,-3.89101E-04,1.525891E-05,-6.66667E-04
3.283642,-1.525888E-04,-1.602182E-04,-.002
3.284642,-6.866502E-05,-2.288828E-04,-.001
3.285643,4.196186E-04,-5.416907E-04,-.002
3.286644,3.12807E-04,-2.822895E-04,-6.66667E-04
3.287644,1.220712E-04,-5.035438E-04,-.002
3.288644,-7.629441E-05,-4.348774E-04,-.002
3.289645,-5.035438E-04,-4.959144E-04,-.002
3.290645,-3.814716E-04,-5.188026E-04,6.66667E-04
3.291646,-3.814716E-04,-3.051776E-04,-.002
3.292646,-1.75477E-04,1.75477E-04,-6.66667E-04
3.293647,-8.392381E-05,1.3733E-04,-.002
3.294647,2.594013E-04,-1.525891E-05,-.002
3.295648,-4.196186E-04,-9.15532E-05,.001
3.296649,-4.806537E-04,-3.051781E-05,6.66667E-04
3.297649,-4.119892E-04,-1.06812E-04,-6.66667E-04
3.298649,-3.50954E-04,-4.57766E-05,-.001
3.29965,-5.111732E-04,2.212534E-04,6.66667E-04
3.30065,-3.738422E-04,4.959144E-04,-6.66667E-04
3.301651,-5.035438E-04,4.88285E-04,.001
3.302651,-4.959144E-04,7.629453E-06,-6.66667E-04
3.303652,-2.594013E-04,-7.629453E-06,6.66667E-04
3.304652,-2.288828E-04,-4.196186E-04,.001
3.305653,-1.297006E-04,-5.569495E-04,-.002
3.306653,-7.629453E-06,-2.670307E-04,.002
3.307654,-2.28883E-05,-1.06812E-04,-.002
3.308654,-2.13624E-04,-7.629441E-05,.001
3.309655,-3.585834E-04,-1.75477E-04,-.001
3.310655,-4.196186E-04,3.051781E-05,-.001
3.311656,-2.517719E-04,2.13624E-04,-.001
3.312656,-3.814721E-05,1.06812E-04,-6.66667E-04
3.313657,-3.051781E-05,4.653949E-04,.001
3.314657,-2.288828E-04,5.874671E-04,-3.66667E-03
3.315658,1.678476E-04,4.27248E-04,-.001
3.316658,1.678476E-04,2.212534E-04,-.002
3.317659,-9.15532E-05,3.204364E-04,.001
3.318659,-4.119892E-04,-3.051781E-05,-.001
3.31966,-4.653949E-04,0,-3.66667E-03
3.32066,-1.144414E-04,2.13624E-04,-.001
3.321661,-2.670307E-04,2.746601E-04,-.001
3.322661,-9.918259E-05,-1.144414E-04,-6.66667E-04
3.323662,3.051781E-05,-3.814721E-05,-6.66667E-04
3.324662,2.594013E-04,-7.629453E-06,6.66667E-04
3.325663,3.738422E-04,-1.602182E-04,-.001
3.326663,4.57766E-05,-1.06812E-04,.001
3.327664,-7.629453E-06,-2.975482E-04,-2.33333E-03
3.328664,-5.340599E-05,-4.119892E-04,-.001
3.329665,-6.103562E-05,-5.493201E-04,6.66667E-04
3.330665,7.629453E-06,-9.918259E-05,-6.66667E-04
3.331666,4.88285E-04,0,6.66667E-04
3.332666,8.392381E-05,-5.340599E-05,-.001
3.333667,-1.449594E-04,-4.27248E-04,6.66667E-04
3.334667,-4.196186E-04,-4.501361E-04,-.001
3.335668,-3.204364E-04,-2.288828E-04,-3.66667E-03
3.336668,-2.670307E-04,-2.212534E-04,-.001
3.337669,-1.907358E-04,-5.340599E-05,-6.66667E-04
3.338669,-7.629441E-05,7.629441E-05,.002
3.33967,-3.814721E-05,2.13624E-04,.001
3.34067,-2.746601E-04,1.220712E-04,.001
3.341671,-5.340613E-04,-4.57766E-05,-.001
3.342671,-2.746601E-04,-1.525891E-05,-6.66667E-04
3.343672,-2.822895E-04,1.602182E-04,-6.66667E-04
3.344672,-3.12807E-04,3.356952E-04,-.001
3.345673,-3.204364E-04,-3.814721E-05,-.001
3.346673,-1.06812E-04,2.288828E-04,-.001
3.347674,2.746601E-04,3.967304E-04,-.001
3.348674,1.06812E-04,-6.103562E-05,.001
3.349675,-3.814721E-05,-3.814721E-05,6.66667E-04
3.350675,-4.57766E-05,9.918259E-05,-.001
3.351676,6.103562E-05,-7.629453E-06,-.001
3.352676,-2.899189E-04,-1.907358E-04,-.002
3.353677,-1.297006E-04,9.918259E-05,-.002
3.354677,-2.670307E-04,3.662128E-04,6.66667E-04
3.355678,-1.220712E-04,2.899189E-04,-6.66667E-04
3.356678,-1.220712E-04,-3.356952E-04,-.001
3.357679,-2.517719E-04,-3.433246E-04,-.002
3.358679,-4.501361E-04,-2.288828E-04,-.002
3.35968,-3.814716E-04,-3.051781E-05,-6.66667E-04
3.36068,-2.899189E-04,3.051776E-04,-6.66667E-04
3.361681,-9.918259E-05,4.730243E-04,.001
3.362681,-1.3733E-04,6.179847E-04,.001
3.363682,-2.441425E-04,7.171668E-04,.001
3.364682,-3.051776E-04,6.332435E-04,-2.33333E-03
3.365683,-5.645789E-04,1.525888E-04,-6.66667E-04
3.366683,-3.89101E-04,2.28883E-05,-.001
3.367684,-2.594013E-04,-4.730243E-04,-3.66667E-03
3.368684,-3.433246E-04,-5.035438E-04,-6.66667E-04
3.369685,-1.907358E-04,-3.585834E-04,-.001
3.370685,0,-3.051776E-04,-2.33333E-03
3.371686,-3.89101E-04,-1.602182E-04,-.001
3.372686,-6.408729E-04,1.525888E-04,-6.66667E-04
3.373687,-8.392371E-04,-1.907358E-04,6.66667E-04
3.374687,-6.866502E-05,-5.340599E-05,-.002
3.375688,-1.144414E-04,-9.15532E-05,-6.66667E-04
3.376688,-2.670307E-04,-2.899189E-04,-3.66667E-03
3.377689,-2.670307E-04,-2.517719E-04,.001
3.378689,-5.188026E-04,-7.629453E-06,-.002
3.37969,-8.010902E-04,5.645789E-04,6.66667E-04
3.38069,-5.645789E-04,7.01908E-04,.001
3.381691,-5.493201E-04,4.196186E-04,-.002
3.382691,-6.256141E-04,1.297006E-04,-.001
3.383692,-9.53678E-04,-1.983652E-04,-.001
3.384692,-1.365669E-03,-1.602182E-04,.001
3.385693,-1.640327E-03,-7.629453E-06,-.001
3.386693,-1.899727E-03,2.059946E-04,-.001
3.387694,-1.846321E-03,2.517719E-04,-.001
3.388694,-1.983657E-03,-4.57766E-05,-3.66667E-03
3.389695,-2.510086E-03,-6.103562E-05,-.002
3.390696,-3.402725E-03,-1.983652E-04,-.001
3.391696,-4.097015E-03,-1.297006E-04,-.001
3.392696,-4.943877E-03,-1.144414E-04,-.002
3.393697,-5.867034E-03,-6.256141E-04,6.66667E-04
3.394697,-6.782562E-03,-9.689368E-04,-6.66667E-04
3.395698,-8.491576E-03,-7.171668E-04,.002
3.396698,-1.032263E-02,-9.7657E-04,6.66667E-04
3.397699,-1.196295E-02,-1.426704E-03,-.002
3.398699,-1.358038E-02,-1.647957E-03,-.001
3.3997,-1.520544E-02,-2.243057E-03,.001
3.400701,-1.730359E-02,-2.769485E-03,-.001
3.401701,-1.898205E-02,-2.632156E-03,-.001
3.402701,-.0201112,-2.922073E-03,-.001
3.403702,-2.049267E-02,-2.70845E-03,6.66667E-04
3.404702,-1.994336E-02,-2.487198E-03,-.001
3.405703,-1.899731E-02,-2.243057E-03,-6.66667E-04
3.406703,-1.764691E-02,-1.548775E-03,-3.66667E-03
3.407704,-1.623547E-02,-1.266487E-03,-6.66667E-04
3.408704,-.0145188,-9.155311E-04,.002
3.409705,-1.268011E-02,-1.220711E-03,-.001
3.410706,-1.108557E-02,-1.571663E-03,-.002
3.411706,-9.300292E-03,-1.281746E-03,-.002
3.412706,-7.659942E-03,-6.866492E-04,-.001
3.413707,-6.500274E-03,-2.822895E-04,2.33333E-03
3.414707,-5.470306E-03,-1.449594E-04,-6.66667E-04
3.415708,-4.425079E-03,-3.814721E-05,.001
3.416708,-4.051238E-03,1.06812E-04,.001
3.417709,-3.425613E-03,6.103562E-05,6.66667E-04
3.418709,-2.944961E-03,-6.103562E-05,.001
3.41971,-2.510086E-03,-7.629441E-05,6.66667E-04
3.420711,-1.647957E-03,4.57766E-05,6.66667E-04
3.421711,-1.213081E-03,-2.746601E-04,-.001
3.422711,-1.083381E-03,-2.13624E-04,.001
3.423712,-1.220711E-03,-2.670307E-04,.001
3.424712,-8.468665E-04,2.288828E-04,-2.33333E-03
3.425713,-6.485023E-04,1.525888E-04,-.001
3.426713,-4.959144E-04,2.212534E-04,6.66667E-04
3.427714,-2.13624E-04,1.525891E-05,-6.66667E-04
3.428714,1.449594E-04,-1.602182E-04,-.002
3.429715,-2.822895E-04,-3.204364E-04,-.001
3.430716,-5.493201E-04,-1.449594E-04,.002
3.431716,-4.577655E-04,3.585834E-04,-6.66667E-04
3.432716,-2.365122E-04,5.493201E-04,-.001
3.433717,-3.967304E-04,4.88285E-04,-2.33333E-03
3.434717,-2.899189E-04,2.28883E-05,-6.66667E-04
3.435718,-3.814716E-04,-1.907358E-04,6.66667E-04
3.436718,-9.15532E-05,6.866502E-05,-.002
3.437719,-7.629453E-06,2.517719E-04,.001
3.438719,0,6.713904E-04,.001
3.43972,1.983652E-04,6.408729E-04,-.001
3.440721,1.983652E-04,5.798377E-04,-.002
3.441721,9.15532E-05,7.324256E-04,-.001
3.442721,-3.356952E-04,7.01908E-04,-.001
3.443722,-4.959144E-04,6.866492E-04,-.002
3.444722,-2.975482E-04,5.798377E-04,-6.66667E-04
3.445723,-9.15532E-05,7.858314E-04,-.001
3.446723,-5.340599E-05,4.577655E-04,-.001
3.447724,-1.220712E-04,3.12807E-04,-.002
3.448724,-6.103562E-05,2.975482E-04,.001
3.449725,-2.212534E-04,7.629453E-06,6.66667E-04
3.450726,5.340599E-05,2.059946E-04,6.66667E-04
3.451726,-2.594013E-04,2.822895E-04,.001
3.452726,-1.907358E-04,1.75477E-04,2.33333E-03
3.453727,-5.569495E-04,9.918259E-05,.001
3.454727,-4.959144E-04,1.144414E-04,.001
3.455728,-6.256141E-04,5.416907E-04,-6.66667E-04
3.456728,-1.75477E-04,2.670307E-04,.002
3.457729,-3.814721E-05,1.525891E-05,.001
3.458729,6.103562E-05,1.220712E-04,-.001
3.45973,8.392381E-05,1.220712E-04,.001
3.460731,1.144414E-04,2.594013E-04,-6.66667E-04
3.461731,3.051776E-04,1.678476E-04,.001
3.462731,3.433246E-04,1.297006E-04,6.66667E-04
3.463732,6.866502E-05,-9.918259E-05,.002
3.464732,-1.3733E-04,-9.918259E-05,-.001
3.465733,-2.441425E-04,1.220712E-04,6.66667E-04
3.466733,-2.059946E-04,1.297006E-04,-.001
3.467734,-2.670307E-04,9.15532E-05,.001
3.468734,-4.730243E-04,-1.220712E-04,-6.66667E-04
3.469735,-4.806537E-04,9.15532E-05,-6.66667E-04
3.470736,-4.959144E-04,4.27248E-04,-.001
3.471736,-1.525888E-04,1.525888E-04,-.001
3.472736,-1.06812E-04,1.907358E-04,-6.66667E-04
3.473737,-1.220712E-04,2.899189E-04,-3.66667E-03
3.474737,-3.814716E-04,2.059946E-04,-6.66667E-04
3.475738,-3.662128E-04,3.50954E-04,-6.66667E-04
3.476738,4.57766E-05,4.196186E-04,6.66667E-04
3.477739,-2.13624E-04,2.288828E-04,-6.66667E-04
3.478739,-1.3733E-04,2.670307E-04,-6.66667E-04
3.47974,-1.3733E-04,2.594013E-04,-.001
3.480741,-2.28883E-05,-1.3733E-04,6.66667E-04
3.481741,-1.525891E-05,-5.340599E-05,6.66667E-04
3.482741,-1.297006E-04,-2.670307E-04,-5.66667E-03
3.483742,-6.103562E-05,-2.670307E-04,.002
3.484742,-1.144414E-04,-5.340599E-05,.001
3.485743,7.629453E-06,-1.602182E-04,-6.66667E-04
3.486743,-2.670307E-04,-1.3733E-04,-.002
3.487744,-1.678476E-04,8.392381E-05,-.002
3.488744,2.365122E-04,-5.340599E-05,6.66667E-04
3.489745,2.746601E-04,3.051781E-05,-.001
3.490746,-7.629453E-06,-2.670307E-04,6.66667E-04
3.491746,-1.525891E-05,-3.356952E-04,-6.66667E-04
3.492746,-1.831064E-04,-9.918259E-05,-.001
3.493747,-5.188026E-04,-7.629441E-05,-.001
3.494747,-7.095374E-04,-5.340599E-05,-.001
3.495748,-2.899189E-04,-2.28883E-05,-.001
3.496748,2.059946E-04,9.15532E-05,.001
3.497749,6.485023E-04,1.297006E-04,.001
3.498749,4.806537E-04,3.814721E-05,-.001
3.49975,2.594013E-04,1.220712E-04,6.66667E-04
3.500751,2.288828E-04,1.525888E-04,-6.66667E-04
3.501751,3.662128E-04,-3.051781E-05,-6.66667E-04
3.502751,1.449594E-04,-6.866502E-05,-6.66667E-04
3.503752,2.288828E-04,2.594013E-04,-6.66667E-04
3.504752,4.043598E-04,-5.340599E-05,-.001
3.505753,5.035438E-04,-2.594013E-04,-6.66667E-04
3.506753,1.602182E-04,-2.670307E-04,-.001
3.507754,-1.3733E-04,-1.449594E-04,-.001
3.508754,-1.144414E-04,-4.653949E-04,6.66667E-04
3.509755,-9.15532E-05,-3.12807E-04,3.66667E-03
3.510756,-4.57766E-05,-3.662128E-04,-6.66667E-04
3.511756,-3.356952E-04,-4.730243E-04,-6.66667E-04
3.512756,-3.738422E-04,-4.196186E-04,.001
3.513757,-3.967304E-04,-1.525891E-05,6.66667E-04
3.514757,-1.144414E-04,-7.629453E-06,-6.66667E-04
3.515758,-1.144414E-04,2.288828E-04,-6.66667E-04
3.516758,-2.746601E-04,1.983652E-04,-.002
3.517759,-2.670307E-04,-1.220712E-04,-6.66667E-04
3.518759,-4.196186E-04,-1.602182E-04,-.001
3.51976,-6.63761E-04,-3.967304E-04,6.66667E-04
3.520761,-7.553138E-04,-1.06812E-04,-.001
3.521761,-1.075752E-03,7.629453E-06,-6.66667E-04
3.522761,-1.396187E-03,1.678476E-04,-6.66667E-04
3.523762,-1.388557E-03,3.585834E-04,.001
3.524762,-1.297005E-03,4.425067E-04,6.66667E-04
3.525763,-1.060493E-03,1.983652E-04,-.001
3.526763,-1.152046E-03,-1.525891E-05,-6.66667E-04
3.527764,-1.846321E-03,-1.831064E-04,-.001
3.528764,-2.136245E-03,-2.517719E-04,-.001
3.529765,-2.342239E-03,-4.501361E-04,.002
3.530766,-2.738968E-03,-4.88285E-04,-.002
3.531766,-3.227249E-03,-2.670307E-04,-6.66667E-04
3.532766,-3.730789E-03,-7.629441E-05,6.66667E-04
3.533767,-3.364578E-03,3.662128E-04,-6.66667E-04
3.534767,-3.58583E-03,1.831064E-04,6.66667E-04
3.535768,-3.799453E-03,-1.525888E-04,6.66667E-04
3.536768,-3.578201E-03,-2.13624E-04,-3.66667E-03
3.537769,-3.250137E-03,-3.814721E-05,-.001
3.538769,-2.983108E-03,-3.051781E-05,6.66667E-04
3.53977,-2.624527E-03,2.899189E-04,-3.66667E-03
3.540771,-2.098098E-03,4.119892E-04,.001
3.541771,-1.716621E-03,2.059946E-04,-.001
3.542771,-1.342781E-03,1.983652E-04,-2.33333E-03
3.543772,-1.167305E-03,7.476844E-04,6.66667E-04
3.544772,-1.014717E-03,6.866492E-04,.001
3.545773,-7.171668E-04,2.517719E-04,.002
3.546773,-5.493201E-04,3.280658E-04,-6.66667E-04
3.547774,-2.288828E-04,2.899189E-04,-.002
3.548774,-6.63761E-04,-2.13624E-04,-6.66667E-04
3.549775,-6.63761E-04,-3.50954E-04,-.001
3.550776,-6.179847E-04,-2.288828E-04,-.001
3.551776,-5.798377E-04,1.525888E-04,3.66667E-03
3.552776,-1.525891E-05,4.806537E-04,6.66667E-04
3.553777,2.517719E-04,5.035438E-04,.001
3.554777,7.095374E-04,1.144414E-04,-.001
3.555778,6.866492E-04,0,-6.66667E-04
3.556778,2.594013E-04,-2.670307E-04,-6.66667E-04
3.557779,2.212534E-04,-2.288828E-04,-.002
3.558779,-2.059946E-04,1.831064E-04,.001
3.55978,-3.280658E-04,2.594013E-04,6.66667E-04
3.560781,-1.75477E-04,3.585834E-04,-.001
3.561781,5.264319E-04,-1.06812E-04,-.001
3.562781,5.264319E-04,-3.814716E-04,.001
3.563782,1.75477E-04,-2.212534E-04,6.66667E-04
3.564783,-3.738422E-04,-5.340599E-05,2.33333E-03
3.565783,-2.822895E-04,4.57766E-05,.001
3.566783,-2.28883E-05,1.3733E-04,6.66667E-04
3.567784,2.975482E-04,1.525888E-04,-3.66667E-03
3.568784,2.059946E-04,-1.525888E-04,6.66667E-04
3.569785,-9.918259E-05,-1.449594E-04,6.66667E-04
3.570786,-2.212534E-04,-1.06812E-04,.001
3.571786,-6.866502E-05,-5.340599E-05,6.66667E-04
3.572786,-1.602182E-04,-2.13624E-04,-3.66667E-03
3.573787,-1.831064E-04,-3.738422E-04,-.002
3.574788,1.449594E-04,-4.043598E-04,-6.66667E-04
3.575788,2.594013E-04,-3.967304E-04,2.33333E-03
3.576788,-1.602182E-04,-1.449594E-04,.001
3.577789,-5.188026E-04,2.975482E-04,-.001
3.578789,-1.831064E-04,2.288828E-04,6.66667E-04
3.57979,2.28883E-05,3.738422E-04,6.66667E-04
3.580791,-3.814721E-05,2.441425E-04,-6.66667E-04
3.581791,-1.602182E-04,3.051776E-04,-3.66667E-03
3.582791,-1.75477E-04,-5.340599E-05,.002
3.583792,4.577655E-04,-1.525888E-04,.001
3.584793,3.12807E-04,-4.57766E-05,6.66667E-04
3.585793,3.280658E-04,1.525888E-04,6.66667E-04
3.586793,1.983652E-04,1.220712E-04,-6.66667E-04
3.587794,2.441425E-04,1.3733E-04,-6.66667E-04
3.588794,6.103562E-05,-6.103562E-05,-.001
3.589795,-1.06812E-04,-2.059946E-04,-6.66667E-04
3.590796,-1.75477E-04,-3.051776E-04,6.66667E-04
3.591796,-3.051776E-04,-5.340613E-04,-.002
3.592796,-1.831064E-04,-5.874671E-04,-6.66667E-04
3.593797,-2.288828E-04,-2.670307E-04,.001
3.594798,-1.525888E-04,-3.051781E-05,-.001
3.595798,-2.594013E-04,-8.392381E-05,-6.66667E-04
3.596798,-7.095374E-04,-1.144414E-04,.001
3.597799,1.525891E-05,-4.57766E-05,-.001
3.598799,1.525888E-04,-2.13624E-04,2.33333E-03
3.5998,3.051781E-05,1.297006E-04,.001
3.600801,-1.678476E-04,-5.340599E-05,.002
3.601801,-3.204364E-04,-9.918259E-05,.001
3.602801,-1.602182E-04,-3.814716E-04,-2.33333E-03
3.603802,3.051781E-05,-6.027259E-04,-6.66667E-04
3.604803,2.746601E-04,-3.204364E-04,-.002
3.605803,1.75477E-04,-4.806537E-04,-.001
3.606803,-2.365122E-04,-9.918259E-05,.001
3.607804,-9.15532E-05,1.3733E-04,-3.66667E-03
3.608804,-1.602182E-04,1.983652E-04,6.66667E-04
3.609805,-2.13624E-04,4.577655E-04,-6.66667E-04
3.610806,-6.103562E-05,5.416907E-04,.001
3.611806,2.212534E-04,4.196186E-04,6.66667E-04
3.612806,3.051776E-04,9.918259E-05,-.001
3.613807,-5.340599E-05,1.907358E-04,-6.66667E-04
3.614808,-7.629453E-06,1.678476E-04,.001
3.615808,4.57766E-05,6.103562E-05,-.001
3.616808,4.57766E-05,-1.297006E-04,-6.66667E-04
3.617809,1.983652E-04,-4.196186E-04,-.002
3.618809,1.525888E-04,-2.212534E-04,-.001
3.61981,-4.27248E-04,1.06812E-04,-6.66667E-04
3.620811,-6.866502E-05,-2.13624E-04,-.001
3.621811,2.059946E-04,-4.27248E-04,-6.66667E-04
3.622811,-1.678476E-04,-2.594013E-04,.001
3.623812,-6.866492E-04,-6.103562E-05,-.001
3.624813,-1.213081E-03,2.059946E-04,2.33333E-03
3.625813,-1.213081E-03,7.629441E-05,-.001
3.626813,-1.373298E-03,1.06812E-04,.001
3.627814,-1.525886E-03,3.433246E-04,-.002
3.628814,-1.655586E-03,-7.629453E-06,.001
3.629815,-2.021804E-03,-3.738422E-04,.001
3.630816,-2.555862E-03,-6.866492E-04,.001
3.631816,-2.998367E-03,-3.356952E-04,-.002
3.632816,-3.46376E-03,1.678476E-04,-2.33333E-03
3.633817,-4.112273E-03,1.449594E-04,-6.66667E-04
3.634818,-4.814178E-03,-1.144414E-04,.001
3.635818,-5.157501E-03,-4.27248E-04,-2.33333E-03
3.636818,-5.432159E-03,-2.975482E-04,-.001
3.637819,-5.691558E-03,-5.340599E-05,-.001
3.638819,-5.600005E-03,-9.15532E-05,-.002
3.63982,-5.493194E-03,-3.738422E-04,-6.66667E-04
3.640821,-5.432159E-03,-2.212534E-04,-.002
3.641821,-4.798919E-03,-1.3733E-04,-.001
3.642821,-4.188567E-03,9.15532E-05,.001
3.643822,-3.814712E-03,2.746601E-04,6.66667E-04
3.644823,-3.440872E-03,3.967304E-04,.001
3.645823,-2.372757E-03,4.425067E-04,6.66667E-04
3.646823,-1.380928E-03,6.027259E-04,-.001
3.647824,-9.689368E-04,4.196186E-04,-.002
3.648824,-6.942786E-04,3.280658E-04,-6.66667E-04
3.649825,-7.01908E-04,3.585834E-04,-.002
3.650826,-5.645789E-04,1.525888E-04,-6.66667E-04
3.651826,-7.095374E-04,4.57766E-05,-.002
3.652826,-1.167305E-03,7.629453E-06,-6.66667E-04
3.653827,-9.460486E-04,2.212534E-04,6.66667E-04
3.654828,-6.408729E-04,3.280658E-04,-.001
3.655828,-5.188026E-04,4.959144E-04,.001
3.656828,-4.27248E-04,4.501361E-04,-2.33333E-03
3.657829,-5.035438E-04,3.89101E-04,-6.66667E-04
3.658829,-7.40055E-04,4.577655E-04,-.001
3.65983,-6.408729E-04,3.585834E-04,-.001
3.66083,-4.57766E-05,4.119892E-04,.001
3.661831,-6.866502E-05,1.983652E-04,6.66667E-04
3.662831,-2.670307E-04,1.297006E-04,6.66667E-04
3.663832,6.103562E-05,9.918259E-05,6.66667E-04
3.664833,2.365122E-04,9.918259E-05,6.66667E-04
3.665833,9.918259E-05,-4.57766E-05,-.002
3.666833,2.059946E-04,-3.50954E-04,6.66667E-04
3.667834,1.3733E-04,-2.059946E-04,6.66667E-04
3.668834,-1.3733E-04,5.340613E-04,-6.66667E-04
3.669835,-2.517719E-04,5.111732E-04,-6.66667E-04
3.670835,-9.15532E-05,6.790198E-04,-6.66667E-04
3.671836,1.06812E-04,5.874671E-04,6.66667E-04
3.672836,5.493201E-04,3.50954E-04,6.66667E-04
3.673837,5.569495E-04,9.918259E-05,6.66667E-04
3.674838,2.059946E-04,6.103562E-05,-.002
3.675838,2.822895E-04,2.059946E-04,-.001
3.676838,2.212534E-04,-1.144414E-04,.002
3.677839,5.035438E-04,-2.212534E-04,.001
3.678839,3.738422E-04,-9.918259E-05,-2.33333E-03
3.67984,3.051776E-04,7.629441E-05,-.002
3.68084,6.866502E-05,0,-.001
3.681841,-1.907358E-04,-1.983652E-04,6.66667E-04
3.682841,-3.967304E-04,-1.75477E-04,-.002
3.683842,-2.212534E-04,1.220712E-04,-2.33333E-03
3.684843,-2.975482E-04,1.525891E-05,6.66667E-04
3.685843,1.297006E-04,-1.983652E-04,-.002
3.686843,2.517719E-04,-4.196186E-04,-.001
3.687844,-3.051781E-05,-3.433246E-04,-2.33333E-03
3.688844,-3.585834E-04,-2.670307E-04,-6.66667E-04
3.689845,-4.653949E-04,1.525888E-04,.001
3.690845,-1.602182E-04,3.662128E-04,6.66667E-04
3.691846,-6.103562E-05,7.629441E-05,6.66667E-04
3.692847,-1.3733E-04,-2.212534E-04,-6.66667E-04
3.693847,-3.433246E-04,-4.501361E-04,.001
3.694848,-6.103562E-05,-1.449594E-04,-.001
3.695848,-8.392381E-05,-5.340599E-05,-.002
3.696848,-1.220712E-04,2.059946E-04,6.66667E-04
3.697849,-1.678476E-04,9.15532E-05,6.66667E-04
3.698849,-2.365122E-04,-2.059946E-04,-6.66667E-04
3.69985,-1.3733E-04,-6.027259E-04,-2.33333E-03
3.70085,-1.602182E-04,-5.874671E-04,-.002
3.701851,-1.678476E-04,-5.874671E-04,-6.66667E-04
3.702852,1.525888E-04,-4.730243E-04,-.002
3.703852,-5.340599E-05,-1.525891E-05,.001
3.704853,-1.06812E-04,3.738422E-04,.001
3.705853,-4.57766E-05,1.525888E-04,.001
3.706853,1.3733E-04,6.713904E-04,.001
3.707854,1.678476E-04,4.501361E-04,-6.66667E-04
3.708854,3.433246E-04,5.722083E-04,-6.66667E-04
3.709855,1.06812E-04,5.493201E-04,-2.33333E-03
3.710855,-1.525891E-05,1.602182E-04,-6.66667E-04
3.711856,1.602182E-04,3.204364E-04,-6.66667E-04
3.712857,-6.103562E-05,3.662128E-04,-.001
3.713857,-1.983652E-04,3.051781E-05,-.001
3.714858,-2.670307E-04,-1.525888E-04,6.66667E-04
3.715858,4.57766E-05,-2.365122E-04,-.001
3.716858,-7.629453E-06,-2.594013E-04,-.002
3.717859,1.602182E-04,1.907358E-04,.002
3.718859,2.746601E-04,2.059946E-04,-.001
3.71986,2.822895E-04,2.059946E-04,-.001
3.72086,3.585834E-04,3.356952E-04,.001
3.721861,2.822895E-04,4.348774E-04,-.002
3.722862,7.01908E-04,3.12807E-04,-.002
3.723862,4.425067E-04,2.594013E-04,.001
3.724863,-6.103562E-05,3.356952E-04,6.66667E-04
3.725863,-3.433246E-04,5.264319E-04,-6.66667E-04
3.726863,-4.119892E-04,4.27248E-04,.001
3.727864,7.629453E-06,-1.220712E-04,-6.66667E-04
3.728864,1.3733E-04,-4.730243E-04,-.004
3.729865,1.525888E-04,-5.111732E-04,-6.66667E-04
3.730865,8.392381E-05,-3.738422E-04,-2.33333E-03
3.731866,-2.13624E-04,1.3733E-04,-6.66667E-04
3.732867,-5.569495E-04,4.57766E-05,-.001
3.733867,-6.790198E-04,-1.75477E-04,-6.66667E-04
3.734868,-4.959144E-04,7.629453E-06,.001
3.735868,-2.288828E-04,-1.297006E-04,-6.66667E-04
3.736868,-4.043598E-04,-4.88285E-04,6.66667E-04
3.737869,-3.051776E-04,-6.027259E-04,-.001
3.73887,-4.348774E-04,-4.806537E-04,-6.66667E-04
3.73987,-6.179847E-04,-3.814716E-04,-.001
3.74087,-5.950965E-04,-3.662128E-04,.001
3.741871,-4.806537E-04,-4.501361E-04,-.002
3.742872,-5.798377E-04,-7.553138E-04,.002
3.743872,-5.416907E-04,-5.111732E-04,-6.66667E-04
3.744873,-5.340613E-04,-2.594013E-04,-.001
3.745873,-1.678476E-04,-2.975482E-04,.001
3.746873,6.103562E-05,-9.15532E-05,-.002
3.747874,2.594013E-04,-4.577655E-04,-.001
3.748875,9.918259E-05,-4.577655E-04,-6.66667E-04
3.749875,9.918259E-05,-4.425067E-04,-.001
3.750875,8.392381E-05,-2.670307E-04,6.66667E-04
3.751876,7.629441E-05,-1.602182E-04,.001
3.752877,-1.220712E-04,-2.594013E-04,.001
3.753877,-5.340613E-04,-5.035438E-04,-.001
3.754878,-5.722083E-04,-4.043598E-04,2.33333E-03
3.755878,-4.196186E-04,-2.212534E-04,-.001
3.756878,-4.348774E-04,7.629453E-06,-6.66667E-04
3.757879,-1.167305E-03,-3.814721E-05,-.001
3.75888,-1.586922E-03,-3.814721E-05,.001
3.75988,-2.037063E-03,-1.983652E-04,-.002
3.76088,-2.479568E-03,-7.629441E-05,.001
3.761881,-3.021255E-03,9.15532E-05,-6.66667E-04
3.762882,-3.974944E-03,9.15532E-05,-6.66667E-04
3.763882,-6.004363E-03,1.75477E-04,-.002
3.764883,-7.68283E-03,1.144414E-04,-.001
3.765883,-8.621275E-03,0,6.66667E-04
3.766883,-9.117186E-03,0,-.002
3.767884,-9.018004E-03,-3.12807E-04,-2.33333E-03
3.768885,-8.926451E-03,-2.670307E-04,-2.33333E-03
3.769885,-7.637054E-03,-1.144414E-04,-.004
3.770885,-6.340057E-03,-3.204364E-04,-.001
3.771886,-4.867584E-03,-1.75477E-04,6.66667E-04
3.772887,-3.685012E-03,1.449594E-04,-.001
3.773887,-2.746597E-03,2.517719E-04,-6.66667E-04
3.774888,-2.044693E-03,2.212534E-04,-.001
3.775888,-1.174934E-03,-2.13624E-04,-6.66667E-04
3.776888,-8.163489E-04,-2.517719E-04,-6.66667E-04
3.777889,-9.613074E-04,-9.918259E-05,-.001
3.77889,-7.934608E-04,-5.340599E-05,-6.66667E-04
3.77989,-7.171668E-04,-2.288828E-04,-6.66667E-04
3.78089,-3.204364E-04,-4.57766E-05,6.66667E-04
3.781891,-2.28883E-05,2.288828E-04,-6.66667E-04
3.782892,-5.340599E-05,9.15532E-05,6.66667E-04
3.783892,-2.365122E-04,-6.103562E-05,-6.66667E-04
3.784893,4.57766E-05,-1.602182E-04,2.33333E-03
3.785893,-1.297006E-04,6.866502E-05,-6.66667E-04
3.786893,-4.57766E-05,1.525891E-05,6.66667E-04
3.787894,-1.06812E-04,-1.602182E-04,-6.66667E-04
3.788895,-2.28883E-05,-3.051781E-05,-6.66667E-04
3.789895,-9.918259E-05,-2.441425E-04,-2.33333E-03
3.790895,-7.629453E-06,-1.602182E-04,.001
3.791896,2.746601E-04,1.525891E-05,-6.66667E-04
3.792897,9.918259E-05,3.585834E-04,.001
3.793897,4.196186E-04,2.517719E-04,-6.66667E-04
3.794898,4.119892E-04,2.28883E-05,-6.66667E-04
3.795898,2.13624E-04,-6.866502E-05,-6.66667E-04
3.796898,-1.06812E-04,-1.06812E-04,-6.66667E-04
3.797899,0,1.525888E-04,-.001
3.7989,7.629441E-05,9.918259E-05,-6.66667E-04
3.7999,6.866502E-05,-4.57766E-05,.002
3.8009,1.831064E-04,-6.866502E-05,6.66667E-04
3.801901,1.831064E-04,-3.051781E-05,6.66667E-04
3.802902,2.899189E-04,-1.678476E-04,6.66667E-04
3.803902,-2.13624E-04,3.051781E-05,-6.66667E-04
3.804903,-4.196186E-04,3.662128E-04,-6.66667E-04
3.805903,-1.525891E-05,7.247962E-04,-.001
3.806903,-1.602182E-04,5.722083E-04,-6.66667E-04
3.807904,-2.822895E-04,2.975482E-04,-.001
3.808905,-2.822895E-04,-6.866502E-05,-6.66667E-04
3.809905,-3.051776E-04,-8.392381E-05,2.33333E-03
3.810905,-4.57766E-05,1.907358E-04,-.001
3.811906,2.059946E-04,3.814716E-04,-.001
3.812907,7.629441E-05,3.662128E-04,-6.66667E-04
3.813907,-4.88285E-04,4.348774E-04,.002
3.814908,-3.585834E-04,1.525888E-04,-6.66667E-04
3.815908,-4.57766E-05,1.297006E-04,-6.66667E-04
3.816908,2.28883E-05,3.814721E-05,-.001
3.817909,3.051781E-05,-3.12807E-04,-.002
3.81891,1.678476E-04,-9.15532E-05,-.001
3.81991,1.525891E-05,6.866502E-05,-6.66667E-04
3.82091,-7.629441E-05,9.918259E-05,-3.66667E-03
3.821911,8.392381E-05,-1.602182E-04,-2.33333E-03
3.822912,1.144414E-04,-3.356952E-04,-.001
3.823912,2.594013E-04,-3.12807E-04,-6.66667E-04
3.824913,3.662128E-04,-2.746601E-04,.001
3.825913,4.348774E-04,-1.907358E-04,-6.66667E-04
3.826913,1.602182E-04,-6.103562E-05,-6.66667E-04
3.827914,-1.06812E-04,-5.340599E-05,-6.66667E-04
3.828915,-3.204364E-04,-3.12807E-04,-.001
3.829915,-2.746601E-04,-2.670307E-04,-.002
3.830915,-2.899189E-04,-6.866502E-05,.001
3.831916,-1.449594E-04,2.365122E-04,-.001
3.832916,9.918259E-05,0,6.66667E-04
3.833917,-7.629441E-05,1.831064E-04,-.001
3.834918,6.103562E-05,2.822895E-04,-6.66667E-04
3.835918,0,3.051776E-04,-.001
3.836918,1.525888E-04,2.441425E-04,-6.66667E-04
3.837919,2.594013E-04,-4.88285E-04,-6.66667E-04
3.83892,3.662128E-04,-4.501361E-04,6.66667E-04
3.83992,9.918259E-05,-4.653949E-04,6.66667E-04
3.84092,7.629453E-06,-2.594013E-04,-.001
3.841921,-2.365122E-04,1.06812E-04,-.001
3.842921,-2.212534E-04,1.06812E-04,-.001
3.843922,-2.365122E-04,9.918259E-05,6.66667E-04
3.844923,-1.144414E-04,-6.103562E-05,-.001
3.845923,-3.051781E-05,-1.525891E-05,6.66667E-04
3.846923,-2.059946E-04,-1.907358E-04,-.001
3.847924,-1.602182E-04,8.392381E-05,.001
3.848925,-1.297006E-04,-6.866502E-05,2.33333E-03
3.849925,-9.918259E-05,-4.57766E-05,-6.66667E-04
3.850925,-1.602182E-04,-3.12807E-04,-.001
3.851926,-2.594013E-04,-2.975482E-04,-.002
3.852926,-2.13624E-04,-3.814721E-05,-.001
3.853927,-1.75477E-04,-2.13624E-04,-.002
3.854928,-2.594013E-04,-2.594013E-04,-.001
3.855928,-3.814716E-04,-2.365122E-04,-.002
3.856929,-2.746601E-04,-1.602182E-04,-.002
3.857929,-1.525891E-05,7.629453E-06,-3.66667E-03
3.85893,5.340599E-05,-2.13624E-04,-.001
3.85993,9.918259E-05,-3.204364E-04,-2.33333E-03
3.86093,8.392381E-05,-7.629441E-05,-.001
3.861931,-1.602182E-04,-1.449594E-04,6.66667E-04
3.862931,-2.975482E-04,3.814721E-05,.002
3.863932,-3.585834E-04,1.525888E-04,-6.66667E-04
3.864933,-3.738422E-04,-3.051781E-05,.002
3.865933,-3.204364E-04,-7.629441E-05,6.66667E-04
3.866934,-3.051781E-05,9.15532E-05,6.66667E-04
3.867934,-9.918259E-05,3.356952E-04,-.002
3.868935,-2.746601E-04,2.288828E-04,6.66667E-04
3.869935,-5.340599E-05,-3.967304E-04,-.002
3.870935,-6.866502E-05,-5.569495E-04,-.001
3.871936,7.629453E-06,-2.822895E-04,.002
3.872936,3.051781E-05,-2.441425E-04,.001
3.873937,4.043598E-04,4.57766E-05,-6.66667E-04
3.874938,2.212534E-04,2.059946E-04,.001
3.875938,3.662128E-04,1.449594E-04,-2.33333E-03
3.876939,3.662128E-04,1.983652E-04,-.002
3.877939,3.433246E-04,3.662128E-04,6.66667E-04
3.87894,1.525891E-05,7.629453E-06,6.66667E-04
3.87994,-2.059946E-04,-1.831064E-04,6.66667E-04
3.88094,-5.111732E-04,1.3733E-04,-.002
3.881941,-4.119892E-04,3.50954E-04,.001
3.882941,-2.899189E-04,8.392381E-05,-.001
3.883942,-1.602182E-04,-8.392381E-05,.001
3.884943,-3.051781E-05,6.866502E-05,.002
3.885943,7.629441E-05,1.678476E-04,-6.66667E-04
3.886944,1.297006E-04,2.365122E-04,-.001
3.887944,-1.449594E-04,2.441425E-04,-6.66667E-04
3.888945,-6.866502E-05,2.899189E-04,.001
3.889945,9.918259E-05,4.57766E-05,-.002
3.890945,1.3733E-04,5.340599E-05,6.66667E-04
3.891946,-1.602182E-04,-1.602182E-04,6.66667E-04
3.892946,-2.517719E-04,-1.907358E-04,6.66667E-04
3.893947,-2.13624E-04,-3.50954E-04,-.001
3.894948,-5.340599E-05,-3.738422E-04,-6.66667E-04
3.895948,-4.348774E-04,-3.433246E-04,-6.66667E-04
3.896949,-3.585834E-04,-1.831064E-04,6.66667E-04
3.897949,0,-1.602182E-04,.001
3.89895,3.051776E-04,-2.365122E-04,-2.33333E-03
3.89995,2.441425E-04,-3.051776E-04,-.001
3.90095,2.746601E-04,-3.051781E-05,-.001
3.901951,4.425067E-04,6.103562E-05,-6.66667E-04
3.902952,3.356952E-04,-4.57766E-05,-6.66667E-04
3.903952,4.57766E-05,5.340599E-05,-6.66667E-04
3.904953,9.918259E-05,1.831064E-04,6.66667E-04
3.905953,3.662128E-04,2.441425E-04,.001
3.906954,2.975482E-04,1.831064E-04,-.001
3.907954,2.441425E-04,3.12807E-04,-.001
3.908955,3.051781E-05,1.983652E-04,.002
3.909955,-9.15532E-05,-5.340599E-05,6.66667E-04
3.910955,-1.75477E-04,-1.602182E-04,-6.66667E-04
3.911956,2.212534E-04,-3.12807E-04,6.66667E-04
3.912957,2.822895E-04,-7.629441E-05,.001
3.913957,5.569495E-04,-4.57766E-05,-2.33333E-03
3.914958,2.746601E-04,-2.670307E-04,-.002
3.915958,4.57766E-05,-3.280658E-04,-.002
3.916959,1.06812E-04,-1.06812E-04,-6.66667E-04
3.917959,3.12807E-04,-2.13624E-04,6.66667E-04
3.91896,4.57766E-05,-1.449594E-04,-6.66667E-04
3.91996,-5.340599E-05,1.525891E-05,-6.66667E-04
3.92096,-4.119892E-04,-2.28883E-05,6.66667E-04
3.921961,-2.13624E-04,-5.340599E-05,-.001
3.922962,-7.629441E-05,-1.297006E-04,.001
3.923962,0,5.340599E-05,-6.66667E-04
3.924963,2.594013E-04,6.103562E-05,.001
3.925963,-6.866502E-05,-2.28883E-05,-.002
3.926964,-1.525891E-05,-1.3733E-04,-.002
3.927964,-9.918259E-05,-3.814721E-05,-6.66667E-04
3.928965,-4.806537E-04,-1.831064E-04,-.001
3.929965,-4.27248E-04,-8.392381E-05,-6.66667E-04
3.930965,-1.907358E-04,-1.06812E-04,-.001
3.931966,-3.814721E-05,-1.602182E-04,-.001
3.932967,1.907358E-04,-3.738422E-04,-6.66667E-04
3.933967,2.441425E-04,0,6.66667E-04
3.934968,0,2.594013E-04,-.001
3.935968,-1.220712E-04,-8.392381E-05,-.001
3.936969,-7.629441E-05,1.831064E-04,6.66667E-04
3.937969,0,5.569495E-04,.001
3.93897,-2.365122E-04,7.01908E-04,6.66667E-04
3.93997,-1.297006E-04,7.629432E-04,-6.66667E-04
3.94097,-2.059946E-04,5.340613E-04,-6.66667E-04
3.941971,9.15532E-05,1.75477E-04,-.001
3.942972,-9.918259E-05,7.629453E-06,-.002
3.943972,-2.594013E-04,-3.051781E-05,-.001
3.944973,1.678476E-04,-1.06812E-04,-6.66667E-04
3.945973,3.89101E-04,-1.983652E-04,-.002
3.946974,3.356952E-04,-2.517719E-04,-6.66667E-04
3.947974,2.670307E-04,-1.525891E-05,-.002
3.948975,-6.866502E-05,-1.75477E-04,-6.66667E-04
3.949975,-1.06812E-04,-8.392381E-05,-6.66667E-04
3.950975,-1.220712E-04,1.3733E-04,-.002
3.951976,-1.449594E-04,4.119892E-04,-.002
3.952977,-1.602182E-04,3.89101E-04,-.002
3.953977,0,3.204364E-04,6.66667E-04
3.954978,-1.06812E-04,2.975482E-04,-.001
3.955978,-3.50954E-04,4.57766E-05,-6.66667E-04
3.956979,-6.103553E-04,-5.340599E-05,.002
3.957979,-7.705726E-04,-2.13624E-04,-.002
3.95898,-5.722083E-04,-3.662128E-04,-6.66667E-04
3.95998,-2.441425E-04,-3.204364E-04,-.002
3.96098,-8.392381E-05,-2.212534E-04,-6.66667E-04
3.961981,1.297006E-04,-6.866502E-05,-6.66667E-04
3.962982,-4.57766E-05,3.051781E-05,-6.66667E-04
3.963982,-1.144414E-04,1.75477E-04,.002
3.964983,-4.57766E-05,2.670307E-04,.002
3.965983,1.525888E-04,2.975482E-04,-6.66667E-04
3.966984,2.212534E-04,7.629453E-06,-.001
3.967984,1.449594E-04,-2.13624E-04,6.66667E-04
3.968985,8.392381E-05,9.918259E-05,.002
3.969985,3.051781E-05,2.441425E-04,-.001
3.970985,-6.866502E-05,1.75477E-04,-3.66667E-03
3.971986,-2.822895E-04,3.585834E-04,-.001
3.972987,-1.602182E-04,4.57766E-05,-.001
3.973987,4.196186E-04,-5.569495E-04,.001
3.974988,2.975482E-04,-6.027259E-04,-6.66667E-04
3.975988,3.814716E-04,-3.433246E-04,-.002
3.976989,5.569495E-04,2.28883E-05,-.002
3.977989,4.806537E-04,2.594013E-04,6.66667E-04
3.97899,2.517719E-04,4.043598E-04,-6.66667E-04
3.97999,-9.15532E-05,2.975482E-04,-.002
3.98099,-4.348774E-04,1.831064E-04,6.66667E-04
3.981991,-3.356952E-04,1.297006E-04,.002
3.982992,-3.738422E-04,4.57766E-05,6.66667E-04
3.983992,-1.602182E-04,-7.629453E-06,-6.66667E-04
3.984993,-2.594013E-04,-5.340599E-05,-.001
3.985993,-3.204364E-04,-3.051781E-05,.001
3.986994,-2.975482E-04,7.629453E-06,6.66667E-04
3.987994,-1.907358E-04,-1.602182E-04,6.66667E-04
3.988995,-2.212534E-04,9.15532E-05,-6.66667E-04
3.989995,-2.975482E-04,1.602182E-04,-2.33333E-03
3.990995,-2.441425E-04,3.204364E-04,-.001
3.991996,3.051781E-05,5.264319E-04,-.001
3.992997,0,1.144414E-04,-6.66667E-04
3.993997,1.144414E-04,9.918259E-05,6.66667E-04
3.994998,0,2.365122E-04,-.001
3.995998,-9.15532E-05,7.629441E-05,.001
3.996999,3.051781E-05,5.340599E-05,.001
3.997999,2.288828E-04,-6.103562E-05,-.001
3.999,3.12807E-04,7.629453E-06,.001
4,3.50954E-04,1.297006E-04,6.66667E-04
