"c:\users\esrlabn1\desktop\bence\ir_spectroscopy\532nm_odmr\magnet_map_2_680nm\074.dat  ---  04-27-2026 21:04:47"
""
"cavityli 20 2 4 2000 1 0 0"
"                             ;                             ;seth_xesr_precise 246.91 1 0 -1.7759295499021528"
"setlockin 188.67 0.004 0 0.03 0.2"
4,2000
2,-2.975482E-04,-2.28883E-05,.001
2.001,-1.602182E-04,-1.525888E-04,.001
2.002001,-1.75477E-04,-9.15532E-05,6.66667E-04
2.003001,-5.035438E-04,-1.678476E-04,.001
2.004002,-5.111732E-04,-2.517719E-04,.001
2.005002,-1.678476E-04,-2.13624E-04,-.002
2.006003,-5.035438E-04,-4.27248E-04,-.002
2.007004,-5.416907E-04,-5.188026E-04,-6.66667E-04
2.008004,-3.12807E-04,-2.13624E-04,-.001
2.009005,-2.670307E-04,-3.738422E-04,-.001
2.010005,-3.738422E-04,-2.594013E-04,6.66667E-04
2.011005,-5.874671E-04,3.051781E-05,-2.33333E-03
2.012006,-6.561317E-04,-3.051781E-05,.001
2.013006,-2.899189E-04,-5.340599E-05,-.002
2.014007,-3.12807E-04,-2.975482E-04,-6.66667E-04
2.015007,-1.831064E-04,-3.814716E-04,-.002
2.016008,1.3733E-04,-1.144414E-04,.002
2.017009,6.103562E-05,-7.629453E-06,-3.66667E-03
2.018009,3.051781E-05,-9.15532E-05,-2.33333E-03
2.01901,-2.28883E-05,-1.297006E-04,6.66667E-04
2.02001,-1.602182E-04,-3.051781E-05,-6.66667E-04
2.02101,-2.670307E-04,-3.051781E-05,-3.66667E-03
2.022011,-5.340599E-05,-1.602182E-04,.002
2.023011,2.441425E-04,-2.365122E-04,-6.66667E-04
2.024012,-5.340599E-05,-7.629441E-05,-.001
2.025012,-4.88285E-04,-1.3733E-04,6.66667E-04
2.026013,-6.63761E-04,-1.449594E-04,-2.33333E-03
2.027014,-3.662128E-04,-4.577655E-04,-6.66667E-04
2.028014,-2.212534E-04,-2.365122E-04,-6.66667E-04
2.029015,-1.06812E-04,3.814721E-05,6.66667E-04
2.030015,-3.738422E-04,5.340599E-05,6.66667E-04
2.031015,-9.918259E-05,1.06812E-04,-6.66667E-04
2.032016,-5.340599E-05,1.220712E-04,.002
2.033016,-1.602182E-04,7.629441E-05,6.66667E-04
2.034017,-6.103562E-05,2.975482E-04,-6.66667E-04
2.035017,7.629453E-06,1.449594E-04,-.002
2.036018,5.645789E-04,1.983652E-04,6.66667E-04
2.037019,2.822895E-04,-3.051781E-05,-.001
2.038019,4.425067E-04,-1.3733E-04,-.001
2.03902,2.212534E-04,-3.738422E-04,-.001
2.04002,6.866502E-05,-5.264319E-04,-.002
2.04102,-3.12807E-04,-8.392381E-05,-.002
2.042021,-4.653949E-04,9.15532E-05,-.001
2.043021,-2.670307E-04,-1.06812E-04,6.66667E-04
2.044022,1.831064E-04,9.918259E-05,-.001
2.045022,4.196186E-04,2.365122E-04,-.001
2.046023,7.171668E-04,6.866502E-05,-.001
2.047024,5.798377E-04,1.220712E-04,-.001
2.048024,3.12807E-04,1.06812E-04,2.33333E-03
2.049025,9.918259E-05,-3.814721E-05,-2.33333E-03
2.050025,1.449594E-04,-3.967304E-04,6.66667E-04
2.051026,3.204364E-04,-5.950965E-04,6.66667E-04
2.052026,7.629441E-05,-4.043598E-04,6.66667E-04
2.053026,-1.06812E-04,-3.50954E-04,-.001
2.054027,1.678476E-04,-4.27248E-04,6.66667E-04
2.055027,4.27248E-04,-4.806537E-04,.001
2.056028,3.051776E-04,-3.585834E-04,6.66667E-04
2.057029,6.179847E-04,-1.602182E-04,6.66667E-04
2.058029,5.264319E-04,8.392381E-05,.001
2.05903,2.059946E-04,9.918259E-05,-.001
2.06003,-5.340599E-05,-1.144414E-04,6.66667E-04
2.061031,0,-9.15532E-05,-.001
2.062031,-1.06812E-04,-4.57766E-05,-.001
2.063031,-5.340599E-05,2.059946E-04,-6.66667E-04
2.064032,4.57766E-05,1.602182E-04,.001
2.065032,2.059946E-04,-5.340599E-05,-.002
2.066033,-1.831064E-04,-7.171668E-04,-6.66667E-04
2.067034,0,-7.858314E-04,6.66667E-04
2.068034,-2.517719E-04,-5.035438E-04,.001
2.069035,-3.814716E-04,-4.196186E-04,6.66667E-04
2.070035,-3.967304E-04,-4.119892E-04,-.001
2.071036,-2.13624E-04,-3.204364E-04,6.66667E-04
2.072036,-1.06812E-04,-1.449594E-04,-6.66667E-04
2.073036,1.525888E-04,-2.059946E-04,-6.66667E-04
2.074037,1.525888E-04,-7.629441E-05,6.66667E-04
2.075037,6.866502E-05,1.983652E-04,.001
2.076038,-5.340599E-05,5.798377E-04,-2.33333E-03
2.077039,-2.13624E-04,2.899189E-04,-.001
2.078039,9.918259E-05,6.103562E-05,-6.66667E-04
2.07904,2.059946E-04,3.051781E-05,-.002
2.08004,2.28883E-05,-1.449594E-04,.001
2.081041,-1.602182E-04,-1.525888E-04,-6.66667E-04
2.082041,-1.602182E-04,-5.798377E-04,-.001
2.083041,-8.392381E-05,-4.425067E-04,-6.66667E-04
2.084042,1.297006E-04,-3.051781E-05,-6.66667E-04
2.085042,7.629441E-05,-3.814721E-05,-6.66667E-04
2.086043,-5.340599E-05,-1.602182E-04,-6.66667E-04
2.087044,5.340599E-05,-4.501361E-04,-6.66667E-04
2.088044,-1.602182E-04,-5.569495E-04,.001
2.089045,-9.918259E-05,-2.975482E-04,-.002
2.090045,1.75477E-04,-2.899189E-04,-6.66667E-04
2.091046,5.340599E-05,-4.806537E-04,.001
2.092046,4.043598E-04,-4.043598E-04,-.002
2.093046,5.340613E-04,-4.653949E-04,-.001
2.094047,3.204364E-04,-2.746601E-04,6.66667E-04
2.095047,-5.340599E-05,-1.831064E-04,-2.33333E-03
2.096048,-2.899189E-04,-2.365122E-04,-6.66667E-04
2.097049,-2.13624E-04,-4.959144E-04,.001
2.098049,-7.629453E-06,-4.88285E-04,-6.66667E-04
2.09905,3.051781E-05,-6.027259E-04,.001
2.10005,5.340599E-05,-6.866502E-05,-6.66667E-04
2.101051,2.28883E-05,-2.822895E-04,-2.33333E-03
2.102051,2.517719E-04,0,-.001
2.103051,3.585834E-04,5.340599E-05,-6.66667E-04
2.104052,3.051776E-04,2.288828E-04,-6.66667E-04
2.105052,3.814721E-05,2.670307E-04,-.002
2.106053,-2.517719E-04,3.204364E-04,.001
2.107054,-3.204364E-04,1.297006E-04,-.002
2.108054,-1.983652E-04,-6.103562E-05,-6.66667E-04
2.109055,4.57766E-05,-9.918259E-05,.002
2.110055,2.594013E-04,7.629453E-06,-6.66667E-04
2.111056,1.144414E-04,7.629453E-06,-.001
2.112056,-4.27248E-04,-1.297006E-04,-6.66667E-04
2.113056,-3.738422E-04,-1.3733E-04,.001
2.114057,-2.212534E-04,-5.035438E-04,-.001
2.115057,8.392381E-05,-4.959144E-04,-6.66667E-04
2.116058,1.449594E-04,-3.50954E-04,-.002
2.117059,2.365122E-04,-1.602182E-04,-.001
2.118059,2.212534E-04,4.043598E-04,-.001
2.11906,3.204364E-04,2.517719E-04,-.002
2.12006,-8.392381E-05,7.629453E-06,6.66667E-04
2.121061,-3.204364E-04,-4.806537E-04,.002
2.122061,-1.06812E-04,-2.594013E-04,-6.66667E-04
2.123062,1.297006E-04,-1.678476E-04,-6.66667E-04
2.124062,-3.051781E-05,-1.449594E-04,-.002
2.125062,-3.967304E-04,-7.629441E-05,.002
2.126063,-4.653949E-04,-3.967304E-04,2.33333E-03
2.127064,-7.934608E-04,-2.746601E-04,-.002
2.128064,-6.179847E-04,-3.814716E-04,.001
2.129065,-3.051776E-04,-1.06812E-04,-6.66667E-04
2.130065,-6.103562E-05,-2.746601E-04,-.001
2.131066,-2.670307E-04,-3.204364E-04,-.002
2.132066,-4.425067E-04,-4.348774E-04,-6.66667E-04
2.133067,-7.934608E-04,-4.043598E-04,-.001
2.134067,-4.730243E-04,-3.738422E-04,-2.33333E-03
2.135067,-4.806537E-04,-1.525888E-04,.001
2.136068,-1.525888E-04,2.059946E-04,-6.66667E-04
2.137069,-2.517719E-04,2.822895E-04,-.002
2.138069,-1.907358E-04,3.280658E-04,-6.66667E-04
2.13907,-2.517719E-04,2.594013E-04,-6.66667E-04
2.14007,-4.196186E-04,1.3733E-04,.001
2.141071,-4.425067E-04,8.392381E-05,-6.66667E-04
2.142071,4.57766E-05,1.678476E-04,.002
2.143072,1.449594E-04,-2.441425E-04,-6.66667E-04
2.144072,-3.814721E-05,-2.059946E-04,-.001
2.145072,-4.57766E-05,0,6.66667E-04
2.146073,-1.06812E-04,7.629441E-05,-6.66667E-04
2.147074,-7.629453E-06,-1.525891E-05,-.001
2.148074,-2.365122E-04,1.06812E-04,-6.66667E-04
2.149075,-1.907358E-04,-2.28883E-05,-6.66667E-04
2.150075,-2.059946E-04,-4.043598E-04,-6.66667E-04
2.151076,-2.670307E-04,-5.950965E-04,6.66667E-04
2.152076,-1.06812E-04,-5.722083E-04,-.001
2.153077,2.28883E-05,-1.525888E-04,6.66667E-04
2.154077,6.103562E-05,4.57766E-05,-6.66667E-04
2.155077,2.517719E-04,-4.57766E-05,-3.66667E-03
2.156078,1.983652E-04,-2.975482E-04,-6.66667E-04
2.157079,9.918259E-05,-7.629453E-06,6.66667E-04
2.158079,-2.13624E-04,-7.629453E-06,-6.66667E-04
2.15908,-2.441425E-04,-1.602182E-04,-.001
2.16008,-4.501361E-04,6.103562E-05,-.002
2.161081,-4.196186E-04,8.392381E-05,.001
2.162081,-2.975482E-04,-2.441425E-04,-.001
2.163082,-5.340599E-05,-7.171668E-04,-.001
2.164082,-3.051776E-04,-7.171668E-04,.001
2.165082,9.15532E-05,-6.485023E-04,-.001
2.166083,3.12807E-04,-5.035438E-04,-6.66667E-04
2.167084,4.043598E-04,-1.525891E-05,-6.66667E-04
2.168084,2.212534E-04,1.525888E-04,-.001
2.169085,7.629441E-05,-1.220712E-04,6.66667E-04
2.170085,-2.822895E-04,1.678476E-04,-6.66667E-04
2.171086,-4.043598E-04,2.28883E-05,.001
2.172086,-2.670307E-04,-2.28883E-05,-2.33333E-03
2.173087,1.3733E-04,2.28883E-05,-6.66667E-04
2.174087,-3.051776E-04,4.57766E-05,.001
2.175087,-3.204364E-04,-2.28883E-05,2.33333E-03
2.176088,-1.297006E-04,-1.3733E-04,6.66667E-04
2.177088,-3.280658E-04,-3.585834E-04,.001
2.178089,-3.204364E-04,-3.280658E-04,-2.33333E-03
2.17909,-1.297006E-04,3.814721E-05,-.001
2.18009,-3.051781E-05,4.57766E-05,-.001
2.181091,-1.144414E-04,9.15532E-05,.001
2.182091,2.288828E-04,1.297006E-04,.001
2.183092,3.662128E-04,9.918259E-05,-.002
2.184092,3.814721E-05,1.220712E-04,-.001
2.185092,-1.75477E-04,9.15532E-05,6.66667E-04
2.186093,9.15532E-05,-2.975482E-04,-6.66667E-04
2.187093,-7.629441E-05,-6.103562E-05,-.002
2.188094,-3.738422E-04,-3.051781E-05,-.001
2.189095,-4.119892E-04,-2.594013E-04,6.66667E-04
2.190095,-1.678476E-04,-1.525891E-05,.001
2.191096,-1.144414E-04,6.103562E-05,-.002
2.192096,-1.144414E-04,9.918259E-05,.001
2.193097,-3.814716E-04,1.831064E-04,-.001
2.194097,-1.983652E-04,-4.57766E-05,-.001
2.195097,-7.629453E-06,4.57766E-05,6.66667E-04
2.196098,-1.144414E-04,4.57766E-05,-.002
2.197098,-5.340599E-05,6.866502E-05,-6.66667E-04
2.198099,8.392381E-05,8.392381E-05,2.33333E-03
2.1991,-1.907358E-04,9.15532E-05,-.001
2.2001,-4.119892E-04,-9.15532E-05,-6.66667E-04
2.201101,-3.814716E-04,-3.433246E-04,-.001
2.202101,-1.831064E-04,-2.059946E-04,6.66667E-04
2.203102,4.57766E-05,-9.15532E-05,6.66667E-04
2.204102,7.629453E-06,-1.831064E-04,-6.66667E-04
2.205102,6.103562E-05,2.899189E-04,-6.66667E-04
2.206103,-9.15532E-05,2.441425E-04,.001
2.207103,-2.288828E-04,2.746601E-04,.001
2.208104,-6.866502E-05,-4.57766E-05,-.001
2.209105,-1.907358E-04,2.212534E-04,-.002
2.210105,-1.831064E-04,3.051776E-04,6.66667E-04
2.211106,-4.501361E-04,7.629441E-05,-6.66667E-04
2.212106,-1.052864E-03,-1.678476E-04,-.001
2.213107,-1.243599E-03,-1.678476E-04,-6.66667E-04
2.214107,-1.831062E-03,1.525891E-05,-.001
2.215107,-2.380386E-03,-1.525891E-05,-.002
2.216108,-3.486648E-03,-7.629453E-06,-6.66667E-04
2.217108,-4.867584E-03,1.831064E-04,-.001
2.218109,-6.660491E-03,-4.348774E-04,-.002
2.21911,-8.590758E-03,-3.433246E-04,6.66667E-04
2.22011,-1.130682E-02,-2.13624E-04,-.002
2.221111,-1.433569E-02,-5.798377E-04,-.002
2.222111,-.0174638,-8.621253E-04,2.33333E-03
2.223112,-1.980603E-02,-1.075752E-03,-6.66667E-04
2.224112,-2.088177E-02,-1.274116E-03,-.001
2.225112,-2.102673E-02,-1.220711E-03,6.66667E-04
2.226113,-.0204469,-1.10627E-03,-6.66667E-04
2.227113,-1.897442E-02,-9.841993E-04,-.001
2.228114,-1.706707E-02,-9.918287E-04,-.002
2.229115,-1.453406E-02,-8.239783E-04,-.001
2.230115,-1.172644E-02,-4.730243E-04,-.001
2.231116,-8.712828E-03,-2.746601E-04,-6.66667E-04
2.232116,-6.378204E-03,-1.678476E-04,-.001
2.233117,-4.577667E-03,1.602182E-04,.001
2.234117,-3.456131E-03,1.525891E-05,-6.66667E-04
2.235118,-2.868667E-03,-5.340599E-05,-.001
2.236118,-2.113357E-03,9.918259E-05,-6.66667E-04
2.237118,-1.73188E-03,-6.103562E-05,6.66667E-04
2.238119,-1.060493E-03,1.144414E-04,.001
2.23912,-6.027259E-04,-9.15532E-05,-6.66667E-04
2.24012,-5.111732E-04,1.907358E-04,.002
2.241121,-1.907358E-04,9.15532E-05,-.001
2.242121,9.918259E-05,1.678476E-04,-6.66667E-04
2.243122,4.730243E-04,1.3733E-04,-6.66667E-04
2.244122,2.288828E-04,3.50954E-04,.001
2.245123,4.57766E-05,-1.525888E-04,6.66667E-04
2.246123,-1.06812E-04,1.525891E-05,-.002
2.247123,7.629441E-05,2.822895E-04,6.66667E-04
2.248124,-9.918259E-05,2.365122E-04,-.002
2.249125,-2.670307E-04,1.06812E-04,-.001
2.250125,-4.043598E-04,4.57766E-05,-.001
2.251126,-5.874671E-04,-3.051781E-05,.001
2.252126,-5.645789E-04,2.059946E-04,-2.33333E-03
2.253127,-4.501361E-04,1.06812E-04,-6.66667E-04
2.254127,-1.06812E-04,-1.06812E-04,6.66667E-04
2.255128,-1.06812E-04,-3.814716E-04,.001
2.256128,-1.525888E-04,-3.204364E-04,-6.66667E-04
2.257128,-1.06812E-04,-1.06812E-04,-6.66667E-04
2.258129,1.525888E-04,-1.3733E-04,-.002
2.25913,1.06812E-04,1.297006E-04,.002
2.26013,-2.594013E-04,9.15532E-05,3.66667E-03
2.261131,-6.103562E-05,5.340599E-05,-6.66667E-04
2.262131,-1.602182E-04,5.340599E-05,6.66667E-04
2.263132,-5.340599E-05,1.525891E-05,-.002
2.264132,-3.585834E-04,8.392381E-05,-6.66667E-04
2.265133,-7.40055E-04,2.13624E-04,-6.66667E-04
2.266133,-4.806537E-04,-6.103562E-05,-.004
2.267133,-2.822895E-04,9.15532E-05,-.001
2.268134,1.525891E-05,1.220712E-04,6.66667E-04
2.269135,-1.06812E-04,4.57766E-05,6.66667E-04
2.270135,-2.059946E-04,1.525891E-05,.002
2.271136,3.051781E-05,-5.340599E-05,6.66667E-04
2.272136,4.57766E-05,-2.13624E-04,6.66667E-04
2.273137,-1.602182E-04,-3.738422E-04,-.001
2.274137,-2.517719E-04,-4.27248E-04,.001
2.275138,-3.204364E-04,1.06812E-04,-.001
2.276138,-9.918259E-05,6.179847E-04,-.004
2.277139,-3.738422E-04,5.798377E-04,-.002
2.278139,-2.670307E-04,-9.918259E-05,-.002
2.27914,-1.983652E-04,-2.594013E-04,-6.66667E-04
2.28014,7.629453E-06,-2.746601E-04,-.002
2.281141,0,-1.602182E-04,-.001
2.282141,-5.569495E-04,-3.738422E-04,-.002
2.283142,-4.959144E-04,-2.059946E-04,-.001
2.284142,-4.959144E-04,1.449594E-04,-6.66667E-04
2.285143,-3.280658E-04,1.602182E-04,-.002
2.286143,-5.950965E-04,0,.001
2.287144,-8.468665E-04,9.918259E-05,-6.66667E-04
2.288144,-6.179847E-04,-6.103562E-05,.001
2.289145,-2.288828E-04,-6.103562E-05,-6.66667E-04
2.290145,7.629453E-06,-7.629453E-06,-6.66667E-04
2.291146,-5.340599E-05,-5.340599E-05,6.66667E-04
2.292146,-1.449594E-04,-6.103562E-05,-.002
2.293147,-3.356952E-04,-9.15532E-05,.002
2.294147,-3.204364E-04,-2.517719E-04,6.66667E-04
2.295148,-7.629441E-05,-5.264319E-04,6.66667E-04
2.296148,3.051781E-05,-1.06812E-04,6.66667E-04
2.297149,-5.340599E-05,-5.340599E-05,.001
2.298149,-2.288828E-04,2.365122E-04,-.001
2.29915,-2.13624E-04,2.13624E-04,-.002
2.30015,-2.899189E-04,1.602182E-04,-6.66667E-04
2.301151,-3.051776E-04,4.57766E-05,-6.66667E-04
2.302151,-3.204364E-04,1.144414E-04,-.001
2.303152,-4.119892E-04,1.449594E-04,2.33333E-03
2.304152,-9.918259E-05,-1.525888E-04,-2.33333E-03
2.305153,1.525888E-04,-3.814721E-05,.001
2.306153,6.103562E-05,-2.670307E-04,-.001
2.307154,7.629453E-06,-2.13624E-04,-2.33333E-03
2.308154,7.629453E-06,-2.975482E-04,6.66667E-04
2.309155,-3.204364E-04,-2.746601E-04,-.001
2.310155,-5.340613E-04,1.525888E-04,-6.66667E-04
2.311156,-4.27248E-04,2.13624E-04,6.66667E-04
2.312156,-5.188026E-04,2.594013E-04,-.002
2.313157,-2.975482E-04,5.035438E-04,-.001
2.314157,-2.13624E-04,4.730243E-04,-6.66667E-04
2.315158,-3.051776E-04,1.525888E-04,-.002
2.316158,-3.356952E-04,6.866502E-05,-6.66667E-04
2.317159,-3.204364E-04,-3.12807E-04,-.001
2.318159,-2.517719E-04,-6.866502E-05,-6.66667E-04
2.31916,-3.204364E-04,7.629441E-05,-.002
2.32016,-4.653949E-04,1.220712E-04,6.66667E-04
2.321161,-4.730243E-04,-2.365122E-04,6.66667E-04
2.322161,-7.629432E-04,4.57766E-05,-.001
2.323162,-7.858314E-04,2.212534E-04,-6.66667E-04
2.324162,-5.035438E-04,2.059946E-04,.001
2.325163,-7.934608E-04,1.3733E-04,-2.33333E-03
2.326163,-6.63761E-04,-1.678476E-04,6.66667E-04
2.327164,-4.959144E-04,-2.746601E-04,6.66667E-04
2.328164,-3.814716E-04,4.57766E-05,-6.66667E-04
2.329165,-3.356952E-04,4.959144E-04,6.66667E-04
2.330165,-2.441425E-04,2.365122E-04,-.002
2.331166,-2.212534E-04,2.13624E-04,6.66667E-04
2.332166,1.297006E-04,9.918259E-05,.001
2.333167,2.822895E-04,4.653949E-04,-6.66667E-04
2.334167,6.103562E-05,3.967304E-04,6.66667E-04
2.335168,-2.517719E-04,2.899189E-04,6.66667E-04
2.336168,-3.50954E-04,3.051776E-04,-6.66667E-04
2.337169,-5.722083E-04,1.602182E-04,-6.66667E-04
2.338169,-2.899189E-04,3.814721E-05,6.66667E-04
2.33917,-2.212534E-04,5.340599E-05,-2.33333E-03
2.34017,-1.602182E-04,3.814721E-05,-6.66667E-04
2.341171,-2.365122E-04,-2.059946E-04,-6.66667E-04
2.342171,-3.051776E-04,2.746601E-04,-3.66667E-03
2.343172,-4.806537E-04,1.602182E-04,6.66667E-04
2.344172,3.051781E-05,5.340599E-05,-.001
2.345173,4.88285E-04,4.577655E-04,-.002
2.346173,2.670307E-04,2.975482E-04,-.001
2.347174,6.866502E-05,5.722083E-04,-.002
2.348174,3.585834E-04,2.059946E-04,-.001
2.349174,2.365122E-04,-1.602182E-04,.001
2.350175,7.629453E-06,2.059946E-04,6.66667E-04
2.351176,-2.288828E-04,2.28883E-05,-6.66667E-04
2.352176,-1.602182E-04,-1.75477E-04,-6.66667E-04
2.353177,1.678476E-04,-4.806537E-04,6.66667E-04
2.354177,4.27248E-04,-8.926429E-04,-2.33333E-03
2.355178,4.730243E-04,-9.002723E-04,-6.66667E-04
2.356178,1.831064E-04,-7.247962E-04,2.33333E-03
2.357179,5.340599E-05,-5.798377E-04,6.66667E-04
2.358179,-1.220712E-04,-1.831064E-04,6.66667E-04
2.359179,-3.051776E-04,4.57766E-05,-.001
2.36018,-3.585834E-04,-3.433246E-04,-.001
2.361181,0,-3.12807E-04,6.66667E-04
2.362181,-4.57766E-05,-3.662128E-04,-6.66667E-04
2.363182,-4.57766E-05,-3.12807E-04,6.66667E-04
2.364182,6.866502E-05,-5.340613E-04,.001
2.365183,1.525888E-04,-4.27248E-04,-6.66667E-04
2.366183,-2.746601E-04,-2.13624E-04,-.002
2.367184,-5.188026E-04,-5.340599E-05,-6.66667E-04
2.368184,-9.918259E-05,-4.57766E-05,6.66667E-04
2.369184,-3.433246E-04,0,-.001
2.370185,-2.670307E-04,-2.059946E-04,.001
2.371186,5.340599E-05,-2.13624E-04,.001
2.372186,1.220712E-04,-2.517719E-04,-.001
2.373187,1.06812E-04,4.57766E-05,2.33333E-03
2.374187,6.103562E-05,-7.629441E-05,-.001
2.375188,-1.602182E-04,-1.06812E-04,-.002
2.376188,-3.585834E-04,1.525891E-05,.001
2.377189,-5.874671E-04,-4.730243E-04,-.002
2.378189,-5.493201E-04,-3.738422E-04,.002
2.379189,-5.874671E-04,1.297006E-04,6.66667E-04
2.38019,-3.280658E-04,9.918259E-05,-.001
2.381191,-6.103562E-05,9.918259E-05,.001
2.382191,-2.594013E-04,2.594013E-04,-.001
2.383192,-9.918259E-05,1.983652E-04,-3.66667E-03
2.384192,-1.75477E-04,2.899189E-04,-3.66667E-03
2.385193,-1.220712E-04,9.15532E-05,-6.66667E-04
2.386193,6.866502E-05,2.594013E-04,-.002
2.387194,4.196186E-04,3.662128E-04,-2.33333E-03
2.388194,4.959144E-04,3.50954E-04,-.004
2.389194,4.653949E-04,5.264319E-04,-.002
2.390195,5.264319E-04,2.517719E-04,-2.33333E-03
2.391196,5.188026E-04,-1.3733E-04,-6.66667E-04
2.392196,4.425067E-04,3.814721E-05,-.002
2.393197,4.196186E-04,-1.3733E-04,.001
2.394197,3.585834E-04,-2.28883E-05,-3.66667E-03
2.395198,2.899189E-04,2.059946E-04,-6.66667E-04
2.396198,3.12807E-04,3.280658E-04,-.001
2.397199,1.06812E-04,5.188026E-04,-.002
2.398199,-5.340599E-05,3.280658E-04,6.66667E-04
2.399199,5.340599E-05,3.051776E-04,-.002
2.4002,1.525888E-04,6.790198E-04,-.001
2.401201,1.525888E-04,4.730243E-04,2.33333E-03
2.402201,5.645789E-04,1.449594E-04,.001
2.403202,7.858314E-04,3.662128E-04,.001
2.404202,3.738422E-04,4.501361E-04,-.002
2.405203,1.983652E-04,4.88285E-04,-.002
2.406203,0,4.88285E-04,-2.33333E-03
2.407204,-4.57766E-05,3.051776E-04,-.001
2.408204,-2.059946E-04,-7.629441E-05,-2.33333E-03
2.409204,2.28883E-05,-1.449594E-04,-2.33333E-03
2.410205,-5.340599E-05,-1.525888E-04,6.66667E-04
2.411206,7.629453E-06,-3.814716E-04,-.001
2.412206,-1.602182E-04,-2.746601E-04,-.001
2.413207,-3.356952E-04,-1.602182E-04,-.002
2.414207,-2.975482E-04,-3.738422E-04,.001
2.415208,-1.3733E-04,-1.983652E-04,-6.66667E-04
2.416208,7.629453E-06,-2.365122E-04,-.002
2.417209,-3.12807E-04,-2.288828E-04,6.66667E-04
2.418209,-4.119892E-04,8.392381E-05,6.66667E-04
2.41921,-4.806537E-04,9.918259E-05,-6.66667E-04
2.42021,-4.27248E-04,1.983652E-04,-6.66667E-04
2.421211,-4.577655E-04,-5.340599E-05,-.001
2.422211,-2.13624E-04,2.28883E-05,.001
2.423212,-1.3733E-04,6.103562E-05,-6.66667E-04
2.424212,3.051776E-04,2.594013E-04,-.002
2.425213,1.297006E-04,-6.103562E-05,-2.33333E-03
2.426213,-9.918259E-05,0,-.002
2.427214,-1.831064E-04,-8.392381E-05,-3.66667E-03
2.428214,-4.27248E-04,7.629453E-06,.001
2.429215,-1.907358E-04,2.670307E-04,-.002
2.430215,-6.179847E-04,3.433246E-04,.001
2.431216,-1.907358E-04,0,-.002
2.432216,2.670307E-04,-1.525891E-05,-.002
2.433217,1.144414E-04,2.28883E-05,.002
2.434217,-5.340599E-05,-3.051781E-05,.002
2.435218,-3.738422E-04,9.15532E-05,-6.66667E-04
2.436218,-2.059946E-04,1.449594E-04,-6.66667E-04
2.437219,1.144414E-04,0,-.002
2.438219,7.629453E-06,-9.15532E-05,6.66667E-04
2.43922,-3.051781E-05,4.57766E-05,6.66667E-04
2.44022,-5.645789E-04,1.831064E-04,.002
2.441221,-4.806537E-04,3.662128E-04,-3.66667E-03
2.442221,-3.814721E-05,4.425067E-04,-.001
2.443222,3.662128E-04,-1.983652E-04,6.66667E-04
2.444222,3.204364E-04,-9.15532E-05,-6.66667E-04
2.445223,2.670307E-04,1.525891E-05,.002
2.446223,2.28883E-05,2.822895E-04,.001
2.447224,-3.051781E-05,9.918259E-05,.002
2.448224,1.831064E-04,-3.051781E-05,-.001
2.449225,2.28883E-05,4.57766E-05,-6.66667E-04
2.450225,-3.814721E-05,2.212534E-04,-6.66667E-04
2.451226,-2.288828E-04,4.043598E-04,.001
2.452226,-1.220712E-04,4.806537E-04,-.004
2.453227,6.866502E-05,6.713904E-04,6.66667E-04
2.454227,-1.144414E-04,3.356952E-04,-6.66667E-04
2.455228,-1.602182E-04,2.822895E-04,-6.66667E-04
2.456228,-8.392381E-05,2.365122E-04,-.002
2.457229,2.059946E-04,2.365122E-04,.001
2.458229,8.392381E-05,3.12807E-04,.001
2.45923,-4.043598E-04,8.392381E-05,6.66667E-04
2.46023,-7.629441E-05,-1.907358E-04,-6.66667E-04
2.461231,2.059946E-04,-1.144414E-04,.001
2.462231,1.907358E-04,-1.525891E-05,.002
2.463232,-6.103562E-05,-3.12807E-04,-2.33333E-03
2.464232,-2.899189E-04,-3.738422E-04,-6.66667E-04
2.465233,-2.975482E-04,-5.111732E-04,.001
2.466233,-6.103562E-05,-7.01908E-04,-.002
2.467234,9.918259E-05,-1.983652E-04,6.66667E-04
2.468234,8.392381E-05,-1.3733E-04,-.004
2.469235,-1.06812E-04,1.220712E-04,-2.33333E-03
2.470235,-6.866502E-05,-1.525888E-04,-2.33333E-03
2.471236,1.525888E-04,-8.392381E-05,6.66667E-04
2.472236,1.3733E-04,3.12807E-04,6.66667E-04
2.473237,4.57766E-05,4.57766E-05,-.002
2.474237,-1.602182E-04,-2.13624E-04,-.002
2.475238,-1.525888E-04,-1.220712E-04,-6.66667E-04
2.476238,-1.297006E-04,-2.670307E-04,6.66667E-04
2.477239,-1.525891E-05,-3.50954E-04,-6.66667E-04
2.478239,1.449594E-04,-5.874671E-04,-.001
2.47924,3.433246E-04,-3.738422E-04,.001
2.48024,4.348774E-04,3.814721E-05,2.33333E-03
2.481241,3.433246E-04,9.918259E-05,.001
2.482241,-1.297006E-04,2.670307E-04,.001
2.483242,0,2.594013E-04,-.001
2.484242,-1.144414E-04,1.525888E-04,-.001
2.485243,-1.525888E-04,-2.13624E-04,6.66667E-04
2.486243,-2.28883E-05,-1.983652E-04,.001
2.487244,-6.103562E-05,6.103562E-05,-.001
2.488244,1.602182E-04,2.822895E-04,6.66667E-04
2.489245,2.746601E-04,1.602182E-04,.002
2.490245,2.059946E-04,1.449594E-04,-.001
2.491246,9.918259E-05,3.356952E-04,-.001
2.492246,6.103562E-05,9.918259E-05,-6.66667E-04
2.493247,4.57766E-05,7.629453E-06,6.66667E-04
2.494247,9.918259E-05,9.15532E-05,-6.66667E-04
2.495248,3.12807E-04,3.12807E-04,.001
2.496248,3.662128E-04,3.738422E-04,6.66667E-04
2.497249,6.103562E-05,3.204364E-04,-6.66667E-04
2.498249,-8.392381E-05,4.501361E-04,-.002
2.49925,-3.356952E-04,3.814716E-04,-.002
2.50025,-3.738422E-04,3.12807E-04,-.001
2.501251,7.629453E-06,1.525891E-05,-.001
2.502251,3.814716E-04,-1.75477E-04,-3.66667E-03
2.503252,4.653949E-04,-2.13624E-04,.001
2.504252,3.662128E-04,-1.983652E-04,-.001
2.505253,2.517719E-04,-5.340599E-05,-6.66667E-04
2.506253,1.831064E-04,9.918259E-05,-.001
2.507254,-5.340599E-05,4.57766E-05,-.001
2.508254,-1.06812E-04,2.594013E-04,-6.66667E-04
2.509255,1.297006E-04,3.051776E-04,-6.66667E-04
2.510255,-1.75477E-04,3.12807E-04,-6.66667E-04
2.511256,-6.866502E-05,2.365122E-04,-6.66667E-04
2.512256,1.144414E-04,-1.602182E-04,6.66667E-04
2.513257,2.517719E-04,-4.196186E-04,.001
2.514257,2.365122E-04,-5.340613E-04,6.66667E-04
2.515258,3.89101E-04,-4.501361E-04,-.002
2.516258,4.196186E-04,-8.392381E-05,-6.66667E-04
2.517259,3.662128E-04,-1.525891E-05,6.66667E-04
2.518259,2.899189E-04,-5.188026E-04,.001
2.51926,5.340599E-05,-5.645789E-04,.002
2.52026,-2.28883E-05,-4.501361E-04,-.002
2.521261,-1.06812E-04,-1.907358E-04,6.66667E-04
2.522261,-3.051776E-04,-2.441425E-04,-6.66667E-04
2.523262,-1.75477E-04,-4.348774E-04,-.001
2.524262,2.28883E-05,-2.899189E-04,-.002
2.525263,-4.57766E-05,-1.144414E-04,-6.66667E-04
2.526263,-1.220712E-04,9.15532E-05,-6.66667E-04
2.527264,-1.983652E-04,3.204364E-04,-6.66667E-04
2.528264,2.28883E-05,4.196186E-04,6.66667E-04
2.529265,-2.28883E-05,-9.15532E-05,.001
2.530265,0,-9.15532E-05,-.001
2.531266,-1.75477E-04,-2.212534E-04,-.001
2.532266,4.57766E-05,-3.356952E-04,6.66667E-04
2.533267,9.15532E-05,1.525888E-04,-6.66667E-04
2.534267,-8.392381E-05,-2.13624E-04,-.001
2.535268,2.441425E-04,-1.983652E-04,6.66667E-04
2.536268,8.392381E-05,4.57766E-05,-6.66667E-04
2.537269,3.051781E-05,2.822895E-04,-6.66667E-04
2.538269,4.653949E-04,1.907358E-04,-.002
2.53927,7.171668E-04,2.28883E-05,-.002
2.54027,7.171668E-04,-3.738422E-04,-.002
2.541271,6.561317E-04,-4.730243E-04,-6.66667E-04
2.542271,7.40055E-04,-2.746601E-04,-6.66667E-04
2.543272,6.256141E-04,-3.967304E-04,-6.66667E-04
2.544272,3.280658E-04,-5.340613E-04,-.001
2.545273,-2.28883E-05,-5.035438E-04,-.001
2.546273,-1.525888E-04,-3.738422E-04,-.001
2.547274,-1.525888E-04,-4.653949E-04,.001
2.548274,7.629453E-06,-2.594013E-04,.001
2.549275,1.220712E-04,-7.629441E-05,.002
2.550275,2.28883E-05,3.051781E-05,.002
2.551276,-3.204364E-04,2.28883E-05,-6.66667E-04
2.552276,-1.907358E-04,4.57766E-05,-2.33333E-03
2.553277,-1.831064E-04,2.212534E-04,-6.66667E-04
2.554277,-3.051776E-04,4.57766E-05,-6.66667E-04
2.555278,-5.645789E-04,9.15532E-05,6.66667E-04
2.556278,-5.569495E-04,1.525891E-05,-6.66667E-04
2.557279,-2.670307E-04,-3.051781E-05,-.002
2.558279,-5.645789E-04,1.297006E-04,6.66667E-04
2.55928,-5.569495E-04,1.525888E-04,.001
2.56028,-2.13624E-04,2.28883E-05,.001
2.561281,-2.365122E-04,1.525888E-04,-6.66667E-04
2.562281,-5.035438E-04,2.594013E-04,-.001
2.563282,-2.288828E-04,2.212534E-04,-.001
2.564282,-2.28883E-05,2.28883E-05,.001
2.565283,9.918259E-05,-3.12807E-04,6.66667E-04
2.566283,1.602182E-04,-2.441425E-04,-.001
2.567284,3.433246E-04,-1.602182E-04,6.66667E-04
2.568284,-9.918259E-05,5.340599E-05,-.002
2.569285,2.28883E-05,1.907358E-04,-6.66667E-04
2.570285,2.441425E-04,9.918259E-05,-.001
2.571286,1.525888E-04,-1.678476E-04,-.002
2.572286,9.15532E-05,-5.340599E-05,.002
2.573287,1.525888E-04,1.907358E-04,.001
2.574287,3.051781E-05,4.425067E-04,-6.66667E-04
2.575288,6.103562E-05,1.144414E-04,-6.66667E-04
2.576288,1.602182E-04,9.15532E-05,-.001
2.577289,8.392381E-05,-3.356952E-04,.001
2.578289,1.678476E-04,-5.950965E-04,-.001
2.57929,3.50954E-04,-5.264319E-04,-6.66667E-04
2.58029,3.738422E-04,-1.525888E-04,-.002
2.581291,3.967304E-04,-1.144414E-04,-.001
2.582291,2.594013E-04,4.57766E-05,-6.66667E-04
2.583292,1.602182E-04,7.629453E-06,-.001
2.584292,-7.629441E-05,1.220712E-04,-2.33333E-03
2.585293,7.629441E-05,-7.629453E-06,.001
2.586293,5.340599E-05,-4.119892E-04,-.002
2.587294,1.144414E-04,-3.280658E-04,-3.66667E-03
2.588294,1.525891E-05,-3.89101E-04,-.002
2.589295,-2.670307E-04,9.918259E-05,-.002
2.590295,-5.798377E-04,4.730243E-04,.001
2.591296,-2.13624E-04,1.907358E-04,6.66667E-04
2.592296,1.297006E-04,7.629453E-06,-6.66667E-04
2.593297,3.50954E-04,-1.220712E-04,-6.66667E-04
2.594297,4.653949E-04,-2.288828E-04,-6.66667E-04
2.595298,4.730243E-04,-1.831064E-04,.001
2.596298,2.059946E-04,-2.975482E-04,6.66667E-04
2.597299,1.602182E-04,-1.06812E-04,.001
2.598299,2.975482E-04,-2.746601E-04,-.002
2.5993,2.822895E-04,-4.27248E-04,.001
2.6003,1.525888E-04,-2.594013E-04,-6.66667E-04
2.601301,2.746601E-04,-1.907358E-04,.002
2.602301,3.50954E-04,-5.645789E-04,.001
2.603302,2.670307E-04,-1.75477E-04,-2.33333E-03
2.604302,2.975482E-04,2.670307E-04,-2.33333E-03
2.605303,1.06812E-04,4.348774E-04,.001
2.606303,-7.629453E-06,1.525888E-04,.001
2.607304,1.220712E-04,3.89101E-04,-6.66667E-04
2.608304,-3.051781E-05,3.662128E-04,-6.66667E-04
2.609305,-1.75477E-04,3.280658E-04,-.002
2.610305,-3.738422E-04,1.602182E-04,.001
2.611306,-2.28883E-05,1.297006E-04,.002
2.612306,-6.866502E-05,-6.103562E-05,-6.66667E-04
2.613307,-1.220712E-04,-3.280658E-04,-2.33333E-03
2.614307,-2.059946E-04,-2.13624E-04,-.002
2.615308,-3.204364E-04,-2.059946E-04,-.002
2.616308,-2.594013E-04,-6.866502E-05,-.002
2.617309,0,1.144414E-04,.001
2.618309,4.57766E-05,1.144414E-04,-6.66667E-04
2.61931,2.059946E-04,2.746601E-04,-.002
2.62031,2.594013E-04,2.13624E-04,-.001
2.621311,1.75477E-04,2.441425E-04,-6.66667E-04
2.622311,-1.831064E-04,2.288828E-04,-6.66667E-04
2.623312,-1.602182E-04,1.602182E-04,.001
2.624312,-2.28883E-05,4.57766E-05,.001
2.625313,-1.525888E-04,-7.629441E-05,-6.66667E-04
2.626313,1.06812E-04,-6.103562E-05,-.001
2.627314,-7.629453E-06,-7.629453E-06,6.66667E-04
2.628314,-3.051781E-05,-1.602182E-04,-6.66667E-04
2.629315,-1.06812E-04,3.051781E-05,.001
2.630315,-1.3733E-04,1.3733E-04,-.001
2.631316,3.051781E-05,3.051781E-05,-.002
2.632316,1.75477E-04,-3.585834E-04,3.66667E-03
2.633317,6.103553E-04,-3.280658E-04,-6.66667E-04
2.634317,4.959144E-04,-5.340599E-05,-6.66667E-04
2.635318,4.806537E-04,-1.144414E-04,-6.66667E-04
2.636318,3.204364E-04,-1.602182E-04,-.001
2.637319,6.866502E-05,4.57766E-05,-6.66667E-04
2.638319,5.340599E-05,2.288828E-04,-6.66667E-04
2.63932,-7.629441E-05,4.501361E-04,-.001
2.64032,-3.662128E-04,4.425067E-04,-.001
2.641321,-5.340613E-04,4.27248E-04,2.33333E-03
2.642321,-6.485023E-04,1.983652E-04,-6.66667E-04
2.643322,-2.746601E-04,1.144414E-04,-.001
2.644322,-2.899189E-04,-4.57766E-05,.002
2.645323,3.051781E-05,8.392381E-05,.001
2.646323,1.831064E-04,-7.629441E-05,-.001
2.647324,3.051776E-04,1.06812E-04,.001
2.648324,1.525888E-04,5.340599E-05,6.66667E-04
2.649325,0,-2.059946E-04,-6.66667E-04
2.650325,-4.57766E-05,-4.730243E-04,-.001
2.651326,4.57766E-05,-4.119892E-04,6.66667E-04
2.652326,-1.602182E-04,-1.525891E-05,-.001
2.653327,-4.27248E-04,-4.043598E-04,-2.33333E-03
2.654327,-3.967304E-04,-6.63761E-04,-.002
2.655328,-7.629441E-05,-5.493201E-04,-.001
2.656328,-1.449594E-04,-2.899189E-04,-.001
2.657329,-2.441425E-04,-4.57766E-05,-.001
2.658329,-2.670307E-04,1.831064E-04,-6.66667E-04
2.65933,-3.356952E-04,1.06812E-04,-.001
2.66033,-4.27248E-04,1.831064E-04,6.66667E-04
2.661331,-4.043598E-04,2.212534E-04,-6.66667E-04
2.662331,-7.171668E-04,-1.297006E-04,-6.66667E-04
2.663332,-7.476844E-04,-3.662128E-04,6.66667E-04
2.664332,-1.136787E-03,-4.27248E-04,.001
2.665333,-1.190193E-03,-1.602182E-04,-.004
2.666333,-1.487739E-03,-1.602182E-04,-.001
2.667334,-1.678474E-03,-7.629441E-05,.001
2.668334,-2.08284E-03,-7.629441E-05,-.001
2.669335,-2.677932E-03,-1.602182E-04,-6.66667E-04
2.670335,-3.59346E-03,-1.678476E-04,.002
2.671336,-4.28012E-03,-2.288828E-04,-.002
2.672336,-5.004913E-03,-1.602182E-04,-3.66667E-03
2.673337,-5.340606E-03,-7.629453E-06,6.66667E-04
2.674337,-5.096465E-03,-2.365122E-04,-.001
2.675338,-4.341155E-03,-4.501361E-04,-.002
2.676338,-4.173309E-03,-7.40055E-04,-2.33333E-03
2.677339,-3.730789E-03,-7.40055E-04,-6.66667E-04
2.678339,-3.685012E-03,-5.035438E-04,.001
2.67934,-3.555313E-03,-5.340599E-05,-2.33333E-03
2.68034,-2.700821E-03,4.348774E-04,-.002
2.681341,-1.922615E-03,1.602182E-04,6.66667E-04
2.682341,-1.449592E-03,-1.525891E-05,.001
2.683342,-9.689368E-04,-5.340599E-05,-6.66667E-04
2.684342,-4.043598E-04,-1.602182E-04,6.66667E-04
2.685343,3.814721E-05,4.57766E-05,-6.66667E-04
2.686343,-1.983652E-04,1.602182E-04,-.001
2.687344,-4.196186E-04,3.50954E-04,-.002
2.688344,-3.204364E-04,2.13624E-04,-.002
2.689345,-1.602182E-04,-7.629453E-06,-.001
2.690345,-4.806537E-04,-5.340599E-05,-.002
2.691346,-4.88285E-04,1.3733E-04,-6.66667E-04
2.692346,-2.899189E-04,-2.594013E-04,-6.66667E-04
2.693347,0,-1.602182E-04,.001
2.694347,-2.670307E-04,-6.103562E-05,.001
2.695348,-3.12807E-04,-7.629453E-06,-6.66667E-04
2.696348,1.144414E-04,6.103562E-05,-.001
2.697349,1.144414E-04,4.57766E-05,6.66667E-04
2.698349,-3.051776E-04,-1.525888E-04,-.001
2.69935,-1.602182E-04,6.866502E-05,6.66667E-04
2.70035,7.629453E-06,7.629441E-05,6.66667E-04
2.701351,-2.28883E-05,2.28883E-05,6.66667E-04
2.702351,-9.15532E-05,-1.75477E-04,-6.66667E-04
2.703352,-2.822895E-04,-1.602182E-04,-6.66667E-04
2.704352,-2.365122E-04,4.57766E-05,-.001
2.705353,-2.899189E-04,5.722083E-04,-.002
2.706353,-1.06812E-04,1.983652E-04,.001
2.707354,-1.983652E-04,-2.899189E-04,-.001
2.708354,3.814721E-05,-5.798377E-04,-.002
2.709355,5.798377E-04,-4.88285E-04,6.66667E-04
2.710355,3.280658E-04,-3.356952E-04,-.002
2.711356,1.449594E-04,-1.75477E-04,-.002
2.712356,-5.340599E-05,-1.220712E-04,-6.66667E-04
2.713357,-2.594013E-04,-3.204364E-04,3.66667E-03
2.714357,-2.594013E-04,-1.831064E-04,.002
2.715358,-5.035438E-04,-1.06812E-04,6.66667E-04
2.716358,-7.78202E-04,1.525891E-05,-6.66667E-04
2.717359,-8.087195E-04,-1.75477E-04,-6.66667E-04
2.718359,-3.89101E-04,-2.746601E-04,.001
2.71936,0,-3.12807E-04,-6.66667E-04
2.72036,-1.06812E-04,1.3733E-04,-6.66667E-04
2.721361,-1.678476E-04,3.89101E-04,6.66667E-04
2.722361,-1.06812E-04,3.967304E-04,-.002
2.723362,-2.746601E-04,7.629441E-05,-3.66667E-03
2.724362,-5.111732E-04,-1.75477E-04,6.66667E-04
2.725363,-5.340613E-04,-4.196186E-04,-.001
2.726363,-3.662128E-04,-6.408729E-04,-.004
2.727364,-1.525891E-05,-4.27248E-04,-.002
2.728364,-8.392381E-05,-3.051781E-05,-.001
2.729365,2.365122E-04,1.907358E-04,-6.66667E-04
2.730365,2.365122E-04,-2.746601E-04,-3.66667E-03
2.731366,1.907358E-04,-3.89101E-04,-.001
2.732366,1.220712E-04,-1.525888E-04,6.66667E-04
2.733367,2.365122E-04,0,-.001
2.734367,1.75477E-04,1.525888E-04,-.002
2.735368,1.907358E-04,2.517719E-04,-.002
2.736368,1.75477E-04,6.866502E-05,-.002
2.737369,-1.144414E-04,-6.866502E-05,6.66667E-04
2.738369,-2.517719E-04,-1.06812E-04,-.001
2.73937,-2.365122E-04,2.28883E-05,6.66667E-04
2.74037,6.103562E-05,1.449594E-04,6.66667E-04
2.741371,2.212534E-04,2.670307E-04,-6.66667E-04
2.742371,9.15532E-05,2.899189E-04,-6.66667E-04
2.743372,-1.144414E-04,3.89101E-04,-6.66667E-04
2.744372,-1.220712E-04,4.348774E-04,-.001
2.745373,-1.525888E-04,4.577655E-04,-6.66667E-04
2.746373,1.3733E-04,7.01908E-04,-.001
2.747374,2.059946E-04,4.196186E-04,-.002
2.748374,9.15532E-05,1.525888E-04,.002
2.749375,-3.204364E-04,4.196186E-04,.001
2.750375,-3.433246E-04,4.119892E-04,-6.66667E-04
2.751376,9.918259E-05,1.602182E-04,-3.66667E-03
2.752376,2.441425E-04,-6.103562E-05,6.66667E-04
2.753377,2.059946E-04,0,3.66667E-03
2.754377,-1.3733E-04,2.441425E-04,-6.66667E-04
2.755378,-3.814721E-05,3.280658E-04,-6.66667E-04
2.756378,-3.814721E-05,2.365122E-04,-2.33333E-03
2.757379,-1.602182E-04,-1.907358E-04,6.66667E-04
2.758379,-3.814716E-04,-9.918259E-05,6.66667E-04
2.75938,-2.13624E-04,1.525888E-04,-.001
2.76038,0,3.89101E-04,-.002
2.761381,1.831064E-04,3.280658E-04,-.001
2.762381,5.340599E-05,3.814721E-05,6.66667E-04
2.763382,7.629441E-05,-1.220712E-04,-6.66667E-04
2.764382,-7.629453E-06,-1.75477E-04,-.002
2.765383,-4.501361E-04,3.051781E-05,-6.66667E-04
2.766383,-6.408729E-04,-9.918259E-05,-.001
2.767384,-5.493201E-04,-1.297006E-04,6.66667E-04
2.768384,-3.814716E-04,-1.06812E-04,-6.66667E-04
2.769385,-1.525891E-05,-3.814721E-05,-.002
2.770385,-7.629453E-06,-5.264319E-04,.002
2.771386,1.525888E-04,-7.858314E-04,-6.66667E-04
2.772386,2.822895E-04,-3.738422E-04,-2.33333E-03
2.773387,-3.585834E-04,-2.822895E-04,.001
2.774387,-4.27248E-04,-1.449594E-04,-6.66667E-04
2.775388,-1.3733E-04,9.918259E-05,6.66667E-04
2.776388,3.585834E-04,-4.57766E-05,-6.66667E-04
2.777389,4.806537E-04,-1.3733E-04,-.002
2.778389,2.899189E-04,2.13624E-04,-.001
2.77939,-9.918259E-05,2.822895E-04,6.66667E-04
2.78039,-6.103562E-05,6.332435E-04,6.66667E-04
2.781391,1.525891E-05,2.365122E-04,-.001
2.782391,-1.220712E-04,-8.392381E-05,-6.66667E-04
2.783392,-3.051781E-05,-2.365122E-04,-2.33333E-03
2.784392,2.365122E-04,-2.288828E-04,6.66667E-04
2.785393,-1.06812E-04,2.28883E-05,6.66667E-04
2.786393,-2.670307E-04,-7.629453E-06,-6.66667E-04
2.787394,-2.594013E-04,2.288828E-04,-.002
2.788394,-3.738422E-04,1.678476E-04,.001
2.789395,-2.288828E-04,6.103562E-05,-.001
2.790395,-5.722083E-04,5.340599E-05,-6.66667E-04
2.791396,-3.814716E-04,-7.629441E-05,-2.33333E-03
2.792396,-2.670307E-04,0,.001
2.793397,-2.441425E-04,6.866502E-05,-.002
2.794397,6.103562E-05,-3.814721E-05,-2.33333E-03
2.795398,1.907358E-04,8.392381E-05,-.001
2.796398,1.831064E-04,2.822895E-04,-6.66667E-04
2.797399,-8.392381E-05,-5.340599E-05,.001
2.798399,-5.340599E-05,-6.866502E-05,6.66667E-04
2.7994,-2.594013E-04,-1.144414E-04,6.66667E-04
2.8004,-1.983652E-04,3.280658E-04,-.002
2.801401,-2.288828E-04,3.280658E-04,.001
2.802401,-3.738422E-04,1.220712E-04,-.001
2.803402,-3.89101E-04,-2.13624E-04,-6.66667E-04
2.804402,-3.280658E-04,3.814721E-05,6.66667E-04
2.805403,-2.441425E-04,1.831064E-04,6.66667E-04
2.806403,-4.348774E-04,3.12807E-04,-6.66667E-04
2.807404,-2.822895E-04,1.06812E-04,-6.66667E-04
2.808404,-1.144414E-04,9.918259E-05,6.66667E-04
2.809405,-9.15532E-05,-1.602182E-04,-.002
2.810405,1.144414E-04,-1.06812E-04,-3.66667E-03
2.811406,6.866502E-05,2.059946E-04,-.002
2.812406,-7.629453E-06,2.975482E-04,6.66667E-04
2.813407,-1.525891E-05,4.27248E-04,-.001
2.814407,1.602182E-04,4.196186E-04,-2.33333E-03
2.815408,3.12807E-04,3.356952E-04,-.001
2.816408,3.051776E-04,4.043598E-04,-6.66667E-04
2.817409,9.15532E-05,3.12807E-04,-6.66667E-04
2.818409,-2.670307E-04,-2.670307E-04,-6.66667E-04
2.81941,-2.288828E-04,-7.40055E-04,-6.66667E-04
2.82041,-1.678476E-04,-3.662128E-04,-6.66667E-04
2.821411,1.525891E-05,-2.28883E-05,-.001
2.822411,-9.15532E-05,2.441425E-04,-.002
2.823412,-1.983652E-04,4.959144E-04,-.001
2.824412,-8.392381E-05,1.678476E-04,-.001
2.825413,-1.602182E-04,2.288828E-04,.001
2.826413,-9.15532E-05,1.678476E-04,6.66667E-04
2.827414,2.212534E-04,2.822895E-04,.001
2.828414,1.831064E-04,3.12807E-04,6.66667E-04
2.829415,1.75477E-04,8.392381E-05,-.001
2.830415,-1.220712E-04,-1.06812E-04,-6.66667E-04
2.831416,-2.441425E-04,-2.059946E-04,-.002
2.832416,-4.806537E-04,0,-6.66667E-04
2.833417,-7.40055E-04,2.365122E-04,-.001
2.834417,-5.416907E-04,4.57766E-05,6.66667E-04
2.835418,-4.959144E-04,-1.525891E-05,-.002
2.836418,-7.705726E-04,-6.866502E-05,-.001
2.837419,-1.09864E-03,-3.738422E-04,6.66667E-04
2.838419,-1.571663E-03,-2.059946E-04,-.001
2.83942,-1.770027E-03,-5.340599E-05,6.66667E-04
2.84042,-2.464309E-03,-3.356952E-04,6.66667E-04
2.841421,-2.532974E-03,-4.577655E-04,.001
2.842421,-2.70845E-03,-7.629441E-05,-.002
2.843422,-3.532425E-03,-1.831064E-04,.001
2.844422,-4.135162E-03,-3.814716E-04,-6.66667E-04
2.845423,-4.608184E-03,-3.738422E-04,-6.66667E-04
2.846423,-4.966766E-03,-1.907358E-04,-6.66667E-04
2.847424,-4.53189E-03,-1.983652E-04,.001
2.848424,-4.119903E-03,-3.814721E-05,6.66667E-04
2.849425,-3.929168E-03,9.15532E-05,-.001
2.850425,-3.448501E-03,2.059946E-04,.001
2.851426,-2.532974E-03,-2.28883E-05,6.66667E-04
2.852426,-2.189651E-03,-1.220712E-04,-.001
2.853427,-1.792915E-03,-2.13624E-04,-.001
2.854427,-1.319893E-03,-3.204364E-04,-.001
2.855428,-1.35041E-03,-6.713904E-04,-.002
2.856428,-9.994581E-04,-6.408729E-04,-6.66667E-04
2.857429,-7.40055E-04,-4.27248E-04,-.002
2.858429,-6.256141E-04,-2.13624E-04,6.66667E-04
2.85943,-4.88285E-04,-2.899189E-04,.001
2.86043,-4.425067E-04,-1.602182E-04,.001
2.861431,-4.806537E-04,2.28883E-05,-6.66667E-04
2.862431,-4.730243E-04,-1.449594E-04,-6.66667E-04
2.863432,-6.485023E-04,-1.220712E-04,-6.66667E-04
2.864432,-3.280658E-04,-1.220712E-04,-.001
2.865433,-4.425067E-04,1.144414E-04,-.001
2.866433,-5.874671E-04,-1.06812E-04,-.002
2.867434,-6.332435E-04,7.629453E-06,6.66667E-04
2.868434,-3.89101E-04,8.392381E-05,-.001
2.869435,-3.433246E-04,-5.340599E-05,-.002
2.870435,-8.392381E-05,-1.220712E-04,-.002
2.871436,4.57766E-05,-1.525888E-04,-.001
2.872436,-6.103562E-05,-6.103562E-05,.001
2.873437,-1.602182E-04,8.392381E-05,-6.66667E-04
2.874437,1.525888E-04,-1.06812E-04,-2.33333E-03
2.875438,2.288828E-04,-2.975482E-04,-.001
2.876438,3.662128E-04,-1.297006E-04,6.66667E-04
2.877439,3.280658E-04,-1.3733E-04,-6.66667E-04
2.878439,1.983652E-04,-1.602182E-04,-.001
2.87944,3.814721E-05,-1.144414E-04,-.002
2.88044,6.103562E-05,-9.15532E-05,-.001
2.881441,2.365122E-04,-3.280658E-04,.001
2.882441,-8.392381E-05,-3.738422E-04,6.66667E-04
2.883442,-2.365122E-04,-3.280658E-04,-6.66667E-04
2.884442,-3.814716E-04,-5.340599E-05,6.66667E-04
2.885443,-1.983652E-04,1.06812E-04,6.66667E-04
2.886443,-5.340599E-05,-3.356952E-04,-6.66667E-04
2.887444,1.602182E-04,-1.297006E-04,6.66667E-04
2.888444,1.678476E-04,-1.06812E-04,-6.66667E-04
2.889445,-2.670307E-04,-4.57766E-05,.001
2.890445,-2.13624E-04,5.340599E-05,-6.66667E-04
2.891446,-2.13624E-04,-4.57766E-05,-6.66667E-04
2.892446,1.602182E-04,-1.525888E-04,-6.66667E-04
2.893447,1.220712E-04,-4.57766E-05,-6.66667E-04
2.894447,-1.3733E-04,6.103562E-05,.001
2.895448,-1.3733E-04,2.288828E-04,.001
2.896448,3.814721E-05,1.220712E-04,-.001
2.897449,-1.220712E-04,-2.13624E-04,6.66667E-04
2.898449,-1.297006E-04,-2.899189E-04,-.002
2.89945,-2.517719E-04,-3.585834E-04,6.66667E-04
2.90045,-1.602182E-04,-2.13624E-04,2.33333E-03
2.901451,2.212534E-04,-2.594013E-04,.001
2.902451,2.975482E-04,-1.449594E-04,-.001
2.903452,9.918259E-05,-1.907358E-04,6.66667E-04
2.904452,-1.602182E-04,-3.662128E-04,-.001
2.905453,-2.746601E-04,-2.822895E-04,-.001
2.906453,-2.670307E-04,3.051781E-05,6.66667E-04
2.907454,-4.959144E-04,3.051776E-04,6.66667E-04
2.908454,-4.806537E-04,1.525888E-04,6.66667E-04
2.909455,-4.348774E-04,1.525888E-04,-6.66667E-04
2.910455,-3.356952E-04,3.051781E-05,-2.33333E-03
2.911456,1.449594E-04,-5.340599E-05,2.33333E-03
2.912456,4.730243E-04,0,6.66667E-04
2.913457,5.188026E-04,-3.051781E-05,-.002
2.914457,4.196186E-04,-2.670307E-04,-.001
2.915458,3.280658E-04,-1.602182E-04,-6.66667E-04
2.916458,1.907358E-04,3.356952E-04,6.66667E-04
2.917459,1.678476E-04,6.561317E-04,-.002
2.918459,2.822895E-04,5.416907E-04,-6.66667E-04
2.91946,6.027259E-04,2.975482E-04,-.002
2.92046,6.561317E-04,1.525888E-04,-.001
2.921461,3.12807E-04,1.602182E-04,-.002
2.922461,-3.814721E-05,1.06812E-04,-2.33333E-03
2.923462,-1.75477E-04,3.051776E-04,6.66667E-04
2.924462,-1.907358E-04,-3.051781E-05,-6.66667E-04
2.925463,-2.822895E-04,7.629453E-06,-6.66667E-04
2.926463,-3.585834E-04,-1.525891E-05,-.001
2.927464,-2.746601E-04,-3.356952E-04,6.66667E-04
2.928464,-1.75477E-04,-4.88285E-04,-6.66667E-04
2.929465,-1.525888E-04,-7.324256E-04,.001
2.930465,-2.899189E-04,-6.332435E-04,-6.66667E-04
2.931466,-1.06812E-04,-2.517719E-04,6.66667E-04
2.932466,-1.831064E-04,-3.051781E-05,-3.66667E-03
2.933467,5.340599E-05,-4.57766E-05,6.66667E-04
2.934467,-1.449594E-04,3.814721E-05,-6.66667E-04
2.935468,-2.746601E-04,-1.75477E-04,6.66667E-04
2.936468,-3.585834E-04,-1.525888E-04,-6.66667E-04
2.937469,-4.27248E-04,-9.15532E-05,-2.33333E-03
2.938469,-2.594013E-04,-2.822895E-04,.001
2.93947,0,-6.866492E-04,-6.66667E-04
2.94047,-3.051776E-04,-2.13624E-04,.001
2.941471,-3.204364E-04,4.043598E-04,-2.33333E-03
2.942471,-1.06812E-04,4.196186E-04,-.002
2.943472,-4.043598E-04,2.594013E-04,-6.66667E-04
2.944472,-5.874671E-04,1.75477E-04,-6.66667E-04
2.945473,-4.959144E-04,3.89101E-04,-.001
2.946473,-4.119892E-04,3.12807E-04,-.001
2.947474,-3.204364E-04,2.441425E-04,2.33333E-03
2.948474,-2.746601E-04,2.594013E-04,-6.66667E-04
2.949475,-2.899189E-04,9.15532E-05,-.002
2.950475,-5.340599E-05,-1.525888E-04,-.001
2.951476,-4.57766E-05,-2.670307E-04,-6.66667E-04
2.952476,-3.585834E-04,-4.806537E-04,-6.66667E-04
2.953477,-4.653949E-04,-5.340599E-05,-6.66667E-04
2.954477,-3.280658E-04,6.103562E-05,-.002
2.955478,-3.738422E-04,-1.831064E-04,-2.33333E-03
2.956478,1.678476E-04,-1.602182E-04,-6.66667E-04
2.957479,-6.866502E-05,1.525891E-05,.001
2.958479,-1.06812E-04,3.89101E-04,.001
2.95948,9.918259E-05,4.806537E-04,-6.66667E-04
2.96048,-5.340599E-05,4.043598E-04,-6.66667E-04
2.961481,-3.738422E-04,4.043598E-04,-6.66667E-04
2.962481,-4.348774E-04,3.204364E-04,-.002
2.963482,-4.119892E-04,1.06812E-04,.001
2.964482,1.449594E-04,5.340599E-05,-.001
2.965483,4.501361E-04,-1.06812E-04,-.001
2.966483,5.416907E-04,3.814721E-05,-6.66667E-04
2.967484,6.561317E-04,-1.525888E-04,-6.66667E-04
2.968484,4.730243E-04,-1.220712E-04,6.66667E-04
2.969485,-1.525891E-05,-2.13624E-04,-6.66667E-04
2.970485,-1.907358E-04,-3.433246E-04,-.001
2.971486,-2.365122E-04,-1.678476E-04,-6.66667E-04
2.972486,2.441425E-04,2.441425E-04,-6.66667E-04
2.973487,-7.629453E-06,3.356952E-04,6.66667E-04
2.974487,1.06812E-04,4.196186E-04,-6.66667E-04
2.975488,2.212534E-04,3.204364E-04,-.001
2.976488,2.13624E-04,1.525888E-04,6.66667E-04
2.977489,2.059946E-04,-1.525888E-04,-.001
2.978489,2.365122E-04,-1.75477E-04,-.001
2.97949,1.831064E-04,-2.822895E-04,.001
2.98049,4.57766E-05,6.103562E-05,-6.66667E-04
2.981491,-1.3733E-04,-2.28883E-05,6.66667E-04
2.982491,3.280658E-04,-1.907358E-04,.001
2.983492,3.051776E-04,1.297006E-04,6.66667E-04
2.984492,8.392381E-05,-1.525888E-04,-6.66667E-04
2.985493,-2.670307E-04,-2.365122E-04,.001
2.986493,-2.441425E-04,-4.806537E-04,6.66667E-04
2.987494,-1.983652E-04,-6.179847E-04,2.33333E-03
2.988494,1.602182E-04,-6.790198E-04,2.33333E-03
2.989495,3.12807E-04,-6.332435E-04,-3.66667E-03
2.990495,2.822895E-04,-5.950965E-04,-.002
2.991496,3.12807E-04,-3.433246E-04,6.66667E-04
2.992496,-1.678476E-04,-5.264319E-04,-6.66667E-04
2.993497,-3.738422E-04,-7.705726E-04,.002
2.994497,-6.942786E-04,-7.324256E-04,-6.66667E-04
2.995498,-5.035438E-04,-3.662128E-04,-.002
2.996498,-4.577655E-04,-7.629441E-05,-.001
2.997499,-4.501361E-04,1.525891E-05,-.002
2.998499,-6.790198E-04,-1.06812E-04,6.66667E-04
2.9995,-6.408729E-04,1.06812E-04,.001
3.0005,-1.091011E-03,3.814716E-04,-.002
3.001501,-1.60218E-03,2.059946E-04,-6.66667E-04
3.002501,-2.441421E-03,-9.918259E-05,-6.66667E-04
3.003502,-3.204361E-03,-3.738422E-04,-6.66667E-04
3.004502,-.0038376,-5.188026E-04,-.001
3.005503,-4.859954E-03,-4.806537E-04,-6.66667E-04
3.006503,-6.42398E-03,-8.316077E-04,6.66667E-04
3.007504,-8.216918E-03,-9.002723E-04,-.001
3.008504,-1.010901E-02,-1.091011E-03,-2.33333E-03
3.009505,-1.230627E-02,-1.35804E-03,6.66667E-04
3.010505,-1.485449E-02,-1.60218E-03,-.002
3.011506,-1.705182E-02,-2.067581E-03,.001
3.012506,-1.882946E-02,-2.471939E-03,-.001
3.013507,-1.994336E-02,-2.525344E-03,-6.66667E-04
3.014507,-1.934063E-02,-2.304092E-03,-6.66667E-04
3.015508,-1.795971E-02,-2.059951E-03,-.002
3.016508,-1.576245E-02,-1.716621E-03,-.001
3.017509,-1.345068E-02,-1.113899E-03,-6.66667E-04
3.018509,-1.149756E-02,-5.035438E-04,6.66667E-04
3.01951,-9.506285E-03,-6.408729E-04,-.001
3.02051,-7.55313E-03,-7.40055E-04,-.001
3.021511,-5.744964E-03,-5.111732E-04,.001
3.022511,-4.318267E-03,-2.746601E-04,6.66667E-04
3.023512,-3.227249E-03,-2.975482E-04,-.001
3.024512,-2.174392E-03,-5.264319E-04,-.001
3.025513,-1.411445E-03,-3.50954E-04,-6.66667E-04
3.026513,-5.340613E-04,2.288828E-04,-6.66667E-04
3.027514,-2.441425E-04,5.188026E-04,-6.66667E-04
3.028514,-7.629441E-05,5.264319E-04,-6.66667E-04
3.029515,-2.13624E-04,2.746601E-04,6.66667E-04
3.030515,-2.441425E-04,-8.392381E-05,6.66667E-04
3.031516,-2.441425E-04,-1.983652E-04,-.002
3.032516,-3.12807E-04,1.297006E-04,-2.33333E-03
3.033517,-6.103562E-05,9.15532E-05,-.001
3.034517,9.918259E-05,1.75477E-04,6.66667E-04
3.035518,-3.89101E-04,1.678476E-04,6.66667E-04
3.036518,-7.095374E-04,2.670307E-04,.001
3.037519,-6.408729E-04,8.392381E-05,6.66667E-04
3.038519,-8.468665E-04,-1.449594E-04,-.001
3.03952,-7.629432E-04,-2.13624E-04,6.66667E-04
3.04052,-6.942786E-04,7.629453E-06,-.001
3.041521,-7.40055E-04,8.392381E-05,-6.66667E-04
3.042521,-1.083381E-03,-7.629453E-06,.001
3.043522,-8.697547E-04,1.3733E-04,-6.66667E-04
3.044522,-4.577655E-04,1.3733E-04,6.66667E-04
3.045523,-2.212534E-04,-4.57766E-05,6.66667E-04
3.046523,-1.983652E-04,-4.196186E-04,-.001
3.047524,-1.831064E-04,-3.051776E-04,-2.33333E-03
3.048524,-1.144414E-04,-1.831064E-04,6.66667E-04
3.049525,-4.57766E-05,1.907358E-04,.001
3.050525,-7.629453E-06,1.525888E-04,-.002
3.051526,-2.28883E-05,1.06812E-04,-.002
3.052526,-5.340599E-05,-9.15532E-05,-.001
3.053527,-1.602182E-04,-3.738422E-04,-.002
3.054527,-2.899189E-04,-5.569495E-04,6.66667E-04
3.055528,-2.13624E-04,-3.89101E-04,-6.66667E-04
3.056528,-4.57766E-05,-3.967304E-04,-6.66667E-04
3.057529,-2.899189E-04,-1.525891E-05,-6.66667E-04
3.058529,8.392381E-05,2.899189E-04,-6.66667E-04
3.05953,0,5.569495E-04,-.002
3.06053,-6.103562E-05,6.027259E-04,-6.66667E-04
3.061531,-2.13624E-04,2.975482E-04,6.66667E-04
3.062531,-2.059946E-04,7.629453E-06,6.66667E-04
3.063532,-5.111732E-04,-6.866502E-05,3.66667E-03
3.064532,-1.3733E-04,-1.525888E-04,-.002
3.065533,-1.75477E-04,-7.629441E-05,-6.66667E-04
3.066533,-3.89101E-04,-3.433246E-04,6.66667E-04
3.067534,-3.50954E-04,-4.348774E-04,.001
3.068534,-2.212534E-04,-1.831064E-04,6.66667E-04
3.069535,-5.645789E-04,3.051781E-05,-6.66667E-04
3.070535,-6.63761E-04,1.06812E-04,-6.66667E-04
3.071536,-5.416907E-04,3.204364E-04,.001
3.072536,-5.874671E-04,3.662128E-04,.001
3.073537,-2.822895E-04,1.678476E-04,-2.33333E-03
3.074537,-1.602182E-04,2.28883E-05,-.001
3.075538,-1.75477E-04,-1.602182E-04,.002
3.076538,2.212534E-04,-1.144414E-04,.001
3.077539,5.035438E-04,-2.13624E-04,-.001
3.078539,4.119892E-04,-5.340599E-05,-6.66667E-04
3.07954,4.501361E-04,-3.204364E-04,6.66667E-04
3.08054,3.356952E-04,-3.89101E-04,-6.66667E-04
3.081541,-1.678476E-04,-2.594013E-04,-.001
3.082541,-5.874671E-04,-2.899189E-04,.001
3.083542,-4.653949E-04,-5.340613E-04,6.66667E-04
3.084542,-3.662128E-04,-1.144414E-04,6.66667E-04
3.085543,-4.57766E-05,3.051781E-05,-.001
3.086543,2.288828E-04,2.441425E-04,6.66667E-04
3.087544,1.678476E-04,4.653949E-04,-2.33333E-03
3.088544,1.525888E-04,6.027259E-04,-.001
3.089545,2.288828E-04,5.264319E-04,-6.66667E-04
3.090545,4.730243E-04,1.75477E-04,6.66667E-04
3.091546,4.043598E-04,-2.212534E-04,-6.66667E-04
3.092546,1.144414E-04,-2.365122E-04,-.002
3.093547,1.449594E-04,-1.144414E-04,-.001
3.094547,3.356952E-04,0,-.002
3.095548,4.27248E-04,-7.629441E-05,-2.33333E-03
3.096548,1.983652E-04,-1.297006E-04,-.001
3.097549,-1.678476E-04,-1.3733E-04,-6.66667E-04
3.098549,7.629441E-05,-9.918259E-05,-6.66667E-04
3.09955,1.144414E-04,2.365122E-04,-.001
3.10055,9.918259E-05,1.525888E-04,-6.66667E-04
3.101551,-2.975482E-04,4.043598E-04,.001
3.102551,-3.662128E-04,6.179847E-04,.002
3.103552,1.220712E-04,6.103553E-04,-6.66667E-04
3.104552,1.3733E-04,6.332435E-04,.001
3.105553,1.144414E-04,6.103553E-04,.001
3.106553,2.670307E-04,6.942786E-04,-.002
3.107554,2.212534E-04,3.662128E-04,-.002
3.108554,-1.907358E-04,3.662128E-04,-6.66667E-04
3.109555,-1.06812E-04,5.493201E-04,.001
3.110555,-4.57766E-05,4.730243E-04,-2.33333E-03
3.111556,1.220712E-04,2.670307E-04,-.001
3.112556,1.144414E-04,2.212534E-04,-6.66667E-04
3.113557,1.525888E-04,1.220712E-04,-3.66667E-03
3.114557,2.441425E-04,-1.678476E-04,-.001
3.115558,5.569495E-04,-2.975482E-04,-2.33333E-03
3.116558,6.256141E-04,-3.738422E-04,.001
3.117559,5.035438E-04,-2.670307E-04,-.001
3.118559,3.662128E-04,1.06812E-04,-6.66667E-04
3.11956,1.525888E-04,9.15532E-05,-.002
3.12056,5.874671E-04,2.365122E-04,6.66667E-04
3.121561,2.975482E-04,4.348774E-04,-6.66667E-04
3.122561,2.13624E-04,4.196186E-04,-6.66667E-04
3.123562,5.340599E-05,1.602182E-04,6.66667E-04
3.124562,-1.983652E-04,3.814721E-05,6.66667E-04
3.125563,-3.280658E-04,1.75477E-04,-.001
3.126563,-4.501361E-04,2.365122E-04,-6.66667E-04
3.127564,-4.425067E-04,-1.525888E-04,6.66667E-04
3.128564,3.814721E-05,-3.585834E-04,-.001
3.129565,2.441425E-04,-2.288828E-04,-6.66667E-04
3.130565,2.975482E-04,-5.340599E-05,6.66667E-04
3.131566,3.051776E-04,-1.220712E-04,-6.66667E-04
3.132566,3.12807E-04,-2.975482E-04,6.66667E-04
3.133567,-5.340599E-05,-2.13624E-04,-6.66667E-04
3.134567,2.28883E-05,-2.975482E-04,6.66667E-04
3.135568,2.28883E-05,-3.356952E-04,-3.66667E-03
3.136568,-6.866502E-05,-6.179847E-04,6.66667E-04
3.137569,-3.204364E-04,-2.746601E-04,-.001
3.138569,-6.332435E-04,3.051781E-05,-.002
3.13957,-3.662128E-04,-2.28883E-05,.001
3.14057,3.814721E-05,-2.822895E-04,-.001
3.141571,0,-3.204364E-04,-6.66667E-04
3.142571,-1.06812E-04,-2.822895E-04,-.001
3.143572,-5.493201E-04,-5.340599E-05,6.66667E-04
3.144572,-4.119892E-04,1.525888E-04,6.66667E-04
3.145573,-4.043598E-04,6.027259E-04,-.001
3.146573,-4.653949E-04,4.730243E-04,6.66667E-04
3.147574,-2.670307E-04,3.967304E-04,6.66667E-04
3.148574,1.06812E-04,0,-.002
3.149575,2.13624E-04,-2.212534E-04,-.001
3.150575,-3.814721E-05,-9.15532E-05,-.001
3.151576,-1.297006E-04,1.983652E-04,-.002
3.152576,-3.12807E-04,2.594013E-04,-6.66667E-04
3.153577,-2.288828E-04,-1.602182E-04,-6.66667E-04
3.154577,-3.204364E-04,-6.866502E-05,-6.66667E-04
3.155578,-6.256141E-04,2.441425E-04,-.001
3.156578,-7.40055E-04,-3.814721E-05,-.002
3.157579,-6.027259E-04,-1.602182E-04,6.66667E-04
3.158579,-6.866492E-04,3.051781E-05,6.66667E-04
3.15958,-7.01908E-04,-1.525891E-05,2.33333E-03
3.16058,-6.942786E-04,7.629441E-05,6.66667E-04
3.161581,-5.416907E-04,-2.746601E-04,-6.66667E-04
3.162581,-2.899189E-04,9.15532E-05,-6.66667E-04
3.163582,-2.899189E-04,3.662128E-04,-.002
3.164582,-4.88285E-04,7.629441E-05,-6.66667E-04
3.165583,-4.88285E-04,-3.051781E-05,-.001
3.166583,-8.239783E-04,1.983652E-04,-6.66667E-04
3.167584,-1.113899E-03,1.144414E-04,-.002
3.168584,-1.136787E-03,-5.340599E-05,-6.66667E-04
3.169585,-1.258858E-03,5.111732E-04,-6.66667E-04
3.170585,-1.213081E-03,4.88285E-04,-6.66667E-04
3.171586,-1.075752E-03,2.594013E-04,-.002
3.172586,-1.121528E-03,2.517719E-04,-.002
3.173587,-8.926429E-04,2.517719E-04,-6.66667E-04
3.174587,-9.841993E-04,2.13624E-04,-.001
3.175588,-5.340613E-04,1.983652E-04,.001
3.176588,-1.907358E-04,3.280658E-04,.001
3.177589,-4.806537E-04,1.678476E-04,-.002
3.178589,-5.874671E-04,-3.12807E-04,-.002
3.17959,-7.858314E-04,-1.3733E-04,-2.33333E-03
3.18059,-1.060493E-03,6.866502E-05,.001
3.181591,-1.235969E-03,1.602182E-04,.001
3.182591,-9.841993E-04,1.525891E-05,.001
3.183592,-6.942786E-04,1.75477E-04,-6.66667E-04
3.184592,-6.408729E-04,1.144414E-04,-.001
3.185593,-9.613074E-04,-1.06812E-04,2.33333E-03
3.186593,-9.002723E-04,-2.670307E-04,2.33333E-03
3.187594,-5.798377E-04,-3.280658E-04,-6.66667E-04
3.188594,-7.476844E-04,-3.738422E-04,-2.33333E-03
3.189595,-1.060493E-03,-2.28883E-05,-.001
3.190595,-1.060493E-03,4.57766E-05,-6.66667E-04
3.191596,-1.373298E-03,5.035438E-04,-3.66667E-03
3.192596,-2.021804E-03,2.822895E-04,-6.66667E-04
3.193597,-2.700821E-03,-1.525891E-05,-.001
3.194597,-3.372207E-03,-1.525891E-05,-.002
3.195598,-3.746048E-03,-2.13624E-04,-.001
3.196598,-4.600555E-03,-4.88285E-04,6.66667E-04
3.197599,-5.516082E-03,-4.730243E-04,-6.66667E-04
3.198599,-7.034332E-03,-7.934608E-04,-6.66667E-04
3.1996,-8.773863E-03,-1.281746E-03,-6.66667E-04
3.2006,-1.114661E-02,-1.586922E-03,.002
3.201601,-1.358801E-02,-1.922615E-03,-.004
3.202601,-1.616681E-02,-2.120987E-03,.002
3.203602,-1.829541E-02,-1.998916E-03,-.002
3.204602,-2.091992E-02,-2.311721E-03,-2.33333E-03
3.205603,-2.339947E-02,-2.563491E-03,-.002
3.206603,-2.583325E-02,-2.70845E-03,-.001
3.207604,-2.771771E-02,-2.853408E-03,.001
3.208604,-.0284425,-2.906814E-03,6.66667E-04
3.209605,-2.803814E-02,-3.204361E-03,-6.66667E-04
3.210605,-.0265733,-3.410354E-03,-6.66667E-04
3.211606,-2.471936E-02,-2.906814E-03,6.66667E-04
3.212606,-2.256787E-02,-2.746597E-03,-.002
3.213607,-2.004254E-02,-2.33461E-03,-6.66667E-04
3.214607,-1.747143E-02,-1.73188E-03,-.001
3.215608,-1.518255E-02,-1.083381E-03,6.66667E-04
3.216608,-1.303869E-02,-6.027259E-04,6.66667E-04
3.217609,-1.062781E-02,-4.196186E-04,2.33333E-03
3.218609,-8.583128E-03,-3.89101E-04,6.66667E-04
3.21961,-6.851226E-03,3.814721E-05,-.001
3.22061,-5.92044E-03,3.051781E-05,6.66667E-04
3.221611,-4.928619E-03,-3.814721E-05,-6.66667E-04
3.222611,-3.707901E-03,9.918259E-05,-.001
3.223612,-3.128067E-03,1.75477E-04,-6.66667E-04
3.224612,-2.746597E-03,2.059946E-04,-.001
3.225613,-2.502456E-03,9.918259E-05,-.001
3.226614,-2.311721E-03,3.814716E-04,6.66667E-04
3.227614,-1.914985E-03,5.416907E-04,6.66667E-04
3.228614,-1.693733E-03,1.907358E-04,6.66667E-04
3.229615,-1.708992E-03,1.907358E-04,-.002
3.230615,-1.869209E-03,2.975482E-04,-.002
3.231616,-1.586922E-03,2.059946E-04,.001
3.232616,-1.457222E-03,2.13624E-04,-6.66667E-04
3.233617,-1.091011E-03,4.043598E-04,-2.33333E-03
3.234617,-8.316077E-04,5.340613E-04,.001
3.235618,-6.332435E-04,5.188026E-04,.001
3.236619,-3.738422E-04,1.297006E-04,.002
3.237619,-2.13624E-04,8.392381E-05,-6.66667E-04
3.238619,-2.13624E-04,2.059946E-04,-6.66667E-04
3.23962,8.392381E-05,7.553138E-04,-6.66667E-04
3.24062,-1.602182E-04,9.841993E-04,-.002
3.241621,-6.485023E-04,6.790198E-04,-.002
3.242621,-8.392371E-04,6.713904E-04,6.66667E-04
3.243622,-4.88285E-04,7.858314E-04,6.66667E-04
3.244622,-7.553138E-04,5.188026E-04,-6.66667E-04
3.245623,-6.790198E-04,1.3733E-04,-6.66667E-04
3.246624,-6.027259E-04,2.28883E-05,6.66667E-04
3.247624,-6.866492E-04,4.196186E-04,-6.66667E-04
3.248624,-1.060493E-03,-5.340599E-05,.001
3.249625,-9.079017E-04,-1.602182E-04,-3.66667E-03
3.250625,-6.561317E-04,-3.051776E-04,-.001
3.251626,-6.256141E-04,-1.983652E-04,.001
3.252626,-6.027259E-04,-1.06812E-04,-.001
3.253627,-3.814716E-04,-2.746601E-04,-3.66667E-03
3.254627,-2.594013E-04,-5.645789E-04,-.002
3.255628,-1.907358E-04,-2.822895E-04,.001
3.256629,7.629453E-06,-7.629441E-05,-6.66667E-04
3.257629,-9.918259E-05,-1.297006E-04,-.001
3.258629,-2.975482E-04,-2.670307E-04,-.002
3.25963,-3.356952E-04,-2.670307E-04,.001
3.26063,-4.425067E-04,-3.280658E-04,-6.66667E-04
3.261631,-1.06812E-04,-1.449594E-04,-.001
3.262631,2.746601E-04,1.449594E-04,-6.66667E-04
3.263632,2.212534E-04,-2.517719E-04,6.66667E-04
3.264632,3.662128E-04,-7.324256E-04,6.66667E-04
3.265633,8.087195E-04,-5.874671E-04,.001
3.266634,4.730243E-04,-2.28883E-05,6.66667E-04
3.267634,-2.441425E-04,1.449594E-04,-6.66667E-04
3.268634,-2.975482E-04,1.831064E-04,-.002
3.269635,1.525891E-05,2.594013E-04,-.002
3.270635,9.918259E-05,4.57766E-05,-.001
3.271636,-7.629453E-06,-3.967304E-04,-.001
3.272636,-3.12807E-04,-2.975482E-04,6.66667E-04
3.273637,-1.602182E-04,-2.212534E-04,-6.66667E-04
3.274637,-4.57766E-05,-1.983652E-04,-2.33333E-03
3.275638,-2.288828E-04,-2.059946E-04,-.001
3.276639,-2.594013E-04,-1.831064E-04,-3.66667E-03
3.277639,-2.212534E-04,7.629453E-06,-.001
3.278639,9.918259E-05,3.051781E-05,-6.66667E-04
3.27964,7.629441E-05,-1.449594E-04,-6.66667E-04
3.28064,2.441425E-04,-2.441425E-04,-.001
3.281641,1.525888E-04,-3.051776E-04,6.66667E-04
3.282641,2.28883E-05,0,2.33333E-03
3.283642,1.678476E-04,-2.288828E-04,-6.66667E-04
3.284642,3.662128E-04,7.629441E-05,-.002
3.285643,2.670307E-04,2.059946E-04,6.66667E-04
3.286644,4.043598E-04,2.746601E-04,-6.66667E-04
3.287644,5.111732E-04,3.662128E-04,-.001
3.288644,7.324256E-04,3.356952E-04,-.002
3.289645,6.027259E-04,6.103562E-05,-.001
3.290645,2.594013E-04,-7.629453E-06,6.66667E-04
3.291646,3.662128E-04,-6.103562E-05,-3.66667E-03
3.292646,0,7.629441E-05,-.001
3.293647,-5.569495E-04,1.220712E-04,.002
3.294647,-5.188026E-04,4.196186E-04,-.001
3.295648,-5.035438E-04,5.722083E-04,6.66667E-04
3.296649,-4.653949E-04,5.722083E-04,.002
3.297649,-4.806537E-04,3.280658E-04,6.66667E-04
3.298649,-5.874671E-04,-1.3733E-04,-.002
3.29965,-6.103553E-04,-4.57766E-05,-.001
3.30065,-4.119892E-04,4.57766E-05,-6.66667E-04
3.301651,-2.822895E-04,1.449594E-04,2.33333E-03
3.302651,-1.297006E-04,-1.3733E-04,.001
3.303652,-1.525891E-05,-2.746601E-04,-6.66667E-04
3.304652,6.866502E-05,2.441425E-04,.001
3.305653,3.814721E-05,3.967304E-04,.001
3.306653,8.392381E-05,1.06812E-04,-6.66667E-04
3.307654,-5.340599E-05,-2.822895E-04,6.66667E-04
3.308654,-2.288828E-04,-2.670307E-04,-6.66667E-04
3.309655,-4.196186E-04,7.629441E-05,-6.66667E-04
3.310655,-6.942786E-04,6.866502E-05,-.001
3.311656,-6.332435E-04,1.602182E-04,.001
3.312656,-2.899189E-04,2.822895E-04,-.002
3.313657,-3.967304E-04,1.983652E-04,-.001
3.314657,-4.653949E-04,1.525888E-04,-.001
3.315658,-8.773841E-04,3.051776E-04,.001
3.316658,-1.426704E-03,5.340599E-05,-2.33333E-03
3.317659,-1.998916E-03,-3.814721E-05,-.002
3.318659,-2.090469E-03,4.57766E-05,.004
3.31966,-2.067581E-03,6.866502E-05,-.002
3.32066,-2.182022E-03,1.144414E-04,-.001
3.321661,-2.342239E-03,5.340599E-05,6.66667E-04
3.322661,-2.861038E-03,-3.814721E-05,-6.66667E-04
3.323662,-3.173843E-03,-6.027259E-04,6.66667E-04
3.324662,-3.59346E-03,-3.204364E-04,-.002
3.325663,-4.051238E-03,-2.975482E-04,.002
3.326663,-4.386932E-03,-1.525891E-05,-.001
3.327664,-5.226165E-03,-9.918259E-05,-6.66667E-04
3.328664,-5.210906E-03,-4.043598E-04,6.66667E-04
3.329665,-5.104095E-03,-3.356952E-04,6.66667E-04
3.330665,-4.966766E-03,-3.051781E-05,-6.66667E-04
3.331666,-4.40219E-03,-1.525888E-04,-.002
3.332666,-4.188567E-03,-1.144414E-04,-6.66667E-04
3.333667,-3.517166E-03,-1.75477E-04,-6.66667E-04
3.334667,-2.853408E-03,0,-6.66667E-04
3.335668,-2.471939E-03,-1.678476E-04,-6.66667E-04
3.336668,-2.029434E-03,-2.441425E-04,-6.66667E-04
3.337669,-1.754768E-03,-2.670307E-04,.002
3.338669,-1.327522E-03,-6.103562E-05,-.001
3.33967,-1.037605E-03,-1.3733E-04,-.002
3.34067,-1.075752E-03,9.15532E-05,.001
3.341671,-8.468665E-04,3.051776E-04,-.001
3.342671,-6.790198E-04,1.525888E-04,-.002
3.343672,-4.577655E-04,1.297006E-04,-6.66667E-04
3.344672,-2.28883E-05,1.75477E-04,.001
3.345673,-1.525888E-04,0,6.66667E-04
3.346673,-1.525891E-05,-4.730243E-04,6.66667E-04
3.347674,-2.517719E-04,-1.983652E-04,.001
3.348674,-3.967304E-04,-1.983652E-04,-.001
3.349675,-6.256141E-04,3.585834E-04,6.66667E-04
3.350675,-4.27248E-04,2.059946E-04,.001
3.351676,-3.051776E-04,-2.517719E-04,-6.66667E-04
3.352676,1.75477E-04,-1.678476E-04,-.001
3.353677,2.746601E-04,0,-6.66667E-04
3.354677,2.594013E-04,3.051776E-04,-.001
3.355678,4.348774E-04,2.059946E-04,-.002
3.356678,5.340613E-04,1.3733E-04,-2.33333E-03
3.357679,5.645789E-04,1.220712E-04,-6.66667E-04
3.358679,3.356952E-04,4.57766E-05,-.001
3.35968,2.975482E-04,-6.866502E-05,-.002
3.36068,1.3733E-04,-4.043598E-04,-6.66667E-04
3.361681,-2.28883E-05,-6.866492E-04,-.001
3.362681,-6.866502E-05,-1.144414E-04,-6.66667E-04
3.363682,-2.899189E-04,3.814721E-05,6.66667E-04
3.364682,-3.433246E-04,-3.50954E-04,6.66667E-04
3.365683,-5.798377E-04,-2.670307E-04,-6.66667E-04
3.366683,-5.569495E-04,1.06812E-04,-6.66667E-04
3.367684,-3.89101E-04,6.103562E-05,-2.33333E-03
3.368684,1.06812E-04,7.629453E-06,6.66667E-04
3.369685,-2.28883E-05,-5.340599E-05,-.001
3.370685,-1.983652E-04,-3.50954E-04,-.001
3.371686,-2.670307E-04,-2.517719E-04,6.66667E-04
3.372686,-2.212534E-04,-1.525891E-05,6.66667E-04
3.373687,0,2.059946E-04,6.66667E-04
3.374687,-7.629441E-05,3.051781E-05,-3.66667E-03
3.375688,-9.15532E-05,-9.15532E-05,-.002
3.376688,9.15532E-05,-1.297006E-04,-.001
3.377689,2.212534E-04,-1.220712E-04,-.002
3.378689,1.06812E-04,-2.670307E-04,-.001
3.37969,1.678476E-04,-1.3733E-04,-.001
3.38069,-1.525888E-04,2.746601E-04,-.002
3.381691,-2.670307E-04,3.12807E-04,6.66667E-04
3.382691,0,3.662128E-04,-6.66667E-04
3.383692,-2.28883E-05,4.577655E-04,6.66667E-04
3.384692,-2.13624E-04,4.959144E-04,.001
3.385693,4.57766E-05,2.441425E-04,-3.66667E-03
3.386693,-2.28883E-05,4.196186E-04,-.002
3.387694,7.629441E-05,2.365122E-04,6.66667E-04
3.388694,2.212534E-04,1.525888E-04,.001
3.389695,1.144414E-04,-1.678476E-04,-6.66667E-04
3.390696,-5.340599E-05,-2.594013E-04,-3.66667E-03
3.391696,-2.594013E-04,2.13624E-04,-6.66667E-04
3.392696,-1.831064E-04,1.907358E-04,-6.66667E-04
3.393697,-1.525888E-04,2.365122E-04,-6.66667E-04
3.394697,-3.051781E-05,3.662128E-04,6.66667E-04
3.395698,-9.15532E-05,4.806537E-04,.001
3.396698,-1.602182E-04,4.196186E-04,.001
3.397699,-1.678476E-04,2.059946E-04,.001
3.398699,-1.831064E-04,-1.602182E-04,6.66667E-04
3.3997,-1.06812E-04,-2.13624E-04,-6.66667E-04
3.400701,-2.28883E-05,2.13624E-04,-.001
3.401701,-1.75477E-04,5.569495E-04,-6.66667E-04
3.402701,-2.13624E-04,2.594013E-04,6.66667E-04
3.403702,-6.942786E-04,4.501361E-04,6.66667E-04
3.404702,-1.167305E-03,2.059946E-04,-.001
3.405703,-1.159675E-03,1.678476E-04,-.001
3.406703,-9.7657E-04,5.111732E-04,-6.66667E-04
3.407704,-1.205452E-03,4.348774E-04,-6.66667E-04
3.408704,-1.144417E-03,-1.3733E-04,-3.66667E-03
3.409705,-1.220711E-03,-1.907358E-04,-.002
3.410706,-8.926429E-04,3.12807E-04,-.001
3.411706,-1.617439E-03,2.746601E-04,-6.66667E-04
3.412706,-2.624527E-03,9.15532E-05,-6.66667E-04
3.413707,-3.631607E-03,-1.297006E-04,-3.66667E-03
3.414707,-4.386932E-03,-9.918259E-05,-6.66667E-04
3.415708,-5.180389E-03,-1.220712E-04,.001
3.416708,-5.912811E-03,-3.814721E-05,6.66667E-04
3.417709,-6.652862E-03,-2.899189E-04,-6.66667E-04
3.418709,-7.55313E-03,-4.577655E-04,.001
3.41971,-7.965147E-03,-5.950965E-04,.001
3.420711,-8.400023E-03,-7.934608E-04,.001
3.421711,-8.621275E-03,-6.561317E-04,-.001
3.422711,-8.56024E-03,-4.043598E-04,-6.66667E-04
3.423712,-8.285582E-03,-2.059946E-04,-.002
3.424712,-7.751495E-03,4.27248E-04,-.002
3.425713,-7.072479E-03,-4.57766E-05,-.001
3.426713,-6.004363E-03,-5.340613E-04,-.001
3.427714,-5.317718E-03,-6.256141E-04,-6.66667E-04
3.428714,-4.303008E-03,-5.340613E-04,6.66667E-04
3.429715,-3.46376E-03,-4.730243E-04,6.66667E-04
3.430716,-2.822891E-03,-2.975482E-04,.001
3.431716,-1.899727E-03,-4.27248E-04,-.001
3.432716,-1.235969E-03,-3.738422E-04,-3.66667E-03
3.433717,-1.388557E-03,-2.13624E-04,-6.66667E-04
3.434717,-1.029976E-03,-3.356952E-04,-.001
3.435718,-8.392371E-04,-2.13624E-04,6.66667E-04
3.436718,-1.113899E-03,-1.06812E-04,6.66667E-04
3.437719,-9.613074E-04,1.449594E-04,-.001
3.438719,-5.340613E-04,2.365122E-04,-.001
3.43972,-4.959144E-04,3.051776E-04,.001
3.440721,-6.561317E-04,9.15532E-05,-.002
3.441721,-7.01908E-04,9.918259E-05,6.66667E-04
3.442721,-8.087195E-04,2.594013E-04,-.002
3.443722,-3.89101E-04,2.822895E-04,.001
3.444722,-2.365122E-04,6.332435E-04,-.001
3.445723,2.28883E-05,3.50954E-04,-6.66667E-04
3.446723,2.594013E-04,1.983652E-04,-2.33333E-03
3.447724,5.874671E-04,1.907358E-04,-.001
3.448724,4.425067E-04,2.28883E-05,.002
3.449725,4.119892E-04,1.525888E-04,.001
3.450726,6.103553E-04,1.907358E-04,-6.66667E-04
3.451726,3.280658E-04,0,-.001
3.452726,3.12807E-04,-1.602182E-04,-.002
3.453727,6.866502E-05,-1.297006E-04,.001
3.454727,-7.629441E-05,1.907358E-04,6.66667E-04
3.455728,-1.75477E-04,6.103562E-05,-6.66667E-04
3.456728,-2.670307E-04,-6.866502E-05,-.002
3.457729,-5.722083E-04,-1.144414E-04,6.66667E-04
3.458729,-4.043598E-04,-2.517719E-04,6.66667E-04
3.45973,-5.264319E-04,-3.662128E-04,-.001
3.460731,-8.163489E-04,-3.356952E-04,-.001
3.461731,-8.010902E-04,-3.12807E-04,-6.66667E-04
3.462731,-5.874671E-04,1.297006E-04,.001
3.463732,-5.264319E-04,1.602182E-04,6.66667E-04
3.464732,-5.569495E-04,1.525888E-04,-.001
3.465733,-4.88285E-04,2.594013E-04,-6.66667E-04
3.466733,-5.874671E-04,3.204364E-04,-.002
3.467734,-5.722083E-04,-2.28883E-05,-.001
3.468734,-3.051776E-04,1.449594E-04,6.66667E-04
3.469735,-1.525888E-04,4.501361E-04,6.66667E-04
3.470736,2.059946E-04,2.212534E-04,.001
3.471736,2.13624E-04,8.392381E-05,-6.66667E-04
3.472736,-5.340599E-05,4.57766E-05,-.002
3.473737,-1.220712E-04,3.356952E-04,6.66667E-04
3.474737,-7.629441E-05,0,.002
3.475738,-3.204364E-04,-6.103562E-05,.002
3.476738,-5.416907E-04,7.629441E-05,-.001
3.477739,-3.204364E-04,2.441425E-04,-.001
3.478739,1.144414E-04,3.89101E-04,-6.66667E-04
3.47974,2.975482E-04,3.051776E-04,-6.66667E-04
3.480741,-2.28883E-05,3.12807E-04,-.002
3.481741,-2.365122E-04,6.866502E-05,6.66667E-04
3.482741,-2.822895E-04,-9.15532E-05,6.66667E-04
3.483742,-3.89101E-04,1.449594E-04,-6.66667E-04
3.484742,-5.111732E-04,-1.678476E-04,6.66667E-04
3.485743,-1.220712E-04,-2.059946E-04,-.001
3.486743,-1.297006E-04,2.975482E-04,-6.66667E-04
3.487744,-2.594013E-04,3.814716E-04,3.66667E-03
3.488744,-2.13624E-04,5.035438E-04,.001
3.489745,-4.425067E-04,5.798377E-04,-6.66667E-04
3.490746,-3.50954E-04,3.204364E-04,-6.66667E-04
3.491746,-4.653949E-04,1.297006E-04,6.66667E-04
3.492746,-7.553138E-04,1.449594E-04,.001
3.493747,-4.501361E-04,1.983652E-04,6.66667E-04
3.494747,4.57766E-05,2.899189E-04,-6.66667E-04
3.495748,-1.144414E-04,3.967304E-04,-6.66667E-04
3.496748,-9.15532E-05,1.602182E-04,-.001
3.497749,0,1.144414E-04,.001
3.498749,-1.525891E-05,2.365122E-04,6.66667E-04
3.49975,-1.983652E-04,2.746601E-04,-6.66667E-04
3.500751,9.918259E-05,7.629441E-05,-.002
3.501751,1.831064E-04,-3.12807E-04,-.001
3.502751,2.822895E-04,-3.204364E-04,-.001
3.503752,2.594013E-04,-2.13624E-04,6.66667E-04
3.504752,-1.06812E-04,-5.340599E-05,-6.66667E-04
3.505753,-1.06812E-04,4.730243E-04,-2.33333E-03
3.506753,-5.340599E-05,-3.814721E-05,6.66667E-04
3.507754,6.866502E-05,-5.340599E-05,6.66667E-04
3.508754,7.629453E-06,2.365122E-04,-6.66667E-04
3.509755,-7.629441E-05,0,-.001
3.510756,3.051781E-05,-7.629453E-06,.002
3.511756,3.12807E-04,3.814721E-05,-2.33333E-03
3.512756,4.806537E-04,-1.602182E-04,-.001
3.513757,4.196186E-04,-2.13624E-04,-2.33333E-03
3.514757,5.798377E-04,-4.653949E-04,-.001
3.515758,4.196186E-04,-4.196186E-04,-6.66667E-04
3.516758,1.831064E-04,-9.918259E-05,6.66667E-04
3.517759,-1.907358E-04,-1.3733E-04,-.001
3.518759,-1.602182E-04,-1.06812E-04,-.001
3.51976,-1.525891E-05,-1.220712E-04,-6.66667E-04
3.520761,1.75477E-04,-7.629441E-05,-6.66667E-04
3.521761,3.50954E-04,1.983652E-04,-.001
3.522761,2.822895E-04,1.525888E-04,-6.66667E-04
3.523762,3.051776E-04,-8.392381E-05,-.001
3.524762,3.204364E-04,-1.678476E-04,-.002
3.525763,2.822895E-04,-2.746601E-04,-6.66667E-04
3.526763,3.50954E-04,-1.831064E-04,6.66667E-04
3.527764,2.975482E-04,-1.907358E-04,6.66667E-04
3.528764,-1.3733E-04,-3.280658E-04,-6.66667E-04
3.529765,-3.814721E-05,8.392381E-05,-3.66667E-03
3.530766,2.059946E-04,0,.001
3.531766,4.57766E-05,1.602182E-04,6.66667E-04
3.532766,6.103562E-05,2.975482E-04,-.002
3.533767,1.144414E-04,9.918259E-05,6.66667E-04
3.534767,2.13624E-04,0,-2.33333E-03
3.535768,1.75477E-04,-1.907358E-04,6.66667E-04
3.536768,2.746601E-04,-3.89101E-04,-.001
3.537769,1.602182E-04,-5.416907E-04,-3.66667E-03
3.538769,2.822895E-04,-1.678476E-04,-6.66667E-04
3.53977,3.585834E-04,3.814721E-05,.001
3.540771,1.983652E-04,4.501361E-04,-6.66667E-04
3.541771,4.196186E-04,2.594013E-04,.001
3.542771,6.103562E-05,-1.449594E-04,-2.33333E-03
3.543772,-8.392381E-05,-6.866502E-05,-2.33333E-03
3.544772,-1.525888E-04,3.814721E-05,.002
3.545773,-1.144414E-04,1.525891E-05,-2.33333E-03
3.546773,-3.738422E-04,9.918259E-05,-6.66667E-04
3.547774,-3.204364E-04,-7.629453E-06,.001
3.548774,-4.119892E-04,1.907358E-04,6.66667E-04
3.549775,-6.332435E-04,0,.001
3.550776,-1.144417E-03,-2.365122E-04,-.002
3.551776,-1.548775E-03,-1.220712E-04,-6.66667E-04
3.552776,-2.403274E-03,1.907358E-04,.001
3.553777,-3.555313E-03,-5.340599E-05,-6.66667E-04
3.554777,-4.28775E-03,-4.57766E-05,-6.66667E-04
3.555778,-5.134612E-03,1.06812E-04,-.001
3.556778,-7.347137E-03,-1.06812E-04,-3.66667E-03
3.557779,-1.064306E-02,-2.746601E-04,6.66667E-04
3.558779,-1.399237E-02,-4.119892E-04,-6.66667E-04
3.55978,-1.573956E-02,-2.822895E-04,-6.66667E-04
3.560781,-1.639569E-02,-2.975482E-04,2.33333E-03
3.561781,-1.693738E-02,-3.204364E-04,-6.66667E-04
3.562781,-1.653302E-02,-5.035438E-04,.001
3.563782,-1.462561E-02,-6.866492E-04,-6.66667E-04
3.564783,-1.222235E-02,-1.907358E-04,-.001
3.565783,-9.880126E-03,-1.449594E-04,-.001
3.566783,-7.713348E-03,-2.594013E-04,-.002
3.567784,-5.943328E-03,8.392381E-05,-.001
3.568784,-4.333526E-03,-5.340599E-05,-6.66667E-04
3.569785,-3.150955E-03,1.678476E-04,-6.66667E-04
3.570786,-1.976028E-03,3.356952E-04,-6.66667E-04
3.571786,-1.564033E-03,3.662128E-04,-6.66667E-04
3.572786,-8.468665E-04,2.441425E-04,-6.66667E-04
3.573787,-5.874671E-04,-1.525891E-05,-6.66667E-04
3.574788,-4.653949E-04,-3.12807E-04,-.002
3.575788,-4.196186E-04,-3.12807E-04,-3.66667E-03
3.576788,-5.874671E-04,5.340599E-05,-.002
3.577789,-4.27248E-04,1.525888E-04,.001
3.578789,-2.288828E-04,8.392381E-05,-2.33333E-03
3.57979,4.57766E-05,-7.629453E-06,2.33333E-03
3.580791,2.822895E-04,1.144414E-04,-.002
3.581791,9.918259E-05,5.340599E-05,6.66667E-04
3.582791,-6.103562E-05,3.814721E-05,6.66667E-04
3.583792,4.57766E-05,2.059946E-04,-2.33333E-03
3.584793,9.15532E-05,1.220712E-04,6.66667E-04
3.585793,5.340599E-05,-3.12807E-04,.001
3.586793,2.594013E-04,-1.06812E-04,-.001
3.587794,5.264319E-04,7.629453E-06,-.001
3.588794,3.356952E-04,9.918259E-05,-.001
3.589795,2.746601E-04,3.051776E-04,-6.66667E-04
3.590796,-3.814721E-05,3.356952E-04,.001
3.591796,-3.204364E-04,4.119892E-04,-3.66667E-03
3.592796,-6.713904E-04,3.356952E-04,-.001
3.593797,-5.111732E-04,9.918259E-05,.001
3.594798,-3.204364E-04,-7.629441E-05,-.001
3.595798,-1.144414E-04,-1.907358E-04,-6.66667E-04
3.596798,1.602182E-04,-9.15532E-05,-6.66667E-04
3.597799,2.594013E-04,-1.525888E-04,-.001
3.598799,2.517719E-04,4.57766E-05,.001
3.5998,1.831064E-04,-6.866502E-05,-6.66667E-04
3.600801,4.425067E-04,-4.043598E-04,-6.66667E-04
3.601801,2.517719E-04,-2.899189E-04,-6.66667E-04
3.602801,-6.103562E-05,-1.449594E-04,-6.66667E-04
3.603802,-2.288828E-04,4.57766E-05,-.001
3.604803,-2.441425E-04,-3.356952E-04,-6.66667E-04
3.605803,-1.525888E-04,-5.722083E-04,-6.66667E-04
3.606803,-1.06812E-04,-1.75477E-04,-.001
3.607804,-1.678476E-04,-2.28883E-05,-6.66667E-04
3.608804,-2.822895E-04,-1.602182E-04,-6.66667E-04
3.609805,-3.738422E-04,-2.899189E-04,-.002
3.610806,-2.365122E-04,-3.12807E-04,-6.66667E-04
3.611806,-2.670307E-04,1.525888E-04,-.002
3.612806,-1.907358E-04,2.059946E-04,-.001
3.613807,3.814721E-05,2.746601E-04,-.001
3.614808,4.501361E-04,1.678476E-04,.001
3.615808,8.316077E-04,2.670307E-04,-6.66667E-04
3.616808,8.163489E-04,2.059946E-04,.001
3.617809,7.171668E-04,3.051781E-05,.001
3.618809,4.730243E-04,-8.392381E-05,-6.66667E-04
3.61981,2.975482E-04,3.356952E-04,6.66667E-04
3.620811,1.983652E-04,3.89101E-04,3.66667E-03
3.621811,2.059946E-04,5.264319E-04,-.001
3.622811,0,5.416907E-04,-.001
3.623812,-1.983652E-04,3.12807E-04,-.001
3.624813,-2.670307E-04,7.629453E-06,-6.66667E-04
3.625813,-1.449594E-04,1.831064E-04,-6.66667E-04
3.626813,1.525888E-04,3.50954E-04,-6.66667E-04
3.627814,3.204364E-04,9.918259E-05,6.66667E-04
3.628814,3.051776E-04,-1.144414E-04,-6.66667E-04
3.629815,6.103562E-05,-8.392381E-05,-.001
3.630816,1.144414E-04,-1.831064E-04,-.001
3.631816,9.918259E-05,-4.959144E-04,-3.66667E-03
3.632816,-1.678476E-04,-4.196186E-04,6.66667E-04
3.633817,-1.983652E-04,-4.501361E-04,-.002
3.634818,-1.831064E-04,-3.89101E-04,-6.66667E-04
3.635818,-1.907358E-04,-1.06812E-04,-.002
3.636818,-4.653949E-04,-1.678476E-04,.001
3.637819,-3.662128E-04,-1.75477E-04,.004
3.638819,-4.577655E-04,-5.569495E-04,-.001
3.63982,-4.653949E-04,-5.035438E-04,-.001
3.640821,-3.50954E-04,-2.365122E-04,-6.66667E-04
3.641821,-3.204364E-04,2.746601E-04,-.001
3.642821,-4.043598E-04,2.059946E-04,-6.66667E-04
3.643822,-3.280658E-04,3.051781E-05,-6.66667E-04
3.644823,-8.392381E-05,-1.831064E-04,-3.66667E-03
3.645823,5.340599E-05,6.103562E-05,-.001
3.646823,-6.103562E-05,3.12807E-04,-2.33333E-03
3.647824,-5.340599E-05,1.75477E-04,-.002
3.648824,-1.602182E-04,-1.3733E-04,-.001
3.649825,1.525888E-04,1.525891E-05,-6.66667E-04
3.650826,1.449594E-04,8.392381E-05,-.002
3.651826,-3.051781E-05,2.28883E-05,-.001
3.652826,-1.449594E-04,1.220712E-04,6.66667E-04
3.653827,0,2.746601E-04,.001
3.654828,-2.13624E-04,-6.866502E-05,-6.66667E-04
3.655828,7.629453E-06,1.525888E-04,-3.66667E-03
3.656828,-2.28883E-05,2.670307E-04,-.002
3.657829,6.103562E-05,3.814721E-05,-.001
3.658829,5.340599E-05,-3.585834E-04,6.66667E-04
3.65983,-6.866502E-05,-5.035438E-04,6.66667E-04
3.66083,-2.059946E-04,-3.738422E-04,-.002
3.661831,2.059946E-04,-3.356952E-04,-.001
3.662831,-1.220712E-04,-2.670307E-04,6.66667E-04
3.663832,-1.983652E-04,1.678476E-04,-2.33333E-03
3.664833,-7.629453E-06,4.57766E-05,-.001
3.665833,-2.059946E-04,-5.340599E-05,-6.66667E-04
3.666833,-1.525888E-04,-4.27248E-04,-3.66667E-03
3.667834,-2.28883E-05,-2.594013E-04,.001
3.668834,1.907358E-04,-1.220712E-04,-.001
3.669835,9.918259E-05,-1.144414E-04,-6.66667E-04
3.670835,-7.629441E-05,3.280658E-04,-.002
3.671836,4.57766E-05,1.831064E-04,6.66667E-04
3.672836,5.493201E-04,-1.449594E-04,6.66667E-04
3.673837,7.247962E-04,-4.577655E-04,-6.66667E-04
3.674838,2.517719E-04,-4.425067E-04,6.66667E-04
3.675838,1.525888E-04,-3.814716E-04,.001
3.676838,9.918259E-05,-1.907358E-04,.001
3.677839,-3.585834E-04,-6.866502E-05,.001
3.678839,-5.416907E-04,-6.103562E-05,6.66667E-04
3.67984,-5.798377E-04,-6.103562E-05,-.001
3.68084,-7.553138E-04,-1.907358E-04,-6.66667E-04
3.681841,-5.035438E-04,-2.975482E-04,-.002
3.682841,-3.50954E-04,-3.204364E-04,-.001
3.683842,-8.392381E-05,9.918259E-05,-6.66667E-04
3.684843,1.907358E-04,4.196186E-04,-6.66667E-04
3.685843,3.280658E-04,5.340613E-04,-.001
3.686843,3.814716E-04,1.678476E-04,-6.66667E-04
3.687844,6.332435E-04,-4.730243E-04,.001
3.688844,2.517719E-04,-4.425067E-04,-.001
3.689845,-9.918259E-05,-1.602182E-04,-.001
3.690845,-4.043598E-04,1.983652E-04,.002
3.691846,-4.348774E-04,3.967304E-04,-.001
3.692847,-1.831064E-04,6.103553E-04,-.002
3.693847,3.814721E-05,4.959144E-04,-.001
3.694848,1.220712E-04,3.814716E-04,.001
3.695848,4.119892E-04,3.356952E-04,6.66667E-04
3.696848,4.27248E-04,6.103562E-05,.002
3.697849,0,-1.144414E-04,-.001
3.698849,6.103562E-05,-2.975482E-04,6.66667E-04
3.69985,3.585834E-04,4.57766E-05,.001
3.70085,4.501361E-04,1.75477E-04,.002
3.701851,3.50954E-04,3.967304E-04,-6.66667E-04
3.702852,3.204364E-04,-1.449594E-04,-.002
3.703852,2.28883E-05,-2.288828E-04,-2.33333E-03
3.704853,-1.06812E-04,-2.28883E-05,-6.66667E-04
3.705853,-1.602182E-04,3.814721E-05,-2.33333E-03
3.706853,1.983652E-04,-9.15532E-05,6.66667E-04
3.707854,3.814721E-05,0,-2.33333E-03
3.708854,-6.866502E-05,-5.340599E-05,-6.66667E-04
3.709855,-2.13624E-04,0,6.66667E-04
3.710855,-6.866502E-05,0,-.001
3.711856,4.57766E-05,2.670307E-04,.002
3.712857,1.525888E-04,2.13624E-04,-6.66667E-04
3.713857,3.12807E-04,7.629441E-05,-6.66667E-04
3.714858,1.525888E-04,-1.831064E-04,-.002
3.715858,7.629453E-06,-4.730243E-04,-6.66667E-04
3.716858,8.392381E-05,-1.297006E-04,6.66667E-04
3.717859,-1.449594E-04,7.629453E-06,-.002
3.718859,3.12807E-04,-5.340599E-05,-6.66667E-04
3.71986,5.798377E-04,2.594013E-04,-.001
3.72086,2.365122E-04,6.485023E-04,-.001
3.721861,2.059946E-04,7.629432E-04,.001
3.722862,2.212534E-04,4.959144E-04,-.001
3.723862,3.433246E-04,-1.06812E-04,.001
3.724863,1.75477E-04,-1.06812E-04,-.001
3.725863,-8.392381E-05,-6.866502E-05,.001
3.726863,8.392381E-05,9.918259E-05,-.002
3.727864,4.57766E-05,2.365122E-04,-6.66667E-04
3.728864,6.866502E-05,3.12807E-04,6.66667E-04
3.729865,-5.340599E-05,-1.525888E-04,-.001
3.730865,-4.653949E-04,-3.356952E-04,6.66667E-04
3.731866,-2.670307E-04,-2.517719E-04,.001
3.732867,-2.059946E-04,-1.602182E-04,-6.66667E-04
3.733867,-2.059946E-04,-1.06812E-04,-6.66667E-04
3.734868,1.449594E-04,1.525888E-04,6.66667E-04
3.735868,5.569495E-04,2.059946E-04,6.66667E-04
3.736868,3.50954E-04,0,.002
3.737869,-1.525891E-05,7.629453E-06,.001
3.73887,-9.15532E-05,-2.212534E-04,-6.66667E-04
3.73987,-9.15532E-05,-2.28883E-05,-.001
3.74087,7.629441E-05,-4.119892E-04,-.001
3.741871,2.288828E-04,-5.188026E-04,-.001
3.742872,2.594013E-04,-2.13624E-04,.001
3.743872,4.57766E-05,1.525891E-05,-.001
3.744873,8.392381E-05,3.12807E-04,-.002
3.745873,6.103562E-05,4.425067E-04,-2.33333E-03
3.746873,-1.06812E-04,3.280658E-04,2.33333E-03
3.747874,-4.196186E-04,-7.629453E-06,-.001
3.748875,-4.501361E-04,-1.525891E-05,6.66667E-04
3.749875,-2.365122E-04,7.629441E-05,-.002
3.750875,-6.103562E-05,-2.059946E-04,-.001
3.751876,2.212534E-04,-4.577655E-04,-.002
3.752877,1.907358E-04,5.340599E-05,.001
3.753877,3.356952E-04,-3.814721E-05,-.001
3.754878,9.15532E-05,-2.670307E-04,.001
3.755878,-8.392381E-05,-2.13624E-04,-6.66667E-04
3.756878,2.13624E-04,-1.220712E-04,6.66667E-04
3.757879,2.212534E-04,-1.525888E-04,.001
3.75888,-5.340599E-05,-3.738422E-04,-.002
3.75988,-2.517719E-04,7.629453E-06,6.66667E-04
3.76088,-3.967304E-04,4.27248E-04,-6.66667E-04
3.761881,-2.899189E-04,3.89101E-04,-2.33333E-03
3.762882,7.629453E-06,0,-.001
3.763882,4.501361E-04,2.288828E-04,-.001
3.764883,5.569495E-04,3.89101E-04,-6.66667E-04
3.765883,3.585834E-04,-1.525888E-04,-6.66667E-04
3.766883,2.13624E-04,-5.188026E-04,-.001
3.767884,3.967304E-04,-4.88285E-04,-.001
3.768885,4.043598E-04,-5.188026E-04,.002
3.769885,3.585834E-04,-6.485023E-04,-.001
3.770885,2.212534E-04,-2.288828E-04,-6.66667E-04
3.771886,1.831064E-04,-7.629441E-05,.001
3.772887,2.746601E-04,9.918259E-05,-6.66667E-04
3.773887,-8.392381E-05,2.288828E-04,-2.33333E-03
3.774888,-4.806537E-04,1.3733E-04,-6.66667E-04
3.775888,-3.204364E-04,4.425067E-04,-.002
3.776888,-2.13624E-04,4.730243E-04,6.66667E-04
3.777889,9.918259E-05,1.678476E-04,-6.66667E-04
3.77889,1.144414E-04,3.814721E-05,-.001
3.77989,2.441425E-04,-1.06812E-04,6.66667E-04
3.78089,2.746601E-04,-3.433246E-04,.001
3.781891,2.059946E-04,-3.738422E-04,-6.66667E-04
3.782892,-2.822895E-04,-5.416907E-04,.001
3.783892,-4.959144E-04,-2.899189E-04,-.001
3.784893,-2.288828E-04,-4.043598E-04,-2.33333E-03
3.785893,-9.15532E-05,-1.983652E-04,-.001
3.786893,6.866502E-05,-7.629441E-05,-6.66667E-04
3.787894,1.06812E-04,9.15532E-05,6.66667E-04
3.788895,-1.297006E-04,4.57766E-05,.001
3.789895,-1.3733E-04,1.144414E-04,6.66667E-04
3.790895,2.059946E-04,6.866502E-05,.001
3.791896,1.220712E-04,3.814721E-05,-.002
3.792897,-1.983652E-04,2.059946E-04,-.002
3.793897,-4.043598E-04,4.196186E-04,6.66667E-04
3.794898,-2.365122E-04,3.12807E-04,6.66667E-04
3.795898,-3.280658E-04,-9.15532E-05,-6.66667E-04
3.796898,-4.043598E-04,-6.408729E-04,.004
3.797899,-4.653949E-04,-4.501361E-04,-6.66667E-04
3.7989,-2.13624E-04,-2.13624E-04,-6.66667E-04
3.7999,-1.3733E-04,2.594013E-04,-.001
3.8009,1.220712E-04,9.15532E-05,.002
3.801901,9.918259E-05,-1.297006E-04,6.66667E-04
3.802902,3.433246E-04,-1.602182E-04,6.66667E-04
3.803902,4.653949E-04,-8.392381E-05,6.66667E-04
3.804903,2.746601E-04,3.662128E-04,6.66667E-04
3.805903,3.814716E-04,4.27248E-04,-.002
3.806903,1.678476E-04,3.204364E-04,2.33333E-03
3.807904,-9.918259E-05,2.899189E-04,.001
3.808905,-4.57766E-05,2.899189E-04,-6.66667E-04
3.809905,-2.059946E-04,4.959144E-04,-.001
3.810905,-2.746601E-04,5.264319E-04,-6.66667E-04
3.811906,-1.220712E-04,2.746601E-04,-2.33333E-03
3.812907,6.866502E-05,-2.13624E-04,6.66667E-04
3.813907,-5.340599E-05,-6.103562E-05,-.001
3.814908,-4.27248E-04,9.15532E-05,.001
3.815908,-4.501361E-04,-6.103562E-05,-.002
3.816908,-1.144414E-04,9.918259E-05,6.66667E-04
3.817909,-2.288828E-04,5.035438E-04,-.001
3.81891,1.831064E-04,4.043598E-04,-6.66667E-04
3.81991,3.051776E-04,-1.06812E-04,-.001
3.82091,3.89101E-04,-3.204364E-04,-2.33333E-03
3.821911,2.212534E-04,-3.12807E-04,6.66667E-04
3.822912,2.746601E-04,-7.01908E-04,-.002
3.823912,9.918259E-05,-5.340613E-04,6.66667E-04
3.824913,2.13624E-04,-3.204364E-04,-.001
3.825913,0,-3.89101E-04,-.002
3.826913,-1.525891E-05,-3.89101E-04,.001
3.827914,-4.57766E-05,-4.27248E-04,-.001
3.828915,5.340599E-05,-2.365122E-04,6.66667E-04
3.829915,4.348774E-04,-5.493201E-04,-.001
3.830915,4.196186E-04,-3.280658E-04,.002
3.831916,2.517719E-04,-3.433246E-04,-.001
3.832916,3.662128E-04,-1.907358E-04,-6.66667E-04
3.833917,3.356952E-04,-1.831064E-04,.001
3.834918,2.441425E-04,-1.449594E-04,-6.66667E-04
3.835918,2.822895E-04,-2.059946E-04,-6.66667E-04
3.836918,-2.059946E-04,-2.670307E-04,-6.66667E-04
3.837919,3.662128E-04,-3.814721E-05,6.66667E-04
3.83892,4.196186E-04,-1.449594E-04,-.001
3.83992,2.822895E-04,-7.629453E-06,-.002
3.84092,4.196186E-04,-8.392381E-05,-6.66667E-04
3.841921,3.356952E-04,-9.918259E-05,6.66667E-04
3.842921,1.75477E-04,-5.340599E-05,-6.66667E-04
3.843922,-2.975482E-04,-1.602182E-04,6.66667E-04
3.844923,-5.493201E-04,6.103562E-05,-6.66667E-04
3.845923,-2.13624E-04,-2.212534E-04,-6.66667E-04
3.846923,-4.27248E-04,-1.525891E-05,.001
3.847924,-5.874671E-04,2.288828E-04,6.66667E-04
3.848925,0,1.525888E-04,-.002
3.849925,2.28883E-05,1.06812E-04,-2.33333E-03
3.850925,-1.144414E-04,-6.103562E-05,-6.66667E-04
3.851926,3.814721E-05,-2.28883E-05,-6.66667E-04
3.852926,2.594013E-04,-3.662128E-04,-6.66667E-04
3.853927,7.629441E-05,-4.27248E-04,-.001
3.854928,-2.13624E-04,-2.670307E-04,6.66667E-04
3.855928,1.449594E-04,7.629441E-05,6.66667E-04
3.856929,3.12807E-04,1.831064E-04,6.66667E-04
3.857929,4.27248E-04,1.3733E-04,6.66667E-04
3.85893,3.204364E-04,3.12807E-04,.001
3.85993,-7.629453E-06,2.13624E-04,-.001
3.86093,-1.983652E-04,2.594013E-04,.001
3.861931,-1.907358E-04,1.3733E-04,-5.33333E-03
3.862931,-1.525888E-04,0,-6.66667E-04
3.863932,1.06812E-04,-2.517719E-04,-6.66667E-04
3.864933,-9.15532E-05,-2.13624E-04,-.001
3.865933,4.57766E-05,-2.670307E-04,-6.66667E-04
3.866934,1.678476E-04,4.653949E-04,-6.66667E-04
3.867934,-1.602182E-04,6.179847E-04,-.001
3.868935,-3.89101E-04,9.918259E-05,.001
3.869935,-9.918259E-05,-3.051781E-05,-.001
3.870935,2.594013E-04,-7.629453E-06,-.002
3.871936,4.730243E-04,4.119892E-04,-.001
3.872936,1.75477E-04,4.348774E-04,.001
3.873937,9.918259E-05,9.918259E-05,6.66667E-04
3.874938,-9.918259E-05,3.814721E-05,-2.33333E-03
3.875938,-1.220712E-04,3.280658E-04,-.001
3.876939,-1.525891E-05,-2.746601E-04,-.002
3.877939,2.288828E-04,-3.662128E-04,.001
3.87894,3.662128E-04,-3.738422E-04,-6.66667E-04
3.87994,4.501361E-04,-3.585834E-04,-.001
3.88094,3.280658E-04,-1.525891E-05,.002
3.881941,4.959144E-04,2.365122E-04,-6.66667E-04
3.882941,2.899189E-04,3.356952E-04,.001
3.883942,-1.525888E-04,4.425067E-04,6.66667E-04
3.884943,-2.899189E-04,4.730243E-04,-.001
3.885943,-2.594013E-04,3.814721E-05,2.33333E-03
3.886944,9.918259E-05,7.629441E-05,-.001
3.887944,2.059946E-04,-7.629441E-05,-.001
3.888945,2.288828E-04,-1.06812E-04,-6.66667E-04
3.889945,2.670307E-04,3.051781E-05,-.001
3.890945,1.144414E-04,0,-.002
3.891946,-5.340599E-05,-1.449594E-04,-6.66667E-04
3.892946,-3.204364E-04,-3.585834E-04,.002
3.893947,-5.188026E-04,-2.517719E-04,-6.66667E-04
3.894948,-1.678476E-04,-2.441425E-04,2.33333E-03
3.895948,1.144414E-04,-1.678476E-04,-.002
3.896949,-4.57766E-05,-9.918259E-05,-6.66667E-04
3.897949,-3.051781E-05,7.629441E-05,6.66667E-04
3.89895,2.822895E-04,9.918259E-05,6.66667E-04
3.89995,4.57766E-05,-1.525891E-05,-6.66667E-04
3.90095,6.866502E-05,-2.746601E-04,-2.33333E-03
3.901951,-2.13624E-04,-3.585834E-04,-2.33333E-03
3.902952,-2.28883E-05,-7.629453E-06,.001
3.903952,-2.746601E-04,-2.28883E-05,-6.66667E-04
3.904953,-1.678476E-04,-9.918259E-05,-6.66667E-04
3.905953,-2.822895E-04,-1.831064E-04,.002
3.906954,-1.3733E-04,-2.975482E-04,.001
3.907954,-4.57766E-05,-3.814721E-05,-6.66667E-04
3.908955,-1.297006E-04,-8.392381E-05,-.002
3.909955,-8.392381E-05,-1.75477E-04,6.66667E-04
3.910955,-3.814721E-05,-2.441425E-04,-.002
3.911956,2.822895E-04,-1.678476E-04,.001
3.912957,0,-1.06812E-04,6.66667E-04
3.913957,-6.103562E-05,-1.75477E-04,-6.66667E-04
3.914958,-2.670307E-04,9.15532E-05,.001
3.915958,-5.340599E-05,1.831064E-04,.001
3.916959,-1.602182E-04,-1.3733E-04,-6.66667E-04
3.917959,-4.27248E-04,-2.670307E-04,-6.66667E-04
3.91896,-1.525888E-04,-3.051776E-04,.001
3.91996,3.50954E-04,-3.738422E-04,-.002
3.92096,4.88285E-04,-1.831064E-04,-.002
3.921961,1.602182E-04,3.051781E-05,-6.66667E-04
3.922962,-7.629441E-05,-5.340599E-05,-.001
3.923962,1.297006E-04,-2.365122E-04,-6.66667E-04
3.924963,4.653949E-04,-5.035438E-04,-.001
3.925963,4.806537E-04,-1.831064E-04,-.002
3.926964,2.670307E-04,-2.365122E-04,-6.66667E-04
3.927964,1.75477E-04,-2.288828E-04,6.66667E-04
3.928965,1.678476E-04,2.059946E-04,6.66667E-04
3.929965,2.441425E-04,-1.449594E-04,-.001
3.930965,2.746601E-04,3.738422E-04,-.001
3.931966,9.918259E-05,4.196186E-04,-.001
3.932967,-9.15532E-05,2.594013E-04,6.66667E-04
3.933967,-2.746601E-04,5.340599E-05,-6.66667E-04
3.934968,-2.212534E-04,-1.297006E-04,.001
3.935968,-7.629441E-05,-4.119892E-04,-6.66667E-04
3.936969,-2.28883E-05,-3.50954E-04,-.001
3.937969,-1.525891E-05,-2.212534E-04,6.66667E-04
3.93897,-9.15532E-05,-1.220712E-04,-6.66667E-04
3.93997,4.57766E-05,-6.103562E-05,-6.66667E-04
3.94097,3.204364E-04,-1.220712E-04,6.66667E-04
3.941971,7.629441E-05,-9.15532E-05,-2.33333E-03
3.942972,1.3733E-04,-9.918259E-05,-6.66667E-04
3.943972,1.220712E-04,9.15532E-05,-.001
3.944973,-7.629441E-05,5.340599E-05,.001
3.945973,3.814721E-05,-1.678476E-04,-.002
3.946974,-1.144414E-04,-2.746601E-04,-6.66667E-04
3.947974,-1.06812E-04,-3.280658E-04,-2.33333E-03
3.948975,8.392381E-05,0,.001
3.949975,-5.340599E-05,-1.06812E-04,-2.33333E-03
3.950975,2.594013E-04,-1.75477E-04,-.001
3.951976,2.594013E-04,4.57766E-05,-6.66667E-04
3.952977,3.204364E-04,4.57766E-05,.001
3.953977,2.288828E-04,-3.738422E-04,.002
3.954978,1.525891E-05,-3.662128E-04,.001
3.955978,3.051781E-05,-3.356952E-04,.001
3.956979,-1.75477E-04,-3.051776E-04,-2.33333E-03
3.957979,-3.356952E-04,-1.220712E-04,-.002
3.95898,-5.722083E-04,-1.678476E-04,-6.66667E-04
3.95998,-3.280658E-04,-1.831064E-04,-.001
3.96098,-5.340613E-04,-1.3733E-04,-2.33333E-03
3.961981,-6.027259E-04,-1.3733E-04,-.001
3.962982,-4.88285E-04,-1.75477E-04,-6.66667E-04
3.963982,-3.662128E-04,-6.866502E-05,.001
3.964983,-5.340599E-05,-6.866502E-05,-.001
3.965983,-1.602182E-04,-2.517719E-04,-.001
3.966984,-4.653949E-04,1.525888E-04,-.001
3.967984,-4.501361E-04,-1.602182E-04,-6.66667E-04
3.968985,-5.569495E-04,8.392381E-05,.001
3.969985,-4.577655E-04,-1.983652E-04,-.001
3.970985,-3.204364E-04,-4.88285E-04,.001
3.971986,-2.365122E-04,-4.27248E-04,2.33333E-03
3.972987,-3.585834E-04,-5.416907E-04,-.001
3.973987,-1.06812E-04,-4.806537E-04,-.002
3.974988,3.585834E-04,-3.280658E-04,-6.66667E-04
3.975988,3.585834E-04,-3.814721E-05,-.002
3.976989,-2.28883E-05,-9.918259E-05,.002
3.977989,1.983652E-04,3.051781E-05,.002
3.97899,3.433246E-04,3.433246E-04,-6.66667E-04
3.97999,-9.15532E-05,2.975482E-04,-2.33333E-03
3.98099,-7.476844E-04,1.75477E-04,-.001
3.981991,-8.239783E-04,3.280658E-04,-.002
3.982992,-7.858314E-04,4.501361E-04,.001
3.983992,-7.324256E-04,5.035438E-04,-6.66667E-04
3.984993,-4.425067E-04,3.967304E-04,.001
3.985993,-6.103562E-05,-6.866502E-05,.001
3.986994,-1.831064E-04,-2.899189E-04,6.66667E-04
3.987994,-2.13624E-04,-1.06812E-04,6.66667E-04
3.988995,-1.297006E-04,9.918259E-05,.001
3.989995,-2.746601E-04,3.051781E-05,-6.66667E-04
3.990995,-3.585834E-04,-5.340599E-05,-6.66667E-04
3.991996,-4.27248E-04,4.57766E-05,-6.66667E-04
3.992997,-3.50954E-04,1.75477E-04,-2.33333E-03
3.993997,-5.798377E-04,-9.15532E-05,-.001
3.994998,-4.043598E-04,-7.629441E-05,-.001
3.995998,-3.738422E-04,-8.392381E-05,-.002
3.996999,-6.332435E-04,0,6.66667E-04
3.997999,-2.975482E-04,-7.629453E-06,6.66667E-04
3.999,2.28883E-05,-4.57766E-05,.001
4,-1.75477E-04,-4.653949E-04,-3.66667E-03
