"c:\users\esrlabn1\desktop\bence\ir_spectroscopy\532nm_odmr\magnet_map_2_680nm\085.dat  ---  04-27-2026 21:23:38"
""
"cavityli 20 2 4 2000 1 0 0"
"                             ;                             ;seth_xesr_precise 233.08 1 0 -1.668297455968689"
"setlockin 188.67 0.004 0 0.03 0.2"
4,2000
2,1.525891E-05,-3.051781E-05,6.66667E-04
2.001,-6.103562E-05,-1.983652E-04,-.002
2.002001,5.340599E-05,-6.332435E-04,-.002
2.003001,-1.220712E-04,-6.790198E-04,-.002
2.004002,-2.594013E-04,-1.602182E-04,-6.66667E-04
2.005002,4.57766E-05,-5.340599E-05,-.001
2.006003,3.12807E-04,-4.196186E-04,.001
2.007004,1.831064E-04,-1.525888E-04,-2.33333E-03
2.008004,-2.822895E-04,4.119892E-04,-6.66667E-04
2.009005,-4.806537E-04,2.517719E-04,-6.66667E-04
2.010005,-3.204364E-04,9.918259E-05,-.001
2.011005,-2.670307E-04,-1.06812E-04,6.66667E-04
2.012006,-5.340599E-05,-1.602182E-04,-6.66667E-04
2.013006,7.629453E-06,-3.433246E-04,-6.66667E-04
2.014007,-3.814716E-04,-2.975482E-04,-.001
2.015007,-2.746601E-04,-2.822895E-04,.001
2.016008,-1.602182E-04,-1.525888E-04,-6.66667E-04
2.017009,1.525891E-05,2.975482E-04,-.001
2.018009,9.918259E-05,4.653949E-04,-6.66667E-04
2.01901,-1.525888E-04,-7.629453E-06,-.001
2.02001,-1.602182E-04,-2.13624E-04,6.66667E-04
2.02101,-2.28883E-05,-2.13624E-04,6.66667E-04
2.022011,-3.051781E-05,9.15532E-05,-6.66667E-04
2.023011,-2.517719E-04,1.220712E-04,-.002
2.024012,7.629453E-06,9.15532E-05,-6.66667E-04
2.025012,-1.06812E-04,9.918259E-05,-3.66667E-03
2.026013,-9.918259E-05,-1.144414E-04,-6.66667E-04
2.027014,-1.678476E-04,2.28883E-05,-6.66667E-04
2.028014,-1.75477E-04,-1.831064E-04,-.002
2.029015,-6.866502E-05,-1.678476E-04,-6.66667E-04
2.030015,-1.983652E-04,-5.340599E-05,-2.33333E-03
2.031015,-2.517719E-04,-1.602182E-04,-.002
2.032016,9.918259E-05,-2.288828E-04,6.66667E-04
2.033016,2.746601E-04,-7.629441E-05,6.66667E-04
2.034017,4.653949E-04,2.28883E-05,6.66667E-04
2.035017,5.188026E-04,-6.866502E-05,.001
2.036018,-1.220712E-04,6.103562E-05,-.002
2.037019,-2.670307E-04,-1.220712E-04,-.002
2.038019,-3.814716E-04,-4.119892E-04,.001
2.03902,-2.899189E-04,-6.256141E-04,-6.66667E-04
2.04002,-1.144414E-04,-5.722083E-04,-6.66667E-04
2.04102,-8.392381E-05,-5.035438E-04,-6.66667E-04
2.042021,-2.670307E-04,-4.043598E-04,-.002
2.043021,-2.13624E-04,-5.798377E-04,-.001
2.044022,1.06812E-04,-7.553138E-04,-.001
2.045022,3.204364E-04,-7.01908E-04,-.001
2.046023,1.831064E-04,-5.035438E-04,-6.66667E-04
2.047024,1.831064E-04,-1.525888E-04,.001
2.048024,3.967304E-04,-1.525891E-05,-6.66667E-04
2.049025,4.425067E-04,-1.907358E-04,6.66667E-04
2.050025,3.662128E-04,-6.866492E-04,-.001
2.051026,3.50954E-04,-5.340613E-04,-.002
2.052026,5.340613E-04,-2.517719E-04,.001
2.053026,2.212534E-04,1.449594E-04,-6.66667E-04
2.054027,-7.629441E-05,3.433246E-04,-.001
2.055027,-9.918259E-05,2.13624E-04,-.001
2.056028,-1.220712E-04,3.051781E-05,-6.66667E-04
2.057029,-9.918259E-05,1.297006E-04,-6.66667E-04
2.058029,9.918259E-05,3.12807E-04,-6.66667E-04
2.05903,-7.629453E-06,2.594013E-04,-6.66667E-04
2.06003,-3.662128E-04,2.517719E-04,.002
2.061031,-3.814716E-04,2.288828E-04,-6.66667E-04
2.062031,-3.738422E-04,1.3733E-04,6.66667E-04
2.063031,-4.959144E-04,3.204364E-04,-2.33333E-03
2.064032,-9.918259E-05,2.212534E-04,-6.66667E-04
2.065032,1.06812E-04,0,-6.66667E-04
2.066033,-7.629441E-05,-1.220712E-04,.001
2.067034,-2.899189E-04,-1.220712E-04,-.001
2.068034,-4.57766E-05,-3.12807E-04,-6.66667E-04
2.069035,-1.297006E-04,-1.220712E-04,6.66667E-04
2.070035,-2.365122E-04,1.525888E-04,-.001
2.071036,-2.594013E-04,6.103562E-05,.002
2.072036,-8.392381E-05,7.629453E-06,2.33333E-03
2.073036,0,-2.28883E-05,-2.33333E-03
2.074037,-3.814716E-04,-3.967304E-04,-.002
2.075037,-6.713904E-04,-1.144414E-04,-6.66667E-04
2.076038,-2.212534E-04,2.28883E-05,.001
2.077039,2.28883E-05,1.525888E-04,-2.33333E-03
2.078039,4.57766E-05,1.297006E-04,-.002
2.07904,-6.866502E-05,2.059946E-04,-6.66667E-04
2.08004,1.525891E-05,3.051781E-05,-2.33333E-03
2.081041,-3.051781E-05,2.670307E-04,6.66667E-04
2.082041,-1.831064E-04,3.433246E-04,-2.33333E-03
2.083041,-4.348774E-04,5.416907E-04,-.001
2.084042,-1.831064E-04,2.365122E-04,-.001
2.085042,2.822895E-04,1.907358E-04,-6.66667E-04
2.086043,-1.144414E-04,3.356952E-04,-.001
2.087044,4.57766E-05,1.144414E-04,-6.66667E-04
2.088044,-1.525891E-05,-2.212534E-04,.001
2.089045,-2.059946E-04,-9.15532E-05,6.66667E-04
2.090045,0,3.662128E-04,6.66667E-04
2.091046,6.103562E-05,3.280658E-04,.001
2.092046,6.103562E-05,2.365122E-04,-.001
2.093046,1.449594E-04,1.3733E-04,-6.66667E-04
2.094047,-1.525888E-04,-5.340599E-05,-6.66667E-04
2.095047,-4.57766E-05,-2.13624E-04,.002
2.096048,-3.051781E-05,-3.814716E-04,.001
2.097049,-8.392381E-05,-4.501361E-04,-.002
2.098049,-1.907358E-04,-1.449594E-04,-.001
2.09905,-8.392381E-05,-3.051776E-04,6.66667E-04
2.10005,2.13624E-04,-2.670307E-04,-6.66667E-04
2.101051,2.212534E-04,-4.88285E-04,-2.33333E-03
2.102051,4.730243E-04,-3.738422E-04,.001
2.103051,7.476844E-04,-2.365122E-04,6.66667E-04
2.104052,6.63761E-04,-3.051776E-04,6.66667E-04
2.105052,7.629432E-04,-2.365122E-04,6.66667E-04
2.106053,4.730243E-04,-2.594013E-04,-.001
2.107054,2.059946E-04,3.814721E-05,-.002
2.108054,2.670307E-04,1.525888E-04,-6.66667E-04
2.109055,4.57766E-05,3.50954E-04,.001
2.110055,9.918259E-05,3.12807E-04,-6.66667E-04
2.111056,1.602182E-04,4.653949E-04,6.66667E-04
2.112056,3.12807E-04,2.13624E-04,-.002
2.113056,2.822895E-04,2.594013E-04,-.001
2.114057,1.831064E-04,7.629441E-05,-6.66667E-04
2.115057,2.746601E-04,3.814721E-05,.001
2.116058,-1.297006E-04,1.907358E-04,-3.66667E-03
2.117059,-2.365122E-04,4.653949E-04,.001
2.118059,2.059946E-04,5.645789E-04,-6.66667E-04
2.11906,4.577655E-04,3.967304E-04,-.002
2.12006,3.12807E-04,1.06812E-04,-6.66667E-04
2.121061,5.569495E-04,3.967304E-04,-6.66667E-04
2.122061,1.525888E-04,2.594013E-04,-6.66667E-04
2.123062,-1.525891E-05,1.525888E-04,-6.66667E-04
2.124062,-2.594013E-04,-8.392381E-05,-2.33333E-03
2.125062,-3.738422E-04,1.144414E-04,.001
2.126063,-1.602182E-04,4.57766E-05,-6.66667E-04
2.127064,-3.814716E-04,-1.602182E-04,-6.66667E-04
2.128064,-1.449594E-04,-3.12807E-04,-.001
2.129065,4.57766E-05,2.594013E-04,-.001
2.130065,3.051776E-04,4.577655E-04,-.001
2.131066,8.392381E-05,3.967304E-04,-6.66667E-04
2.132066,2.059946E-04,0,-.002
2.133067,2.441425E-04,1.525888E-04,-.002
2.134067,1.449594E-04,1.3733E-04,.001
2.135067,3.585834E-04,-9.918259E-05,6.66667E-04
2.136068,5.950965E-04,-2.975482E-04,-.002
2.137069,3.585834E-04,-6.408729E-04,-.001
2.138069,-5.340599E-05,-4.119892E-04,.001
2.13907,-1.220712E-04,-5.035438E-04,.001
2.14007,1.525891E-05,-4.959144E-04,6.66667E-04
2.141071,1.525888E-04,-1.602182E-04,-6.66667E-04
2.142071,1.297006E-04,-4.57766E-05,-6.66667E-04
2.143072,1.449594E-04,1.525888E-04,-.002
2.144072,-2.517719E-04,-1.525891E-05,-.001
2.145072,-6.408729E-04,1.297006E-04,6.66667E-04
2.146073,-6.866492E-04,-4.57766E-05,6.66667E-04
2.147074,-4.959144E-04,1.525891E-05,-.001
2.148074,-4.806537E-04,0,.001
2.149075,-3.051776E-04,1.75477E-04,-.001
2.150075,-1.75477E-04,2.822895E-04,-.001
2.151076,7.629453E-06,1.06812E-04,6.66667E-04
2.152076,1.06812E-04,3.814721E-05,.001
2.153077,-1.297006E-04,0,-6.66667E-04
2.154077,1.525891E-05,7.629453E-06,-.002
2.155077,4.196186E-04,-2.28883E-05,-.001
2.156078,6.408729E-04,-7.629441E-05,.001
2.157079,5.035438E-04,-5.340599E-05,-6.66667E-04
2.158079,4.577655E-04,1.144414E-04,6.66667E-04
2.15908,4.196186E-04,3.662128E-04,-.002
2.16008,9.918259E-05,2.441425E-04,-6.66667E-04
2.161081,4.57766E-05,-6.866502E-05,-3.66667E-03
2.162081,4.57766E-05,-3.738422E-04,-2.33333E-03
2.163082,1.602182E-04,-2.670307E-04,-3.66667E-03
2.164082,-2.288828E-04,-5.950965E-04,-3.66667E-03
2.165082,-4.653949E-04,-5.645789E-04,6.66667E-04
2.166083,-4.425067E-04,-1.75477E-04,-.002
2.167084,-8.392381E-05,1.525888E-04,6.66667E-04
2.168084,-7.629453E-06,1.602182E-04,-6.66667E-04
2.169085,-2.365122E-04,-9.918259E-05,-.002
2.170085,-2.670307E-04,-2.28883E-05,-.001
2.171086,-5.035438E-04,-2.670307E-04,-6.66667E-04
2.172086,-4.730243E-04,-1.831064E-04,.001
2.173087,-2.975482E-04,-1.602182E-04,-.001
2.174087,-2.13624E-04,1.525891E-05,.002
2.175087,-3.051781E-05,-1.602182E-04,-.001
2.176088,-9.15532E-05,8.392381E-05,.001
2.177088,7.629453E-06,3.433246E-04,-6.66667E-04
2.178089,-6.103562E-05,2.594013E-04,-.001
2.17909,-1.220712E-04,2.517719E-04,-2.33333E-03
2.18009,-1.06812E-04,4.806537E-04,-6.66667E-04
2.181091,-7.629453E-06,3.89101E-04,-.001
2.182091,-2.28883E-05,3.12807E-04,-6.66667E-04
2.183092,-2.13624E-04,4.88285E-04,.001
2.184092,1.525888E-04,7.629441E-05,-.001
2.185092,1.144414E-04,-1.144414E-04,.001
2.186093,1.907358E-04,-3.433246E-04,-.001
2.187093,2.899189E-04,-2.517719E-04,.001
2.188094,7.629441E-05,-1.983652E-04,.001
2.189095,-2.13624E-04,-9.15532E-05,-6.66667E-04
2.190095,-4.27248E-04,3.204364E-04,2.33333E-03
2.191096,-3.585834E-04,3.814721E-05,-.001
2.192096,-4.119892E-04,-1.220712E-04,.001
2.193097,-3.204364E-04,-1.678476E-04,-.002
2.194097,-3.967304E-04,1.525888E-04,-6.66667E-04
2.195097,-1.907358E-04,3.814716E-04,.001
2.196098,-2.517719E-04,2.288828E-04,-.001
2.197098,-1.449594E-04,-2.212534E-04,6.66667E-04
2.198099,-2.28883E-05,5.340599E-05,-.002
2.1991,3.89101E-04,3.814721E-05,-.004
2.2001,4.196186E-04,2.28883E-05,.001
2.201101,4.57766E-05,1.831064E-04,-6.66667E-04
2.202101,8.392381E-05,2.212534E-04,-.002
2.203102,9.15532E-05,3.50954E-04,-6.66667E-04
2.204102,1.831064E-04,4.196186E-04,-.001
2.205102,-1.525891E-05,4.501361E-04,-.002
2.206103,1.449594E-04,1.907358E-04,-.001
2.207103,2.822895E-04,-7.629441E-05,6.66667E-04
2.208104,2.28883E-05,-2.13624E-04,-.002
2.209105,-1.602182E-04,-3.280658E-04,-6.66667E-04
2.210105,4.57766E-05,-1.144414E-04,-.002
2.211106,6.103562E-05,-9.15532E-05,-.004
2.212106,-8.392381E-05,1.06812E-04,.001
2.213107,-2.670307E-04,1.144414E-04,-.001
2.214107,-2.059946E-04,7.629453E-06,6.66667E-04
2.215107,-3.280658E-04,-1.06812E-04,-6.66667E-04
2.216108,-1.831064E-04,-1.983652E-04,-6.66667E-04
2.217108,-5.340599E-05,-7.629453E-06,-.001
2.218109,-3.204364E-04,3.12807E-04,6.66667E-04
2.21911,-4.196186E-04,9.918259E-05,-6.66667E-04
2.22011,0,-3.280658E-04,-6.66667E-04
2.221111,1.220712E-04,-2.670307E-04,-3.66667E-03
2.222111,0,1.983652E-04,-6.66667E-04
2.223112,0,1.297006E-04,-6.66667E-04
2.224112,-9.15532E-05,-6.866502E-05,.001
2.225112,2.975482E-04,-1.3733E-04,-6.66667E-04
2.226113,2.899189E-04,3.051781E-05,-6.66667E-04
2.227113,-9.918259E-05,1.144414E-04,2.33333E-03
2.228114,-3.433246E-04,-9.15532E-05,-6.66667E-04
2.229115,-5.874671E-04,-3.12807E-04,2.33333E-03
2.230115,-5.340613E-04,-2.13624E-04,6.66667E-04
2.231116,-6.942786E-04,-1.06812E-04,6.66667E-04
2.232116,-5.569495E-04,-8.392381E-05,6.66667E-04
2.233117,-4.501361E-04,-1.525891E-05,-3.66667E-03
2.234117,-3.204364E-04,1.602182E-04,-6.66667E-04
2.235118,-3.433246E-04,1.907358E-04,.001
2.236118,-2.670307E-04,2.13624E-04,-.002
2.237118,-2.670307E-04,-7.629453E-06,.001
2.238119,-4.27248E-04,-2.288828E-04,.001
2.23912,-6.256141E-04,-1.3733E-04,6.66667E-04
2.24012,-1.06812E-04,-1.297006E-04,.001
2.241121,3.814721E-05,-4.959144E-04,-.001
2.242121,-4.57766E-05,-3.280658E-04,-6.66667E-04
2.243122,-1.525888E-04,-3.662128E-04,6.66667E-04
2.244122,-3.50954E-04,1.525891E-05,6.66667E-04
2.245123,-5.569495E-04,2.975482E-04,6.66667E-04
2.246123,-5.874671E-04,4.57766E-05,-6.66667E-04
2.247123,-8.087195E-04,2.28883E-05,-6.66667E-04
2.248124,-1.213081E-03,-5.340599E-05,.001
2.249125,-1.670845E-03,7.629441E-05,-.002
2.250125,-2.746597E-03,1.525891E-05,-.002
2.251126,-4.074126E-03,-7.629453E-06,-.001
2.252126,-5.508453E-03,9.918259E-05,6.66667E-04
2.253127,-7.087737E-03,1.297006E-04,-.001
2.254127,-8.628905E-03,-2.28883E-05,6.66667E-04
2.255128,-1.071173E-02,-3.204364E-04,-6.66667E-04
2.256128,-1.377875E-02,-2.975482E-04,-6.66667E-04
2.257128,-1.743329E-02,-7.247962E-04,-6.66667E-04
2.258129,-2.042401E-02,-1.213081E-03,-6.66667E-04
2.25913,-2.243054E-02,-1.556404E-03,-3.66667E-03
2.26013,-2.307904E-02,-1.426704E-03,-6.66667E-04
2.261131,-.0226289,-1.35804E-03,-3.66667E-03
2.262131,-2.139294E-02,-1.113899E-03,-.001
2.263132,-1.943982E-02,-1.052864E-03,2.33333E-03
2.264132,-1.633465E-02,-9.841993E-04,6.66667E-04
2.265133,-1.363379E-02,-7.247962E-04,-.001
2.266133,-1.066595E-02,-5.340613E-04,-6.66667E-04
2.267133,-7.858336E-03,-2.13624E-04,-.002
2.268134,-5.821258E-03,0,-.001
2.269135,-4.180938E-03,1.525888E-04,.002
2.270135,-2.906814E-03,-1.144414E-04,-.002
2.271136,-2.159134E-03,5.340599E-05,-.002
2.272136,-1.823433E-03,2.28883E-05,-6.66667E-04
2.273137,-1.48011E-03,1.525891E-05,.001
2.274137,-1.113899E-03,-1.602182E-04,-.002
2.275138,-1.007088E-03,-4.577655E-04,.001
2.276138,-7.934608E-04,-6.027259E-04,-.002
2.277139,-4.959144E-04,-5.035438E-04,.001
2.278139,-4.119892E-04,-1.220712E-04,.001
2.27914,-1.831064E-04,6.103562E-05,-6.66667E-04
2.28014,-1.75477E-04,2.059946E-04,6.66667E-04
2.281141,-1.297006E-04,1.220712E-04,-6.66667E-04
2.282141,3.051781E-05,7.629441E-05,-6.66667E-04
2.283142,2.822895E-04,-2.28883E-05,-6.66667E-04
2.284142,3.50954E-04,-4.730243E-04,-.002
2.285143,-1.602182E-04,-4.425067E-04,6.66667E-04
2.286143,-3.051776E-04,-1.144414E-04,-.002
2.287144,-3.433246E-04,8.392381E-05,.001
2.288144,-2.288828E-04,3.051781E-05,-6.66667E-04
2.289145,-9.918259E-05,-7.629441E-05,-6.66667E-04
2.290145,-1.602182E-04,-1.06812E-04,-6.66667E-04
2.291146,-2.28883E-05,-6.103562E-05,-.002
2.292146,-2.975482E-04,3.051781E-05,6.66667E-04
2.293147,-1.602182E-04,3.662128E-04,.001
2.294147,-2.822895E-04,4.043598E-04,-.002
2.295148,-1.06812E-04,2.899189E-04,-.001
2.296148,1.75477E-04,-1.525891E-05,-.002
2.297149,-4.57766E-05,2.899189E-04,.001
2.298149,-1.220712E-04,5.188026E-04,-6.66667E-04
2.29915,2.288828E-04,5.111732E-04,6.66667E-04
2.30015,5.645789E-04,2.670307E-04,-6.66667E-04
2.301151,4.119892E-04,2.670307E-04,-.001
2.302151,5.111732E-04,7.324256E-04,-6.66667E-04
2.303152,1.297006E-04,6.179847E-04,-.001
2.304152,-6.942786E-04,6.713904E-04,6.66667E-04
2.305153,-5.340613E-04,5.645789E-04,-2.33333E-03
2.306153,-5.035438E-04,3.204364E-04,6.66667E-04
2.307154,-2.212534E-04,3.12807E-04,6.66667E-04
2.308154,-3.051776E-04,3.051776E-04,6.66667E-04
2.309155,-5.798377E-04,1.144414E-04,6.66667E-04
2.310155,-5.188026E-04,-7.629441E-05,-6.66667E-04
2.311156,-3.662128E-04,-9.15532E-05,.001
2.312156,-2.13624E-04,-2.441425E-04,-6.66667E-04
2.313157,-1.06812E-04,-2.670307E-04,-6.66667E-04
2.314157,-1.220712E-04,1.449594E-04,-3.66667E-03
2.315158,-1.3733E-04,6.256141E-04,-6.66667E-04
2.316158,-5.493201E-04,5.416907E-04,-6.66667E-04
2.317159,-6.790198E-04,7.40055E-04,-6.66667E-04
2.318159,-3.662128E-04,8.392371E-04,-6.66667E-04
2.31916,-3.051776E-04,6.179847E-04,-.004
2.32016,-2.975482E-04,1.220712E-04,.001
2.321161,0,1.06812E-04,-6.66667E-04
2.322161,-4.119892E-04,1.06812E-04,-.002
2.323162,-7.171668E-04,7.629441E-05,-6.66667E-04
2.324162,-4.577655E-04,-1.75477E-04,.002
2.325163,-3.051776E-04,-2.13624E-04,-6.66667E-04
2.326163,-3.051781E-05,3.814721E-05,-.001
2.327164,-9.15532E-05,-1.525891E-05,-.002
2.328164,-3.051781E-05,-9.918259E-05,-6.66667E-04
2.329165,1.06812E-04,-3.204364E-04,-6.66667E-04
2.330165,-1.983652E-04,-6.103562E-05,-.001
2.331166,-1.525888E-04,-2.28883E-05,-.002
2.332166,1.678476E-04,2.899189E-04,-6.66667E-04
2.333167,1.06812E-04,1.678476E-04,-3.66667E-03
2.334167,-2.288828E-04,3.814721E-05,-6.66667E-04
2.335168,-1.907358E-04,2.670307E-04,-.001
2.336168,-2.13624E-04,7.629453E-06,-2.33333E-03
2.337169,-1.602182E-04,-2.212534E-04,-6.66667E-04
2.338169,-2.517719E-04,-1.678476E-04,.002
2.33917,-2.365122E-04,-2.212534E-04,-6.66667E-04
2.34017,-4.806537E-04,-7.629441E-05,-.001
2.341171,-3.585834E-04,-6.103562E-05,-6.66667E-04
2.342171,-4.806537E-04,1.75477E-04,.001
2.343172,-2.13624E-04,2.28883E-05,6.66667E-04
2.344172,7.629453E-06,-3.433246E-04,-6.66667E-04
2.345173,1.144414E-04,-1.525891E-05,-6.66667E-04
2.346173,3.051776E-04,-1.602182E-04,-6.66667E-04
2.347174,1.525888E-04,-9.918259E-05,-6.66667E-04
2.348174,-1.678476E-04,0,-.001
2.349174,-2.13624E-04,-1.602182E-04,-6.66667E-04
2.350175,-2.746601E-04,-7.629441E-05,-.001
2.351176,-4.196186E-04,1.3733E-04,.001
2.352176,-3.280658E-04,-6.866502E-05,-.002
2.353177,-2.441425E-04,5.340599E-05,-.002
2.354177,-1.525888E-04,2.441425E-04,-6.66667E-04
2.355178,-2.13624E-04,2.13624E-04,-6.66667E-04
2.356178,-3.051781E-05,2.975482E-04,6.66667E-04
2.357179,1.3733E-04,1.75477E-04,-6.66667E-04
2.358179,2.441425E-04,-2.975482E-04,-.002
2.359179,-2.28883E-05,-3.662128E-04,-6.66667E-04
2.36018,-7.629453E-06,1.525891E-05,-6.66667E-04
2.361181,-1.983652E-04,2.212534E-04,-.002
2.362181,-3.89101E-04,4.577655E-04,-6.66667E-04
2.363182,-4.196186E-04,4.959144E-04,-6.66667E-04
2.364182,-3.662128E-04,1.297006E-04,3.66667E-03
2.365183,-5.188026E-04,-6.103562E-05,6.66667E-04
2.366183,-4.88285E-04,2.28883E-05,6.66667E-04
2.367184,-1.983652E-04,0,-.001
2.368184,6.866502E-05,-1.678476E-04,.001
2.369184,5.340599E-05,-5.416907E-04,-.001
2.370185,7.629441E-05,-6.103553E-04,-.002
2.371186,1.144414E-04,-5.188026E-04,.001
2.372186,-3.051781E-05,-2.288828E-04,.001
2.373187,-2.288828E-04,-7.629441E-05,-2.33333E-03
2.374187,-4.501361E-04,2.594013E-04,6.66667E-04
2.375188,-1.907358E-04,1.525888E-04,6.66667E-04
2.376188,-3.051781E-05,2.13624E-04,-.002
2.377189,3.814716E-04,3.051781E-05,2.33333E-03
2.378189,3.662128E-04,3.12807E-04,-.001
2.379189,9.15532E-05,1.449594E-04,6.66667E-04
2.38019,3.814721E-05,-5.340599E-05,-6.66667E-04
2.381191,2.28883E-05,-7.629453E-06,.001
2.382191,3.967304E-04,4.57766E-05,-6.66667E-04
2.383192,4.348774E-04,9.15532E-05,-2.33333E-03
2.384192,2.288828E-04,1.678476E-04,-6.66667E-04
2.385193,9.918259E-05,2.365122E-04,-.001
2.386193,1.907358E-04,2.975482E-04,6.66667E-04
2.387194,2.899189E-04,3.12807E-04,6.66667E-04
2.388194,1.525888E-04,3.50954E-04,-.002
2.389194,-6.866502E-05,3.356952E-04,-.001
2.390195,-1.144414E-04,-7.629453E-06,-6.66667E-04
2.391196,-5.340599E-05,-1.525891E-05,-.001
2.392196,-2.212534E-04,-5.340599E-05,-6.66667E-04
2.393197,-1.220712E-04,9.918259E-05,-.002
2.394197,6.103562E-05,2.059946E-04,-.002
2.395198,2.594013E-04,2.365122E-04,-.002
2.396198,1.75477E-04,4.27248E-04,-.001
2.397199,1.144414E-04,4.043598E-04,-.001
2.398199,-1.144414E-04,-1.525888E-04,.001
2.399199,-5.035438E-04,-2.746601E-04,-.001
2.4002,-6.63761E-04,-9.15532E-05,-3.66667E-03
2.401201,-5.493201E-04,-5.340599E-05,-6.66667E-04
2.402201,-3.051776E-04,-5.340599E-05,-6.66667E-04
2.403202,-9.15532E-05,-1.983652E-04,-.002
2.404202,1.3733E-04,-5.264319E-04,-6.66667E-04
2.405203,1.06812E-04,-5.264319E-04,.001
2.406203,8.392381E-05,-2.822895E-04,6.66667E-04
2.407204,0,-2.594013E-04,-.001
2.408204,1.907358E-04,-2.13624E-04,-2.33333E-03
2.409204,-5.340599E-05,-9.15532E-05,-6.66667E-04
2.410205,1.449594E-04,-2.13624E-04,-.001
2.411206,-2.746601E-04,-2.212534E-04,-.001
2.412206,-3.051781E-05,-1.06812E-04,-.002
2.413207,1.297006E-04,9.918259E-05,-.002
2.414207,1.983652E-04,1.525888E-04,-.001
2.415208,2.517719E-04,-7.629453E-06,-.001
2.416208,2.899189E-04,-1.602182E-04,-6.66667E-04
2.417209,6.866502E-05,-3.051776E-04,-6.66667E-04
2.418209,-1.602182E-04,-5.111732E-04,-6.66667E-04
2.41921,-1.602182E-04,-4.501361E-04,-.001
2.42021,-2.28883E-05,-3.12807E-04,6.66667E-04
2.421211,1.525891E-05,-9.918259E-05,-6.66667E-04
2.422211,0,4.730243E-04,-.001
2.423212,-1.602182E-04,7.01908E-04,-6.66667E-04
2.424212,-2.288828E-04,4.043598E-04,-6.66667E-04
2.425213,0,8.392381E-05,-.001
2.426213,6.866502E-05,-5.340599E-05,-6.66667E-04
2.427214,2.441425E-04,-3.662128E-04,.002
2.428214,2.822895E-04,-3.738422E-04,-3.66667E-03
2.429215,1.602182E-04,-4.196186E-04,6.66667E-04
2.430215,-2.13624E-04,9.918259E-05,-.001
2.431216,1.06812E-04,9.918259E-05,-.002
2.432216,3.814721E-05,-3.814721E-05,6.66667E-04
2.433217,-2.365122E-04,2.288828E-04,3.66667E-03
2.434217,9.918259E-05,1.831064E-04,-.002
2.435218,2.517719E-04,1.678476E-04,6.66667E-04
2.436218,9.918259E-05,3.12807E-04,-.002
2.437219,-7.629453E-06,2.441425E-04,6.66667E-04
2.438219,7.629453E-06,7.629453E-06,-6.66667E-04
2.43922,-1.220712E-04,2.059946E-04,-.001
2.44022,-1.831064E-04,1.220712E-04,-2.33333E-03
2.441221,1.678476E-04,2.28883E-05,.001
2.442221,9.918259E-05,-1.983652E-04,6.66667E-04
2.443222,-6.866502E-05,1.220712E-04,-6.66667E-04
2.444222,-3.814721E-05,2.975482E-04,-6.66667E-04
2.445223,0,2.441425E-04,-6.66667E-04
2.446223,-5.340599E-05,3.433246E-04,-6.66667E-04
2.447224,1.525888E-04,3.967304E-04,.001
2.448224,5.188026E-04,4.653949E-04,-3.66667E-03
2.449225,3.204364E-04,1.449594E-04,.001
2.450225,1.75477E-04,1.144414E-04,.001
2.451226,1.449594E-04,7.629453E-06,-6.66667E-04
2.452226,1.907358E-04,-2.288828E-04,-.001
2.453227,-9.15532E-05,-4.27248E-04,-6.66667E-04
2.454227,-4.57766E-05,-4.348774E-04,6.66667E-04
2.455228,-1.525891E-05,-5.645789E-04,-3.66667E-03
2.456228,6.866502E-05,-4.653949E-04,.001
2.457229,-6.103562E-05,-4.806537E-04,-.001
2.458229,2.365122E-04,-2.746601E-04,-3.66667E-03
2.45923,3.280658E-04,-1.297006E-04,-.001
2.46023,6.103562E-05,-3.280658E-04,-6.66667E-04
2.461231,-2.212534E-04,-2.594013E-04,-.001
2.462231,0,-5.035438E-04,.001
2.463232,3.814716E-04,-1.06812E-04,-.001
2.464232,2.13624E-04,5.340599E-05,.001
2.465233,2.28883E-05,1.602182E-04,.001
2.466233,-1.297006E-04,2.670307E-04,-6.66667E-04
2.467234,-2.594013E-04,3.662128E-04,.001
2.468234,-3.051781E-05,2.975482E-04,6.66667E-04
2.469235,1.144414E-04,2.28883E-05,.001
2.470235,1.907358E-04,1.06812E-04,-.001
2.471236,9.15532E-05,3.051776E-04,.001
2.472236,7.629453E-06,4.27248E-04,-6.66667E-04
2.473237,9.918259E-05,5.111732E-04,.002
2.474237,2.822895E-04,3.585834E-04,-6.66667E-04
2.475238,2.059946E-04,4.196186E-04,6.66667E-04
2.476238,1.907358E-04,3.967304E-04,-.001
2.477239,4.57766E-05,2.594013E-04,6.66667E-04
2.478239,4.57766E-05,2.975482E-04,-6.66667E-04
2.47924,-1.525888E-04,1.144414E-04,.001
2.48024,6.103562E-05,-5.340599E-05,6.66667E-04
2.481241,3.356952E-04,9.15532E-05,.002
2.482241,3.433246E-04,3.814721E-05,-3.66667E-03
2.483242,3.356952E-04,-6.103562E-05,6.66667E-04
2.484242,5.035438E-04,3.051781E-05,-6.66667E-04
2.485243,2.13624E-04,1.75477E-04,-.001
2.486243,2.059946E-04,2.975482E-04,-6.66667E-04
2.487244,5.111732E-04,2.212534E-04,-6.66667E-04
2.488244,4.348774E-04,5.035438E-04,.001
2.489245,1.144414E-04,6.179847E-04,-6.66667E-04
2.490245,1.220712E-04,6.561317E-04,-.002
2.491246,1.907358E-04,4.425067E-04,.001
2.492246,1.06812E-04,-1.449594E-04,6.66667E-04
2.493247,1.449594E-04,-2.059946E-04,-.002
2.494247,9.918259E-05,-1.525888E-04,6.66667E-04
2.495248,4.57766E-05,0,-6.66667E-04
2.496248,7.629453E-06,1.525888E-04,-.002
2.497249,-2.28883E-05,3.50954E-04,.001
2.498249,1.525888E-04,9.918259E-05,6.66667E-04
2.49925,2.822895E-04,1.678476E-04,-6.66667E-04
2.50025,3.967304E-04,2.517719E-04,6.66667E-04
2.501251,9.918259E-05,-1.678476E-04,6.66667E-04
2.502251,4.730243E-04,-7.01908E-04,.001
2.503252,9.918259E-05,-5.798377E-04,.001
2.504252,0,-6.866492E-04,6.66667E-04
2.505253,-1.907358E-04,-4.806537E-04,-2.33333E-03
2.506253,-3.814716E-04,-2.13624E-04,6.66667E-04
2.507254,-6.179847E-04,-1.525891E-05,-.001
2.508254,-6.408729E-04,-7.629453E-06,6.66667E-04
2.509255,-4.806537E-04,-2.517719E-04,6.66667E-04
2.510255,-8.239783E-04,-1.831064E-04,-.001
2.511256,-5.798377E-04,-6.866502E-05,-6.66667E-04
2.512256,6.103562E-05,1.525891E-05,-6.66667E-04
2.513257,1.678476E-04,1.525888E-04,-.002
2.514257,9.15532E-05,2.517719E-04,-6.66667E-04
2.515258,-9.15532E-05,2.13624E-04,-6.66667E-04
2.516258,-1.907358E-04,6.866502E-05,6.66667E-04
2.517259,-3.814721E-05,-1.907358E-04,-6.66667E-04
2.518259,3.662128E-04,0,.001
2.51926,2.670307E-04,3.356952E-04,-6.66667E-04
2.52026,0,3.12807E-04,-6.66667E-04
2.521261,-2.28883E-05,2.594013E-04,-.001
2.522261,3.051776E-04,2.594013E-04,-5.33333E-03
2.523262,2.059946E-04,1.75477E-04,.001
2.524262,-1.602182E-04,3.967304E-04,-6.66667E-04
2.525263,-3.814721E-05,4.959144E-04,-2.33333E-03
2.526263,1.449594E-04,9.918259E-05,2.33333E-03
2.527264,2.517719E-04,-2.059946E-04,6.66667E-04
2.528264,6.866502E-05,-1.602182E-04,-2.33333E-03
2.529265,-8.392381E-05,-2.212534E-04,-6.66667E-04
2.530265,-3.051781E-05,-2.670307E-04,.001
2.531266,6.866502E-05,-7.629453E-06,-.002
2.532266,-2.13624E-04,-2.517719E-04,-6.66667E-04
2.533267,-1.983652E-04,3.814721E-05,-.001
2.534267,-1.75477E-04,-9.918259E-05,-.001
2.535268,4.119892E-04,3.433246E-04,-3.66667E-03
2.536268,5.035438E-04,9.15532E-05,-.002
2.537269,6.256141E-04,1.144414E-04,.001
2.538269,5.188026E-04,-4.425067E-04,-.002
2.53927,2.13624E-04,-7.934608E-04,.001
2.54027,1.831064E-04,-4.959144E-04,-.001
2.541271,2.13624E-04,-4.425067E-04,-.001
2.542271,-3.051781E-05,-2.517719E-04,-6.66667E-04
2.543272,-1.220712E-04,-1.449594E-04,-.002
2.544272,-5.340613E-04,-5.340599E-05,6.66667E-04
2.545273,-3.50954E-04,1.983652E-04,6.66667E-04
2.546273,-2.13624E-04,3.204364E-04,-6.66667E-04
2.547274,-2.28883E-05,3.585834E-04,6.66667E-04
2.548274,8.392381E-05,4.119892E-04,-2.33333E-03
2.549275,-9.918259E-05,4.730243E-04,-.002
2.550275,-5.798377E-04,5.950965E-04,.001
2.551276,1.525891E-05,9.918259E-05,-6.66667E-04
2.552276,2.288828E-04,-2.13624E-04,-.002
2.553277,4.57766E-05,1.602182E-04,.001
2.554277,-2.975482E-04,2.594013E-04,6.66667E-04
2.555278,-3.204364E-04,3.12807E-04,-6.66667E-04
2.556278,-9.918259E-05,-8.392381E-05,-6.66667E-04
2.557279,4.730243E-04,-5.569495E-04,-6.66667E-04
2.558279,5.111732E-04,-2.059946E-04,-.001
2.55928,2.670307E-04,-3.356952E-04,.001
2.56028,1.144414E-04,-1.983652E-04,6.66667E-04
2.561281,1.144414E-04,-7.629453E-06,-6.66667E-04
2.562281,-1.907358E-04,-6.866502E-05,-6.66667E-04
2.563282,-3.738422E-04,-1.602182E-04,.001
2.564282,-3.204364E-04,0,-6.66667E-04
2.565283,2.28883E-05,-2.28883E-05,6.66667E-04
2.566283,4.57766E-05,1.297006E-04,-6.66667E-04
2.567284,5.340599E-05,4.806537E-04,-6.66667E-04
2.568284,-1.678476E-04,3.433246E-04,-6.66667E-04
2.569285,4.57766E-05,3.585834E-04,6.66667E-04
2.570285,1.678476E-04,1.678476E-04,6.66667E-04
2.571286,2.517719E-04,1.831064E-04,6.66667E-04
2.572286,6.866502E-05,1.297006E-04,-.001
2.573287,7.629453E-06,-3.814721E-05,-6.66667E-04
2.574287,0,-1.831064E-04,-6.66667E-04
2.575288,1.907358E-04,-1.144414E-04,.002
2.576288,-1.06812E-04,2.059946E-04,-6.66667E-04
2.577289,-3.967304E-04,1.3733E-04,.001
2.578289,-4.88285E-04,-3.204364E-04,-.001
2.57929,-3.50954E-04,-4.501361E-04,-.001
2.58029,-3.356952E-04,-2.365122E-04,.001
2.581291,2.28883E-05,0,-.001
2.582291,1.525891E-05,1.525888E-04,.001
2.583292,-1.144414E-04,-3.051781E-05,-3.66667E-03
2.584292,1.06812E-04,-7.629441E-05,-.002
2.585293,5.340599E-05,-2.899189E-04,-2.33333E-03
2.586293,3.89101E-04,-2.975482E-04,-.001
2.587294,1.525891E-05,-1.144414E-04,-6.66667E-04
2.588294,-1.06812E-04,-6.866502E-05,-.001
2.589295,-5.493201E-04,-3.051776E-04,-.002
2.590295,-6.408729E-04,-1.297006E-04,.001
2.591296,-6.256141E-04,2.594013E-04,-6.66667E-04
2.592296,-6.332435E-04,-1.144414E-04,6.66667E-04
2.593297,-8.316077E-04,-5.798377E-04,.001
2.594297,-5.035438E-04,-3.738422E-04,-3.66667E-03
2.595298,-2.517719E-04,-1.449594E-04,-.002
2.596298,-6.866502E-05,-2.441425E-04,-6.66667E-04
2.597299,1.449594E-04,-1.449594E-04,-.001
2.598299,1.525888E-04,-3.814721E-05,-6.66667E-04
2.5993,-7.629453E-06,-2.288828E-04,.001
2.6003,9.15532E-05,-2.13624E-04,-.001
2.601301,2.059946E-04,-2.899189E-04,-6.66667E-04
2.602301,1.831064E-04,-6.103562E-05,-6.66667E-04
2.603302,2.365122E-04,1.220712E-04,-2.33333E-03
2.604302,1.3733E-04,1.144414E-04,-.002
2.605303,-2.441425E-04,8.392381E-05,-.002
2.606303,-4.27248E-04,2.13624E-04,-.001
2.607304,-6.256141E-04,2.746601E-04,6.66667E-04
2.608304,-4.806537E-04,2.059946E-04,-2.33333E-03
2.609305,-1.3733E-04,3.12807E-04,-.002
2.610305,-1.907358E-04,2.822895E-04,6.66667E-04
2.611306,-2.822895E-04,2.899189E-04,-.001
2.612306,-1.602182E-04,4.577655E-04,-.001
2.613307,-2.594013E-04,-1.678476E-04,.001
2.614307,-3.738422E-04,-1.525891E-05,.001
2.615308,-3.814721E-05,2.059946E-04,-.002
2.616308,3.814721E-05,-7.629453E-06,.001
2.617309,1.525888E-04,-1.06812E-04,-.002
2.618309,9.918259E-05,-1.907358E-04,-6.66667E-04
2.61931,3.585834E-04,-1.831064E-04,-.002
2.62031,1.907358E-04,-3.814721E-05,6.66667E-04
2.621311,1.525888E-04,7.553138E-04,6.66667E-04
2.622311,2.059946E-04,6.485023E-04,-2.33333E-03
2.623312,-5.340599E-05,2.975482E-04,-.002
2.624312,2.059946E-04,1.525888E-04,.001
2.625313,-1.525888E-04,-1.06812E-04,-.002
2.626313,-7.629441E-05,0,6.66667E-04
2.627314,-2.441425E-04,-3.051781E-05,.001
2.628314,-3.12807E-04,9.918259E-05,-.001
2.629315,-2.212534E-04,-8.392381E-05,-6.66667E-04
2.630315,2.517719E-04,-4.27248E-04,-6.66667E-04
2.631316,-7.629453E-06,-3.280658E-04,.002
2.632316,1.525891E-05,-9.918259E-05,6.66667E-04
2.633317,1.297006E-04,-1.525888E-04,-.001
2.634317,1.983652E-04,-2.365122E-04,-6.66667E-04
2.635318,1.678476E-04,-3.50954E-04,6.66667E-04
2.636318,2.975482E-04,-3.814721E-05,-.002
2.637319,0,-2.28883E-05,-.002
2.638319,-4.57766E-05,2.441425E-04,.001
2.63932,1.602182E-04,2.517719E-04,-6.66667E-04
2.64032,3.051781E-05,1.75477E-04,-.001
2.641321,-2.594013E-04,1.297006E-04,6.66667E-04
2.642321,2.28883E-05,2.059946E-04,6.66667E-04
2.643322,1.449594E-04,-2.594013E-04,-6.66667E-04
2.644322,-3.814721E-05,-2.899189E-04,-6.66667E-04
2.645323,-5.340599E-05,-1.525891E-05,.001
2.646323,3.814721E-05,9.918259E-05,-6.66667E-04
2.647324,1.06812E-04,5.340599E-05,6.66667E-04
2.648324,1.525888E-04,-2.746601E-04,-6.66667E-04
2.649325,2.594013E-04,-1.525888E-04,.001
2.650325,2.288828E-04,-9.15532E-05,-2.33333E-03
2.651326,4.577655E-04,4.57766E-05,6.66667E-04
2.652326,3.738422E-04,4.57766E-05,.001
2.653327,3.814721E-05,-3.051781E-05,-6.66667E-04
2.654327,1.75477E-04,-2.441425E-04,.001
2.655328,4.425067E-04,-3.204364E-04,-6.66667E-04
2.656328,-1.525891E-05,-2.670307E-04,6.66667E-04
2.657329,-1.525888E-04,-1.602182E-04,-.001
2.658329,-1.297006E-04,-9.15532E-05,.001
2.65933,1.831064E-04,-1.983652E-04,6.66667E-04
2.66033,-6.103562E-05,-1.297006E-04,-.001
2.661331,-5.188026E-04,-3.814721E-05,-.001
2.662331,-3.12807E-04,1.525888E-04,-6.66667E-04
2.663332,4.57766E-05,2.059946E-04,-2.33333E-03
2.664332,-2.212534E-04,1.602182E-04,-2.33333E-03
2.665333,-5.722083E-04,2.594013E-04,-3.66667E-03
2.666333,-9.613074E-04,1.831064E-04,-6.66667E-04
2.667334,-1.091011E-03,5.340599E-05,6.66667E-04
2.668334,-1.655586E-03,1.525891E-05,6.66667E-04
2.669335,-2.365127E-03,1.602182E-04,-6.66667E-04
2.670335,-2.594009E-03,1.297006E-04,6.66667E-04
2.671336,-3.135696E-03,-1.525891E-05,-.001
2.672336,-4.112273E-03,2.059946E-04,6.66667E-04
2.673337,-4.730254E-03,-3.814721E-05,6.66667E-04
2.674337,-5.233794E-03,-1.220712E-04,-.001
2.675338,-5.394012E-03,-6.866502E-05,6.66667E-04
2.676338,-5.233794E-03,9.918259E-05,-6.66667E-04
2.677339,-4.776031E-03,2.288828E-04,-6.66667E-04
2.678339,-4.356414E-03,3.967304E-04,.001
2.67934,-3.807083E-03,2.212534E-04,-.001
2.68034,-3.234878E-03,-6.103562E-05,6.66667E-04
2.681341,-3.059402E-03,-3.814721E-05,6.66667E-04
2.682341,-2.647415E-03,-2.13624E-04,.001
2.683342,-1.792915E-03,-3.356952E-04,-3.66667E-03
2.684342,-1.235969E-03,1.06812E-04,.001
2.685343,-9.002723E-04,4.577655E-04,-6.66667E-04
2.686343,-8.010902E-04,1.75477E-04,-6.66667E-04
2.687344,-2.746601E-04,-6.866502E-05,6.66667E-04
2.688344,1.3733E-04,1.3733E-04,-.004
2.689345,9.918259E-05,1.449594E-04,6.66667E-04
2.690345,5.340599E-05,9.918259E-05,.001
2.691346,-5.340599E-05,1.525891E-05,6.66667E-04
2.692346,-6.103562E-05,1.525888E-04,-6.66667E-04
2.693347,-1.907358E-04,2.28883E-05,6.66667E-04
2.694347,-2.212534E-04,1.983652E-04,-6.66667E-04
2.695348,-2.212534E-04,4.196186E-04,-6.66667E-04
2.696348,9.918259E-05,3.585834E-04,6.66667E-04
2.697349,-6.866502E-05,3.12807E-04,-6.66667E-04
2.698349,-1.75477E-04,3.433246E-04,-.001
2.69935,-1.449594E-04,5.493201E-04,-6.66667E-04
2.70035,-1.678476E-04,2.899189E-04,-2.33333E-03
2.701351,7.629441E-05,8.392381E-05,6.66667E-04
2.702351,3.814721E-05,-4.57766E-05,-.002
2.703352,1.297006E-04,-8.392381E-05,-.002
2.704352,1.75477E-04,-1.3733E-04,-.001
2.705353,1.06812E-04,-1.983652E-04,6.66667E-04
2.706353,-1.907358E-04,-3.12807E-04,-.001
2.707354,-1.3733E-04,-2.975482E-04,-6.66667E-04
2.708354,-1.06812E-04,-9.15532E-05,6.66667E-04
2.709355,-1.602182E-04,-2.365122E-04,-.001
2.710355,-1.75477E-04,-2.288828E-04,.002
2.711356,-1.3733E-04,2.288828E-04,-.002
2.712356,-1.3733E-04,7.629453E-06,-6.66667E-04
2.713357,-4.119892E-04,-6.103562E-05,.001
2.714357,-5.035438E-04,9.918259E-05,6.66667E-04
2.715358,-3.12807E-04,3.356952E-04,6.66667E-04
2.716358,-5.340599E-05,1.525888E-04,-.002
2.717359,9.15532E-05,-1.449594E-04,-6.66667E-04
2.718359,-5.340599E-05,-3.12807E-04,-.002
2.71936,-7.629441E-05,-1.907358E-04,-.002
2.72036,-1.06812E-04,-1.144414E-04,-6.66667E-04
2.721361,-1.297006E-04,2.212534E-04,-6.66667E-04
2.722361,-4.57766E-05,-1.525888E-04,.002
2.723362,-2.441425E-04,-1.06812E-04,-.001
2.724362,-5.188026E-04,-2.28883E-05,6.66667E-04
2.725363,-5.416907E-04,1.525888E-04,-6.66667E-04
2.726363,-5.188026E-04,3.356952E-04,-.001
2.727364,-5.493201E-04,2.594013E-04,-.001
2.728364,-4.501361E-04,2.594013E-04,.001
2.729365,-3.50954E-04,2.594013E-04,-6.66667E-04
2.730365,-2.670307E-04,0,6.66667E-04
2.731366,7.629453E-06,-1.678476E-04,-.001
2.732366,2.13624E-04,1.525888E-04,-.001
2.733367,-3.051781E-05,7.629441E-05,-.002
2.734367,-1.983652E-04,-6.866502E-05,.001
2.735368,-3.051781E-05,3.051781E-05,2.33333E-03
2.736368,-3.662128E-04,-3.051781E-05,6.66667E-04
2.737369,-3.051776E-04,-1.75477E-04,-.002
2.738369,-3.967304E-04,-1.220712E-04,-.001
2.73937,-3.738422E-04,2.212534E-04,.001
2.74037,-3.738422E-04,-9.918259E-05,-6.66667E-04
2.741371,-1.525888E-04,-4.119892E-04,-.001
2.742371,-2.212534E-04,-3.204364E-04,-.001
2.743372,-1.144414E-04,-1.678476E-04,-6.66667E-04
2.744372,-3.356952E-04,-3.738422E-04,6.66667E-04
2.745373,-5.340613E-04,-3.204364E-04,6.66667E-04
2.746373,-2.212534E-04,-4.27248E-04,.002
2.747374,-3.433246E-04,-5.416907E-04,-.002
2.748374,-7.629453E-06,-4.348774E-04,-.001
2.749375,1.983652E-04,1.144414E-04,-.001
2.750375,3.967304E-04,-1.06812E-04,6.66667E-04
2.751376,2.28883E-05,8.392381E-05,-.001
2.752376,-3.12807E-04,1.144414E-04,-.002
2.753377,-1.449594E-04,-2.212534E-04,-.001
2.754377,-7.629453E-06,-2.822895E-04,-6.66667E-04
2.755378,-2.365122E-04,-2.975482E-04,-3.66667E-03
2.756378,-1.220712E-04,-3.814716E-04,6.66667E-04
2.757379,1.525891E-05,-3.814716E-04,-6.66667E-04
2.758379,8.392381E-05,-1.06812E-04,6.66667E-04
2.75938,4.119892E-04,-9.918259E-05,-.001
2.76038,4.577655E-04,-7.629441E-05,6.66667E-04
2.761381,2.365122E-04,9.918259E-05,-2.33333E-03
2.762381,8.392381E-05,2.059946E-04,.001
2.763382,-7.629453E-06,-4.57766E-05,6.66667E-04
2.764382,-2.212534E-04,-1.06812E-04,6.66667E-04
2.765383,1.525891E-05,5.340599E-05,-.002
2.766383,-2.212534E-04,-1.602182E-04,6.66667E-04
2.767384,-2.288828E-04,-1.602182E-04,-.001
2.768384,7.629453E-06,-7.629453E-06,-.002
2.769385,-2.365122E-04,1.907358E-04,-6.66667E-04
2.770385,-1.831064E-04,4.57766E-05,-2.33333E-03
2.771386,-1.525891E-05,2.059946E-04,6.66667E-04
2.772386,0,2.899189E-04,.001
2.773387,1.06812E-04,4.196186E-04,-6.66667E-04
2.774387,-1.06812E-04,-2.059946E-04,-.002
2.775388,-3.662128E-04,-3.204364E-04,-2.33333E-03
2.776388,-2.975482E-04,-5.340613E-04,-.001
2.777389,6.103562E-05,-5.798377E-04,6.66667E-04
2.778389,-3.50954E-04,-4.806537E-04,-.001
2.77939,-4.27248E-04,-5.035438E-04,-6.66667E-04
2.78039,-2.441425E-04,-4.043598E-04,6.66667E-04
2.781391,-1.831064E-04,1.449594E-04,-.002
2.782391,-3.738422E-04,4.196186E-04,-3.66667E-03
2.783392,-2.13624E-04,2.441425E-04,.001
2.784392,2.670307E-04,1.3733E-04,-.001
2.785393,1.75477E-04,4.425067E-04,-.001
2.786393,3.433246E-04,4.959144E-04,-.002
2.787394,4.577655E-04,2.822895E-04,-3.66667E-03
2.788394,3.12807E-04,-6.103562E-05,-6.66667E-04
2.789395,9.15532E-05,-2.670307E-04,-.002
2.790395,1.983652E-04,-1.06812E-04,-.001
2.791396,-7.629441E-05,1.3733E-04,6.66667E-04
2.792396,-2.670307E-04,-4.043598E-04,-6.66667E-04
2.793397,-1.144414E-04,-5.188026E-04,.001
2.794397,1.06812E-04,-3.738422E-04,-.002
2.795398,0,-6.866492E-04,.001
2.796398,-2.517719E-04,-6.866492E-04,-.001
2.797399,-1.06812E-04,-3.051776E-04,-6.66667E-04
2.798399,-4.57766E-05,-2.288828E-04,-2.33333E-03
2.7994,-2.594013E-04,-1.602182E-04,-6.66667E-04
2.8004,-3.280658E-04,-2.13624E-04,-2.33333E-03
2.801401,-2.059946E-04,-2.13624E-04,6.66667E-04
2.802401,-6.103562E-05,-4.577655E-04,-6.66667E-04
2.803402,-2.212534E-04,-1.75477E-04,-.001
2.804402,-2.365122E-04,-2.594013E-04,-.002
2.805403,1.06812E-04,1.525888E-04,-6.66667E-04
2.806403,3.12807E-04,4.806537E-04,6.66667E-04
2.807404,1.449594E-04,1.525888E-04,.001
2.808404,-3.814721E-05,-8.392381E-05,-6.66667E-04
2.809405,-3.814721E-05,-1.831064E-04,.001
2.810405,9.15532E-05,-7.629453E-06,.001
2.811406,-6.103562E-05,2.288828E-04,-.001
2.812406,2.594013E-04,3.433246E-04,-.001
2.813407,3.051781E-05,4.043598E-04,-5.66667E-03
2.814407,-1.525888E-04,3.356952E-04,-6.66667E-04
2.815408,-4.57766E-05,1.220712E-04,-6.66667E-04
2.816408,-4.27248E-04,1.525888E-04,.002
2.817409,-8.010902E-04,4.57766E-05,-6.66667E-04
2.818409,-6.408729E-04,2.059946E-04,-3.66667E-03
2.81941,-5.569495E-04,1.678476E-04,-.002
2.82041,-7.705726E-04,-1.525891E-05,-.002
2.821411,-5.340613E-04,1.144414E-04,-3.66667E-03
2.822411,-4.806537E-04,3.280658E-04,-.001
2.823412,-3.967304E-04,2.365122E-04,-2.33333E-03
2.824412,-1.678476E-04,1.907358E-04,-6.66667E-04
2.825413,-1.831064E-04,-2.441425E-04,-6.66667E-04
2.826413,-5.340613E-04,-4.577655E-04,.001
2.827414,-6.866492E-04,-5.340613E-04,-6.66667E-04
2.828414,-1.167305E-03,-2.517719E-04,-.002
2.829415,-1.617439E-03,3.051781E-05,-3.66667E-03
2.830415,-1.884468E-03,0,-.002
2.831416,-2.32698E-03,-2.365122E-04,-.001
2.832416,-2.83815E-03,-2.212534E-04,-.001
2.833417,-3.074661E-03,0,-2.33333E-03
2.834417,-3.486648E-03,-3.814721E-05,-6.66667E-04
2.835418,-3.936797E-03,-4.57766E-05,.001
2.836418,-4.295379E-03,-7.629453E-06,.001
2.837419,-4.440337E-03,-6.866502E-05,6.66667E-04
2.838419,-4.272491E-03,-1.907358E-04,-6.66667E-04
2.83942,-4.325897E-03,-4.27248E-04,-.001
2.84042,-4.364043E-03,-8.392381E-05,6.66667E-04
2.841421,-4.226714E-03,1.220712E-04,-6.66667E-04
2.842421,-3.456131E-03,-2.822895E-04,-6.66667E-04
2.843422,-2.731338E-03,-6.713904E-04,.001
2.844422,-2.014175E-03,-1.983652E-04,.002
2.845423,-1.434334E-03,2.059946E-04,-.002
2.846423,-1.251228E-03,4.501361E-04,-6.66667E-04
2.847424,-8.544959E-04,-1.525891E-05,-.002
2.848424,-1.251228E-03,-2.13624E-04,-6.66667E-04
2.849425,-1.502998E-03,2.28883E-05,-.002
2.850425,-1.007088E-03,8.392381E-05,.001
2.851426,-7.247962E-04,3.12807E-04,.002
2.852426,-7.01908E-04,3.89101E-04,.002
2.853427,-4.653949E-04,1.678476E-04,6.66667E-04
2.854427,-3.051776E-04,2.288828E-04,-.002
2.855428,-4.27248E-04,-1.449594E-04,-3.66667E-03
2.856428,-2.13624E-04,-4.119892E-04,.002
2.857429,-3.738422E-04,-2.975482E-04,6.66667E-04
2.858429,-5.340599E-05,-2.975482E-04,6.66667E-04
2.85943,2.594013E-04,1.3733E-04,-.002
2.86043,3.814716E-04,-1.06812E-04,-6.66667E-04
2.861431,4.577655E-04,3.051781E-05,6.66667E-04
2.862431,5.188026E-04,9.15532E-05,-.002
2.863432,2.059946E-04,-1.06812E-04,-.001
2.864432,1.75477E-04,-4.57766E-05,.001
2.865433,1.678476E-04,9.15532E-05,6.66667E-04
2.866433,-7.629453E-06,1.983652E-04,-6.66667E-04
2.867434,-3.280658E-04,2.822895E-04,6.66667E-04
2.868434,-1.907358E-04,-7.629441E-05,.001
2.869435,-1.525888E-04,-4.425067E-04,-5.33333E-03
2.870435,-5.874671E-04,-4.043598E-04,.001
2.871436,-5.416907E-04,-3.814716E-04,.001
2.872436,-6.713904E-04,-2.746601E-04,.002
2.873437,-5.264319E-04,-2.746601E-04,-6.66667E-04
2.874437,-6.866502E-05,-9.15532E-05,-6.66667E-04
2.875438,-6.866502E-05,4.57766E-05,-.001
2.876438,-1.75477E-04,0,-6.66667E-04
2.877439,-3.814721E-05,-1.449594E-04,6.66667E-04
2.878439,7.629453E-06,-1.3733E-04,-6.66667E-04
2.87944,0,-5.340599E-05,.001
2.88044,-8.392381E-05,-5.340599E-05,-.001
2.881441,-4.806537E-04,-1.525891E-05,6.66667E-04
2.882441,-2.365122E-04,1.75477E-04,-6.66667E-04
2.883442,1.3733E-04,3.662128E-04,-2.33333E-03
2.884442,3.051781E-05,1.525888E-04,-.002
2.885443,1.220712E-04,-3.204364E-04,.002
2.886443,-1.144414E-04,-4.043598E-04,.001
2.887444,-4.425067E-04,-3.12807E-04,-.002
2.888444,-5.035438E-04,1.525888E-04,-6.66667E-04
2.889445,-6.713904E-04,-1.678476E-04,.001
2.890445,-2.975482E-04,-2.441425E-04,-.001
2.891446,-1.3733E-04,3.051781E-05,-.001
2.892446,-1.678476E-04,4.196186E-04,6.66667E-04
2.893447,-1.449594E-04,5.111732E-04,-6.66667E-04
2.894447,2.441425E-04,5.340613E-04,-6.66667E-04
2.895448,5.340599E-05,4.196186E-04,-6.66667E-04
2.896448,-3.051781E-05,1.525891E-05,.001
2.897449,-2.899189E-04,-6.103562E-05,6.66667E-04
2.898449,-1.06812E-04,3.051781E-05,6.66667E-04
2.89945,1.220712E-04,9.918259E-05,6.66667E-04
2.90045,2.288828E-04,0,-.001
2.901451,2.13624E-04,7.629441E-05,-6.66667E-04
2.902451,1.678476E-04,0,.001
2.903452,-1.75477E-04,7.629453E-06,-6.66667E-04
2.904452,-3.051776E-04,4.57766E-05,-6.66667E-04
2.905453,-3.814716E-04,1.831064E-04,.001
2.906453,-3.662128E-04,2.288828E-04,-6.66667E-04
2.907454,-2.441425E-04,1.75477E-04,-6.66667E-04
2.908454,1.297006E-04,6.866502E-05,-3.66667E-03
2.909455,2.28883E-05,-1.983652E-04,6.66667E-04
2.910455,1.525888E-04,-1.449594E-04,-2.33333E-03
2.911456,-3.051781E-05,2.212534E-04,-.001
2.912456,-1.602182E-04,1.831064E-04,-2.33333E-03
2.913457,-9.918259E-05,-6.866502E-05,-6.66667E-04
2.914457,-2.288828E-04,-9.15532E-05,.001
2.915458,-3.356952E-04,9.918259E-05,-6.66667E-04
2.916458,-3.967304E-04,-2.28883E-05,6.66667E-04
2.917459,-2.212534E-04,-5.340599E-05,-6.66667E-04
2.918459,5.340599E-05,2.28883E-05,-6.66667E-04
2.91946,1.525888E-04,1.75477E-04,-.002
2.92046,2.059946E-04,2.288828E-04,-.002
2.921461,2.899189E-04,3.738422E-04,-.001
2.922461,-1.907358E-04,5.264319E-04,.001
2.923462,-6.103562E-05,3.89101E-04,-6.66667E-04
2.924462,-7.629441E-05,1.297006E-04,-.001
2.925463,1.831064E-04,3.433246E-04,-.002
2.926463,1.220712E-04,3.662128E-04,-.001
2.927464,0,3.12807E-04,-.004
2.928464,-2.365122E-04,1.983652E-04,-6.66667E-04
2.929465,-3.662128E-04,-1.525888E-04,-3.66667E-03
2.930465,-4.119892E-04,-1.983652E-04,-2.33333E-03
2.931466,-2.822895E-04,-1.144414E-04,-.001
2.932466,-1.297006E-04,-9.15532E-05,6.66667E-04
2.933467,-2.288828E-04,-8.392381E-05,-.002
2.934467,-3.356952E-04,2.059946E-04,6.66667E-04
2.935468,-4.27248E-04,5.645789E-04,.001
2.936468,-3.204364E-04,1.525888E-04,-.001
2.937469,-1.525888E-04,-2.517719E-04,-.002
2.938469,-8.392381E-05,-5.340599E-05,2.33333E-03
2.93947,1.449594E-04,7.629453E-06,-.002
2.94047,1.144414E-04,-1.75477E-04,-.001
2.941471,4.730243E-04,1.220712E-04,6.66667E-04
2.942471,5.340613E-04,1.831064E-04,.001
2.943472,3.280658E-04,2.594013E-04,.001
2.944472,9.918259E-05,2.059946E-04,.001
2.945473,2.594013E-04,2.975482E-04,-.002
2.946473,1.3733E-04,5.340599E-05,.001
2.947474,-8.392381E-05,8.392381E-05,-.002
2.948474,-1.831064E-04,6.866502E-05,-6.66667E-04
2.949475,-4.577655E-04,-5.340599E-05,6.66667E-04
2.950475,-2.365122E-04,3.051781E-05,-.002
2.951476,1.525891E-05,1.907358E-04,6.66667E-04
2.952476,6.866502E-05,6.866502E-05,-.001
2.953477,4.57766E-05,1.907358E-04,-2.33333E-03
2.954477,-3.50954E-04,1.525891E-05,-6.66667E-04
2.955478,-3.12807E-04,1.144414E-04,-.001
2.956478,-3.433246E-04,2.517719E-04,-3.66667E-03
2.957479,-2.441425E-04,5.188026E-04,.001
2.958479,-2.28883E-05,3.662128E-04,-6.66667E-04
2.95948,1.525888E-04,5.264319E-04,-2.33333E-03
2.96048,-2.441425E-04,3.814716E-04,-6.66667E-04
2.961481,-4.501361E-04,1.297006E-04,6.66667E-04
2.962481,-3.433246E-04,2.746601E-04,-.001
2.963482,3.814721E-05,3.356952E-04,-6.66667E-04
2.964482,1.449594E-04,6.866502E-05,.001
2.965483,1.449594E-04,-3.204364E-04,-3.66667E-03
2.966483,2.746601E-04,-4.959144E-04,6.66667E-04
2.967484,1.449594E-04,-2.28883E-05,-6.66667E-04
2.968484,3.814721E-05,2.822895E-04,-.001
2.969485,-2.746601E-04,-1.06812E-04,6.66667E-04
2.970485,-4.348774E-04,-7.629441E-05,6.66667E-04
2.971486,-7.40055E-04,-9.15532E-05,2.33333E-03
2.972486,-7.858314E-04,-6.103562E-05,-6.66667E-04
2.973487,-7.247962E-04,-2.212534E-04,-.001
2.974487,-9.155311E-04,-3.738422E-04,-.002
2.975488,-5.569495E-04,-3.662128E-04,-6.66667E-04
2.976488,-3.50954E-04,-4.730243E-04,-.001
2.977489,-4.27248E-04,1.75477E-04,-3.66667E-03
2.978489,-1.75477E-04,4.501361E-04,.001
2.97949,-1.3733E-04,4.730243E-04,-.001
2.98049,-6.408729E-04,4.043598E-04,-3.66667E-03
2.981491,-1.182564E-03,3.662128E-04,6.66667E-04
2.982491,-1.174934E-03,1.297006E-04,.001
2.983492,-1.518257E-03,1.144414E-04,-6.66667E-04
2.984492,-1.647957E-03,1.907358E-04,.001
2.985493,-2.311721E-03,3.662128E-04,6.66667E-04
2.986493,-3.112808E-03,-1.220712E-04,-6.66667E-04
2.987494,-4.173309E-03,-2.288828E-04,-.001
2.988494,-5.363494E-03,-5.493201E-04,-6.66667E-04
2.989495,-6.683379E-03,-6.179847E-04,-.002
2.990495,-.0083161,-6.332435E-04,-6.66667E-04
2.991496,-1.009375E-02,-9.002723E-04,6.66667E-04
2.992496,-1.232153E-02,-1.007088E-03,-.002
2.993497,-1.510626E-02,-7.553138E-04,-3.66667E-03
2.994497,-1.793683E-02,-1.197822E-03,6.66667E-04
2.995498,-2.014935E-02,-1.632698E-03,-6.66667E-04
2.996498,-2.111065E-02,-2.113357E-03,.002
2.997499,-2.108014E-02,-2.487198E-03,-.002
2.998499,-1.989758E-02,-2.059951E-03,-6.66667E-04
2.9995,-1.770031E-02,-1.785286E-03,6.66667E-04
3.0005,-.0151673,-1.22834E-03,.001
3.001501,-1.235968E-02,-6.866492E-04,6.66667E-04
3.002501,-1.052862E-02,-5.722083E-04,-6.66667E-04
3.003502,-8.537352E-03,-7.934608E-04,-.001
3.004502,-6.713897E-03,-7.171668E-04,-6.66667E-04
3.005503,-5.050689E-03,-2.822895E-04,6.66667E-04
3.006503,-3.562942E-03,-9.15532E-05,-2.33333E-03
3.007504,-2.876297E-03,1.525888E-04,-.002
3.008504,-2.151504E-03,2.594013E-04,-6.66667E-04
3.009505,-1.472481E-03,1.983652E-04,-.002
3.010505,-7.553138E-04,1.525891E-05,6.66667E-04
3.011506,-3.814716E-04,2.13624E-04,-.002
3.012506,-4.119892E-04,2.13624E-04,-.002
3.013507,-3.585834E-04,5.340599E-05,-6.66667E-04
3.014507,-2.441425E-04,-2.365122E-04,-.002
3.015508,-1.907358E-04,-1.144414E-04,-.001
3.016508,3.814721E-05,2.975482E-04,-.001
3.017509,9.918259E-05,5.188026E-04,-.002
3.018509,9.15532E-05,2.212534E-04,-.001
3.01951,-1.525888E-04,3.051781E-05,.001
3.02051,-4.653949E-04,-4.806537E-04,-6.66667E-04
3.021511,-4.119892E-04,-1.045235E-03,-6.66667E-04
3.022511,1.06812E-04,-6.942786E-04,-2.33333E-03
3.023512,0,-5.264319E-04,6.66667E-04
3.024512,6.866502E-05,-5.340599E-05,.001
3.025513,2.212534E-04,3.356952E-04,6.66667E-04
3.026513,3.051776E-04,-3.051781E-05,-.001
3.027514,1.831064E-04,-1.525891E-05,-6.66667E-04
3.028514,2.594013E-04,-1.06812E-04,.001
3.029515,9.918259E-05,4.57766E-05,-6.66667E-04
3.030515,1.525891E-05,6.179847E-04,.001
3.031516,7.629441E-05,6.027259E-04,-.001
3.032516,0,7.01908E-04,.001
3.033517,-9.918259E-05,2.059946E-04,-.001
3.034517,1.525891E-05,-2.13624E-04,6.66667E-04
3.035518,2.365122E-04,9.918259E-05,-.001
3.036518,8.392381E-05,-1.06812E-04,-6.66667E-04
3.037519,-5.645789E-04,-5.264319E-04,-.001
3.038519,-4.196186E-04,-3.967304E-04,.001
3.03952,-1.144414E-04,-1.983652E-04,-.001
3.04052,7.629441E-05,1.602182E-04,6.66667E-04
3.041521,3.814721E-05,2.13624E-04,.001
3.042521,-7.629441E-05,4.57766E-05,-.001
3.043522,3.814721E-05,-9.15532E-05,6.66667E-04
3.044522,1.525891E-05,-5.340599E-05,.001
3.045523,2.28883E-05,2.594013E-04,.001
3.046523,-1.3733E-04,2.670307E-04,-.002
3.047524,-2.13624E-04,-8.392381E-05,-2.33333E-03
3.048524,-4.57766E-05,-1.602182E-04,.001
3.049525,0,-3.50954E-04,6.66667E-04
3.050525,-3.051781E-05,-2.899189E-04,-6.66667E-04
3.051526,-5.340599E-05,2.28883E-05,.001
3.052526,-1.678476E-04,1.220712E-04,6.66667E-04
3.053527,6.866502E-05,9.918259E-05,-.001
3.054527,4.57766E-05,3.814721E-05,-6.66667E-04
3.055528,-3.738422E-04,9.15532E-05,-6.66667E-04
3.056528,-2.059946E-04,1.907358E-04,6.66667E-04
3.057529,-4.653949E-04,3.051776E-04,-.001
3.058529,-1.602182E-04,6.027259E-04,-6.66667E-04
3.05953,-1.297006E-04,5.340613E-04,-6.66667E-04
3.06053,-6.561317E-04,3.12807E-04,6.66667E-04
3.061531,-5.874671E-04,-1.678476E-04,.001
3.062531,-3.051776E-04,-1.75477E-04,-.002
3.063532,-9.918259E-05,1.449594E-04,-3.66667E-03
3.064532,-3.814721E-05,2.441425E-04,6.66667E-04
3.065533,-1.449594E-04,1.144414E-04,-.001
3.066533,-1.06812E-04,0,.001
3.067534,1.297006E-04,-2.594013E-04,-6.66667E-04
3.068534,3.051781E-05,-1.602182E-04,-.001
3.069535,-2.059946E-04,-7.629441E-05,-.002
3.070535,-2.28883E-05,-5.340599E-05,.002
3.071536,-2.28883E-05,-1.144414E-04,-2.33333E-03
3.072536,0,-5.340613E-04,6.66667E-04
3.073537,-1.525891E-05,-6.103562E-05,6.66667E-04
3.074537,2.594013E-04,1.525888E-04,.001
3.075538,2.594013E-04,1.220712E-04,-6.66667E-04
3.076538,4.425067E-04,2.28883E-05,.001
3.077539,2.746601E-04,1.525888E-04,-.002
3.078539,-1.602182E-04,9.918259E-05,6.66667E-04
3.07954,-5.416907E-04,6.103562E-05,.001
3.08054,-5.111732E-04,-2.288828E-04,-6.66667E-04
3.081541,3.051781E-05,-2.670307E-04,-6.66667E-04
3.082541,-1.449594E-04,-4.043598E-04,-6.66667E-04
3.083542,-2.746601E-04,-2.517719E-04,6.66667E-04
3.084542,-1.297006E-04,-5.340599E-05,-.002
3.085543,-3.204364E-04,3.356952E-04,-3.66667E-03
3.086543,-1.75477E-04,2.594013E-04,6.66667E-04
3.087544,9.15532E-05,0,-6.66667E-04
3.088544,4.196186E-04,2.059946E-04,6.66667E-04
3.089545,5.188026E-04,2.594013E-04,-.002
3.090545,1.449594E-04,8.392381E-05,-.001
3.091546,5.340599E-05,-9.918259E-05,.001
3.092546,2.441425E-04,-2.059946E-04,-6.66667E-04
3.093547,2.670307E-04,-1.831064E-04,.001
3.094547,-4.27248E-04,-1.831064E-04,-.001
3.095548,-1.907358E-04,-2.822895E-04,-6.66667E-04
3.096548,-1.525891E-05,0,6.66667E-04
3.097549,-2.746601E-04,1.678476E-04,-6.66667E-04
3.098549,-5.111732E-04,6.866502E-05,-6.66667E-04
3.09955,-7.40055E-04,-8.392381E-05,6.66667E-04
3.10055,-8.316077E-04,-7.629441E-05,-6.66667E-04
3.101551,-7.171668E-04,-3.814716E-04,-.001
3.102551,-3.204364E-04,-6.256141E-04,-6.66667E-04
3.103552,-5.340599E-05,-3.738422E-04,-6.66667E-04
3.104552,1.525888E-04,1.678476E-04,-.001
3.105553,-2.746601E-04,1.144414E-04,-6.66667E-04
3.106553,-2.288828E-04,1.678476E-04,-6.66667E-04
3.107554,-3.051776E-04,2.28883E-05,.002
3.108554,-2.13624E-04,-5.340599E-05,-6.66667E-04
3.109555,-1.907358E-04,-1.06812E-04,-3.66667E-03
3.110555,-1.06812E-04,6.866502E-05,-6.66667E-04
3.111556,2.059946E-04,-3.814721E-05,.001
3.112556,-7.629453E-06,-2.13624E-04,.001
3.113557,-5.493201E-04,-1.75477E-04,.001
3.114557,-5.340613E-04,-2.212534E-04,-6.66667E-04
3.115558,-3.280658E-04,-4.425067E-04,-.001
3.116558,-1.3733E-04,-2.212534E-04,.001
3.117559,9.15532E-05,0,6.66667E-04
3.118559,0,2.594013E-04,6.66667E-04
3.11956,4.57766E-05,-6.866502E-05,6.66667E-04
3.12056,4.57766E-05,-8.392381E-05,.001
3.121561,-2.517719E-04,-3.814721E-05,-.001
3.122561,-1.3733E-04,-2.212534E-04,-.001
3.123562,-6.103562E-05,-3.433246E-04,-6.66667E-04
3.124562,-4.348774E-04,-1.220712E-04,-6.66667E-04
3.125563,-4.806537E-04,6.103562E-05,-.001
3.126563,-4.577655E-04,2.212534E-04,.001
3.127564,-3.204364E-04,1.06812E-04,6.66667E-04
3.128564,-7.629453E-06,1.678476E-04,-6.66667E-04
3.129565,-2.288828E-04,7.629441E-05,6.66667E-04
3.130565,-2.13624E-04,4.57766E-05,6.66667E-04
3.131566,-1.525888E-04,-1.602182E-04,6.66667E-04
3.132566,-4.577655E-04,7.629453E-06,2.33333E-03
3.133567,-1.983652E-04,1.525891E-05,-6.66667E-04
3.134567,-5.111732E-04,2.594013E-04,-6.66667E-04
3.135568,-4.27248E-04,3.967304E-04,-2.33333E-03
3.136568,-3.50954E-04,1.983652E-04,.002
3.137569,-3.967304E-04,1.220712E-04,-.002
3.138569,-5.493201E-04,1.144414E-04,6.66667E-04
3.13957,-7.095374E-04,4.27248E-04,.001
3.14057,-6.866492E-04,3.12807E-04,6.66667E-04
3.141571,-7.629432E-04,-8.392381E-05,-6.66667E-04
3.142571,-1.113899E-03,-5.340599E-05,-2.33333E-03
3.143572,-1.060493E-03,-5.340599E-05,-2.33333E-03
3.144572,-7.40055E-04,-5.340599E-05,-6.66667E-04
3.145573,-8.926429E-04,4.57766E-05,6.66667E-04
3.146573,-8.926429E-04,6.866502E-05,-6.66667E-04
3.147574,-9.155311E-04,7.629453E-06,-.001
3.148574,-7.01908E-04,-9.918259E-05,.001
3.149575,-5.493201E-04,-5.340599E-05,-.002
3.150575,-5.950965E-04,-1.525888E-04,-.002
3.151576,-6.027259E-04,-2.288828E-04,-6.66667E-04
3.152576,-8.850135E-04,-1.06812E-04,6.66667E-04
3.153577,-1.060493E-03,-2.517719E-04,-2.33333E-03
3.154577,-8.850135E-04,-4.653949E-04,-.002
3.155578,-1.029976E-03,-5.340599E-05,6.66667E-04
3.156578,-1.327522E-03,3.738422E-04,-.002
3.157579,-1.525886E-03,1.525891E-05,.002
3.158579,-1.85395E-03,-4.119892E-04,-6.66667E-04
3.15958,-2.540603E-03,-5.645789E-04,-6.66667E-04
3.16058,-3.250137E-03,-3.89101E-04,-6.66667E-04
3.161581,-3.883377E-03,-5.340599E-05,.001
3.162581,-4.714996E-03,1.220712E-04,-.002
3.163582,-6.027251E-03,-1.75477E-04,-3.66667E-03
3.164582,-7.614166E-03,-5.035438E-04,-.002
3.165583,-9.582579E-03,-8.621253E-04,6.66667E-04
3.166583,-1.184851E-02,-1.251228E-03,-.002
3.167584,-.0143891,-1.266487E-03,-6.66667E-04
3.168584,-1.714337E-02,-1.365669E-03,-3.66667E-03
3.169585,-2.003491E-02,-2.014175E-03,-.001
3.170585,-2.272046E-02,-2.693191E-03,.001
3.171586,-2.537549E-02,-3.120437E-03,-.001
3.172586,-2.791607E-02,-3.547683E-03,-2.33333E-03
3.173587,-2.955639E-02,-3.799453E-03,-.001
3.174587,-3.016675E-02,-3.730789E-03,-.001
3.175588,-2.983868E-02,-3.631607E-03,.002
3.176588,-2.834332E-02,-3.242508E-03,-.002
3.177589,-2.645886E-02,-3.143325E-03,-.001
3.178589,-2.423871E-02,-2.944961E-03,-.002
3.17959,-2.149975E-02,-1.968399E-03,-6.66667E-04
3.18059,-1.871502E-02,-1.502998E-03,-.001
3.181591,-.0159837,-8.850135E-04,-.002
3.182591,-1.306921E-02,-9.689368E-04,-.001
3.183592,-1.023108E-02,-7.629432E-04,.001
3.184592,-8.178771E-03,-5.645789E-04,-2.33333E-03
3.185593,-6.80545E-03,-2.594013E-04,-.002
3.186593,-5.462676E-03,-1.602182E-04,.001
3.187594,-4.509002E-03,-9.15532E-05,-6.66667E-04
3.188594,-3.768936E-03,-7.629441E-05,6.66667E-04
3.189595,-3.532425E-03,-4.119892E-04,-6.66667E-04
3.190595,-2.96022E-03,-4.959144E-04,-6.66667E-04
3.191596,-2.258316E-03,-1.220712E-04,.001
3.192596,-1.960769E-03,1.3733E-04,6.66667E-04
3.193597,-1.770027E-03,1.220712E-04,.001
3.194597,-1.708992E-03,2.594013E-04,-2.33333E-03
3.195598,-1.518257E-03,4.57766E-05,2.33333E-03
3.196598,-1.388557E-03,4.57766E-05,-.002
3.197599,-1.396187E-03,7.629453E-06,-.001
3.198599,-1.205452E-03,-4.653949E-04,-.002
3.1996,-9.994581E-04,-6.027259E-04,-6.66667E-04
3.2006,-6.790198E-04,-5.111732E-04,-.002
3.201601,-7.858314E-04,-1.06812E-04,6.66667E-04
3.202601,-1.068123E-03,-3.051776E-04,-6.66667E-04
3.203602,-1.060493E-03,-3.12807E-04,-2.33333E-03
3.204602,-6.942786E-04,-1.831064E-04,-.001
3.205603,-4.806537E-04,-3.50954E-04,-6.66667E-04
3.206603,-4.501361E-04,-1.678476E-04,.001
3.207604,-4.196186E-04,3.280658E-04,-.002
3.208604,-3.967304E-04,6.103553E-04,-6.66667E-04
3.209605,-7.858314E-04,5.493201E-04,-2.33333E-03
3.210605,-9.53678E-04,6.103553E-04,-.002
3.211606,-6.942786E-04,3.738422E-04,-6.66667E-04
3.212606,-4.501361E-04,-1.75477E-04,-6.66667E-04
3.213607,-1.06812E-04,-6.103562E-05,6.66667E-04
3.214607,-3.051776E-04,-3.12807E-04,.001
3.215608,-2.670307E-04,-2.13624E-04,-.001
3.216608,-6.866502E-05,-6.103562E-05,-.001
3.217609,-1.06812E-04,-1.678476E-04,6.66667E-04
3.218609,-1.144414E-04,1.525888E-04,-2.33333E-03
3.21961,-2.746601E-04,3.585834E-04,-.001
3.22061,-6.179847E-04,1.3733E-04,6.66667E-04
3.221611,-3.738422E-04,1.144414E-04,-.002
3.222611,-3.585834E-04,4.959144E-04,6.66667E-04
3.223612,-1.678476E-04,3.967304E-04,-.001
3.224612,-1.678476E-04,1.75477E-04,.001
3.225613,-1.602182E-04,2.28883E-05,-.001
3.226614,-2.899189E-04,-1.602182E-04,-.002
3.227614,-1.449594E-04,-1.678476E-04,-.001
3.228614,-1.831064E-04,-2.517719E-04,-3.66667E-03
3.229615,1.449594E-04,4.57766E-05,-.001
3.230615,9.15532E-05,-5.340599E-05,-6.66667E-04
3.231616,9.918259E-05,-2.28883E-05,6.66667E-04
3.232616,-1.678476E-04,-1.678476E-04,-3.66667E-03
3.233617,-4.88285E-04,3.204364E-04,-.001
3.234617,-7.095374E-04,2.441425E-04,6.66667E-04
3.235618,-3.662128E-04,-3.051781E-05,.001
3.236619,-3.433246E-04,2.517719E-04,2.33333E-03
3.237619,-7.629441E-05,2.899189E-04,-6.66667E-04
3.238619,-6.866502E-05,4.196186E-04,.002
3.23962,-1.220712E-04,6.408729E-04,.002
3.24062,-1.449594E-04,6.408729E-04,-.001
3.241621,-9.918259E-05,8.468665E-04,6.66667E-04
3.242621,1.602182E-04,7.171668E-04,-.002
3.243622,3.433246E-04,3.662128E-04,-.002
3.244622,-1.678476E-04,2.441425E-04,6.66667E-04
3.245623,-4.348774E-04,6.103562E-05,-6.66667E-04
3.246624,-3.814716E-04,-8.392381E-05,-6.66667E-04
3.247624,-1.06812E-04,-1.525891E-05,-6.66667E-04
3.248624,-5.569495E-04,-1.525891E-05,-6.66667E-04
3.249625,-5.798377E-04,3.051776E-04,.001
3.250625,-4.653949E-04,6.866492E-04,6.66667E-04
3.251626,-3.585834E-04,7.324256E-04,-.001
3.252626,-3.204364E-04,5.416907E-04,-.002
3.253627,-2.13624E-04,5.188026E-04,-6.66667E-04
3.254627,-1.602182E-04,3.89101E-04,-.002
3.255628,-4.348774E-04,5.722083E-04,-6.66667E-04
3.256629,-3.356952E-04,5.798377E-04,-6.66667E-04
3.257629,-1.525888E-04,7.01908E-04,-.002
3.258629,-1.75477E-04,6.63761E-04,2.33333E-03
3.25963,-3.814721E-05,4.348774E-04,6.66667E-04
3.26063,-6.103562E-05,4.196186E-04,-3.66667E-03
3.261631,-2.594013E-04,1.831064E-04,2.33333E-03
3.262631,-3.204364E-04,1.3733E-04,-.001
3.263632,-4.501361E-04,-1.3733E-04,6.66667E-04
3.264632,-4.653949E-04,-1.449594E-04,-.002
3.265633,-3.204364E-04,1.525888E-04,6.66667E-04
3.266634,-2.28883E-05,2.212534E-04,-.001
3.267634,6.103562E-05,1.144414E-04,6.66667E-04
3.268634,3.662128E-04,-1.3733E-04,-2.33333E-03
3.269635,6.866502E-05,-9.15532E-05,-.001
3.270635,1.525891E-05,9.918259E-05,6.66667E-04
3.271636,0,2.594013E-04,.002
3.272636,-6.103562E-05,3.662128E-04,-6.66667E-04
3.273637,-3.738422E-04,2.059946E-04,-3.66667E-03
3.274637,-3.051776E-04,9.918259E-05,.001
3.275638,-2.365122E-04,0,-6.66667E-04
3.276639,-5.569495E-04,-1.06812E-04,-.001
3.277639,-7.858314E-04,-2.365122E-04,-.002
3.278639,-6.408729E-04,-1.525888E-04,.001
3.27964,-5.416907E-04,7.629453E-06,6.66667E-04
3.28064,-8.239783E-04,-9.15532E-05,-6.66667E-04
3.281641,-1.09864E-03,-3.051781E-05,6.66667E-04
3.282641,-1.579292E-03,2.746601E-04,6.66667E-04
3.283642,-1.579292E-03,9.918259E-05,6.66667E-04
3.284642,-1.838692E-03,-2.288828E-04,-.001
3.285643,-2.105728E-03,-4.57766E-05,-3.66667E-03
3.286644,-2.471939E-03,-6.866502E-05,-.002
3.287644,-3.562942E-03,-1.831064E-04,-.001
3.288644,-4.203826E-03,-1.297006E-04,-.001
3.289645,-4.600555E-03,-3.356952E-04,-.001
3.290645,-5.004913E-03,-3.814716E-04,6.66667E-04
3.291646,-5.134612E-03,-3.051776E-04,6.66667E-04
3.292646,-5.16513E-03,-1.525888E-04,-.002
3.293647,-4.928619E-03,-6.103562E-05,-6.66667E-04
3.294647,-4.53189E-03,-5.340599E-05,-.001
3.295648,-3.913909E-03,-1.3733E-04,6.66667E-04
3.296649,-3.433242E-03,-1.06812E-04,.001
3.297649,-2.967849E-03,-7.629453E-06,-.001
3.298649,-2.32698E-03,-3.814721E-05,.001
3.29965,-2.174392E-03,-2.365122E-04,-6.66667E-04
3.30065,-1.937874E-03,-2.670307E-04,-.001
3.301651,-1.785286E-03,-2.441425E-04,-.001
3.302651,-1.579292E-03,-3.662128E-04,6.66667E-04
3.303652,-1.182564E-03,1.525891E-05,-.002
3.304652,-9.079017E-04,2.822895E-04,.001
3.305653,-6.866492E-04,1.983652E-04,-6.66667E-04
3.306653,-4.730243E-04,-4.730243E-04,6.66667E-04
3.307654,-2.365122E-04,-4.959144E-04,6.66667E-04
3.308654,-1.907358E-04,-4.653949E-04,-.001
3.309655,-1.06812E-04,-2.13624E-04,-.002
3.310655,-1.449594E-04,7.629441E-05,-6.66667E-04
3.311656,-1.602182E-04,1.3733E-04,-.002
3.312656,-3.051781E-05,1.678476E-04,.001
3.313657,9.15532E-05,1.3733E-04,-6.66667E-04
3.314657,4.57766E-05,3.433246E-04,-.001
3.315658,1.525891E-05,3.356952E-04,6.66667E-04
3.316658,7.629453E-06,5.188026E-04,.001
3.317659,-1.907358E-04,6.332435E-04,-3.66667E-03
3.318659,-1.678476E-04,3.585834E-04,.001
3.31966,1.525891E-05,1.06812E-04,.001
3.32066,1.06812E-04,0,6.66667E-04
3.321661,-4.57766E-05,-2.517719E-04,-6.66667E-04
3.322661,-1.602182E-04,-2.13624E-04,-.002
3.323662,-1.525891E-05,-3.12807E-04,-.001
3.324662,7.629441E-05,-1.525891E-05,6.66667E-04
3.325663,2.13624E-04,6.866502E-05,-.001
3.326663,-1.06812E-04,6.103562E-05,.002
3.327664,-1.525888E-04,-6.103562E-05,-.001
3.328664,-1.602182E-04,-6.866502E-05,-.001
3.329665,-5.340599E-05,4.57766E-05,-.001
3.330665,-2.822895E-04,1.144414E-04,6.66667E-04
3.331666,-3.967304E-04,6.866502E-05,-6.66667E-04
3.332666,-1.06812E-04,-3.051781E-05,6.66667E-04
3.333667,4.57766E-05,-1.602182E-04,.001
3.334667,-1.525891E-05,-3.814721E-05,-.001
3.335668,-1.525891E-05,2.28883E-05,6.66667E-04
3.336668,-4.57766E-05,-3.204364E-04,-6.66667E-04
3.337669,-1.06812E-04,-4.425067E-04,-2.33333E-03
3.338669,-3.738422E-04,-2.899189E-04,-.001
3.33967,-1.297006E-04,-7.629453E-06,-6.66667E-04
3.34067,2.746601E-04,8.392381E-05,-3.66667E-03
3.341671,3.662128E-04,2.517719E-04,-.001
3.342671,1.525888E-04,2.365122E-04,-3.66667E-03
3.343672,-1.678476E-04,3.738422E-04,-.002
3.344672,-1.220712E-04,2.594013E-04,.001
3.345673,2.212534E-04,5.340599E-05,-.001
3.346673,3.051776E-04,-2.365122E-04,-.001
3.347674,1.678476E-04,-6.103562E-05,6.66667E-04
3.348674,-2.13624E-04,-3.967304E-04,-6.66667E-04
3.349675,-1.297006E-04,-2.899189E-04,.001
3.350675,-3.662128E-04,-2.13624E-04,-.001
3.351676,-5.874671E-04,6.866502E-05,-6.66667E-04
3.352676,-5.264319E-04,-9.918259E-05,.001
3.353677,-5.416907E-04,-4.119892E-04,2.33333E-03
3.354677,-1.831064E-04,-9.918259E-05,-6.66667E-04
3.355678,-7.629453E-06,2.13624E-04,.001
3.356678,-1.525891E-05,-7.629453E-06,.001
3.357679,-6.103562E-05,-4.57766E-05,-.001
3.358679,-3.12807E-04,-3.051781E-05,-2.33333E-03
3.35968,-3.89101E-04,-3.738422E-04,-6.66667E-04
3.36068,-2.594013E-04,-5.188026E-04,.001
3.361681,-4.27248E-04,-3.204364E-04,.002
3.362681,-6.942786E-04,-2.670307E-04,-6.66667E-04
3.363682,-8.621253E-04,-7.629453E-06,-6.66667E-04
3.364682,-6.179847E-04,1.602182E-04,-.001
3.365683,-4.959144E-04,2.059946E-04,-6.66667E-04
3.366683,-6.713904E-04,2.441425E-04,-6.66667E-04
3.367684,-9.53678E-04,4.119892E-04,-.001
3.368684,-1.083381E-03,2.059946E-04,-.001
3.369685,-1.579292E-03,3.662128E-04,6.66667E-04
3.370685,-2.059951E-03,4.577655E-04,.001
3.371686,-2.227798E-03,2.365122E-04,-.002
3.372686,-2.853408E-03,3.814716E-04,-6.66667E-04
3.373687,-3.410354E-03,9.918259E-05,6.66667E-04
3.374687,-.0038376,4.57766E-05,-.001
3.375688,-4.684478E-03,3.356952E-04,.002
3.376688,-5.973846E-03,1.144414E-04,.002
3.377689,-6.767303E-03,2.594013E-04,-6.66667E-04
3.378689,-7.782012E-03,4.88285E-04,-.001
3.37969,-8.247435E-03,2.594013E-04,-6.66667E-04
3.38069,-8.705199E-03,-5.493201E-04,6.66667E-04
3.381691,-8.758605E-03,-9.460486E-04,-.002
3.382691,-8.81201E-03,-7.01908E-04,-6.66667E-04
3.383692,-8.331358E-03,-3.12807E-04,-.001
3.384692,-7.965147E-03,-3.89101E-04,-.002
3.385693,-7.415801E-03,-7.095374E-04,-6.66667E-04
3.386693,-6.698638E-03,-4.119892E-04,-6.66667E-04
3.387694,-5.409271E-03,-4.88285E-04,6.66667E-04
3.388694,-4.364043E-03,-3.12807E-04,-.002
3.389695,-3.540054E-03,-3.585834E-04,-6.66667E-04
3.390696,-2.723709E-03,-3.433246E-04,-.001
3.391696,-2.304092E-03,-3.051776E-04,-.002
3.392696,-1.945503E-03,-2.746601E-04,-.001
3.393697,-1.815803E-03,-2.746601E-04,-6.66667E-04
3.394697,-1.419075E-03,-1.602182E-04,.001
3.395698,-1.121528E-03,5.340599E-05,-.001
3.396698,-7.78202E-04,4.119892E-04,-2.33333E-03
3.397699,-6.942786E-04,2.594013E-04,6.66667E-04
3.398699,-2.822895E-04,-2.288828E-04,-6.66667E-04
3.3997,-6.103562E-05,-3.433246E-04,-6.66667E-04
3.400701,-3.356952E-04,-5.493201E-04,2.33333E-03
3.401701,-1.907358E-04,-8.697547E-04,-.002
3.402701,-3.433246E-04,-8.316077E-04,-.002
3.403702,-1.678476E-04,-6.713904E-04,-6.66667E-04
3.404702,-4.57766E-05,-2.975482E-04,.001
3.405703,3.585834E-04,-1.06812E-04,-6.66667E-04
3.406703,4.043598E-04,6.103562E-05,6.66667E-04
3.407704,2.059946E-04,1.3733E-04,-2.33333E-03
3.408704,-4.27248E-04,1.220712E-04,-.001
3.409705,-3.280658E-04,1.525891E-05,6.66667E-04
3.410706,-1.678476E-04,6.103562E-05,-6.66667E-04
3.411706,-3.814721E-05,2.517719E-04,-2.33333E-03
3.412706,1.525888E-04,6.866502E-05,-.002
3.413707,-5.340599E-05,3.051776E-04,2.33333E-03
3.414707,0,3.12807E-04,.001
3.415708,3.204364E-04,3.280658E-04,-6.66667E-04
3.416708,3.662128E-04,4.425067E-04,-6.66667E-04
3.417709,-1.297006E-04,3.662128E-04,.001
3.418709,-6.866502E-05,7.629453E-06,-.001
3.41971,-3.89101E-04,9.918259E-05,-6.66667E-04
3.420711,-5.874671E-04,2.594013E-04,-.002
3.421711,-6.561317E-04,1.602182E-04,-6.66667E-04
3.422711,-6.63761E-04,2.059946E-04,-6.66667E-04
3.423712,-5.874671E-04,3.662128E-04,-6.66667E-04
3.424712,-6.179847E-04,2.594013E-04,-.001
3.425713,-6.866492E-04,0,-.001
3.426713,-4.27248E-04,5.340599E-05,-3.66667E-03
3.427714,-1.831064E-04,4.043598E-04,-2.33333E-03
3.428714,-2.670307E-04,6.713904E-04,-6.66667E-04
3.429715,1.3733E-04,4.425067E-04,-6.66667E-04
3.430716,1.907358E-04,3.50954E-04,.002
3.431716,1.525888E-04,4.501361E-04,-.001
3.432716,2.517719E-04,3.662128E-04,-6.66667E-04
3.433717,4.730243E-04,-5.340599E-05,6.66667E-04
3.434717,5.798377E-04,-3.738422E-04,6.66667E-04
3.435718,2.365122E-04,-1.3733E-04,-.002
3.436718,2.13624E-04,-2.746601E-04,.001
3.437719,6.103562E-05,-5.340599E-05,-2.33333E-03
3.438719,-3.814721E-05,3.12807E-04,.001
3.43972,-1.297006E-04,1.983652E-04,-.001
3.440721,-4.57766E-05,2.28883E-05,-.001
3.441721,3.50954E-04,-2.28883E-05,-6.66667E-04
3.442721,8.392381E-05,-1.831064E-04,-.001
3.443722,-1.983652E-04,-1.297006E-04,-6.66667E-04
3.444722,-2.212534E-04,-2.975482E-04,6.66667E-04
3.445723,-2.670307E-04,-4.653949E-04,-.001
3.446723,-4.425067E-04,-1.831064E-04,-.002
3.447724,-5.340613E-04,1.525888E-04,-.002
3.448724,-7.01908E-04,1.678476E-04,-.001
3.449725,-2.670307E-04,-7.629441E-05,-.002
3.450726,-1.602182E-04,0,-.002
3.451726,-6.866502E-05,1.525891E-05,6.66667E-04
3.452726,-3.738422E-04,-5.340599E-05,6.66667E-04
3.453727,-4.348774E-04,-1.907358E-04,.001
3.454727,-6.485023E-04,-9.918259E-05,6.66667E-04
3.455728,-3.662128E-04,-1.525891E-05,.001
3.456728,0,6.866502E-05,-.001
3.457729,-1.75477E-04,2.746601E-04,.001
3.458729,-3.051776E-04,9.15532E-05,-.001
3.45973,8.392381E-05,2.746601E-04,-6.66667E-04
3.460731,6.866502E-05,2.594013E-04,-.001
3.461731,-2.059946E-04,2.746601E-04,-3.66667E-03
3.462731,-3.738422E-04,5.188026E-04,-.002
3.463732,-2.822895E-04,4.348774E-04,.001
3.464732,-1.449594E-04,-9.15532E-05,-6.66667E-04
3.465733,-4.653949E-04,-1.525888E-04,-6.66667E-04
3.466733,-5.950965E-04,-7.629453E-06,.001
3.467734,-4.196186E-04,-7.629453E-06,-6.66667E-04
3.468734,-1.297006E-04,-1.907358E-04,-.001
3.469735,-3.433246E-04,-2.746601E-04,6.66667E-04
3.470736,-2.212534E-04,-4.577655E-04,-.002
3.471736,1.525888E-04,-4.57766E-05,-6.66667E-04
3.472736,-5.340599E-05,5.340613E-04,-.001
3.473737,-1.983652E-04,4.730243E-04,-6.66667E-04
3.474737,-2.212534E-04,5.950965E-04,-.001
3.475738,-1.907358E-04,8.087195E-04,-.002
3.476738,-2.670307E-04,8.621253E-04,-6.66667E-04
3.477739,-3.12807E-04,7.324256E-04,6.66667E-04
3.478739,-5.188026E-04,2.594013E-04,-.002
3.47974,-6.408729E-04,1.525891E-05,-6.66667E-04
3.480741,-4.806537E-04,-2.13624E-04,-.004
3.481741,-7.247962E-04,-2.594013E-04,-.002
3.482741,-4.501361E-04,-2.517719E-04,-3.66667E-03
3.483742,-2.059946E-04,-5.111732E-04,6.66667E-04
3.484742,1.220712E-04,-3.204364E-04,-3.66667E-03
3.485743,3.051776E-04,-2.28883E-05,.001
3.486743,2.822895E-04,7.629441E-05,.001
3.487744,-6.103562E-05,3.12807E-04,-6.66667E-04
3.488744,-2.365122E-04,6.103553E-04,6.66667E-04
3.489745,-9.918259E-05,3.585834E-04,.001
3.490746,-3.814721E-05,1.297006E-04,-2.33333E-03
3.491746,0,2.28883E-05,-2.33333E-03
3.492746,3.356952E-04,-1.983652E-04,6.66667E-04
3.493747,4.88285E-04,-1.831064E-04,-.002
3.494747,2.365122E-04,-1.983652E-04,-.001
3.495748,8.392381E-05,4.57766E-05,-.001
3.496748,3.50954E-04,-9.15532E-05,-6.66667E-04
3.497749,5.264319E-04,-7.629441E-05,-3.66667E-03
3.498749,3.814716E-04,1.3733E-04,-3.66667E-03
3.49975,5.874671E-04,2.822895E-04,-6.66667E-04
3.500751,6.790198E-04,4.425067E-04,-3.66667E-03
3.501751,3.662128E-04,2.975482E-04,-6.66667E-04
3.502751,-1.297006E-04,3.967304E-04,.001
3.503752,-2.746601E-04,3.280658E-04,-2.33333E-03
3.504752,-1.449594E-04,2.975482E-04,-6.66667E-04
3.505753,-2.746601E-04,1.449594E-04,-.002
3.506753,-2.670307E-04,3.662128E-04,-.002
3.507754,-4.196186E-04,5.722083E-04,-6.66667E-04
3.508754,-6.942786E-04,5.340613E-04,-6.66667E-04
3.509755,-7.01908E-04,4.425067E-04,-.002
3.510756,-1.129158E-03,2.212534E-04,-.001
3.511756,-1.930244E-03,-7.629441E-05,.002
3.512756,-2.929702E-03,-1.678476E-04,-.001
3.513757,-4.364043E-03,-1.449594E-04,-.001
3.514757,-5.859405E-03,-6.103562E-05,-.001
3.515758,-7.873595E-03,-2.441425E-04,-2.33333E-03
3.516758,-1.046759E-02,2.28883E-05,6.66667E-04
3.517759,-1.374823E-02,-5.340599E-05,-.001
3.518759,-1.657879E-02,-2.670307E-04,-.001
3.51976,-1.826489E-02,-5.798377E-04,-.002
3.520761,-1.950848E-02,-3.280658E-04,-2.33333E-03
3.521761,-1.924908E-02,-2.822895E-04,-.002
3.522761,-.0183183,-4.27248E-04,-6.66667E-04
3.523762,-1.651013E-02,-5.950965E-04,-6.66667E-04
3.524762,-1.416785E-02,-3.204364E-04,-.001
3.525763,-1.182562E-02,-3.585834E-04,-6.66667E-04
3.526763,-8.972228E-03,-3.967304E-04,-6.66667E-04
3.527764,-6.17221E-03,-1.983652E-04,-6.66667E-04
3.528764,-4.333526E-03,-3.814721E-05,.001
3.529765,-3.189102E-03,-4.196186E-04,-6.66667E-04
3.530766,-2.07521E-03,-1.525888E-04,-.001
3.531766,-1.388557E-03,-1.06812E-04,-.004
3.532766,-8.239783E-04,-7.629441E-05,-2.33333E-03
3.533767,-2.365122E-04,1.297006E-04,.001
3.534767,1.06812E-04,2.822895E-04,-6.66667E-04
3.535768,0,3.50954E-04,-2.33333E-03
3.536768,-8.392381E-05,2.746601E-04,-6.66667E-04
3.537769,-1.75477E-04,3.356952E-04,-6.66667E-04
3.538769,-3.585834E-04,0,6.66667E-04
3.53977,2.365122E-04,9.918259E-05,-3.66667E-03
3.540771,5.035438E-04,4.196186E-04,-.002
3.541771,4.27248E-04,4.806537E-04,-.001
3.542771,8.392381E-05,2.746601E-04,-6.66667E-04
3.543772,3.356952E-04,2.822895E-04,-.002
3.544772,2.975482E-04,5.188026E-04,-6.66667E-04
3.545773,2.441425E-04,6.332435E-04,.001
3.546773,9.918259E-05,4.119892E-04,.001
3.547774,6.103562E-05,-4.57766E-05,6.66667E-04
3.548774,-1.449594E-04,5.340599E-05,-2.33333E-03
3.549775,-3.814721E-05,1.831064E-04,-.002
3.550776,-7.629453E-06,1.678476E-04,-6.66667E-04
3.551776,-1.297006E-04,-6.103562E-05,-.002
3.552776,6.866502E-05,-3.50954E-04,.001
3.553777,5.340599E-05,5.340599E-05,-.001
3.554777,-1.525891E-05,-1.06812E-04,-6.66667E-04
3.555778,-1.220712E-04,-1.220712E-04,6.66667E-04
3.556778,-1.602182E-04,-2.13624E-04,-.001
3.557779,-3.814721E-05,-3.280658E-04,-.002
3.558779,2.365122E-04,-1.602182E-04,-6.66667E-04
3.55978,3.356952E-04,-1.525888E-04,-.001
3.560781,1.525888E-04,1.75477E-04,-.001
3.561781,-1.297006E-04,9.918259E-05,6.66667E-04
3.562781,1.831064E-04,9.918259E-05,-.001
3.563782,2.899189E-04,-6.103562E-05,6.66667E-04
3.564783,3.738422E-04,-5.340599E-05,-.002
3.565783,9.918259E-05,-3.433246E-04,6.66667E-04
3.566783,7.629453E-06,-1.3733E-04,-.002
3.567784,1.525888E-04,2.13624E-04,-.001
3.568784,-5.340599E-05,9.15532E-05,.001
3.569785,-1.602182E-04,-1.525891E-05,-6.66667E-04
3.570786,-1.144414E-04,-1.297006E-04,-6.66667E-04
3.571786,7.629453E-06,-2.441425E-04,-.002
3.572786,-3.051781E-05,-3.356952E-04,.001
3.573787,-2.517719E-04,-5.340599E-05,6.66667E-04
3.574788,-4.043598E-04,4.57766E-05,-6.66667E-04
3.575788,-1.602182E-04,2.28883E-05,-.002
3.576788,-2.13624E-04,-2.822895E-04,-6.66667E-04
3.577789,-2.975482E-04,-6.332435E-04,.001
3.578789,-4.577655E-04,-8.316077E-04,.001
3.57979,-3.738422E-04,-7.40055E-04,-6.66667E-04
3.580791,-2.212534E-04,-3.89101E-04,6.66667E-04
3.581791,-4.27248E-04,-2.212534E-04,-.001
3.582791,-2.517719E-04,-7.629453E-06,6.66667E-04
3.583792,-3.12807E-04,2.212534E-04,-.002
3.584793,-4.730243E-04,1.144414E-04,-.001
3.585793,-4.577655E-04,2.594013E-04,2.33333E-03
3.586793,-5.798377E-04,4.653949E-04,-.002
3.587794,-5.416907E-04,3.738422E-04,-6.66667E-04
3.588794,-3.204364E-04,1.3733E-04,6.66667E-04
3.589795,-3.662128E-04,-2.670307E-04,-6.66667E-04
3.590796,-2.594013E-04,-1.3733E-04,-6.66667E-04
3.591796,-1.3733E-04,-1.75477E-04,.001
3.592796,2.288828E-04,-5.340599E-05,-6.66667E-04
3.593797,1.3733E-04,6.866502E-05,-.002
3.594798,-6.866502E-05,1.525888E-04,-.001
3.595798,-1.06812E-04,-7.629441E-05,.001
3.596798,-8.392381E-05,-2.975482E-04,-6.66667E-04
3.597799,1.983652E-04,7.629453E-06,6.66667E-04
3.598799,3.967304E-04,2.899189E-04,-6.66667E-04
3.5998,4.196186E-04,1.907358E-04,.001
3.600801,7.629453E-06,1.220712E-04,.001
3.601801,-2.059946E-04,2.288828E-04,6.66667E-04
3.602801,-1.831064E-04,-7.629453E-06,-3.66667E-03
3.603802,-1.525888E-04,9.918259E-05,-6.66667E-04
3.604803,-2.746601E-04,9.15532E-05,-.002
3.605803,-1.602182E-04,2.822895E-04,-.002
3.606803,-3.585834E-04,5.111732E-04,3.66667E-03
3.607804,-3.280658E-04,3.662128E-04,-2.33333E-03
3.608804,2.288828E-04,-5.340599E-05,-.001
3.609805,3.50954E-04,-4.119892E-04,.001
3.610806,1.525888E-04,-4.043598E-04,.001
3.611806,1.297006E-04,-2.594013E-04,-6.66667E-04
3.612806,7.629453E-06,-5.188026E-04,2.33333E-03
3.613807,7.629453E-06,-4.959144E-04,-6.66667E-04
3.614808,0,-2.746601E-04,-2.33333E-03
3.615808,-2.975482E-04,-1.525888E-04,-.002
3.616808,-1.297006E-04,-3.89101E-04,.001
3.617809,-3.585834E-04,-2.975482E-04,6.66667E-04
3.618809,4.57766E-05,-1.144414E-04,.001
3.61981,3.280658E-04,-4.348774E-04,-6.66667E-04
3.620811,1.449594E-04,-2.746601E-04,-.001
3.621811,3.051781E-05,1.525888E-04,-6.66667E-04
3.622811,2.975482E-04,3.662128E-04,-.001
3.623812,1.297006E-04,9.918259E-05,-6.66667E-04
3.624813,6.103562E-05,-2.28883E-05,2.33333E-03
3.625813,-3.204364E-04,-2.13624E-04,.001
3.626813,-5.188026E-04,-1.525891E-05,6.66667E-04
3.627814,-5.569495E-04,8.392381E-05,-.001
3.628814,-3.051776E-04,-1.831064E-04,.001
3.629815,-5.111732E-04,-1.449594E-04,.002
3.630816,-2.28883E-05,-1.75477E-04,-2.33333E-03
3.631816,4.730243E-04,-1.602182E-04,-6.66667E-04
3.632816,5.264319E-04,-2.670307E-04,-.002
3.633817,5.798377E-04,-1.3733E-04,.001
3.634818,3.662128E-04,-2.746601E-04,.001
3.635818,1.602182E-04,-1.06812E-04,6.66667E-04
3.636818,-1.144414E-04,1.525888E-04,.001
3.637819,-1.525891E-05,2.594013E-04,-3.66667E-03
3.638819,4.57766E-05,2.975482E-04,-.001
3.63982,2.975482E-04,1.525891E-05,-6.66667E-04
3.640821,1.602182E-04,-1.06812E-04,-6.66667E-04
3.641821,2.212534E-04,-3.280658E-04,-.002
3.642821,3.051776E-04,-2.365122E-04,.001
3.643822,-1.907358E-04,-2.594013E-04,-.002
3.644823,-3.12807E-04,-7.629453E-06,-.002
3.645823,-7.934608E-04,-6.866502E-05,-.001
3.646823,-7.934608E-04,-6.866502E-05,.002
3.647824,-2.746601E-04,7.629441E-05,-6.66667E-04
3.648824,-2.13624E-04,-1.525888E-04,-6.66667E-04
3.649825,9.918259E-05,-9.918259E-05,-2.33333E-03
3.650826,9.918259E-05,5.340599E-05,-.001
3.651826,-2.517719E-04,-2.594013E-04,-.001
3.652826,-4.27248E-04,-5.111732E-04,-.001
3.653827,-5.111732E-04,-4.119892E-04,-.002
3.654828,-1.602182E-04,-6.103562E-05,.001
3.655828,2.594013E-04,1.297006E-04,-2.33333E-03
3.656828,6.63761E-04,4.57766E-05,.001
3.657829,3.204364E-04,9.15532E-05,-.001
3.658829,3.051776E-04,-2.13624E-04,.001
3.65983,1.831064E-04,-3.204364E-04,6.66667E-04
3.66083,2.059946E-04,-5.340599E-05,6.66667E-04
3.661831,2.670307E-04,9.918259E-05,-6.66667E-04
3.662831,3.051776E-04,9.918259E-05,-.002
3.663832,6.179847E-04,3.204364E-04,6.66667E-04
3.664833,6.713904E-04,1.907358E-04,-6.66667E-04
3.665833,6.332435E-04,4.043598E-04,6.66667E-04
3.666833,4.119892E-04,2.822895E-04,-6.66667E-04
3.667834,1.525888E-04,3.814721E-05,.002
3.668834,3.814721E-05,9.15532E-05,-.001
3.669835,3.967304E-04,9.918259E-05,.001
3.670835,6.561317E-04,2.517719E-04,-6.66667E-04
3.671836,6.63761E-04,1.831064E-04,-6.66667E-04
3.672836,8.239783E-04,2.212534E-04,-6.66667E-04
3.673837,6.408729E-04,3.662128E-04,-6.66667E-04
3.674838,4.425067E-04,5.798377E-04,6.66667E-04
3.675838,5.798377E-04,7.629432E-04,-.001
3.676838,3.967304E-04,5.950965E-04,6.66667E-04
3.677839,6.866502E-05,2.059946E-04,-.001
3.678839,-1.06812E-04,-6.103562E-05,6.66667E-04
3.67984,1.525891E-05,1.983652E-04,-6.66667E-04
3.68084,2.594013E-04,2.059946E-04,6.66667E-04
3.681841,5.340613E-04,-1.144414E-04,.001
3.682841,1.678476E-04,-1.525888E-04,-.002
3.683842,-1.907358E-04,-2.975482E-04,.001
3.684843,-1.602182E-04,-5.340613E-04,-.002
3.685843,2.517719E-04,-4.730243E-04,6.66667E-04
3.686843,6.103562E-05,-3.204364E-04,-6.66667E-04
3.687844,-6.866502E-05,-4.57766E-05,-.001
3.688844,2.212534E-04,-2.670307E-04,-3.66667E-03
3.689845,-1.602182E-04,-2.288828E-04,-.002
3.690845,-3.433246E-04,-1.831064E-04,.001
3.691846,-2.746601E-04,0,.001
3.692847,-1.06812E-04,1.06812E-04,-.002
3.693847,9.15532E-05,1.3733E-04,-6.66667E-04
3.694848,3.051781E-05,3.051776E-04,-.002
3.695848,-1.602182E-04,1.525891E-05,.001
3.696848,-5.340599E-05,-1.220712E-04,-6.66667E-04
3.697849,9.15532E-05,3.814721E-05,.001
3.698849,7.629441E-05,1.297006E-04,6.66667E-04
3.69985,8.392381E-05,-9.15532E-05,.001
3.70085,3.280658E-04,1.907358E-04,-.002
3.701851,3.89101E-04,3.204364E-04,-.001
3.702852,-2.28883E-05,2.822895E-04,6.66667E-04
3.703852,3.051776E-04,9.918259E-05,-6.66667E-04
3.704853,3.662128E-04,3.50954E-04,-2.33333E-03
3.705853,-9.15532E-05,4.88285E-04,-.001
3.706853,-3.814721E-05,3.356952E-04,-.001
3.707854,2.13624E-04,3.89101E-04,-6.66667E-04
3.708854,3.280658E-04,1.525888E-04,-.002
3.709855,1.831064E-04,-7.629453E-06,-.001
3.710855,-4.57766E-05,4.57766E-05,-6.66667E-04
3.711856,-1.678476E-04,-9.918259E-05,-6.66667E-04
3.712857,-1.525888E-04,-4.27248E-04,.001
3.713857,-2.975482E-04,-3.89101E-04,-.002
3.714858,-4.730243E-04,-2.13624E-04,.001
3.715858,-3.50954E-04,1.525888E-04,-6.66667E-04
3.716858,-2.441425E-04,1.831064E-04,.001
3.717859,-1.983652E-04,2.822895E-04,-.002
3.718859,-7.629441E-05,2.365122E-04,.001
3.71986,-2.670307E-04,2.28883E-05,-.002
3.72086,-1.144414E-04,-1.06812E-04,-.001
3.721861,7.629453E-06,-2.822895E-04,-6.66667E-04
3.722862,-8.392381E-05,-2.746601E-04,-.001
3.723862,-1.525891E-05,-2.212534E-04,-.001
3.724863,-1.06812E-04,-1.525891E-05,6.66667E-04
3.725863,-3.204364E-04,-2.13624E-04,.001
3.726863,-4.501361E-04,1.06812E-04,-.001
3.727864,-3.433246E-04,4.196186E-04,-.001
3.728864,-1.144414E-04,6.790198E-04,-.001
3.729865,3.12807E-04,6.866492E-04,-6.66667E-04
3.730865,5.188026E-04,4.806537E-04,-.001
3.731866,2.212534E-04,1.449594E-04,.002
3.732867,-9.15532E-05,9.918259E-05,-.001
3.733867,-7.629453E-06,1.144414E-04,-6.66667E-04
3.734868,9.918259E-05,3.204364E-04,-2.33333E-03
3.735868,2.28883E-05,2.822895E-04,6.66667E-04
3.736868,-5.340599E-05,2.059946E-04,2.33333E-03
3.737869,8.392381E-05,-3.814721E-05,-.002
3.73887,4.806537E-04,-2.059946E-04,-6.66667E-04
3.73987,4.806537E-04,-2.288828E-04,.001
3.74087,1.983652E-04,-1.831064E-04,-.002
3.741871,3.12807E-04,4.57766E-05,6.66667E-04
3.742872,7.629441E-05,1.525888E-04,6.66667E-04
3.743872,-4.27248E-04,2.212534E-04,-6.66667E-04
3.744873,-1.75477E-04,0,-.002
3.745873,5.340599E-05,2.28883E-05,.001
3.746873,0,3.814721E-05,6.66667E-04
3.747874,-5.340599E-05,3.051781E-05,-5.33333E-03
3.748875,2.746601E-04,-6.103562E-05,-.002
3.749875,4.196186E-04,0,6.66667E-04
3.750875,3.433246E-04,6.103562E-05,-6.66667E-04
3.751876,4.730243E-04,6.027259E-04,-2.33333E-03
3.752877,2.594013E-04,8.239783E-04,-.001
3.753877,4.27248E-04,3.89101E-04,6.66667E-04
3.754878,1.449594E-04,1.678476E-04,-6.66667E-04
3.755878,-1.525888E-04,-2.28883E-05,2.33333E-03
3.756878,-1.983652E-04,-3.814721E-05,6.66667E-04
3.757879,-3.967304E-04,6.103562E-05,-.001
3.75888,-4.806537E-04,1.983652E-04,-.002
3.75988,9.15532E-05,2.059946E-04,-.001
3.76088,-1.75477E-04,2.059946E-04,-.001
3.761881,-3.051776E-04,1.602182E-04,-6.66667E-04
3.762882,-4.119892E-04,1.06812E-04,-.001
3.763882,-7.324256E-04,-3.814721E-05,-.001
3.764883,-3.738422E-04,-3.738422E-04,-.002
3.765883,9.15532E-05,-3.738422E-04,-.002
3.766883,2.28883E-05,-5.035438E-04,6.66667E-04
3.767884,-9.15532E-05,-2.594013E-04,-6.66667E-04
3.768885,-6.103562E-05,-1.06812E-04,.001
3.769885,1.983652E-04,-1.297006E-04,-6.66667E-04
3.770885,7.629441E-05,1.525888E-04,-.002
3.771886,-1.297006E-04,2.059946E-04,6.66667E-04
3.772887,-2.670307E-04,6.866502E-05,6.66667E-04
3.773887,-2.212534E-04,1.525891E-05,-.002
3.774888,-2.288828E-04,6.103562E-05,-.001
3.775888,-4.196186E-04,9.918259E-05,6.66667E-04
3.776888,-4.27248E-04,-6.866502E-05,-.002
3.777889,-6.561317E-04,-7.629453E-06,-6.66667E-04
3.77889,-1.602182E-04,9.15532E-05,-6.66667E-04
3.77989,-4.196186E-04,4.57766E-05,-2.33333E-03
3.78089,-3.967304E-04,-1.220712E-04,.001
3.781891,-2.13624E-04,6.103562E-05,.001
3.782892,-9.15532E-05,-1.525891E-05,.001
3.783892,-1.525888E-04,-5.340599E-05,-.002
3.784893,-1.06812E-04,4.959144E-04,-.001
3.785893,-1.220712E-04,9.079017E-04,-6.66667E-04
3.786893,-5.340599E-05,7.553138E-04,-6.66667E-04
3.787894,-2.670307E-04,2.975482E-04,-6.66667E-04
3.788895,-4.196186E-04,1.907358E-04,6.66667E-04
3.789895,-1.525891E-05,4.119892E-04,-.002
3.790895,-7.629441E-05,2.594013E-04,6.66667E-04
3.791896,5.340599E-05,-1.525888E-04,-2.33333E-03
3.792897,-5.340599E-05,-1.907358E-04,6.66667E-04
3.793897,-4.196186E-04,7.629453E-06,-.001
3.794898,-3.585834E-04,1.297006E-04,-6.66667E-04
3.795898,-4.425067E-04,-2.059946E-04,-.002
3.796898,-2.670307E-04,-1.525891E-05,-.001
3.797899,1.525888E-04,1.144414E-04,-.001
3.7989,2.13624E-04,4.196186E-04,-.002
3.7999,3.585834E-04,1.525888E-04,.001
3.8009,2.594013E-04,-1.3733E-04,-.001
3.801901,-3.051781E-05,2.288828E-04,6.66667E-04
3.802902,-3.204364E-04,4.119892E-04,.001
3.803902,-3.967304E-04,2.059946E-04,.001
3.804903,1.525891E-05,3.051781E-05,-6.66667E-04
3.805903,9.15532E-05,-3.433246E-04,-.002
3.806903,-3.12807E-04,-5.874671E-04,-2.33333E-03
3.807904,-2.517719E-04,-4.653949E-04,-6.66667E-04
3.808905,1.525891E-05,-1.220712E-04,-.002
3.809905,1.525888E-04,-5.340599E-05,-2.33333E-03
3.810905,6.103562E-05,-2.441425E-04,-.001
3.811906,-6.866502E-05,-3.204364E-04,2.33333E-03
3.812907,-1.297006E-04,-4.653949E-04,.001
3.813907,-1.06812E-04,-5.111732E-04,-.004
3.814908,1.831064E-04,3.051781E-05,-6.66667E-04
3.815908,1.983652E-04,5.798377E-04,-6.66667E-04
3.816908,-3.051781E-05,3.738422E-04,-.001
3.817909,-7.629453E-06,1.220712E-04,-.001
3.81891,2.365122E-04,7.629441E-05,.001
3.81991,2.822895E-04,1.678476E-04,.001
3.82091,1.144414E-04,1.220712E-04,.001
3.821911,-5.340599E-05,1.449594E-04,-.002
3.822912,-7.629441E-05,-1.907358E-04,-6.66667E-04
3.823912,-1.449594E-04,-4.806537E-04,-.001
3.824913,-4.27248E-04,-1.831064E-04,6.66667E-04
3.825913,-1.06812E-04,-9.15532E-05,.001
3.826913,9.918259E-05,-7.629453E-06,-.002
3.827914,4.57766E-05,-1.602182E-04,-.001
3.828915,4.57766E-05,-5.340599E-05,-6.66667E-04
3.829915,1.602182E-04,4.196186E-04,6.66667E-04
3.830915,7.629441E-05,3.662128E-04,.001
3.831916,-2.13624E-04,1.449594E-04,-.002
3.832916,-6.103562E-05,1.525891E-05,-.001
3.833917,-1.3733E-04,4.57766E-05,-.002
3.834918,3.051781E-05,4.57766E-05,-.002
3.835918,1.907358E-04,-1.449594E-04,-.001
3.836918,2.670307E-04,-1.3733E-04,-6.66667E-04
3.837919,4.043598E-04,-5.722083E-04,-6.66667E-04
3.83892,3.585834E-04,-3.433246E-04,-6.66667E-04
3.83992,2.975482E-04,-4.577655E-04,-.002
3.84092,6.866502E-05,-2.975482E-04,-.001
3.841921,-2.365122E-04,-1.983652E-04,.001
3.842921,-2.746601E-04,-2.365122E-04,-6.66667E-04
3.843922,-1.06812E-04,-1.06812E-04,-3.66667E-03
3.844923,-1.602182E-04,-3.50954E-04,-.002
3.845923,-6.103562E-05,-4.653949E-04,.001
3.846923,-1.06812E-04,-3.051781E-05,-.002
3.847924,-1.907358E-04,2.365122E-04,6.66667E-04
3.848925,-3.204364E-04,1.525888E-04,-.001
3.849925,-1.602182E-04,5.798377E-04,-.001
3.850925,1.525891E-05,7.01908E-04,-6.66667E-04
3.851926,-6.866502E-05,9.079017E-04,-6.66667E-04
3.852926,7.629453E-06,4.88285E-04,-6.66667E-04
3.853927,1.678476E-04,4.577655E-04,-.002
3.854928,1.75477E-04,8.392381E-05,-6.66667E-04
3.855928,2.365122E-04,6.103562E-05,-.002
3.856929,4.653949E-04,0,.001
3.857929,2.594013E-04,2.059946E-04,.001
3.85893,2.28883E-05,9.918259E-05,6.66667E-04
3.85993,-2.822895E-04,7.629453E-06,.001
3.86093,-2.212534E-04,5.340599E-05,6.66667E-04
3.861931,-2.13624E-04,-2.288828E-04,-.001
3.862931,-3.051781E-05,-1.678476E-04,6.66667E-04
3.863932,4.57766E-05,-4.577655E-04,-.002
3.864933,-3.814721E-05,-4.119892E-04,-6.66667E-04
3.865933,-5.111732E-04,-6.256141E-04,-.002
3.866934,-3.356952E-04,-5.035438E-04,.001
3.867934,-1.449594E-04,-4.653949E-04,6.66667E-04
3.868935,3.12807E-04,-3.738422E-04,6.66667E-04
3.869935,2.822895E-04,-3.433246E-04,.001
3.870935,3.967304E-04,-1.449594E-04,-.001
3.871936,9.918259E-05,0,-.002
3.872936,-2.365122E-04,-1.75477E-04,-6.66667E-04
3.873937,-1.144414E-04,-5.340613E-04,-.002
3.874938,-5.340599E-05,-2.670307E-04,-6.66667E-04
3.875938,-6.103562E-05,-2.441425E-04,-.001
3.876939,3.814721E-05,-5.111732E-04,-.002
3.877939,1.144414E-04,-4.730243E-04,.001
3.87894,3.356952E-04,-1.449594E-04,-.002
3.87994,4.653949E-04,1.144414E-04,-6.66667E-04
3.88094,2.288828E-04,2.975482E-04,-.001
3.881941,-1.220712E-04,4.196186E-04,.001
3.882941,-9.918259E-05,3.662128E-04,.001
3.883942,9.15532E-05,6.027259E-04,-6.66667E-04
3.884943,0,7.553138E-04,-.001
3.885943,-8.392381E-05,9.689368E-04,-.002
3.886944,-1.983652E-04,4.119892E-04,-.001
3.887944,2.441425E-04,2.594013E-04,-.002
3.888945,4.806537E-04,2.517719E-04,-6.66667E-04
3.889945,-7.629453E-06,4.27248E-04,-2.33333E-03
3.890945,-6.103562E-05,2.746601E-04,.001
3.891946,-1.525891E-05,-5.340599E-05,-6.66667E-04
3.892946,-1.297006E-04,-5.111732E-04,-6.66667E-04
3.893947,-1.297006E-04,-2.441425E-04,-.001
3.894948,8.392381E-05,-4.043598E-04,-.002
3.895948,1.297006E-04,-2.212534E-04,-.001
3.896949,2.13624E-04,-6.103562E-05,6.66667E-04
3.897949,1.525888E-04,7.629453E-06,6.66667E-04
3.89895,1.75477E-04,1.3733E-04,-.002
3.89995,5.340599E-05,1.75477E-04,.001
3.90095,-8.392381E-05,-1.907358E-04,.001
3.901951,-3.738422E-04,9.918259E-05,.001
3.902952,-4.653949E-04,-7.629453E-06,-.002
3.903952,-4.27248E-04,-2.13624E-04,.001
3.904953,-6.408729E-04,6.103562E-05,-.002
3.905953,-6.561317E-04,-3.051781E-05,-.002
3.906954,-3.814716E-04,-1.678476E-04,6.66667E-04
3.907954,-2.594013E-04,-3.814721E-05,-.002
3.908955,-2.441425E-04,9.15532E-05,-.001
3.909955,1.525888E-04,-1.144414E-04,-6.66667E-04
3.910955,1.297006E-04,3.814721E-05,6.66667E-04
3.911956,2.441425E-04,3.12807E-04,-6.66667E-04
3.912957,1.678476E-04,3.738422E-04,-.002
3.913957,1.678476E-04,5.798377E-04,.002
3.914958,3.051781E-05,5.111732E-04,.002
3.915958,9.918259E-05,3.662128E-04,.001
3.916959,3.051781E-05,1.525888E-04,-2.33333E-03
3.917959,5.340599E-05,7.629441E-05,-.002
3.91896,2.594013E-04,9.918259E-05,.001
3.91996,1.983652E-04,2.365122E-04,-6.66667E-04
3.92096,2.059946E-04,1.907358E-04,-6.66667E-04
3.921961,3.051776E-04,-1.525891E-05,6.66667E-04
3.922962,3.50954E-04,1.602182E-04,6.66667E-04
3.923962,2.059946E-04,2.365122E-04,6.66667E-04
3.924963,-3.814721E-05,2.746601E-04,-.001
3.925963,-1.983652E-04,2.822895E-04,6.66667E-04
3.926964,-2.28883E-05,2.13624E-04,6.66667E-04
3.927964,9.918259E-05,0,-.001
3.928965,-8.392381E-05,2.059946E-04,-6.66667E-04
3.929965,-2.288828E-04,1.144414E-04,6.66667E-04
3.930965,-4.27248E-04,-1.06812E-04,-2.33333E-03
3.931966,-2.746601E-04,-4.57766E-05,-.001
3.932967,-5.340599E-05,9.15532E-05,-.002
3.933967,1.06812E-04,0,-6.66667E-04
3.934968,2.28883E-05,-2.13624E-04,-6.66667E-04
3.935968,-6.103562E-05,-2.746601E-04,6.66667E-04
3.936969,1.220712E-04,-1.06812E-04,-.001
3.937969,1.983652E-04,-1.06812E-04,-6.66667E-04
3.93897,-1.525891E-05,1.75477E-04,-.002
3.93997,-1.831064E-04,4.27248E-04,-6.66667E-04
3.94097,-1.525888E-04,7.324256E-04,3.66667E-03
3.941971,-3.051776E-04,3.662128E-04,-.001
3.942972,-3.356952E-04,0,-.002
3.943972,-2.13624E-04,7.629441E-05,.001
3.944973,-2.13624E-04,7.629453E-06,-.002
3.945973,0,-2.746601E-04,.001
3.946974,7.629453E-06,-3.204364E-04,-6.66667E-04
3.947974,-2.28883E-05,6.866502E-05,.002
3.948975,-9.918259E-05,7.629453E-06,-6.66667E-04
3.949975,-1.06812E-04,-4.196186E-04,-6.66667E-04
3.950975,-2.28883E-05,-5.340613E-04,6.66667E-04
3.951976,9.15532E-05,-2.288828E-04,.001
3.952977,1.525888E-04,7.629441E-05,6.66667E-04
3.953977,-7.629453E-06,4.577655E-04,-.001
3.954978,-1.297006E-04,6.256141E-04,6.66667E-04
3.955978,-5.340599E-05,2.13624E-04,.002
3.956979,-1.602182E-04,-1.06812E-04,.001
3.957979,-2.212534E-04,-3.967304E-04,6.66667E-04
3.95898,-1.602182E-04,-8.392381E-05,-.001
3.95998,-1.525891E-05,-2.212534E-04,-.002
3.96098,-4.57766E-05,-3.12807E-04,.002
3.961981,1.449594E-04,-1.3733E-04,.001
3.962982,6.103562E-05,9.918259E-05,-6.66667E-04
3.963982,-5.340599E-05,9.918259E-05,-.001
3.964983,0,0,6.66667E-04
3.965983,-5.340599E-05,-2.746601E-04,-6.66667E-04
3.966984,-1.907358E-04,-1.3733E-04,-.001
3.967984,2.212534E-04,2.059946E-04,6.66667E-04
3.968985,3.89101E-04,2.059946E-04,-.002
3.969985,-7.629441E-05,2.594013E-04,6.66667E-04
3.970985,-3.051781E-05,3.814716E-04,-3.66667E-03
3.971986,-1.06812E-04,4.043598E-04,.001
3.972987,0,1.75477E-04,-6.66667E-04
3.973987,-9.15532E-05,-1.602182E-04,-.001
3.974988,-5.416907E-04,-6.866502E-05,-6.66667E-04
3.975988,-6.866492E-04,7.629453E-06,-.001
3.976989,-6.256141E-04,-2.441425E-04,6.66667E-04
3.977989,-4.119892E-04,-3.204364E-04,-6.66667E-04
3.97899,-3.204364E-04,0,.001
3.97999,-3.738422E-04,-1.907358E-04,-6.66667E-04
3.98099,-4.577655E-04,4.57766E-05,6.66667E-04
3.981991,-2.670307E-04,-4.57766E-05,-.002
3.982992,-1.525891E-05,-4.119892E-04,6.66667E-04
3.983992,-4.196186E-04,-3.814716E-04,6.66667E-04
3.984993,-5.493201E-04,-3.738422E-04,-.001
3.985993,-3.738422E-04,-3.051776E-04,.001
3.986994,-2.594013E-04,-3.204364E-04,6.66667E-04
3.987994,-2.28883E-05,-4.806537E-04,6.66667E-04
3.988995,-7.629441E-05,-6.179847E-04,-6.66667E-04
3.989995,-2.212534E-04,-5.264319E-04,-6.66667E-04
3.990995,-2.670307E-04,-3.814716E-04,6.66667E-04
3.991996,-6.103553E-04,-9.15532E-05,.002
3.992997,-6.942786E-04,-2.28883E-05,-.002
3.993997,-3.433246E-04,2.28883E-05,6.66667E-04
3.994998,-2.670307E-04,3.280658E-04,6.66667E-04
3.995998,-1.75477E-04,5.416907E-04,6.66667E-04
3.996999,4.57766E-05,2.288828E-04,-.002
3.997999,1.525891E-05,2.288828E-04,-.001
3.999,-2.670307E-04,3.280658E-04,-6.66667E-04
4,-5.493201E-04,2.822895E-04,-6.66667E-04
