"c:\users\esrlabn1\desktop\bence\ir_spectroscopy\532nm_odmr\magnet_map_2_680nm\094.dat  ---  04-27-2026 21:39:04"
""
"cavityli 20 2 4 2000 1 0 0"
"                             ;                             ;seth_xesr_precise 221.97 1 0 -1.5802348336594911"
"setlockin 188.67 0.004 0 0.03 0.2"
4,2000
2,-4.119892E-04,-1.602182E-04,-.002
2.001,-2.746601E-04,3.051781E-05,6.66667E-04
2.002001,-9.918259E-05,3.051781E-05,-6.66667E-04
2.003001,2.212534E-04,1.525891E-05,-2.33333E-03
2.004002,4.196186E-04,1.06812E-04,.002
2.005002,2.975482E-04,4.348774E-04,-.002
2.006003,1.678476E-04,5.264319E-04,6.66667E-04
2.007004,2.594013E-04,5.569495E-04,6.66667E-04
2.008004,0,1.525891E-05,-6.66667E-04
2.009005,-2.746601E-04,-9.15532E-05,6.66667E-04
2.010005,-4.806537E-04,-8.392381E-05,-.001
2.011005,-4.88285E-04,-3.433246E-04,-.001
2.012006,0,-4.57766E-05,-.001
2.013006,-3.204364E-04,2.212534E-04,6.66667E-04
2.014007,-1.3733E-04,7.629453E-06,-3.66667E-03
2.015007,3.051776E-04,-4.653949E-04,-3.66667E-03
2.016008,5.645789E-04,-3.280658E-04,-3.66667E-03
2.017009,2.059946E-04,-2.517719E-04,-.002
2.018009,-3.814721E-05,-2.822895E-04,-.001
2.01901,-1.678476E-04,-3.738422E-04,6.66667E-04
2.02001,-1.3733E-04,8.392381E-05,-6.66667E-04
2.02101,-2.288828E-04,2.517719E-04,-2.33333E-03
2.022011,-7.629441E-05,4.196186E-04,-.001
2.023011,-2.517719E-04,2.059946E-04,6.66667E-04
2.024012,-5.035438E-04,3.051776E-04,-.001
2.025012,-4.119892E-04,1.75477E-04,-.001
2.026013,-1.06812E-04,2.365122E-04,-.001
2.027014,-6.103562E-05,2.746601E-04,.001
2.028014,-2.670307E-04,5.035438E-04,-.002
2.029015,-2.746601E-04,3.50954E-04,-.002
2.030015,-5.188026E-04,1.525888E-04,-.001
2.031015,-3.967304E-04,-1.06812E-04,-.002
2.032016,-3.89101E-04,1.983652E-04,.001
2.033016,-2.975482E-04,1.449594E-04,6.66667E-04
2.034017,-3.204364E-04,2.517719E-04,2.33333E-03
2.035017,-2.13624E-04,4.27248E-04,-2.33333E-03
2.036018,-1.144414E-04,1.3733E-04,-6.66667E-04
2.037019,-1.831064E-04,3.433246E-04,6.66667E-04
2.038019,-3.585834E-04,1.983652E-04,-.001
2.03902,-5.188026E-04,2.28883E-05,-6.66667E-04
2.04002,-6.485023E-04,-2.059946E-04,.001
2.04102,-3.89101E-04,-1.297006E-04,-6.66667E-04
2.042021,-4.27248E-04,-2.822895E-04,-2.33333E-03
2.043021,-2.365122E-04,-3.051781E-05,6.66667E-04
2.044022,8.392381E-05,-9.15532E-05,.001
2.045022,0,4.57766E-05,-6.66667E-04
2.046023,-6.103562E-05,2.594013E-04,6.66667E-04
2.047024,-1.525891E-05,3.50954E-04,-6.66667E-04
2.048024,-5.340599E-05,2.441425E-04,3.66667E-03
2.049025,-5.340599E-05,-3.051776E-04,-.001
2.050025,-1.525888E-04,-3.738422E-04,.001
2.051026,-6.866492E-04,-3.738422E-04,-6.66667E-04
2.052026,-8.087195E-04,-2.594013E-04,6.66667E-04
2.053026,-4.806537E-04,-1.3733E-04,.001
2.054027,-2.746601E-04,-2.517719E-04,-.001
2.055027,-3.204364E-04,6.866502E-05,-2.33333E-03
2.056028,6.866502E-05,9.918259E-05,-6.66667E-04
2.057029,2.212534E-04,-3.204364E-04,.001
2.058029,2.594013E-04,-2.059946E-04,6.66667E-04
2.05903,3.051781E-05,7.629453E-06,-.002
2.06003,-1.297006E-04,1.3733E-04,6.66667E-04
2.061031,-1.06812E-04,2.13624E-04,.001
2.062031,-9.15532E-05,1.525891E-05,-.002
2.063031,-7.629441E-05,-1.907358E-04,-.002
2.064032,-2.059946E-04,-7.629441E-05,.001
2.065032,-3.967304E-04,2.059946E-04,-6.66667E-04
2.066033,-5.874671E-04,2.594013E-04,.001
2.067034,-5.340613E-04,5.340599E-05,-.001
2.068034,-2.594013E-04,1.3733E-04,-.001
2.069035,-1.602182E-04,2.517719E-04,-.001
2.070035,-2.059946E-04,5.493201E-04,-.001
2.071036,-2.13624E-04,4.119892E-04,-.002
2.072036,-4.57766E-05,2.28883E-05,-2.33333E-03
2.073036,-6.866502E-05,-4.57766E-05,-.001
2.074037,-1.907358E-04,6.866502E-05,.001
2.075037,-1.602182E-04,2.288828E-04,.001
2.076038,-3.280658E-04,1.602182E-04,-.002
2.077039,-4.57766E-05,6.866502E-05,6.66667E-04
2.078039,-1.06812E-04,8.392381E-05,-.002
2.07904,-1.907358E-04,-2.13624E-04,-.002
2.08004,-1.831064E-04,-2.899189E-04,-.001
2.081041,4.57766E-05,-1.297006E-04,-6.66667E-04
2.082041,-4.57766E-05,6.866502E-05,-6.66667E-04
2.083041,-1.449594E-04,1.220712E-04,-.001
2.084042,-7.629441E-05,3.50954E-04,-6.66667E-04
2.085042,3.89101E-04,7.629453E-06,-.001
2.086043,3.967304E-04,-4.57766E-05,2.33333E-03
2.087044,1.449594E-04,-4.57766E-05,.001
2.088044,3.051776E-04,3.12807E-04,-.001
2.089045,3.12807E-04,3.356952E-04,-2.33333E-03
2.090045,-4.57766E-05,2.899189E-04,6.66667E-04
2.091046,-1.449594E-04,3.204364E-04,-.001
2.092046,-6.103562E-05,1.678476E-04,-6.66667E-04
2.093046,3.051781E-05,1.144414E-04,-6.66667E-04
2.094047,2.822895E-04,1.3733E-04,-6.66667E-04
2.095047,9.918259E-05,2.365122E-04,.001
2.096048,4.57766E-05,6.103562E-05,-6.66667E-04
2.097049,5.188026E-04,-2.441425E-04,6.66667E-04
2.098049,6.866492E-04,-1.602182E-04,-.001
2.09905,3.280658E-04,1.75477E-04,.001
2.10005,8.392381E-05,3.051781E-05,-6.66667E-04
2.101051,7.629441E-05,-2.13624E-04,-6.66667E-04
2.102051,-3.814721E-05,-1.297006E-04,6.66667E-04
2.103051,-4.57766E-05,9.918259E-05,-.001
2.104052,4.57766E-05,1.144414E-04,-.002
2.105052,-9.15532E-05,2.059946E-04,-.001
2.106053,-1.3733E-04,2.975482E-04,-6.66667E-04
2.107054,-1.602182E-04,5.569495E-04,-6.66667E-04
2.108054,-1.297006E-04,2.059946E-04,-.001
2.109055,2.059946E-04,-2.13624E-04,-.002
2.110055,3.12807E-04,-1.983652E-04,-.001
2.111056,4.043598E-04,-9.15532E-05,-3.66667E-03
2.112056,3.12807E-04,0,.001
2.113056,5.264319E-04,-1.06812E-04,.001
2.114057,9.918259E-05,-3.585834E-04,-.001
2.115057,-3.738422E-04,-9.918259E-05,-.001
2.116058,-2.441425E-04,-1.06812E-04,.001
2.117059,-3.814721E-05,-2.975482E-04,-.001
2.118059,5.340599E-05,-3.204364E-04,-2.33333E-03
2.11906,9.918259E-05,6.485023E-04,-6.66667E-04
2.12006,1.983652E-04,6.790198E-04,.001
2.121061,3.051776E-04,5.798377E-04,-2.33333E-03
2.122061,-1.678476E-04,3.50954E-04,6.66667E-04
2.123062,-2.365122E-04,4.57766E-05,-.002
2.124062,-3.50954E-04,-7.629453E-06,-.002
2.125062,-5.416907E-04,-8.392381E-05,.001
2.126063,-6.408729E-04,-3.051781E-05,-.002
2.127064,-6.256141E-04,-2.13624E-04,-6.66667E-04
2.128064,-3.89101E-04,-7.629453E-06,6.66667E-04
2.129065,-2.212534E-04,3.356952E-04,6.66667E-04
2.130065,3.814721E-05,2.594013E-04,-.001
2.131066,2.212534E-04,9.918259E-05,6.66667E-04
2.132066,-3.814721E-05,8.392381E-05,-.002
2.133067,-3.433246E-04,2.059946E-04,-.002
2.134067,-2.517719E-04,-5.340599E-05,-.001
2.135067,-2.899189E-04,4.57766E-05,-3.66667E-03
2.136068,1.831064E-04,3.814721E-05,-.001
2.137069,3.204364E-04,4.57766E-05,.002
2.138069,-5.340599E-05,2.365122E-04,-2.33333E-03
2.13907,-2.13624E-04,4.806537E-04,-6.66667E-04
2.14007,-4.806537E-04,1.525888E-04,-6.66667E-04
2.141071,-2.28883E-05,2.13624E-04,.001
2.142071,-1.602182E-04,4.425067E-04,-.001
2.143072,-5.111732E-04,2.28883E-05,-.001
2.144072,-5.340613E-04,-1.3733E-04,-.002
2.145072,-3.433246E-04,-2.13624E-04,-.001
2.146073,-2.746601E-04,-5.340599E-05,-3.66667E-03
2.147074,1.983652E-04,3.814721E-05,-6.66667E-04
2.148074,3.204364E-04,5.340599E-05,-6.66667E-04
2.149075,-2.670307E-04,4.043598E-04,-.001
2.150075,-2.13624E-04,5.798377E-04,-6.66667E-04
2.151076,-9.15532E-05,3.051776E-04,-.001
2.152076,6.103562E-05,2.594013E-04,-6.66667E-04
2.153077,2.059946E-04,4.425067E-04,-6.66667E-04
2.154077,2.746601E-04,2.517719E-04,6.66667E-04
2.155077,3.280658E-04,-1.678476E-04,-.002
2.156078,1.907358E-04,-1.525891E-05,6.66667E-04
2.157079,2.288828E-04,-6.866502E-05,-.001
2.158079,3.662128E-04,-1.602182E-04,-.001
2.15908,-7.629453E-06,-4.959144E-04,.001
2.16008,2.212534E-04,-3.585834E-04,-6.66667E-04
2.161081,-6.103562E-05,-2.13624E-04,-6.66667E-04
2.162081,-1.525888E-04,-3.814716E-04,-6.66667E-04
2.163082,-3.356952E-04,-5.035438E-04,-6.66667E-04
2.164082,-4.043598E-04,-5.493201E-04,.001
2.165082,-3.585834E-04,-4.043598E-04,6.66667E-04
2.166083,-2.670307E-04,7.629453E-06,-6.66667E-04
2.167084,9.918259E-05,-1.983652E-04,.001
2.168084,5.340599E-05,-6.103562E-05,-6.66667E-04
2.169085,-9.918259E-05,4.577655E-04,.001
2.170085,-2.975482E-04,4.577655E-04,-6.66667E-04
2.171086,4.57766E-05,3.967304E-04,-.001
2.172086,2.288828E-04,1.297006E-04,-.001
2.173087,6.103562E-05,7.629441E-05,-.001
2.174087,-1.3733E-04,-1.297006E-04,.001
2.175087,-4.57766E-05,-2.670307E-04,-.001
2.176088,3.356952E-04,-3.051776E-04,-2.33333E-03
2.177088,1.602182E-04,-1.144414E-04,-.002
2.178089,7.629453E-06,-1.220712E-04,.001
2.17909,-3.051776E-04,-1.831064E-04,-6.66667E-04
2.18009,-2.13624E-04,2.28883E-05,-2.33333E-03
2.181091,1.525888E-04,-1.3733E-04,-.001
2.182091,2.822895E-04,-3.204364E-04,-6.66667E-04
2.183092,-1.525888E-04,-2.975482E-04,-.002
2.184092,1.831064E-04,-3.204364E-04,.002
2.185092,3.814721E-05,-1.602182E-04,-6.66667E-04
2.186093,-4.27248E-04,2.059946E-04,6.66667E-04
2.187093,-4.27248E-04,5.188026E-04,-6.66667E-04
2.188094,-1.907358E-04,4.196186E-04,-.002
2.189095,1.831064E-04,1.678476E-04,-6.66667E-04
2.190095,3.204364E-04,-1.907358E-04,-6.66667E-04
2.191096,6.485023E-04,-3.662128E-04,6.66667E-04
2.192096,4.27248E-04,-1.449594E-04,-.002
2.193097,1.907358E-04,4.57766E-05,6.66667E-04
2.194097,2.288828E-04,0,-6.66667E-04
2.195097,2.441425E-04,-7.629453E-06,-6.66667E-04
2.196098,1.75477E-04,1.06812E-04,.001
2.197098,4.196186E-04,8.392381E-05,-3.66667E-03
2.198099,5.264319E-04,-2.059946E-04,-.002
2.1991,1.983652E-04,-1.75477E-04,-6.66667E-04
2.2001,2.059946E-04,0,-.002
2.201101,3.204364E-04,-7.629453E-06,.001
2.202101,1.602182E-04,0,-6.66667E-04
2.203102,2.517719E-04,1.983652E-04,3.66667E-03
2.204102,4.57766E-05,3.356952E-04,-.001
2.205102,-2.28883E-05,2.975482E-04,-.001
2.206103,-1.525891E-05,2.288828E-04,-6.66667E-04
2.207103,-9.918259E-05,2.059946E-04,-.001
2.208104,8.392381E-05,-5.340599E-05,-6.66667E-04
2.209105,-1.983652E-04,-1.297006E-04,-6.66667E-04
2.210105,-2.670307E-04,1.525888E-04,.001
2.211106,-1.983652E-04,1.75477E-04,-6.66667E-04
2.212106,-2.670307E-04,3.12807E-04,.001
2.213107,-2.441425E-04,3.051781E-05,-.002
2.214107,-3.814716E-04,-3.738422E-04,-6.66667E-04
2.215107,-2.288828E-04,-4.27248E-04,.001
2.216108,-2.441425E-04,-2.288828E-04,-6.66667E-04
2.217108,-1.220712E-04,-6.866502E-05,6.66667E-04
2.218109,-1.06812E-04,-1.602182E-04,-.001
2.21911,-1.907358E-04,-6.866502E-05,-6.66667E-04
2.22011,-7.629441E-05,1.525891E-05,-3.66667E-03
2.221111,-4.57766E-05,2.212534E-04,-2.33333E-03
2.222111,2.288828E-04,3.814716E-04,-3.66667E-03
2.223112,3.356952E-04,1.678476E-04,-2.33333E-03
2.224112,-6.866502E-05,-1.449594E-04,-.001
2.225112,-4.119892E-04,-1.602182E-04,6.66667E-04
2.226113,-6.179847E-04,1.297006E-04,.001
2.227113,-7.78202E-04,5.340599E-05,-.002
2.228114,-2.670307E-04,4.043598E-04,6.66667E-04
2.229115,-1.297006E-04,6.027259E-04,-.002
2.230115,4.57766E-05,4.959144E-04,-.002
2.231116,2.594013E-04,2.517719E-04,-.001
2.232116,2.899189E-04,6.866502E-05,-.001
2.233117,7.629441E-05,3.814721E-05,-.001
2.234117,-2.059946E-04,-3.814721E-05,6.66667E-04
2.235118,-2.441425E-04,-1.525888E-04,-.002
2.236118,-4.348774E-04,-1.06812E-04,.001
2.237118,-7.476844E-04,-8.392381E-05,-.001
2.238119,-7.171668E-04,-3.814716E-04,-.001
2.23912,-3.204364E-04,-3.50954E-04,6.66667E-04
2.24012,-2.975482E-04,2.28883E-05,-6.66667E-04
2.241121,1.144414E-04,-1.525891E-05,-.001
2.242121,9.15532E-05,-3.662128E-04,-3.66667E-03
2.243122,-2.13624E-04,-6.63761E-04,.001
2.244122,-2.13624E-04,-6.63761E-04,-6.66667E-04
2.245123,-4.196186E-04,-3.204364E-04,-.002
2.246123,-2.288828E-04,9.15532E-05,6.66667E-04
2.247123,6.866502E-05,6.103562E-05,-.002
2.248124,1.831064E-04,2.212534E-04,-.001
2.249125,0,1.907358E-04,-6.66667E-04
2.250125,-5.340599E-05,9.15532E-05,.001
2.251126,1.144414E-04,0,.002
2.252126,9.918259E-05,-9.918259E-05,-6.66667E-04
2.253127,4.57766E-05,-1.983652E-04,-6.66667E-04
2.254127,1.602182E-04,3.051781E-05,-.002
2.255128,7.629441E-05,1.831064E-04,-6.66667E-04
2.256128,-1.525888E-04,3.356952E-04,-.002
2.257128,-1.449594E-04,-5.340599E-05,-.001
2.258129,-1.449594E-04,1.602182E-04,-2.33333E-03
2.25913,-3.89101E-04,2.594013E-04,-6.66667E-04
2.26013,-6.866502E-05,0,-6.66667E-04
2.261131,7.629453E-06,-1.144414E-04,.002
2.262131,-3.280658E-04,-1.3733E-04,-.002
2.263132,-2.670307E-04,8.392381E-05,-.002
2.264132,-1.3733E-04,-1.06812E-04,6.66667E-04
2.265133,-2.365122E-04,-8.392381E-05,-.001
2.266133,-1.220712E-04,-2.288828E-04,.001
2.267133,6.866502E-05,-1.220712E-04,-6.66667E-04
2.268134,-7.629453E-06,-1.06812E-04,-6.66667E-04
2.269135,-8.392381E-05,-1.602182E-04,-.002
2.270135,-1.06812E-04,7.629441E-05,6.66667E-04
2.271136,1.06812E-04,-2.28883E-05,-3.66667E-03
2.272136,4.57766E-05,1.678476E-04,-6.66667E-04
2.273137,-5.493201E-04,9.918259E-05,-6.66667E-04
2.274137,-9.231605E-04,1.297006E-04,-.002
2.275138,-9.53678E-04,1.831064E-04,.001
2.276138,-1.10627E-03,-4.57766E-05,-.001
2.277139,-1.319893E-03,-1.602182E-04,-.002
2.278139,-1.312263E-03,2.059946E-04,-.001
2.27914,-2.07521E-03,2.059946E-04,2.33333E-03
2.28014,-3.273025E-03,2.822895E-04,-3.66667E-03
2.281141,-5.058318E-03,3.12807E-04,-3.66667E-03
2.282141,-6.942779E-03,1.449594E-04,.002
2.283142,-8.453429E-03,-3.204364E-04,-.002
2.284142,-1.045996E-02,-4.806537E-04,-.002
2.285143,-1.369482E-02,-5.645789E-04,-.001
2.286143,-1.760113E-02,-7.247962E-04,6.66667E-04
2.287144,-2.052319E-02,-1.007088E-03,-6.66667E-04
2.288144,-2.278149E-02,-1.60218E-03,-.002
2.289145,-2.397931E-02,-1.907356E-03,-.004
2.290145,-2.384198E-02,-1.770027E-03,-2.33333E-03
2.291146,-2.186596E-02,-1.335151E-03,6.66667E-04
2.292146,-1.937878E-02,-1.060493E-03,.002
2.293147,-1.669323E-02,-5.340613E-04,-6.66667E-04
2.294147,-1.414496E-02,-2.746601E-04,-3.66667E-03
2.295148,-1.126105E-02,-8.392381E-05,-.001
2.296148,-8.30847E-03,-9.15532E-05,-6.66667E-04
2.297149,-5.867034E-03,-9.15532E-05,.001
2.298149,-4.768401E-03,3.814721E-05,.001
2.29915,-3.623977E-03,3.051776E-04,3.66667E-03
2.30015,-2.647415E-03,1.297006E-04,-.001
2.301151,-1.739509E-03,1.525888E-04,-6.66667E-04
2.302151,-1.327522E-03,2.594013E-04,-6.66667E-04
2.303152,-1.029976E-03,-6.103562E-05,-.001
2.304152,-7.40055E-04,-3.89101E-04,-6.66667E-04
2.305153,-5.340613E-04,-2.365122E-04,-3.66667E-03
2.306153,-3.814721E-05,-6.866502E-05,6.66667E-04
2.307154,1.3733E-04,-3.89101E-04,-2.33333E-03
2.308154,1.06812E-04,-3.662128E-04,-.001
2.309155,9.15532E-05,-1.831064E-04,2.33333E-03
2.310155,1.06812E-04,-2.441425E-04,-6.66667E-04
2.311156,9.918259E-05,9.918259E-05,-.001
2.312156,-1.144414E-04,-2.975482E-04,-.002
2.313157,-2.441425E-04,-5.340613E-04,-2.33333E-03
2.314157,-2.365122E-04,-7.476844E-04,.002
2.315158,-9.15532E-05,-4.577655E-04,6.66667E-04
2.316158,-3.051781E-05,-9.918259E-05,-.001
2.317159,7.629441E-05,3.12807E-04,-3.66667E-03
2.318159,3.051781E-05,2.28883E-05,.001
2.31916,-9.918259E-05,-1.525891E-05,6.66667E-04
2.32016,-3.585834E-04,-1.06812E-04,.001
2.321161,-5.035438E-04,1.525888E-04,.001
2.322161,3.051781E-05,3.12807E-04,-6.66667E-04
2.323162,-7.629441E-05,4.730243E-04,-6.66667E-04
2.324162,-1.525891E-05,3.814716E-04,6.66667E-04
2.325163,6.866502E-05,4.348774E-04,-6.66667E-04
2.326163,9.918259E-05,4.196186E-04,-6.66667E-04
2.327164,-5.340599E-05,3.12807E-04,-.001
2.328164,-1.602182E-04,-9.15532E-05,-2.33333E-03
2.329165,-1.525888E-04,-3.204364E-04,-6.66667E-04
2.330165,2.365122E-04,1.297006E-04,-6.66667E-04
2.331166,3.662128E-04,1.297006E-04,-.002
2.332166,1.75477E-04,1.525888E-04,.001
2.333167,3.12807E-04,9.918259E-05,-.002
2.334167,1.144414E-04,5.340599E-05,.002
2.335168,-1.297006E-04,2.670307E-04,-6.66667E-04
2.336168,-4.57766E-05,2.670307E-04,.002
2.337169,-7.629453E-06,2.441425E-04,-.002
2.338169,-5.340599E-05,1.907358E-04,-3.66667E-03
2.33917,0,1.297006E-04,-.001
2.34017,-8.392381E-05,-1.220712E-04,.001
2.341171,-3.280658E-04,-1.983652E-04,-.002
2.342171,-3.662128E-04,-7.629441E-05,-.002
2.343172,-3.12807E-04,-1.525891E-05,-.002
2.344172,-3.433246E-04,2.441425E-04,-.001
2.345173,-4.425067E-04,4.043598E-04,.001
2.346173,-2.746601E-04,6.027259E-04,-6.66667E-04
2.347174,-3.280658E-04,4.119892E-04,.002
2.348174,-3.12807E-04,6.103562E-05,-.001
2.349174,-1.220712E-04,-2.13624E-04,.001
2.350175,-2.212534E-04,-3.967304E-04,-6.66667E-04
2.351176,7.629453E-06,-1.831064E-04,-6.66667E-04
2.352176,1.449594E-04,-3.12807E-04,-.002
2.353177,-7.629453E-06,-3.356952E-04,.001
2.354177,-2.975482E-04,1.449594E-04,-.002
2.355178,-3.585834E-04,-1.220712E-04,-.001
2.356178,-2.517719E-04,-4.501361E-04,-6.66667E-04
2.357179,-2.13624E-04,-3.967304E-04,.001
2.358179,-2.288828E-04,-3.50954E-04,-6.66667E-04
2.359179,-2.365122E-04,-2.13624E-04,-.001
2.36018,-1.449594E-04,-1.525888E-04,6.66667E-04
2.361181,4.57766E-05,3.738422E-04,-2.33333E-03
2.362181,2.441425E-04,2.746601E-04,-6.66667E-04
2.363182,2.822895E-04,4.57766E-05,6.66667E-04
2.364182,1.678476E-04,-3.051776E-04,-6.66667E-04
2.365183,2.975482E-04,-3.204364E-04,6.66667E-04
2.366183,2.059946E-04,-1.144414E-04,-.001
2.367184,9.15532E-05,-2.28883E-05,-6.66667E-04
2.368184,3.585834E-04,-4.730243E-04,-.001
2.369184,4.043598E-04,-3.204364E-04,-3.66667E-03
2.370185,3.12807E-04,-8.392381E-05,-6.66667E-04
2.371186,-1.525891E-05,-2.517719E-04,-3.66667E-03
2.372186,-1.75477E-04,-1.144414E-04,6.66667E-04
2.373187,-1.449594E-04,4.57766E-05,-.001
2.374187,-1.3733E-04,3.356952E-04,-6.66667E-04
2.375188,-2.13624E-04,-6.866502E-05,-6.66667E-04
2.376188,-1.678476E-04,-2.746601E-04,-6.66667E-04
2.377189,-2.28883E-05,-3.204364E-04,2.33333E-03
2.378189,-5.340599E-05,-1.525891E-05,.001
2.379189,-4.88285E-04,3.204364E-04,-6.66667E-04
2.38019,-4.730243E-04,6.561317E-04,-6.66667E-04
2.381191,-3.662128E-04,8.392371E-04,6.66667E-04
2.382191,-4.043598E-04,5.340613E-04,6.66667E-04
2.383192,-2.059946E-04,3.89101E-04,-.001
2.384192,-5.340599E-05,1.3733E-04,-6.66667E-04
2.385193,-4.57766E-05,-8.392381E-05,.001
2.386193,-1.06812E-04,-2.822895E-04,-6.66667E-04
2.387194,2.28883E-05,-3.50954E-04,-6.66667E-04
2.388194,3.814721E-05,-3.204364E-04,-2.33333E-03
2.389194,9.918259E-05,-3.814721E-05,.001
2.390195,9.918259E-05,3.89101E-04,-6.66667E-04
2.391196,7.629453E-06,3.662128E-04,.001
2.392196,1.907358E-04,3.280658E-04,6.66667E-04
2.393197,1.449594E-04,-6.103562E-05,-6.66667E-04
2.394197,9.15532E-05,1.525888E-04,-.001
2.395198,-7.629441E-05,-1.525891E-05,.001
2.396198,-1.983652E-04,2.441425E-04,-2.33333E-03
2.397199,4.57766E-05,2.975482E-04,-.002
2.398199,3.967304E-04,2.059946E-04,-6.66667E-04
2.399199,5.264319E-04,0,-6.66667E-04
2.4002,6.256141E-04,2.822895E-04,.002
2.401201,4.577655E-04,2.899189E-04,.001
2.402201,8.392381E-05,-2.28883E-05,-6.66667E-04
2.403202,1.75477E-04,-8.392381E-05,-.001
2.404202,2.13624E-04,-6.866502E-05,-6.66667E-04
2.405203,0,-2.670307E-04,-.001
2.406203,2.288828E-04,-1.06812E-04,6.66667E-04
2.407204,5.798377E-04,-2.212534E-04,-.001
2.408204,4.577655E-04,-2.365122E-04,6.66667E-04
2.409204,7.247962E-04,-5.035438E-04,-.001
2.410205,4.043598E-04,-2.13624E-04,-.001
2.411206,3.662128E-04,-6.103562E-05,-6.66667E-04
2.412206,4.425067E-04,1.678476E-04,-.002
2.413207,2.059946E-04,1.907358E-04,-.002
2.414207,3.204364E-04,1.06812E-04,6.66667E-04
2.415208,3.814716E-04,6.866502E-05,.001
2.416208,2.059946E-04,-2.822895E-04,.002
2.417209,-6.103562E-05,5.340599E-05,-6.66667E-04
2.418209,-3.814716E-04,2.13624E-04,-.002
2.41921,-1.06812E-04,1.144414E-04,-.001
2.42021,-1.831064E-04,-4.806537E-04,-6.66667E-04
2.421211,-4.27248E-04,-4.27248E-04,6.66667E-04
2.422211,-6.408729E-04,-6.103562E-05,-3.66667E-03
2.423212,-4.88285E-04,-1.297006E-04,.002
2.424212,-4.043598E-04,4.57766E-05,-2.33333E-03
2.425213,-3.738422E-04,7.629441E-05,-.001
2.426213,4.57766E-05,0,.001
2.427214,3.12807E-04,-5.340599E-05,6.66667E-04
2.428214,3.204364E-04,-1.525888E-04,-2.33333E-03
2.429215,3.662128E-04,-1.983652E-04,-6.66667E-04
2.430215,5.722083E-04,0,-6.66667E-04
2.431216,9.460486E-04,1.907358E-04,.002
2.432216,4.577655E-04,1.75477E-04,2.33333E-03
2.433217,5.874671E-04,3.433246E-04,-.002
2.434217,6.332435E-04,3.662128E-04,-.001
2.435218,8.926429E-04,5.264319E-04,-.001
2.436218,5.416907E-04,6.103562E-05,-6.66667E-04
2.437219,2.13624E-04,1.831064E-04,.001
2.438219,-9.15532E-05,1.831064E-04,6.66667E-04
2.43922,1.525888E-04,-1.525888E-04,-3.66667E-03
2.44022,2.975482E-04,-1.678476E-04,-.001
2.441221,4.806537E-04,-6.103562E-05,6.66667E-04
2.442221,2.212534E-04,-1.678476E-04,-.002
2.443222,-3.738422E-04,1.449594E-04,-6.66667E-04
2.444222,-3.50954E-04,3.051776E-04,-.002
2.445223,-3.051781E-05,1.75477E-04,6.66667E-04
2.446223,-9.15532E-05,7.629441E-05,-6.66667E-04
2.447224,-1.678476E-04,-5.340599E-05,-2.33333E-03
2.448224,-6.103562E-05,-6.103562E-05,-.001
2.449225,6.103562E-05,1.525891E-05,6.66667E-04
2.450225,-3.051781E-05,1.907358E-04,-.002
2.451226,-5.035438E-04,1.831064E-04,6.66667E-04
2.452226,-3.585834E-04,-1.144414E-04,-6.66667E-04
2.453227,-7.629453E-06,-1.449594E-04,-6.66667E-04
2.454227,-9.918259E-05,-1.297006E-04,-.001
2.455228,-6.103562E-05,-7.629453E-06,.001
2.456228,2.13624E-04,3.814721E-05,-6.66667E-04
2.457229,2.594013E-04,1.525891E-05,-.002
2.458229,3.280658E-04,-9.15532E-05,-6.66667E-04
2.45923,-3.814721E-05,-3.051781E-05,6.66667E-04
2.46023,-2.28883E-05,6.866502E-05,6.66667E-04
2.461231,-3.051781E-05,-1.06812E-04,.001
2.462231,-1.525888E-04,1.525888E-04,.001
2.463232,-4.806537E-04,1.3733E-04,-.002
2.464232,-6.942786E-04,1.678476E-04,-6.66667E-04
2.465233,-1.449594E-04,1.602182E-04,-.001
2.466233,4.57766E-05,9.918259E-05,6.66667E-04
2.467234,-1.06812E-04,1.449594E-04,6.66667E-04
2.468234,2.899189E-04,-3.967304E-04,6.66667E-04
2.469235,2.28883E-05,-7.01908E-04,-6.66667E-04
2.470235,2.594013E-04,-6.179847E-04,-.001
2.471236,1.525888E-04,-3.12807E-04,-6.66667E-04
2.472236,2.288828E-04,1.449594E-04,-6.66667E-04
2.473237,3.051776E-04,1.144414E-04,-2.33333E-03
2.474237,1.602182E-04,-5.340599E-05,-.002
2.475238,-1.907358E-04,2.288828E-04,-.002
2.476238,-1.220712E-04,2.13624E-04,6.66667E-04
2.477239,-1.525891E-05,-3.814721E-05,.002
2.478239,1.983652E-04,-2.365122E-04,.002
2.47924,3.12807E-04,-1.75477E-04,-.001
2.48024,-5.340599E-05,9.918259E-05,-6.66667E-04
2.481241,-1.602182E-04,3.12807E-04,-.001
2.482241,-5.340599E-05,4.425067E-04,-.002
2.483242,-2.28883E-05,4.959144E-04,6.66667E-04
2.484242,2.441425E-04,6.332435E-04,-.001
2.485243,4.119892E-04,3.967304E-04,-6.66667E-04
2.486243,2.212534E-04,3.814721E-05,-.001
2.487244,1.144414E-04,-1.06812E-04,.001
2.488244,-6.103562E-05,-1.602182E-04,-6.66667E-04
2.489245,-2.13624E-04,-3.662128E-04,-.002
2.490245,-2.899189E-04,-2.517719E-04,.001
2.491246,-2.288828E-04,1.75477E-04,.002
2.492246,-1.449594E-04,2.899189E-04,-6.66667E-04
2.493247,0,1.831064E-04,.002
2.494247,1.983652E-04,4.577655E-04,-6.66667E-04
2.495248,2.594013E-04,2.365122E-04,-.001
2.496248,3.814716E-04,9.918259E-05,6.66667E-04
2.497249,3.433246E-04,-6.103562E-05,6.66667E-04
2.498249,4.57766E-05,-6.103562E-05,6.66667E-04
2.49925,-1.602182E-04,-1.602182E-04,6.66667E-04
2.50025,-3.051781E-05,-2.517719E-04,-.001
2.501251,2.13624E-04,-1.602182E-04,-2.33333E-03
2.502251,9.918259E-05,5.340599E-05,-.001
2.503252,2.28883E-05,6.103562E-05,-6.66667E-04
2.504252,-1.06812E-04,-3.12807E-04,.001
2.505253,-2.13624E-04,-2.975482E-04,-3.66667E-03
2.506253,-1.678476E-04,-6.485023E-04,-.002
2.507254,-1.525891E-05,-7.095374E-04,.001
2.508254,2.746601E-04,-6.332435E-04,-6.66667E-04
2.509255,3.051776E-04,-5.798377E-04,-.002
2.510255,3.204364E-04,-5.340613E-04,6.66667E-04
2.511256,3.280658E-04,8.392381E-05,-6.66667E-04
2.512256,2.441425E-04,4.196186E-04,.002
2.513257,-5.340599E-05,4.348774E-04,6.66667E-04
2.514257,1.297006E-04,1.75477E-04,.001
2.515258,2.594013E-04,3.204364E-04,.001
2.516258,-1.525891E-05,-3.814721E-05,-6.66667E-04
2.517259,-2.365122E-04,-3.662128E-04,-.001
2.518259,-4.577655E-04,-3.738422E-04,6.66667E-04
2.51926,-5.874671E-04,-1.602182E-04,.001
2.52026,-3.662128E-04,-3.50954E-04,-.001
2.521261,9.15532E-05,-3.280658E-04,6.66667E-04
2.522261,3.433246E-04,-2.670307E-04,-.001
2.523262,2.594013E-04,4.57766E-05,-.001
2.524262,-8.392381E-05,-1.06812E-04,-.002
2.525263,-3.051776E-04,-2.059946E-04,-6.66667E-04
2.526263,-6.103562E-05,-1.602182E-04,-6.66667E-04
2.527264,1.525888E-04,-1.06812E-04,-6.66667E-04
2.528264,4.043598E-04,-1.297006E-04,-6.66667E-04
2.529265,3.662128E-04,-3.051781E-05,-.002
2.530265,6.866502E-05,1.907358E-04,6.66667E-04
2.531266,-3.051776E-04,1.3733E-04,-.001
2.532266,-2.899189E-04,1.144414E-04,.002
2.533267,3.051781E-05,1.06812E-04,6.66667E-04
2.534267,9.15532E-05,3.662128E-04,-.001
2.535268,3.662128E-04,2.288828E-04,-6.66667E-04
2.536268,3.662128E-04,3.662128E-04,-.002
2.537269,5.264319E-04,1.449594E-04,-.002
2.538269,3.356952E-04,1.297006E-04,.002
2.53927,2.288828E-04,-9.918259E-05,6.66667E-04
2.54027,4.27248E-04,-6.103553E-04,-.002
2.541271,3.662128E-04,-5.569495E-04,-6.66667E-04
2.542271,4.57766E-05,-6.561317E-04,-.001
2.543272,-1.144414E-04,-7.40055E-04,-.001
2.544272,-3.433246E-04,-3.051781E-05,-6.66667E-04
2.545273,-2.594013E-04,2.441425E-04,.001
2.546273,-7.629453E-06,7.629441E-05,-.001
2.547274,6.866502E-05,-3.051776E-04,-.002
2.548274,1.449594E-04,-5.340613E-04,6.66667E-04
2.549275,9.918259E-05,-1.602182E-04,-.001
2.550275,1.525888E-04,1.297006E-04,6.66667E-04
2.551276,7.629453E-06,1.525888E-04,.001
2.552276,-2.746601E-04,9.918259E-05,-6.66667E-04
2.553277,-3.051781E-05,-2.28883E-05,.001
2.554277,3.051781E-05,1.3733E-04,-.001
2.555278,1.525891E-05,-4.57766E-05,.001
2.556278,9.15532E-05,7.629453E-06,-.002
2.557279,9.918259E-05,2.441425E-04,6.66667E-04
2.558279,2.594013E-04,0,-6.66667E-04
2.55928,3.967304E-04,-3.356952E-04,2.33333E-03
2.56028,3.051776E-04,7.629453E-06,-.002
2.561281,2.899189E-04,2.365122E-04,-6.66667E-04
2.562281,2.059946E-04,9.15532E-05,-6.66667E-04
2.563282,1.144414E-04,-3.738422E-04,-2.33333E-03
2.564282,3.356952E-04,-3.89101E-04,6.66667E-04
2.565283,5.416907E-04,-2.899189E-04,-.001
2.566283,4.196186E-04,-8.392381E-05,6.66667E-04
2.567284,-1.06812E-04,-3.051781E-05,.001
2.568284,-4.425067E-04,-2.13624E-04,-.001
2.569285,-1.525888E-04,-2.365122E-04,-3.66667E-03
2.570285,1.983652E-04,-1.907358E-04,-.002
2.571286,4.653949E-04,1.907358E-04,.001
2.572286,1.449594E-04,3.204364E-04,-6.66667E-04
2.573287,-1.525891E-05,2.594013E-04,-.002
2.574287,0,2.670307E-04,-.004
2.575288,-3.12807E-04,3.356952E-04,-6.66667E-04
2.576288,-2.670307E-04,0,-.002
2.577289,-3.814721E-05,9.918259E-05,-6.66667E-04
2.578289,5.340599E-05,-9.15532E-05,-.002
2.57929,1.525888E-04,-3.738422E-04,6.66667E-04
2.58029,8.392381E-05,-1.525891E-05,.001
2.581291,4.57766E-05,-2.365122E-04,-.001
2.582291,-2.28883E-05,-5.035438E-04,-6.66667E-04
2.583292,-6.866502E-05,-5.188026E-04,-.002
2.584292,0,-3.50954E-04,6.66667E-04
2.585293,2.059946E-04,1.525891E-05,-6.66667E-04
2.586293,3.738422E-04,2.899189E-04,6.66667E-04
2.587294,9.918259E-05,4.653949E-04,-.002
2.588294,6.103562E-05,3.051776E-04,6.66667E-04
2.589295,-1.602182E-04,8.392381E-05,-6.66667E-04
2.590295,-1.220712E-04,3.50954E-04,.001
2.591296,-8.392381E-05,1.907358E-04,-6.66667E-04
2.592296,-5.340599E-05,-2.13624E-04,2.33333E-03
2.593297,4.57766E-05,-8.392381E-05,6.66667E-04
2.594297,-9.918259E-05,-7.629453E-06,-.001
2.595298,-1.06812E-04,1.525888E-04,-2.33333E-03
2.596298,-2.28883E-05,2.441425E-04,-6.66667E-04
2.597299,-9.15532E-05,2.594013E-04,.001
2.598299,4.57766E-05,1.525888E-04,-.001
2.5993,-1.525888E-04,1.983652E-04,-.002
2.6003,-4.119892E-04,3.433246E-04,-6.66667E-04
2.601301,-6.942786E-04,2.441425E-04,-.001
2.602301,-7.858314E-04,4.730243E-04,2.33333E-03
2.603302,-6.485023E-04,3.814716E-04,.002
2.604302,-4.806537E-04,-2.28883E-05,-3.66667E-03
2.605303,-1.220712E-04,-2.899189E-04,6.66667E-04
2.606303,8.392381E-05,-1.297006E-04,-6.66667E-04
2.607304,2.746601E-04,-1.525891E-05,-.001
2.608304,1.220712E-04,-9.15532E-05,-6.66667E-04
2.609305,-1.831064E-04,2.899189E-04,6.66667E-04
2.610305,9.15532E-05,2.288828E-04,-6.66667E-04
2.611306,3.204364E-04,5.340599E-05,-6.66667E-04
2.612306,3.662128E-04,-8.392381E-05,6.66667E-04
2.613307,7.629441E-05,-5.340599E-05,-2.33333E-03
2.614307,-1.525888E-04,-2.13624E-04,-.001
2.615308,-7.629441E-05,-3.12807E-04,-6.66667E-04
2.616308,-2.288828E-04,4.57766E-05,-6.66667E-04
2.617309,-2.670307E-04,1.144414E-04,-6.66667E-04
2.618309,3.814721E-05,7.629453E-06,-.001
2.61931,2.365122E-04,9.918259E-05,-6.66667E-04
2.62031,2.746601E-04,4.119892E-04,-.001
2.621311,1.144414E-04,-7.629453E-06,.001
2.622311,6.866502E-05,-2.441425E-04,.002
2.623312,-1.75477E-04,4.57766E-05,-.001
2.624312,-2.059946E-04,1.220712E-04,.001
2.625313,6.103562E-05,0,.001
2.626313,2.059946E-04,2.288828E-04,-3.66667E-03
2.627314,4.348774E-04,-1.602182E-04,-.002
2.628314,1.602182E-04,-2.822895E-04,-6.66667E-04
2.629315,-5.340599E-05,-3.356952E-04,-.001
2.630315,-4.196186E-04,-3.051776E-04,.001
2.631316,-4.577655E-04,-2.822895E-04,-.001
2.632316,-2.670307E-04,-1.297006E-04,-6.66667E-04
2.633317,-1.525891E-05,-1.602182E-04,-6.66667E-04
2.634317,-2.288828E-04,1.06812E-04,-.001
2.635318,-2.13624E-04,2.899189E-04,-6.66667E-04
2.636318,-8.392381E-05,3.738422E-04,-6.66667E-04
2.637319,3.051781E-05,4.27248E-04,-6.66667E-04
2.638319,9.918259E-05,1.75477E-04,-.002
2.63932,1.449594E-04,0,.001
2.64032,2.288828E-04,1.602182E-04,-3.66667E-03
2.641321,4.27248E-04,1.144414E-04,6.66667E-04
2.642321,2.441425E-04,2.746601E-04,-.001
2.643322,7.629441E-05,2.594013E-04,-6.66667E-04
2.644322,7.629453E-06,-2.822895E-04,-.001
2.645323,-3.204364E-04,-5.950965E-04,-2.33333E-03
2.646323,-5.340599E-05,-2.517719E-04,6.66667E-04
2.647324,-2.212534E-04,-3.814721E-05,2.33333E-03
2.648324,-2.441425E-04,7.629441E-05,.001
2.649325,-9.15532E-05,7.629441E-05,-6.66667E-04
2.650325,-1.06812E-04,2.822895E-04,2.33333E-03
2.651326,-1.75477E-04,3.433246E-04,-6.66667E-04
2.652326,-5.569495E-04,3.738422E-04,-.001
2.653327,-6.027259E-04,2.059946E-04,6.66667E-04
2.654327,-1.602182E-04,-9.918259E-05,-6.66667E-04
2.655328,9.15532E-05,1.525891E-05,-6.66667E-04
2.656328,0,-5.340599E-05,-6.66667E-04
2.657329,-3.585834E-04,-2.441425E-04,-.002
2.658329,-2.13624E-04,-2.13624E-04,-2.33333E-03
2.65933,-2.13624E-04,-2.594013E-04,6.66667E-04
2.66033,-2.441425E-04,-1.75477E-04,-.001
2.661331,-2.13624E-04,-4.119892E-04,-.002
2.662331,7.629453E-06,-5.722083E-04,6.66667E-04
2.663332,-1.06812E-04,-6.332435E-04,-6.66667E-04
2.664332,-3.051776E-04,-3.356952E-04,6.66667E-04
2.665333,-4.806537E-04,6.866502E-05,-.001
2.666333,-5.416907E-04,3.814721E-05,.001
2.667334,-8.621253E-04,-4.57766E-05,6.66667E-04
2.668334,-1.289375E-03,9.918259E-05,6.66667E-04
2.669335,-1.594551E-03,3.738422E-04,.001
2.670335,-1.85395E-03,1.602182E-04,-.001
2.671336,-2.143875E-03,-1.06812E-04,-.001
2.672336,-2.433792E-03,6.866502E-05,6.66667E-04
2.673337,-2.891555E-03,4.57766E-05,-.002
2.674337,-3.753677E-03,-7.629453E-06,-3.66667E-03
2.675338,-4.714996E-03,1.602182E-04,-6.66667E-04
2.676338,-5.462676E-03,9.918259E-05,-6.66667E-04
2.677339,-5.577117E-03,-1.602182E-04,-.002
2.678339,-5.470306E-03,-1.06812E-04,.001
2.67934,-5.348235E-03,3.738422E-04,6.66667E-04
2.68034,-5.073577E-03,2.13624E-04,.001
2.681341,-4.714996E-03,-2.288828E-04,-.001
2.682341,-4.02835E-03,-2.975482E-04,-.002
2.683342,-3.501907E-03,3.814721E-05,.001
2.684342,-2.906814E-03,6.256141E-04,6.66667E-04
2.685343,-2.014175E-03,7.705726E-04,-.001
2.686343,-1.449592E-03,3.662128E-04,-.002
2.687344,-5.722083E-04,3.280658E-04,-6.66667E-04
2.688344,-3.738422E-04,1.06812E-04,.001
2.689345,-6.790198E-04,-3.50954E-04,-.001
2.690345,-5.035438E-04,-3.967304E-04,-.002
2.691346,-3.280658E-04,-3.662128E-04,-.001
2.692346,-3.50954E-04,-3.433246E-04,-6.66667E-04
2.693347,-3.738422E-04,-2.517719E-04,6.66667E-04
2.694347,-1.525888E-04,3.12807E-04,-.002
2.695348,-2.059946E-04,3.89101E-04,-6.66667E-04
2.696348,-4.348774E-04,3.662128E-04,6.66667E-04
2.697349,-2.899189E-04,1.3733E-04,-.001
2.698349,-1.06812E-04,4.196186E-04,6.66667E-04
2.69935,-3.814721E-05,4.57766E-05,-6.66667E-04
2.70035,2.365122E-04,-3.280658E-04,.001
2.701351,5.340599E-05,-5.188026E-04,6.66667E-04
2.702351,6.866502E-05,-3.738422E-04,-6.66667E-04
2.703352,-8.392381E-05,-4.27248E-04,-.001
2.704352,-1.602182E-04,-5.874671E-04,-6.66667E-04
2.705353,-2.670307E-04,-3.280658E-04,-.001
2.706353,-4.425067E-04,1.602182E-04,-.002
2.707354,-3.356952E-04,4.501361E-04,.001
2.708354,1.297006E-04,5.569495E-04,-6.66667E-04
2.709355,-1.602182E-04,4.806537E-04,.001
2.710355,-6.561317E-04,3.50954E-04,-6.66667E-04
2.711356,-6.103553E-04,-1.602182E-04,-.002
2.712356,-3.89101E-04,-3.50954E-04,-6.66667E-04
2.713357,1.602182E-04,-2.212534E-04,6.66667E-04
2.714357,2.746601E-04,2.28883E-05,-6.66667E-04
2.715358,3.051781E-05,3.585834E-04,.002
2.716358,2.059946E-04,3.738422E-04,6.66667E-04
2.717359,1.525888E-04,-1.297006E-04,-.002
2.718359,1.525891E-05,-9.15532E-05,6.66667E-04
2.71936,-2.13624E-04,0,-.001
2.72036,-7.629441E-05,6.866502E-05,6.66667E-04
2.721361,-8.392381E-05,2.975482E-04,-6.66667E-04
2.722361,9.918259E-05,1.75477E-04,.002
2.723362,4.57766E-05,8.392381E-05,.001
2.724362,1.983652E-04,-2.365122E-04,-.002
2.725363,6.866502E-05,-1.907358E-04,.001
2.726363,6.866502E-05,7.629441E-05,-6.66667E-04
2.727364,0,7.629453E-06,-.001
2.728364,-1.06812E-04,-1.220712E-04,-6.66667E-04
2.729365,-1.144414E-04,3.051781E-05,.001
2.730365,1.144414E-04,1.525888E-04,-.001
2.731366,4.88285E-04,1.449594E-04,.001
2.732366,5.950965E-04,-8.392381E-05,-.001
2.733367,4.119892E-04,1.06812E-04,6.66667E-04
2.734367,2.28883E-05,4.425067E-04,-.002
2.735368,-3.204364E-04,5.798377E-04,-.001
2.736368,-1.144414E-04,4.196186E-04,6.66667E-04
2.737369,-2.594013E-04,3.204364E-04,2.33333E-03
2.738369,-2.594013E-04,3.204364E-04,-6.66667E-04
2.73937,3.814721E-05,4.88285E-04,-6.66667E-04
2.74037,2.441425E-04,3.051776E-04,6.66667E-04
2.741371,1.3733E-04,1.525888E-04,-.001
2.742371,3.814721E-05,7.629441E-05,-6.66667E-04
2.743372,-2.899189E-04,4.501361E-04,-6.66667E-04
2.744372,-5.950965E-04,5.340599E-05,.001
2.745373,-5.188026E-04,-6.866502E-05,6.66667E-04
2.746373,-1.297006E-04,-9.918259E-05,-.002
2.747374,5.340599E-05,-9.918259E-05,-.001
2.748374,9.15532E-05,-1.525891E-05,-.001
2.749375,-1.525891E-05,2.28883E-05,-6.66667E-04
2.750375,2.822895E-04,2.899189E-04,-.002
2.751376,4.196186E-04,1.907358E-04,-.001
2.752376,5.798377E-04,-4.27248E-04,-6.66667E-04
2.753377,6.63761E-04,-4.27248E-04,-6.66667E-04
2.754377,3.50954E-04,-2.441425E-04,-.002
2.755378,2.288828E-04,7.629453E-06,-6.66667E-04
2.756378,9.15532E-05,1.525891E-05,-.001
2.757379,-1.602182E-04,-1.220712E-04,-.002
2.758379,-2.059946E-04,-9.918259E-05,-6.66667E-04
2.75938,-3.12807E-04,3.662128E-04,-.002
2.76038,-3.814716E-04,4.196186E-04,-6.66667E-04
2.761381,7.629453E-06,9.918259E-05,-6.66667E-04
2.762381,2.517719E-04,-1.525891E-05,-6.66667E-04
2.763382,1.678476E-04,1.220712E-04,-.001
2.764382,1.449594E-04,0,-6.66667E-04
2.765383,3.12807E-04,-1.907358E-04,-6.66667E-04
2.766383,2.594013E-04,-3.12807E-04,-.001
2.767384,1.525888E-04,-2.288828E-04,-3.66667E-03
2.768384,2.059946E-04,-4.806537E-04,-.002
2.769385,-1.297006E-04,-2.059946E-04,6.66667E-04
2.770385,-2.212534E-04,-3.814721E-05,-.002
2.771386,-5.111732E-04,-4.57766E-05,-6.66667E-04
2.772386,-6.027259E-04,0,6.66667E-04
2.773387,-3.662128E-04,3.051781E-05,-6.66667E-04
2.774387,-2.670307E-04,2.517719E-04,.001
2.775388,-4.119892E-04,9.918259E-05,-.001
2.776388,-1.983652E-04,4.27248E-04,-.001
2.777389,-1.525891E-05,-1.831064E-04,-.001
2.778389,7.629453E-06,-8.773841E-04,6.66667E-04
2.77939,-5.340599E-05,-6.408729E-04,-.001
2.78039,7.629453E-06,-3.356952E-04,6.66667E-04
2.781391,8.392381E-05,-4.730243E-04,-.001
2.782391,4.043598E-04,-2.670307E-04,.001
2.783392,1.983652E-04,-2.594013E-04,-6.66667E-04
2.784392,-2.975482E-04,1.678476E-04,-6.66667E-04
2.785393,-3.204364E-04,9.918259E-05,2.33333E-03
2.786393,-2.288828E-04,1.449594E-04,6.66667E-04
2.787394,-1.907358E-04,2.594013E-04,-.001
2.788394,-1.220712E-04,1.678476E-04,.001
2.789395,-2.975482E-04,7.629453E-06,-.001
2.790395,-3.967304E-04,-1.220712E-04,-.001
2.791396,-7.247962E-04,-1.678476E-04,-.002
2.792396,-8.392371E-04,-2.670307E-04,-.001
2.793397,-6.179847E-04,-2.899189E-04,-.001
2.794397,-7.705726E-04,-2.28883E-05,-2.33333E-03
2.795398,-3.585834E-04,-4.57766E-05,-.001
2.796398,-1.06812E-04,2.059946E-04,6.66667E-04
2.797399,-2.059946E-04,1.678476E-04,-.001
2.798399,-1.678476E-04,2.517719E-04,.001
2.7994,-4.730243E-04,2.059946E-04,-6.66667E-04
2.8004,-4.27248E-04,2.212534E-04,-.001
2.801401,-1.678476E-04,3.051776E-04,-6.66667E-04
2.802401,2.28883E-05,-2.746601E-04,-.001
2.803402,-2.975482E-04,-1.06812E-04,-6.66667E-04
2.804402,-3.585834E-04,1.3733E-04,.001
2.805403,-3.585834E-04,2.975482E-04,2.33333E-03
2.806403,-9.15532E-05,0,-6.66667E-04
2.807404,-1.297006E-04,-6.103562E-05,6.66667E-04
2.808404,3.051781E-05,6.866502E-05,-.001
2.809405,-6.866502E-05,-1.220712E-04,-6.66667E-04
2.810405,1.678476E-04,2.594013E-04,-6.66667E-04
2.811406,-2.059946E-04,2.517719E-04,6.66667E-04
2.812406,-5.722083E-04,2.594013E-04,-.002
2.813407,-4.043598E-04,3.12807E-04,-6.66667E-04
2.814407,-5.569495E-04,2.594013E-04,-6.66667E-04
2.815408,-6.103553E-04,1.525888E-04,-6.66667E-04
2.816408,-3.89101E-04,1.06812E-04,-6.66667E-04
2.817409,-3.89101E-04,-3.204364E-04,-.002
2.818409,-7.01908E-04,-3.738422E-04,.001
2.81941,-6.179847E-04,7.629453E-06,.001
2.82041,-9.918287E-04,1.75477E-04,-.001
2.821411,-1.052864E-03,4.348774E-04,-.001
2.822411,-1.472481E-03,1.831064E-04,-.001
2.823412,-1.762398E-03,-5.340599E-05,6.66667E-04
2.824412,-2.113357E-03,-3.280658E-04,-6.66667E-04
2.825413,-2.616897E-03,-3.50954E-04,-6.66667E-04
2.826413,-3.173843E-03,-1.297006E-04,-6.66667E-04
2.827414,-3.601089E-03,-2.594013E-04,-6.66667E-04
2.828414,-4.089385E-03,-2.670307E-04,.001
2.829415,-4.432708E-03,-3.814721E-05,.001
2.830415,-4.692107E-03,1.525888E-04,-.002
2.831416,-4.997283E-03,2.059946E-04,-.002
2.832416,-4.989654E-03,1.06812E-04,-6.66667E-04
2.833417,-4.547149E-03,1.907358E-04,.001
2.834417,-3.883377E-03,3.585834E-04,.001
2.835418,-3.662124E-03,8.392381E-05,6.66667E-04
2.836418,-3.227249E-03,9.918259E-05,6.66667E-04
2.837419,-2.792373E-03,-2.212534E-04,-.001
2.838419,-2.090469E-03,-1.602182E-04,6.66667E-04
2.83942,-1.60218E-03,-9.15532E-05,-.001
2.84042,-1.556404E-03,2.059946E-04,6.66667E-04
2.841421,-8.010902E-04,5.264319E-04,-.001
2.842421,-5.340613E-04,8.010902E-04,-.001
2.843422,-2.365122E-04,7.934608E-04,-.001
2.844422,-7.629441E-05,8.239783E-04,-.001
2.845423,-1.3733E-04,6.713904E-04,-3.66667E-03
2.846423,-5.874671E-04,4.27248E-04,-.001
2.847424,-8.316077E-04,4.57766E-05,-.001
2.848424,-3.738422E-04,-3.051781E-05,-.001
2.849425,8.392381E-05,-1.06812E-04,6.66667E-04
2.850425,3.814721E-05,-4.425067E-04,6.66667E-04
2.851426,9.15532E-05,-4.043598E-04,6.66667E-04
2.852426,1.449594E-04,-2.822895E-04,6.66667E-04
2.853427,1.678476E-04,-2.746601E-04,-.002
2.854427,1.297006E-04,3.051781E-05,-.001
2.855428,-6.866502E-05,4.196186E-04,-.001
2.856428,-3.280658E-04,4.806537E-04,6.66667E-04
2.857429,-7.553138E-04,2.594013E-04,-.001
2.858429,-5.874671E-04,0,.001
2.85943,-4.88285E-04,-2.365122E-04,-6.66667E-04
2.86043,-2.594013E-04,1.831064E-04,-.001
2.861431,9.918259E-05,6.866502E-05,-2.33333E-03
2.862431,5.264319E-04,2.059946E-04,-2.33333E-03
2.863432,1.220712E-04,3.12807E-04,-6.66667E-04
2.864432,-7.629453E-06,-1.525888E-04,6.66667E-04
2.865433,-9.918259E-05,-8.392381E-05,-.002
2.866433,-1.3733E-04,-5.340599E-05,2.33333E-03
2.867434,-2.441425E-04,2.28883E-05,-.001
2.868434,1.75477E-04,3.814716E-04,6.66667E-04
2.869435,-3.051781E-05,8.163489E-04,.001
2.870435,-2.288828E-04,5.798377E-04,-6.66667E-04
2.871436,-2.365122E-04,-6.866502E-05,.001
2.872436,-2.594013E-04,-1.831064E-04,-.002
2.873437,-8.392381E-05,-1.220712E-04,-.002
2.874437,4.57766E-05,3.280658E-04,6.66667E-04
2.875438,-2.975482E-04,7.934608E-04,-.002
2.876438,-1.602182E-04,8.316077E-04,6.66667E-04
2.877439,-9.15532E-05,6.332435E-04,.001
2.878439,-3.280658E-04,2.059946E-04,-.001
2.87944,-3.280658E-04,3.738422E-04,-.002
2.88044,-2.13624E-04,4.730243E-04,.001
2.881441,-2.975482E-04,1.525888E-04,6.66667E-04
2.882441,-1.449594E-04,-2.13624E-04,6.66667E-04
2.883442,-4.57766E-05,-9.918259E-05,6.66667E-04
2.884442,2.059946E-04,2.28883E-05,-3.66667E-03
2.885443,-1.525891E-05,3.814716E-04,.001
2.886443,-2.059946E-04,2.212534E-04,-.002
2.887444,-3.738422E-04,7.629453E-06,6.66667E-04
2.888444,-1.06812E-04,6.103562E-05,-.001
2.889445,-2.13624E-04,2.059946E-04,-.004
2.890445,-5.340599E-05,1.144414E-04,6.66667E-04
2.891446,7.629453E-06,2.059946E-04,-3.66667E-03
2.892446,-2.899189E-04,3.12807E-04,-.001
2.893447,-4.119892E-04,3.662128E-04,6.66667E-04
2.894447,-3.051776E-04,-2.212534E-04,-2.33333E-03
2.895448,-3.967304E-04,-5.340599E-05,2.33333E-03
2.896448,-5.722083E-04,2.13624E-04,-6.66667E-04
2.897449,-5.340613E-04,1.449594E-04,.001
2.898449,-3.814716E-04,6.866502E-05,-.002
2.89945,-1.297006E-04,1.06812E-04,-.001
2.90045,-1.297006E-04,3.051776E-04,-.002
2.901451,-4.043598E-04,1.220712E-04,.001
2.902451,-1.449594E-04,0,6.66667E-04
2.903452,2.517719E-04,-1.220712E-04,.001
2.904452,-3.051776E-04,-1.525891E-05,6.66667E-04
2.905453,-5.264319E-04,2.441425E-04,-.002
2.906453,-7.171668E-04,2.059946E-04,-.001
2.907454,-5.340613E-04,2.975482E-04,-6.66667E-04
2.908454,-3.89101E-04,1.449594E-04,.001
2.909455,-5.035438E-04,-4.57766E-05,-6.66667E-04
2.910455,-6.485023E-04,-5.340599E-05,-.001
2.911456,-5.798377E-04,-3.814721E-05,-.001
2.912456,-2.746601E-04,1.831064E-04,-6.66667E-04
2.913457,-5.645789E-04,-1.75477E-04,-.002
2.914457,-5.645789E-04,-4.043598E-04,-.001
2.915458,-2.441425E-04,-2.13624E-04,-2.33333E-03
2.916458,-1.75477E-04,1.75477E-04,-.002
2.917459,-1.06812E-04,2.059946E-04,-.001
2.918459,-1.525891E-05,4.57766E-05,6.66667E-04
2.91946,3.814721E-05,-2.441425E-04,6.66667E-04
2.92046,-1.525891E-05,-3.433246E-04,-6.66667E-04
2.921461,-1.449594E-04,-1.297006E-04,6.66667E-04
2.922461,2.28883E-05,8.392381E-05,-.001
2.923462,-9.15532E-05,1.907358E-04,-6.66667E-04
2.924462,4.348774E-04,1.678476E-04,-.001
2.925463,4.119892E-04,1.525891E-05,6.66667E-04
2.926463,1.602182E-04,9.15532E-05,-6.66667E-04
2.927464,6.866502E-05,-2.365122E-04,-2.33333E-03
2.928464,-3.051781E-05,-1.449594E-04,.001
2.929465,-3.50954E-04,-1.525891E-05,-.002
2.930465,-4.577655E-04,-2.975482E-04,-.002
2.931466,-3.738422E-04,-2.670307E-04,-6.66667E-04
2.932466,-2.059946E-04,-4.57766E-05,-.002
2.933467,1.75477E-04,3.50954E-04,-6.66667E-04
2.934467,1.525891E-05,3.738422E-04,.001
2.935468,1.831064E-04,1.907358E-04,6.66667E-04
2.936468,4.88285E-04,2.899189E-04,-6.66667E-04
2.937469,3.967304E-04,1.297006E-04,.001
2.938469,5.645789E-04,1.525891E-05,-.002
2.93947,3.662128E-04,-1.3733E-04,-.001
2.94047,9.918259E-05,2.28883E-05,-6.66667E-04
2.941471,-1.525888E-04,9.918259E-05,6.66667E-04
2.942471,-2.059946E-04,3.814721E-05,-.001
2.943472,-2.746601E-04,7.629441E-05,-6.66667E-04
2.944472,-3.356952E-04,2.059946E-04,6.66667E-04
2.945473,-1.602182E-04,1.75477E-04,-2.33333E-03
2.946473,-2.288828E-04,-2.746601E-04,-6.66667E-04
2.947474,-2.670307E-04,3.967304E-04,-.001
2.948474,-4.196186E-04,5.035438E-04,-6.66667E-04
2.949475,-2.059946E-04,4.730243E-04,-6.66667E-04
2.950475,-6.866502E-05,8.163489E-04,-2.33333E-03
2.951476,4.57766E-05,8.621253E-04,-.001
2.952476,1.75477E-04,5.950965E-04,-.002
2.953477,3.051776E-04,4.425067E-04,-.001
2.954477,7.629441E-05,4.119892E-04,-.001
2.955478,-2.28883E-05,1.831064E-04,-3.66667E-03
2.956478,1.144414E-04,3.051781E-05,-6.66667E-04
2.957479,-1.525888E-04,-1.449594E-04,6.66667E-04
2.958479,-1.602182E-04,-1.831064E-04,.002
2.95948,-2.594013E-04,-3.051781E-05,-.001
2.96048,-4.27248E-04,8.392381E-05,.002
2.961481,-4.27248E-04,-2.670307E-04,-.001
2.962481,-4.27248E-04,-2.13624E-04,-2.33333E-03
2.963482,-7.40055E-04,-2.746601E-04,6.66667E-04
2.964482,-6.408729E-04,-2.212534E-04,-.001
2.965483,-6.408729E-04,4.57766E-05,-.002
2.966483,-8.316077E-04,1.297006E-04,-.002
2.967484,-7.553138E-04,2.212534E-04,6.66667E-04
2.968484,-7.095374E-04,2.13624E-04,6.66667E-04
2.969485,-8.316077E-04,7.629441E-05,-6.66667E-04
2.970485,-1.007088E-03,-1.297006E-04,-3.66667E-03
2.971486,-1.327522E-03,-9.15532E-05,6.66667E-04
2.972486,-2.281204E-03,-1.220712E-04,6.66667E-04
2.973487,-3.173843E-03,-3.051781E-05,-.001
2.974487,-3.974944E-03,-1.06812E-04,-6.66667E-04
2.975488,-5.516082E-03,-3.280658E-04,6.66667E-04
2.976488,-7.164031E-03,-4.730243E-04,-.002
2.977489,-8.956969E-03,-2.517719E-04,6.66667E-04
2.978489,-1.093298E-02,-8.163489E-04,-6.66667E-04
2.97949,-1.332861E-02,-1.144417E-03,-.002
2.98049,-1.578534E-02,-1.419075E-03,6.66667E-04
2.981491,-1.840985E-02,-1.777656E-03,-.002
2.982491,-2.136242E-02,-1.983657E-03,6.66667E-04
2.983492,-2.326214E-02,-2.540603E-03,-.001
2.984492,-2.346051E-02,-2.899185E-03,6.66667E-04
2.985493,-2.214062E-02,-2.525344E-03,-.001
2.986493,-1.965344E-02,-1.808174E-03,6.66667E-04
2.987494,-1.710522E-02,-1.213081E-03,-6.66667E-04
2.988494,-1.449591E-02,-8.850135E-04,.002
2.989495,-1.185614E-02,-5.722083E-04,-.001
2.990495,-9.19348E-03,-6.179847E-04,-6.66667E-04
2.991496,-7.331878E-03,-6.561317E-04,-2.33333E-03
2.992496,-5.493194E-03,-5.874671E-04,2.33333E-03
2.993497,-4.165679E-03,-4.119892E-04,-.001
2.994497,-3.059402E-03,-1.144414E-04,.002
2.995498,-2.288833E-03,-5.340599E-05,-6.66667E-04
2.996498,-1.800545E-03,-1.06812E-04,.001
2.997499,-1.327522E-03,7.629453E-06,6.66667E-04
2.998499,-9.994581E-04,3.204364E-04,6.66667E-04
2.9995,-7.553138E-04,4.27248E-04,.001
3.0005,-7.934608E-04,1.449594E-04,-.002
3.001501,-6.103553E-04,-1.449594E-04,-6.66667E-04
3.002501,-3.585834E-04,-4.577655E-04,-.001
3.003502,-1.983652E-04,-2.670307E-04,.001
3.004502,-3.738422E-04,-1.75477E-04,.001
3.005503,-4.730243E-04,4.119892E-04,-.001
3.006503,-2.059946E-04,4.959144E-04,-.002
3.007504,-2.899189E-04,4.196186E-04,6.66667E-04
3.008504,-2.670307E-04,4.348774E-04,-.002
3.009505,-1.907358E-04,1.220712E-04,-6.66667E-04
3.010505,-5.493201E-04,-1.602182E-04,-.001
3.011506,-3.967304E-04,-4.57766E-05,-6.66667E-04
3.012506,-2.517719E-04,-3.814721E-05,.001
3.013507,-1.220712E-04,-2.822895E-04,-6.66667E-04
3.014507,-7.629441E-05,-3.50954E-04,-2.33333E-03
3.015508,2.28883E-05,-1.75477E-04,-6.66667E-04
3.016508,1.297006E-04,-3.50954E-04,-.001
3.017509,2.899189E-04,-2.670307E-04,-6.66667E-04
3.018509,2.517719E-04,-1.525891E-05,-.001
3.01951,-5.340599E-05,-3.204364E-04,-.001
3.02051,-1.678476E-04,-2.899189E-04,-6.66667E-04
3.021511,-2.212534E-04,-2.670307E-04,-.002
3.022511,-2.365122E-04,-2.670307E-04,-.002
3.023512,-1.831064E-04,-1.907358E-04,-.002
3.024512,-5.340599E-05,0,6.66667E-04
3.025513,6.866502E-05,-1.525888E-04,6.66667E-04
3.026513,1.144414E-04,-3.738422E-04,-6.66667E-04
3.027514,1.831064E-04,-2.517719E-04,6.66667E-04
3.028514,-1.06812E-04,4.57766E-05,6.66667E-04
3.029515,-4.806537E-04,2.441425E-04,.001
3.030515,-5.340599E-05,1.449594E-04,6.66667E-04
3.031516,4.119892E-04,9.918259E-05,-.002
3.032516,3.662128E-04,2.822895E-04,-6.66667E-04
3.033517,2.670307E-04,6.713904E-04,6.66667E-04
3.034517,1.220712E-04,3.662128E-04,.001
3.035518,7.629453E-06,9.918259E-05,-.001
3.036518,7.629453E-06,-2.822895E-04,-6.66667E-04
3.037519,-8.392381E-05,2.975482E-04,.001
3.038519,1.06812E-04,4.501361E-04,-.001
3.03952,1.449594E-04,3.280658E-04,2.33333E-03
3.04052,3.662128E-04,1.907358E-04,-6.66667E-04
3.041521,2.975482E-04,0,6.66667E-04
3.042521,1.525891E-05,-1.3733E-04,6.66667E-04
3.043522,-6.103562E-05,-3.204364E-04,-6.66667E-04
3.044522,-2.059946E-04,-2.288828E-04,-6.66667E-04
3.045523,-1.297006E-04,-1.06812E-04,.002
3.046523,-3.89101E-04,8.392381E-05,.001
3.047524,-6.713904E-04,1.3733E-04,6.66667E-04
3.048524,-3.585834E-04,1.678476E-04,-6.66667E-04
3.049525,-3.814721E-05,6.866502E-05,-.001
3.050525,1.678476E-04,-1.525891E-05,-6.66667E-04
3.051526,1.220712E-04,-4.57766E-05,-6.66667E-04
3.052526,-1.525891E-05,9.918259E-05,.002
3.053527,1.75477E-04,-6.866502E-05,.001
3.054527,1.3733E-04,-2.746601E-04,-.001
3.055528,-3.356952E-04,-1.06812E-04,2.33333E-03
3.056528,-4.27248E-04,5.340599E-05,-6.66667E-04
3.057529,-1.907358E-04,9.918259E-05,-6.66667E-04
3.058529,-1.831064E-04,7.629453E-06,-.004
3.05953,-5.340599E-05,-2.288828E-04,-6.66667E-04
3.06053,-1.06812E-04,-3.12807E-04,6.66667E-04
3.061531,-4.043598E-04,-1.525888E-04,-6.66667E-04
3.062531,-4.119892E-04,-4.57766E-05,-6.66667E-04
3.063532,-3.585834E-04,-1.144414E-04,.002
3.064532,5.340599E-05,-1.06812E-04,-.001
3.065533,-1.602182E-04,1.602182E-04,-.002
3.066533,-1.06812E-04,4.653949E-04,-.001
3.067534,-1.525888E-04,8.392381E-05,-2.33333E-03
3.068534,-3.204364E-04,-1.525891E-05,-.002
3.069535,-4.043598E-04,2.899189E-04,-3.66667E-03
3.070535,-6.866502E-05,2.670307E-04,-6.66667E-04
3.071536,-1.06812E-04,1.907358E-04,-2.33333E-03
3.072536,-8.392381E-05,-1.06812E-04,-.001
3.073537,-1.831064E-04,2.059946E-04,-.002
3.074537,8.392381E-05,8.850135E-04,-6.66667E-04
3.075538,-7.629441E-05,9.155311E-04,2.33333E-03
3.076538,6.103562E-05,8.239783E-04,-6.66667E-04
3.077539,3.585834E-04,3.50954E-04,2.33333E-03
3.078539,7.629453E-06,-5.340599E-05,-.001
3.07954,-1.525888E-04,-2.517719E-04,.001
3.08054,4.57766E-05,-3.051776E-04,-6.66667E-04
3.081541,1.907358E-04,-3.356952E-04,.001
3.082541,7.629441E-05,-3.814716E-04,-.002
3.083542,-9.15532E-05,2.28883E-05,.001
3.084542,-5.340599E-05,-1.06812E-04,.001
3.085543,-8.392381E-05,-2.365122E-04,-6.66667E-04
3.086543,-1.525888E-04,6.866502E-05,6.66667E-04
3.087544,-6.866502E-05,1.144414E-04,-6.66667E-04
3.088544,-3.738422E-04,-5.340599E-05,-.001
3.089545,-3.738422E-04,-3.051781E-05,-6.66667E-04
3.090545,-1.602182E-04,2.212534E-04,-.001
3.091546,-9.918259E-05,3.051776E-04,2.33333E-03
3.092546,0,0,6.66667E-04
3.093547,-9.15532E-05,-6.332435E-04,.002
3.094547,-2.365122E-04,-3.204364E-04,-2.33333E-03
3.095548,-3.051781E-05,-3.738422E-04,-.001
3.096548,-5.950965E-04,-1.06812E-04,6.66667E-04
3.097549,-8.621253E-04,-1.525891E-05,-.002
3.098549,-1.243599E-03,-1.907358E-04,-.001
3.09955,-1.274116E-03,-3.967304E-04,-6.66667E-04
3.10055,-1.167305E-03,-1.831064E-04,6.66667E-04
3.101551,-1.182564E-03,-1.602182E-04,6.66667E-04
3.102551,-8.468665E-04,-2.13624E-04,6.66667E-04
3.103552,-7.01908E-04,1.678476E-04,6.66667E-04
3.104552,-6.179847E-04,5.798377E-04,-6.66667E-04
3.105553,-2.746601E-04,5.188026E-04,.001
3.106553,-3.280658E-04,4.27248E-04,-6.66667E-04
3.107554,-9.002723E-04,-1.678476E-04,.001
3.108554,-9.231605E-04,-2.212534E-04,-3.66667E-03
3.109555,-8.544959E-04,9.918259E-05,6.66667E-04
3.110555,-6.942786E-04,4.043598E-04,-6.66667E-04
3.111556,-7.858314E-04,1.75477E-04,-6.66667E-04
3.112556,-9.7657E-04,-3.051781E-05,.001
3.113557,-8.163489E-04,2.365122E-04,6.66667E-04
3.114557,-6.942786E-04,2.212534E-04,-6.66667E-04
3.115558,-8.468665E-04,-7.629453E-06,-6.66667E-04
3.116558,-7.934608E-04,-1.06812E-04,-6.66667E-04
3.117559,-4.043598E-04,1.449594E-04,.001
3.118559,-4.653949E-04,5.340599E-05,2.33333E-03
3.11956,-1.602182E-04,-3.12807E-04,-6.66667E-04
3.12056,-4.27248E-04,-2.059946E-04,-.001
3.121561,-5.874671E-04,-1.602182E-04,6.66667E-04
3.122561,-7.553138E-04,4.57766E-05,-.001
3.123562,-8.544959E-04,6.103562E-05,-3.66667E-03
3.124562,-9.079017E-04,-1.297006E-04,-6.66667E-04
3.125563,-7.934608E-04,-3.433246E-04,-6.66667E-04
3.126563,-8.163489E-04,-4.88285E-04,6.66667E-04
3.127564,-1.129158E-03,-4.348774E-04,-.001
3.128564,-1.281746E-03,-4.806537E-04,6.66667E-04
3.129565,-1.48011E-03,-2.13624E-04,-.001
3.130565,-1.579292E-03,-7.629453E-06,-.001
3.131566,-2.052322E-03,-3.967304E-04,-.002
3.132566,-2.487198E-03,-1.907358E-04,6.66667E-04
3.133567,-2.700821E-03,-2.28883E-05,-3.66667E-03
3.134567,-3.471389E-03,1.06812E-04,-6.66667E-04
3.135568,-4.40982E-03,-2.059946E-04,6.66667E-04
3.136568,-5.53897E-03,-3.204364E-04,-.001
3.137569,-6.607085E-03,-6.179847E-04,6.66667E-04
3.138569,-8.300841E-03,-8.010902E-04,-6.66667E-04
3.13957,-1.056677E-02,-1.152046E-03,.001
3.14057,-1.292425E-02,-1.426704E-03,6.66667E-04
3.141571,-1.578534E-02,-1.754768E-03,-.001
3.142571,-1.833355E-02,-2.052322E-03,-.001
3.143572,-2.108014E-02,-2.639785E-03,-6.66667E-04
3.144572,-2.425396E-02,-3.273025E-03,6.66667E-04
3.145573,-2.757275E-02,-3.494278E-03,2.33333E-03
3.146573,-3.042614E-02,-3.883377E-03,-.001
3.147574,-3.186059E-02,-3.875747E-03,-.001
3.148574,-.0322268,-3.875747E-03,6.66667E-04
3.149575,-3.159356E-02,-3.646865E-03,-.001
3.150575,-3.010571E-02,-3.112808E-03,.001
3.151576,-2.799237E-02,-2.922073E-03,-.002
3.152576,-2.542889E-02,-2.723709E-03,-.001
3.153577,-2.256787E-02,-2.594009E-03,6.66667E-04
3.154577,-1.928723E-02,-2.059951E-03,-6.66667E-04
3.155578,-.0158006,-1.564033E-03,6.66667E-04
3.156578,-1.273352E-02,-9.53678E-04,-3.66667E-03
3.157579,-1.030737E-02,-5.111732E-04,-.002
3.158579,-8.331358E-03,-5.035438E-04,-.001
3.15958,-6.79782E-03,-4.730243E-04,-6.66667E-04
3.16058,-5.836517E-03,-5.950965E-04,6.66667E-04
3.161581,-4.859954E-03,-2.975482E-04,-6.66667E-04
3.162581,-4.043609E-03,-4.57766E-05,-6.66667E-04
3.163582,-3.639236E-03,5.340599E-05,-.001
3.164582,-3.051773E-03,2.594013E-04,-6.66667E-04
3.165583,-2.761856E-03,6.713904E-04,-.001
3.166583,-1.85395E-03,6.485023E-04,2.33333E-03
3.167584,-1.85395E-03,3.356952E-04,6.66667E-04
3.168584,-2.08284E-03,4.57766E-05,.001
3.169585,-1.739509E-03,-2.517719E-04,-.001
3.170585,-1.762398E-03,-4.577655E-04,-.001
3.171586,-1.625068E-03,-2.13624E-04,-6.66667E-04
3.172586,-1.556404E-03,1.525891E-05,-6.66667E-04
3.173587,-1.556404E-03,1.75477E-04,-.001
3.174587,-1.472481E-03,4.348774E-04,6.66667E-04
3.175588,-1.159675E-03,5.416907E-04,-.002
3.176588,-1.060493E-03,5.569495E-04,-.001
3.177589,-8.239783E-04,9.918259E-05,-.002
3.178589,-7.934608E-04,-1.831064E-04,6.66667E-04
3.17959,-1.007088E-03,-2.822895E-04,6.66667E-04
3.18059,-5.111732E-04,-3.50954E-04,2.33333E-03
3.181591,-8.773841E-04,-3.50954E-04,-6.66667E-04
3.182591,-8.697547E-04,2.28883E-05,.001
3.183592,-9.613074E-04,1.831064E-04,-.001
3.184592,-1.129158E-03,3.051776E-04,.001
3.185593,-1.213081E-03,6.866502E-05,-2.33333E-03
3.186593,-9.002723E-04,9.15532E-05,-.001
3.187594,-6.866492E-04,3.814721E-05,-6.66667E-04
3.188594,-3.051776E-04,4.348774E-04,-.002
3.189595,-1.907358E-04,3.814716E-04,.002
3.190595,-1.06812E-04,-3.051781E-05,6.66667E-04
3.191596,-4.425067E-04,-1.678476E-04,-.001
3.192596,-2.822895E-04,-2.13624E-04,-6.66667E-04
3.193597,-9.918259E-05,3.051781E-05,.001
3.194597,0,-4.57766E-05,6.66667E-04
3.195598,2.746601E-04,-3.89101E-04,-6.66667E-04
3.196598,1.678476E-04,-3.814716E-04,-6.66667E-04
3.197599,9.15532E-05,1.144414E-04,.002
3.198599,2.059946E-04,2.28883E-05,-6.66667E-04
3.1996,1.220712E-04,2.13624E-04,-6.66667E-04
3.2006,-1.907358E-04,8.392381E-05,-3.66667E-03
3.201601,-3.50954E-04,-2.670307E-04,-6.66667E-04
3.202601,-2.899189E-04,1.525891E-05,-2.33333E-03
3.203602,-3.204364E-04,-3.204364E-04,-6.66667E-04
3.204602,-3.280658E-04,-4.806537E-04,-.001
3.205603,-9.918259E-05,-2.288828E-04,-.001
3.206603,2.594013E-04,-2.28883E-05,.001
3.207604,2.365122E-04,1.525888E-04,.001
3.208604,1.678476E-04,3.12807E-04,-.001
3.209605,7.629453E-06,2.517719E-04,-2.33333E-03
3.210605,-3.433246E-04,4.119892E-04,6.66667E-04
3.211606,-4.196186E-04,4.348774E-04,-6.66667E-04
3.212606,-9.15532E-05,8.239783E-04,-6.66667E-04
3.213607,-7.629453E-06,7.324256E-04,-6.66667E-04
3.214607,-2.13624E-04,6.408729E-04,-.001
3.215608,-8.392381E-05,4.959144E-04,-.002
3.216608,-4.57766E-05,2.594013E-04,-6.66667E-04
3.217609,6.103562E-05,-2.28883E-05,-.001
3.218609,-8.392381E-05,-3.280658E-04,-6.66667E-04
3.21961,-2.822895E-04,-3.814721E-05,.001
3.22061,-3.051776E-04,-1.06812E-04,-.001
3.221611,-2.28883E-05,-3.814721E-05,-.002
3.222611,2.822895E-04,-5.340599E-05,-.001
3.223612,-1.75477E-04,-3.051776E-04,.001
3.224612,-5.188026E-04,-5.035438E-04,6.66667E-04
3.225613,-7.629432E-04,-3.738422E-04,.001
3.226614,-7.934608E-04,-5.340599E-05,-6.66667E-04
3.227614,-4.577655E-04,-2.28883E-05,6.66667E-04
3.228614,-1.983652E-04,1.297006E-04,6.66667E-04
3.229615,0,-3.814721E-05,-6.66667E-04
3.230615,-6.103562E-05,0,-6.66667E-04
3.231616,-6.256141E-04,-1.831064E-04,-2.33333E-03
3.232616,-7.40055E-04,-5.340599E-05,.002
3.233617,-4.27248E-04,-3.204364E-04,6.66667E-04
3.234617,-4.119892E-04,-2.822895E-04,6.66667E-04
3.235618,-3.738422E-04,-3.814716E-04,.001
3.236619,-2.899189E-04,-3.585834E-04,6.66667E-04
3.237619,-4.88285E-04,-2.365122E-04,-.001
3.238619,-3.50954E-04,-1.06812E-04,-6.66667E-04
3.23962,-3.50954E-04,-2.059946E-04,-6.66667E-04
3.24062,-2.212534E-04,-4.043598E-04,6.66667E-04
3.241621,-7.629453E-06,-3.051776E-04,.001
3.242621,-3.738422E-04,-2.28883E-05,-6.66667E-04
3.243622,-3.356952E-04,3.280658E-04,-6.66667E-04
3.244622,-3.204364E-04,5.645789E-04,-.002
3.245623,-3.12807E-04,3.433246E-04,.001
3.246624,-4.806537E-04,6.866502E-05,-6.66667E-04
3.247624,-5.493201E-04,3.051776E-04,-.001
3.248624,-5.493201E-04,7.934608E-04,-.001
3.249625,-8.163489E-04,5.798377E-04,-.001
3.250625,-1.197822E-03,1.831064E-04,-.002
3.251626,-1.327522E-03,3.738422E-04,-.001
3.252626,-1.617439E-03,4.57766E-05,.001
3.253627,-2.143875E-03,-2.822895E-04,-6.66667E-04
3.254627,-2.494827E-03,-2.441425E-04,.001
3.255628,-2.433792E-03,-3.433246E-04,-.002
3.256629,-2.571121E-03,-4.196186E-04,-3.66667E-03
3.257629,-3.33406E-03,-2.975482E-04,-6.66667E-04
3.258629,-4.264861E-03,-7.629453E-06,-6.66667E-04
3.25963,-4.943877E-03,2.670307E-04,-.001
3.26063,-5.394012E-03,2.441425E-04,6.66667E-04
3.261631,-5.317718E-03,2.288828E-04,-6.66667E-04
3.262631,-5.172759E-03,3.12807E-04,-.001
3.263632,-4.814178E-03,-1.3733E-04,-6.66667E-04
3.264632,-4.631072E-03,0,-.002
3.265633,-4.226714E-03,1.525891E-05,-2.33333E-03
3.266634,-3.761306E-03,5.340599E-05,-6.66667E-04
3.267634,-3.318802E-03,3.204364E-04,-.001
3.268634,-2.876297E-03,8.392381E-05,-.002
3.269635,-2.059951E-03,-5.340599E-05,-.002
3.270635,-1.174934E-03,4.57766E-05,-.002
3.271636,-1.281746E-03,1.3733E-04,.001
3.272636,-1.029976E-03,1.220712E-04,-.002
3.273637,-1.068123E-03,1.75477E-04,-.002
3.274637,-1.121528E-03,4.196186E-04,.001
3.275638,-8.697547E-04,5.264319E-04,-.001
3.276639,-6.790198E-04,5.264319E-04,-3.66667E-03
3.277639,-6.332435E-04,8.392371E-04,-2.33333E-03
3.278639,-6.942786E-04,6.103553E-04,.001
3.27964,-5.874671E-04,1.06812E-04,6.66667E-04
3.28064,-4.425067E-04,-8.392381E-05,-2.33333E-03
3.281641,1.525888E-04,-3.738422E-04,6.66667E-04
3.282641,3.585834E-04,-1.3733E-04,.001
3.283642,6.027259E-04,-1.06812E-04,6.66667E-04
3.284642,6.179847E-04,-5.340599E-05,-.002
3.285643,2.212534E-04,1.06812E-04,2.33333E-03
3.286644,3.12807E-04,4.57766E-05,-3.66667E-03
3.287644,1.602182E-04,5.798377E-04,.001
3.288644,-2.441425E-04,7.324256E-04,-2.33333E-03
3.289645,-3.433246E-04,4.730243E-04,-.001
3.290645,-4.119892E-04,1.297006E-04,-3.66667E-03
3.291646,-4.653949E-04,-3.356952E-04,-2.33333E-03
3.292646,-6.256141E-04,-1.297006E-04,.001
3.293647,-5.493201E-04,1.678476E-04,-.002
3.294647,-5.340613E-04,3.738422E-04,-.001
3.295648,-2.975482E-04,4.653949E-04,-6.66667E-04
3.296649,-1.06812E-04,4.196186E-04,-.002
3.297649,-1.678476E-04,3.585834E-04,-.002
3.298649,-4.57766E-05,1.297006E-04,6.66667E-04
3.29965,3.051781E-05,2.28883E-05,.001
3.30065,-9.15532E-05,9.15532E-05,-6.66667E-04
3.301651,-2.441425E-04,8.392381E-05,-.002
3.302651,-2.670307E-04,-5.340599E-05,.001
3.303652,-3.738422E-04,-5.340599E-05,-6.66667E-04
3.304652,-4.730243E-04,1.907358E-04,-.002
3.305653,-6.63761E-04,3.50954E-04,6.66667E-04
3.306653,-3.433246E-04,4.348774E-04,-.002
3.307654,-2.365122E-04,6.103562E-05,-.002
3.308654,-1.678476E-04,-1.525891E-05,-.001
3.309655,-4.043598E-04,-7.629441E-05,-.001
3.310655,-3.585834E-04,3.051781E-05,-.001
3.311656,-2.822895E-04,0,.001
3.312656,-2.594013E-04,3.585834E-04,-6.66667E-04
3.313657,-1.678476E-04,3.12807E-04,2.33333E-03
3.314657,-3.50954E-04,3.356952E-04,-6.66667E-04
3.315658,-7.171668E-04,1.983652E-04,-6.66667E-04
3.316658,-2.822895E-04,3.051781E-05,.001
3.317659,-3.814716E-04,9.918259E-05,-6.66667E-04
3.318659,-7.247962E-04,2.899189E-04,-6.66667E-04
3.31966,-6.408729E-04,5.035438E-04,-6.66667E-04
3.32066,-4.806537E-04,5.493201E-04,-.002
3.321661,-3.051781E-05,3.738422E-04,6.66667E-04
3.322661,-2.517719E-04,1.525888E-04,.002
3.323662,4.57766E-05,-1.297006E-04,-.002
3.324662,4.57766E-05,-2.670307E-04,.002
3.325663,4.57766E-05,0,-3.66667E-03
3.326663,1.525891E-05,4.57766E-05,.001
3.327664,3.051781E-05,-3.051781E-05,-.002
3.328664,-2.441425E-04,-1.06812E-04,-.001
3.329665,-3.204364E-04,1.602182E-04,.001
3.330665,-2.13624E-04,5.569495E-04,-6.66667E-04
3.331666,-3.12807E-04,2.822895E-04,-6.66667E-04
3.332666,-4.959144E-04,-6.866502E-05,6.66667E-04
3.333667,-3.738422E-04,-8.392381E-05,-2.33333E-03
3.334667,-2.441425E-04,1.525888E-04,.001
3.335668,-6.790198E-04,5.798377E-04,6.66667E-04
3.336668,-8.621253E-04,4.27248E-04,6.66667E-04
3.337669,-9.53678E-04,2.288828E-04,-6.66667E-04
3.338669,-1.457222E-03,3.814721E-05,-.001
3.33967,-2.349868E-03,2.517719E-04,-.001
3.34067,-2.861038E-03,4.577655E-04,6.66667E-04
3.341671,-3.540054E-03,-1.602182E-04,6.66667E-04
3.342671,-3.860489E-03,-4.425067E-04,-.001
3.343672,-3.952056E-03,-6.713904E-04,-.002
3.344672,-4.226714E-03,-6.408729E-04,6.66667E-04
3.345673,-5.096465E-03,-2.670307E-04,-.001
3.346673,-5.973846E-03,-4.57766E-05,-2.33333E-03
3.347674,-6.713897E-03,-3.738422E-04,6.66667E-04
3.348674,-6.881744E-03,-5.798377E-04,-.001
3.349675,-6.652862E-03,-3.204364E-04,6.66667E-04
3.350675,-6.54605E-03,-5.416907E-04,6.66667E-04
3.351676,-5.912811E-03,-8.773841E-04,6.66667E-04
3.352676,-5.424529E-03,-7.247962E-04,-6.66667E-04
3.353677,-5.447417E-03,-7.629432E-04,6.66667E-04
3.354677,-5.119354E-03,-2.288828E-04,-.001
3.355678,-4.203826E-03,-9.918259E-05,.001
3.356678,-3.46376E-03,-5.340599E-05,.002
3.357679,-2.990738E-03,3.051781E-05,-3.66667E-03
3.358679,-2.624527E-03,-1.602182E-04,-6.66667E-04
3.35968,-2.105728E-03,-2.746601E-04,-.002
3.36068,-1.655586E-03,1.602182E-04,-2.33333E-03
3.361681,-1.258858E-03,3.662128E-04,-.001
3.362681,-8.468665E-04,7.01908E-04,.002
3.363682,-9.918287E-04,8.010902E-04,-.001
3.364682,-7.934608E-04,5.264319E-04,-.001
3.365683,-7.40055E-04,2.212534E-04,-.001
3.366683,-8.621253E-04,-2.28883E-05,-6.66667E-04
3.367684,-5.645789E-04,7.629453E-06,-.002
3.368684,-4.043598E-04,-7.629453E-06,.001
3.369685,-3.967304E-04,-1.06812E-04,6.66667E-04
3.370685,-4.119892E-04,-5.340613E-04,6.66667E-04
3.371686,-3.204364E-04,-5.340613E-04,-.002
3.372686,1.220712E-04,-2.441425E-04,-2.33333E-03
3.373687,8.392381E-05,-2.288828E-04,-6.66667E-04
3.374687,-6.103562E-05,-6.332435E-04,.001
3.375688,-8.392381E-05,-7.553138E-04,.001
3.376688,-1.3733E-04,-5.111732E-04,6.66667E-04
3.377689,-1.449594E-04,-2.670307E-04,6.66667E-04
3.378689,-2.13624E-04,-1.602182E-04,-6.66667E-04
3.37969,-1.144414E-04,-1.602182E-04,-.001
3.38069,-1.449594E-04,-7.171668E-04,-3.66667E-03
3.381691,-5.340599E-05,-5.569495E-04,6.66667E-04
3.382691,-2.13624E-04,1.525891E-05,-.002
3.383692,-1.602182E-04,1.525888E-04,.002
3.384692,-3.051781E-05,2.899189E-04,-.001
3.385693,1.983652E-04,1.06812E-04,-.001
3.386693,7.629441E-05,-7.629441E-05,-6.66667E-04
3.387694,3.814721E-05,1.602182E-04,.001
3.388694,1.525891E-05,3.051781E-05,6.66667E-04
3.389695,2.28883E-05,1.06812E-04,-6.66667E-04
3.390696,3.12807E-04,1.831064E-04,.001
3.391696,-1.144414E-04,-8.392381E-05,.001
3.392696,-2.899189E-04,-3.814716E-04,6.66667E-04
3.393697,-5.188026E-04,-2.899189E-04,6.66667E-04
3.394697,-5.874671E-04,-5.798377E-04,6.66667E-04
3.395698,-6.103553E-04,-2.670307E-04,-.002
3.396698,-6.332435E-04,-5.340599E-05,-.001
3.397699,-4.348774E-04,-2.212534E-04,-6.66667E-04
3.398699,-4.57766E-05,-5.340599E-05,-2.33333E-03
3.3997,1.75477E-04,-1.297006E-04,6.66667E-04
3.400701,-2.059946E-04,-6.866502E-05,6.66667E-04
3.401701,-3.814716E-04,-5.340599E-05,.002
3.402701,-5.722083E-04,1.602182E-04,6.66667E-04
3.403702,-1.190193E-03,9.918259E-05,6.66667E-04
3.404702,-1.205452E-03,-3.204364E-04,-.004
3.405703,-1.289375E-03,-3.814721E-05,-6.66667E-04
3.406703,-8.468665E-04,-1.06812E-04,.001
3.407704,-3.967304E-04,-1.297006E-04,6.66667E-04
3.408704,-2.441425E-04,1.525888E-04,-.002
3.409705,7.629453E-06,4.27248E-04,-6.66667E-04
3.410706,3.051781E-05,3.50954E-04,6.66667E-04
3.411706,3.967304E-04,-2.13624E-04,-.001
3.412706,1.525888E-04,2.28883E-05,6.66667E-04
3.413707,-1.525888E-04,1.525888E-04,-6.66667E-04
3.414707,-3.814721E-05,2.517719E-04,6.66667E-04
3.415708,-3.814721E-05,0,-.001
3.416708,4.57766E-05,-1.06812E-04,-.002
3.417709,7.629453E-06,1.907358E-04,6.66667E-04
3.418709,5.340599E-05,1.831064E-04,-6.66667E-04
3.41971,-1.06812E-04,1.297006E-04,-6.66667E-04
3.420711,-5.264319E-04,-2.059946E-04,6.66667E-04
3.421711,-6.256141E-04,-7.629453E-06,-.001
3.422711,-2.594013E-04,-7.629453E-06,-6.66667E-04
3.423712,-2.13624E-04,-9.15532E-05,-.002
3.424712,-6.103562E-05,4.57766E-05,6.66667E-04
3.425713,6.103562E-05,-5.340599E-05,-.002
3.426713,1.907358E-04,5.340599E-05,6.66667E-04
3.427714,1.525888E-04,5.340599E-05,-.001
3.428714,3.051776E-04,6.866502E-05,-.001
3.429715,5.264319E-04,2.365122E-04,-6.66667E-04
3.430716,6.63761E-04,1.525888E-04,.001
3.431716,5.188026E-04,2.441425E-04,-.001
3.432716,2.059946E-04,-4.57766E-05,-6.66667E-04
3.433717,6.866502E-05,-3.738422E-04,.001
3.434717,3.051781E-05,-1.525888E-04,-6.66667E-04
3.435718,-5.111732E-04,-2.288828E-04,-6.66667E-04
3.436718,-7.705726E-04,-9.918259E-05,-6.66667E-04
3.437719,-6.332435E-04,1.831064E-04,.002
3.438719,-2.212534E-04,3.585834E-04,-6.66667E-04
3.43972,-1.602182E-04,3.280658E-04,.001
3.440721,-2.517719E-04,1.220712E-04,.001
3.441721,-3.50954E-04,-3.051781E-05,-6.66667E-04
3.442721,-4.806537E-04,-6.103562E-05,-.002
3.443722,-1.602182E-04,-6.866502E-05,-6.66667E-04
3.444722,-3.585834E-04,-3.280658E-04,-.001
3.445723,-4.425067E-04,-2.670307E-04,-6.66667E-04
3.446723,-3.204364E-04,-3.433246E-04,-.001
3.447724,0,-1.220712E-04,.002
3.448724,1.75477E-04,-3.967304E-04,6.66667E-04
3.449725,6.866502E-05,-4.27248E-04,6.66667E-04
3.450726,-1.602182E-04,-2.059946E-04,-6.66667E-04
3.451726,-1.678476E-04,-2.517719E-04,.001
3.452726,-5.340599E-05,2.28883E-05,-.002
3.453727,9.918259E-05,2.670307E-04,-6.66667E-04
3.454727,-6.866502E-05,9.15532E-05,.001
3.455728,-3.12807E-04,2.28883E-05,.002
3.456728,-3.89101E-04,9.918259E-05,-2.33333E-03
3.457729,-2.822895E-04,6.103562E-05,-6.66667E-04
3.458729,4.57766E-05,7.629441E-05,6.66667E-04
3.45973,2.746601E-04,3.051781E-05,-3.66667E-03
3.460731,1.983652E-04,2.975482E-04,-6.66667E-04
3.461731,2.594013E-04,5.340613E-04,-6.66667E-04
3.462731,3.051776E-04,1.525888E-04,-.002
3.463732,2.670307E-04,2.746601E-04,-3.66667E-03
3.464732,-1.3733E-04,2.822895E-04,.001
3.465733,-2.365122E-04,3.204364E-04,.001
3.466733,-2.059946E-04,2.365122E-04,6.66667E-04
3.467734,2.28883E-05,4.57766E-05,-6.66667E-04
3.468734,1.602182E-04,-2.28883E-05,-.001
3.469735,9.918259E-05,2.517719E-04,-6.66667E-04
3.470736,-2.746601E-04,1.75477E-04,-.001
3.471736,-5.340599E-05,1.06812E-04,-6.66667E-04
3.472736,-4.043598E-04,-1.525891E-05,-.002
3.473737,-8.621253E-04,-1.678476E-04,-.001
3.474737,-5.264319E-04,9.918259E-05,-.002
3.475738,-6.103553E-04,3.433246E-04,6.66667E-04
3.476738,-7.705726E-04,3.12807E-04,6.66667E-04
3.477739,-1.266487E-03,4.653949E-04,-6.66667E-04
3.478739,-1.823433E-03,5.264319E-04,-6.66667E-04
3.47974,-2.990738E-03,1.144414E-04,-6.66667E-04
3.480741,-4.333526E-03,-1.3733E-04,-.001
3.481741,-5.622894E-03,1.525891E-05,-6.66667E-04
3.482741,-7.217437E-03,1.525888E-04,-.001
3.483742,-9.391844E-03,1.3733E-04,-6.66667E-04
3.484742,-1.299292E-02,-1.06812E-04,6.66667E-04
3.485743,-1.623547E-02,-2.288828E-04,.002
3.486743,-.018448,-6.027259E-04,-.001
3.487744,-1.991284E-02,-8.621253E-04,-6.66667E-04
3.488744,-2.015698E-02,-5.416907E-04,.001
3.489745,-1.949322E-02,-4.27248E-04,.001
3.490746,-1.801312E-02,-5.340599E-05,6.66667E-04
3.491746,-1.522833E-02,9.918259E-05,-3.66667E-03
3.492746,-1.245123E-02,1.3733E-04,-.002
3.493747,-9.887755E-03,4.806537E-04,.001
3.494747,-7.583648E-03,4.348774E-04,6.66667E-04
3.495748,-5.622894E-03,4.88285E-04,-.002
3.496748,-4.341155E-03,5.035438E-04,-3.66667E-03
3.497749,-3.158584E-03,2.594013E-04,-.001
3.498749,-1.945503E-03,2.594013E-04,-6.66667E-04
3.49975,-1.113899E-03,1.75477E-04,-.001
3.500751,-5.722083E-04,-5.340599E-05,-.002
3.501751,-3.814716E-04,1.3733E-04,6.66667E-04
3.502751,-2.746601E-04,2.28883E-05,-.002
3.503752,-4.806537E-04,-2.212534E-04,.001
3.504752,-5.493201E-04,-4.577655E-04,-.001
3.505753,-2.212534E-04,-2.13624E-04,-.001
3.506753,2.059946E-04,2.28883E-05,.001
3.507754,2.441425E-04,4.57766E-05,6.66667E-04
3.508754,3.204364E-04,5.340599E-05,.001
3.509755,2.13624E-04,7.629453E-06,.001
3.510756,3.12807E-04,-1.831064E-04,-.002
3.511756,-3.051781E-05,-3.051776E-04,.001
3.512756,2.822895E-04,-5.264319E-04,-6.66667E-04
3.513757,4.348774E-04,-6.027259E-04,-.001
3.514757,1.831064E-04,-4.348774E-04,6.66667E-04
3.515758,1.06812E-04,-6.332435E-04,-.001
3.516758,8.392381E-05,-4.425067E-04,-.002
3.517759,-4.57766E-05,-3.89101E-04,-.002
3.518759,-6.866502E-05,-5.340599E-05,-.002
3.51976,1.144414E-04,-6.866502E-05,-6.66667E-04
3.520761,-2.212534E-04,-4.425067E-04,.002
3.521761,-5.188026E-04,-5.950965E-04,-.004
3.522761,-3.356952E-04,-5.722083E-04,-.001
3.523762,-3.50954E-04,-2.288828E-04,-6.66667E-04
3.524762,-4.425067E-04,-6.866502E-05,-6.66667E-04
3.525763,-3.814716E-04,-1.525888E-04,6.66667E-04
3.526763,-1.907358E-04,-9.918259E-05,.002
3.527764,4.57766E-05,-9.918259E-05,-.002
3.528764,1.297006E-04,2.212534E-04,-.001
3.529765,4.425067E-04,4.196186E-04,-.001
3.530766,6.561317E-04,1.75477E-04,6.66667E-04
3.531766,4.959144E-04,-2.517719E-04,2.33333E-03
3.532766,6.332435E-04,-3.814716E-04,-6.66667E-04
3.533767,4.501361E-04,-5.340599E-05,.002
3.534767,7.629441E-05,1.297006E-04,-.001
3.535768,-2.059946E-04,-1.983652E-04,6.66667E-04
3.536768,-3.356952E-04,-1.144414E-04,6.66667E-04
3.537769,-1.449594E-04,-3.051781E-05,-6.66667E-04
3.538769,-1.983652E-04,5.416907E-04,6.66667E-04
3.53977,-1.06812E-04,6.332435E-04,.001
3.540771,-2.517719E-04,5.188026E-04,-3.66667E-03
3.541771,-3.967304E-04,1.3733E-04,6.66667E-04
3.542771,-1.983652E-04,2.670307E-04,-.002
3.543772,0,4.196186E-04,-6.66667E-04
3.544772,0,2.975482E-04,-.002
3.545773,1.220712E-04,2.899189E-04,6.66667E-04
3.546773,5.340599E-05,3.356952E-04,-.001
3.547774,-4.425067E-04,3.204364E-04,-6.66667E-04
3.548774,-3.814716E-04,-9.918259E-05,-.001
3.549775,-2.670307E-04,-1.525891E-05,.001
3.550776,-1.983652E-04,-1.525891E-05,6.66667E-04
3.551776,-4.806537E-04,0,-.001
3.552776,-5.874671E-04,6.866502E-05,-6.66667E-04
3.553777,-2.059946E-04,7.629453E-06,.001
3.554777,-2.13624E-04,-3.204364E-04,6.66667E-04
3.555778,-5.340599E-05,-1.06812E-04,-.001
3.556778,-7.629441E-05,-4.57766E-05,.001
3.557779,0,1.220712E-04,-6.66667E-04
3.558779,1.907358E-04,-2.365122E-04,-.001
3.55978,-5.340599E-05,-3.662128E-04,.001
3.560781,-6.866502E-05,3.814721E-05,-2.33333E-03
3.561781,1.983652E-04,5.645789E-04,-.002
3.562781,1.525888E-04,5.493201E-04,-.001
3.563782,2.28883E-05,-7.629453E-06,-6.66667E-04
3.564783,-3.585834E-04,-3.280658E-04,-6.66667E-04
3.565783,-1.983652E-04,-2.594013E-04,6.66667E-04
3.566783,-5.340599E-05,-1.06812E-04,6.66667E-04
3.567784,2.059946E-04,-2.28883E-05,-5.33333E-03
3.568784,8.392381E-05,5.340599E-05,-.001
3.569785,3.051781E-05,-1.3733E-04,6.66667E-04
3.570786,-5.340599E-05,1.06812E-04,-.001
3.571786,-3.12807E-04,2.670307E-04,6.66667E-04
3.572786,-5.340599E-05,-9.918259E-05,-.001
3.573787,5.340599E-05,1.06812E-04,-2.33333E-03
3.574788,3.051781E-05,3.738422E-04,.002
3.575788,9.918259E-05,-6.103562E-05,-.001
3.576788,4.57766E-05,-2.212534E-04,6.66667E-04
3.577789,-5.340599E-05,-1.06812E-04,-6.66667E-04
3.578789,-1.678476E-04,-9.918259E-05,.001
3.57979,-1.983652E-04,-1.602182E-04,-.001
3.580791,7.629441E-05,7.629453E-06,-.002
3.581791,3.585834E-04,1.831064E-04,.001
3.582791,2.899189E-04,2.288828E-04,-6.66667E-04
3.583792,8.392381E-05,2.13624E-04,-.002
3.584793,1.678476E-04,1.297006E-04,-6.66667E-04
3.585793,5.340613E-04,4.57766E-05,-6.66667E-04
3.586793,3.662128E-04,-3.585834E-04,-6.66667E-04
3.587794,7.629453E-06,-4.730243E-04,-.002
3.588794,-1.144414E-04,-6.561317E-04,-.001
3.589795,-2.059946E-04,-7.40055E-04,-.002
3.590796,-2.059946E-04,-4.348774E-04,-.001
3.591796,-1.3733E-04,-3.051776E-04,.001
3.592796,9.15532E-05,-1.831064E-04,-3.66667E-03
3.593797,3.051781E-05,-1.525891E-05,-.001
3.594798,1.220712E-04,2.212534E-04,6.66667E-04
3.595798,7.629453E-06,-1.602182E-04,-.002
3.596798,1.602182E-04,-1.983652E-04,.001
3.597799,-3.051781E-05,1.983652E-04,-.001
3.598799,-1.678476E-04,4.425067E-04,-.001
3.5998,-5.340599E-05,3.50954E-04,-3.66667E-03
3.600801,1.3733E-04,2.365122E-04,-6.66667E-04
3.601801,1.06812E-04,5.188026E-04,-2.33333E-03
3.602801,1.525888E-04,2.288828E-04,.001
3.603802,0,1.983652E-04,-6.66667E-04
3.604803,2.28883E-05,3.204364E-04,-.002
3.605803,-6.866502E-05,5.340599E-05,-6.66667E-04
3.606803,2.975482E-04,0,-6.66667E-04
3.607804,4.425067E-04,2.059946E-04,.001
3.608804,4.196186E-04,1.220712E-04,-.002
3.609805,3.89101E-04,6.866502E-05,-.002
3.610806,2.899189E-04,0,-6.66667E-04
3.611806,1.525888E-04,-2.28883E-05,.001
3.612806,-6.866502E-05,-8.392381E-05,-.002
3.613807,3.50954E-04,-1.678476E-04,-6.66667E-04
3.614808,2.28883E-05,-1.983652E-04,-6.66667E-04
3.615808,-1.602182E-04,-1.220712E-04,-.002
3.616808,-1.297006E-04,-1.06812E-04,.001
3.617809,-3.280658E-04,-3.89101E-04,-6.66667E-04
3.618809,-1.983652E-04,-4.043598E-04,-6.66667E-04
3.61981,-1.220712E-04,-3.738422E-04,-6.66667E-04
3.620811,-7.629441E-05,0,.002
3.621811,1.678476E-04,2.059946E-04,6.66667E-04
3.622811,-9.918259E-05,2.441425E-04,-6.66667E-04
3.623812,-3.814721E-05,7.629441E-05,-.002
3.624813,2.822895E-04,9.15532E-05,.001
3.625813,4.653949E-04,-7.629441E-05,6.66667E-04
3.626813,4.501361E-04,-3.50954E-04,-.002
3.627814,7.01908E-04,4.57766E-05,-6.66667E-04
3.628814,4.88285E-04,1.525888E-04,-6.66667E-04
3.629815,3.12807E-04,1.678476E-04,-.001
3.630816,4.57766E-05,-1.602182E-04,-.002
3.631816,-3.204364E-04,-1.983652E-04,-6.66667E-04
3.632816,-1.06812E-04,-2.212534E-04,.001
3.633817,6.866502E-05,-1.449594E-04,-.001
3.634818,1.907358E-04,-2.670307E-04,6.66667E-04
3.635818,2.975482E-04,-4.119892E-04,.001
3.636818,6.485023E-04,-5.645789E-04,-2.33333E-03
3.637819,4.730243E-04,-7.171668E-04,6.66667E-04
3.638819,5.111732E-04,-4.88285E-04,.001
3.63982,5.188026E-04,-1.525888E-04,.001
3.640821,4.043598E-04,-2.13624E-04,-3.66667E-03
3.641821,-3.814721E-05,-6.713904E-04,-.001
3.642821,-3.814716E-04,-5.188026E-04,-.002
3.643822,-4.27248E-04,1.449594E-04,.001
3.644823,-3.12807E-04,4.57766E-05,-6.66667E-04
3.645823,3.814721E-05,-1.06812E-04,-.001
3.646823,2.059946E-04,-2.13624E-04,-.001
3.647824,1.06812E-04,-3.433246E-04,-2.33333E-03
3.648824,-1.678476E-04,-8.392381E-05,-6.66667E-04
3.649825,-1.297006E-04,1.907358E-04,-.001
3.650826,-7.629453E-06,6.332435E-04,-6.66667E-04
3.651826,-1.220712E-04,9.155311E-04,6.66667E-04
3.652826,-1.3733E-04,6.63761E-04,-.001
3.653827,-1.297006E-04,4.196186E-04,.001
3.654828,-2.441425E-04,9.15532E-05,6.66667E-04
3.655828,-9.918259E-05,-1.525891E-05,.002
3.656828,8.392381E-05,-1.06812E-04,-.001
3.657829,-1.602182E-04,9.15532E-05,2.33333E-03
3.658829,-7.629453E-06,9.15532E-05,-2.33333E-03
3.65983,1.983652E-04,2.594013E-04,.001
3.66083,1.220712E-04,-8.392381E-05,6.66667E-04
3.661831,-1.678476E-04,-2.670307E-04,.002
3.662831,3.051781E-05,1.75477E-04,-6.66667E-04
3.663832,9.918259E-05,3.738422E-04,-2.33333E-03
3.664833,3.662128E-04,4.959144E-04,.001
3.665833,5.264319E-04,4.501361E-04,6.66667E-04
3.666833,7.629453E-06,3.585834E-04,.002
3.667834,-2.059946E-04,4.959144E-04,6.66667E-04
3.668834,-2.746601E-04,1.297006E-04,-.001
3.669835,-1.75477E-04,-4.730243E-04,-.002
3.670835,9.918259E-05,-7.705726E-04,-6.66667E-04
3.671836,1.525888E-04,-2.212534E-04,6.66667E-04
3.672836,3.738422E-04,1.3733E-04,-2.33333E-03
3.673837,3.738422E-04,-8.392381E-05,-6.66667E-04
3.674838,5.111732E-04,-2.212534E-04,2.33333E-03
3.675838,5.188026E-04,1.449594E-04,-.001
3.676838,2.441425E-04,4.577655E-04,-.001
3.677839,3.280658E-04,2.746601E-04,-.002
3.678839,1.678476E-04,2.059946E-04,.001
3.67984,-5.340599E-05,-2.365122E-04,-6.66667E-04
3.68084,2.899189E-04,-3.051776E-04,-.001
3.681841,3.814716E-04,3.662128E-04,-6.66667E-04
3.682841,6.790198E-04,8.087195E-04,-.001
3.683842,2.288828E-04,8.087195E-04,-.001
3.684843,-9.918259E-05,3.662128E-04,-6.66667E-04
3.685843,2.441425E-04,2.288828E-04,-6.66667E-04
3.686843,5.493201E-04,5.111732E-04,-.001
3.687844,3.280658E-04,6.332435E-04,6.66667E-04
3.688844,6.485023E-04,6.103553E-04,-6.66667E-04
3.689845,6.179847E-04,5.035438E-04,-.002
3.690845,7.01908E-04,-4.57766E-05,-.001
3.691846,3.280658E-04,-2.517719E-04,-6.66667E-04
3.692847,-1.3733E-04,-5.035438E-04,6.66667E-04
3.693847,1.449594E-04,-6.408729E-04,.001
3.694848,-3.814721E-05,-1.983652E-04,6.66667E-04
3.695848,-2.594013E-04,-2.212534E-04,-6.66667E-04
3.696848,-3.738422E-04,-1.831064E-04,-.001
3.697849,-2.746601E-04,3.814721E-05,-6.66667E-04
3.698849,-4.501361E-04,5.340599E-05,.001
3.69985,-5.798377E-04,-1.06812E-04,6.66667E-04
3.70085,-6.027259E-04,-1.3733E-04,.001
3.701851,-7.858314E-04,3.814721E-05,-.002
3.702852,-7.78202E-04,1.144414E-04,-6.66667E-04
3.703852,-7.78202E-04,0,-.002
3.704853,-4.730243E-04,-3.738422E-04,-.001
3.705853,-3.967304E-04,2.059946E-04,-2.33333E-03
3.706853,-8.392381E-05,1.449594E-04,-.001
3.707854,-5.340599E-05,-5.340599E-05,-3.66667E-03
3.708854,6.866502E-05,-1.220712E-04,6.66667E-04
3.709855,1.3733E-04,-6.866502E-05,-.001
3.710855,-7.629453E-06,-1.907358E-04,.001
3.711856,-1.602182E-04,-2.822895E-04,-6.66667E-04
3.712857,-1.525891E-05,-2.365122E-04,-6.66667E-04
3.713857,1.525891E-05,-1.602182E-04,-.001
3.714858,8.392381E-05,-9.918259E-05,-.001
3.715858,-7.629453E-06,3.662128E-04,-6.66667E-04
3.716858,1.907358E-04,2.212534E-04,6.66667E-04
3.717859,3.738422E-04,-2.13624E-04,6.66667E-04
3.718859,2.746601E-04,-4.88285E-04,.001
3.71986,1.983652E-04,-3.662128E-04,-6.66667E-04
3.72086,1.220712E-04,-2.517719E-04,-.001
3.721861,2.441425E-04,-2.13624E-04,.002
3.722862,6.103562E-05,-1.525888E-04,6.66667E-04
3.723862,6.103562E-05,-1.983652E-04,-3.66667E-03
3.724863,-5.340599E-05,1.449594E-04,-.001
3.725863,2.28883E-05,1.525891E-05,-6.66667E-04
3.726863,-2.28883E-05,-3.051781E-05,-.001
3.727864,2.822895E-04,-1.525891E-05,-6.66667E-04
3.728864,7.858314E-04,6.866502E-05,6.66667E-04
3.729865,6.790198E-04,-6.866502E-05,-.001
3.730865,5.645789E-04,-4.57766E-05,-.004
3.731866,4.653949E-04,-2.746601E-04,.002
3.732867,1.525888E-04,-2.594013E-04,.001
3.733867,2.822895E-04,-2.212534E-04,-6.66667E-04
3.734868,3.12807E-04,-3.738422E-04,.001
3.735868,2.28883E-05,-4.27248E-04,.001
3.736868,0,1.983652E-04,-.001
3.737869,3.814721E-05,-1.831064E-04,6.66667E-04
3.73887,3.051781E-05,-1.525888E-04,-3.66667E-03
3.73987,-9.15532E-05,-1.3733E-04,-3.66667E-03
3.74087,-1.525888E-04,-5.340599E-05,-.001
3.741871,-2.13624E-04,-1.144414E-04,-.001
3.742872,-2.13624E-04,-4.501361E-04,-.001
3.743872,-9.15532E-05,-4.348774E-04,-6.66667E-04
3.744873,3.356952E-04,-3.814721E-05,-2.33333E-03
3.745873,2.822895E-04,1.525891E-05,-.001
3.746873,-1.602182E-04,-3.051781E-05,-.001
3.747874,-1.297006E-04,1.525891E-05,-.001
3.748875,-4.653949E-04,1.297006E-04,-.001
3.749875,-1.525888E-04,1.3733E-04,.001
3.750875,9.15532E-05,2.365122E-04,-2.33333E-03
3.751876,2.13624E-04,2.059946E-04,6.66667E-04
3.752877,2.822895E-04,8.392381E-05,.001
3.753877,1.983652E-04,6.866502E-05,-6.66667E-04
3.754878,3.662128E-04,-1.525888E-04,-.001
3.755878,3.738422E-04,-2.822895E-04,-6.66667E-04
3.756878,1.144414E-04,-4.425067E-04,6.66667E-04
3.757879,3.967304E-04,-3.433246E-04,-2.33333E-03
3.75888,6.332435E-04,-2.975482E-04,6.66667E-04
3.75988,3.738422E-04,-3.280658E-04,-.002
3.76088,1.220712E-04,-6.103562E-05,-6.66667E-04
3.761881,-1.525888E-04,1.525888E-04,-.002
3.762882,-3.738422E-04,2.365122E-04,-.002
3.763882,-3.12807E-04,-1.220712E-04,-6.66667E-04
3.764883,-3.12807E-04,-2.365122E-04,-.002
3.765883,-6.256141E-04,-3.204364E-04,6.66667E-04
3.766883,-6.027259E-04,1.831064E-04,6.66667E-04
3.767884,-4.959144E-04,2.975482E-04,-.002
3.768885,-3.585834E-04,2.059946E-04,-.001
3.769885,-7.629441E-05,2.059946E-04,.001
3.770885,0,-1.602182E-04,.001
3.771886,1.907358E-04,-1.678476E-04,-.002
3.772887,5.340613E-04,-2.670307E-04,-6.66667E-04
3.773887,4.88285E-04,-3.051776E-04,-.002
3.774888,4.348774E-04,-4.196186E-04,-.001
3.775888,3.204364E-04,-7.629453E-06,-3.66667E-03
3.776888,3.814721E-05,-8.392381E-05,-.002
3.777889,1.678476E-04,3.051781E-05,-6.66667E-04
3.77889,9.15532E-05,-1.06812E-04,-6.66667E-04
3.77989,2.594013E-04,-3.50954E-04,.002
3.78089,8.392381E-05,-9.918259E-05,-.002
3.781891,-1.220712E-04,-1.525891E-05,-.002
3.782892,-3.051781E-05,-1.297006E-04,-.004
3.783892,2.13624E-04,-3.280658E-04,-6.66667E-04
3.784893,2.822895E-04,-2.746601E-04,-6.66667E-04
3.785893,1.220712E-04,-2.517719E-04,.001
3.786893,0,1.525888E-04,.001
3.787894,1.06812E-04,4.425067E-04,-.001
3.788895,-1.06812E-04,6.256141E-04,-6.66667E-04
3.789895,1.144414E-04,8.239783E-04,-.002
3.790895,3.051781E-05,5.569495E-04,-6.66667E-04
3.791896,-3.89101E-04,3.12807E-04,-6.66667E-04
3.792897,-6.485023E-04,-4.57766E-05,-.001
3.793897,-5.340613E-04,-1.06812E-04,-.002
3.794898,-1.144414E-04,1.144414E-04,-.001
3.795898,-3.051781E-05,-1.144414E-04,6.66667E-04
3.796898,-4.57766E-05,-6.103562E-05,-6.66667E-04
3.797899,-9.15532E-05,1.907358E-04,-.002
3.7989,-2.212534E-04,2.441425E-04,6.66667E-04
3.7999,7.629453E-06,-7.629441E-05,6.66667E-04
3.8009,2.059946E-04,-1.602182E-04,-.001
3.801901,6.866502E-05,-3.204364E-04,-6.66667E-04
3.802902,-2.670307E-04,1.907358E-04,.001
3.803902,-4.57766E-05,1.983652E-04,-.002
3.804903,2.670307E-04,9.15532E-05,-.001
3.805903,1.297006E-04,1.297006E-04,-3.66667E-03
3.806903,3.814721E-05,9.918259E-05,6.66667E-04
3.807904,1.525891E-05,-7.629453E-06,-2.33333E-03
3.808905,1.983652E-04,-3.814721E-05,-.001
3.809905,1.907358E-04,2.28883E-05,6.66667E-04
3.810905,4.57766E-05,-6.866502E-05,-2.33333E-03
3.811906,-3.89101E-04,-2.670307E-04,6.66667E-04
3.812907,-1.06812E-04,-4.043598E-04,-6.66667E-04
3.813907,1.525888E-04,-3.051776E-04,-.004
3.814908,3.204364E-04,-1.3733E-04,.002
3.815908,2.365122E-04,-1.831064E-04,-.002
3.816908,2.975482E-04,-1.602182E-04,6.66667E-04
3.817909,8.392381E-05,-1.06812E-04,-6.66667E-04
3.81891,1.144414E-04,-2.13624E-04,-2.33333E-03
3.81991,1.3733E-04,-1.297006E-04,-.001
3.82091,3.89101E-04,2.13624E-04,-2.33333E-03
3.821911,2.822895E-04,1.983652E-04,6.66667E-04
3.822912,9.918259E-05,4.57766E-05,.002
3.823912,-4.57766E-05,9.918259E-05,-6.66667E-04
3.824913,1.525888E-04,3.204364E-04,-.001
3.825913,2.13624E-04,6.332435E-04,-.001
3.826913,0,3.12807E-04,-.001
3.827914,-1.06812E-04,-2.28883E-05,-6.66667E-04
3.828915,3.051781E-05,-2.28883E-05,-.001
3.829915,-2.28883E-05,4.57766E-05,-.002
3.830915,1.831064E-04,-3.814721E-05,-.002
3.831916,9.918259E-05,-7.629441E-05,6.66667E-04
3.832916,4.348774E-04,3.051776E-04,.001
3.833917,3.433246E-04,5.645789E-04,6.66667E-04
3.834918,2.517719E-04,3.433246E-04,-6.66667E-04
3.835918,4.730243E-04,2.594013E-04,-.001
3.836918,4.959144E-04,3.356952E-04,-6.66667E-04
3.837919,7.629441E-05,1.907358E-04,6.66667E-04
3.83892,-7.629453E-06,-5.340599E-05,-.002
3.83992,-4.57766E-05,-4.348774E-04,-.002
3.84092,1.06812E-04,-4.043598E-04,.001
3.841921,-1.678476E-04,-2.13624E-04,-6.66667E-04
3.842921,-1.75477E-04,-2.212534E-04,-6.66667E-04
3.843922,-1.678476E-04,-2.13624E-04,-.002
3.844923,-6.866502E-05,-2.670307E-04,6.66667E-04
3.845923,-1.3733E-04,-1.449594E-04,-6.66667E-04
3.846923,-3.356952E-04,-3.051776E-04,-6.66667E-04
3.847924,-5.798377E-04,-2.365122E-04,-.002
3.848925,-2.899189E-04,2.28883E-05,-6.66667E-04
3.849925,1.144414E-04,1.525891E-05,-6.66667E-04
3.850925,-1.06812E-04,7.629453E-06,-.002
3.851926,-4.348774E-04,0,-.002
3.852926,-1.3733E-04,-3.051781E-05,-.001
3.853927,5.340599E-05,-2.13624E-04,2.33333E-03
3.854928,3.051781E-05,2.059946E-04,-6.66667E-04
3.855928,-1.525891E-05,2.822895E-04,6.66667E-04
3.856929,9.15532E-05,6.866502E-05,.001
3.857929,2.28883E-05,2.670307E-04,-6.66667E-04
3.85893,9.15532E-05,5.035438E-04,-6.66667E-04
3.85993,2.441425E-04,1.525891E-05,-6.66667E-04
3.86093,9.918259E-05,-1.75477E-04,.001
3.861931,1.297006E-04,-4.043598E-04,6.66667E-04
3.862931,-2.670307E-04,-4.730243E-04,-6.66667E-04
3.863932,-3.433246E-04,-2.746601E-04,-.001
3.864933,-1.831064E-04,7.629453E-06,-.002
3.865933,-2.13624E-04,1.831064E-04,-6.66667E-04
3.866934,-1.525891E-05,2.059946E-04,-.002
3.867934,-5.340599E-05,1.75477E-04,6.66667E-04
3.868935,-4.57766E-05,1.678476E-04,-6.66667E-04
3.869935,-1.678476E-04,-2.212534E-04,-.001
3.870935,-3.662128E-04,-6.790198E-04,-6.66667E-04
3.871936,-2.13624E-04,-4.653949E-04,.001
3.872936,-9.918259E-05,-3.662128E-04,-6.66667E-04
3.873937,-1.06812E-04,-3.50954E-04,-.002
3.874938,3.051781E-05,-2.365122E-04,.001
3.875938,4.57766E-05,-9.918259E-05,.002
3.876939,-7.629441E-05,-1.06812E-04,.001
3.877939,-2.13624E-04,-2.594013E-04,6.66667E-04
3.87894,-3.204364E-04,-3.814721E-05,-.001
3.87994,-1.602182E-04,1.220712E-04,6.66667E-04
3.88094,-2.670307E-04,-1.220712E-04,6.66667E-04
3.881941,3.051781E-05,-4.730243E-04,-6.66667E-04
3.882941,-2.059946E-04,-4.425067E-04,-6.66667E-04
3.883942,-2.822895E-04,-3.814721E-05,-.002
3.884943,1.525888E-04,-3.051781E-05,6.66667E-04
3.885943,2.594013E-04,-1.602182E-04,.001
3.886944,-1.144414E-04,-1.525891E-05,-.001
3.887944,-2.288828E-04,9.918259E-05,6.66667E-04
3.888945,-1.907358E-04,-2.28883E-05,-6.66667E-04
3.889945,9.15532E-05,1.525891E-05,6.66667E-04
3.890945,-4.57766E-05,3.814721E-05,.001
3.891946,-2.899189E-04,-1.449594E-04,-.001
3.892946,-6.790198E-04,-4.806537E-04,-3.66667E-03
3.893947,-7.934608E-04,-4.501361E-04,-6.66667E-04
3.894948,-5.416907E-04,-3.50954E-04,6.66667E-04
3.895948,1.220712E-04,-1.525888E-04,-6.66667E-04
3.896949,3.662128E-04,5.340599E-05,6.66667E-04
3.897949,3.280658E-04,2.670307E-04,-3.66667E-03
3.89895,3.12807E-04,1.525888E-04,-.002
3.89995,4.425067E-04,-9.918259E-05,6.66667E-04
3.90095,3.89101E-04,-6.561317E-04,-6.66667E-04
3.901951,5.416907E-04,-4.88285E-04,-.001
3.902952,5.722083E-04,-1.06812E-04,-3.66667E-03
3.903952,2.517719E-04,-1.907358E-04,-6.66667E-04
3.904953,1.983652E-04,-4.57766E-05,-6.66667E-04
3.905953,2.899189E-04,-9.15532E-05,-3.66667E-03
3.906954,3.50954E-04,-1.297006E-04,-.001
3.907954,1.220712E-04,1.449594E-04,-.001
3.908955,3.662128E-04,5.340599E-05,-6.66667E-04
3.909955,3.662128E-04,-2.13624E-04,6.66667E-04
3.910955,0,-3.662128E-04,-6.66667E-04
3.911956,-3.280658E-04,-6.408729E-04,-.002
3.912957,-1.449594E-04,-2.288828E-04,-3.66667E-03
3.913957,1.831064E-04,-1.602182E-04,.001
3.914958,5.035438E-04,-1.907358E-04,.001
3.915958,3.89101E-04,-2.28883E-05,-6.66667E-04
3.916959,1.678476E-04,3.12807E-04,.001
3.917959,-5.340599E-05,4.043598E-04,-.002
3.91896,-1.907358E-04,4.730243E-04,-.002
3.91996,-4.27248E-04,3.89101E-04,6.66667E-04
3.92096,-3.585834E-04,2.975482E-04,.001
3.921961,2.822895E-04,1.220712E-04,.001
3.922962,3.12807E-04,9.918259E-05,.001
3.923962,4.57766E-05,6.103562E-05,-6.66667E-04
3.924963,-5.340599E-05,2.441425E-04,6.66667E-04
3.925963,1.144414E-04,2.975482E-04,.001
3.926964,4.653949E-04,4.959144E-04,-.001
3.927964,4.196186E-04,7.629453E-06,-.002
3.928965,2.13624E-04,-3.356952E-04,2.33333E-03
3.929965,3.738422E-04,-6.256141E-04,-.001
3.930965,3.356952E-04,-4.196186E-04,-.001
3.931966,4.57766E-05,-2.670307E-04,.001
3.932967,-1.907358E-04,-9.15532E-05,-6.66667E-04
3.933967,-1.907358E-04,-1.678476E-04,-.001
3.934968,-3.356952E-04,-1.449594E-04,-.001
3.935968,-2.670307E-04,2.517719E-04,-.001
3.936969,-3.585834E-04,3.662128E-04,6.66667E-04
3.937969,-1.602182E-04,2.365122E-04,6.66667E-04
3.93897,-2.13624E-04,-1.06812E-04,-6.66667E-04
3.93997,-1.831064E-04,-1.907358E-04,6.66667E-04
3.94097,-7.629441E-05,1.831064E-04,2.33333E-03
3.941971,3.433246E-04,4.88285E-04,.001
3.942972,2.746601E-04,4.88285E-04,6.66667E-04
3.943972,3.662128E-04,5.798377E-04,-.001
3.944973,1.525891E-05,8.163489E-04,-.001
3.945973,-2.670307E-04,5.340613E-04,-.001
3.946974,-5.264319E-04,2.441425E-04,-.002
3.947974,-3.356952E-04,2.441425E-04,-6.66667E-04
3.948975,9.918259E-05,-1.678476E-04,-6.66667E-04
3.949975,0,-1.297006E-04,-.004
3.950975,-1.983652E-04,-1.297006E-04,-.001
3.951976,-2.13624E-04,-1.297006E-04,-.001
3.952977,-2.13624E-04,6.103562E-05,-.002
3.953977,1.525891E-05,-4.57766E-05,-6.66667E-04
3.954978,-1.831064E-04,-1.831064E-04,-6.66667E-04
3.955978,-1.449594E-04,-2.13624E-04,-.001
3.956979,-1.220712E-04,-5.035438E-04,-6.66667E-04
3.957979,-3.204364E-04,-2.899189E-04,-.002
3.95898,-4.348774E-04,-1.449594E-04,6.66667E-04
3.95998,-3.051781E-05,3.814721E-05,-.001
3.96098,1.220712E-04,1.602182E-04,-6.66667E-04
3.961981,4.57766E-05,2.441425E-04,-.001
3.962982,3.280658E-04,4.196186E-04,-.002
3.963982,0,3.433246E-04,-.002
3.964983,-1.144414E-04,1.525888E-04,-.001
3.965983,-1.525888E-04,9.918259E-05,.001
3.966984,-2.13624E-04,2.28883E-05,-.002
3.967984,-3.204364E-04,-2.059946E-04,-.002
3.968985,-4.425067E-04,-2.670307E-04,6.66667E-04
3.969985,-2.13624E-04,-2.212534E-04,.002
3.970985,-7.629441E-05,-1.06812E-04,-6.66667E-04
3.971986,-3.204364E-04,-1.525891E-05,-6.66667E-04
3.972987,-4.196186E-04,0,.002
3.973987,-4.348774E-04,-1.983652E-04,-6.66667E-04
3.974988,-1.983652E-04,-1.220712E-04,-.001
3.975988,-3.50954E-04,-1.525891E-05,6.66667E-04
3.976989,-3.814716E-04,-9.15532E-05,6.66667E-04
3.977989,-3.433246E-04,-3.051781E-05,-6.66667E-04
3.97899,0,2.441425E-04,6.66667E-04
3.97999,-1.3733E-04,2.365122E-04,-.001
3.98099,-2.594013E-04,-2.822895E-04,6.66667E-04
3.981991,1.75477E-04,-7.934608E-04,-.001
3.982992,1.297006E-04,-7.476844E-04,-.002
3.983992,-1.144414E-04,-3.280658E-04,-.001
3.984993,-1.3733E-04,-1.06812E-04,-6.66667E-04
3.985993,-4.57766E-05,-2.212534E-04,-6.66667E-04
3.986994,-1.220712E-04,-1.678476E-04,.001
3.987994,-1.297006E-04,-4.57766E-05,-6.66667E-04
3.988995,0,-4.57766E-05,6.66667E-04
3.989995,-3.051776E-04,-4.27248E-04,-.001
3.990995,-4.88285E-04,-2.670307E-04,.001
3.991996,-5.416907E-04,-1.831064E-04,-6.66667E-04
3.992997,-4.806537E-04,-2.212534E-04,-6.66667E-04
3.993997,-1.983652E-04,3.814721E-05,6.66667E-04
3.994998,-2.746601E-04,1.3733E-04,-.001
3.995998,-2.517719E-04,0,-.002
3.996999,-4.501361E-04,9.918259E-05,-.002
3.997999,-2.517719E-04,5.340599E-05,-6.66667E-04
3.999,1.907358E-04,7.629441E-05,.002
4,1.220712E-04,-1.525891E-05,-6.66667E-04
