"c:\users\esrlabn1\desktop\bence\ir_spectroscopy\532nm_odmr\magnet_map_2_680nm\122.dat  ---  04-27-2026 22:27:05"
""
"cavityli 20 2 4 2000 1 0 0"
"                             ;                             ;seth_xesr_precise 186.9 1 0 -1.3062622309197653"
"setlockin 188.67 0.004 0 0.03 0.2"
4,2000
2,9.918259E-05,-4.196186E-04,-3.66667E-03
2.001,6.103562E-05,-1.678476E-04,.001
2.002001,6.866502E-05,1.144414E-04,.001
2.003001,0,2.822895E-04,6.66667E-04
2.004002,2.594013E-04,4.043598E-04,-.002
2.005002,1.220712E-04,1.297006E-04,-.001
2.006003,-5.340599E-05,5.264319E-04,-.001
2.007004,-2.517719E-04,7.324256E-04,-6.66667E-04
2.008004,-1.602182E-04,6.561317E-04,6.66667E-04
2.009005,1.907358E-04,6.485023E-04,-.001
2.010005,-8.392381E-05,4.959144E-04,-.002
2.011005,-1.75477E-04,6.179847E-04,6.66667E-04
2.012006,-9.15532E-05,6.713904E-04,6.66667E-04
2.013006,-2.13624E-04,2.594013E-04,.001
2.014007,-4.806537E-04,-3.738422E-04,-6.66667E-04
2.015007,-5.340599E-05,-3.204364E-04,6.66667E-04
2.016008,2.975482E-04,-2.517719E-04,6.66667E-04
2.017009,-4.57766E-05,-1.75477E-04,-6.66667E-04
2.018009,-6.103562E-05,7.629441E-05,-6.66667E-04
2.01901,-1.602182E-04,2.365122E-04,-.001
2.02001,-2.441425E-04,6.485023E-04,-.002
2.02101,-6.485023E-04,6.103553E-04,-.001
2.022011,-6.256141E-04,5.035438E-04,-3.66667E-03
2.023011,-2.288828E-04,5.416907E-04,-3.66667E-03
2.024012,1.525888E-04,5.188026E-04,-.002
2.025012,9.918259E-05,2.670307E-04,-.001
2.026013,-5.340599E-05,1.678476E-04,-.001
2.027014,-1.3733E-04,3.051781E-05,6.66667E-04
2.028014,-1.220712E-04,-7.629441E-05,.001
2.029015,3.051781E-05,1.525891E-05,6.66667E-04
2.030015,-1.525891E-05,2.594013E-04,.001
2.031015,2.059946E-04,-6.866502E-05,-.001
2.032016,2.746601E-04,-3.12807E-04,-.001
2.033016,-1.220712E-04,-1.06812E-04,2.33333E-03
2.034017,8.392381E-05,-4.57766E-05,-6.66667E-04
2.035017,2.670307E-04,1.525888E-04,-6.66667E-04
2.036018,1.602182E-04,-7.629441E-05,-.002
2.037019,2.670307E-04,-4.57766E-05,-.001
2.038019,3.967304E-04,-2.288828E-04,-.001
2.03902,3.50954E-04,-4.730243E-04,-.002
2.04002,2.441425E-04,-2.594013E-04,.001
2.04102,4.57766E-05,-3.051781E-05,-.002
2.042021,1.144414E-04,4.57766E-05,6.66667E-04
2.043021,1.75477E-04,1.06812E-04,-.001
2.044022,-2.670307E-04,-1.602182E-04,-6.66667E-04
2.045022,-2.13624E-04,-1.06812E-04,-.002
2.046023,-1.220712E-04,-1.983652E-04,6.66667E-04
2.047024,1.75477E-04,1.678476E-04,-.002
2.048024,4.577655E-04,5.416907E-04,-6.66667E-04
2.049025,3.280658E-04,7.01908E-04,-.002
2.050025,4.806537E-04,4.425067E-04,.001
2.051026,1.220712E-04,1.449594E-04,-6.66667E-04
2.052026,6.866502E-05,3.89101E-04,-.001
2.053026,1.983652E-04,1.449594E-04,-.001
2.054027,2.670307E-04,-2.059946E-04,6.66667E-04
2.055027,2.059946E-04,8.392381E-05,-.001
2.056028,-3.814721E-05,9.918259E-05,6.66667E-04
2.057029,9.15532E-05,0,6.66667E-04
2.058029,2.288828E-04,-5.340599E-05,.001
2.05903,-6.103562E-05,-3.051781E-05,-3.66667E-03
2.06003,-1.297006E-04,-1.75477E-04,-.001
2.061031,-4.27248E-04,-2.670307E-04,-.001
2.062031,3.051776E-04,-2.13624E-04,-6.66667E-04
2.063031,7.095374E-04,-3.12807E-04,-.001
2.064032,6.63761E-04,-9.15532E-05,-.002
2.065032,3.738422E-04,3.433246E-04,-5.33333E-03
2.066033,4.196186E-04,9.231605E-04,-3.66667E-03
2.067034,4.730243E-04,6.179847E-04,-6.66667E-04
2.068034,3.89101E-04,2.059946E-04,.001
2.069035,2.822895E-04,-2.13624E-04,.001
2.070035,7.629441E-05,-3.585834E-04,-.001
2.071036,-1.06812E-04,3.814721E-05,-.002
2.072036,-2.899189E-04,-1.3733E-04,-6.66667E-04
2.073036,-1.907358E-04,-4.57766E-05,2.33333E-03
2.074037,-1.525891E-05,1.220712E-04,-3.66667E-03
2.075037,2.365122E-04,5.340599E-05,-.001
2.076038,-6.866502E-05,3.814721E-05,-2.33333E-03
2.077039,-5.340599E-05,7.629453E-06,.002
2.078039,1.525888E-04,3.051781E-05,-6.66667E-04
2.07904,2.670307E-04,-2.28883E-05,.001
2.08004,3.12807E-04,-1.06812E-04,-6.66667E-04
2.081041,9.918259E-05,4.57766E-05,.002
2.082041,-3.814721E-05,3.051776E-04,6.66667E-04
2.083041,-5.340613E-04,6.027259E-04,-6.66667E-04
2.084042,-5.340613E-04,4.730243E-04,6.66667E-04
2.085042,-5.416907E-04,4.730243E-04,6.66667E-04
2.086043,-2.365122E-04,1.75477E-04,.002
2.087044,-8.392381E-05,-1.525891E-05,6.66667E-04
2.088044,-1.297006E-04,-5.340599E-05,-3.66667E-03
2.089045,-1.831064E-04,-2.28883E-05,-6.66667E-04
2.090045,-1.678476E-04,5.340599E-05,-.001
2.091046,-9.15532E-05,-2.212534E-04,-.002
2.092046,2.288828E-04,-1.144414E-04,-6.66667E-04
2.093046,5.493201E-04,-1.831064E-04,-.002
2.094047,6.561317E-04,-1.144414E-04,2.33333E-03
2.095047,3.051776E-04,1.525891E-05,.001
2.096048,1.983652E-04,2.594013E-04,-.001
2.097049,4.959144E-04,1.831064E-04,-.001
2.098049,3.967304E-04,4.730243E-04,-.002
2.09905,4.88285E-04,3.662128E-04,-.001
2.10005,5.569495E-04,1.06812E-04,-2.33333E-03
2.101051,1.75477E-04,-1.06812E-04,-6.66667E-04
2.102051,4.348774E-04,-5.569495E-04,-6.66667E-04
2.103051,6.561317E-04,-8.010902E-04,-6.66667E-04
2.104052,5.264319E-04,-3.89101E-04,6.66667E-04
2.105052,4.27248E-04,1.525888E-04,-6.66667E-04
2.106053,6.256141E-04,2.517719E-04,6.66667E-04
2.107054,5.798377E-04,1.678476E-04,-6.66667E-04
2.108054,9.155311E-04,1.297006E-04,-.001
2.109055,5.798377E-04,4.88285E-04,-6.66667E-04
2.110055,9.15532E-05,5.264319E-04,2.33333E-03
2.111056,-2.746601E-04,4.27248E-04,-6.66667E-04
2.112056,-5.264319E-04,6.103562E-05,.001
2.113056,-2.746601E-04,-3.814721E-05,-6.66667E-04
2.114057,-1.3733E-04,4.57766E-05,6.66667E-04
2.115057,7.629453E-06,1.220712E-04,-3.66667E-03
2.116058,-9.15532E-05,1.602182E-04,-.001
2.117059,4.57766E-05,7.629441E-05,-.001
2.118059,-2.670307E-04,-3.738422E-04,-6.66667E-04
2.11906,6.866502E-05,7.629453E-06,-.001
2.12006,2.746601E-04,2.13624E-04,.001
2.121061,4.653949E-04,1.983652E-04,-.001
2.122061,3.585834E-04,1.831064E-04,-.001
2.123062,-7.629441E-05,-2.975482E-04,-6.66667E-04
2.124062,-2.822895E-04,-6.408729E-04,-6.66667E-04
2.125062,-4.577655E-04,-3.356952E-04,-3.66667E-03
2.126063,-3.204364E-04,1.3733E-04,-6.66667E-04
2.127064,-2.441425E-04,1.06812E-04,-.001
2.128064,-1.831064E-04,1.907358E-04,-.001
2.129065,7.629441E-05,3.814721E-05,-6.66667E-04
2.130065,3.12807E-04,1.449594E-04,-6.66667E-04
2.131066,2.059946E-04,0,-6.66667E-04
2.132066,1.06812E-04,9.918259E-05,-6.66667E-04
2.133067,-6.103562E-05,2.212534E-04,-6.66667E-04
2.134067,-4.119892E-04,2.746601E-04,-.002
2.135067,-2.670307E-04,3.585834E-04,.001
2.136068,-1.3733E-04,9.918259E-05,6.66667E-04
2.137069,-1.602182E-04,-5.340599E-05,-.002
2.138069,-1.144414E-04,-1.144414E-04,6.66667E-04
2.13907,-4.577655E-04,2.365122E-04,-.002
2.14007,-2.975482E-04,5.188026E-04,-6.66667E-04
2.141071,-2.670307E-04,2.899189E-04,-6.66667E-04
2.142071,-3.356952E-04,1.831064E-04,.001
2.143072,-2.670307E-04,9.15532E-05,6.66667E-04
2.144072,-2.288828E-04,1.449594E-04,.002
2.145072,-9.918259E-05,-3.051781E-05,-6.66667E-04
2.146073,-1.907358E-04,-7.629441E-05,-3.66667E-03
2.147074,-2.975482E-04,-2.212534E-04,6.66667E-04
2.148074,-2.441425E-04,7.629453E-06,-.001
2.149075,-2.899189E-04,2.212534E-04,-6.66667E-04
2.150075,-4.653949E-04,-1.602182E-04,-6.66667E-04
2.151076,-4.119892E-04,-1.297006E-04,-6.66667E-04
2.152076,3.814721E-05,1.602182E-04,.001
2.153077,3.662128E-04,3.50954E-04,-.001
2.154077,5.264319E-04,3.051776E-04,-6.66667E-04
2.155077,1.75477E-04,4.196186E-04,-6.66667E-04
2.156078,-1.06812E-04,3.967304E-04,-6.66667E-04
2.157079,-3.585834E-04,-2.746601E-04,.002
2.158079,-5.874671E-04,-5.111732E-04,-.002
2.15908,-6.179847E-04,-2.899189E-04,-.002
2.16008,-7.476844E-04,-1.297006E-04,.001
2.161081,-4.88285E-04,-1.678476E-04,-.001
2.162081,-2.13624E-04,-2.365122E-04,.001
2.163082,7.629441E-05,-2.441425E-04,-3.66667E-03
2.164082,1.678476E-04,-1.06812E-04,-.001
2.165082,1.220712E-04,-2.288828E-04,6.66667E-04
2.166083,1.220712E-04,-2.441425E-04,6.66667E-04
2.167084,2.517719E-04,8.392381E-05,.001
2.168084,-1.3733E-04,-1.297006E-04,-6.66667E-04
2.169085,-1.3733E-04,-8.392381E-05,-.001
2.170085,1.144414E-04,8.392381E-05,-.001
2.171086,-5.340599E-05,-7.629453E-06,-.001
2.172086,-1.06812E-04,-4.57766E-05,6.66667E-04
2.173087,-3.967304E-04,-1.525888E-04,-.001
2.174087,-5.264319E-04,-5.340599E-05,-.001
2.175087,-3.051776E-04,1.602182E-04,6.66667E-04
2.176088,-3.204364E-04,-3.051781E-05,.001
2.177088,-1.75477E-04,-2.059946E-04,.002
2.178089,9.918259E-05,-3.051776E-04,-6.66667E-04
2.17909,-1.525891E-05,5.340599E-05,-6.66667E-04
2.18009,-1.525891E-05,2.288828E-04,-2.33333E-03
2.181091,-1.3733E-04,9.15532E-05,-6.66667E-04
2.182091,-2.670307E-04,9.918259E-05,-.002
2.183092,-1.297006E-04,-1.144414E-04,-6.66667E-04
2.184092,2.441425E-04,1.06812E-04,-6.66667E-04
2.185092,5.035438E-04,-1.220712E-04,-.001
2.186093,4.653949E-04,-6.027259E-04,.001
2.187093,2.517719E-04,-6.408729E-04,-6.66667E-04
2.188094,-1.449594E-04,-5.569495E-04,-6.66667E-04
2.189095,9.918259E-05,-4.806537E-04,6.66667E-04
2.190095,3.814721E-05,9.15532E-05,-6.66667E-04
2.191096,-3.967304E-04,-8.392381E-05,-6.66667E-04
2.192096,-5.340599E-05,-4.425067E-04,-6.66667E-04
2.193097,2.28883E-05,-2.670307E-04,-.001
2.194097,6.866502E-05,4.57766E-05,-6.66667E-04
2.195097,3.204364E-04,3.585834E-04,6.66667E-04
2.196098,3.738422E-04,3.50954E-04,-6.66667E-04
2.197098,6.179847E-04,2.594013E-04,-.002
2.198099,6.63761E-04,4.57766E-05,.001
2.1991,6.103553E-04,-5.188026E-04,-.001
2.2001,3.12807E-04,-5.493201E-04,-6.66667E-04
2.201101,4.348774E-04,-3.967304E-04,-6.66667E-04
2.202101,5.798377E-04,-2.746601E-04,-6.66667E-04
2.203102,3.50954E-04,-2.822895E-04,-.001
2.204102,5.340599E-05,-1.297006E-04,-6.66667E-04
2.205102,5.340599E-05,0,-.001
2.206103,-1.297006E-04,2.059946E-04,-6.66667E-04
2.207103,-2.899189E-04,-9.15532E-05,.001
2.208104,-7.629453E-06,-3.280658E-04,-2.33333E-03
2.209105,2.28883E-05,-3.204364E-04,-.001
2.210105,-1.602182E-04,-2.899189E-04,-.001
2.211106,-2.517719E-04,1.297006E-04,-2.33333E-03
2.212106,-3.051776E-04,5.493201E-04,-.002
2.213107,-3.356952E-04,9.918259E-05,.001
2.214107,-2.746601E-04,-1.602182E-04,-.001
2.215107,-3.585834E-04,-2.746601E-04,-.001
2.216108,-4.577655E-04,-1.602182E-04,-.001
2.217108,9.918259E-05,-9.918259E-05,-6.66667E-04
2.218109,1.525888E-04,-9.15532E-05,6.66667E-04
2.21911,3.280658E-04,-2.517719E-04,-3.66667E-03
2.22011,4.88285E-04,-4.730243E-04,-6.66667E-04
2.221111,1.525888E-04,-3.204364E-04,-6.66667E-04
2.222111,-1.678476E-04,-2.517719E-04,-.001
2.223112,-4.196186E-04,-2.517719E-04,-6.66667E-04
2.224112,-4.27248E-04,-1.144414E-04,-.002
2.225112,-9.15532E-05,-2.670307E-04,-.001
2.226113,1.525891E-05,-9.918259E-05,.001
2.227113,6.866502E-05,2.594013E-04,-6.66667E-04
2.228114,-1.831064E-04,1.831064E-04,-6.66667E-04
2.229115,-1.602182E-04,2.517719E-04,-.001
2.230115,-1.525888E-04,2.059946E-04,-3.66667E-03
2.231116,1.983652E-04,3.662128E-04,-.002
2.232116,4.27248E-04,1.525888E-04,.001
2.233117,4.653949E-04,1.449594E-04,-.002
2.234117,2.13624E-04,1.678476E-04,6.66667E-04
2.235118,3.204364E-04,4.57766E-05,.001
2.236118,4.88285E-04,-2.670307E-04,.001
2.237118,4.119892E-04,-2.899189E-04,-.001
2.238119,4.88285E-04,-2.13624E-04,3.66667E-03
2.23912,1.983652E-04,-1.602182E-04,2.33333E-03
2.24012,-1.297006E-04,-2.13624E-04,6.66667E-04
2.241121,-9.918259E-05,-1.907358E-04,-6.66667E-04
2.242121,1.220712E-04,4.57766E-05,.001
2.243122,3.280658E-04,1.525891E-05,6.66667E-04
2.244122,1.3733E-04,-2.212534E-04,-6.66667E-04
2.245123,-2.822895E-04,-3.814721E-05,-.001
2.246123,-4.653949E-04,3.89101E-04,.001
2.247123,-5.264319E-04,5.416907E-04,-3.66667E-03
2.248124,-2.899189E-04,6.561317E-04,-6.66667E-04
2.249125,-2.28883E-05,7.476844E-04,-6.66667E-04
2.250125,4.57766E-05,4.196186E-04,6.66667E-04
2.251126,3.12807E-04,3.50954E-04,.001
2.252126,2.822895E-04,3.738422E-04,6.66667E-04
2.253127,-8.392381E-05,4.425067E-04,-.001
2.254127,-1.525888E-04,3.814716E-04,-.002
2.255128,-2.822895E-04,3.662128E-04,-6.66667E-04
2.256128,4.57766E-05,3.585834E-04,-.001
2.257128,-1.831064E-04,2.975482E-04,-.002
2.258129,7.629441E-05,-5.340599E-05,.001
2.25913,0,-1.297006E-04,-6.66667E-04
2.26013,-2.441425E-04,1.297006E-04,2.33333E-03
2.261131,3.356952E-04,3.12807E-04,-6.66667E-04
2.262131,7.629453E-06,5.035438E-04,-.002
2.263132,-1.297006E-04,3.662128E-04,.001
2.264132,6.866502E-05,8.392381E-05,-6.66667E-04
2.265133,-9.15532E-05,7.629441E-05,-2.33333E-03
2.266133,-6.103562E-05,2.517719E-04,-.004
2.267133,-3.814721E-05,2.746601E-04,-2.33333E-03
2.268134,-1.831064E-04,2.746601E-04,2.33333E-03
2.269135,-2.746601E-04,1.525888E-04,-.001
2.270135,-1.525891E-05,1.525888E-04,6.66667E-04
2.271136,1.678476E-04,2.28883E-05,2.33333E-03
2.272136,1.06812E-04,-4.57766E-05,-6.66667E-04
2.273137,-2.13624E-04,-4.959144E-04,6.66667E-04
2.274137,-5.340599E-05,-1.3733E-04,-.001
2.275138,-6.866502E-05,1.3733E-04,-.002
2.276138,-1.602182E-04,1.525888E-04,-.002
2.277139,-6.103562E-05,-3.280658E-04,-.002
2.278139,1.525891E-05,-4.119892E-04,6.66667E-04
2.27914,1.297006E-04,-5.340599E-05,-2.33333E-03
2.28014,-1.144414E-04,-6.866502E-05,-.002
2.281141,-2.365122E-04,-4.043598E-04,-.004
2.282141,-2.13624E-04,-2.212534E-04,-.001
2.283142,-2.670307E-04,-1.220712E-04,.001
2.284142,-6.103562E-05,-2.441425E-04,-6.66667E-04
2.285143,6.103562E-05,-5.340599E-05,-6.66667E-04
2.286143,-1.678476E-04,9.918259E-05,-6.66667E-04
2.287144,-5.645789E-04,-7.629453E-06,-6.66667E-04
2.288144,-4.348774E-04,-2.13624E-04,-.001
2.289145,1.525891E-05,-2.517719E-04,.001
2.290145,1.297006E-04,-6.866502E-05,-.002
2.291146,1.144414E-04,-2.670307E-04,.001
2.292146,7.629453E-06,-4.043598E-04,-.002
2.293147,2.517719E-04,-4.730243E-04,.001
2.294147,3.662128E-04,-2.899189E-04,-.001
2.295148,6.103562E-05,-3.204364E-04,-2.33333E-03
2.296148,1.3733E-04,-2.822895E-04,-.001
2.297149,1.220712E-04,-1.983652E-04,-.002
2.298149,-9.15532E-05,-5.340599E-05,-6.66667E-04
2.29915,-3.051781E-05,2.822895E-04,-6.66667E-04
2.30015,1.525888E-04,4.501361E-04,.001
2.301151,-7.629453E-06,3.051781E-05,-.002
2.302151,3.12807E-04,-4.57766E-05,.001
2.303152,4.88285E-04,-8.392381E-05,-.001
2.304152,4.806537E-04,-3.356952E-04,6.66667E-04
2.305153,6.027259E-04,-4.730243E-04,6.66667E-04
2.306153,9.15532E-05,-9.15532E-05,.001
2.307154,-1.525888E-04,-2.288828E-04,.001
2.308154,3.814721E-05,-1.06812E-04,.001
2.309155,-4.119892E-04,1.525888E-04,-6.66667E-04
2.310155,-4.959144E-04,-1.144414E-04,-6.66667E-04
2.311156,-5.340613E-04,-9.918259E-05,-6.66667E-04
2.312156,-2.594013E-04,1.678476E-04,6.66667E-04
2.313157,-2.13624E-04,-2.28883E-05,6.66667E-04
2.314157,-1.297006E-04,-2.288828E-04,-.001
2.315158,-3.50954E-04,-3.585834E-04,-.002
2.316158,-8.163489E-04,-2.13624E-04,-.002
2.317159,-6.866492E-04,0,-6.66667E-04
2.318159,-4.501361E-04,-1.220712E-04,-2.33333E-03
2.31916,-4.959144E-04,2.059946E-04,6.66667E-04
2.32016,-6.103553E-04,1.06812E-04,-3.66667E-03
2.321161,-4.348774E-04,-3.051776E-04,-6.66667E-04
2.322161,-6.790198E-04,1.220712E-04,-6.66667E-04
2.323162,-6.485023E-04,1.525888E-04,-.001
2.324162,-2.670307E-04,3.662128E-04,6.66667E-04
2.325163,-2.441425E-04,4.043598E-04,-.002
2.326163,-4.27248E-04,3.12807E-04,-.001
2.327164,-1.831064E-04,6.485023E-04,-.001
2.328164,-3.433246E-04,2.441425E-04,-.001
2.329165,-2.746601E-04,4.730243E-04,-.002
2.330165,-7.629453E-06,3.967304E-04,.001
2.331166,-1.75477E-04,3.433246E-04,-2.33333E-03
2.332166,-7.01908E-04,9.15532E-05,-6.66667E-04
2.333167,-7.171668E-04,1.06812E-04,-.001
2.334167,-3.280658E-04,9.15532E-05,-.002
2.335168,-3.433246E-04,-7.629441E-05,-.002
2.336168,-1.983652E-04,-2.13624E-04,6.66667E-04
2.337169,-1.06812E-04,-3.89101E-04,-6.66667E-04
2.338169,-3.051781E-05,-3.280658E-04,-6.66667E-04
2.33917,-3.051781E-05,-6.866502E-05,-6.66667E-04
2.34017,-1.525891E-05,-1.220712E-04,.001
2.341171,-1.144414E-04,-1.297006E-04,-6.66667E-04
2.342171,-4.043598E-04,-4.57766E-05,-.002
2.343172,-9.841993E-04,-1.220712E-04,.001
2.344172,-7.40055E-04,-1.602182E-04,-6.66667E-04
2.345173,6.866502E-05,-5.874671E-04,6.66667E-04
2.346173,4.730243E-04,-7.705726E-04,-6.66667E-04
2.347174,3.967304E-04,-6.408729E-04,.001
2.348174,3.89101E-04,-8.239783E-04,-.001
2.349174,3.433246E-04,-4.043598E-04,.001
2.350175,5.035438E-04,-3.50954E-04,-.002
2.351176,7.095374E-04,-1.06812E-04,-.002
2.352176,9.002723E-04,1.907358E-04,.001
2.353177,5.188026E-04,3.50954E-04,-6.66667E-04
2.354177,1.525888E-04,2.594013E-04,6.66667E-04
2.355178,-1.678476E-04,3.051776E-04,-.001
2.356178,-2.441425E-04,2.746601E-04,-.001
2.357179,-2.059946E-04,3.50954E-04,.002
2.358179,-3.814721E-05,4.88285E-04,-3.66667E-03
2.359179,-1.297006E-04,3.814716E-04,-.001
2.36018,-2.899189E-04,1.525888E-04,.002
2.361181,-6.866502E-05,-2.670307E-04,-.002
2.362181,1.602182E-04,-9.918259E-05,.001
2.363182,4.57766E-05,1.75477E-04,-.002
2.364182,-2.059946E-04,3.662128E-04,-6.66667E-04
2.365183,-1.602182E-04,2.594013E-04,-.002
2.366183,-1.602182E-04,-3.051781E-05,.001
2.367184,-5.340613E-04,0,-.001
2.368184,-7.629432E-04,3.204364E-04,-6.66667E-04
2.369184,-1.396187E-03,1.983652E-04,6.66667E-04
2.370185,-2.166763E-03,7.629453E-06,.001
2.371186,-3.303543E-03,2.441425E-04,-6.66667E-04
2.372186,-4.600555E-03,2.594013E-04,-.001
2.373187,-6.17221E-03,5.569495E-04,-6.66667E-04
2.374187,-7.820189E-03,5.111732E-04,-6.66667E-04
2.375188,-9.742796E-03,4.730243E-04,-.002
2.376188,-1.300818E-02,3.50954E-04,-6.66667E-04
2.377189,-1.727307E-02,-9.918259E-05,6.66667E-04
2.378189,-2.104199E-02,-5.569495E-04,-6.66667E-04
2.379189,-2.396405E-02,-5.874671E-04,6.66667E-04
2.38019,-.0258714,-8.087195E-04,-.001
2.381191,-2.641308E-02,-8.468665E-04,.001
2.382191,-2.630627E-02,-3.12807E-04,-.002
2.383192,-2.459729E-02,-5.340599E-05,-6.66667E-04
2.384192,-2.142346E-02,3.814721E-05,6.66667E-04
2.385193,-.0178529,1.678476E-04,-.001
2.386193,-1.432043E-02,3.280658E-04,-6.66667E-04
2.387194,-1.093298E-02,2.441425E-04,6.66667E-04
2.388194,-7.705718E-03,-2.899189E-04,-6.66667E-04
2.389194,-5.569488E-03,-9.918259E-05,-.002
2.390195,-4.249603E-03,-9.918259E-05,-6.66667E-04
2.391196,-3.189102E-03,-2.28883E-05,-3.66667E-03
2.392196,-2.647415E-03,9.918259E-05,6.66667E-04
2.393197,-1.960769E-03,9.15532E-05,-3.66667E-03
2.394197,-7.858314E-04,1.525888E-04,2.33333E-03
2.395198,-6.561317E-04,8.392381E-05,-.001
2.396198,-5.645789E-04,1.525888E-04,-.001
2.397199,-4.730243E-04,2.594013E-04,-6.66667E-04
2.398199,-7.629432E-04,1.06812E-04,-.001
2.399199,-5.111732E-04,5.264319E-04,-.001
2.4002,-4.27248E-04,4.730243E-04,6.66667E-04
2.401201,-3.12807E-04,4.730243E-04,-3.66667E-03
2.402201,-2.899189E-04,5.264319E-04,-.001
2.403202,-2.13624E-04,4.653949E-04,-.001
2.404202,-1.678476E-04,-7.629453E-06,-.002
2.405203,-2.13624E-04,-1.220712E-04,-6.66667E-04
2.406203,-9.15532E-05,-2.975482E-04,6.66667E-04
2.407204,-9.15532E-05,-2.975482E-04,6.66667E-04
2.408204,1.449594E-04,-1.297006E-04,-.001
2.409204,-6.866502E-05,-2.975482E-04,-6.66667E-04
2.410205,-8.392381E-05,-1.3733E-04,6.66667E-04
2.411206,-5.188026E-04,6.103562E-05,-2.33333E-03
2.412206,-5.645789E-04,-2.28883E-05,-.002
2.413207,-5.416907E-04,-1.144414E-04,-2.33333E-03
2.414207,-7.171668E-04,9.15532E-05,6.66667E-04
2.415208,-6.103553E-04,-3.051781E-05,-.002
2.416208,-3.89101E-04,-6.103562E-05,-6.66667E-04
2.417209,-5.340599E-05,6.103562E-05,-6.66667E-04
2.418209,-3.12807E-04,-2.288828E-04,.001
2.41921,-5.798377E-04,-2.212534E-04,-6.66667E-04
2.42021,-8.544959E-04,-1.220712E-04,-.002
2.421211,-7.705726E-04,-2.28883E-05,-.001
2.422211,-4.119892E-04,-1.907358E-04,6.66667E-04
2.423212,-3.433246E-04,-2.746601E-04,-6.66667E-04
2.424212,-2.746601E-04,-4.27248E-04,-6.66667E-04
2.425213,-8.392381E-05,-3.204364E-04,-.001
2.426213,1.297006E-04,-1.831064E-04,-2.33333E-03
2.427214,-9.15532E-05,7.629441E-05,-.002
2.428214,-1.602182E-04,6.103553E-04,-.001
2.429215,1.602182E-04,4.043598E-04,.001
2.430215,1.449594E-04,3.356952E-04,-.001
2.431216,6.103562E-05,0,-.001
2.432216,-4.425067E-04,-1.220712E-04,-6.66667E-04
2.433217,-2.441425E-04,-1.06812E-04,-.001
2.434217,-3.051781E-05,-8.392381E-05,-6.66667E-04
2.435218,-2.517719E-04,-3.356952E-04,-.001
2.436218,-7.40055E-04,-3.738422E-04,-3.66667E-03
2.437219,-9.002723E-04,-4.806537E-04,6.66667E-04
2.438219,-5.493201E-04,-4.806537E-04,-6.66667E-04
2.43922,-1.525891E-05,-2.059946E-04,-6.66667E-04
2.44022,-1.06812E-04,2.28883E-05,6.66667E-04
2.441221,-1.983652E-04,9.15532E-05,-.002
2.442221,-1.75477E-04,3.12807E-04,-6.66667E-04
2.443222,-1.602182E-04,3.662128E-04,-.002
2.444222,1.3733E-04,6.866502E-05,.002
2.445223,-1.06812E-04,4.57766E-05,-6.66667E-04
2.446223,-3.814721E-05,3.051776E-04,2.33333E-03
2.447224,4.57766E-05,7.629453E-06,-6.66667E-04
2.448224,9.918259E-05,7.629453E-06,.001
2.449225,4.57766E-05,1.678476E-04,-.001
2.450225,-3.738422E-04,2.212534E-04,6.66667E-04
2.451226,-6.561317E-04,4.57766E-05,-.002
2.452226,-5.264319E-04,2.059946E-04,-6.66667E-04
2.453227,-2.975482E-04,4.425067E-04,6.66667E-04
2.454227,0,3.12807E-04,-.001
2.455228,-8.392381E-05,-1.907358E-04,6.66667E-04
2.456228,-9.918259E-05,-6.256141E-04,-.001
2.457229,-1.75477E-04,-2.822895E-04,-6.66667E-04
2.458229,-6.103562E-05,-2.13624E-04,6.66667E-04
2.45923,9.918259E-05,-3.280658E-04,-6.66667E-04
2.46023,-1.602182E-04,-2.365122E-04,-6.66667E-04
2.461231,1.449594E-04,-2.822895E-04,-.001
2.462231,3.051776E-04,-2.975482E-04,-.001
2.463232,3.204364E-04,-1.907358E-04,-.001
2.464232,3.585834E-04,1.602182E-04,-6.66667E-04
2.465233,7.629441E-05,3.89101E-04,-6.66667E-04
2.466233,-3.051781E-05,2.059946E-04,-.001
2.467234,6.103562E-05,-2.212534E-04,.001
2.468234,1.525888E-04,-2.212534E-04,-.001
2.469235,-1.144414E-04,-1.602182E-04,-6.66667E-04
2.470235,-1.06812E-04,1.525891E-05,-2.33333E-03
2.471236,6.103562E-05,-3.814721E-05,6.66667E-04
2.472236,-1.06812E-04,-3.204364E-04,-.001
2.473237,-3.051781E-05,-2.441425E-04,-.002
2.474237,-1.602182E-04,-3.12807E-04,6.66667E-04
2.475238,-3.662128E-04,-5.340599E-05,-6.66667E-04
2.476238,-3.051781E-05,1.907358E-04,-.001
2.477239,1.449594E-04,2.13624E-04,-6.66667E-04
2.478239,-1.907358E-04,-7.629453E-06,-6.66667E-04
2.47924,-2.822895E-04,5.340599E-05,-.002
2.48024,7.629441E-05,-2.746601E-04,-6.66667E-04
2.481241,1.449594E-04,-6.027259E-04,-6.66667E-04
2.482241,-5.340599E-05,-2.975482E-04,6.66667E-04
2.483242,-1.907358E-04,-2.670307E-04,-.002
2.484242,-2.288828E-04,-2.517719E-04,-.001
2.485243,-4.043598E-04,-6.866502E-05,6.66667E-04
2.486243,-1.144414E-04,-3.814721E-05,-3.66667E-03
2.487244,4.57766E-05,7.629441E-05,-.002
2.488244,2.746601E-04,4.043598E-04,-.002
2.489245,6.103562E-05,2.212534E-04,.001
2.490245,2.28883E-05,1.525888E-04,-.002
2.491246,-2.212534E-04,-9.918259E-05,6.66667E-04
2.492246,1.525891E-05,-2.365122E-04,-6.66667E-04
2.493247,-2.365122E-04,-3.051776E-04,6.66667E-04
2.494247,-2.13624E-04,1.144414E-04,-.001
2.495248,-4.806537E-04,-1.525891E-05,-6.66667E-04
2.496248,-1.678476E-04,3.814721E-05,-.002
2.497249,2.059946E-04,2.28883E-05,-.001
2.498249,7.629441E-05,5.340599E-05,-6.66667E-04
2.49925,4.57766E-05,9.15532E-05,-6.66667E-04
2.50025,6.866502E-05,0,-.002
2.501251,-1.602182E-04,-9.15532E-05,-6.66667E-04
2.502251,-2.059946E-04,1.75477E-04,6.66667E-04
2.503252,-1.831064E-04,9.918259E-05,-6.66667E-04
2.504252,1.602182E-04,4.57766E-05,.001
2.505253,1.602182E-04,2.441425E-04,-6.66667E-04
2.506253,2.594013E-04,-1.525888E-04,6.66667E-04
2.507254,1.678476E-04,-1.525891E-05,-6.66667E-04
2.508254,1.525888E-04,5.340599E-05,-.001
2.509255,3.814721E-05,9.918259E-05,6.66667E-04
2.510255,-2.212534E-04,-1.297006E-04,-2.33333E-03
2.511256,3.738422E-04,-1.06812E-04,-.002
2.512256,5.188026E-04,9.918259E-05,-6.66667E-04
2.513257,1.3733E-04,7.629453E-06,6.66667E-04
2.514257,-9.918259E-05,3.662128E-04,-.002
2.515258,1.220712E-04,4.348774E-04,-6.66667E-04
2.516258,4.196186E-04,1.525891E-05,-6.66667E-04
2.517259,1.602182E-04,1.831064E-04,-.001
2.518259,1.907358E-04,-4.57766E-05,-6.66667E-04
2.51926,1.3733E-04,-1.449594E-04,-.002
2.52026,1.525888E-04,-1.907358E-04,-.002
2.521261,3.356952E-04,-7.629453E-06,-.002
2.522261,4.577655E-04,2.975482E-04,.001
2.523262,3.967304E-04,1.3733E-04,-.001
2.524262,3.051776E-04,2.28883E-05,6.66667E-04
2.525263,1.75477E-04,2.441425E-04,.001
2.526263,-9.15532E-05,9.918259E-05,-6.66667E-04
2.527264,-4.57766E-05,2.28883E-05,-6.66667E-04
2.528264,6.103562E-05,-2.212534E-04,-.001
2.529265,-2.288828E-04,-1.602182E-04,-6.66667E-04
2.530265,-3.585834E-04,-2.13624E-04,-.001
2.531266,-2.975482E-04,0,.001
2.532266,8.392381E-05,3.738422E-04,-.001
2.533267,2.746601E-04,7.095374E-04,-6.66667E-04
2.534267,2.746601E-04,5.645789E-04,-6.66667E-04
2.535268,3.12807E-04,9.15532E-05,-6.66667E-04
2.536268,3.814716E-04,-3.662128E-04,.002
2.537269,3.662128E-04,-2.975482E-04,-6.66667E-04
2.538269,9.918259E-05,-1.678476E-04,-6.66667E-04
2.53927,-3.814716E-04,6.103562E-05,-.002
2.54027,-3.967304E-04,1.06812E-04,-.001
2.541271,-3.204364E-04,3.280658E-04,-6.66667E-04
2.542271,-3.280658E-04,2.594013E-04,-6.66667E-04
2.543272,1.983652E-04,3.051776E-04,-.001
2.544272,4.57766E-05,8.392381E-05,-6.66667E-04
2.545273,9.918259E-05,1.06812E-04,-2.33333E-03
2.546273,1.983652E-04,1.06812E-04,-.002
2.547274,-1.602182E-04,-1.06812E-04,-.001
2.548274,-5.874671E-04,-1.75477E-04,-.002
2.549275,-5.264319E-04,7.629453E-06,.001
2.550275,-1.983652E-04,1.06812E-04,6.66667E-04
2.551276,-2.13624E-04,-8.392381E-05,2.33333E-03
2.552276,2.517719E-04,-1.220712E-04,.001
2.553277,3.204364E-04,0,6.66667E-04
2.554277,1.144414E-04,0,-.001
2.555278,1.3733E-04,-1.983652E-04,.001
2.556278,7.629453E-06,-4.425067E-04,.002
2.557279,-1.525891E-05,-1.3733E-04,-6.66667E-04
2.558279,-2.441425E-04,1.297006E-04,-2.33333E-03
2.55928,-3.738422E-04,3.662128E-04,.001
2.56028,-2.594013E-04,3.662128E-04,2.33333E-03
2.561281,0,1.525891E-05,-.002
2.562281,-2.059946E-04,-5.722083E-04,6.66667E-04
2.563282,-3.12807E-04,-5.874671E-04,-.001
2.564282,-5.493201E-04,-6.790198E-04,-6.66667E-04
2.565283,-3.051776E-04,-2.975482E-04,-6.66667E-04
2.566283,-1.220712E-04,-1.06812E-04,.001
2.567284,-2.975482E-04,-6.103553E-04,-6.66667E-04
2.568284,-3.89101E-04,-9.53678E-04,-6.66667E-04
2.569285,6.866502E-05,-8.163489E-04,-.001
2.570285,1.525888E-04,-6.103553E-04,-.002
2.571286,1.220712E-04,-4.425067E-04,-3.66667E-03
2.572286,1.602182E-04,-4.196186E-04,-.001
2.573287,-1.525891E-05,-1.3733E-04,-6.66667E-04
2.574287,-5.340599E-05,-3.814721E-05,-6.66667E-04
2.575288,-3.051776E-04,1.75477E-04,6.66667E-04
2.576288,-2.670307E-04,3.280658E-04,-6.66667E-04
2.577289,7.629441E-05,-6.103562E-05,-6.66667E-04
2.578289,1.06812E-04,-2.670307E-04,-.001
2.57929,-1.06812E-04,-1.602182E-04,-6.66667E-04
2.58029,-5.188026E-04,2.212534E-04,.001
2.581291,-8.468665E-04,-1.525891E-05,-.001
2.582291,-6.408729E-04,7.629453E-06,-6.66667E-04
2.583292,-4.88285E-04,3.280658E-04,-.001
2.584292,-4.27248E-04,6.103553E-04,-6.66667E-04
2.585293,6.866502E-05,5.188026E-04,.001
2.586293,2.746601E-04,3.051776E-04,-6.66667E-04
2.587294,6.866502E-05,-1.449594E-04,-6.66667E-04
2.588294,1.06812E-04,-5.340613E-04,6.66667E-04
2.589295,2.517719E-04,-3.12807E-04,-2.33333E-03
2.590295,1.525888E-04,-2.059946E-04,.002
2.591296,-1.06812E-04,-3.280658E-04,-.001
2.592296,6.103562E-05,-2.13624E-04,-.002
2.593297,-7.629453E-06,-3.585834E-04,-.001
2.594297,1.525888E-04,-4.653949E-04,-6.66667E-04
2.595298,3.585834E-04,-7.629453E-06,6.66667E-04
2.596298,5.798377E-04,3.356952E-04,2.33333E-03
2.597299,3.814716E-04,1.907358E-04,.001
2.598299,1.06812E-04,1.525891E-05,-.001
2.5993,1.06812E-04,2.441425E-04,.002
2.6003,4.501361E-04,2.594013E-04,-.001
2.601301,5.493201E-04,3.89101E-04,6.66667E-04
2.602301,6.332435E-04,5.569495E-04,.001
2.603302,4.348774E-04,5.493201E-04,-.001
2.604302,1.3733E-04,4.959144E-04,6.66667E-04
2.605303,-3.051781E-05,2.594013E-04,-.004
2.606303,-3.433246E-04,6.103562E-05,.001
2.607304,-3.662128E-04,-2.288828E-04,-.001
2.608304,-3.814716E-04,-1.907358E-04,-.002
2.609305,-4.196186E-04,-1.449594E-04,-6.66667E-04
2.610305,-2.059946E-04,-5.340599E-05,6.66667E-04
2.611306,-1.75477E-04,-6.103562E-05,-.001
2.612306,-7.934608E-04,-4.57766E-05,.001
2.613307,-6.942786E-04,2.059946E-04,-2.33333E-03
2.614307,-2.517719E-04,4.501361E-04,.001
2.615308,1.983652E-04,7.629441E-05,-2.33333E-03
2.616308,2.822895E-04,-2.212534E-04,.001
2.617309,1.983652E-04,-3.814721E-05,-.001
2.618309,2.212534E-04,-1.220712E-04,-.002
2.61931,5.340599E-05,1.06812E-04,.001
2.62031,-2.746601E-04,1.297006E-04,6.66667E-04
2.621311,-2.899189E-04,4.425067E-04,.001
2.622311,-3.50954E-04,3.662128E-04,-2.33333E-03
2.623312,-4.577655E-04,3.89101E-04,6.66667E-04
2.624312,-5.340599E-05,3.280658E-04,.002
2.625313,2.594013E-04,2.059946E-04,-6.66667E-04
2.626313,9.918259E-05,9.918259E-05,-.001
2.627314,8.392381E-05,-2.670307E-04,-6.66667E-04
2.628314,4.501361E-04,-1.75477E-04,6.66667E-04
2.629315,3.204364E-04,3.814721E-05,-.002
2.630315,1.297006E-04,2.594013E-04,-.002
2.631316,-6.866502E-05,5.111732E-04,-6.66667E-04
2.632316,5.340599E-05,-6.866502E-05,6.66667E-04
2.633317,3.814721E-05,-5.416907E-04,-.001
2.634317,7.629453E-06,-1.75477E-04,-.002
2.635318,-1.06812E-04,1.144414E-04,6.66667E-04
2.636318,-9.918259E-05,1.525888E-04,-.002
2.637319,-4.57766E-05,1.75477E-04,-.001
2.638319,1.220712E-04,1.525888E-04,-6.66667E-04
2.63932,4.196186E-04,0,2.33333E-03
2.64032,6.256141E-04,-1.525891E-05,-6.66667E-04
2.641321,1.602182E-04,-1.525891E-05,-.001
2.642321,-3.204364E-04,1.220712E-04,-2.33333E-03
2.643322,-3.12807E-04,6.103562E-05,-6.66667E-04
2.644322,-1.06812E-04,-7.629453E-06,6.66667E-04
2.645323,4.348774E-04,-6.866502E-05,-6.66667E-04
2.646323,5.188026E-04,-6.866502E-05,.001
2.647324,3.50954E-04,1.525891E-05,-.002
2.648324,2.517719E-04,2.594013E-04,-6.66667E-04
2.649325,7.629441E-05,2.441425E-04,-6.66667E-04
2.650325,3.051781E-05,4.57766E-05,-.001
2.651326,-1.602182E-04,-7.629453E-06,-.001
2.652326,-1.449594E-04,3.280658E-04,.001
2.653327,-3.204364E-04,1.3733E-04,-3.66667E-03
2.654327,-2.059946E-04,-2.288828E-04,-6.66667E-04
2.655328,9.918259E-05,-4.196186E-04,-6.66667E-04
2.656328,-5.340599E-05,-1.678476E-04,-2.33333E-03
2.657329,-4.119892E-04,3.12807E-04,-3.66667E-03
2.658329,-3.204364E-04,2.212534E-04,6.66667E-04
2.65933,-4.119892E-04,9.15532E-05,6.66667E-04
2.66033,-5.340613E-04,-7.629453E-06,.001
2.661331,-3.662128E-04,8.392381E-05,-6.66667E-04
2.662331,-2.28883E-05,-1.144414E-04,6.66667E-04
2.663332,-1.75477E-04,9.918259E-05,-6.66667E-04
2.664332,-4.043598E-04,5.416907E-04,-.002
2.665333,-2.517719E-04,4.196186E-04,6.66667E-04
2.666333,-4.653949E-04,4.577655E-04,6.66667E-04
2.667334,-1.678476E-04,2.594013E-04,6.66667E-04
2.668334,-7.629453E-06,4.425067E-04,-.002
2.669335,2.441425E-04,5.569495E-04,6.66667E-04
2.670335,-1.06812E-04,4.577655E-04,-6.66667E-04
2.671336,-6.866492E-04,-2.28883E-05,-.001
2.672336,-8.621253E-04,3.280658E-04,6.66667E-04
2.673337,-1.983652E-04,-5.340599E-05,-.002
2.674337,8.392381E-05,7.629441E-05,-6.66667E-04
2.675338,2.28883E-05,9.15532E-05,6.66667E-04
2.676338,-6.332435E-04,-2.594013E-04,.001
2.677339,-9.155311E-04,-1.144414E-04,-6.66667E-04
2.678339,-1.029976E-03,-5.340599E-05,-.001
2.67934,-1.022346E-03,-1.525891E-05,-.002
2.68034,-1.266487E-03,-5.340599E-05,-.001
2.681341,-1.48011E-03,-1.06812E-04,-.001
2.682341,-1.922615E-03,-2.212534E-04,-6.66667E-04
2.683342,-2.212539E-03,-2.28883E-05,6.66667E-04
2.684342,-3.074661E-03,7.629453E-06,-6.66667E-04
2.685343,-3.990203E-03,-2.28883E-05,-2.33333E-03
2.686343,-4.974395E-03,-8.392381E-05,-6.66667E-04
2.687344,-5.973846E-03,-1.678476E-04,6.66667E-04
2.688344,-6.767303E-03,-2.441425E-04,.002
2.689345,-7.171661E-03,-1.983652E-04,6.66667E-04
2.690345,-7.217437E-03,-4.88285E-04,-.001
2.691346,-7.041961E-03,-6.103553E-04,6.66667E-04
2.692346,-6.828338E-03,-5.569495E-04,2.33333E-03
2.693347,-6.507903E-03,-1.75477E-04,6.66667E-04
2.694347,-5.401641E-03,-3.12807E-04,-.002
2.695348,-4.768401E-03,-7.629441E-05,3.66667E-03
2.696348,-3.913909E-03,1.831064E-04,6.66667E-04
2.697349,-3.044143E-03,1.602182E-04,-6.66667E-04
2.698349,-1.922615E-03,0,-.001
2.69935,-9.918287E-04,-1.983652E-04,6.66667E-04
2.70035,-5.111732E-04,1.06812E-04,-.001
2.701351,-4.27248E-04,1.144414E-04,-.002
2.702351,-6.179847E-04,-2.365122E-04,-6.66667E-04
2.703352,-8.544959E-04,-1.678476E-04,2.33333E-03
2.704352,-6.408729E-04,7.629453E-06,.001
2.705353,-4.88285E-04,-2.746601E-04,-6.66667E-04
2.706353,-7.934608E-04,-3.204364E-04,-.001
2.707354,-5.722083E-04,-1.75477E-04,-6.66667E-04
2.708354,-1.678476E-04,1.602182E-04,-.002
2.709355,-2.212534E-04,1.449594E-04,-.001
2.710355,-3.814721E-05,-1.144414E-04,-.001
2.711356,-9.15532E-05,-2.822895E-04,-6.66667E-04
2.712356,2.13624E-04,-2.13624E-04,2.33333E-03
2.713357,-1.449594E-04,4.57766E-05,6.66667E-04
2.714357,-2.517719E-04,-1.449594E-04,-6.66667E-04
2.715358,-2.594013E-04,-2.594013E-04,-.001
2.716358,-3.967304E-04,-3.738422E-04,-3.66667E-03
2.717359,-3.204364E-04,-3.204364E-04,-.002
2.718359,1.525888E-04,-1.144414E-04,-.002
2.71936,0,3.50954E-04,.001
2.72036,-2.441425E-04,3.967304E-04,6.66667E-04
2.721361,-2.822895E-04,1.3733E-04,-2.33333E-03
2.722361,-2.822895E-04,-2.28883E-05,6.66667E-04
2.723362,-3.356952E-04,2.594013E-04,.001
2.724362,-4.348774E-04,3.12807E-04,6.66667E-04
2.725363,-4.806537E-04,1.602182E-04,.002
2.726363,-2.594013E-04,-2.517719E-04,.001
2.727364,-8.392381E-05,-1.525891E-05,.001
2.728364,-1.678476E-04,2.441425E-04,-2.33333E-03
2.729365,-1.602182E-04,3.814721E-05,.002
2.730365,0,2.822895E-04,.001
2.731366,-1.983652E-04,2.441425E-04,.001
2.732366,-3.585834E-04,-1.06812E-04,-6.66667E-04
2.733367,-3.662128E-04,-2.365122E-04,-.002
2.734367,-7.171668E-04,-1.3733E-04,-.002
2.735368,-6.256141E-04,-1.602182E-04,-.002
2.736368,-5.645789E-04,-2.28883E-05,-6.66667E-04
2.737369,-3.967304E-04,6.866502E-05,6.66667E-04
2.738369,-1.678476E-04,4.959144E-04,-6.66667E-04
2.73937,-1.525891E-05,8.087195E-04,-.002
2.74037,-2.746601E-04,5.493201E-04,-.001
2.741371,-3.662128E-04,2.594013E-04,-6.66667E-04
2.742371,-4.196186E-04,4.577655E-04,6.66667E-04
2.743372,9.918259E-05,3.585834E-04,-6.66667E-04
2.744372,-2.212534E-04,1.831064E-04,-6.66667E-04
2.745373,-1.449594E-04,3.356952E-04,-6.66667E-04
2.746373,-2.288828E-04,3.051776E-04,-6.66667E-04
2.747374,-1.907358E-04,2.441425E-04,6.66667E-04
2.748374,-3.051781E-05,9.15532E-05,-.002
2.749375,2.13624E-04,6.103562E-05,-6.66667E-04
2.750375,2.594013E-04,-1.602182E-04,6.66667E-04
2.751376,4.959144E-04,-1.602182E-04,-6.66667E-04
2.752376,3.051776E-04,-4.348774E-04,-2.33333E-03
2.753377,1.3733E-04,-3.662128E-04,-.001
2.754377,2.365122E-04,-1.75477E-04,-.001
2.755378,4.88285E-04,7.629453E-06,-6.66667E-04
2.756378,4.348774E-04,-1.525888E-04,.001
2.757379,2.288828E-04,-1.907358E-04,-.001
2.758379,4.57766E-05,-3.204364E-04,-.002
2.75938,-2.975482E-04,-3.814716E-04,-.001
2.76038,-3.12807E-04,-4.730243E-04,-.001
2.761381,2.594013E-04,-2.517719E-04,.001
2.762381,5.035438E-04,-1.678476E-04,-6.66667E-04
2.763382,1.220712E-04,-9.918259E-05,6.66667E-04
2.764382,1.525888E-04,4.57766E-05,-.001
2.765383,2.594013E-04,6.103562E-05,6.66667E-04
2.766383,3.051781E-05,1.3733E-04,-6.66667E-04
2.767384,-1.449594E-04,8.392381E-05,-.001
2.768384,-2.441425E-04,-2.212534E-04,-.002
2.769385,-2.670307E-04,-6.866502E-05,.001
2.770385,6.866502E-05,-5.340599E-05,.001
2.771386,1.907358E-04,-2.517719E-04,-.002
2.772386,3.12807E-04,-4.27248E-04,-.001
2.773387,2.746601E-04,-2.212534E-04,3.66667E-03
2.774387,6.866502E-05,-3.814721E-05,6.66667E-04
2.775388,-9.918259E-05,-1.602182E-04,-.001
2.776388,-1.831064E-04,1.75477E-04,-.002
2.777389,-9.918259E-05,7.629441E-05,-.002
2.778389,-4.119892E-04,-1.449594E-04,-.001
2.77939,-1.602182E-04,-9.15532E-05,6.66667E-04
2.78039,-5.340613E-04,-1.678476E-04,-.001
2.781391,-5.264319E-04,-1.449594E-04,.001
2.782391,-4.501361E-04,-2.899189E-04,-.001
2.783392,-4.119892E-04,-1.602182E-04,-2.33333E-03
2.784392,-3.204364E-04,-1.678476E-04,-.002
2.785393,-1.297006E-04,-7.629441E-05,6.66667E-04
2.786393,-5.798377E-04,2.28883E-05,-.001
2.787394,-7.934608E-04,1.525888E-04,-.002
2.788394,-5.264319E-04,6.103562E-05,-.002
2.789395,-4.27248E-04,-3.051781E-05,6.66667E-04
2.790395,-7.629441E-05,-1.3733E-04,-6.66667E-04
2.791396,1.525888E-04,-1.602182E-04,-6.66667E-04
2.792396,3.12807E-04,-1.220712E-04,-.001
2.793397,4.88285E-04,-1.907358E-04,-2.33333E-03
2.794397,6.256141E-04,8.392381E-05,6.66667E-04
2.795398,3.585834E-04,2.670307E-04,.001
2.796398,2.059946E-04,6.103562E-05,6.66667E-04
2.797399,-3.12807E-04,-2.594013E-04,6.66667E-04
2.798399,-4.196186E-04,-1.3733E-04,-.001
2.7994,-2.975482E-04,2.28883E-05,6.66667E-04
2.8004,-4.425067E-04,-1.449594E-04,.001
2.801401,-4.959144E-04,-2.288828E-04,-.001
2.802401,-4.730243E-04,1.297006E-04,6.66667E-04
2.803402,-4.806537E-04,-5.340599E-05,6.66667E-04
2.804402,-9.689368E-04,-9.15532E-05,.001
2.805403,-1.152046E-03,-9.15532E-05,-.002
2.806403,-1.525886E-03,2.746601E-04,-.002
2.807404,-2.07521E-03,2.13624E-04,-3.66667E-03
2.808404,-2.471939E-03,9.918259E-05,-.002
2.809405,-2.800003E-03,6.866502E-05,6.66667E-04
2.810405,-3.387466E-03,2.13624E-04,-.001
2.811406,-3.868118E-03,1.831064E-04,.001
2.812406,-4.226714E-03,0,-6.66667E-04
2.813407,-5.126983E-03,-1.525888E-04,-.001
2.814407,-5.661041E-03,7.629453E-06,.001
2.815408,-5.66867E-03,-2.670307E-04,-.002
2.816408,-5.783111E-03,-3.204364E-04,-.001
2.817409,-5.638152E-03,-6.332435E-04,-3.66667E-03
2.818409,-5.363494E-03,-8.010902E-04,-3.66667E-03
2.81941,-4.676849E-03,-5.340613E-04,-.002
2.82041,-4.264861E-03,-3.204364E-04,-.001
2.821411,-3.90628E-03,4.57766E-05,-.002
2.822411,-3.494278E-03,5.035438E-04,6.66667E-04
2.823412,-2.800003E-03,6.332435E-04,-.001
2.824412,-2.349868E-03,5.722083E-04,-.002
2.825413,-1.800545E-03,4.577655E-04,6.66667E-04
2.826413,-1.121528E-03,3.204364E-04,6.66667E-04
2.827414,-8.010902E-04,1.831064E-04,.001
2.828414,-6.713904E-04,-1.678476E-04,-2.33333E-03
2.829415,-3.356952E-04,-1.220712E-04,-6.66667E-04
2.830415,-2.975482E-04,-2.13624E-04,-.002
2.831416,-3.433246E-04,-6.866502E-05,.001
2.832416,-2.13624E-04,-3.051776E-04,-.002
2.833417,-3.204364E-04,-1.602182E-04,-.001
2.834417,-1.75477E-04,-1.06812E-04,-6.66667E-04
2.835418,-2.288828E-04,2.059946E-04,-6.66667E-04
2.836418,-3.433246E-04,2.899189E-04,2.33333E-03
2.837419,-5.645789E-04,1.907358E-04,-.002
2.838419,-4.959144E-04,1.06812E-04,-2.33333E-03
2.83942,-5.340613E-04,-9.918259E-05,-6.66667E-04
2.84042,-4.806537E-04,-1.602182E-04,-.002
2.841421,-4.348774E-04,-2.441425E-04,.001
2.842421,-2.822895E-04,-3.051781E-05,.002
2.843422,-6.103562E-05,1.678476E-04,.001
2.844422,2.059946E-04,0,-6.66667E-04
2.845423,-5.340599E-05,-9.918259E-05,-6.66667E-04
2.846423,-2.441425E-04,-1.602182E-04,5.33333E-03
2.847424,0,1.525888E-04,-6.66667E-04
2.848424,-3.051781E-05,1.297006E-04,-.002
2.849425,-3.967304E-04,-1.75477E-04,-.001
2.850425,-4.806537E-04,-2.13624E-04,-.002
2.851426,-2.288828E-04,-1.06812E-04,.002
2.852426,-2.746601E-04,9.918259E-05,-6.66667E-04
2.853427,-3.89101E-04,2.670307E-04,-.001
2.854427,-4.806537E-04,2.441425E-04,6.66667E-04
2.855428,-3.89101E-04,4.196186E-04,6.66667E-04
2.856428,-2.13624E-04,5.035438E-04,-6.66667E-04
2.857429,-1.75477E-04,4.57766E-05,6.66667E-04
2.858429,-1.3733E-04,-3.204364E-04,6.66667E-04
2.85943,-3.204364E-04,-1.983652E-04,-.001
2.86043,-3.204364E-04,-6.866502E-05,-.002
2.861431,-4.348774E-04,2.746601E-04,-.002
2.862431,-5.035438E-04,-1.678476E-04,-.002
2.863432,-6.866492E-04,-1.06812E-04,6.66667E-04
2.864432,-3.89101E-04,2.212534E-04,-.002
2.865433,-5.035438E-04,0,-.002
2.866433,-6.63761E-04,-1.06812E-04,-.001
2.867434,-5.798377E-04,7.629441E-05,-6.66667E-04
2.868434,-6.485023E-04,2.365122E-04,.001
2.869435,-5.645789E-04,2.28883E-05,-6.66667E-04
2.870435,-5.340613E-04,-6.866502E-05,-.002
2.871436,-5.416907E-04,0,.001
2.872436,-6.713904E-04,4.57766E-05,.001
2.873437,-7.705726E-04,4.57766E-05,6.66667E-04
2.874437,-6.866492E-04,-3.89101E-04,-6.66667E-04
2.875438,-8.087195E-04,-4.119892E-04,.001
2.876438,-3.204364E-04,-6.866492E-04,-.001
2.877439,-1.525891E-05,-5.722083E-04,-6.66667E-04
2.878439,3.662128E-04,-1.983652E-04,6.66667E-04
2.87944,9.15532E-05,-1.220712E-04,-6.66667E-04
2.88044,3.814721E-05,2.288828E-04,-.002
2.881441,-1.144414E-04,2.594013E-04,-3.66667E-03
2.882441,-5.340599E-05,-9.918259E-05,-6.66667E-04
2.883442,-3.051776E-04,3.12807E-04,-.001
2.884442,-2.899189E-04,3.662128E-04,2.33333E-03
2.885443,-1.06812E-04,1.3733E-04,.002
2.886443,1.144414E-04,-5.340599E-05,.001
2.887444,-1.220712E-04,-1.06812E-04,6.66667E-04
2.888444,5.340599E-05,-6.866502E-05,6.66667E-04
2.889445,3.356952E-04,6.866502E-05,-.001
2.890445,3.280658E-04,1.220712E-04,-6.66667E-04
2.891446,6.103562E-05,1.75477E-04,-.001
2.892446,2.288828E-04,3.356952E-04,-6.66667E-04
2.893447,6.103553E-04,1.525888E-04,-.002
2.894447,6.027259E-04,-2.059946E-04,-6.66667E-04
2.895448,5.111732E-04,-5.340599E-05,-.002
2.896448,0,5.340599E-05,-.001
2.897449,-2.517719E-04,1.75477E-04,-.001
2.898449,-4.57766E-05,1.525888E-04,-.002
2.89945,9.918259E-05,1.06812E-04,.001
2.90045,-1.602182E-04,-1.525891E-05,-.001
2.901451,-5.950965E-04,2.441425E-04,.001
2.902451,-6.179847E-04,4.425067E-04,-.001
2.903452,-2.13624E-04,4.501361E-04,-3.66667E-03
2.904452,1.525891E-05,3.662128E-04,-3.66667E-03
2.905453,-2.670307E-04,2.059946E-04,-3.66667E-03
2.906453,-4.959144E-04,2.365122E-04,6.66667E-04
2.907454,-1.678476E-04,1.602182E-04,-6.66667E-04
2.908454,-6.103562E-05,6.866502E-05,-.002
2.909455,-1.831064E-04,2.059946E-04,-6.66667E-04
2.910455,-3.89101E-04,1.602182E-04,-6.66667E-04
2.911456,-1.75477E-04,5.798377E-04,.001
2.912456,-2.670307E-04,1.602182E-04,-6.66667E-04
2.913457,-4.27248E-04,-2.28883E-05,-6.66667E-04
2.914457,-4.959144E-04,-2.975482E-04,-6.66667E-04
2.915458,-3.967304E-04,-2.670307E-04,6.66667E-04
2.916458,-2.517719E-04,-1.449594E-04,.001
2.917459,-3.280658E-04,2.517719E-04,.002
2.918459,-3.814716E-04,2.670307E-04,-.001
2.91946,-1.449594E-04,3.814716E-04,-.001
2.92046,-1.525888E-04,2.28883E-05,-6.66667E-04
2.921461,3.051781E-05,-2.365122E-04,.001
2.922461,-3.204364E-04,-2.288828E-04,6.66667E-04
2.923462,-2.517719E-04,-1.525891E-05,-6.66667E-04
2.924462,-6.713904E-04,3.356952E-04,.002
2.925463,-8.163489E-04,3.662128E-04,-.001
2.926463,-7.858314E-04,5.264319E-04,.001
2.927464,-9.307899E-04,5.569495E-04,-6.66667E-04
2.928464,-6.408729E-04,4.501361E-04,.001
2.929465,-4.730243E-04,1.144414E-04,-2.33333E-03
2.930465,-6.332435E-04,4.57766E-05,-3.66667E-03
2.931466,-1.449592E-03,-1.297006E-04,-6.66667E-04
2.932466,-1.892097E-03,-6.866502E-05,-6.66667E-04
2.933467,-1.922615E-03,8.392381E-05,.001
2.934467,-2.151504E-03,-7.629441E-05,2.33333E-03
2.935468,-2.609268E-03,-1.75477E-04,6.66667E-04
2.936468,-3.570572E-03,-2.13624E-04,6.66667E-04
2.937469,-4.600555E-03,-4.88285E-04,-6.66667E-04
2.938469,-6.42398E-03,-5.798377E-04,-6.66667E-04
2.93947,-8.491576E-03,-7.247962E-04,-.001
2.94047,-1.103216E-02,-4.730243E-04,6.66667E-04
2.941471,-1.352698E-02,-4.806537E-04,-.002
2.942471,-1.615155E-02,-9.079017E-04,-.001
2.943472,-.0192796,-1.586922E-03,-6.66667E-04
2.944472,-.0227586,-2.136245E-03,-.002
2.945473,-2.624524E-02,-2.563491E-03,-.002
2.946473,-2.837384E-02,-2.800003E-03,-.002
2.947474,-2.883923E-02,-2.723709E-03,6.66667E-04
2.948474,-2.757275E-02,-2.632156E-03,.002
2.949475,-2.510083E-02,-2.342239E-03,6.66667E-04
2.950475,-.0223161,-1.701362E-03,-.002
2.951476,-1.909649E-02,-1.144417E-03,-6.66667E-04
2.952476,-1.588452E-02,-1.068123E-03,-3.66667E-03
2.953477,-1.271063E-02,-1.007088E-03,6.66667E-04
2.954477,-9.674132E-03,-7.171668E-04,.001
2.955478,-7.286102E-03,-2.28883E-05,-.002
2.956478,-.0052872,1.297006E-04,-.001
2.957479,-3.791824E-03,-6.103562E-05,-.002
2.958479,-2.784744E-03,-6.866502E-05,-.001
2.95948,-2.174392E-03,3.051781E-05,6.66667E-04
2.96048,-1.800545E-03,0,6.66667E-04
2.961481,-1.548775E-03,-1.602182E-04,-.001
2.962481,-1.136787E-03,3.051781E-05,.001
2.963482,-6.63761E-04,-3.051781E-05,-.001
2.964482,-2.212534E-04,1.907358E-04,-.002
2.965483,-2.670307E-04,9.918259E-05,.002
2.966483,-3.280658E-04,8.392381E-05,6.66667E-04
2.967484,-5.111732E-04,1.525891E-05,-.001
2.968484,-4.119892E-04,3.433246E-04,-6.66667E-04
2.969485,-7.858314E-04,3.89101E-04,-.002
2.970485,-5.950965E-04,5.416907E-04,-6.66667E-04
2.971486,-3.89101E-04,6.332435E-04,-6.66667E-04
2.972486,-4.348774E-04,6.179847E-04,-.001
2.973487,-4.653949E-04,4.730243E-04,-.002
2.974487,-1.983652E-04,0,6.66667E-04
2.975488,-4.577655E-04,-3.738422E-04,.001
2.976488,-2.670307E-04,-1.3733E-04,-.002
2.977489,-7.40055E-04,2.288828E-04,-6.66667E-04
2.978489,-7.247962E-04,2.746601E-04,.002
2.97949,-6.866492E-04,1.525891E-05,2.33333E-03
2.98049,-3.967304E-04,-1.525888E-04,.001
2.981491,1.831064E-04,-3.12807E-04,-3.66667E-03
2.982491,1.602182E-04,-5.950965E-04,-.001
2.983492,3.662128E-04,-3.12807E-04,-.001
2.984492,-6.103562E-05,-5.340599E-05,-2.33333E-03
2.985493,2.365122E-04,3.051776E-04,-.002
2.986493,6.866502E-05,-1.449594E-04,-.002
2.987494,-1.06812E-04,-3.662128E-04,-6.66667E-04
2.988494,-1.831064E-04,-5.035438E-04,-.001
2.989495,-1.602182E-04,-5.950965E-04,6.66667E-04
2.990495,-3.662128E-04,-3.662128E-04,6.66667E-04
2.991496,-3.051776E-04,-9.918259E-05,.002
2.992496,-8.392381E-05,-6.103562E-05,.002
2.993497,-9.15532E-05,9.918259E-05,-.002
2.994497,-1.525888E-04,-3.280658E-04,6.66667E-04
2.995498,2.059946E-04,-1.297006E-04,.002
2.996498,1.297006E-04,9.918259E-05,-.001
2.997499,-5.340599E-05,6.942786E-04,-.001
2.998499,-1.907358E-04,1.113899E-03,-.001
2.9995,-5.493201E-04,9.155311E-04,.001
3.0005,-4.27248E-04,2.059946E-04,.001
3.001501,-2.670307E-04,6.866502E-05,.001
3.002501,-3.433246E-04,3.50954E-04,6.66667E-04
3.003502,-3.280658E-04,5.264319E-04,-6.66667E-04
3.004502,-1.144414E-04,1.525888E-04,.001
3.005503,-3.738422E-04,-7.629441E-05,-2.33333E-03
3.006503,-3.814721E-05,2.899189E-04,-.002
3.007504,3.051776E-04,8.392381E-05,-6.66667E-04
3.008504,2.212534E-04,1.75477E-04,-.001
3.009505,1.3733E-04,-3.814721E-05,-.001
3.010505,1.907358E-04,1.3733E-04,-.001
3.011506,-9.918259E-05,2.594013E-04,.001
3.012506,-3.50954E-04,3.738422E-04,6.66667E-04
3.013507,-2.13624E-04,3.814716E-04,.001
3.014507,-3.662128E-04,4.196186E-04,6.66667E-04
3.015508,-2.822895E-04,3.356952E-04,-.002
3.016508,-3.89101E-04,-8.392381E-05,-3.66667E-03
3.017509,-4.806537E-04,-6.866502E-05,.001
3.018509,-8.392371E-04,-2.670307E-04,-.001
3.01951,-1.091011E-03,-5.340599E-05,.001
3.02051,-7.934608E-04,-3.814721E-05,-.001
3.021511,-7.01908E-04,-4.57766E-05,-6.66667E-04
3.022511,-5.645789E-04,7.629441E-05,6.66667E-04
3.023512,-4.959144E-04,6.866502E-05,6.66667E-04
3.024512,-6.103553E-04,8.392381E-05,.001
3.025513,-6.485023E-04,-2.13624E-04,.001
3.026513,-6.027259E-04,-1.220712E-04,-.001
3.027514,-5.035438E-04,1.602182E-04,-.001
3.028514,-4.196186E-04,4.57766E-05,.001
3.029515,-6.408729E-04,-5.340599E-05,-.001
3.030515,-8.010902E-04,-1.297006E-04,-.002
3.031516,-5.340613E-04,-1.678476E-04,-6.66667E-04
3.032516,-3.738422E-04,2.059946E-04,6.66667E-04
3.033517,-5.645789E-04,1.831064E-04,-6.66667E-04
3.034517,-7.705726E-04,3.814721E-05,6.66667E-04
3.035518,-6.63761E-04,-6.103562E-05,.004
3.036518,-9.53678E-04,-6.866502E-05,-6.66667E-04
3.037519,-8.926429E-04,-2.212534E-04,6.66667E-04
3.038519,-9.231605E-04,-3.662128E-04,.002
3.03952,-1.251228E-03,-1.525888E-04,-.002
3.04052,-1.304634E-03,-4.57766E-05,-6.66667E-04
3.041521,-1.136787E-03,-7.629441E-05,.001
3.042521,-9.384193E-04,-2.365122E-04,-2.33333E-03
3.043522,-1.029976E-03,-5.264319E-04,-.002
3.044522,-1.266487E-03,-1.220712E-04,6.66667E-04
3.045523,-1.564033E-03,-2.212534E-04,6.66667E-04
3.046523,-1.342781E-03,-2.975482E-04,-6.66667E-04
3.047524,-1.541145E-03,0,-3.66667E-03
3.048524,-1.998916E-03,2.288828E-04,6.66667E-04
3.049525,-1.983657E-03,2.517719E-04,-.001
3.050525,-1.586922E-03,1.297006E-04,.001
3.051526,-1.792915E-03,2.212534E-04,6.66667E-04
3.052526,-2.235427E-03,1.220712E-04,-.002
3.053527,-2.342239E-03,7.629453E-06,6.66667E-04
3.054527,-2.265945E-03,1.831064E-04,-.001
3.055528,-2.487198E-03,6.103562E-05,-6.66667E-04
3.056528,-2.616897E-03,-3.814721E-05,-3.66667E-03
3.057529,-2.929702E-03,1.525891E-05,-.001
3.058529,-3.623977E-03,-1.831064E-04,-6.66667E-04
3.05953,-4.837066E-03,-1.297006E-04,-.002
3.06053,-5.737334E-03,-8.392381E-05,.001
3.061531,-7.04959E-03,-5.264319E-04,.001
3.062531,-9.079039E-03,-7.40055E-04,-3.66667E-03
3.063532,-1.112372E-02,-9.384193E-04,-.001
3.064532,-1.453406E-02,-1.113899E-03,-6.66667E-04
3.065533,-.0175401,-1.701362E-03,-6.66667E-04
3.066533,-2.074444E-02,-2.273574E-03,-6.66667E-04
3.067534,-2.481854E-02,-2.861038E-03,.001
3.068534,-2.867901E-02,-3.46376E-03,-.001
3.069535,-3.279901E-02,-3.952056E-03,-6.66667E-04
3.070535,-3.618646E-02,-4.325897E-03,-6.66667E-04
3.071536,-3.820825E-02,-4.570037E-03,-6.66667E-04
3.072536,-3.891778E-02,-4.707366E-03,6.66667E-04
3.073537,-3.834558E-02,-4.371673E-03,-.002
3.074537,-3.685021E-02,-4.097015E-03,-.002
3.075538,-3.433251E-02,-3.677383E-03,-.002
3.076538,-3.091443E-02,-3.562942E-03,-.002
3.077539,-.0271455,-3.433242E-03,6.66667E-04
3.078539,-2.338421E-02,-2.716079E-03,-2.33333E-03
3.07954,-1.954663E-02,-1.754768E-03,-6.66667E-04
3.08054,-1.589215E-02,-1.335151E-03,.002
3.081541,-1.329046E-02,-9.231605E-04,.001
3.082541,-1.097113E-02,-2.670307E-04,-6.66667E-04
3.083542,-8.979857E-03,-6.866502E-05,-6.66667E-04
3.084542,-7.362396E-03,7.629441E-05,-6.66667E-04
3.085543,-6.111175E-03,-1.525891E-05,2.33333E-03
3.086543,-4.882842E-03,-2.13624E-04,-.002
3.087544,-3.929168E-03,-2.899189E-04,-.002
3.088544,-3.448501E-03,-4.27248E-04,-.001
3.089545,-2.967849E-03,-1.06812E-04,-.001
3.090545,-2.494827E-03,9.918259E-05,-.002
3.091546,-2.197281E-03,1.602182E-04,-2.33333E-03
3.092546,-1.846321E-03,-1.602182E-04,-.001
3.093547,-1.487739E-03,-3.051776E-04,-.001
3.094547,-1.174934E-03,-6.103562E-05,6.66667E-04
3.095548,-1.281746E-03,0,-2.33333E-03
3.096548,-1.113899E-03,4.653949E-04,-.001
3.097549,-9.613074E-04,4.196186E-04,6.66667E-04
3.098549,-1.091011E-03,2.288828E-04,-.001
3.09955,-1.35804E-03,-3.433246E-04,-.001
3.10055,-1.113899E-03,-2.899189E-04,-.001
3.101551,-1.190193E-03,9.918259E-05,6.66667E-04
3.102551,-1.167305E-03,1.678476E-04,2.33333E-03
3.103552,-1.472481E-03,2.670307E-04,-.002
3.104552,-1.213081E-03,5.416907E-04,-6.66667E-04
3.105553,-1.007088E-03,5.188026E-04,-6.66667E-04
3.106553,-1.09864E-03,4.577655E-04,-.002
3.107554,-9.460486E-04,4.959144E-04,-2.33333E-03
3.108554,-1.113899E-03,6.103553E-04,6.66667E-04
3.109555,-1.205452E-03,5.111732E-04,-.001
3.110555,-1.342781E-03,-2.28883E-05,-6.66667E-04
3.111556,-1.312263E-03,1.75477E-04,-2.33333E-03
3.112556,-1.327522E-03,4.196186E-04,-6.66667E-04
3.113557,-1.014717E-03,6.179847E-04,-.002
3.114557,-3.356952E-04,3.662128E-04,.002
3.115558,-5.340599E-05,3.12807E-04,-.002
3.116558,-1.220712E-04,2.517719E-04,-.001
3.117559,-2.822895E-04,6.866502E-05,-.002
3.118559,-5.264319E-04,4.57766E-05,-.001
3.11956,-7.40055E-04,-8.392381E-05,-.001
3.12056,-7.934608E-04,-2.13624E-04,6.66667E-04
3.121561,-7.324256E-04,1.449594E-04,-.001
3.122561,-7.40055E-04,5.035438E-04,-2.33333E-03
3.123562,-8.010902E-04,3.738422E-04,-.002
3.124562,-3.204364E-04,2.746601E-04,.001
3.125563,-7.629441E-05,1.525888E-04,6.66667E-04
3.126563,-1.525888E-04,4.730243E-04,-6.66667E-04
3.127564,-4.196186E-04,3.967304E-04,-6.66667E-04
3.128564,-4.348774E-04,2.594013E-04,-.001
3.129565,-5.416907E-04,2.517719E-04,.001
3.130565,-6.866492E-04,2.975482E-04,.002
3.131566,-6.866492E-04,2.059946E-04,-.002
3.132566,-4.196186E-04,4.653949E-04,-6.66667E-04
3.133567,-2.594013E-04,2.212534E-04,-2.33333E-03
3.134567,-4.425067E-04,2.517719E-04,.002
3.135568,-3.585834E-04,6.103562E-05,2.33333E-03
3.136568,-2.670307E-04,0,6.66667E-04
3.137569,-3.738422E-04,-3.814721E-05,-6.66667E-04
3.138569,-1.220712E-04,-6.103562E-05,-.001
3.13957,6.866502E-05,4.57766E-05,6.66667E-04
3.14057,-1.907358E-04,9.15532E-05,-.001
3.141571,-4.959144E-04,1.602182E-04,-.001
3.142571,-3.585834E-04,2.288828E-04,6.66667E-04
3.143572,-4.119892E-04,4.806537E-04,-6.66667E-04
3.144572,-3.967304E-04,5.722083E-04,-.001
3.145573,-4.119892E-04,5.264319E-04,-.002
3.146573,-4.348774E-04,5.950965E-04,-6.66667E-04
3.147574,-4.577655E-04,5.111732E-04,-.001
3.148574,-7.247962E-04,6.63761E-04,6.66667E-04
3.149575,-1.907358E-04,1.907358E-04,6.66667E-04
3.150575,-1.06812E-04,-2.28883E-05,-.001
3.151576,-2.975482E-04,-3.814721E-05,-3.66667E-03
3.152576,-3.585834E-04,-5.340599E-05,-6.66667E-04
3.153577,-2.899189E-04,1.983652E-04,-.001
3.154577,-3.814716E-04,-5.340599E-05,-.002
3.155578,-6.713904E-04,-2.975482E-04,-2.33333E-03
3.156578,-9.613074E-04,-1.525888E-04,-2.33333E-03
3.157579,-1.190193E-03,-3.204364E-04,-.001
3.158579,-1.144417E-03,-1.983652E-04,6.66667E-04
3.15958,-6.485023E-04,-2.28883E-05,.001
3.16058,-3.814716E-04,-2.288828E-04,-.001
3.161581,-3.738422E-04,-2.059946E-04,.001
3.162581,-8.697547E-04,-1.220712E-04,.002
3.163582,-9.613074E-04,1.525888E-04,-6.66667E-04
3.164582,-1.060493E-03,4.577655E-04,-.001
3.165583,-1.533516E-03,4.653949E-04,6.66667E-04
3.166583,-2.037063E-03,5.188026E-04,-6.66667E-04
3.167584,-2.555862E-03,-5.340599E-05,6.66667E-04
3.168584,-3.402725E-03,-2.059946E-04,6.66667E-04
3.169585,-3.967315E-03,0,-6.66667E-04
3.170585,-4.356414E-03,-2.212534E-04,6.66667E-04
3.171586,-4.798919E-03,-5.035438E-04,-6.66667E-04
3.172586,-5.516082E-03,-4.27248E-04,.001
3.173587,-5.874664E-03,-3.280658E-04,-.002
3.174587,-6.378204E-03,-3.280658E-04,.001
3.175588,-6.874114E-03,-2.975482E-04,-2.33333E-03
3.176588,-7.194549E-03,-1.3733E-04,2.33333E-03
3.177589,-6.988555E-03,-1.678476E-04,-6.66667E-04
3.178589,-6.309539E-03,7.629441E-05,.002
3.17959,-5.645782E-03,-9.918259E-05,-.001
3.18059,-4.989654E-03,-6.103562E-05,-.001
3.181591,-4.547149E-03,-7.629441E-05,6.66667E-04
3.182591,-3.730789E-03,-1.907358E-04,-.001
3.183592,-2.670303E-03,-1.3733E-04,-.002
3.184592,-1.95314E-03,-1.678476E-04,-.001
3.185593,-1.464851E-03,9.918259E-05,.001
3.186593,-1.335151E-03,3.433246E-04,.001
3.187594,-1.121528E-03,3.280658E-04,-6.66667E-04
3.188594,-7.324256E-04,2.517719E-04,-.002
3.189595,-4.27248E-04,2.594013E-04,-.001
3.190595,-1.983652E-04,9.15532E-05,-6.66667E-04
3.191596,-4.043598E-04,2.212534E-04,-6.66667E-04
3.192596,-2.670307E-04,1.449594E-04,-3.66667E-03
3.193597,-4.806537E-04,-1.525891E-05,6.66667E-04
3.194597,-3.204364E-04,1.75477E-04,-6.66667E-04
3.195598,-2.212534E-04,1.297006E-04,-6.66667E-04
3.196598,-3.967304E-04,7.629441E-05,6.66667E-04
3.197599,-3.967304E-04,-1.220712E-04,.001
3.198599,-4.196186E-04,-3.204364E-04,6.66667E-04
3.1996,-3.738422E-04,-8.087195E-04,.001
3.2006,-3.814716E-04,-1.052864E-03,-6.66667E-04
3.201601,-3.12807E-04,-4.501361E-04,.001
3.202601,-2.517719E-04,1.525888E-04,2.33333E-03
3.203602,-2.365122E-04,5.264319E-04,-6.66667E-04
3.204602,-2.13624E-04,6.332435E-04,6.66667E-04
3.205603,4.57766E-05,5.264319E-04,-.001
3.206603,-9.15532E-05,4.119892E-04,-.002
3.207604,-5.798377E-04,2.975482E-04,-6.66667E-04
3.208604,-3.051776E-04,3.433246E-04,-6.66667E-04
3.209605,-2.288828E-04,8.392381E-05,-.002
3.210605,-3.50954E-04,3.051781E-05,-6.66667E-04
3.211606,-6.332435E-04,7.629441E-05,.001
3.212606,-3.662128E-04,1.525888E-04,6.66667E-04
3.213607,-2.746601E-04,-1.678476E-04,-.001
3.214607,-4.730243E-04,-1.06812E-04,-.001
3.215608,-7.324256E-04,-3.967304E-04,-6.66667E-04
3.216608,-6.408729E-04,-7.705726E-04,-.001
3.217609,-7.324256E-04,-7.705726E-04,-3.66667E-03
3.218609,-7.629432E-04,-8.392381E-05,-.002
3.21961,-5.416907E-04,-3.051781E-05,-.002
3.22061,-5.340613E-04,2.517719E-04,-.002
3.221611,-4.043598E-04,4.959144E-04,-6.66667E-04
3.222611,-2.822895E-04,4.348774E-04,-.001
3.223612,-2.746601E-04,3.280658E-04,.001
3.224612,-3.738422E-04,2.13624E-04,-.001
3.225613,-2.365122E-04,1.06812E-04,-.002
3.226614,-6.408729E-04,2.28883E-05,2.33333E-03
3.227614,-7.324256E-04,-3.738422E-04,-.001
3.228614,-9.307899E-04,-3.280658E-04,-.002
3.229615,-1.10627E-03,1.525888E-04,6.66667E-04
3.230615,-7.324256E-04,3.051781E-05,.001
3.231616,-3.433246E-04,4.57766E-05,6.66667E-04
3.232616,-1.297006E-04,-2.594013E-04,-.001
3.233617,-5.035438E-04,-1.678476E-04,-.001
3.234617,-4.425067E-04,-6.103562E-05,-.001
3.235618,-5.264319E-04,-3.12807E-04,-.002
3.236619,-5.188026E-04,-3.662128E-04,6.66667E-04
3.237619,-8.468665E-04,-2.975482E-04,.001
3.238619,-1.052864E-03,-1.678476E-04,-6.66667E-04
3.23962,-1.373298E-03,-6.103562E-05,-6.66667E-04
3.24062,-1.518257E-03,1.144414E-04,-.001
3.241621,-1.548775E-03,1.220712E-04,-.001
3.242621,-1.991287E-03,-3.585834E-04,-6.66667E-04
3.243622,-2.685562E-03,-3.433246E-04,-.002
3.244622,-3.204361E-03,-1.06812E-04,6.66667E-04
3.245623,-3.753677E-03,1.525891E-05,.001
3.246624,-4.66159E-03,-6.866502E-05,.001
3.247624,-5.523711E-03,-3.204364E-04,.001
3.248624,-6.774932E-03,-3.204364E-04,-.001
3.249625,-7.453948E-03,-1.678476E-04,-.001
3.250625,-8.041441E-03,-4.27248E-04,-.001
3.251626,-8.796751E-03,-3.738422E-04,-.001
3.252626,-9.796202E-03,-3.433246E-04,.001
3.253627,-1.041418E-02,-4.577655E-04,-.001
3.254627,-1.038367E-02,-3.814716E-04,-6.66667E-04
3.255628,-1.004034E-02,-3.814716E-04,-6.66667E-04
3.256629,-9.407103E-03,-1.983652E-04,2.33333E-03
3.257629,-8.621275E-03,-2.059946E-04,-6.66667E-04
3.258629,-7.30136E-03,-2.594013E-04,-.002
3.25963,-6.111175E-03,-1.602182E-04,-6.66667E-04
3.26063,-4.966766E-03,9.15532E-05,-6.66667E-04
3.261631,-4.188567E-03,1.449594E-04,-6.66667E-04
3.262631,-3.46376E-03,-9.15532E-05,-6.66667E-04
3.263632,-2.800003E-03,9.918259E-05,-.002
3.264632,-2.143875E-03,1.525891E-05,6.66667E-04
3.265633,-1.167305E-03,-7.629441E-05,-.002
3.266634,-5.874671E-04,1.3733E-04,.001
3.267634,-6.790198E-04,1.75477E-04,6.66667E-04
3.268634,-7.934608E-04,7.629441E-05,-.001
3.269635,-5.950965E-04,-1.983652E-04,.001
3.270635,0,8.392381E-05,-6.66667E-04
3.271636,2.28883E-05,-9.918259E-05,6.66667E-04
3.272636,8.392381E-05,-2.059946E-04,.002
3.273637,2.594013E-04,3.051781E-05,-.001
3.274637,2.594013E-04,1.525888E-04,-.001
3.275638,-9.15532E-05,-1.525891E-05,6.66667E-04
3.276639,-1.983652E-04,-1.06812E-04,-3.66667E-03
3.277639,-1.449594E-04,3.051781E-05,6.66667E-04
3.278639,-3.433246E-04,1.831064E-04,-.002
3.27964,-2.13624E-04,-1.907358E-04,-6.66667E-04
3.28064,-1.907358E-04,-7.324256E-04,.001
3.281641,-2.059946E-04,-2.441425E-04,.001
3.282641,6.103562E-05,1.678476E-04,-6.66667E-04
3.283642,-2.899189E-04,-1.449594E-04,6.66667E-04
3.284642,-3.50954E-04,-3.204364E-04,-6.66667E-04
3.285643,-1.06812E-04,-1.144414E-04,6.66667E-04
3.286644,1.144414E-04,-8.392381E-05,-.002
3.287644,4.57766E-05,6.866502E-05,6.66667E-04
3.288644,-7.629441E-05,1.3733E-04,2.33333E-03
3.289645,-1.06812E-04,9.15532E-05,-.001
3.290645,-1.220712E-04,-1.06812E-04,-6.66667E-04
3.291646,-2.13624E-04,-2.288828E-04,6.66667E-04
3.292646,-6.866502E-05,2.594013E-04,-.001
3.293647,-4.653949E-04,-6.866502E-05,.001
3.294647,-8.239783E-04,-3.051781E-05,-6.66667E-04
3.295648,-6.256141E-04,-1.144414E-04,-.001
3.296649,-3.967304E-04,-1.297006E-04,-6.66667E-04
3.297649,-5.569495E-04,-3.50954E-04,-.002
3.298649,-4.653949E-04,-2.670307E-04,-.001
3.29965,-5.188026E-04,3.051781E-05,6.66667E-04
3.30065,-4.043598E-04,1.449594E-04,-6.66667E-04
3.301651,-4.425067E-04,8.392381E-05,.001
3.302651,-3.051781E-05,5.340599E-05,6.66667E-04
3.303652,3.814721E-05,3.280658E-04,-.002
3.304652,-1.602182E-04,4.959144E-04,-6.66667E-04
3.305653,-4.27248E-04,4.806537E-04,-.001
3.306653,-2.365122E-04,2.517719E-04,-2.33333E-03
3.307654,-3.738422E-04,-6.103562E-05,-.001
3.308654,-2.975482E-04,-5.111732E-04,.001
3.309655,-8.392381E-05,-6.485023E-04,-.002
3.310655,-2.670307E-04,-3.280658E-04,-.002
3.311656,-2.441425E-04,-2.441425E-04,-.002
3.312656,-1.907358E-04,-4.57766E-05,6.66667E-04
3.313657,-1.144414E-04,3.585834E-04,-.001
3.314657,2.594013E-04,2.059946E-04,.001
3.315658,2.059946E-04,1.06812E-04,-.001
3.316658,-3.051776E-04,2.670307E-04,-6.66667E-04
3.317659,-3.738422E-04,4.730243E-04,-.002
3.318659,-5.340613E-04,4.348774E-04,-.002
3.31966,-5.950965E-04,0,-.001
3.32066,-5.340613E-04,-1.75477E-04,-6.66667E-04
3.321661,-5.188026E-04,-5.340599E-05,.001
3.322661,-5.874671E-04,-5.340599E-05,6.66667E-04
3.323662,-5.035438E-04,-2.441425E-04,-6.66667E-04
3.324662,-4.119892E-04,-1.06812E-04,-.002
3.325663,-7.247962E-04,-1.907358E-04,-6.66667E-04
3.326663,-8.544959E-04,-2.746601E-04,-2.33333E-03
3.327664,-4.806537E-04,-3.814716E-04,-6.66667E-04
3.328664,-2.670307E-04,-1.678476E-04,-.002
3.329665,-2.059946E-04,2.365122E-04,-.001
3.330665,2.28883E-05,6.332435E-04,6.66667E-04
3.331666,-1.75477E-04,5.416907E-04,-.001
3.332666,-2.13624E-04,2.746601E-04,6.66667E-04
3.333667,1.06812E-04,6.256141E-04,-6.66667E-04
3.334667,2.365122E-04,1.3733E-04,.001
3.335668,-1.525891E-05,-3.12807E-04,-6.66667E-04
3.336668,-1.602182E-04,-2.899189E-04,.001
3.337669,-6.866502E-05,6.103562E-05,-.002
3.338669,2.441425E-04,4.57766E-05,.001
3.33967,3.967304E-04,-1.06812E-04,-6.66667E-04
3.34067,4.88285E-04,-6.332435E-04,-6.66667E-04
3.341671,1.75477E-04,-6.103553E-04,-6.66667E-04
3.342671,-1.525891E-05,-1.983652E-04,-6.66667E-04
3.343672,-9.15532E-05,-7.629453E-06,.001
3.344672,-1.602182E-04,-3.814721E-05,-.002
3.345673,-2.746601E-04,-1.449594E-04,-6.66667E-04
3.346673,2.28883E-05,9.15532E-05,-6.66667E-04
3.347674,2.975482E-04,5.264319E-04,-.001
3.348674,4.196186E-04,2.059946E-04,-.001
3.349675,1.06812E-04,-7.629453E-06,.002
3.350675,5.340599E-05,1.831064E-04,-.001
3.351676,1.06812E-04,4.119892E-04,-.001
3.352676,-2.441425E-04,2.594013E-04,-.001
3.353677,-5.874671E-04,5.722083E-04,-.001
3.354677,-3.12807E-04,3.356952E-04,.001
3.355678,-1.602182E-04,2.212534E-04,-.001
3.356678,-1.144414E-04,-3.738422E-04,-.002
3.357679,-1.220712E-04,-6.63761E-04,.001
3.358679,-2.13624E-04,-6.942786E-04,.001
3.35968,-2.212534E-04,-4.806537E-04,6.66667E-04
3.36068,-1.3733E-04,-2.28883E-05,-.001
3.361681,-3.738422E-04,2.212534E-04,-6.66667E-04
3.362681,-3.585834E-04,-1.525888E-04,-3.66667E-03
3.363682,-2.746601E-04,-3.738422E-04,-6.66667E-04
3.364682,9.15532E-05,-2.975482E-04,-.001
3.365683,1.525888E-04,-1.75477E-04,-.001
3.366683,2.517719E-04,3.814721E-05,-6.66667E-04
3.367684,2.517719E-04,3.12807E-04,-6.66667E-04
3.368684,-4.57766E-05,5.340599E-05,-6.66667E-04
3.369685,-4.577655E-04,-1.602182E-04,.001
3.370685,-4.959144E-04,-1.678476E-04,-6.66667E-04
3.371686,-8.316077E-04,3.12807E-04,-2.33333E-03
3.372686,-1.052864E-03,6.179847E-04,6.66667E-04
3.373687,-1.029976E-03,4.196186E-04,6.66667E-04
3.374687,-1.251228E-03,2.13624E-04,-.002
3.375688,-2.120987E-03,2.059946E-04,.001
3.376688,-3.013626E-03,2.059946E-04,-.002
3.377689,-4.127532E-03,8.392381E-05,-6.66667E-04
3.378689,-5.310088E-03,3.12807E-04,-.002
3.37969,-6.286651E-03,3.280658E-04,6.66667E-04
3.38069,-8.537352E-03,9.918259E-05,-6.66667E-04
3.381691,-1.228338E-02,1.3733E-04,.001
3.382691,-1.678479E-02,-3.356952E-04,.001
3.383692,-2.028668E-02,-7.934608E-04,.001
3.384692,-2.282727E-02,-7.40055E-04,-.001
3.385693,-2.429974E-02,-4.27248E-04,.001
3.386693,-2.438366E-02,-7.553138E-04,-.001
3.387694,-2.294171E-02,-3.738422E-04,-6.66667E-04
3.388694,-2.007306E-02,-1.831064E-04,-.002
3.389695,-1.673901E-02,-2.13624E-04,-.002
3.390696,-1.350409E-02,-2.28883E-05,6.66667E-04
3.391696,-1.052099E-02,3.204364E-04,-.001
3.392696,-7.919371E-03,4.425067E-04,-.002
3.393697,-5.53897E-03,6.103553E-04,-.002
3.394697,-3.807083E-03,7.095374E-04,-.001
3.395698,-2.723709E-03,5.950965E-04,-6.66667E-04
3.396698,-2.182022E-03,4.119892E-04,-.002
3.397699,-1.800545E-03,6.866502E-05,.001
3.398699,-1.625068E-03,1.831064E-04,.001
3.3997,-1.235969E-03,3.12807E-04,-6.66667E-04
3.400701,-7.247962E-04,4.196186E-04,-.002
3.401701,-3.89101E-04,1.144414E-04,-.002
3.402701,-3.051776E-04,-2.288828E-04,.002
3.403702,-2.746601E-04,1.831064E-04,-.001
3.404702,-1.297006E-04,3.662128E-04,.001
3.405703,3.051781E-05,3.662128E-04,-6.66667E-04
3.406703,1.3733E-04,4.348774E-04,-6.66667E-04
3.407704,3.50954E-04,4.196186E-04,-6.66667E-04
3.408704,-9.15532E-05,0,-.001
3.409705,-2.212534E-04,-3.662128E-04,-.001
3.410706,-1.525891E-05,-1.602182E-04,.001
3.411706,-6.103562E-05,4.57766E-05,-6.66667E-04
3.412706,1.220712E-04,2.212534E-04,-.002
3.413707,2.059946E-04,2.288828E-04,-.002
3.414707,-5.340599E-05,-4.57766E-05,-.001
3.415708,0,1.297006E-04,-.002
3.416708,2.746601E-04,6.408729E-04,-6.66667E-04
3.417709,2.441425E-04,4.119892E-04,-3.66667E-03
3.418709,6.866502E-05,5.035438E-04,-.001
3.41971,-2.365122E-04,2.365122E-04,6.66667E-04
3.420711,9.918259E-05,-4.57766E-05,-6.66667E-04
3.421711,-8.392381E-05,2.441425E-04,-.001
3.422711,-2.441425E-04,1.907358E-04,.001
3.423712,-3.204364E-04,2.059946E-04,.002
3.424712,-1.220712E-04,2.059946E-04,-2.33333E-03
3.425713,8.392381E-05,2.13624E-04,.001
3.426713,0,-3.051781E-05,-6.66667E-04
3.427714,1.3733E-04,-1.525891E-05,6.66667E-04
3.428714,4.043598E-04,3.662128E-04,-.002
3.429715,3.967304E-04,3.356952E-04,-.001
3.430716,1.831064E-04,-2.28883E-05,-2.33333E-03
3.431716,0,-2.517719E-04,-6.66667E-04
3.432716,1.525888E-04,-2.365122E-04,6.66667E-04
3.433717,-3.051781E-05,-2.441425E-04,-3.66667E-03
3.434717,-2.441425E-04,-5.340599E-05,-6.66667E-04
3.435718,-5.950965E-04,-3.051776E-04,-6.66667E-04
3.436718,-3.814721E-05,-4.88285E-04,6.66667E-04
3.437719,-2.13624E-04,-4.806537E-04,.001
3.438719,-3.204364E-04,-4.27248E-04,6.66667E-04
3.43972,-6.790198E-04,-1.678476E-04,-.002
3.440721,-7.553138E-04,-3.50954E-04,-.002
3.441721,-6.790198E-04,-2.212534E-04,-6.66667E-04
3.442721,-5.722083E-04,-3.204364E-04,6.66667E-04
3.443722,-3.204364E-04,-1.3733E-04,.001
3.444722,-3.051776E-04,-4.501361E-04,-6.66667E-04
3.445723,-2.365122E-04,-6.027259E-04,.001
3.446723,-7.629441E-05,-3.89101E-04,-6.66667E-04
3.447724,-4.196186E-04,-3.662128E-04,-6.66667E-04
3.448724,-3.433246E-04,-1.449594E-04,-6.66667E-04
3.449725,-3.204364E-04,0,6.66667E-04
3.450726,-4.806537E-04,3.585834E-04,6.66667E-04
3.451726,-3.50954E-04,2.441425E-04,-2.33333E-03
3.452726,-3.204364E-04,3.280658E-04,-.001
3.453727,-3.50954E-04,3.967304E-04,-.002
3.454727,-2.365122E-04,1.525891E-05,6.66667E-04
3.455728,-1.983652E-04,9.15532E-05,-6.66667E-04
3.456728,-2.212534E-04,1.449594E-04,6.66667E-04
3.457729,-3.738422E-04,3.12807E-04,.001
3.458729,-3.738422E-04,3.204364E-04,-6.66667E-04
3.45973,-4.577655E-04,-7.629453E-06,-.002
3.460731,-1.831064E-04,4.57766E-05,.001
3.461731,-2.28883E-05,-1.831064E-04,.001
3.462731,-1.831064E-04,-2.365122E-04,-3.66667E-03
3.463732,-3.814716E-04,-1.525891E-05,.001
3.464732,-3.738422E-04,3.356952E-04,-.001
3.465733,6.103562E-05,2.059946E-04,-.001
3.466733,7.629441E-05,-1.602182E-04,-3.66667E-03
3.467734,-2.670307E-04,2.059946E-04,.001
3.468734,-4.806537E-04,4.730243E-04,-.002
3.469735,-6.790198E-04,4.577655E-04,.001
3.470736,-8.010902E-04,9.918259E-05,-6.66667E-04
3.471736,-6.942786E-04,1.75477E-04,-6.66667E-04
3.472736,-4.27248E-04,3.662128E-04,-6.66667E-04
3.473737,7.629441E-05,4.501361E-04,.002
3.474737,1.220712E-04,2.822895E-04,-6.66667E-04
3.475738,-6.103562E-05,-4.57766E-05,.001
3.476738,-3.280658E-04,-4.501361E-04,-.001
3.477739,-3.50954E-04,-4.806537E-04,-2.33333E-03
3.478739,-2.517719E-04,-1.3733E-04,-.004
3.47974,-1.983652E-04,1.220712E-04,-.001
3.480741,-6.866502E-05,3.12807E-04,.001
3.481741,1.449594E-04,-6.103562E-05,-.001
3.482741,0,9.918259E-05,-.001
3.483742,9.15532E-05,1.602182E-04,-6.66667E-04
3.484742,1.75477E-04,3.967304E-04,6.66667E-04
3.485743,7.629441E-05,4.730243E-04,-6.66667E-04
3.486743,3.051776E-04,1.525888E-04,-6.66667E-04
3.487744,2.441425E-04,-1.525891E-05,-.002
3.488744,1.907358E-04,-1.297006E-04,-.001
3.489745,1.678476E-04,-3.204364E-04,-.001
3.490746,-2.212534E-04,3.814721E-05,-.001
3.491746,-1.678476E-04,2.594013E-04,6.66667E-04
3.492746,1.06812E-04,8.392381E-05,-6.66667E-04
3.493747,1.297006E-04,9.15532E-05,.001
3.494747,-6.103562E-05,2.212534E-04,-6.66667E-04
3.495748,-6.408729E-04,1.297006E-04,-.001
3.496748,-3.738422E-04,-2.28883E-05,6.66667E-04
3.497749,-2.517719E-04,-1.144414E-04,-.001
3.498749,-1.831064E-04,-4.730243E-04,-2.33333E-03
3.49975,-3.967304E-04,-2.288828E-04,6.66667E-04
3.500751,-2.13624E-04,-3.204364E-04,-6.66667E-04
3.501751,-2.746601E-04,-2.746601E-04,-2.33333E-03
3.502751,-7.629453E-06,3.814721E-05,-6.66667E-04
3.503752,7.629453E-06,-5.340599E-05,6.66667E-04
3.504752,-1.602182E-04,1.297006E-04,6.66667E-04
3.505753,-2.365122E-04,3.814721E-05,.002
3.506753,2.28883E-05,1.525888E-04,-6.66667E-04
3.507754,4.57766E-05,-1.297006E-04,.001
3.508754,1.75477E-04,-1.449594E-04,-6.66667E-04
3.509755,1.525888E-04,5.340599E-05,-6.66667E-04
3.510756,-1.3733E-04,1.983652E-04,.001
3.511756,-9.15532E-05,-2.28883E-05,-6.66667E-04
3.512756,1.220712E-04,-2.365122E-04,.001
3.513757,3.433246E-04,-1.678476E-04,.002
3.514757,6.713904E-04,-1.525891E-05,-6.66667E-04
3.515758,7.476844E-04,-7.629453E-06,-.001
3.516758,4.730243E-04,-2.212534E-04,-.001
3.517759,-1.525891E-05,-2.441425E-04,-.002
3.518759,-3.662128E-04,-3.738422E-04,-.002
3.51976,-3.433246E-04,-5.874671E-04,-.001
3.520761,-1.602182E-04,-7.171668E-04,6.66667E-04
3.521761,3.051781E-05,-7.171668E-04,-6.66667E-04
3.522761,-2.212534E-04,-3.433246E-04,.002
3.523762,-1.06812E-04,-1.449594E-04,6.66667E-04
3.524762,4.57766E-05,-1.678476E-04,-.001
3.525763,0,3.356952E-04,-6.66667E-04
3.526763,0,0,-2.33333E-03
3.527764,2.594013E-04,-1.3733E-04,6.66667E-04
3.528764,1.297006E-04,4.57766E-05,6.66667E-04
3.529765,1.06812E-04,2.28883E-05,.001
3.530766,3.89101E-04,-1.220712E-04,6.66667E-04
3.531766,4.27248E-04,-1.297006E-04,.001
3.532766,3.662128E-04,2.13624E-04,6.66667E-04
3.533767,3.662128E-04,5.264319E-04,.001
3.534767,3.051781E-05,5.493201E-04,-6.66667E-04
3.535768,-2.28883E-05,4.730243E-04,-.001
3.536768,2.13624E-04,-4.57766E-05,6.66667E-04
3.537769,6.027259E-04,-3.585834E-04,-6.66667E-04
3.538769,4.501361E-04,-9.918259E-05,-.001
3.53977,5.645789E-04,-4.57766E-05,-.001
3.540771,5.798377E-04,5.340599E-05,.002
3.541771,-3.814721E-05,4.57766E-05,3.66667E-03
3.542771,6.866502E-05,9.918259E-05,-.002
3.543772,3.356952E-04,-9.918259E-05,-6.66667E-04
3.544772,3.738422E-04,-3.50954E-04,-.002
3.545773,2.899189E-04,-2.212534E-04,-.001
3.546773,3.662128E-04,2.899189E-04,-6.66667E-04
3.547774,4.196186E-04,6.256141E-04,.001
3.548774,7.476844E-04,1.144414E-04,-.002
3.549775,6.408729E-04,-5.340599E-05,.001
3.550776,6.027259E-04,-1.831064E-04,-.001
3.551776,3.585834E-04,-4.88285E-04,6.66667E-04
3.552776,3.433246E-04,-2.212534E-04,-6.66667E-04
3.553777,5.340599E-05,-1.75477E-04,.001
3.554777,-4.043598E-04,-2.441425E-04,6.66667E-04
3.555778,-3.89101E-04,-3.967304E-04,.001
3.556778,-3.738422E-04,-1.3733E-04,-.002
3.557779,-6.866502E-05,3.814721E-05,-.001
3.558779,1.525888E-04,2.212534E-04,-.001
3.55978,-4.501361E-04,3.814721E-05,-.001
3.560781,-8.392371E-04,1.525888E-04,.001
3.561781,-6.942786E-04,2.822895E-04,-.001
3.562781,-3.204364E-04,1.678476E-04,.002
3.563782,1.525888E-04,7.629453E-06,-.002
3.564783,2.059946E-04,2.441425E-04,-6.66667E-04
3.565783,4.806537E-04,3.662128E-04,6.66667E-04
3.566783,4.27248E-04,2.288828E-04,.001
3.567784,-5.340599E-05,-2.28883E-05,-6.66667E-04
3.568784,-3.051776E-04,-1.06812E-04,6.66667E-04
3.569785,-1.220712E-04,1.220712E-04,-6.66667E-04
3.570786,-1.602182E-04,-1.3733E-04,-6.66667E-04
3.571786,-1.75477E-04,-6.103562E-05,-6.66667E-04
3.572786,-2.212534E-04,6.103562E-05,-.002
3.573787,-3.051781E-05,3.051781E-05,6.66667E-04
3.574788,2.212534E-04,2.746601E-04,-.001
3.575788,-2.28883E-05,4.501361E-04,-.001
3.576788,-4.57766E-05,4.196186E-04,-.002
3.577789,4.196186E-04,3.433246E-04,6.66667E-04
3.578789,8.621253E-04,4.959144E-04,-6.66667E-04
3.57979,6.790198E-04,5.340613E-04,-.001
3.580791,6.332435E-04,2.899189E-04,6.66667E-04
3.581791,4.119892E-04,2.899189E-04,-.001
3.582791,6.103562E-05,7.629441E-05,-.002
3.583792,4.57766E-05,4.57766E-05,6.66667E-04
3.584793,0,9.15532E-05,-6.66667E-04
3.585793,2.365122E-04,8.392381E-05,.001
3.586793,3.89101E-04,2.517719E-04,-6.66667E-04
3.587794,4.043598E-04,1.907358E-04,6.66667E-04
3.588794,1.75477E-04,-1.297006E-04,.001
3.589795,2.288828E-04,3.814721E-05,6.66667E-04
3.590796,-1.449594E-04,-1.144414E-04,-.002
3.591796,-4.88285E-04,3.814721E-05,-.001
3.592796,-1.678476E-04,2.441425E-04,-.001
3.593797,0,-8.392381E-05,2.33333E-03
3.594798,1.907358E-04,-6.866502E-05,-.001
3.595798,4.57766E-05,4.57766E-05,-.001
3.596798,-3.051781E-05,1.144414E-04,-6.66667E-04
3.597799,7.629453E-06,1.449594E-04,-.002
3.598799,2.13624E-04,6.103562E-05,6.66667E-04
3.5998,2.670307E-04,7.629453E-06,6.66667E-04
3.600801,1.220712E-04,1.144414E-04,.001
3.601801,4.88285E-04,2.746601E-04,-.002
3.602801,3.50954E-04,3.814716E-04,-.001
3.603802,8.392381E-05,1.602182E-04,-6.66667E-04
3.604803,2.899189E-04,-1.678476E-04,-6.66667E-04
3.605803,3.814716E-04,-2.975482E-04,-.002
3.606803,1.220712E-04,-5.493201E-04,-.001
3.607804,-1.602182E-04,-4.501361E-04,.001
3.608804,7.629441E-05,-1.144414E-04,-6.66667E-04
3.609805,1.06812E-04,6.866502E-05,6.66667E-04
3.610806,2.212534E-04,3.280658E-04,6.66667E-04
3.611806,2.746601E-04,7.629441E-05,-.002
3.612806,3.204364E-04,-2.441425E-04,.001
3.613807,2.594013E-04,-3.051781E-05,2.33333E-03
3.614808,3.051781E-05,7.629441E-05,-.001
3.615808,-1.220712E-04,-1.983652E-04,-6.66667E-04
3.616808,-2.670307E-04,-4.806537E-04,-.001
3.617809,-4.043598E-04,0,-6.66667E-04
3.618809,-3.433246E-04,1.831064E-04,-.001
3.61981,-2.13624E-04,1.144414E-04,-6.66667E-04
3.620811,-4.043598E-04,2.13624E-04,-6.66667E-04
3.621811,-2.670307E-04,1.06812E-04,-.001
3.622811,1.144414E-04,9.918259E-05,-.001
3.623812,2.441425E-04,1.525888E-04,-.002
3.624813,-2.288828E-04,5.722083E-04,6.66667E-04
3.625813,-2.059946E-04,7.858314E-04,6.66667E-04
3.626813,-3.204364E-04,7.324256E-04,-.004
3.627814,-3.967304E-04,5.416907E-04,-.001
3.628814,-2.746601E-04,4.425067E-04,-6.66667E-04
3.629815,6.866502E-05,9.918259E-05,-2.33333E-03
3.630816,1.3733E-04,1.525888E-04,.001
3.631816,2.288828E-04,5.798377E-04,-.002
3.632816,3.280658E-04,6.332435E-04,-6.66667E-04
3.633817,2.746601E-04,6.027259E-04,-6.66667E-04
3.634818,-1.525891E-05,2.517719E-04,-2.33333E-03
3.635818,-3.50954E-04,-4.653949E-04,-.002
3.636818,-1.525888E-04,-6.63761E-04,-.002
3.637819,-2.441425E-04,-3.738422E-04,-.001
3.638819,-1.602182E-04,-4.806537E-04,-6.66667E-04
3.63982,2.746601E-04,-2.059946E-04,-.001
3.640821,3.12807E-04,2.670307E-04,-6.66667E-04
3.641821,5.340613E-04,0,-.001
3.642821,6.027259E-04,-1.831064E-04,.001
3.643822,5.722083E-04,-1.831064E-04,6.66667E-04
3.644823,3.204364E-04,-3.356952E-04,-2.33333E-03
3.645823,2.899189E-04,-3.662128E-04,-6.66667E-04
3.646823,3.433246E-04,-1.907358E-04,6.66667E-04
3.647824,2.594013E-04,-3.814721E-05,.001
3.648824,5.264319E-04,9.918259E-05,-6.66667E-04
3.649825,6.103562E-05,1.602182E-04,-6.66667E-04
3.650826,7.629453E-06,1.525888E-04,-6.66667E-04
3.651826,3.204364E-04,8.392381E-05,.001
3.652826,7.171668E-04,2.288828E-04,-2.33333E-03
3.653827,2.670307E-04,2.594013E-04,-.001
3.654828,-1.831064E-04,2.059946E-04,-.001
3.655828,-4.88285E-04,-3.12807E-04,-2.33333E-03
3.656828,-3.051776E-04,-6.63761E-04,-.001
3.657829,4.57766E-05,-4.27248E-04,6.66667E-04
3.658829,1.602182E-04,-1.297006E-04,-6.66667E-04
3.65983,2.594013E-04,1.602182E-04,6.66667E-04
3.66083,3.12807E-04,3.814721E-05,6.66667E-04
3.661831,2.746601E-04,-1.144414E-04,.001
3.662831,1.06812E-04,-7.629453E-06,6.66667E-04
3.663832,6.866502E-05,-7.629453E-06,-6.66667E-04
3.664833,-9.15532E-05,-5.340599E-05,-6.66667E-04
3.665833,9.918259E-05,-1.831064E-04,.001
3.666833,1.220712E-04,-4.88285E-04,6.66667E-04
3.667834,7.629453E-06,-2.594013E-04,-6.66667E-04
3.668834,3.814721E-05,-4.653949E-04,.001
3.669835,8.392381E-05,-3.662128E-04,2.33333E-03
3.670835,-1.06812E-04,-4.27248E-04,-3.66667E-03
3.671836,1.602182E-04,-5.950965E-04,.001
3.672836,2.059946E-04,-4.27248E-04,-6.66667E-04
3.673837,4.57766E-05,-1.678476E-04,.002
3.674838,2.28883E-05,-3.738422E-04,.001
3.675838,0,-6.332435E-04,-.001
3.676838,-5.340599E-05,-7.095374E-04,-6.66667E-04
3.677839,4.57766E-05,-6.256141E-04,6.66667E-04
3.678839,1.3733E-04,-1.983652E-04,.001
3.67984,4.57766E-05,-1.907358E-04,-.001
3.68084,-1.449594E-04,-1.75477E-04,.001
3.681841,-3.814716E-04,-3.051776E-04,-6.66667E-04
3.682841,-2.28883E-05,7.629453E-06,6.66667E-04
3.683842,-7.629441E-05,6.866502E-05,.001
3.684843,-2.899189E-04,-1.525888E-04,.001
3.685843,-2.822895E-04,-1.602182E-04,6.66667E-04
3.686843,-2.822895E-04,-9.918259E-05,-6.66667E-04
3.687844,-2.365122E-04,4.959144E-04,6.66667E-04
3.688844,-3.356952E-04,6.63761E-04,-6.66667E-04
3.689845,-8.392381E-05,1.06812E-04,-6.66667E-04
3.690845,7.629441E-05,2.059946E-04,-.001
3.691846,1.602182E-04,4.043598E-04,6.66667E-04
3.692847,0,2.288828E-04,-.002
3.693847,3.051781E-05,3.433246E-04,-6.66667E-04
3.694848,9.918259E-05,2.670307E-04,-.002
3.695848,-5.340599E-05,1.3733E-04,-.001
3.696848,-3.50954E-04,4.57766E-05,.001
3.697849,-2.594013E-04,-2.517719E-04,-.001
3.698849,2.28883E-05,-7.629441E-05,6.66667E-04
3.69985,6.103562E-05,2.288828E-04,2.33333E-03
3.70085,2.13624E-04,3.585834E-04,-2.33333E-03
3.701851,1.297006E-04,2.594013E-04,6.66667E-04
3.702852,-3.051781E-05,-1.3733E-04,.001
3.703852,-3.89101E-04,-2.441425E-04,-.002
3.704853,-3.662128E-04,-9.918259E-05,-.002
3.705853,-3.204364E-04,3.814721E-05,6.66667E-04
3.706853,-4.27248E-04,1.06812E-04,.001
3.707854,-3.814721E-05,6.103562E-05,-6.66667E-04
3.708854,2.594013E-04,1.525888E-04,.001
3.709855,2.594013E-04,-2.899189E-04,-6.66667E-04
3.710855,2.212534E-04,-4.196186E-04,2.33333E-03
3.711856,3.280658E-04,-8.392381E-05,.001
3.712857,1.907358E-04,2.594013E-04,6.66667E-04
3.713857,-1.678476E-04,2.975482E-04,-.002
3.714858,0,6.561317E-04,-.001
3.715858,2.594013E-04,4.119892E-04,-.004
3.716858,4.425067E-04,4.196186E-04,-6.66667E-04
3.717859,1.144414E-04,7.629453E-06,6.66667E-04
3.718859,-2.899189E-04,-1.3733E-04,-.001
3.71986,-3.89101E-04,-2.212534E-04,-3.66667E-03
3.72086,-1.297006E-04,-4.577655E-04,6.66667E-04
3.721861,-1.144414E-04,-5.493201E-04,6.66667E-04
3.722862,-2.212534E-04,-1.525891E-05,-6.66667E-04
3.723862,-1.983652E-04,7.629441E-05,-.001
3.724863,-1.449594E-04,6.866502E-05,-6.66667E-04
3.725863,1.449594E-04,4.57766E-05,-6.66667E-04
3.726863,1.297006E-04,1.525891E-05,6.66667E-04
3.727864,1.831064E-04,1.06812E-04,.001
3.728864,-1.831064E-04,-2.670307E-04,-6.66667E-04
3.729865,-2.746601E-04,-2.365122E-04,-3.66667E-03
3.730865,-3.585834E-04,-2.288828E-04,-.001
3.731866,-2.365122E-04,1.831064E-04,-.002
3.732867,-1.602182E-04,5.569495E-04,-6.66667E-04
3.733867,2.517719E-04,1.144414E-04,.002
3.734868,2.365122E-04,-1.525891E-05,.001
3.735868,-1.525891E-05,-3.356952E-04,6.66667E-04
3.736868,-2.594013E-04,-1.297006E-04,-6.66667E-04
3.737869,-6.027259E-04,1.831064E-04,-6.66667E-04
3.73887,-4.88285E-04,2.28883E-05,2.33333E-03
3.73987,-1.06812E-04,-1.983652E-04,.001
3.74087,-2.28883E-05,-3.50954E-04,-6.66667E-04
3.741871,1.602182E-04,-5.111732E-04,-.002
3.742872,4.348774E-04,-3.662128E-04,-.001
3.743872,2.822895E-04,-5.950965E-04,.001
3.744873,4.57766E-05,-7.629432E-04,.001
3.745873,-9.918259E-05,-3.051781E-05,.001
3.746873,-4.577655E-04,1.06812E-04,-2.33333E-03
3.747874,-5.340613E-04,2.517719E-04,-6.66667E-04
3.748875,-1.831064E-04,2.899189E-04,.001
3.749875,-1.602182E-04,-1.297006E-04,2.33333E-03
3.750875,-2.746601E-04,-1.449594E-04,.002
3.751876,1.220712E-04,1.3733E-04,-.001
3.752877,7.476844E-04,3.356952E-04,-.001
3.753877,6.866492E-04,2.517719E-04,.001
3.754878,1.144414E-04,1.907358E-04,-6.66667E-04
3.755878,1.525888E-04,7.629453E-06,-.002
3.756878,3.051781E-05,3.356952E-04,-.001
3.757879,1.3733E-04,4.730243E-04,-.001
3.75888,1.831064E-04,6.866502E-05,-2.33333E-03
3.75988,-3.051781E-05,1.525888E-04,-6.66667E-04
3.76088,-1.06812E-04,2.212534E-04,-6.66667E-04
3.761881,-1.220712E-04,-3.662128E-04,.001
3.762882,-9.15532E-05,-4.27248E-04,-6.66667E-04
3.763882,-1.3733E-04,-4.577655E-04,-.002
3.764883,-1.144414E-04,-4.806537E-04,.001
3.765883,-4.348774E-04,-1.602182E-04,6.66667E-04
3.766883,-3.662128E-04,2.441425E-04,-.001
3.767884,-3.204364E-04,9.15532E-05,-.001
3.768885,4.57766E-05,9.918259E-05,-6.66667E-04
3.769885,4.119892E-04,4.27248E-04,-.001
3.770885,3.50954E-04,2.441425E-04,.001
3.771886,1.831064E-04,6.866502E-05,-6.66667E-04
3.772887,2.517719E-04,2.28883E-05,6.66667E-04
3.773887,2.059946E-04,6.103562E-05,-.002
3.774888,1.907358E-04,1.831064E-04,.001
3.775888,4.57766E-05,-2.28883E-05,.001
3.776888,1.220712E-04,-1.220712E-04,-6.66667E-04
3.777889,3.585834E-04,2.594013E-04,-.001
3.77889,4.88285E-04,6.866502E-05,-6.66667E-04
3.77989,5.340613E-04,-4.57766E-05,-2.33333E-03
3.78089,3.051776E-04,7.629441E-05,-.001
3.781891,2.822895E-04,2.594013E-04,.001
3.782892,5.035438E-04,4.57766E-05,-.001
3.783892,3.814716E-04,-2.975482E-04,-.001
3.784893,3.051781E-05,-5.111732E-04,-2.33333E-03
3.785893,-2.746601E-04,-3.738422E-04,.001
3.786893,-3.662128E-04,-3.12807E-04,-6.66667E-04
3.787894,-2.059946E-04,-3.662128E-04,.001
3.788895,-1.144414E-04,1.449594E-04,-2.33333E-03
3.789895,-3.051781E-05,9.918259E-05,-6.66667E-04
3.790895,-6.103562E-05,9.15532E-05,-.002
3.791896,-1.220712E-04,4.348774E-04,-.001
3.792897,4.57766E-05,2.975482E-04,-6.66667E-04
3.793897,1.525888E-04,6.103562E-05,-6.66667E-04
3.794898,-2.441425E-04,4.730243E-04,-.002
3.795898,-2.28883E-05,5.645789E-04,6.66667E-04
3.796898,2.212534E-04,2.13624E-04,-.001
3.797899,2.594013E-04,4.653949E-04,-6.66667E-04
3.7989,3.204364E-04,2.594013E-04,-6.66667E-04
3.7999,6.256141E-04,-8.392381E-05,-.001
3.8009,4.653949E-04,-3.738422E-04,-6.66667E-04
3.801901,1.831064E-04,3.051781E-05,-6.66667E-04
3.802902,1.449594E-04,4.57766E-05,-.002
3.803902,-1.983652E-04,-1.602182E-04,6.66667E-04
3.804903,-3.814716E-04,-1.449594E-04,.001
3.805903,-4.653949E-04,0,6.66667E-04
3.806903,-3.738422E-04,1.449594E-04,-6.66667E-04
3.807904,-3.204364E-04,3.738422E-04,.001
3.808905,7.629441E-05,2.059946E-04,6.66667E-04
3.809905,-6.103562E-05,3.814721E-05,-.002
3.810905,1.297006E-04,-1.525888E-04,.001
3.811906,2.059946E-04,-1.525891E-05,6.66667E-04
3.812907,1.525891E-05,-1.3733E-04,-6.66667E-04
3.813907,-2.13624E-04,0,-3.66667E-03
3.814908,-1.525888E-04,1.06812E-04,-6.66667E-04
3.815908,-4.57766E-05,-1.525891E-05,6.66667E-04
3.816908,-1.602182E-04,2.822895E-04,-.001
3.817909,9.15532E-05,4.577655E-04,.001
3.81891,6.866502E-05,6.561317E-04,.002
3.81991,1.449594E-04,2.212534E-04,-.001
3.82091,2.059946E-04,-1.75477E-04,6.66667E-04
3.821911,3.662128E-04,-5.874671E-04,-2.33333E-03
3.822912,4.196186E-04,-6.332435E-04,-.001
3.823912,1.602182E-04,-4.806537E-04,6.66667E-04
3.824913,-1.75477E-04,-3.051781E-05,6.66667E-04
3.825913,-9.918259E-05,-2.670307E-04,-.002
3.826913,3.12807E-04,-3.738422E-04,-2.33333E-03
3.827914,2.517719E-04,-5.416907E-04,-.002
3.828915,1.144414E-04,-5.722083E-04,.001
3.829915,2.059946E-04,-3.433246E-04,-3.66667E-03
3.830915,-8.392381E-05,-3.204364E-04,-.001
3.831916,-3.814721E-05,-2.365122E-04,-.001
3.832916,-1.449594E-04,-2.212534E-04,-2.33333E-03
3.833917,-4.196186E-04,3.356952E-04,-.001
3.834918,-4.043598E-04,3.051776E-04,-6.66667E-04
3.835918,-3.89101E-04,-1.525891E-05,6.66667E-04
3.836918,-2.746601E-04,-1.907358E-04,-.002
3.837919,-2.441425E-04,-2.13624E-04,-.001
3.83892,-1.3733E-04,-1.602182E-04,6.66667E-04
3.83992,5.340599E-05,-7.629441E-05,.001
3.84092,-7.629453E-06,-3.662128E-04,-.001
3.841921,-2.517719E-04,-3.280658E-04,.001
3.842921,-9.918259E-05,-2.288828E-04,.001
3.843922,4.57766E-05,-1.678476E-04,.001
3.844923,6.103562E-05,1.983652E-04,-.001
3.845923,-9.918259E-05,7.629441E-05,-.002
3.846923,-2.059946E-04,4.57766E-05,-6.66667E-04
3.847924,-8.392381E-05,-3.356952E-04,-.004
3.848925,9.918259E-05,-7.40055E-04,.001
3.849925,2.13624E-04,-9.231605E-04,-6.66667E-04
3.850925,1.3733E-04,-7.934608E-04,-6.66667E-04
3.851926,-2.899189E-04,-3.356952E-04,6.66667E-04
3.852926,-5.264319E-04,-3.280658E-04,-.001
3.853927,-5.798377E-04,-2.365122E-04,-.001
3.854928,-7.629453E-06,9.918259E-05,-.001
3.855928,1.297006E-04,2.288828E-04,6.66667E-04
3.856929,3.356952E-04,4.196186E-04,.001
3.857929,2.28883E-05,7.476844E-04,6.66667E-04
3.85893,-2.28883E-05,4.348774E-04,-.001
3.85993,3.585834E-04,-1.06812E-04,.001
3.86093,1.678476E-04,-4.348774E-04,-.001
3.861931,-5.340599E-05,-6.256141E-04,6.66667E-04
3.862931,9.918259E-05,-2.594013E-04,-.001
3.863932,-7.629441E-05,-5.340599E-05,-3.66667E-03
3.864933,-3.662128E-04,2.365122E-04,-2.33333E-03
3.865933,-3.433246E-04,2.212534E-04,-.002
3.866934,-4.196186E-04,1.06812E-04,-3.66667E-03
3.867934,-9.15532E-05,3.814721E-05,-6.66667E-04
3.868935,6.866502E-05,4.501361E-04,.001
3.869935,1.525888E-04,3.585834E-04,-.001
3.870935,1.3733E-04,-1.525891E-05,-.001
3.871936,3.051781E-05,4.57766E-05,6.66667E-04
3.872936,-1.602182E-04,-9.15532E-05,6.66667E-04
3.873937,-1.602182E-04,-1.907358E-04,-6.66667E-04
3.874938,-3.204364E-04,-1.907358E-04,-.001
3.875938,-1.831064E-04,5.340599E-05,-6.66667E-04
3.876939,-3.280658E-04,-4.57766E-05,-.001
3.877939,-3.204364E-04,-1.907358E-04,-.001
3.87894,1.525891E-05,-1.75477E-04,.001
3.87994,1.297006E-04,-1.06812E-04,-6.66667E-04
3.88094,-8.392381E-05,6.103562E-05,.002
3.881941,2.975482E-04,-6.103562E-05,-6.66667E-04
3.882941,5.569495E-04,4.57766E-05,-.001
3.883942,5.874671E-04,-3.051781E-05,-6.66667E-04
3.884943,3.50954E-04,-1.525888E-04,-6.66667E-04
3.885943,-3.433246E-04,-2.13624E-04,2.33333E-03
3.886944,-4.27248E-04,6.866502E-05,.001
3.887944,-2.670307E-04,-1.678476E-04,2.33333E-03
3.888945,-2.517719E-04,-2.441425E-04,.001
3.889945,-1.602182E-04,-1.678476E-04,.001
3.890945,-2.288828E-04,2.594013E-04,-6.66667E-04
3.891946,-5.569495E-04,3.585834E-04,-6.66667E-04
3.892946,-4.88285E-04,3.662128E-04,6.66667E-04
3.893947,-1.75477E-04,3.280658E-04,-.001
3.894948,2.899189E-04,1.144414E-04,-6.66667E-04
3.895948,5.264319E-04,2.28883E-05,-6.66667E-04
3.896949,1.297006E-04,1.678476E-04,-6.66667E-04
3.897949,-3.204364E-04,-2.899189E-04,.001
3.89895,-3.356952E-04,-3.967304E-04,6.66667E-04
3.89995,-2.441425E-04,-2.28883E-05,-6.66667E-04
3.90095,8.392381E-05,-1.449594E-04,6.66667E-04
3.901951,-9.918259E-05,-4.425067E-04,-6.66667E-04
3.902952,7.629453E-06,-3.356952E-04,6.66667E-04
3.903952,9.918259E-05,-1.525891E-05,-6.66667E-04
3.904953,2.28883E-05,9.918259E-05,-6.66667E-04
3.905953,-1.525888E-04,1.525891E-05,-.002
3.906954,1.449594E-04,6.866502E-05,2.33333E-03
3.907954,9.918259E-05,2.212534E-04,.001
3.908955,-6.103562E-05,1.75477E-04,-6.66667E-04
3.909955,-6.866502E-05,6.866502E-05,-2.33333E-03
3.910955,-1.525891E-05,0,2.33333E-03
3.911956,-1.678476E-04,9.15532E-05,-.001
3.912957,-3.814716E-04,-9.15532E-05,-.001
3.913957,-3.051776E-04,-3.585834E-04,-.002
3.914958,-2.212534E-04,-4.348774E-04,6.66667E-04
3.915958,2.13624E-04,-1.525891E-05,-6.66667E-04
3.916959,2.594013E-04,5.798377E-04,-.001
3.917959,1.06812E-04,4.196186E-04,-6.66667E-04
3.91896,-5.340599E-05,7.629441E-05,-6.66667E-04
3.91996,-3.814716E-04,-1.907358E-04,-.002
3.92096,-4.806537E-04,-3.051776E-04,-.002
3.921961,-4.653949E-04,-3.280658E-04,.001
3.922962,-1.831064E-04,-4.88285E-04,-3.66667E-03
3.923962,-9.918259E-05,-3.814716E-04,.001
3.924963,-2.594013E-04,-1.907358E-04,-6.66667E-04
3.925963,-2.365122E-04,-9.918259E-05,-.002
3.926964,-1.06812E-04,-3.204364E-04,6.66667E-04
3.927964,6.103562E-05,-2.288828E-04,-.001
3.928965,3.433246E-04,-6.103562E-05,.001
3.929965,4.27248E-04,4.348774E-04,-.001
3.930965,9.918259E-05,2.365122E-04,.001
3.931966,-1.831064E-04,6.103562E-05,-.001
3.932967,-5.340599E-05,1.75477E-04,.001
3.933967,-1.525888E-04,2.975482E-04,-.002
3.934968,-6.866502E-05,3.662128E-04,-6.66667E-04
3.935968,1.602182E-04,4.730243E-04,-6.66667E-04
3.936969,2.212534E-04,5.188026E-04,6.66667E-04
3.937969,2.899189E-04,5.111732E-04,-2.33333E-03
3.93897,6.103553E-04,3.356952E-04,-.002
3.93997,3.662128E-04,-3.051781E-05,-.002
3.94097,2.517719E-04,-1.144414E-04,-.002
3.941971,4.57766E-05,-3.356952E-04,6.66667E-04
3.942972,-1.449594E-04,-5.569495E-04,.001
3.943972,2.365122E-04,-2.594013E-04,6.66667E-04
3.944973,3.814716E-04,-9.918259E-05,-6.66667E-04
3.945973,1.602182E-04,-3.585834E-04,-.001
3.946974,2.899189E-04,-5.493201E-04,-6.66667E-04
3.947974,3.051781E-05,-4.88285E-04,6.66667E-04
3.948975,1.525891E-05,-4.577655E-04,-.002
3.949975,1.75477E-04,-4.577655E-04,6.66667E-04
3.950975,3.12807E-04,-3.204364E-04,-.001
3.951976,1.220712E-04,3.051781E-05,-.001
3.952977,7.629453E-06,0,.001
3.953977,-1.602182E-04,-3.662128E-04,-.002
3.954978,-5.722083E-04,-6.103553E-04,6.66667E-04
3.955978,-2.975482E-04,-2.594013E-04,-.002
3.956979,-2.670307E-04,6.103562E-05,.002
3.957979,-2.288828E-04,2.670307E-04,-.002
3.95898,-7.629453E-06,2.059946E-04,6.66667E-04
3.95998,1.525888E-04,4.57766E-05,6.66667E-04
3.96098,3.280658E-04,-2.059946E-04,.002
3.961981,5.874671E-04,-4.501361E-04,-.002
3.962982,7.01908E-04,-3.204364E-04,.001
3.963982,6.790198E-04,0,6.66667E-04
3.964983,4.57766E-05,0,-.002
3.965983,-2.670307E-04,3.204364E-04,.001
3.966984,-6.866502E-05,3.967304E-04,-6.66667E-04
3.967984,-3.204364E-04,7.324256E-04,6.66667E-04
3.968985,-5.035438E-04,6.408729E-04,-6.66667E-04
3.969985,-5.416907E-04,4.730243E-04,.002
3.970985,-6.713904E-04,1.831064E-04,-.001
3.971986,-7.476844E-04,1.602182E-04,6.66667E-04
3.972987,-5.874671E-04,6.103562E-05,-.001
3.973987,-5.264319E-04,0,-.001
3.974988,-4.730243E-04,-2.517719E-04,-6.66667E-04
3.975988,-3.12807E-04,-2.746601E-04,-.001
3.976989,-1.06812E-04,-1.75477E-04,-.001
3.977989,-2.28883E-05,1.525888E-04,.002
3.97899,-3.433246E-04,3.585834E-04,6.66667E-04
3.97999,-4.27248E-04,6.179847E-04,6.66667E-04
3.98099,1.602182E-04,3.89101E-04,-3.66667E-03
3.981991,2.517719E-04,-1.525891E-05,-6.66667E-04
3.982992,4.57766E-05,-1.907358E-04,.001
3.983992,1.525888E-04,-3.356952E-04,-.001
3.984993,1.525888E-04,-5.264319E-04,-6.66667E-04
3.985993,2.517719E-04,-3.051776E-04,-6.66667E-04
3.986994,1.220712E-04,-1.525891E-05,-.002
3.987994,1.907358E-04,-1.06812E-04,-6.66667E-04
3.988995,1.297006E-04,-3.967304E-04,6.66667E-04
3.989995,-9.15532E-05,-1.602182E-04,-6.66667E-04
3.990995,-3.738422E-04,-1.907358E-04,.001
3.991996,-1.602182E-04,-1.907358E-04,-6.66667E-04
3.992997,-6.866502E-05,1.525888E-04,6.66667E-04
3.993997,-1.06812E-04,9.15532E-05,6.66667E-04
3.994998,-3.051781E-05,2.594013E-04,-.001
3.995998,-2.441425E-04,2.059946E-04,-.001
3.996999,-3.12807E-04,-1.06812E-04,-.001
3.997999,7.629441E-05,-2.975482E-04,6.66667E-04
3.999,2.059946E-04,-4.730243E-04,-2.33333E-03
4,2.13624E-04,-3.967304E-04,-6.66667E-04
