"c:\users\esrlabn1\desktop\bence\ir_spectroscopy\532nm_odmr\magnet_map_2_680nm\141.dat  ---  04-27-2026 22:59:40"
""
"cavityli 20 2 4 2000 1 0 0"
"                             ;                             ;seth_xesr_precise 163.34 1 0 -1.120352250489237"
"setlockin 188.67 0.004 0 0.03 0.2"
4,2000
2,-1.06812E-04,-2.441425E-04,.001
2.001,2.594013E-04,-3.051781E-05,.001
2.002001,3.051776E-04,-5.340599E-05,.001
2.003001,9.918259E-05,2.899189E-04,-.001
2.004002,-2.975482E-04,3.662128E-04,-.002
2.005002,-4.577655E-04,3.662128E-04,-.001
2.006003,-4.653949E-04,6.103562E-05,6.66667E-04
2.007004,-3.738422E-04,3.433246E-04,-.002
2.008004,-1.907358E-04,4.88285E-04,-3.66667E-03
2.009005,-3.204364E-04,2.822895E-04,-6.66667E-04
2.010005,-6.790198E-04,3.12807E-04,-3.66667E-03
2.011005,-6.561317E-04,3.12807E-04,-.002
2.012006,-7.247962E-04,5.798377E-04,-.001
2.013006,-6.485023E-04,8.010902E-04,6.66667E-04
2.014007,7.629453E-06,2.594013E-04,.001
2.015007,-6.103562E-05,1.907358E-04,-6.66667E-04
2.016008,2.28883E-05,6.103562E-05,-6.66667E-04
2.017009,-1.3733E-04,4.57766E-05,6.66667E-04
2.018009,-5.035438E-04,2.288828E-04,-.002
2.01901,-4.425067E-04,-1.06812E-04,-.001
2.02001,-3.662128E-04,-3.280658E-04,.001
2.02101,-6.332435E-04,-1.831064E-04,.002
2.022011,-2.517719E-04,3.814721E-05,-.001
2.023011,-3.814721E-05,6.866502E-05,.001
2.024012,-3.738422E-04,2.28883E-05,-.001
2.025012,-3.738422E-04,-8.392381E-05,-6.66667E-04
2.026013,-2.288828E-04,-3.12807E-04,-6.66667E-04
2.027014,-3.051781E-05,-1.678476E-04,6.66667E-04
2.028014,4.57766E-05,1.297006E-04,6.66667E-04
2.029015,-1.06812E-04,3.814721E-05,-6.66667E-04
2.030015,-7.629441E-05,1.525888E-04,-2.33333E-03
2.031015,-5.340599E-05,-7.629453E-06,-.001
2.032016,-1.907358E-04,2.365122E-04,.001
2.033016,-2.212534E-04,2.365122E-04,-.002
2.034017,-1.831064E-04,1.144414E-04,6.66667E-04
2.035017,-2.594013E-04,-1.525891E-05,-.001
2.036018,-3.50954E-04,-1.525888E-04,.001
2.037019,-1.06812E-04,-3.051776E-04,-.002
2.038019,1.907358E-04,-4.043598E-04,-6.66667E-04
2.03902,-2.13624E-04,-3.738422E-04,-.001
2.04002,-1.75477E-04,4.57766E-05,.002
2.04102,5.340599E-05,7.629441E-05,6.66667E-04
2.042021,-9.15532E-05,2.594013E-04,2.33333E-03
2.043021,-1.907358E-04,1.983652E-04,.001
2.044022,-1.3733E-04,9.15532E-05,-.001
2.045022,-8.392381E-05,2.288828E-04,.001
2.046023,-7.629441E-05,-7.629453E-06,.001
2.047024,-4.57766E-05,-2.13624E-04,-6.66667E-04
2.048024,1.297006E-04,-5.722083E-04,6.66667E-04
2.049025,-7.629441E-05,-4.27248E-04,-.002
2.050025,-1.3733E-04,-2.288828E-04,-3.66667E-03
2.051026,6.103562E-05,-2.594013E-04,-6.66667E-04
2.052026,2.28883E-05,-1.602182E-04,-.001
2.053026,1.3733E-04,-3.585834E-04,-2.33333E-03
2.054027,0,-4.119892E-04,6.66667E-04
2.055027,-5.340599E-05,-2.670307E-04,-3.66667E-03
2.056028,3.204364E-04,-5.340599E-05,-.002
2.057029,3.585834E-04,-1.3733E-04,-6.66667E-04
2.058029,-1.06812E-04,0,6.66667E-04
2.05903,-4.27248E-04,8.392381E-05,6.66667E-04
2.06003,-3.585834E-04,-1.525891E-05,-6.66667E-04
2.061031,-6.485023E-04,-1.06812E-04,6.66667E-04
2.062031,-3.89101E-04,-2.13624E-04,6.66667E-04
2.063031,-1.75477E-04,1.220712E-04,-.002
2.064032,-9.918259E-05,-1.907358E-04,6.66667E-04
2.065032,-5.340599E-05,-1.678476E-04,2.33333E-03
2.066033,-3.738422E-04,9.15532E-05,6.66667E-04
2.067034,-4.348774E-04,9.15532E-05,-.001
2.068034,-1.525888E-04,-6.103562E-05,-6.66667E-04
2.069035,2.288828E-04,1.525891E-05,-6.66667E-04
2.070035,4.959144E-04,9.918259E-05,-.001
2.071036,1.525888E-04,1.3733E-04,-.001
2.072036,-3.738422E-04,1.525888E-04,-6.66667E-04
2.073036,-2.517719E-04,2.594013E-04,-6.66667E-04
2.074037,-2.517719E-04,1.525888E-04,-.001
2.075037,1.831064E-04,-2.13624E-04,6.66667E-04
2.076038,3.356952E-04,-2.670307E-04,2.33333E-03
2.077039,1.525888E-04,-2.059946E-04,.001
2.078039,1.602182E-04,-1.678476E-04,-6.66667E-04
2.07904,-2.517719E-04,-2.822895E-04,-6.66667E-04
2.08004,-6.256141E-04,-4.27248E-04,2.33333E-03
2.081041,-6.408729E-04,-3.204364E-04,-2.33333E-03
2.082041,-4.119892E-04,1.06812E-04,6.66667E-04
2.083041,-1.75477E-04,9.918259E-05,-.002
2.084042,-2.517719E-04,1.297006E-04,-.001
2.085042,1.525891E-05,2.441425E-04,-.002
2.086043,1.983652E-04,2.975482E-04,-6.66667E-04
2.087044,-7.629441E-05,3.12807E-04,-.001
2.088044,2.13624E-04,-5.340599E-05,-.001
2.089045,2.594013E-04,1.525891E-05,2.33333E-03
2.090045,1.525888E-04,2.975482E-04,-6.66667E-04
2.091046,2.899189E-04,5.569495E-04,.001
2.092046,1.3733E-04,3.50954E-04,.001
2.093046,5.340599E-05,1.06812E-04,-.002
2.094047,8.392381E-05,-7.629441E-05,-6.66667E-04
2.095047,2.441425E-04,7.629453E-06,6.66667E-04
2.096048,-2.822895E-04,-1.602182E-04,-.002
2.097049,-2.517719E-04,-1.602182E-04,.001
2.098049,-3.051776E-04,0,-.001
2.09905,1.907358E-04,6.866502E-05,-.001
2.10005,7.40055E-04,5.340599E-05,-.002
2.101051,8.850135E-04,-2.13624E-04,-6.66667E-04
2.102051,8.926429E-04,-7.629453E-06,.002
2.103051,8.392371E-04,-6.866502E-05,-.002
2.104052,6.256141E-04,7.629453E-06,.001
2.105052,7.629453E-06,1.525888E-04,-6.66667E-04
2.106053,-3.814721E-05,1.449594E-04,-.001
2.107054,1.144414E-04,1.449594E-04,-.002
2.108054,-7.629441E-05,-7.629453E-06,6.66667E-04
2.109055,0,1.297006E-04,6.66667E-04
2.110055,-3.12807E-04,1.06812E-04,6.66667E-04
2.111056,-2.670307E-04,1.525888E-04,-.002
2.112056,-9.15532E-05,8.392381E-05,-6.66667E-04
2.113056,1.3733E-04,6.103562E-05,-.001
2.114057,4.196186E-04,1.525888E-04,6.66667E-04
2.115057,4.88285E-04,-6.866502E-05,-6.66667E-04
2.116058,5.264319E-04,-1.525891E-05,-6.66667E-04
2.117059,4.959144E-04,6.103562E-05,-6.66667E-04
2.118059,5.111732E-04,-5.340599E-05,6.66667E-04
2.11906,4.196186E-04,9.918259E-05,-6.66667E-04
2.12006,3.662128E-04,3.814721E-05,-.001
2.121061,9.15532E-05,-7.629453E-06,-6.66667E-04
2.122061,-1.06812E-04,-3.814716E-04,-.002
2.123062,-4.119892E-04,-4.806537E-04,6.66667E-04
2.124062,-2.899189E-04,-2.670307E-04,-6.66667E-04
2.125062,-4.57766E-05,-2.746601E-04,6.66667E-04
2.126063,3.356952E-04,-6.103562E-05,6.66667E-04
2.127064,4.577655E-04,-2.822895E-04,6.66667E-04
2.128064,3.12807E-04,-4.119892E-04,2.33333E-03
2.129065,3.50954E-04,-8.392381E-05,-6.66667E-04
2.130065,2.212534E-04,-1.678476E-04,-.002
2.131066,-1.678476E-04,-1.144414E-04,-6.66667E-04
2.132066,-1.297006E-04,4.577655E-04,.001
2.133067,-1.144414E-04,4.348774E-04,-6.66667E-04
2.134067,2.594013E-04,-2.28883E-05,-6.66667E-04
2.135067,3.662128E-04,-9.15532E-05,.001
2.136068,2.594013E-04,-6.866502E-05,-.002
2.137069,7.629441E-05,-1.678476E-04,-.002
2.138069,9.918259E-05,-1.06812E-04,6.66667E-04
2.13907,0,-7.629441E-05,-.002
2.14007,-1.06812E-04,-1.297006E-04,-.002
2.141071,-2.288828E-04,-2.13624E-04,-6.66667E-04
2.142071,-1.525888E-04,-3.204364E-04,-2.33333E-03
2.143072,-1.06812E-04,-5.493201E-04,6.66667E-04
2.144072,-1.144414E-04,-4.425067E-04,-.001
2.145072,-6.103562E-05,-2.822895E-04,-6.66667E-04
2.146073,1.144414E-04,-1.831064E-04,-.001
2.147074,4.57766E-05,6.866502E-05,2.33333E-03
2.148074,7.629453E-06,-2.28883E-05,6.66667E-04
2.149075,-9.918259E-05,2.517719E-04,6.66667E-04
2.150075,-7.629453E-06,5.416907E-04,-.002
2.151076,9.918259E-05,3.280658E-04,-.001
2.152076,2.288828E-04,-6.866502E-05,-6.66667E-04
2.153077,2.594013E-04,-8.392381E-05,-.001
2.154077,3.356952E-04,3.356952E-04,-.001
2.155077,1.602182E-04,1.907358E-04,-6.66667E-04
2.156078,-1.602182E-04,1.3733E-04,.001
2.157079,-1.678476E-04,-2.670307E-04,.001
2.158079,-1.525888E-04,-2.517719E-04,.001
2.15908,-4.27248E-04,-3.204364E-04,-6.66667E-04
2.16008,-3.738422E-04,-3.967304E-04,6.66667E-04
2.161081,-6.256141E-04,-5.340599E-05,-.001
2.162081,-3.204364E-04,4.959144E-04,6.66667E-04
2.163082,3.280658E-04,2.517719E-04,-.001
2.164082,2.899189E-04,7.629453E-06,.001
2.165082,-5.340599E-05,2.441425E-04,6.66667E-04
2.166083,-3.814721E-05,4.196186E-04,-.002
2.167084,7.629453E-06,2.13624E-04,.002
2.168084,2.059946E-04,-1.602182E-04,.002
2.169085,2.059946E-04,-5.874671E-04,-2.33333E-03
2.170085,-7.629453E-06,-5.416907E-04,-2.33333E-03
2.171086,-2.670307E-04,-4.88285E-04,-.001
2.172086,-1.144414E-04,-5.340613E-04,6.66667E-04
2.173087,4.57766E-05,-5.874671E-04,-.001
2.174087,1.144414E-04,-5.874671E-04,6.66667E-04
2.175087,2.822895E-04,-1.678476E-04,.001
2.176088,4.196186E-04,-4.57766E-05,-.001
2.177088,4.196186E-04,3.051781E-05,-3.66667E-03
2.178089,3.12807E-04,-1.144414E-04,-.001
2.17909,6.866502E-05,9.918259E-05,-6.66667E-04
2.18009,2.212534E-04,-8.392381E-05,-6.66667E-04
2.181091,-3.051781E-05,-3.204364E-04,.001
2.182091,-2.899189E-04,1.297006E-04,6.66667E-04
2.183092,-1.449594E-04,3.585834E-04,6.66667E-04
2.184092,-4.730243E-04,1.678476E-04,.001
2.185092,-2.288828E-04,6.103562E-05,.002
2.186093,-9.918259E-05,2.594013E-04,.002
2.187093,-1.297006E-04,-1.06812E-04,-.001
2.188094,-1.983652E-04,-2.975482E-04,-6.66667E-04
2.189095,-5.340599E-05,-1.06812E-04,-2.33333E-03
2.190095,-6.866502E-05,3.814721E-05,-6.66667E-04
2.191096,-1.06812E-04,1.449594E-04,-6.66667E-04
2.192096,-4.119892E-04,2.212534E-04,-.001
2.193097,-4.425067E-04,3.50954E-04,-.002
2.194097,3.433246E-04,3.50954E-04,-.001
2.195097,4.425067E-04,2.517719E-04,-2.33333E-03
2.196098,4.27248E-04,-9.15532E-05,.001
2.197098,4.27248E-04,-1.06812E-04,-.001
2.198099,2.594013E-04,-2.365122E-04,-6.66667E-04
2.1991,3.356952E-04,-2.441425E-04,-.002
2.2001,3.12807E-04,-3.814721E-05,-6.66667E-04
2.201101,4.425067E-04,4.57766E-05,.001
2.202101,3.50954E-04,-1.525891E-05,-.002
2.203102,1.525888E-04,-5.340599E-05,6.66667E-04
2.204102,-8.392381E-05,9.918259E-05,-6.66667E-04
2.205102,3.89101E-04,1.525888E-04,-6.66667E-04
2.206103,2.594013E-04,1.144414E-04,.001
2.207103,-3.051781E-05,-1.602182E-04,-.001
2.208104,1.983652E-04,-2.822895E-04,-.001
2.209105,-6.866502E-05,-3.356952E-04,.001
2.210105,-3.204364E-04,-3.738422E-04,-6.66667E-04
2.211106,-5.874671E-04,-1.983652E-04,-.001
2.212106,-5.416907E-04,2.365122E-04,-.001
2.213107,-5.035438E-04,3.814716E-04,-.001
2.214107,-4.577655E-04,2.822895E-04,.001
2.215107,-2.517719E-04,-2.28883E-05,.001
2.216108,1.602182E-04,3.051781E-05,-.002
2.217108,3.12807E-04,-2.746601E-04,-6.66667E-04
2.218109,6.027259E-04,-1.678476E-04,-6.66667E-04
2.21911,7.171668E-04,1.06812E-04,6.66667E-04
2.22011,6.63761E-04,2.288828E-04,-6.66667E-04
2.221111,6.179847E-04,7.629441E-05,-6.66667E-04
2.222111,4.501361E-04,4.57766E-05,.002
2.223112,3.12807E-04,2.28883E-05,-2.33333E-03
2.224112,9.15532E-05,2.365122E-04,-.002
2.225112,1.06812E-04,3.12807E-04,-3.66667E-03
2.226113,-2.365122E-04,3.89101E-04,-6.66667E-04
2.227113,-4.425067E-04,3.50954E-04,.001
2.228114,-5.111732E-04,2.28883E-05,-6.66667E-04
2.229115,-1.75477E-04,2.441425E-04,-.002
2.230115,-5.340599E-05,-7.629453E-06,6.66667E-04
2.231116,1.449594E-04,1.907358E-04,-.001
2.232116,9.918259E-05,7.629453E-06,-.002
2.233117,3.814716E-04,-2.670307E-04,-.002
2.234117,4.196186E-04,-4.27248E-04,-6.66667E-04
2.235118,1.602182E-04,-2.746601E-04,-6.66667E-04
2.236118,2.899189E-04,-2.670307E-04,-.001
2.237118,1.220712E-04,-2.517719E-04,.001
2.238119,-1.831064E-04,-5.340599E-05,6.66667E-04
2.23912,-2.670307E-04,1.297006E-04,6.66667E-04
2.24012,-4.196186E-04,1.75477E-04,-.001
2.241121,-1.449594E-04,9.918259E-05,6.66667E-04
2.242121,1.220712E-04,1.220712E-04,-6.66667E-04
2.243122,4.57766E-05,-6.103562E-05,2.33333E-03
2.244122,9.918259E-05,-8.392381E-05,-.001
2.245123,-3.051781E-05,3.051781E-05,-6.66667E-04
2.246123,-2.594013E-04,3.051781E-05,6.66667E-04
2.247123,-9.15532E-05,-1.602182E-04,-6.66667E-04
2.248124,-7.629441E-05,-2.670307E-04,-6.66667E-04
2.249125,-1.75477E-04,-4.27248E-04,-.001
2.250125,-2.212534E-04,-5.111732E-04,-2.33333E-03
2.251126,6.866502E-05,4.57766E-05,-.002
2.252126,-7.629453E-06,3.051776E-04,.001
2.253127,-3.738422E-04,2.212534E-04,-6.66667E-04
2.254127,-4.348774E-04,5.035438E-04,-.002
2.255128,-9.15532E-05,7.247962E-04,-.001
2.256128,-2.822895E-04,7.324256E-04,-.001
2.257128,-4.196186E-04,4.57766E-05,.002
2.258129,-6.866502E-05,-2.28883E-05,-.001
2.25913,-6.866502E-05,-2.13624E-04,-6.66667E-04
2.26013,-3.738422E-04,-5.111732E-04,-6.66667E-04
2.261131,-3.662128E-04,-3.738422E-04,-.001
2.262131,-2.822895E-04,-1.907358E-04,-6.66667E-04
2.263132,-5.340599E-05,-1.297006E-04,-6.66667E-04
2.264132,2.822895E-04,-1.3733E-04,-3.66667E-03
2.265133,7.629441E-05,0,-.002
2.266133,6.866502E-05,-5.340599E-05,-6.66667E-04
2.267133,2.28883E-05,-1.983652E-04,-6.66667E-04
2.268134,-1.06812E-04,-2.899189E-04,6.66667E-04
2.269135,-1.449594E-04,-1.907358E-04,6.66667E-04
2.270135,3.204364E-04,-3.814721E-05,6.66667E-04
2.271136,3.433246E-04,-7.629441E-05,6.66667E-04
2.272136,6.256141E-04,-2.670307E-04,-.001
2.273137,1.678476E-04,-4.119892E-04,-.002
2.274137,-4.57766E-05,1.525888E-04,6.66667E-04
2.275138,1.907358E-04,5.416907E-04,-6.66667E-04
2.276138,2.365122E-04,8.392381E-05,-.002
2.277139,2.746601E-04,9.918259E-05,.001
2.278139,-1.06812E-04,1.06812E-04,.001
2.27914,-6.866492E-04,-3.738422E-04,-.002
2.28014,-4.27248E-04,-3.50954E-04,.001
2.281141,-2.288828E-04,-1.525891E-05,-.002
2.282141,-2.059946E-04,2.288828E-04,6.66667E-04
2.283142,-2.365122E-04,-2.13624E-04,-.001
2.284142,-4.27248E-04,1.525888E-04,-6.66667E-04
2.285143,-8.468665E-04,3.89101E-04,6.66667E-04
2.286143,-9.53678E-04,1.678476E-04,-6.66667E-04
2.287144,-9.613074E-04,6.103562E-05,-6.66667E-04
2.288144,-6.256141E-04,-9.15532E-05,-.001
2.289145,-1.297006E-04,1.525888E-04,-.001
2.290145,1.449594E-04,7.629441E-05,-.001
2.291146,3.12807E-04,9.15532E-05,-.002
2.292146,5.340613E-04,1.525888E-04,-.002
2.293147,4.196186E-04,6.866502E-05,-6.66667E-04
2.294147,1.3733E-04,2.288828E-04,-.001
2.295148,-5.340599E-05,-3.814721E-05,2.33333E-03
2.296148,-1.907358E-04,-2.212534E-04,-.001
2.297149,-3.814721E-05,-3.051776E-04,-6.66667E-04
2.298149,3.814721E-05,-2.670307E-04,-6.66667E-04
2.29915,3.356952E-04,-2.059946E-04,-.002
2.30015,2.899189E-04,-1.75477E-04,-.001
2.301151,0,-1.602182E-04,-.001
2.302151,-2.517719E-04,-1.75477E-04,-.001
2.303152,-3.662128E-04,9.918259E-05,-.002
2.304152,-1.831064E-04,6.866502E-05,.001
2.305153,-3.738422E-04,-3.738422E-04,6.66667E-04
2.306153,-7.553138E-04,5.340599E-05,.002
2.307154,-5.950965E-04,2.517719E-04,6.66667E-04
2.308154,-3.204364E-04,4.57766E-05,-.001
2.309155,5.340599E-05,2.28883E-05,-3.66667E-03
2.310155,5.340599E-05,1.831064E-04,-2.33333E-03
2.311156,-1.525891E-05,1.678476E-04,6.66667E-04
2.312156,-1.75477E-04,7.78202E-04,-.002
2.313157,-3.051776E-04,3.967304E-04,.002
2.314157,-1.144414E-04,2.822895E-04,-.002
2.315158,-2.059946E-04,5.416907E-04,-3.66667E-03
2.316158,-2.746601E-04,4.196186E-04,-.001
2.317159,-2.899189E-04,-1.144414E-04,6.66667E-04
2.318159,-4.043598E-04,-7.40055E-04,-.001
2.31916,-4.196186E-04,-5.874671E-04,-.002
2.32016,-2.670307E-04,-2.746601E-04,6.66667E-04
2.321161,-2.13624E-04,-1.907358E-04,-6.66667E-04
2.322161,9.15532E-05,9.15532E-05,-.001
2.323162,4.730243E-04,1.602182E-04,-6.66667E-04
2.324162,9.15532E-05,-1.06812E-04,-3.66667E-03
2.325163,4.57766E-05,-2.288828E-04,.001
2.326163,3.967304E-04,-6.866502E-05,6.66667E-04
2.327164,4.27248E-04,9.918259E-05,-.001
2.328164,4.730243E-04,2.822895E-04,-.001
2.329165,3.051776E-04,2.594013E-04,-.002
2.330165,1.678476E-04,6.103562E-05,6.66667E-04
2.331166,-6.866502E-05,2.441425E-04,-2.33333E-03
2.332166,5.340599E-05,-1.525891E-05,6.66667E-04
2.333167,2.365122E-04,-1.983652E-04,-.002
2.334167,2.28883E-05,-2.288828E-04,-.001
2.335168,2.28883E-05,-2.975482E-04,6.66667E-04
2.336168,-3.12807E-04,-6.408729E-04,-2.33333E-03
2.337169,-7.476844E-04,-2.13624E-04,.001
2.338169,-7.171668E-04,2.212534E-04,-.001
2.33917,-6.408729E-04,9.918259E-05,-.001
2.34017,-1.75477E-04,1.525888E-04,6.66667E-04
2.341171,-7.629453E-06,-1.831064E-04,-3.66667E-03
2.342171,-2.288828E-04,-5.874671E-04,-.001
2.343172,-1.297006E-04,-4.806537E-04,.002
2.344172,6.866502E-05,-1.907358E-04,-6.66667E-04
2.345173,2.441425E-04,2.288828E-04,.001
2.346173,-1.831064E-04,1.678476E-04,-.001
2.347174,-1.75477E-04,-4.57766E-05,-.002
2.348174,-3.204364E-04,-1.831064E-04,-.002
2.349174,-2.670307E-04,1.831064E-04,-6.66667E-04
2.350175,-2.288828E-04,2.212534E-04,.001
2.351176,-6.866502E-05,5.340599E-05,-.001
2.352176,6.103562E-05,4.57766E-05,-.002
2.353177,4.043598E-04,3.051781E-05,.001
2.354177,7.171668E-04,-2.441425E-04,-.002
2.355178,2.288828E-04,-4.27248E-04,-.001
2.356178,-2.13624E-04,-2.517719E-04,6.66667E-04
2.357179,9.918259E-05,0,.001
2.358179,1.907358E-04,1.525888E-04,-.002
2.359179,3.12807E-04,7.629453E-06,.001
2.36018,3.50954E-04,3.433246E-04,-.001
2.361181,1.297006E-04,1.75477E-04,.001
2.362181,-2.441425E-04,-3.50954E-04,-.002
2.363182,-5.722083E-04,-4.27248E-04,-.001
2.364182,-5.111732E-04,-2.670307E-04,.002
2.365183,-9.155311E-04,-1.449594E-04,-6.66667E-04
2.366183,-8.621253E-04,-2.822895E-04,-.002
2.367184,-6.866492E-04,1.525888E-04,-.001
2.368184,-4.348774E-04,1.525888E-04,-6.66667E-04
2.369184,-3.662128E-04,-3.433246E-04,6.66667E-04
2.370185,-2.28883E-05,-5.264319E-04,6.66667E-04
2.371186,8.392381E-05,-1.831064E-04,-.001
2.372186,-1.3733E-04,-1.678476E-04,-2.33333E-03
2.373187,-2.822895E-04,-9.918259E-05,6.66667E-04
2.374187,-2.059946E-04,3.50954E-04,-6.66667E-04
2.375188,-6.485023E-04,4.653949E-04,.001
2.376188,-5.340613E-04,4.425067E-04,-.001
2.377189,-5.950965E-04,3.50954E-04,-6.66667E-04
2.378189,-5.264319E-04,2.059946E-04,6.66667E-04
2.379189,-4.959144E-04,-1.06812E-04,-6.66667E-04
2.38019,-6.332435E-04,-1.678476E-04,-6.66667E-04
2.381191,-4.88285E-04,-1.602182E-04,6.66667E-04
2.382191,-5.188026E-04,0,6.66667E-04
2.383192,-1.3733E-04,-1.220712E-04,.001
2.384192,-1.3733E-04,-4.730243E-04,-.002
2.385193,-1.602182E-04,-4.27248E-04,6.66667E-04
2.386193,-1.678476E-04,-7.629441E-05,-.001
2.387194,-4.806537E-04,4.730243E-04,2.33333E-03
2.388194,-5.493201E-04,6.866492E-04,.002
2.389194,-5.874671E-04,3.738422E-04,.001
2.390195,-7.171668E-04,5.340613E-04,-.002
2.391196,-8.773841E-04,2.822895E-04,-.001
2.392196,-7.629432E-04,1.983652E-04,.001
2.393197,-2.13624E-04,9.918259E-05,6.66667E-04
2.394197,-1.907358E-04,2.059946E-04,-.002
2.395198,-1.06812E-04,1.831064E-04,-.001
2.396198,-2.365122E-04,1.06812E-04,6.66667E-04
2.397199,-5.416907E-04,-1.144414E-04,-2.33333E-03
2.398199,-6.942786E-04,-3.12807E-04,-.002
2.399199,-6.942786E-04,-2.28883E-05,6.66667E-04
2.4002,-5.188026E-04,0,-.001
2.401201,-7.324256E-04,-3.814721E-05,.001
2.402201,-6.713904E-04,-1.449594E-04,6.66667E-04
2.403202,-6.256141E-04,3.051781E-05,-.002
2.404202,-4.119892E-04,2.975482E-04,-6.66667E-04
2.405203,-3.738422E-04,2.059946E-04,-2.33333E-03
2.406203,-2.288828E-04,-9.15532E-05,-2.33333E-03
2.407204,1.831064E-04,-2.594013E-04,-.001
2.408204,1.831064E-04,-1.678476E-04,-6.66667E-04
2.409204,1.831064E-04,3.50954E-04,-.002
2.410205,1.144414E-04,2.670307E-04,-2.33333E-03
2.411206,3.662128E-04,1.983652E-04,-.001
2.412206,5.798377E-04,3.204364E-04,-.002
2.413207,4.959144E-04,1.297006E-04,-6.66667E-04
2.414207,-1.525891E-05,-5.340599E-05,-6.66667E-04
2.415208,-6.866502E-05,-7.629453E-06,-.002
2.416208,-7.629453E-06,-7.629453E-06,-.002
2.417209,1.75477E-04,-1.220712E-04,-6.66667E-04
2.418209,-1.907358E-04,4.57766E-05,6.66667E-04
2.41921,-1.297006E-04,0,6.66667E-04
2.42021,-2.975482E-04,2.594013E-04,-.001
2.421211,-2.13624E-04,3.89101E-04,-.001
2.422211,-2.212534E-04,2.441425E-04,-.002
2.423212,-4.806537E-04,9.918259E-05,-.002
2.424212,-2.594013E-04,1.525888E-04,.001
2.425213,-3.738422E-04,2.288828E-04,-6.66667E-04
2.426213,-3.738422E-04,-2.28883E-05,.001
2.427214,-4.119892E-04,2.365122E-04,-3.66667E-03
2.428214,-4.577655E-04,2.441425E-04,-6.66667E-04
2.429215,-4.88285E-04,-1.602182E-04,.001
2.430215,-8.850135E-04,-1.525888E-04,.001
2.431216,-1.297005E-03,-2.28883E-05,6.66667E-04
2.432216,-1.327522E-03,-8.392381E-05,-.001
2.433217,-2.029434E-03,2.059946E-04,6.66667E-04
2.434217,-2.83815E-03,8.392381E-05,.002
2.435218,-3.913909E-03,9.918259E-05,-6.66667E-04
2.436218,-5.53897E-03,2.975482E-04,-.001
2.437219,-7.041961E-03,4.88285E-04,-6.66667E-04
2.438219,-8.750975E-03,5.493201E-04,-.001
2.43922,-1.121527E-02,9.307899E-04,-.001
2.44022,-.0151673,4.577655E-04,-.001
2.441221,-1.932538E-02,6.103562E-05,.001
2.442221,-2.254498E-02,-8.392381E-05,-6.66667E-04
2.443222,-.0245744,-5.340599E-05,-.001
2.444222,-.0254823,-1.525888E-04,-6.66667E-04
2.445223,-2.534497E-02,-1.220712E-04,6.66667E-04
2.446223,-2.344525E-02,-1.525888E-04,-.001
2.447224,-2.020276E-02,1.602182E-04,.002
2.448224,-1.626599E-02,1.907358E-04,-6.66667E-04
2.449225,-1.287848E-02,2.28883E-05,.001
2.450225,-1.004034E-02,4.57766E-05,-6.66667E-04
2.451226,-7.217437E-03,7.629441E-05,.001
2.452226,-5.119354E-03,2.975482E-04,-6.66667E-04
2.453227,-3.562942E-03,6.332435E-04,.001
2.454227,-2.159134E-03,6.332435E-04,-6.66667E-04
2.455228,-1.289375E-03,7.934608E-04,-.001
2.456228,-9.002723E-04,6.790198E-04,-.004
2.457229,-7.629432E-04,4.196186E-04,-6.66667E-04
2.458229,-5.264319E-04,6.866502E-05,-6.66667E-04
2.45923,-5.340613E-04,-1.525891E-05,.004
2.46023,-5.340613E-04,2.517719E-04,-.001
2.461231,-6.866502E-05,4.653949E-04,-3.66667E-03
2.462231,-2.288828E-04,5.798377E-04,-.002
2.463232,2.059946E-04,5.188026E-04,-6.66667E-04
2.464232,1.907358E-04,1.449594E-04,-3.66667E-03
2.465233,3.12807E-04,1.602182E-04,-6.66667E-04
2.466233,2.975482E-04,-1.907358E-04,-.001
2.467234,2.059946E-04,-1.525891E-05,-.001
2.468234,7.629453E-06,2.059946E-04,-.002
2.469235,2.059946E-04,8.392381E-05,-6.66667E-04
2.470235,2.594013E-04,-2.670307E-04,-.001
2.471236,3.662128E-04,1.525888E-04,-.001
2.472236,6.561317E-04,1.831064E-04,6.66667E-04
2.473237,5.798377E-04,6.866502E-05,-.001
2.474237,2.746601E-04,0,-.002
2.475238,3.356952E-04,9.918259E-05,6.66667E-04
2.476238,1.220712E-04,3.204364E-04,-.001
2.477239,-5.340599E-05,3.585834E-04,-.001
2.478239,-1.220712E-04,1.678476E-04,-6.66667E-04
2.47924,-8.392381E-05,-3.051781E-05,-6.66667E-04
2.48024,2.365122E-04,-6.866502E-05,-.001
2.481241,3.433246E-04,7.629453E-06,-6.66667E-04
2.482241,-2.441425E-04,9.918259E-05,-.001
2.483242,-2.822895E-04,1.525888E-04,.001
2.484242,9.918259E-05,1.06812E-04,-6.66667E-04
2.485243,-9.918259E-05,-1.907358E-04,-2.33333E-03
2.486243,-8.392381E-05,-2.975482E-04,-6.66667E-04
2.487244,1.297006E-04,-2.28883E-05,6.66667E-04
2.488244,5.340599E-05,1.983652E-04,-.001
2.489245,2.441425E-04,6.942786E-04,-.002
2.490245,3.12807E-04,3.738422E-04,-.001
2.491246,1.75477E-04,2.441425E-04,-.002
2.492246,1.449594E-04,3.12807E-04,-.002
2.493247,1.06812E-04,-1.525891E-05,6.66667E-04
2.494247,3.12807E-04,-8.392381E-05,-6.66667E-04
2.495248,5.493201E-04,1.525891E-05,6.66667E-04
2.496248,3.967304E-04,2.288828E-04,6.66667E-04
2.497249,-3.051781E-05,2.441425E-04,.001
2.498249,-4.88285E-04,1.525891E-05,-.001
2.49925,-7.629432E-04,1.144414E-04,-.002
2.50025,-5.645789E-04,-1.831064E-04,-.002
2.501251,-3.662128E-04,-1.907358E-04,-6.66667E-04
2.502251,-1.3733E-04,-3.051781E-05,-6.66667E-04
2.503252,2.13624E-04,-9.15532E-05,.001
2.504252,9.918259E-05,-9.15532E-05,-.001
2.505253,-2.28883E-05,-3.051781E-05,-.001
2.506253,-1.678476E-04,-3.89101E-04,6.66667E-04
2.507254,-1.3733E-04,3.814721E-05,-.002
2.508254,-4.425067E-04,4.653949E-04,-.001
2.509255,-7.705726E-04,5.493201E-04,6.66667E-04
2.510255,-1.060493E-03,2.365122E-04,-.002
2.511256,-8.621253E-04,2.212534E-04,-6.66667E-04
2.512256,-1.06812E-04,2.13624E-04,-6.66667E-04
2.513257,-7.629453E-06,3.051776E-04,-.001
2.514257,-2.28883E-05,4.501361E-04,-.001
2.515258,-6.103562E-05,3.356952E-04,-6.66667E-04
2.516258,-4.57766E-05,3.12807E-04,-2.33333E-03
2.517259,-1.907358E-04,-1.831064E-04,-6.66667E-04
2.518259,-2.670307E-04,-3.50954E-04,.002
2.51926,-2.594013E-04,-1.220712E-04,-.001
2.52026,-3.204364E-04,4.57766E-05,-.002
2.521261,-1.297006E-04,2.28883E-05,.002
2.522261,-2.594013E-04,9.918259E-05,-2.33333E-03
2.523262,-1.602182E-04,1.525888E-04,6.66667E-04
2.524262,-1.602182E-04,4.57766E-05,-.002
2.525263,-6.866502E-05,-1.907358E-04,.001
2.526263,-1.06812E-04,-2.670307E-04,-6.66667E-04
2.527264,9.918259E-05,-2.13624E-04,.002
2.528264,-3.433246E-04,-3.967304E-04,-6.66667E-04
2.529265,-2.13624E-04,-4.806537E-04,-6.66667E-04
2.530265,-3.585834E-04,-3.662128E-04,.002
2.531266,-2.13624E-04,-4.348774E-04,6.66667E-04
2.532266,3.051781E-05,-4.730243E-04,-6.66667E-04
2.533267,-9.918259E-05,-4.348774E-04,-6.66667E-04
2.534267,-1.06812E-04,-3.051781E-05,6.66667E-04
2.535268,6.103562E-05,1.297006E-04,-6.66667E-04
2.536268,2.059946E-04,3.967304E-04,-.002
2.537269,2.594013E-04,9.231605E-04,6.66667E-04
2.538269,-3.051781E-05,7.934608E-04,-.002
2.53927,-7.629441E-05,2.212534E-04,-6.66667E-04
2.54027,-2.288828E-04,-2.28883E-05,2.33333E-03
2.541271,-9.15532E-05,-6.103562E-05,-6.66667E-04
2.542271,1.06812E-04,-9.918259E-05,-6.66667E-04
2.543272,1.3733E-04,4.57766E-05,-.001
2.544272,-2.28883E-05,1.449594E-04,-6.66667E-04
2.545273,-2.28883E-05,-3.051781E-05,-2.33333E-03
2.546273,-2.288828E-04,-1.602182E-04,-2.33333E-03
2.547274,-4.425067E-04,-9.15532E-05,6.66667E-04
2.548274,-4.501361E-04,9.918259E-05,-.002
2.549275,-3.814716E-04,1.449594E-04,.001
2.550275,9.918259E-05,-5.340599E-05,-2.33333E-03
2.551276,1.144414E-04,3.814721E-05,-6.66667E-04
2.552276,4.57766E-05,-3.051781E-05,-.001
2.553277,6.866502E-05,-3.814721E-05,-.001
2.554277,2.059946E-04,-4.57766E-05,-.001
2.555278,2.975482E-04,-1.602182E-04,2.33333E-03
2.556278,2.28883E-05,-2.13624E-04,6.66667E-04
2.557279,-1.525888E-04,-2.594013E-04,.001
2.558279,-3.814721E-05,-3.356952E-04,-.001
2.55928,7.629453E-06,-3.204364E-04,6.66667E-04
2.56028,-1.525891E-05,-4.27248E-04,-2.33333E-03
2.561281,-1.602182E-04,-6.942786E-04,2.33333E-03
2.562281,-3.433246E-04,-5.645789E-04,-.001
2.563282,-3.814716E-04,-2.899189E-04,6.66667E-04
2.564282,-4.501361E-04,-2.670307E-04,6.66667E-04
2.565283,-2.059946E-04,-3.814721E-05,-3.66667E-03
2.566283,-2.670307E-04,4.57766E-05,-6.66667E-04
2.567284,-1.75477E-04,0,6.66667E-04
2.568284,-6.103562E-05,-1.144414E-04,-2.33333E-03
2.569285,2.594013E-04,2.059946E-04,-.002
2.570285,1.449594E-04,1.525888E-04,-6.66667E-04
2.571286,1.525891E-05,-1.75477E-04,.002
2.572286,2.822895E-04,-1.297006E-04,.002
2.573287,-5.340599E-05,2.212534E-04,6.66667E-04
2.574287,5.340599E-05,3.356952E-04,-.001
2.575288,-7.629453E-06,1.525888E-04,-5.66667E-03
2.576288,-1.602182E-04,1.220712E-04,-.001
2.577289,-4.57766E-05,-2.594013E-04,.002
2.578289,-1.831064E-04,-3.204364E-04,-.002
2.57929,-2.059946E-04,-3.280658E-04,-.001
2.58029,-3.738422E-04,-2.13624E-04,-6.66667E-04
2.581291,-2.822895E-04,3.585834E-04,2.33333E-03
2.582291,-9.15532E-05,7.01908E-04,-.002
2.583292,-7.629441E-05,4.959144E-04,-.002
2.584292,1.602182E-04,5.950965E-04,-.001
2.585293,3.967304E-04,4.806537E-04,.002
2.586293,1.06812E-04,2.212534E-04,6.66667E-04
2.587294,-1.602182E-04,-3.814721E-05,6.66667E-04
2.588294,-9.918259E-05,5.340599E-05,6.66667E-04
2.589295,2.059946E-04,-3.051781E-05,-.001
2.590295,-2.28883E-05,3.051781E-05,6.66667E-04
2.591296,-2.441425E-04,-1.602182E-04,-.001
2.592296,-2.441425E-04,1.525891E-05,-6.66667E-04
2.593297,2.517719E-04,1.525891E-05,-6.66667E-04
2.594297,3.50954E-04,1.144414E-04,2.33333E-03
2.595298,2.28883E-05,-7.629453E-06,-.002
2.596298,-6.103553E-04,-8.392381E-05,-3.66667E-03
2.597299,-6.485023E-04,-1.602182E-04,.001
2.598299,-2.899189E-04,-1.144414E-04,.002
2.5993,-1.907358E-04,1.75477E-04,-6.66667E-04
2.6003,-1.06812E-04,-4.27248E-04,-6.66667E-04
2.601301,2.594013E-04,-9.155311E-04,.001
2.602301,3.280658E-04,-6.027259E-04,-3.66667E-03
2.603302,1.449594E-04,-3.585834E-04,-6.66667E-04
2.604302,7.629453E-06,3.662128E-04,-.002
2.605303,-8.392381E-05,4.196186E-04,-6.66667E-04
2.606303,-4.57766E-05,4.043598E-04,-6.66667E-04
2.607304,-2.670307E-04,5.722083E-04,.001
2.608304,-6.103562E-05,5.035438E-04,-.001
2.609305,-1.602182E-04,4.196186E-04,-6.66667E-04
2.610305,-5.340599E-05,1.525888E-04,6.66667E-04
2.611306,-2.670307E-04,1.525891E-05,.001
2.612306,-2.746601E-04,3.204364E-04,-6.66667E-04
2.613307,-9.918259E-05,5.950965E-04,-2.33333E-03
2.614307,8.392381E-05,3.967304E-04,.001
2.615308,1.449594E-04,3.204364E-04,6.66667E-04
2.616308,3.051781E-05,2.517719E-04,6.66667E-04
2.617309,1.449594E-04,2.899189E-04,-.001
2.618309,2.365122E-04,4.577655E-04,-.002
2.61931,3.12807E-04,0,-6.66667E-04
2.62031,-1.297006E-04,3.051781E-05,-.002
2.621311,-5.111732E-04,3.051776E-04,6.66667E-04
2.622311,-2.822895E-04,4.043598E-04,-.001
2.623312,-1.06812E-04,4.425067E-04,-6.66667E-04
2.624312,3.585834E-04,3.814716E-04,.002
2.625313,2.670307E-04,2.059946E-04,-6.66667E-04
2.626313,-7.629453E-06,3.051781E-05,6.66667E-04
2.627314,1.297006E-04,-1.983652E-04,-.002
2.628314,1.220712E-04,-2.670307E-04,6.66667E-04
2.629315,-2.517719E-04,-3.204364E-04,-.002
2.630315,-3.738422E-04,-3.280658E-04,-6.66667E-04
2.631316,-4.806537E-04,-4.806537E-04,-.002
2.632316,7.629441E-05,-2.441425E-04,-.001
2.633317,3.280658E-04,-4.043598E-04,6.66667E-04
2.634317,-5.340599E-05,-1.525888E-04,-.001
2.635318,-2.28883E-05,1.525891E-05,-6.66667E-04
2.636318,1.678476E-04,1.449594E-04,.001
2.637319,1.3733E-04,2.594013E-04,6.66667E-04
2.638319,1.831064E-04,1.220712E-04,-2.33333E-03
2.63932,-1.525891E-05,1.220712E-04,.001
2.64032,-5.340599E-05,3.280658E-04,.001
2.641321,-5.340599E-05,1.449594E-04,-.001
2.642321,1.297006E-04,3.585834E-04,-.002
2.643322,3.814721E-05,6.790198E-04,6.66667E-04
2.644322,-8.392381E-05,6.561317E-04,-.001
2.645323,-3.967304E-04,4.57766E-05,6.66667E-04
2.646323,-2.670307E-04,-7.629441E-05,-.004
2.647324,-1.75477E-04,-1.983652E-04,-6.66667E-04
2.648324,-3.967304E-04,-4.348774E-04,.001
2.649325,-1.220712E-04,-6.942786E-04,-.001
2.650325,1.678476E-04,-3.89101E-04,6.66667E-04
2.651326,3.051781E-05,-2.059946E-04,-2.33333E-03
2.652326,9.15532E-05,5.340599E-05,-.001
2.653327,-6.103562E-05,5.264319E-04,-6.66667E-04
2.654327,-3.051776E-04,4.196186E-04,-6.66667E-04
2.655328,-1.602182E-04,4.577655E-04,-.001
2.656328,-2.441425E-04,3.967304E-04,-.002
2.657329,-3.50954E-04,2.517719E-04,-.001
2.658329,-5.950965E-04,0,.001
2.65933,-7.171668E-04,2.746601E-04,.001
2.66033,-3.356952E-04,6.179847E-04,-.001
2.661331,-3.433246E-04,5.569495E-04,6.66667E-04
2.662331,-4.806537E-04,3.967304E-04,-3.66667E-03
2.663332,-4.119892E-04,4.27248E-04,-6.66667E-04
2.664332,-3.356952E-04,2.594013E-04,6.66667E-04
2.665333,-1.525891E-05,1.602182E-04,-.001
2.666333,2.13624E-04,1.983652E-04,-3.66667E-03
2.667334,3.585834E-04,-2.365122E-04,-.001
2.668334,1.3733E-04,-1.983652E-04,-.001
2.669335,-3.051781E-05,2.28883E-05,6.66667E-04
2.670335,9.918259E-05,-5.340599E-05,-.001
2.671336,3.12807E-04,-8.392381E-05,-2.33333E-03
2.672336,2.365122E-04,7.629441E-05,-.001
2.673337,5.111732E-04,1.983652E-04,-.002
2.674337,6.713904E-04,4.57766E-05,6.66667E-04
2.675338,1.525888E-04,1.220712E-04,-.002
2.676338,-3.738422E-04,1.06812E-04,-2.33333E-03
2.677339,-5.035438E-04,2.28883E-05,6.66667E-04
2.678339,-2.441425E-04,2.899189E-04,-6.66667E-04
2.67934,-4.425067E-04,1.220712E-04,-6.66667E-04
2.68034,-5.111732E-04,1.525888E-04,-6.66667E-04
2.681341,-3.738422E-04,1.678476E-04,-.001
2.682341,-7.629453E-06,-1.75477E-04,2.33333E-03
2.683342,4.119892E-04,6.103562E-05,-6.66667E-04
2.684342,3.50954E-04,1.220712E-04,-6.66667E-04
2.685343,-1.220712E-04,0,.002
2.686343,-2.746601E-04,-2.288828E-04,6.66667E-04
2.687344,-4.043598E-04,-2.212534E-04,-.002
2.688344,-4.88285E-04,-4.348774E-04,.001
2.689345,-4.577655E-04,-5.493201E-04,6.66667E-04
2.690345,-7.01908E-04,-3.585834E-04,.001
2.691346,-8.316077E-04,1.678476E-04,-6.66667E-04
2.692346,-1.327522E-03,4.425067E-04,-6.66667E-04
2.693347,-1.968399E-03,3.12807E-04,.001
2.694347,-2.685562E-03,-2.594013E-04,-6.66667E-04
2.695348,-3.120437E-03,-3.814716E-04,-2.33333E-03
2.696348,-3.913909E-03,-5.493201E-04,-3.66667E-03
2.697349,-4.669219E-03,-7.629432E-04,6.66667E-04
2.698349,-5.523711E-03,-5.950965E-04,-.002
2.69935,-6.599456E-03,-3.814716E-04,-.001
2.70035,-7.377654E-03,-6.256141E-04,-6.66667E-04
2.701351,-.0078049,-5.569495E-04,-6.66667E-04
2.702351,-8.003294E-03,-4.043598E-04,.001
2.703352,-7.713348E-03,-4.653949E-04,-2.33333E-03
2.704352,-7.240325E-03,-5.874671E-04,.001
2.705353,-6.950408E-03,-9.918259E-05,-.001
2.706353,-6.767303E-03,1.449594E-04,-3.66667E-03
2.707354,-6.034881E-03,5.035438E-04,-.002
2.708354,-4.943877E-03,5.188026E-04,.001
2.709355,-4.127532E-03,5.645789E-04,.002
2.710355,-2.998367E-03,5.798377E-04,-.001
2.711356,-2.113357E-03,6.332435E-04,.001
2.712356,-1.586922E-03,5.188026E-04,-6.66667E-04
2.713357,-1.510628E-03,5.416907E-04,-.001
2.714357,-1.159675E-03,3.814716E-04,-6.66667E-04
2.715358,-7.629432E-04,4.501361E-04,-6.66667E-04
2.716358,-1.068123E-03,8.087195E-04,6.66667E-04
2.717359,-1.182564E-03,5.645789E-04,-.001
2.718359,-1.060493E-03,4.196186E-04,-6.66667E-04
2.71936,-8.392371E-04,5.722083E-04,-.002
2.72036,-5.416907E-04,7.705726E-04,-.002
2.721361,-4.577655E-04,8.010902E-04,6.66667E-04
2.722361,-2.288828E-04,9.079017E-04,6.66667E-04
2.723362,-2.822895E-04,6.179847E-04,-2.33333E-03
2.724362,-1.144414E-04,2.441425E-04,.001
2.725363,-1.144414E-04,-2.441425E-04,6.66667E-04
2.726363,-1.144414E-04,-3.89101E-04,6.66667E-04
2.727364,-3.662128E-04,-7.629441E-05,-6.66667E-04
2.728364,-4.425067E-04,-1.907358E-04,-.001
2.729365,-2.365122E-04,-4.196186E-04,.001
2.730365,-2.594013E-04,-5.874671E-04,-6.66667E-04
2.731366,-5.340613E-04,-4.27248E-04,-6.66667E-04
2.732366,-2.670307E-04,1.06812E-04,-.001
2.733367,-1.449594E-04,3.433246E-04,-.001
2.734367,-1.602182E-04,1.831064E-04,-.001
2.735368,-4.806537E-04,4.88285E-04,6.66667E-04
2.736368,-6.485023E-04,1.907358E-04,2.33333E-03
2.737369,-7.705726E-04,7.629441E-05,-.002
2.738369,-9.002723E-04,5.340599E-05,.001
2.73937,-8.468665E-04,-7.629453E-06,-.002
2.74037,-5.950965E-04,7.629453E-06,.001
2.741371,-3.89101E-04,6.103562E-05,-.002
2.742371,-4.425067E-04,2.822895E-04,-6.66667E-04
2.743372,-4.501361E-04,4.196186E-04,.001
2.744372,-2.365122E-04,6.103562E-05,.001
2.745373,-5.340599E-05,9.15532E-05,6.66667E-04
2.746373,-1.907358E-04,1.3733E-04,6.66667E-04
2.747374,1.678476E-04,-5.340599E-05,-6.66667E-04
2.748374,7.629441E-05,-2.365122E-04,-.002
2.749375,-1.144414E-04,-3.585834E-04,-.001
2.750375,1.06812E-04,-3.50954E-04,6.66667E-04
2.751376,1.449594E-04,-1.525891E-05,6.66667E-04
2.752376,0,7.629453E-06,-.001
2.753377,-2.899189E-04,-2.975482E-04,6.66667E-04
2.754377,-4.348774E-04,-2.899189E-04,-6.66667E-04
2.755378,-3.204364E-04,-1.678476E-04,-2.33333E-03
2.756378,-4.577655E-04,-1.297006E-04,-.002
2.757379,-7.095374E-04,-6.103562E-05,.001
2.758379,-7.40055E-04,-2.746601E-04,.001
2.75938,-6.561317E-04,-2.441425E-04,.002
2.76038,-5.569495E-04,-6.103562E-05,-3.66667E-03
2.761381,-4.730243E-04,0,-2.33333E-03
2.762381,-3.051776E-04,-7.629453E-06,-6.66667E-04
2.763382,-4.196186E-04,2.13624E-04,-.001
2.764382,-7.934608E-04,5.264319E-04,-3.66667E-03
2.765383,-3.433246E-04,1.220712E-04,-.002
2.766383,-3.051776E-04,0,-6.66667E-04
2.767384,-4.653949E-04,-3.738422E-04,.001
2.768384,-5.569495E-04,-6.485023E-04,-.002
2.769385,-1.083381E-03,-4.959144E-04,-.001
2.770385,-7.095374E-04,-3.814721E-05,.001
2.771386,-4.196186E-04,4.653949E-04,6.66667E-04
2.772386,-5.722083E-04,7.324256E-04,-6.66667E-04
2.773387,-4.806537E-04,7.705726E-04,-6.66667E-04
2.774387,-4.27248E-04,5.950965E-04,-6.66667E-04
2.775388,-1.831064E-04,4.119892E-04,-.001
2.776388,-2.670307E-04,3.356952E-04,-6.66667E-04
2.777389,-3.280658E-04,-1.220712E-04,6.66667E-04
2.778389,-7.629432E-04,-4.043598E-04,-6.66667E-04
2.77939,-7.934608E-04,-4.806537E-04,6.66667E-04
2.78039,-5.874671E-04,-1.831064E-04,6.66667E-04
2.781391,-5.645789E-04,1.983652E-04,6.66667E-04
2.782391,-3.204364E-04,4.119892E-04,6.66667E-04
2.783392,-3.280658E-04,2.288828E-04,-6.66667E-04
2.784392,-4.348774E-04,-5.340599E-05,6.66667E-04
2.785393,-1.06812E-04,-3.814721E-05,-6.66667E-04
2.786393,-2.975482E-04,-2.212534E-04,-6.66667E-04
2.787394,1.06812E-04,-1.144414E-04,-.002
2.788394,4.653949E-04,-1.831064E-04,-.001
2.789395,2.899189E-04,-3.967304E-04,-6.66667E-04
2.790395,-2.746601E-04,-4.043598E-04,.001
2.791396,-6.866502E-05,-2.670307E-04,-6.66667E-04
2.792396,-1.144414E-04,7.629453E-06,-.004
2.793397,1.75477E-04,-1.06812E-04,-6.66667E-04
2.794397,-7.629441E-05,-3.051781E-05,6.66667E-04
2.795398,-2.13624E-04,3.814721E-05,-.001
2.796398,-4.196186E-04,1.06812E-04,6.66667E-04
2.797399,-6.485023E-04,7.629453E-06,-6.66667E-04
2.798399,-9.307899E-04,-7.629453E-06,-6.66667E-04
2.7994,-1.167305E-03,-3.814716E-04,.001
2.8004,-1.640327E-03,-2.13624E-04,-6.66667E-04
2.801401,-2.243057E-03,-1.602182E-04,-6.66667E-04
2.802401,-2.594009E-03,4.196186E-04,-6.66667E-04
2.803402,-2.639785E-03,3.280658E-04,.001
2.804402,-3.173843E-03,-1.983652E-04,6.66667E-04
2.805403,-3.677383E-03,-1.3733E-04,-.002
2.806403,-4.509002E-03,-2.975482E-04,.001
2.807404,-5.508453E-03,-1.06812E-04,-.001
2.808404,-6.217986E-03,-2.059946E-04,.002
2.809405,-6.599456E-03,-3.585834E-04,-6.66667E-04
2.810405,-6.500274E-03,-8.163489E-04,6.66667E-04
2.811406,-6.355315E-03,-9.994581E-04,.001
2.812406,-6.149322E-03,-2.288828E-04,.001
2.813407,-6.17221E-03,3.12807E-04,-.002
2.814407,-6.080657E-03,3.12807E-04,-.001
2.815408,-5.500823E-03,1.06812E-04,-.001
2.816408,-4.776031E-03,-3.356952E-04,-2.33333E-03
2.817409,-3.936797E-03,4.57766E-05,-.001
2.818409,-2.937332E-03,4.348774E-04,-.001
2.81941,-2.067581E-03,3.662128E-04,-2.33333E-03
2.82041,-1.426704E-03,1.06812E-04,-.001
2.821411,-1.205452E-03,6.866502E-05,-6.66667E-04
2.822411,-1.022346E-03,-1.75477E-04,-.002
2.823412,-8.926429E-04,-5.645789E-04,.001
2.824412,-6.485023E-04,2.28883E-05,6.66667E-04
2.825413,-3.50954E-04,4.653949E-04,-.002
2.826413,-2.441425E-04,4.119892E-04,-.002
2.827414,-1.525888E-04,4.196186E-04,6.66667E-04
2.828414,-1.678476E-04,2.670307E-04,-.001
2.829415,-4.27248E-04,4.043598E-04,.002
2.830415,-5.111732E-04,4.501361E-04,-6.66667E-04
2.831416,-6.027259E-04,6.63761E-04,-6.66667E-04
2.832416,-5.569495E-04,2.822895E-04,-.002
2.833417,-4.501361E-04,0,.001
2.834417,-3.204364E-04,4.57766E-05,-.002
2.835418,-1.220712E-04,2.059946E-04,-.002
2.836418,-1.144414E-04,3.051776E-04,-2.33333E-03
2.837419,1.297006E-04,4.425067E-04,-.001
2.838419,3.12807E-04,5.340613E-04,-.001
2.83942,-1.602182E-04,1.06812E-04,-.002
2.84042,-6.332435E-04,-3.814716E-04,-.002
2.841421,-4.959144E-04,-2.441425E-04,-6.66667E-04
2.842421,-3.585834E-04,-4.043598E-04,-6.66667E-04
2.843422,-9.002723E-04,-1.602182E-04,-.001
2.844422,-1.083381E-03,0,.001
2.845423,-1.022346E-03,2.212534E-04,-6.66667E-04
2.846423,-9.155311E-04,2.365122E-04,-6.66667E-04
2.847424,-8.544959E-04,9.918259E-05,-6.66667E-04
2.848424,-9.994581E-04,-7.629441E-05,6.66667E-04
2.849425,-1.060493E-03,-7.629441E-05,-6.66667E-04
2.850425,-7.705726E-04,-3.50954E-04,-3.66667E-03
2.851426,-6.332435E-04,-9.15532E-05,-.001
2.852426,-7.01908E-04,3.967304E-04,6.66667E-04
2.853427,-6.713904E-04,3.12807E-04,-6.66667E-04
2.854427,-7.934608E-04,4.57766E-05,.001
2.855428,-7.934608E-04,3.814721E-05,6.66667E-04
2.856428,-6.63761E-04,3.50954E-04,.002
2.857429,-4.196186E-04,3.433246E-04,-6.66667E-04
2.858429,-1.525888E-04,1.983652E-04,6.66667E-04
2.85943,0,-1.297006E-04,.002
2.86043,-3.814721E-05,-3.814721E-05,-.002
2.861431,-2.670307E-04,1.602182E-04,-6.66667E-04
2.862431,-1.907358E-04,1.831064E-04,-3.66667E-03
2.863432,-8.392381E-05,2.059946E-04,-.001
2.864432,-3.50954E-04,1.907358E-04,2.33333E-03
2.865433,-3.967304E-04,1.831064E-04,.001
2.866433,-2.441425E-04,9.918259E-05,-.002
2.867434,-3.738422E-04,2.594013E-04,6.66667E-04
2.868434,-3.738422E-04,3.204364E-04,-.001
2.869435,-3.12807E-04,2.594013E-04,.002
2.870435,-3.89101E-04,1.75477E-04,-.001
2.871436,-3.280658E-04,3.280658E-04,-.002
2.872436,-4.043598E-04,2.975482E-04,-6.66667E-04
2.873437,-7.78202E-04,3.280658E-04,-.001
2.874437,-5.569495E-04,4.653949E-04,6.66667E-04
2.875438,-4.348774E-04,4.88285E-04,-6.66667E-04
2.876438,-5.569495E-04,1.525888E-04,-6.66667E-04
2.877439,-4.348774E-04,-7.629441E-05,-6.66667E-04
2.878439,-4.88285E-04,-2.975482E-04,-6.66667E-04
2.87944,-3.051776E-04,-3.204364E-04,-6.66667E-04
2.88044,-6.027259E-04,3.051781E-05,-.002
2.881441,-8.163489E-04,1.525888E-04,-2.33333E-03
2.882441,-9.613074E-04,3.12807E-04,-.002
2.883442,-6.103553E-04,1.75477E-04,6.66667E-04
2.884442,-2.13624E-04,2.975482E-04,-6.66667E-04
2.885443,-1.602182E-04,4.27248E-04,-.001
2.886443,-1.678476E-04,7.934608E-04,-.001
2.887444,-4.043598E-04,7.01908E-04,.002
2.888444,-6.63761E-04,2.365122E-04,-.002
2.889445,-7.858314E-04,-1.831064E-04,-.001
2.890445,-5.493201E-04,-4.196186E-04,-6.66667E-04
2.891446,-5.493201E-04,-2.746601E-04,-2.33333E-03
2.892446,-3.356952E-04,-2.899189E-04,-6.66667E-04
2.893447,-6.485023E-04,2.975482E-04,-.002
2.894447,-1.091011E-03,2.365122E-04,.001
2.895448,-7.171668E-04,2.365122E-04,-.001
2.896448,-5.340613E-04,2.594013E-04,.001
2.897449,-3.738422E-04,2.975482E-04,-6.66667E-04
2.898449,-3.814716E-04,2.13624E-04,-6.66667E-04
2.89945,-2.670307E-04,1.602182E-04,6.66667E-04
2.90045,-3.356952E-04,1.602182E-04,-6.66667E-04
2.901451,-2.822895E-04,-1.220712E-04,-6.66667E-04
2.902451,0,1.144414E-04,6.66667E-04
2.903452,-4.043598E-04,2.059946E-04,-.001
2.904452,-6.866492E-04,2.670307E-04,-6.66667E-04
2.905453,-9.231605E-04,1.144414E-04,-2.33333E-03
2.906453,-1.007088E-03,9.918259E-05,-2.33333E-03
2.907454,-9.613074E-04,9.918259E-05,-.001
2.908454,-9.994581E-04,1.75477E-04,-.001
2.909455,-1.541145E-03,-5.340599E-05,6.66667E-04
2.910455,-1.541145E-03,-1.144414E-04,6.66667E-04
2.911456,-1.327522E-03,-1.75477E-04,-6.66667E-04
2.912456,-1.792915E-03,-1.06812E-04,-3.66667E-03
2.913457,-2.166763E-03,7.629453E-06,.001
2.914457,-2.662674E-03,-1.449594E-04,.001
2.915458,-3.669754E-03,1.525891E-05,6.66667E-04
2.916458,-5.29483E-03,-3.204364E-04,-6.66667E-04
2.917459,-7.499725E-03,-7.01908E-04,-.001
2.918459,-1.024634E-02,-7.705726E-04,.001
2.91946,-1.252753E-02,-9.002723E-04,-6.66667E-04
2.92046,-1.531988E-02,-1.022346E-03,-.002
2.921461,-1.889813E-02,-1.586922E-03,-3.66667E-03
2.922461,-.0231477,-2.159134E-03,-3.66667E-03
2.923462,-2.736676E-02,-2.83815E-03,-.001
2.924462,-3.106701E-02,-3.601089E-03,6.66667E-04
2.925463,-3.325677E-02,-3.501907E-03,.001
2.926463,-3.359246E-02,-3.074661E-03,-6.66667E-04
2.927464,-3.212762E-02,-2.922073E-03,-3.66667E-03
2.928464,-2.910626E-02,-2.685562E-03,-6.66667E-04
2.929465,-2.581799E-02,-2.021804E-03,-.002
2.930465,-2.203381E-02,-1.640327E-03,-6.66667E-04
2.931466,-1.815808E-02,-1.35041E-03,-.004
2.932466,-.0145188,-9.384193E-04,-3.66667E-03
2.933467,-1.120764E-02,-5.111732E-04,6.66667E-04
2.934467,-8.010924E-03,-2.059946E-04,-.002
2.935468,-5.813628E-03,2.517719E-04,-6.66667E-04
2.936468,-4.15042E-03,2.212534E-04,-6.66667E-04
2.937469,-3.173843E-03,1.449594E-04,-.001
2.938469,-2.441421E-03,3.814721E-05,-3.66667E-03
2.93947,-1.85395E-03,1.525888E-04,6.66667E-04
2.94047,-1.533516E-03,3.051781E-05,-.001
2.941471,-1.007088E-03,2.059946E-04,6.66667E-04
2.942471,-9.231605E-04,4.730243E-04,-.002
2.943472,-7.705726E-04,5.264319E-04,6.66667E-04
2.944472,-6.63761E-04,4.119892E-04,-.001
2.945473,-5.111732E-04,4.577655E-04,.001
2.946473,-3.738422E-04,5.798377E-04,-6.66667E-04
2.947474,-5.035438E-04,1.449594E-04,-6.66667E-04
2.948474,-7.324256E-04,-5.340599E-05,-2.33333E-03
2.949475,-6.866492E-04,4.57766E-05,-6.66667E-04
2.950475,-5.340613E-04,-1.75477E-04,.001
2.951476,-4.959144E-04,-5.340599E-05,-6.66667E-04
2.952476,-2.594013E-04,-5.569495E-04,6.66667E-04
2.953477,6.103562E-05,-3.662128E-04,-.001
2.954477,9.918259E-05,2.365122E-04,-6.66667E-04
2.955478,-8.392381E-05,5.798377E-04,-6.66667E-04
2.956478,1.297006E-04,5.645789E-04,-6.66667E-04
2.957479,-3.814721E-05,7.858314E-04,-6.66667E-04
2.958479,-2.212534E-04,6.790198E-04,-6.66667E-04
2.95948,-4.119892E-04,2.441425E-04,6.66667E-04
2.96048,-2.975482E-04,1.297006E-04,6.66667E-04
2.961481,-5.874671E-04,6.103553E-04,-6.66667E-04
2.962481,-4.88285E-04,7.40055E-04,-.001
2.963482,-2.517719E-04,5.264319E-04,.002
2.964482,-5.340613E-04,3.814716E-04,6.66667E-04
2.965483,-9.384193E-04,-7.629453E-06,-6.66667E-04
2.966483,-1.220711E-03,-2.059946E-04,.001
2.967484,-1.434334E-03,-4.88285E-04,2.33333E-03
2.968484,-1.48011E-03,-3.585834E-04,-6.66667E-04
2.969485,-1.487739E-03,-9.15532E-05,6.66667E-04
2.970485,-1.243599E-03,1.06812E-04,-.001
2.971486,-1.083381E-03,2.441425E-04,-6.66667E-04
2.972486,-1.129158E-03,1.75477E-04,-2.33333E-03
2.973487,-9.7657E-04,1.983652E-04,-.001
2.974487,-7.01908E-04,1.983652E-04,.001
2.975488,-3.738422E-04,5.340599E-05,-6.66667E-04
2.976488,-3.89101E-04,1.678476E-04,-.002
2.977489,-8.163489E-04,3.12807E-04,.001
2.978489,-1.281746E-03,1.678476E-04,6.66667E-04
2.97949,-1.724251E-03,7.629441E-05,.001
2.98049,-1.907356E-03,7.629441E-05,-6.66667E-04
2.981491,-2.136245E-03,9.15532E-05,-6.66667E-04
2.982491,-2.014175E-03,3.433246E-04,-6.66667E-04
2.983492,-1.762398E-03,1.678476E-04,-.002
2.984492,-1.312263E-03,1.525891E-05,-2.33333E-03
2.985493,-1.159675E-03,3.280658E-04,6.66667E-04
2.986493,-1.152046E-03,2.746601E-04,-6.66667E-04
2.987494,-1.152046E-03,2.13624E-04,-6.66667E-04
2.988494,-1.251228E-03,3.814721E-05,-6.66667E-04
2.989495,-1.197822E-03,-6.866502E-05,6.66667E-04
2.990495,-1.068123E-03,-2.288828E-04,-6.66667E-04
2.991496,-1.342781E-03,-2.28883E-05,-6.66667E-04
2.992496,-1.312263E-03,4.730243E-04,-.002
2.993497,-1.235969E-03,6.866492E-04,-.001
2.994497,-1.380928E-03,4.501361E-04,-6.66667E-04
2.995498,-1.388557E-03,2.822895E-04,-6.66667E-04
2.996498,-1.449592E-03,3.051781E-05,-.001
2.997499,-1.060493E-03,-2.822895E-04,-.001
2.998499,-1.068123E-03,-2.059946E-04,6.66667E-04
2.9995,-1.159675E-03,2.28883E-05,-2.33333E-03
3.0005,-1.289375E-03,1.602182E-04,6.66667E-04
3.001501,-1.251228E-03,9.15532E-05,.002
3.002501,-1.060493E-03,-3.051781E-05,-6.66667E-04
3.003502,-1.144417E-03,-4.27248E-04,-6.66667E-04
3.004502,-1.266487E-03,-4.501361E-04,-.001
3.005503,-1.518257E-03,-4.501361E-04,-2.33333E-03
3.006503,-1.914985E-03,-1.602182E-04,-.002
3.007504,-1.945503E-03,3.051781E-05,-6.66667E-04
3.008504,-2.059951E-03,-1.297006E-04,6.66667E-04
3.009505,-2.304092E-03,-6.103562E-05,-.002
3.010505,-2.700821E-03,4.730243E-04,-2.33333E-03
3.011506,-3.013626E-03,3.280658E-04,-.001
3.012506,-3.387466E-03,2.517719E-04,-.001
3.013507,-4.203826E-03,2.288828E-04,.002
3.014507,-4.920989E-03,-1.220712E-04,-2.33333E-03
3.015508,-6.011993E-03,-2.13624E-04,-.002
3.016508,-7.377654E-03,-2.899189E-04,-.002
3.017509,-9.109557E-03,-3.662128E-04,-6.66667E-04
3.018509,-1.169592E-02,-8.468665E-04,.001
3.01951,-1.499945E-02,-1.533516E-03,-.001
3.02051,-1.864636E-02,-2.281204E-03,-6.66667E-04
3.021511,-2.229321E-02,-2.624527E-03,.001
3.022511,-2.641308E-02,-3.234878E-03,6.66667E-04
3.023512,-3.118908E-02,-3.700271E-03,-2.33333E-03
3.024512,-3.588128E-02,-4.180938E-03,.002
3.025513,-3.993249E-02,-4.79129E-03,-.001
3.026513,-4.322076E-02,-5.134612E-03,-6.66667E-04
3.027514,-4.478478E-02,-5.279571E-03,-6.66667E-04
3.028514,-4.462457E-02,-5.332977E-03,2.33333E-03
3.029515,-4.247308E-02,-5.111724E-03,-.002
3.030515,-.0399096,-4.493743E-03,-.002
3.031516,-.0363009,-3.814712E-03,-6.66667E-04
3.032516,-3.212762E-02,-3.189102E-03,-.001
3.033517,-2.752697E-02,-2.601638E-03,-.002
3.034517,-2.319348E-02,-2.014175E-03,-.002
3.035518,-1.915753E-02,-1.335151E-03,-6.66667E-04
3.036518,-1.569378E-02,-1.045235E-03,-.001
3.037519,-1.282507E-02,-6.408729E-04,-.001
3.038519,-.010315,-8.392381E-05,-6.66667E-04
3.03952,-8.194029E-03,1.831064E-04,.001
3.04052,-6.67575E-03,2.288828E-04,-.001
3.041521,-4.852325E-03,4.501361E-04,-2.33333E-03
3.042521,-3.417984E-03,2.212534E-04,-6.66667E-04
3.043522,-2.96022E-03,-9.918259E-05,-.002
3.044522,-2.83815E-03,-1.144414E-04,-6.66667E-04
3.045523,-2.792373E-03,-1.602182E-04,-6.66667E-04
3.046523,-2.380386E-03,-5.874671E-04,-.001
3.047524,-1.95314E-03,-3.585834E-04,6.66667E-04
3.048524,-1.85395E-03,-7.629453E-06,-.001
3.049525,-1.831062E-03,0,6.66667E-04
3.050525,-1.655586E-03,-9.918259E-05,-.001
3.051526,-1.548775E-03,-2.13624E-04,.001
3.052526,-1.533516E-03,-4.730243E-04,-.002
3.053527,-1.464851E-03,-2.288828E-04,-6.66667E-04
3.054527,-1.419075E-03,-1.220712E-04,-.002
3.055528,-1.190193E-03,1.144414E-04,.001
3.056528,-1.190193E-03,3.967304E-04,2.33333E-03
3.057529,-1.022346E-03,5.111732E-04,-2.33333E-03
3.058529,-1.182564E-03,5.035438E-04,-.002
3.05953,-1.342781E-03,1.678476E-04,6.66667E-04
3.06053,-1.411445E-03,-1.678476E-04,6.66667E-04
3.061531,-1.640327E-03,-7.40055E-04,-.001
3.062531,-1.510628E-03,-7.934608E-04,-.001
3.063532,-1.190193E-03,-4.27248E-04,-.001
3.064532,-1.190193E-03,2.594013E-04,-6.66667E-04
3.065533,-1.380928E-03,5.722083E-04,-.002
3.066533,-1.533516E-03,-3.814721E-05,6.66667E-04
3.067534,-1.617439E-03,8.392381E-05,-6.66667E-04
3.068534,-1.991287E-03,-1.678476E-04,-6.66667E-04
3.069535,-2.120987E-03,-2.975482E-04,-.002
3.070535,-2.273574E-03,2.212534E-04,-.001
3.071536,-2.128616E-03,4.88285E-04,6.66667E-04
3.072536,-1.510628E-03,9.918259E-05,.001
3.073537,-9.7657E-04,-5.340599E-05,6.66667E-04
3.074537,-6.103553E-04,-2.288828E-04,-.002
3.075538,-6.942786E-04,-4.043598E-04,-.001
3.076538,-7.01908E-04,2.28883E-05,-.001
3.077539,-9.460486E-04,3.585834E-04,6.66667E-04
3.078539,-4.730243E-04,2.365122E-04,-6.66667E-04
3.07954,-4.425067E-04,1.3733E-04,.001
3.08054,-5.340613E-04,-1.3733E-04,-6.66667E-04
3.081541,-2.212534E-04,-8.392381E-05,-.001
3.082541,-2.288828E-04,-2.365122E-04,6.66667E-04
3.083542,-5.416907E-04,-1.602182E-04,-.001
3.084542,-6.256141E-04,9.918259E-05,-6.66667E-04
3.085543,-7.934608E-04,6.485023E-04,-.001
3.086543,-6.713904E-04,4.577655E-04,-.002
3.087544,-8.087195E-04,3.433246E-04,.001
3.088544,-6.408729E-04,7.40055E-04,-.001
3.089545,-5.493201E-04,5.416907E-04,-.001
3.090545,-4.501361E-04,4.196186E-04,-6.66667E-04
3.091546,-4.88285E-04,8.392381E-05,.001
3.092546,-5.340613E-04,-9.15532E-05,-.001
3.093547,-1.297006E-04,-2.365122E-04,3.66667E-03
3.094547,0,-5.340613E-04,.001
3.095548,7.629441E-05,-1.75477E-04,-.001
3.096548,1.220712E-04,0,-6.66667E-04
3.097549,-1.525888E-04,1.06812E-04,6.66667E-04
3.098549,-1.297006E-04,2.212534E-04,-.002
3.09955,-2.059946E-04,6.866502E-05,-.001
3.10055,-5.493201E-04,-1.525891E-05,.001
3.101551,-5.264319E-04,3.204364E-04,-.002
3.102551,-4.043598E-04,3.585834E-04,6.66667E-04
3.103552,-3.051781E-05,2.746601E-04,3.66667E-03
3.104552,1.983652E-04,2.212534E-04,-6.66667E-04
3.105553,-3.50954E-04,7.629453E-06,.001
3.106553,-9.53678E-04,-2.517719E-04,-.002
3.107554,-1.243599E-03,-2.975482E-04,-.002
3.108554,-1.342781E-03,-3.204364E-04,-.001
3.109555,-1.335151E-03,-2.13624E-04,-6.66667E-04
3.110555,-1.586922E-03,-6.866502E-05,-.002
3.111556,-1.930244E-03,3.051781E-05,.002
3.112556,-2.815261E-03,-1.06812E-04,-6.66667E-04
3.113557,-3.540054E-03,-2.899189E-04,-.002
3.114557,-3.944427E-03,-2.594013E-04,-6.66667E-04
3.115558,-4.501373E-03,1.449594E-04,3.66667E-03
3.116558,-5.569488E-03,2.059946E-04,-.002
3.117559,-6.134063E-03,5.340599E-05,-6.66667E-04
3.118559,-6.668121E-03,-1.3733E-04,-6.66667E-04
3.11956,-7.240325E-03,-1.678476E-04,-6.66667E-04
3.12056,-7.537872E-03,-4.88285E-04,-2.33333E-03
3.121561,-7.904112E-03,-2.822895E-04,.001
3.122561,-7.904112E-03,-1.75477E-04,-6.66667E-04
3.123562,-7.629424E-03,-1.907358E-04,-.001
3.124562,-6.80545E-03,-1.144414E-04,-6.66667E-04
3.125563,-6.362945E-03,-3.814721E-05,-6.66667E-04
3.126563,-5.813628E-03,3.356952E-04,-.001
3.127564,-4.53189E-03,6.256141E-04,.001
3.128564,-3.738418E-03,3.967304E-04,-6.66667E-04
3.129565,-2.929702E-03,4.730243E-04,-6.66667E-04
3.130565,-2.395645E-03,4.119892E-04,-.001
3.131566,-2.113357E-03,0,6.66667E-04
3.132566,-1.655586E-03,5.874671E-04,-.002
3.133567,-1.739509E-03,9.460486E-04,-6.66667E-04
3.134567,-1.396187E-03,6.790198E-04,-.001
3.135568,-1.274116E-03,3.50954E-04,-.001
3.136568,-1.205452E-03,3.50954E-04,6.66667E-04
3.137569,-1.327522E-03,4.27248E-04,-.002
3.138569,-8.087195E-04,2.822895E-04,-.001
3.13957,-8.773841E-04,5.035438E-04,.001
3.14057,-9.002723E-04,6.103553E-04,6.66667E-04
3.141571,-5.569495E-04,4.27248E-04,-6.66667E-04
3.142571,-4.730243E-04,1.75477E-04,-.001
3.143572,-4.959144E-04,-2.441425E-04,-6.66667E-04
3.144572,-2.13624E-04,-1.907358E-04,-.001
3.145573,-1.449594E-04,-2.975482E-04,6.66667E-04
3.146573,-3.356952E-04,-1.75477E-04,-6.66667E-04
3.147574,-5.340613E-04,-2.28883E-05,-.001
3.148574,-6.866492E-04,-7.629441E-05,-.002
3.149575,-5.874671E-04,-2.746601E-04,6.66667E-04
3.150575,-2.212534E-04,-7.629453E-06,6.66667E-04
3.151576,-3.051776E-04,9.918259E-05,6.66667E-04
3.152576,-9.002723E-04,-3.814721E-05,.001
3.153577,-1.167305E-03,-5.340599E-05,-6.66667E-04
3.154577,-1.075752E-03,9.918259E-05,6.66667E-04
3.155578,-1.052864E-03,2.670307E-04,.001
3.156578,-1.083381E-03,1.525888E-04,-6.66667E-04
3.157579,-1.029976E-03,0,6.66667E-04
3.158579,-1.129158E-03,-1.602182E-04,-6.66667E-04
3.15958,-9.53678E-04,-4.57766E-05,-.001
3.16058,-1.022346E-03,-2.28883E-05,-.001
3.161581,-1.037605E-03,2.13624E-04,.002
3.162581,-5.645789E-04,3.051776E-04,-.002
3.163582,-5.722083E-04,2.594013E-04,-6.66667E-04
3.164582,-6.332435E-04,3.204364E-04,-.002
3.165583,-4.653949E-04,-2.28883E-05,6.66667E-04
3.166583,-5.035438E-04,-2.288828E-04,-.001
3.167584,-4.577655E-04,-2.441425E-04,.001
3.168584,-4.196186E-04,-1.907358E-04,-.001
3.169585,-5.264319E-04,-8.392381E-05,.001
3.170585,-8.010902E-04,-2.670307E-04,-6.66667E-04
3.171586,-9.384193E-04,2.28883E-05,6.66667E-04
3.172586,-9.689368E-04,-7.629453E-06,.002
3.173587,-1.060493E-03,1.3733E-04,-.001
3.174587,-1.068123E-03,-1.525888E-04,6.66667E-04
3.175588,-1.304634E-03,5.340599E-05,-2.33333E-03
3.176588,-1.197822E-03,2.365122E-04,-.002
3.177589,-1.22834E-03,2.059946E-04,-6.66667E-04
3.178589,-1.022346E-03,4.88285E-04,-.002
3.17959,-1.159675E-03,2.975482E-04,.001
3.18059,-1.541145E-03,1.525888E-04,2.33333E-03
3.181591,-2.365127E-03,5.645789E-04,-.002
3.182591,-2.853408E-03,4.88285E-04,-.001
3.183592,-3.097549E-03,-1.525891E-05,6.66667E-04
3.184592,-3.967315E-03,-2.13624E-04,-.002
3.185593,-5.561858E-03,-7.629453E-06,.001
3.186593,-6.652862E-03,-1.525891E-05,6.66667E-04
3.187594,-7.423431E-03,-1.06812E-04,.001
3.188594,-8.499205E-03,-2.059946E-04,6.66667E-04
3.189595,-9.903014E-03,-3.738422E-04,-6.66667E-04
3.190595,-1.095587E-02,-3.662128E-04,-.002
3.191596,-1.210028E-02,-5.264319E-04,.001
3.192596,-.0124436,-4.27248E-04,-.001
3.193597,-1.220709E-02,-5.569495E-04,-.001
3.194597,-1.191717E-02,-6.103553E-04,-2.33333E-03
3.195598,-1.134497E-02,-3.12807E-04,-.001
3.196598,-1.061255E-02,-7.629441E-05,-6.66667E-04
3.197599,-9.613097E-03,2.28883E-05,-6.66667E-04
3.198599,-8.30847E-03,4.57766E-05,6.66667E-04
3.1996,-6.591827E-03,3.051781E-05,6.66667E-04
3.2006,-5.340606E-03,7.629453E-06,-6.66667E-04
3.201601,-4.447967E-03,1.06812E-04,.001
3.202601,-3.601089E-03,5.493201E-04,-6.66667E-04
3.203602,-2.792373E-03,5.798377E-04,.001
3.204602,-2.342239E-03,3.433246E-04,-.002
3.205603,-1.823433E-03,6.790198E-04,-2.33333E-03
3.206603,-1.510628E-03,3.204364E-04,-6.66667E-04
3.207604,-1.037605E-03,-1.297006E-04,-.001
3.208604,-8.850135E-04,-1.144414E-04,6.66667E-04
3.209605,-9.613074E-04,-2.13624E-04,-.001
3.210605,-4.806537E-04,-3.12807E-04,-6.66667E-04
3.211606,1.525888E-04,-3.967304E-04,-.002
3.212606,-1.983652E-04,-2.441425E-04,-6.66667E-04
3.213607,-2.670307E-04,-2.059946E-04,6.66667E-04
3.214607,-2.899189E-04,-2.975482E-04,-.001
3.215608,-3.89101E-04,-3.204364E-04,-.002
3.216608,-3.967304E-04,-1.602182E-04,-.001
3.217609,-5.035438E-04,-1.297006E-04,-.001
3.218609,-6.408729E-04,-9.15532E-05,6.66667E-04
3.21961,-7.40055E-04,-1.06812E-04,6.66667E-04
3.22061,-7.476844E-04,-5.340599E-05,-6.66667E-04
3.221611,-4.348774E-04,-6.179847E-04,-.002
3.222611,-3.051776E-04,-6.485023E-04,.001
3.223612,-3.12807E-04,-2.670307E-04,6.66667E-04
3.224612,-2.670307E-04,-1.907358E-04,-6.66667E-04
3.225613,0,-2.212534E-04,.002
3.226614,-1.831064E-04,1.144414E-04,-.002
3.227614,-3.280658E-04,3.051776E-04,.001
3.228614,-1.75477E-04,2.822895E-04,6.66667E-04
3.229615,-1.678476E-04,2.059946E-04,.001
3.230615,-8.392381E-05,3.280658E-04,-.001
3.231616,-2.365122E-04,1.144414E-04,.001
3.232616,-4.577655E-04,2.594013E-04,-.002
3.233617,-6.866492E-04,7.629441E-05,-6.66667E-04
3.234617,-4.959144E-04,1.525891E-05,-.001
3.235618,-1.06812E-04,5.340599E-05,-6.66667E-04
3.236619,-5.340599E-05,-1.220712E-04,-.001
3.237619,-1.144414E-04,6.103562E-05,-6.66667E-04
3.238619,-4.425067E-04,2.28883E-05,-2.33333E-03
3.23962,-5.874671E-04,9.15532E-05,.001
3.24062,-4.425067E-04,0,-6.66667E-04
3.241621,-2.365122E-04,3.814716E-04,.001
3.242621,-5.264319E-04,4.27248E-04,6.66667E-04
3.243622,-4.959144E-04,2.288828E-04,6.66667E-04
3.244622,-5.035438E-04,6.103562E-05,-2.33333E-03
3.245623,-2.822895E-04,9.15532E-05,-6.66667E-04
3.246624,-9.918259E-05,-2.28883E-05,.001
3.247624,-2.059946E-04,-3.814721E-05,-.001
3.248624,-3.967304E-04,1.297006E-04,.001
3.249625,-6.179847E-04,2.594013E-04,-.001
3.250625,-6.790198E-04,1.3733E-04,.001
3.251626,-3.967304E-04,-8.392381E-05,-.002
3.252626,-9.15532E-05,1.907358E-04,-.001
3.253627,5.340599E-05,1.220712E-04,6.66667E-04
3.254627,1.144414E-04,9.918259E-05,6.66667E-04
3.255628,-2.670307E-04,-3.814716E-04,-.001
3.256629,-6.332435E-04,-3.585834E-04,-.002
3.257629,-6.408729E-04,-1.678476E-04,6.66667E-04
3.258629,-3.89101E-04,-8.392381E-05,6.66667E-04
3.25963,-3.204364E-04,7.629453E-06,-6.66667E-04
3.26063,-5.111732E-04,1.297006E-04,-.001
3.261631,-2.13624E-04,2.594013E-04,.001
3.262631,-2.288828E-04,7.40055E-04,6.66667E-04
3.263632,-2.670307E-04,7.324256E-04,-6.66667E-04
3.264632,-1.06812E-04,5.722083E-04,-.001
3.265633,1.602182E-04,4.348774E-04,-6.66667E-04
3.266634,9.918259E-05,4.653949E-04,3.66667E-03
3.267634,9.918259E-05,1.525888E-04,-6.66667E-04
3.268634,1.449594E-04,9.15532E-05,-.001
3.269635,-3.814721E-05,-3.051781E-05,-2.33333E-03
3.270635,-1.831064E-04,-1.602182E-04,-3.66667E-03
3.271636,-7.629453E-06,-3.204364E-04,6.66667E-04
3.272636,1.525891E-05,-6.866502E-05,-6.66667E-04
3.273637,-2.13624E-04,1.525888E-04,-.001
3.274637,-1.907358E-04,2.975482E-04,-6.66667E-04
3.275638,-1.06812E-04,1.449594E-04,.001
3.276639,-6.866502E-05,4.57766E-05,.001
3.277639,-3.814721E-05,2.212534E-04,2.33333E-03
3.278639,6.866502E-05,1.3733E-04,-6.66667E-04
3.27964,4.57766E-05,1.983652E-04,2.33333E-03
3.28064,-7.629453E-06,1.75477E-04,-.002
3.281641,-4.730243E-04,-1.3733E-04,.001
3.282641,-3.204364E-04,-1.907358E-04,6.66667E-04
3.283642,-3.662128E-04,9.918259E-05,-6.66667E-04
3.284642,-5.340613E-04,-3.356952E-04,6.66667E-04
3.285643,-3.89101E-04,-2.288828E-04,-.001
3.286644,7.629453E-06,-4.57766E-05,.001
3.287644,-2.28883E-05,-1.678476E-04,-6.66667E-04
3.288644,6.103562E-05,-2.441425E-04,-.002
3.289645,1.220712E-04,-3.967304E-04,6.66667E-04
3.290645,3.12807E-04,-6.256141E-04,.001
3.291646,4.577655E-04,-4.806537E-04,-.001
3.292646,-4.57766E-05,-1.297006E-04,6.66667E-04
3.293647,-4.27248E-04,-1.06812E-04,-.002
3.294647,-6.332435E-04,-3.280658E-04,-6.66667E-04
3.295648,-5.340613E-04,-5.722083E-04,-6.66667E-04
3.296649,-2.822895E-04,-3.89101E-04,.001
3.297649,-2.13624E-04,-2.13624E-04,-2.33333E-03
3.298649,-6.332435E-04,-1.06812E-04,-6.66667E-04
3.29965,-6.408729E-04,2.746601E-04,.001
3.30065,-5.874671E-04,2.594013E-04,-.002
3.301651,-6.561317E-04,2.670307E-04,-2.33333E-03
3.302651,-8.621253E-04,4.959144E-04,-.001
3.303652,-1.09864E-03,5.416907E-04,-.001
3.304652,-9.002723E-04,2.899189E-04,-.002
3.305653,-1.365669E-03,5.188026E-04,-.001
3.306653,-1.86158E-03,3.50954E-04,-2.33333E-03
3.307654,-2.494827E-03,-2.28883E-05,.001
3.308654,-3.71553E-03,-2.288828E-04,-.002
3.309655,-4.806548E-03,-4.27248E-04,-.002
3.310655,-6.347686E-03,-1.907358E-04,-.002
3.311656,-8.522093E-03,-1.831064E-04,-6.66667E-04
3.312656,-1.171118E-02,-2.441425E-04,.002
3.313657,-1.651776E-02,-5.722083E-04,6.66667E-04
3.314657,-2.105725E-02,-9.002723E-04,-6.66667E-04
3.315658,-2.410138E-02,-1.388557E-03,-.002
3.316658,-.0254823,-1.403816E-03,2.33333E-03
3.317659,-2.619946E-02,-9.7657E-04,-.001
3.318659,-2.547467E-02,-9.460486E-04,-.001
3.31966,-2.303326E-02,-6.179847E-04,-6.66667E-04
3.32066,-1.950848E-02,-7.629441E-05,-2.33333E-03
3.321661,-1.563275E-02,0,.002
3.322661,-.0120011,0,-.001
3.323662,-8.995116E-03,4.57766E-05,-.002
3.324662,-6.713897E-03,3.051781E-05,-6.66667E-04
3.325663,-4.859954E-03,1.525888E-04,-6.66667E-04
3.326663,-3.509536E-03,-9.15532E-05,-.002
3.327664,-2.182022E-03,-5.340599E-05,-.001
3.328664,-1.335151E-03,-3.585834E-04,-6.66667E-04
3.329665,-7.858314E-04,-1.06812E-04,-6.66667E-04
3.330665,-5.188026E-04,9.918259E-05,-.001
3.331666,-5.950965E-04,-1.525891E-05,6.66667E-04
3.332666,-2.288828E-04,7.629441E-05,-.001
3.333667,3.12807E-04,4.730243E-04,-.002
3.334667,3.051781E-05,3.12807E-04,.001
3.335668,1.449594E-04,8.392381E-05,-.001
3.336668,-3.204364E-04,-2.288828E-04,-.002
3.337669,-2.746601E-04,-3.204364E-04,-6.66667E-04
3.338669,-3.280658E-04,-6.256141E-04,6.66667E-04
3.33967,-2.288828E-04,-5.874671E-04,6.66667E-04
3.34067,-4.88285E-04,4.57766E-05,-.002
3.341671,-2.670307E-04,1.3733E-04,.001
3.342671,2.746601E-04,1.831064E-04,.001
3.343672,2.059946E-04,1.525888E-04,-.001
3.344672,-3.051776E-04,3.967304E-04,-6.66667E-04
3.345673,-2.441425E-04,6.179847E-04,.001
3.346673,-1.525888E-04,6.103553E-04,-.001
3.347674,2.212534E-04,2.822895E-04,-.001
3.348674,1.525891E-05,6.103562E-05,-6.66667E-04
3.349675,-3.12807E-04,9.15532E-05,-.002
3.350675,5.340599E-05,7.629441E-05,-.001
3.351676,-1.602182E-04,9.918259E-05,-6.66667E-04
3.352676,7.629453E-06,1.983652E-04,-.002
3.353677,-7.629453E-06,5.950965E-04,-.001
3.354677,-3.738422E-04,5.798377E-04,.001
3.355678,-7.247962E-04,6.027259E-04,-6.66667E-04
3.356678,-3.433246E-04,2.517719E-04,-.001
3.357679,0,8.392381E-05,6.66667E-04
3.358679,4.57766E-05,2.670307E-04,.001
3.35968,5.035438E-04,2.746601E-04,.001
3.36068,9.15532E-05,2.822895E-04,.002
3.361681,1.144414E-04,-1.75477E-04,6.66667E-04
3.362681,-1.06812E-04,4.57766E-05,6.66667E-04
3.363682,-1.06812E-04,1.06812E-04,.001
3.364682,-1.983652E-04,1.297006E-04,-.002
3.365683,-1.525888E-04,3.051776E-04,-6.66667E-04
3.366683,-6.103562E-05,-6.866502E-05,6.66667E-04
3.367684,-3.051781E-05,-1.75477E-04,-6.66667E-04
3.368684,-3.967304E-04,-2.13624E-04,6.66667E-04
3.369685,-4.348774E-04,-3.204364E-04,-.002
3.370685,0,-4.57766E-05,-6.66667E-04
3.371686,1.525891E-05,1.3733E-04,-.002
3.372686,-4.57766E-05,-1.3733E-04,-6.66667E-04
3.373687,-7.629453E-06,-2.13624E-04,.001
3.374687,2.441425E-04,-2.670307E-04,-.002
3.375688,3.662128E-04,3.585834E-04,-6.66667E-04
3.376688,1.907358E-04,7.553138E-04,.001
3.377689,-1.602182E-04,3.89101E-04,-.001
3.378689,-3.356952E-04,2.517719E-04,6.66667E-04
3.37969,2.212534E-04,4.348774E-04,.001
3.38069,2.746601E-04,1.75477E-04,-6.66667E-04
3.381691,-2.517719E-04,3.662128E-04,-.002
3.382691,-4.653949E-04,4.196186E-04,-.002
3.383692,-6.561317E-04,4.425067E-04,.001
3.384692,-5.874671E-04,3.585834E-04,-.001
3.385693,-1.449594E-04,4.57766E-05,-.001
3.386693,2.059946E-04,2.212534E-04,-.001
3.387694,-1.907358E-04,3.814716E-04,-.001
3.388694,-3.738422E-04,3.814721E-05,.002
3.389695,-5.188026E-04,2.28883E-05,-2.33333E-03
3.390696,-2.212534E-04,1.602182E-04,-.001
3.391696,-3.204364E-04,1.525888E-04,-2.33333E-03
3.392696,-6.713904E-04,-6.866502E-05,-.002
3.393697,-9.231605E-04,4.348774E-04,.001
3.394697,-8.468665E-04,4.196186E-04,.001
3.395698,-1.678476E-04,2.975482E-04,.001
3.396698,-3.738422E-04,2.212534E-04,-6.66667E-04
3.397699,-2.517719E-04,1.297006E-04,6.66667E-04
3.398699,-2.822895E-04,5.340599E-05,-.002
3.3997,-3.280658E-04,3.051776E-04,.001
3.400701,-2.13624E-04,2.212534E-04,.002
3.401701,-1.75477E-04,3.12807E-04,-6.66667E-04
3.402701,-5.264319E-04,1.983652E-04,6.66667E-04
3.403702,-8.697547E-04,-7.629453E-06,-.002
3.404702,-3.051776E-04,2.670307E-04,-6.66667E-04
3.405703,-3.585834E-04,2.746601E-04,-6.66667E-04
3.406703,-4.806537E-04,3.738422E-04,-6.66667E-04
3.407704,-4.501361E-04,2.517719E-04,6.66667E-04
3.408704,-6.866492E-04,1.06812E-04,6.66667E-04
3.409705,-3.356952E-04,-5.340599E-05,2.33333E-03
3.410706,4.57766E-05,-1.449594E-04,.001
3.411706,1.75477E-04,-1.06812E-04,-.001
3.412706,-1.3733E-04,-6.103562E-05,-6.66667E-04
3.413707,-2.365122E-04,-2.212534E-04,-6.66667E-04
3.414707,-5.340599E-05,-1.144414E-04,-3.66667E-03
3.415708,-1.75477E-04,-9.918259E-05,.001
3.416708,4.57766E-05,-1.06812E-04,-.002
3.417709,-3.051781E-05,-8.392381E-05,.001
3.418709,-2.899189E-04,-5.340599E-05,-.001
3.41971,-2.594013E-04,-3.433246E-04,6.66667E-04
3.420711,-1.449594E-04,-1.602182E-04,-6.66667E-04
3.421711,-1.144414E-04,1.75477E-04,6.66667E-04
3.422711,9.918259E-05,-5.340599E-05,-6.66667E-04
3.423712,-1.831064E-04,-5.340599E-05,.001
3.424712,-3.89101E-04,0,-.001
3.425713,-3.280658E-04,1.75477E-04,-6.66667E-04
3.426713,1.297006E-04,2.594013E-04,-.002
3.427714,7.629441E-05,2.975482E-04,-.001
3.428714,1.449594E-04,-2.975482E-04,-2.33333E-03
3.429715,2.28883E-05,-2.13624E-04,-.001
3.430716,-1.907358E-04,-2.441425E-04,.001
3.431716,-1.602182E-04,-2.670307E-04,.001
3.432716,-1.907358E-04,3.356952E-04,6.66667E-04
3.433717,-3.50954E-04,3.662128E-04,-3.66667E-03
3.434717,7.629441E-05,7.629453E-06,6.66667E-04
3.435718,1.907358E-04,-2.059946E-04,-6.66667E-04
3.436718,4.425067E-04,-4.730243E-04,-6.66667E-04
3.437719,5.645789E-04,-3.433246E-04,.001
3.438719,6.332435E-04,-2.517719E-04,-6.66667E-04
3.43972,1.75477E-04,-1.449594E-04,.001
3.440721,-2.975482E-04,1.525888E-04,.002
3.441721,-1.220712E-04,4.57766E-05,-.001
3.442721,2.13624E-04,1.144414E-04,-6.66667E-04
3.443722,-7.629441E-05,1.220712E-04,-.001
3.444722,-2.594013E-04,2.059946E-04,-.001
3.445723,-1.831064E-04,3.662128E-04,-2.33333E-03
3.446723,-2.517719E-04,4.806537E-04,-.002
3.447724,3.051781E-05,-1.907358E-04,-3.66667E-03
3.448724,1.220712E-04,-3.280658E-04,-6.66667E-04
3.449725,7.629441E-05,-3.814716E-04,-.001
3.450726,-1.06812E-04,-3.738422E-04,-2.33333E-03
3.451726,-1.297006E-04,-4.196186E-04,6.66667E-04
3.452726,1.525891E-05,-3.662128E-04,-6.66667E-04
3.453727,0,-2.059946E-04,6.66667E-04
3.454727,2.365122E-04,-3.051776E-04,-6.66667E-04
3.455728,1.602182E-04,-6.103562E-05,.001
3.456728,-1.144414E-04,3.051781E-05,-6.66667E-04
3.457729,-1.983652E-04,-2.288828E-04,-6.66667E-04
3.458729,-1.678476E-04,-1.297006E-04,.002
3.45973,-1.3733E-04,-6.103562E-05,-.001
3.460731,8.392381E-05,-7.629453E-06,-.001
3.461731,-6.103562E-05,1.525888E-04,6.66667E-04
3.462731,6.866502E-05,1.525888E-04,-.001
3.463732,1.983652E-04,1.3733E-04,-.002
3.464732,4.119892E-04,-3.280658E-04,6.66667E-04
3.465733,2.517719E-04,-3.204364E-04,-.002
3.466733,1.220712E-04,-1.602182E-04,-.002
3.467734,3.051781E-05,3.051776E-04,-6.66667E-04
3.468734,-3.585834E-04,5.264319E-04,-6.66667E-04
3.469735,-1.907358E-04,5.264319E-04,6.66667E-04
3.470736,2.059946E-04,9.918259E-05,6.66667E-04
3.471736,9.15532E-05,4.57766E-05,6.66667E-04
3.472736,-3.051776E-04,1.525888E-04,-.001
3.473737,-2.517719E-04,2.288828E-04,6.66667E-04
3.474737,-1.06812E-04,5.798377E-04,.002
3.475738,-2.441425E-04,3.12807E-04,-.002
3.476738,-4.196186E-04,-4.57766E-05,-6.66667E-04
3.477739,-1.525888E-04,4.57766E-05,2.33333E-03
3.478739,-1.06812E-04,-7.629453E-06,-6.66667E-04
3.47974,-1.602182E-04,1.449594E-04,.001
3.480741,-2.288828E-04,-1.06812E-04,6.66667E-04
3.481741,-1.449594E-04,-1.831064E-04,-.001
3.482741,-2.517719E-04,6.103562E-05,-6.66667E-04
3.483742,-4.57766E-05,-6.866502E-05,.001
3.484742,6.866502E-05,-1.06812E-04,-3.66667E-03
3.485743,8.392381E-05,-6.179847E-04,-2.33333E-03
3.486743,3.12807E-04,-4.043598E-04,-.002
3.487744,1.525891E-05,-5.340599E-05,-.001
3.488744,6.103562E-05,9.918259E-05,-6.66667E-04
3.489745,-9.918259E-05,1.06812E-04,.001
3.490746,-2.13624E-04,1.525888E-04,-6.66667E-04
3.491746,-3.051776E-04,1.75477E-04,-.001
3.492746,-3.738422E-04,1.983652E-04,6.66667E-04
3.493747,-4.501361E-04,3.662128E-04,-2.33333E-03
3.494747,-3.738422E-04,4.27248E-04,6.66667E-04
3.495748,-3.585834E-04,3.967304E-04,.001
3.496748,9.918259E-05,1.449594E-04,-6.66667E-04
3.497749,2.059946E-04,1.220712E-04,-6.66667E-04
3.498749,-8.392381E-05,3.280658E-04,.001
3.49975,1.449594E-04,2.28883E-05,-6.66667E-04
3.500751,2.594013E-04,-6.103562E-05,-.001
3.501751,3.814721E-05,-1.06812E-04,-.002
3.502751,1.75477E-04,-6.103562E-05,-6.66667E-04
3.503752,1.831064E-04,0,6.66667E-04
3.504752,-5.340599E-05,-2.28883E-05,-.002
3.505753,7.629441E-05,-1.525888E-04,6.66667E-04
3.506753,5.340599E-05,-3.50954E-04,-2.33333E-03
3.507754,2.899189E-04,-3.433246E-04,.001
3.508754,7.01908E-04,-3.814716E-04,6.66667E-04
3.509755,3.89101E-04,4.57766E-05,-.001
3.510756,3.814721E-05,2.288828E-04,6.66667E-04
3.511756,3.662128E-04,2.13624E-04,.001
3.512756,5.340599E-05,9.918259E-05,6.66667E-04
3.513757,-2.517719E-04,1.220712E-04,-6.66667E-04
3.514757,1.220712E-04,-3.051781E-05,-6.66667E-04
3.515758,0,-2.746601E-04,-6.66667E-04
3.516758,-2.822895E-04,0,-6.66667E-04
3.517759,-1.297006E-04,-5.340599E-05,-2.33333E-03
3.518759,-2.594013E-04,-2.28883E-05,6.66667E-04
3.51976,-1.831064E-04,2.594013E-04,-2.33333E-03
3.520761,9.918259E-05,3.662128E-04,-3.66667E-03
3.521761,9.15532E-05,5.493201E-04,-.002
3.522761,3.051776E-04,3.662128E-04,-.002
3.523762,4.196186E-04,2.441425E-04,-6.66667E-04
3.524762,1.297006E-04,4.57766E-05,-6.66667E-04
3.525763,4.57766E-05,3.051781E-05,-.001
3.526763,-6.103562E-05,-1.06812E-04,-.002
3.527764,-7.629453E-06,-2.28883E-05,-.001
3.528764,2.28883E-05,1.983652E-04,.001
3.529765,-6.866502E-05,3.433246E-04,.002
3.530766,1.220712E-04,3.50954E-04,-6.66667E-04
3.531766,1.3733E-04,2.822895E-04,.002
3.532766,-3.051776E-04,4.119892E-04,-.002
3.533767,-4.57766E-05,2.899189E-04,-.001
3.534767,4.196186E-04,1.220712E-04,.002
3.535768,5.798377E-04,3.12807E-04,-3.66667E-03
3.536768,4.196186E-04,1.983652E-04,-.002
3.537769,1.297006E-04,4.57766E-05,-6.66667E-04
3.538769,1.297006E-04,-2.212534E-04,-.002
3.53977,1.144414E-04,-1.220712E-04,6.66667E-04
3.540771,6.103562E-05,-1.449594E-04,-6.66667E-04
3.541771,7.629453E-06,-3.204364E-04,-6.66667E-04
3.542771,-8.392381E-05,9.918259E-05,-.002
3.543772,0,2.365122E-04,6.66667E-04
3.544772,-3.204364E-04,1.75477E-04,-.001
3.545773,-5.645789E-04,1.602182E-04,-6.66667E-04
3.546773,-3.356952E-04,9.15532E-05,6.66667E-04
3.547774,-1.983652E-04,0,.001
3.548774,2.517719E-04,-2.670307E-04,-6.66667E-04
3.549775,5.798377E-04,-6.103562E-05,-6.66667E-04
3.550776,3.433246E-04,-8.392381E-05,-.001
3.551776,2.28883E-05,-2.365122E-04,.001
3.552776,-1.602182E-04,-2.13624E-04,-.001
3.553777,-3.204364E-04,-2.899189E-04,-6.66667E-04
3.554777,-3.356952E-04,-2.670307E-04,6.66667E-04
3.555778,-1.983652E-04,-1.75477E-04,.001
3.556778,-9.15532E-05,0,-3.66667E-03
3.557779,-5.340599E-05,-2.365122E-04,-6.66667E-04
3.558779,-3.89101E-04,-1.983652E-04,-6.66667E-04
3.55978,-3.051776E-04,7.629453E-06,.001
3.560781,-2.670307E-04,7.629441E-05,-.001
3.561781,-3.204364E-04,-5.340599E-05,-.001
3.562781,-2.212534E-04,-4.119892E-04,-2.33333E-03
3.563782,-2.517719E-04,-7.095374E-04,-.001
3.564783,-3.280658E-04,-7.40055E-04,-.002
3.565783,-2.822895E-04,-5.416907E-04,-6.66667E-04
3.566783,-1.525888E-04,-4.043598E-04,6.66667E-04
3.567784,1.678476E-04,-3.204364E-04,6.66667E-04
3.568784,2.288828E-04,-8.392381E-05,-.001
3.569785,1.983652E-04,-1.831064E-04,.001
3.570786,1.297006E-04,-1.983652E-04,.002
3.571786,3.814721E-05,-7.629441E-05,-.001
3.572786,4.57766E-05,-9.15532E-05,-.001
3.573787,4.57766E-05,1.06812E-04,-.001
3.574788,4.348774E-04,1.525888E-04,.001
3.575788,4.119892E-04,3.967304E-04,2.33333E-03
3.576788,-1.602182E-04,3.662128E-04,-.001
3.577789,-6.103562E-05,-1.602182E-04,-.002
3.578789,7.629453E-06,-5.264319E-04,-.002
3.57979,-3.204364E-04,-4.959144E-04,.001
3.580791,-2.517719E-04,-1.144414E-04,-6.66667E-04
3.581791,-1.220712E-04,0,-6.66667E-04
3.582791,6.103562E-05,3.051781E-05,-.002
3.583792,1.525888E-04,-7.629453E-06,-.001
3.584793,0,6.866502E-05,.001
3.585793,-3.204364E-04,1.525891E-05,6.66667E-04
3.586793,-5.874671E-04,-4.501361E-04,.001
3.587794,-3.051776E-04,-3.967304E-04,2.33333E-03
3.588794,-1.525891E-05,1.602182E-04,-.001
3.589795,2.288828E-04,4.043598E-04,-.001
3.590796,3.051776E-04,4.043598E-04,-6.66667E-04
3.591796,-3.967304E-04,5.645789E-04,-.001
3.592796,-6.790198E-04,2.746601E-04,-.002
3.593797,-3.662128E-04,-3.051781E-05,6.66667E-04
3.594798,-2.13624E-04,3.280658E-04,-.001
3.595798,2.059946E-04,2.670307E-04,-.002
3.596798,-1.525891E-05,4.501361E-04,6.66667E-04
3.597799,-1.144414E-04,1.525888E-04,6.66667E-04
3.598799,-2.670307E-04,-3.814721E-05,-6.66667E-04
3.5998,-2.365122E-04,-3.814721E-05,6.66667E-04
3.600801,9.918259E-05,6.866502E-05,-.002
3.601801,5.111732E-04,2.059946E-04,6.66667E-04
3.602801,6.790198E-04,3.12807E-04,.002
3.603802,5.111732E-04,1.220712E-04,-.002
3.604803,4.959144E-04,-8.392381E-05,6.66667E-04
3.605803,6.561317E-04,-1.297006E-04,6.66667E-04
3.606803,5.722083E-04,-4.119892E-04,6.66667E-04
3.607804,1.678476E-04,-3.738422E-04,-.002
3.608804,-1.525888E-04,-3.50954E-04,-.002
3.609805,-3.433246E-04,-4.806537E-04,-.002
3.610806,-3.585834E-04,-1.75477E-04,-.001
3.611806,-3.12807E-04,-2.13624E-04,6.66667E-04
3.612806,8.392381E-05,2.059946E-04,-.002
3.613807,4.27248E-04,7.629453E-06,-.001
3.614808,5.493201E-04,-8.392381E-05,6.66667E-04
3.615808,3.662128E-04,-2.899189E-04,-6.66667E-04
3.616808,4.57766E-05,-2.670307E-04,-6.66667E-04
3.617809,-1.602182E-04,-3.738422E-04,-.001
3.618809,-1.297006E-04,-3.585834E-04,.001
3.61981,-2.746601E-04,-2.288828E-04,.001
3.620811,-4.806537E-04,-3.967304E-04,6.66667E-04
3.621811,-8.087195E-04,-5.645789E-04,-6.66667E-04
3.622811,-4.959144E-04,-1.06812E-04,-.001
3.623812,-2.059946E-04,3.89101E-04,6.66667E-04
3.624813,2.441425E-04,1.220712E-04,-6.66667E-04
3.625813,3.051776E-04,-1.06812E-04,6.66667E-04
3.626813,2.441425E-04,1.144414E-04,-6.66667E-04
3.627814,2.594013E-04,1.907358E-04,6.66667E-04
3.628814,2.899189E-04,1.983652E-04,.001
3.629815,-1.602182E-04,1.831064E-04,-6.66667E-04
3.630816,-2.670307E-04,1.983652E-04,-.001
3.631816,-1.144414E-04,-1.525891E-05,-.002
3.632816,-2.13624E-04,2.28883E-05,-.002
3.633817,-3.280658E-04,7.629453E-06,6.66667E-04
3.634818,-2.670307E-04,-2.594013E-04,.001
3.635818,3.814721E-05,-2.822895E-04,-6.66667E-04
3.636818,-1.06812E-04,-6.485023E-04,-.002
3.637819,3.051781E-05,-2.975482E-04,-6.66667E-04
3.638819,1.297006E-04,2.746601E-04,6.66667E-04
3.63982,-2.517719E-04,4.501361E-04,.001
3.640821,-2.441425E-04,1.525891E-05,-6.66667E-04
3.641821,-3.12807E-04,-1.449594E-04,-.002
3.642821,-5.416907E-04,-2.13624E-04,6.66667E-04
3.643822,-5.416907E-04,-7.629441E-05,-.002
3.644823,-4.348774E-04,2.670307E-04,6.66667E-04
3.645823,-1.06812E-04,4.196186E-04,.001
3.646823,2.670307E-04,3.204364E-04,-.001
3.647824,4.653949E-04,2.441425E-04,6.66667E-04
3.648824,1.983652E-04,2.594013E-04,6.66667E-04
3.649825,2.059946E-04,-6.103562E-05,6.66667E-04
3.650826,2.670307E-04,7.629453E-06,-.001
3.651826,6.103562E-05,0,-6.66667E-04
3.652826,1.525891E-05,3.051781E-05,-6.66667E-04
3.653827,-8.392381E-05,8.392381E-05,-.001
3.654828,-1.06812E-04,4.653949E-04,-.002
3.655828,-1.678476E-04,2.13624E-04,-6.66667E-04
3.656828,-2.13624E-04,-4.425067E-04,-6.66667E-04
3.657829,-2.899189E-04,-4.730243E-04,-.001
3.658829,-1.75477E-04,-1.220712E-04,-6.66667E-04
3.65983,-4.57766E-05,-3.051781E-05,.001
3.66083,0,-1.525888E-04,6.66667E-04
3.661831,1.907358E-04,7.629453E-06,-6.66667E-04
3.662831,-6.103562E-05,6.103562E-05,.001
3.663832,2.594013E-04,1.678476E-04,-.001
3.664833,-5.111732E-04,2.13624E-04,-5.66667E-03
3.665833,-5.874671E-04,3.585834E-04,6.66667E-04
3.666833,-2.975482E-04,1.678476E-04,-6.66667E-04
3.667834,-1.449594E-04,-7.629453E-06,.001
3.668834,-2.746601E-04,0,.001
3.669835,-3.814716E-04,3.814721E-05,-.001
3.670835,-3.738422E-04,-6.866502E-05,-6.66667E-04
3.671836,-1.678476E-04,-2.746601E-04,-.001
3.672836,8.392381E-05,-6.866502E-05,6.66667E-04
3.673837,-9.15532E-05,-3.89101E-04,-2.33333E-03
3.674838,-9.15532E-05,-2.13624E-04,-6.66667E-04
3.675838,-1.907358E-04,-5.340599E-05,.001
3.676838,-1.525888E-04,2.594013E-04,.001
3.677839,-1.220712E-04,1.983652E-04,6.66667E-04
3.678839,-6.485023E-04,2.517719E-04,-.001
3.67984,-3.814716E-04,3.814716E-04,-.001
3.68084,-1.144414E-04,2.365122E-04,-.002
3.681841,1.831064E-04,5.340599E-05,-6.66667E-04
3.682841,5.874671E-04,7.629453E-06,-6.66667E-04
3.683842,3.204364E-04,-1.525891E-05,.001
3.684843,3.662128E-04,-2.594013E-04,-.002
3.685843,4.653949E-04,-2.975482E-04,-.001
3.686843,5.798377E-04,2.517719E-04,-.001
3.687844,5.264319E-04,3.814716E-04,-.001
3.688844,3.051776E-04,1.983652E-04,-.004
3.689845,6.103562E-05,9.918259E-05,-2.33333E-03
3.690845,4.57766E-05,2.212534E-04,-6.66667E-04
3.691846,4.653949E-04,3.50954E-04,-.001
3.692847,3.814716E-04,7.629453E-06,-.001
3.693847,9.918259E-05,-2.059946E-04,-6.66667E-04
3.694848,-3.967304E-04,-2.594013E-04,-.002
3.695848,-3.356952E-04,-5.340613E-04,.001
3.696848,-5.340613E-04,-2.441425E-04,-6.66667E-04
3.697849,-6.408729E-04,1.297006E-04,6.66667E-04
3.698849,-5.798377E-04,1.297006E-04,6.66667E-04
3.69985,-6.942786E-04,4.57766E-05,-.001
3.70085,-7.78202E-04,5.340599E-05,-.001
3.701851,-5.798377E-04,1.144414E-04,-.001
3.702852,-5.340599E-05,6.866502E-05,6.66667E-04
3.703852,5.340599E-05,2.746601E-04,-6.66667E-04
3.704853,-4.57766E-05,3.585834E-04,-.001
3.705853,2.441425E-04,3.662128E-04,.001
3.706853,3.662128E-04,2.822895E-04,-6.66667E-04
3.707854,2.288828E-04,-3.051781E-05,6.66667E-04
3.708854,-3.814721E-05,-1.3733E-04,.001
3.709855,0,-1.06812E-04,.001
3.710855,-3.814721E-05,2.822895E-04,.001
3.711856,1.678476E-04,7.476844E-04,.001
3.712857,2.28883E-05,6.63761E-04,6.66667E-04
3.713857,1.678476E-04,7.095374E-04,-6.66667E-04
3.714858,3.433246E-04,3.356952E-04,.001
3.715858,5.340599E-05,1.449594E-04,-.001
3.716858,-7.629453E-06,2.441425E-04,.001
3.717859,-1.3733E-04,-5.340599E-05,-6.66667E-04
3.718859,-1.602182E-04,-1.602182E-04,-.002
3.71986,-3.50954E-04,-9.918259E-05,-6.66667E-04
3.72086,-5.264319E-04,6.866502E-05,-.002
3.721861,-3.585834E-04,2.517719E-04,6.66667E-04
3.722862,-1.983652E-04,-7.629453E-06,-.001
3.723862,-3.051776E-04,5.340599E-05,6.66667E-04
3.724863,2.594013E-04,1.907358E-04,-3.66667E-03
3.725863,2.594013E-04,2.975482E-04,-.001
3.726863,1.602182E-04,2.212534E-04,-6.66667E-04
3.727864,3.204364E-04,1.983652E-04,-.002
3.728864,1.831064E-04,-1.907358E-04,6.66667E-04
3.729865,-3.814721E-05,-1.678476E-04,-6.66667E-04
3.730865,-1.3733E-04,-1.831064E-04,-.002
3.731866,-3.738422E-04,0,.001
3.732867,-2.975482E-04,-1.525891E-05,6.66667E-04
3.733867,-4.57766E-05,0,-.001
3.734868,-4.27248E-04,-2.594013E-04,-6.66667E-04
3.735868,-3.204364E-04,-1.678476E-04,-.001
3.736868,-2.670307E-04,1.678476E-04,-6.66667E-04
3.737869,-2.059946E-04,6.408729E-04,-.002
3.73887,-3.814721E-05,4.119892E-04,6.66667E-04
3.73987,1.144414E-04,4.196186E-04,-6.66667E-04
3.74087,5.493201E-04,8.392381E-05,-.001
3.741871,6.027259E-04,-2.822895E-04,-6.66667E-04
3.742872,2.441425E-04,-2.212534E-04,-6.66667E-04
3.743872,-1.220712E-04,-1.06812E-04,-.001
3.744873,-2.594013E-04,9.918259E-05,-.001
3.745873,-7.629453E-06,-9.918259E-05,.002
3.746873,1.75477E-04,-1.3733E-04,-6.66667E-04
3.747874,2.594013E-04,-4.501361E-04,-.001
3.748875,5.569495E-04,-5.416907E-04,-6.66667E-04
3.749875,2.517719E-04,-1.144414E-04,-.002
3.750875,1.907358E-04,-2.13624E-04,6.66667E-04
3.751876,2.365122E-04,-3.738422E-04,-.002
3.752877,3.12807E-04,-7.858314E-04,-.001
3.753877,1.75477E-04,-5.874671E-04,-6.66667E-04
3.754878,-1.907358E-04,-4.959144E-04,-6.66667E-04
3.755878,-4.196186E-04,-2.594013E-04,-2.33333E-03
3.756878,-4.730243E-04,-2.212534E-04,-.002
3.757879,-2.212534E-04,-2.441425E-04,-.002
3.75888,-3.89101E-04,-3.433246E-04,-.001
3.75988,-3.280658E-04,1.525891E-05,-6.66667E-04
3.76088,-5.340599E-05,1.3733E-04,-.002
3.761881,-1.297006E-04,-1.831064E-04,-6.66667E-04
3.762882,-3.738422E-04,-2.365122E-04,.001
3.763882,-3.280658E-04,-1.602182E-04,-.001
3.764883,-3.814716E-04,4.57766E-05,.001
3.765883,-2.975482E-04,1.602182E-04,-.002
3.766883,1.525888E-04,-6.103562E-05,6.66667E-04
3.767884,3.280658E-04,-3.662128E-04,.001
3.768885,1.831064E-04,3.051781E-05,-6.66667E-04
3.769885,1.525888E-04,8.392381E-05,-.002
3.770885,-1.75477E-04,9.918259E-05,.001
3.771886,-7.629441E-05,-1.831064E-04,6.66667E-04
3.772887,1.297006E-04,-4.043598E-04,-6.66667E-04
3.773887,2.975482E-04,-7.629441E-05,6.66667E-04
3.774888,5.111732E-04,-6.866502E-05,-.001
3.775888,3.814716E-04,-9.918259E-05,6.66667E-04
3.776888,4.196186E-04,1.297006E-04,-6.66667E-04
3.777889,2.899189E-04,2.899189E-04,-6.66667E-04
3.77889,4.57766E-05,4.806537E-04,.001
3.77989,2.288828E-04,7.40055E-04,.001
3.78089,3.204364E-04,2.13624E-04,2.33333E-03
3.781891,6.866502E-05,2.822895E-04,-.002
3.782892,9.15532E-05,2.594013E-04,-.001
3.783892,3.662128E-04,1.297006E-04,-6.66667E-04
3.784893,3.662128E-04,3.89101E-04,-.002
3.785893,1.297006E-04,2.899189E-04,6.66667E-04
3.786893,-3.051776E-04,4.577655E-04,-.001
3.787894,-1.144414E-04,2.746601E-04,6.66667E-04
3.788895,-2.365122E-04,-2.441425E-04,-.001
3.789895,-2.899189E-04,-2.975482E-04,-.002
3.790895,-4.577655E-04,-3.356952E-04,.001
3.791896,-6.103553E-04,-1.983652E-04,-.001
3.792897,-6.561317E-04,0,-6.66667E-04
3.793897,-3.356952E-04,1.525888E-04,.001
3.794898,-4.57766E-05,4.501361E-04,-6.66667E-04
3.795898,2.059946E-04,4.577655E-04,6.66667E-04
3.796898,2.28883E-05,4.730243E-04,6.66667E-04
3.797899,-1.831064E-04,3.12807E-04,-6.66667E-04
3.7989,-4.57766E-05,9.918259E-05,-3.66667E-03
3.7999,1.831064E-04,1.602182E-04,-6.66667E-04
3.8009,4.577655E-04,5.340613E-04,-6.66667E-04
3.801901,3.051776E-04,2.059946E-04,-.001
3.802902,1.144414E-04,-2.13624E-04,-.001
3.803902,9.15532E-05,-3.814721E-05,.001
3.804903,7.629441E-05,4.577655E-04,.001
3.805903,2.13624E-04,9.15532E-05,.001
3.806903,-1.144414E-04,-5.493201E-04,-.001
3.807904,-9.15532E-05,-3.967304E-04,6.66667E-04
3.808905,-5.340599E-05,-3.204364E-04,.001
3.809905,0,-2.594013E-04,-6.66667E-04
3.810905,-9.15532E-05,-1.06812E-04,6.66667E-04
3.811906,-5.340599E-05,-1.831064E-04,-6.66667E-04
3.812907,-3.204364E-04,-1.06812E-04,.001
3.813907,-3.50954E-04,8.392381E-05,-.001
3.814908,-1.983652E-04,7.629453E-06,-2.33333E-03
3.815908,-2.670307E-04,-1.144414E-04,-6.66667E-04
3.816908,-9.918259E-05,-3.051776E-04,-.001
3.817909,-1.525891E-05,-4.27248E-04,-6.66667E-04
3.81891,-1.297006E-04,-2.899189E-04,-6.66667E-04
3.81991,-1.525888E-04,-2.212534E-04,.001
3.82091,-4.27248E-04,3.814721E-05,6.66667E-04
3.821911,-5.874671E-04,-3.585834E-04,-6.66667E-04
3.822912,-2.28883E-05,-3.662128E-04,6.66667E-04
3.823912,8.392381E-05,-7.629453E-06,.001
3.824913,2.746601E-04,-3.814721E-05,-.002
3.825913,4.730243E-04,-1.907358E-04,-.001
3.826913,1.75477E-04,-4.730243E-04,6.66667E-04
3.827914,9.918259E-05,-4.27248E-04,.001
3.828915,-1.525888E-04,-4.57766E-05,-.002
3.829915,-4.348774E-04,-1.220712E-04,-6.66667E-04
3.830915,-2.212534E-04,-4.806537E-04,.001
3.831916,-1.602182E-04,-2.13624E-04,-.001
3.832916,-1.831064E-04,-3.50954E-04,-6.66667E-04
3.833917,-4.806537E-04,-2.594013E-04,-6.66667E-04
3.834918,-3.967304E-04,1.75477E-04,-6.66667E-04
3.835918,-2.212534E-04,3.89101E-04,-6.66667E-04
3.836918,-1.602182E-04,1.907358E-04,-3.66667E-03
3.837919,-5.340599E-05,1.3733E-04,6.66667E-04
3.83892,-6.866502E-05,3.12807E-04,-.002
3.83992,3.051781E-05,1.907358E-04,-3.66667E-03
3.84092,2.822895E-04,3.204364E-04,-2.33333E-03
3.841921,1.449594E-04,1.06812E-04,-.001
3.842921,-1.75477E-04,2.365122E-04,-.001
3.843922,-1.983652E-04,2.670307E-04,-6.66667E-04
3.844923,-2.13624E-04,-1.831064E-04,-6.66667E-04
3.845923,2.059946E-04,-8.392381E-05,-.001
3.846923,7.629453E-06,-2.899189E-04,-6.66667E-04
3.847924,2.441425E-04,-5.493201E-04,-6.66667E-04
3.848925,7.247962E-04,-5.950965E-04,6.66667E-04
3.849925,2.13624E-04,-5.188026E-04,-.002
3.850925,-5.340599E-05,-3.356952E-04,-6.66667E-04
3.851926,5.340599E-05,-1.602182E-04,-.001
3.852926,2.975482E-04,-2.13624E-04,-.001
3.853927,1.297006E-04,-8.392381E-05,6.66667E-04
3.854928,-2.13624E-04,-4.57766E-05,-3.66667E-03
3.855928,-3.585834E-04,2.822895E-04,-6.66667E-04
3.856929,-1.907358E-04,3.356952E-04,.001
3.857929,-9.15532E-05,4.88285E-04,-6.66667E-04
3.85893,-2.822895E-04,2.059946E-04,-.002
3.85993,6.866502E-05,1.449594E-04,-6.66667E-04
3.86093,8.392381E-05,4.348774E-04,-6.66667E-04
3.861931,-5.340599E-05,2.594013E-04,-.002
3.862931,2.822895E-04,1.3733E-04,6.66667E-04
3.863932,4.501361E-04,1.907358E-04,-6.66667E-04
3.864933,4.501361E-04,7.629441E-05,6.66667E-04
3.865933,1.449594E-04,2.13624E-04,-6.66667E-04
3.866934,-2.13624E-04,-4.57766E-05,-.001
3.867934,-1.3733E-04,-9.15532E-05,-6.66667E-04
3.868935,1.831064E-04,3.662128E-04,6.66667E-04
3.869935,-3.051781E-05,3.433246E-04,6.66667E-04
3.870935,-5.340599E-05,-3.814721E-05,.002
3.871936,-1.907358E-04,-9.15532E-05,-6.66667E-04
3.872936,-3.967304E-04,3.814721E-05,-6.66667E-04
3.873937,-3.662128E-04,1.75477E-04,-3.66667E-03
3.874938,-2.288828E-04,2.28883E-05,-.002
3.875938,4.57766E-05,9.918259E-05,-.001
3.876939,-1.602182E-04,-3.50954E-04,-6.66667E-04
3.877939,-7.629441E-05,-1.831064E-04,6.66667E-04
3.87894,-1.602182E-04,-7.629453E-06,6.66667E-04
3.87994,7.629441E-05,-9.15532E-05,.001
3.88094,4.88285E-04,-1.602182E-04,-.002
3.881941,5.798377E-04,-1.06812E-04,.001
3.882941,5.874671E-04,1.144414E-04,-6.66667E-04
3.883942,3.433246E-04,5.340599E-05,6.66667E-04
3.884943,0,2.059946E-04,-.001
3.885943,2.670307E-04,0,6.66667E-04
3.886944,4.806537E-04,-1.525888E-04,-.001
3.887944,2.517719E-04,6.866502E-05,-6.66667E-04
3.888945,-3.433246E-04,3.738422E-04,-6.66667E-04
3.889945,-4.043598E-04,4.57766E-05,-.001
3.890945,-1.75477E-04,9.918259E-05,3.66667E-03
3.891946,3.051776E-04,0,-.001
3.892946,2.441425E-04,-6.103562E-05,6.66667E-04
3.893947,3.204364E-04,-1.3733E-04,-.001
3.894948,-4.57766E-05,9.15532E-05,-6.66667E-04
3.895948,3.051781E-05,1.525888E-04,-6.66667E-04
3.896949,-2.517719E-04,-2.28883E-05,6.66667E-04
3.897949,-2.13624E-04,4.501361E-04,6.66667E-04
3.89895,1.525891E-05,6.408729E-04,.001
3.89995,-1.144414E-04,6.027259E-04,-.002
3.90095,-1.06812E-04,1.449594E-04,.001
3.901951,-1.602182E-04,9.918259E-05,-.001
3.902952,4.57766E-05,1.220712E-04,.001
3.903952,-5.340599E-05,-8.392381E-05,.001
3.904953,-1.983652E-04,-3.356952E-04,.001
3.905953,-2.288828E-04,-2.059946E-04,6.66667E-04
3.906954,-3.814721E-05,-4.57766E-05,-.001
3.907954,4.653949E-04,4.57766E-05,-.001
3.908955,7.553138E-04,-9.15532E-05,2.33333E-03
3.909955,7.858314E-04,-1.602182E-04,-6.66667E-04
3.910955,4.348774E-04,2.594013E-04,-.001
3.911956,-7.629441E-05,2.746601E-04,-6.66667E-04
3.912957,-2.822895E-04,2.059946E-04,-6.66667E-04
3.913957,1.297006E-04,2.059946E-04,-6.66667E-04
3.914958,1.907358E-04,3.051776E-04,-2.33333E-03
3.915958,4.27248E-04,2.594013E-04,-6.66667E-04
3.916959,5.493201E-04,1.3733E-04,-6.66667E-04
3.917959,6.866492E-04,6.866502E-05,6.66667E-04
3.91896,2.899189E-04,6.866502E-05,-6.66667E-04
3.91996,3.585834E-04,-2.288828E-04,-6.66667E-04
3.92096,-3.814721E-05,7.629441E-05,-6.66667E-04
3.921961,7.629441E-05,1.525891E-05,.001
3.922962,4.57766E-05,3.204364E-04,-2.33333E-03
3.923962,-6.866502E-05,1.3733E-04,-.002
3.924963,-7.629441E-05,-1.06812E-04,6.66667E-04
3.925963,0,-2.899189E-04,-.001
3.926964,-2.899189E-04,-4.119892E-04,.001
3.927964,-4.57766E-05,-2.059946E-04,-.001
3.928965,-1.907358E-04,-1.525888E-04,-.002
3.929965,-3.204364E-04,4.57766E-05,-.004
3.930965,-4.653949E-04,1.602182E-04,-6.66667E-04
3.931966,-3.738422E-04,4.57766E-05,.002
3.932967,-2.517719E-04,-1.297006E-04,.001
3.933967,-1.525888E-04,1.75477E-04,6.66667E-04
3.934968,-6.103562E-05,1.06812E-04,-6.66667E-04
3.935968,4.57766E-05,1.3733E-04,-.001
3.936969,1.297006E-04,-1.06812E-04,6.66667E-04
3.937969,1.525891E-05,-1.06812E-04,-.002
3.93897,3.814716E-04,-3.50954E-04,-.001
3.93997,5.264319E-04,-2.594013E-04,6.66667E-04
3.94097,3.12807E-04,-2.670307E-04,-6.66667E-04
3.941971,3.12807E-04,-2.13624E-04,-.002
3.942972,4.577655E-04,-4.57766E-05,-.002
3.943972,4.577655E-04,1.297006E-04,6.66667E-04
3.944973,2.212534E-04,5.645789E-04,-.002
3.945973,1.144414E-04,3.738422E-04,.001
3.946974,3.585834E-04,2.822895E-04,-.001
3.947974,3.204364E-04,-8.392381E-05,-.002
3.948975,1.144414E-04,-1.06812E-04,6.66667E-04
3.949975,-3.204364E-04,-1.983652E-04,6.66667E-04
3.950975,-2.212534E-04,-3.814716E-04,6.66667E-04
3.951976,-1.449594E-04,-2.899189E-04,6.66667E-04
3.952977,-4.57766E-05,4.57766E-05,-.001
3.953977,-6.866502E-05,3.204364E-04,-.002
3.954978,2.28883E-05,3.12807E-04,-.001
3.955978,-5.340599E-05,1.983652E-04,-2.33333E-03
3.956979,-8.392381E-05,3.204364E-04,.001
3.957979,1.449594E-04,2.441425E-04,6.66667E-04
3.95898,-2.822895E-04,2.517719E-04,.001
3.95998,-4.27248E-04,-1.907358E-04,-6.66667E-04
3.96098,-2.822895E-04,-5.645789E-04,-.001
3.961981,3.051781E-05,-3.204364E-04,-6.66667E-04
3.962982,-1.907358E-04,-6.866502E-05,-.001
3.963982,2.13624E-04,6.103562E-05,6.66667E-04
3.964983,4.653949E-04,1.831064E-04,-.001
3.965983,6.103553E-04,5.035438E-04,-.002
3.966984,1.525888E-04,1.3733E-04,6.66667E-04
3.967984,-6.866502E-05,1.06812E-04,-.001
3.968985,-1.449594E-04,-1.3733E-04,-6.66667E-04
3.969985,-5.188026E-04,-1.678476E-04,-2.33333E-03
3.970985,-3.585834E-04,9.15532E-05,6.66667E-04
3.971986,1.06812E-04,1.602182E-04,-6.66667E-04
3.972987,4.57766E-05,0,-6.66667E-04
3.973987,7.629453E-06,-2.517719E-04,6.66667E-04
3.974988,1.3733E-04,-1.831064E-04,6.66667E-04
3.975988,3.738422E-04,1.907358E-04,-6.66667E-04
3.976989,6.179847E-04,3.051776E-04,-.002
3.977989,2.441425E-04,2.594013E-04,-6.66667E-04
3.97899,-6.866502E-05,6.63761E-04,-6.66667E-04
3.97999,1.525891E-05,3.814721E-05,-.002
3.98099,2.059946E-04,-3.280658E-04,-.001
3.981991,2.288828E-04,-5.645789E-04,-.001
3.982992,5.264319E-04,-3.204364E-04,-6.66667E-04
3.983992,4.730243E-04,-1.75477E-04,-2.33333E-03
3.984993,5.264319E-04,-3.738422E-04,-3.66667E-03
3.985993,2.975482E-04,-3.814716E-04,6.66667E-04
3.986994,7.629441E-05,-2.670307E-04,-6.66667E-04
3.987994,4.27248E-04,-1.602182E-04,.001
3.988995,2.059946E-04,1.983652E-04,-.001
3.989995,9.918259E-05,2.059946E-04,-6.66667E-04
3.990995,-1.449594E-04,1.525888E-04,-.001
3.991996,-1.678476E-04,3.89101E-04,-.001
3.992997,3.433246E-04,5.874671E-04,6.66667E-04
3.993997,3.738422E-04,8.468665E-04,-.001
3.994998,4.959144E-04,6.790198E-04,-.001
3.995998,2.670307E-04,5.340613E-04,-6.66667E-04
3.996999,9.15532E-05,2.059946E-04,-6.66667E-04
3.997999,-2.670307E-04,-2.365122E-04,6.66667E-04
3.999,-2.059946E-04,-2.13624E-04,-.002
4,-3.89101E-04,6.103562E-05,-6.66667E-04
