"c:\users\esrlabn1\desktop\bence\ir_spectroscopy\532nm_odmr\magnet_map_2_680nm\200.dat  ---  04-28-2026 00:40:50"
""
"cavityli 20 2 4 2000 1 0 0"
"                             ;                             ;seth_xesr_precise 93.24 1 0 -0.5430528375733856"
"setlockin 188.67 0.004 0 0.03 0.2"
4,2000
2,-1.3733E-04,-6.103562E-05,6.66667E-04
2.001,-3.814721E-05,9.15532E-05,.002
2.002001,-4.57766E-05,1.907358E-04,-.001
2.003001,-2.13624E-04,4.959144E-04,-.001
2.004002,-3.051781E-05,5.950965E-04,-6.66667E-04
2.005002,1.06812E-04,1.983652E-04,-.001
2.006003,3.433246E-04,6.103562E-05,.001
2.007004,9.918259E-05,1.449594E-04,.001
2.008004,0,1.297006E-04,-.001
2.009005,-9.918259E-05,4.119892E-04,-3.66667E-03
2.010005,9.918259E-05,3.051776E-04,-6.66667E-04
2.011005,4.730243E-04,-1.06812E-04,.001
2.012006,4.27248E-04,-1.907358E-04,-.002
2.013006,-1.678476E-04,-1.449594E-04,-6.66667E-04
2.014007,-5.340599E-05,1.06812E-04,6.66667E-04
2.015007,4.57766E-05,-2.28883E-05,-6.66667E-04
2.016008,-1.602182E-04,-2.13624E-04,-.001
2.017009,-1.06812E-04,-3.89101E-04,.001
2.018009,3.738422E-04,2.212534E-04,6.66667E-04
2.01901,5.722083E-04,8.392381E-05,-.001
2.02001,3.12807E-04,-1.144414E-04,-2.33333E-03
2.02101,6.866502E-05,-2.13624E-04,.002
2.022011,1.220712E-04,-3.433246E-04,.002
2.023011,3.814721E-05,1.144414E-04,-.001
2.024012,1.678476E-04,-5.340599E-05,.001
2.025012,2.365122E-04,-2.746601E-04,-.001
2.026013,9.918259E-05,3.356952E-04,-6.66667E-04
2.027014,-1.3733E-04,2.288828E-04,.001
2.028014,-3.814721E-05,3.051781E-05,-.001
2.029015,6.103562E-05,-6.866502E-05,.001
2.030015,1.525891E-05,-3.814721E-05,-6.66667E-04
2.031015,1.525888E-04,-1.602182E-04,-6.66667E-04
2.032016,2.13624E-04,-3.585834E-04,.001
2.033016,2.822895E-04,7.629441E-05,-.001
2.034017,-2.365122E-04,9.918259E-05,-2.33333E-03
2.035017,-4.348774E-04,3.50954E-04,-.002
2.036018,-3.204364E-04,3.738422E-04,-2.33333E-03
2.037019,-1.220712E-04,4.57766E-05,-.002
2.038019,4.57766E-05,4.57766E-05,6.66667E-04
2.03902,-7.629441E-05,1.06812E-04,-.001
2.04002,1.525888E-04,8.392381E-05,.001
2.04102,3.356952E-04,-2.288828E-04,-6.66667E-04
2.042021,4.196186E-04,-2.288828E-04,6.66667E-04
2.043021,1.06812E-04,0,.001
2.044022,2.059946E-04,3.12807E-04,6.66667E-04
2.045022,6.790198E-04,2.822895E-04,6.66667E-04
2.046023,5.188026E-04,4.348774E-04,6.66667E-04
2.047024,4.501361E-04,6.866502E-05,6.66667E-04
2.048024,1.831064E-04,-1.3733E-04,.002
2.049025,3.585834E-04,-5.340599E-05,6.66667E-04
2.050025,3.051776E-04,-1.297006E-04,.001
2.051026,3.12807E-04,2.670307E-04,-.001
2.052026,-1.678476E-04,3.433246E-04,.001
2.053026,-5.569495E-04,7.629453E-06,-.001
2.054027,-5.950965E-04,3.89101E-04,-.001
2.055027,-6.485023E-04,3.12807E-04,-2.33333E-03
2.056028,-5.340613E-04,5.035438E-04,-6.66667E-04
2.057029,-4.577655E-04,2.670307E-04,-6.66667E-04
2.058029,-2.670307E-04,-2.365122E-04,-.001
2.05903,6.103562E-05,-5.340613E-04,-.001
2.06003,2.288828E-04,-1.602182E-04,-6.66667E-04
2.061031,3.662128E-04,-9.15532E-05,-6.66667E-04
2.062031,1.014717E-03,-1.525891E-05,.001
2.063031,5.645789E-04,1.220712E-04,6.66667E-04
2.064032,2.746601E-04,6.866502E-05,-.001
2.065032,4.57766E-05,1.3733E-04,-.001
2.066033,-1.525888E-04,-4.57766E-05,-.002
2.067034,1.525891E-05,-3.814716E-04,-6.66667E-04
2.068034,2.822895E-04,-6.179847E-04,6.66667E-04
2.069035,2.059946E-04,-1.907358E-04,-6.66667E-04
2.070035,3.356952E-04,-2.594013E-04,-6.66667E-04
2.071036,4.043598E-04,-1.525891E-05,-6.66667E-04
2.072036,2.517719E-04,-4.57766E-05,-.001
2.073036,2.212534E-04,-1.75477E-04,-.001
2.074037,4.88285E-04,-4.425067E-04,-6.66667E-04
2.075037,4.27248E-04,-7.629441E-05,-2.33333E-03
2.076038,2.441425E-04,-2.059946E-04,-6.66667E-04
2.077039,-2.28883E-05,-3.204364E-04,.001
2.078039,7.629453E-06,-2.28883E-05,-6.66667E-04
2.07904,2.28883E-05,-2.13624E-04,-.002
2.08004,-3.814721E-05,1.144414E-04,-.001
2.081041,-2.28883E-05,-9.918259E-05,-.002
2.082041,4.043598E-04,-2.13624E-04,.001
2.083041,5.722083E-04,-1.983652E-04,.001
2.084042,4.119892E-04,-4.88285E-04,-.001
2.085042,3.967304E-04,-3.662128E-04,.001
2.086043,9.918259E-05,-5.798377E-04,.001
2.087044,1.06812E-04,-5.645789E-04,.001
2.088044,1.75477E-04,-3.433246E-04,6.66667E-04
2.089045,-1.602182E-04,3.051781E-05,-.001
2.090045,-1.983652E-04,3.051781E-05,-.001
2.091046,-1.525888E-04,-9.918259E-05,-6.66667E-04
2.092046,-6.866502E-05,-2.059946E-04,.001
2.093046,1.525891E-05,-2.670307E-04,6.66667E-04
2.094047,-1.831064E-04,-9.918259E-05,-.001
2.095047,-3.585834E-04,-3.356952E-04,-3.66667E-03
2.096048,-1.220712E-04,-9.918259E-05,-2.33333E-03
2.097049,-5.340599E-05,1.602182E-04,-6.66667E-04
2.098049,1.831064E-04,6.103562E-05,-.001
2.09905,8.392381E-05,4.57766E-05,-6.66667E-04
2.10005,7.629453E-06,3.585834E-04,.001
2.101051,-1.3733E-04,5.111732E-04,-3.66667E-03
2.102051,-1.602182E-04,3.89101E-04,-.002
2.103051,-1.75477E-04,2.365122E-04,-.002
2.104052,-1.831064E-04,3.814721E-05,6.66667E-04
2.105052,-9.918259E-05,-1.06812E-04,6.66667E-04
2.106053,1.144414E-04,-6.103562E-05,-6.66667E-04
2.107054,1.75477E-04,-2.28883E-05,-.001
2.108054,1.449594E-04,-7.629453E-06,.001
2.109055,-2.28883E-05,1.907358E-04,-.001
2.110055,3.12807E-04,3.204364E-04,-.001
2.111056,1.525888E-04,1.220712E-04,-.001
2.112056,-5.340599E-05,6.866502E-05,.001
2.113056,-2.822895E-04,2.441425E-04,-6.66667E-04
2.114057,-2.670307E-04,3.89101E-04,-6.66667E-04
2.115057,-2.288828E-04,5.569495E-04,.001
2.116058,-3.204364E-04,2.746601E-04,-.002
2.117059,-1.220712E-04,1.525888E-04,-.001
2.118059,-1.06812E-04,3.662128E-04,-6.66667E-04
2.11906,-1.678476E-04,5.798377E-04,-.002
2.12006,-2.670307E-04,6.179847E-04,-3.66667E-03
2.121061,-1.449594E-04,6.408729E-04,-.002
2.122061,3.051781E-05,4.577655E-04,2.33333E-03
2.123062,-1.3733E-04,3.662128E-04,6.66667E-04
2.124062,-5.340613E-04,3.280658E-04,.001
2.125062,-2.975482E-04,3.433246E-04,6.66667E-04
2.126063,7.629453E-06,1.525888E-04,-.001
2.127064,-1.602182E-04,4.57766E-05,-.001
2.128064,3.051781E-05,-9.918259E-05,-.001
2.129065,3.204364E-04,-5.340599E-05,-6.66667E-04
2.130065,1.06812E-04,9.918259E-05,.001
2.131066,2.059946E-04,-4.57766E-05,-6.66667E-04
2.132066,7.629453E-06,-4.57766E-05,6.66667E-04
2.133067,-9.15532E-05,-1.525888E-04,-6.66667E-04
2.134067,-1.297006E-04,-4.806537E-04,6.66667E-04
2.135067,1.220712E-04,-5.111732E-04,-.002
2.136068,-1.06812E-04,-3.50954E-04,-.001
2.137069,-2.975482E-04,-3.814716E-04,-.002
2.138069,-3.814716E-04,-2.746601E-04,-6.66667E-04
2.13907,-8.392381E-05,-2.059946E-04,-6.66667E-04
2.14007,-1.602182E-04,0,-6.66667E-04
2.141071,-1.06812E-04,8.392381E-05,-6.66667E-04
2.142071,-1.525888E-04,-8.392381E-05,6.66667E-04
2.143072,2.365122E-04,-1.449594E-04,-6.66667E-04
2.144072,3.585834E-04,-1.602182E-04,-.001
2.145072,1.907358E-04,3.814721E-05,-.002
2.146073,4.57766E-05,-6.103562E-05,-.001
2.147074,-2.13624E-04,0,-6.66667E-04
2.148074,-1.525888E-04,1.678476E-04,-6.66667E-04
2.149075,-3.051781E-05,4.57766E-05,6.66667E-04
2.150075,1.525888E-04,2.059946E-04,-.001
2.151076,1.678476E-04,4.577655E-04,-.002
2.152076,3.814721E-05,5.874671E-04,-6.66667E-04
2.153077,2.28883E-05,6.103553E-04,6.66667E-04
2.154077,0,1.831064E-04,.002
2.155077,4.043598E-04,1.144414E-04,-.001
2.156078,2.517719E-04,3.433246E-04,6.66667E-04
2.157079,-2.13624E-04,6.103562E-05,-6.66667E-04
2.158079,-4.043598E-04,-1.06812E-04,-.001
2.15908,-1.602182E-04,-7.629453E-06,-.001
2.16008,-2.059946E-04,1.831064E-04,-6.66667E-04
2.161081,-1.525891E-05,1.75477E-04,-.001
2.162081,3.051781E-05,1.525891E-05,6.66667E-04
2.163082,-1.602182E-04,2.594013E-04,.001
2.164082,-3.662128E-04,2.594013E-04,.001
2.165082,-4.27248E-04,2.670307E-04,6.66667E-04
2.166083,-1.907358E-04,1.525891E-05,-6.66667E-04
2.167084,-1.06812E-04,-6.103562E-05,-.001
2.168084,-1.983652E-04,-3.662128E-04,-6.66667E-04
2.169085,-2.28883E-05,-3.89101E-04,-.002
2.170085,3.12807E-04,-5.416907E-04,.001
2.171086,2.822895E-04,-1.983652E-04,-.002
2.172086,6.103562E-05,-6.103562E-05,.001
2.173087,1.3733E-04,-4.425067E-04,-.002
2.174087,1.525888E-04,-7.01908E-04,.001
2.175087,2.059946E-04,-4.88285E-04,-.001
2.176088,2.899189E-04,-6.866502E-05,-6.66667E-04
2.177088,3.12807E-04,2.212534E-04,6.66667E-04
2.178089,5.722083E-04,2.594013E-04,-.001
2.17909,7.934608E-04,1.75477E-04,-3.66667E-03
2.18009,5.798377E-04,2.059946E-04,-6.66667E-04
2.181091,2.899189E-04,1.907358E-04,.001
2.182091,3.662128E-04,3.50954E-04,-6.66667E-04
2.183092,4.043598E-04,2.288828E-04,.001
2.184092,2.517719E-04,-6.866502E-05,-.002
2.185092,5.569495E-04,1.602182E-04,-2.33333E-03
2.186093,2.670307E-04,2.288828E-04,-6.66667E-04
2.187093,3.280658E-04,2.594013E-04,-6.66667E-04
2.188094,2.594013E-04,2.28883E-05,-.002
2.189095,7.629453E-06,6.866502E-05,-.001
2.190095,-4.57766E-05,3.051781E-05,-6.66667E-04
2.191096,9.918259E-05,1.220712E-04,-.001
2.192096,4.348774E-04,-2.517719E-04,-.001
2.193097,3.50954E-04,-1.983652E-04,-.001
2.194097,2.365122E-04,2.212534E-04,-.002
2.195097,1.907358E-04,4.348774E-04,-.001
2.196098,-6.866502E-05,3.50954E-04,.001
2.197098,-1.525888E-04,7.934608E-04,-.001
2.198099,1.907358E-04,5.722083E-04,-.002
2.1991,-9.15532E-05,1.220712E-04,-.002
2.2001,-3.12807E-04,3.814721E-05,.001
2.201101,-9.918259E-05,1.983652E-04,-.002
2.202101,6.103562E-05,3.814716E-04,6.66667E-04
2.203102,3.967304E-04,3.433246E-04,.001
2.204102,5.264319E-04,2.059946E-04,-.001
2.205102,2.975482E-04,-1.3733E-04,-.001
2.206103,4.57766E-05,-1.75477E-04,-.002
2.207103,2.594013E-04,-1.678476E-04,-6.66667E-04
2.208104,5.188026E-04,-3.051781E-05,-6.66667E-04
2.209105,2.059946E-04,2.059946E-04,6.66667E-04
2.210105,-5.340599E-05,2.212534E-04,.001
2.211106,-4.806537E-04,-2.212534E-04,-.001
2.212106,-3.12807E-04,-1.831064E-04,-.001
2.213107,-5.645789E-04,-3.814721E-05,-.001
2.214107,-3.814716E-04,-4.806537E-04,6.66667E-04
2.215107,-1.602182E-04,-3.280658E-04,-6.66667E-04
2.216108,-7.629441E-05,-2.822895E-04,-.002
2.217108,3.814716E-04,0,-.001
2.218109,9.918259E-05,-1.602182E-04,6.66667E-04
2.21911,2.28883E-05,-4.348774E-04,-6.66667E-04
2.22011,-1.06812E-04,-1.602182E-04,-.001
2.221111,-2.670307E-04,1.525891E-05,6.66667E-04
2.222111,-3.89101E-04,-1.06812E-04,-.002
2.223112,-4.806537E-04,3.814721E-05,-.002
2.224112,-5.340613E-04,-3.814721E-05,-.001
2.225112,-6.561317E-04,7.629453E-06,-6.66667E-04
2.226113,-5.874671E-04,-1.525891E-05,-.001
2.227113,-5.264319E-04,-1.3733E-04,.002
2.228114,-2.059946E-04,1.06812E-04,6.66667E-04
2.229115,-4.806537E-04,1.220712E-04,-6.66667E-04
2.230115,-8.087195E-04,-3.051781E-05,-.001
2.231116,-4.959144E-04,-2.28883E-05,-.001
2.232116,-3.738422E-04,-6.866502E-05,-.001
2.233117,-4.119892E-04,1.144414E-04,.001
2.234117,-6.103562E-05,5.035438E-04,-2.33333E-03
2.235118,1.525888E-04,5.111732E-04,-2.33333E-03
2.236118,-1.297006E-04,4.501361E-04,-2.33333E-03
2.237118,-4.959144E-04,4.119892E-04,-.001
2.238119,-6.408729E-04,3.280658E-04,.001
2.23912,-9.15532E-05,3.662128E-04,-.002
2.24012,1.449594E-04,5.111732E-04,.001
2.241121,7.40055E-04,3.280658E-04,-.002
2.242121,3.967304E-04,7.629453E-06,.002
2.243122,1.3733E-04,-1.144414E-04,.001
2.244122,9.15532E-05,-4.730243E-04,6.66667E-04
2.245123,2.975482E-04,-4.806537E-04,-.001
2.246123,3.12807E-04,-1.525888E-04,-6.66667E-04
2.247123,2.212534E-04,-1.983652E-04,-.002
2.248124,2.975482E-04,-6.103562E-05,-6.66667E-04
2.249125,5.722083E-04,1.449594E-04,-6.66667E-04
2.250125,6.790198E-04,3.967304E-04,-.002
2.251126,6.332435E-04,-2.28883E-05,-3.66667E-03
2.252126,4.348774E-04,-1.525888E-04,.002
2.253127,6.103562E-05,-1.525891E-05,6.66667E-04
2.254127,4.57766E-05,-1.678476E-04,-.002
2.255128,-9.918259E-05,-3.051781E-05,-.001
2.256128,-2.13624E-04,-2.059946E-04,-6.66667E-04
2.257128,-2.288828E-04,-2.975482E-04,-6.66667E-04
2.258129,-4.119892E-04,-3.814721E-05,6.66667E-04
2.25913,3.814721E-05,-1.297006E-04,-.001
2.26013,4.27248E-04,-3.814721E-05,.001
2.261131,1.297006E-04,1.75477E-04,-2.33333E-03
2.262131,-1.831064E-04,1.3733E-04,-6.66667E-04
2.263132,-1.602182E-04,1.983652E-04,6.66667E-04
2.264132,-1.220712E-04,2.212534E-04,.001
2.265133,2.059946E-04,2.13624E-04,-6.66667E-04
2.266133,4.043598E-04,1.75477E-04,-2.33333E-03
2.267133,6.332435E-04,2.746601E-04,-6.66667E-04
2.268134,5.645789E-04,1.75477E-04,-6.66667E-04
2.269135,4.348774E-04,-1.220712E-04,.002
2.270135,3.356952E-04,-4.27248E-04,-.001
2.271136,-1.3733E-04,-3.356952E-04,-.001
2.272136,-4.043598E-04,-1.449594E-04,-.001
2.273137,-2.670307E-04,-2.059946E-04,.001
2.274137,-6.103562E-05,3.051781E-05,6.66667E-04
2.275138,-2.670307E-04,2.441425E-04,.001
2.276138,1.06812E-04,1.06812E-04,6.66667E-04
2.277139,5.798377E-04,-1.602182E-04,-2.33333E-03
2.278139,2.365122E-04,-6.866492E-04,-2.33333E-03
2.27914,1.06812E-04,-7.629453E-06,-.002
2.28014,1.06812E-04,5.722083E-04,-6.66667E-04
2.281141,7.629441E-05,2.441425E-04,-6.66667E-04
2.282141,1.297006E-04,3.051776E-04,-.002
2.283142,4.959144E-04,1.525888E-04,-.001
2.284142,4.043598E-04,-1.678476E-04,-6.66667E-04
2.285143,-3.814721E-05,-3.12807E-04,-.002
2.286143,1.297006E-04,-2.365122E-04,-.002
2.287144,7.629453E-06,-5.950965E-04,.001
2.288144,-3.738422E-04,-9.994581E-04,6.66667E-04
2.289145,-4.577655E-04,-9.002723E-04,-.001
2.290145,-5.340613E-04,-3.738422E-04,-.001
2.291146,-2.517719E-04,9.918259E-05,-.001
2.292146,-3.50954E-04,7.629441E-05,-.001
2.293147,-2.517719E-04,0,-.001
2.294147,7.629453E-06,-3.204364E-04,-.001
2.295148,-5.340599E-05,-1.297006E-04,-6.66667E-04
2.296148,-2.746601E-04,-1.678476E-04,-.001
2.297149,-1.3733E-04,-1.220712E-04,-6.66667E-04
2.298149,1.220712E-04,-2.899189E-04,-.001
2.29915,9.918259E-05,-4.043598E-04,-.002
2.30015,-3.051781E-05,-3.50954E-04,-.001
2.301151,-9.918259E-05,-2.365122E-04,-6.66667E-04
2.302151,-2.288828E-04,-2.059946E-04,6.66667E-04
2.303152,1.525891E-05,1.602182E-04,-2.33333E-03
2.304152,0,2.441425E-04,6.66667E-04
2.305153,6.866502E-05,3.814721E-05,-.002
2.306153,2.059946E-04,2.365122E-04,.001
2.307154,1.525888E-04,9.918259E-05,-.001
2.308154,-6.866502E-05,-1.144414E-04,-6.66667E-04
2.309155,-3.356952E-04,-2.212534E-04,-3.66667E-03
2.310155,-9.15532E-05,-2.746601E-04,-6.66667E-04
2.311156,-7.629441E-05,-3.50954E-04,-.001
2.312156,1.525888E-04,-8.392381E-05,-6.66667E-04
2.313157,3.89101E-04,-8.392381E-05,.002
2.314157,-1.06812E-04,-5.340599E-05,-6.66667E-04
2.315158,-2.441425E-04,-1.602182E-04,-6.66667E-04
2.316158,-2.288828E-04,-2.822895E-04,6.66667E-04
2.317159,-1.525888E-04,-1.907358E-04,-.002
2.318159,-1.220712E-04,-3.814721E-05,6.66667E-04
2.31916,-2.822895E-04,3.12807E-04,-.002
2.32016,-2.365122E-04,6.332435E-04,-2.33333E-03
2.321161,-1.678476E-04,3.204364E-04,6.66667E-04
2.322161,5.340599E-05,2.212534E-04,6.66667E-04
2.323162,-1.831064E-04,1.297006E-04,6.66667E-04
2.324162,-3.738422E-04,2.059946E-04,-.001
2.325163,-4.653949E-04,1.449594E-04,2.33333E-03
2.326163,-2.975482E-04,3.662128E-04,-6.66667E-04
2.327164,-1.220712E-04,1.602182E-04,6.66667E-04
2.328164,6.866502E-05,9.918259E-05,-3.66667E-03
2.329165,-4.57766E-05,1.144414E-04,-6.66667E-04
2.330165,-2.746601E-04,2.212534E-04,-.001
2.331166,-3.051776E-04,1.449594E-04,.002
2.332166,-3.433246E-04,-2.13624E-04,-6.66667E-04
2.333167,-3.356952E-04,-1.602182E-04,.001
2.334167,-2.13624E-04,4.57766E-05,-.001
2.335168,2.670307E-04,-2.13624E-04,-6.66667E-04
2.336168,1.297006E-04,-2.059946E-04,.001
2.337169,-1.297006E-04,-2.13624E-04,6.66667E-04
2.338169,9.15532E-05,4.196186E-04,-.001
2.33917,1.525888E-04,8.087195E-04,-6.66667E-04
2.34017,0,7.324256E-04,-.001
2.341171,-2.746601E-04,1.3733E-04,.001
2.342171,-1.525888E-04,-1.297006E-04,-.001
2.343172,-9.15532E-05,-1.602182E-04,.002
2.344172,-3.051781E-05,3.814721E-05,-.002
2.345173,2.899189E-04,-1.678476E-04,-.001
2.346173,2.746601E-04,-5.645789E-04,6.66667E-04
2.347174,-7.629441E-05,-2.365122E-04,-.002
2.348174,-3.204364E-04,2.059946E-04,.001
2.349174,7.629441E-05,2.822895E-04,6.66667E-04
2.350175,2.13624E-04,4.27248E-04,-.002
2.351176,6.103562E-05,3.204364E-04,.001
2.352176,-9.15532E-05,2.822895E-04,.001
2.353177,-4.959144E-04,1.144414E-04,.001
2.354177,-5.188026E-04,9.918259E-05,-.001
2.355178,-4.425067E-04,9.918259E-05,6.66667E-04
2.356178,-4.959144E-04,-5.340599E-05,-.001
2.357179,-5.645789E-04,1.06812E-04,6.66667E-04
2.358179,-3.89101E-04,2.746601E-04,-6.66667E-04
2.359179,1.144414E-04,7.629441E-05,-.001
2.36018,1.525888E-04,-2.288828E-04,.001
2.361181,-5.340599E-05,3.051776E-04,-.001
2.362181,-2.594013E-04,4.348774E-04,-6.66667E-04
2.363182,-3.204364E-04,1.06812E-04,-6.66667E-04
2.364182,-1.678476E-04,3.204364E-04,-6.66667E-04
2.365183,-1.06812E-04,4.577655E-04,-.002
2.366183,-1.525888E-04,3.89101E-04,-6.66667E-04
2.367184,-2.288828E-04,-6.866502E-05,.001
2.368184,-2.28883E-05,1.831064E-04,6.66667E-04
2.369184,-7.629441E-05,1.297006E-04,-6.66667E-04
2.370185,-1.297006E-04,-6.866502E-05,-6.66667E-04
2.371186,-4.959144E-04,2.13624E-04,.001
2.372186,-3.12807E-04,3.662128E-04,6.66667E-04
2.373187,-1.449594E-04,3.814716E-04,.001
2.374187,-1.144414E-04,3.814716E-04,-6.66667E-04
2.375188,-6.866502E-05,4.043598E-04,.001
2.376188,1.602182E-04,4.730243E-04,6.66667E-04
2.377189,6.103562E-05,4.27248E-04,-6.66667E-04
2.378189,2.059946E-04,3.356952E-04,-.001
2.379189,3.89101E-04,6.103562E-05,-6.66667E-04
2.38019,8.392381E-05,-4.57766E-05,-.001
2.381191,3.433246E-04,-2.13624E-04,-6.66667E-04
2.382191,1.525888E-04,-2.13624E-04,-.001
2.383192,-7.629441E-05,-9.15532E-05,-.001
2.384192,-3.814721E-05,1.3733E-04,-.001
2.385193,5.340599E-05,1.907358E-04,.001
2.386193,1.907358E-04,3.814721E-05,-6.66667E-04
2.387194,3.280658E-04,2.28883E-05,-6.66667E-04
2.388194,6.866502E-05,1.678476E-04,6.66667E-04
2.389194,-2.13624E-04,4.043598E-04,6.66667E-04
2.390195,-1.144414E-04,3.12807E-04,-.002
2.391196,-5.340599E-05,2.594013E-04,-.002
2.392196,5.340599E-05,4.57766E-05,6.66667E-04
2.393197,-2.059946E-04,0,-6.66667E-04
2.394197,-4.196186E-04,1.75477E-04,-.001
2.395198,-6.027259E-04,4.196186E-04,6.66667E-04
2.396198,-5.874671E-04,3.433246E-04,-6.66667E-04
2.397199,1.06812E-04,1.831064E-04,2.33333E-03
2.398199,3.12807E-04,1.525888E-04,-.001
2.399199,2.212534E-04,4.57766E-05,-.001
2.4002,-4.577655E-04,2.517719E-04,-6.66667E-04
2.401201,-9.307899E-04,-7.629441E-05,-.002
2.402201,-9.002723E-04,1.602182E-04,-.001
2.403202,-6.561317E-04,0,-.001
2.404202,-6.103553E-04,2.28883E-05,-6.66667E-04
2.405203,-2.517719E-04,8.392381E-05,-.002
2.406203,2.28883E-05,2.670307E-04,.001
2.407204,1.144414E-04,2.212534E-04,-6.66667E-04
2.408204,3.738422E-04,1.525888E-04,-.001
2.409204,3.051776E-04,9.918259E-05,-.001
2.410205,1.831064E-04,3.051781E-05,.001
2.411206,3.585834E-04,-3.051776E-04,.001
2.412206,6.408729E-04,-1.602182E-04,-6.66667E-04
2.413207,9.918259E-05,-1.06812E-04,-6.66667E-04
2.414207,-1.602182E-04,2.365122E-04,-.002
2.415208,0,3.814716E-04,-6.66667E-04
2.416208,-2.059946E-04,0,-6.66667E-04
2.417209,-2.28883E-05,-4.043598E-04,.001
2.418209,-2.059946E-04,-4.425067E-04,-.001
2.41921,-4.043598E-04,-3.662128E-04,-6.66667E-04
2.42021,-2.746601E-04,-1.678476E-04,-2.33333E-03
2.421211,9.918259E-05,5.340599E-05,-6.66667E-04
2.422211,3.204364E-04,2.28883E-05,-2.33333E-03
2.423212,6.103562E-05,1.831064E-04,-3.66667E-03
2.424212,-3.204364E-04,2.670307E-04,-6.66667E-04
2.425213,-7.629453E-06,1.06812E-04,-.001
2.426213,2.746601E-04,-1.297006E-04,-.001
2.427214,1.449594E-04,8.392381E-05,-.002
2.428214,4.043598E-04,1.75477E-04,-.001
2.429215,9.918259E-05,-3.814721E-05,-6.66667E-04
2.430215,-1.602182E-04,-5.340599E-05,-.002
2.431216,-1.449594E-04,1.144414E-04,6.66667E-04
2.432216,-2.13624E-04,6.866502E-05,-6.66667E-04
2.433217,1.220712E-04,3.051781E-05,-.002
2.434217,-3.051781E-05,5.340599E-05,.001
2.435218,-1.525891E-05,9.918259E-05,-.001
2.436218,9.918259E-05,3.89101E-04,2.33333E-03
2.437219,1.75477E-04,1.297006E-04,6.66667E-04
2.438219,1.449594E-04,3.814721E-05,6.66667E-04
2.43922,9.15532E-05,1.907358E-04,6.66667E-04
2.44022,-3.051781E-05,-1.3733E-04,-.002
2.441221,-2.746601E-04,-1.297006E-04,-3.66667E-03
2.442221,-4.501361E-04,-1.831064E-04,-.001
2.443222,-7.171668E-04,4.653949E-04,6.66667E-04
2.444222,-7.171668E-04,7.01908E-04,-.001
2.445223,-6.866492E-04,6.561317E-04,6.66667E-04
2.446223,-2.288828E-04,2.288828E-04,-.001
2.447224,-1.297006E-04,8.392381E-05,-.001
2.448224,6.103562E-05,5.340599E-05,-6.66667E-04
2.449225,-1.449594E-04,-9.918259E-05,6.66667E-04
2.450225,-4.043598E-04,-3.051776E-04,-2.33333E-03
2.451226,-3.051781E-05,-1.678476E-04,-.001
2.452226,-1.06812E-04,1.06812E-04,.001
2.453227,-3.89101E-04,-8.392381E-05,-.001
2.454227,-1.3733E-04,-1.3733E-04,6.66667E-04
2.455228,1.525888E-04,-2.28883E-05,6.66667E-04
2.456228,1.297006E-04,2.899189E-04,.001
2.457229,-9.15532E-05,1.525891E-05,-.001
2.458229,-5.340599E-05,-1.3733E-04,6.66667E-04
2.45923,9.918259E-05,-7.629453E-06,-6.66667E-04
2.46023,-1.525891E-05,1.525888E-04,.001
2.461231,4.57766E-05,1.144414E-04,-.001
2.462231,4.57766E-05,2.13624E-04,-.002
2.463232,1.297006E-04,3.12807E-04,6.66667E-04
2.464232,-1.3733E-04,4.959144E-04,-6.66667E-04
2.465233,9.918259E-05,5.340613E-04,.001
2.466233,0,4.806537E-04,-6.66667E-04
2.467234,-3.204364E-04,6.713904E-04,-6.66667E-04
2.468234,-1.06812E-04,3.204364E-04,-6.66667E-04
2.469235,-2.13624E-04,-1.06812E-04,6.66667E-04
2.470235,-2.059946E-04,-5.340599E-05,-.002
2.471236,1.06812E-04,2.059946E-04,-.002
2.472236,-1.144414E-04,3.585834E-04,.001
2.473237,-6.103562E-05,4.57766E-05,.001
2.474237,2.059946E-04,-1.907358E-04,-.001
2.475238,2.28883E-05,1.220712E-04,-.002
2.476238,-3.814721E-05,1.525888E-04,-.001
2.477239,-1.449594E-04,-5.340599E-05,-2.33333E-03
2.478239,-1.602182E-04,-1.297006E-04,-6.66667E-04
2.47924,-6.103562E-05,-1.525891E-05,-.001
2.48024,-1.06812E-04,-2.212534E-04,-.001
2.481241,2.899189E-04,-1.602182E-04,6.66667E-04
2.482241,1.831064E-04,6.866502E-05,.001
2.483242,7.629453E-06,-6.103562E-05,-.001
2.484242,-1.144414E-04,1.678476E-04,6.66667E-04
2.485243,-1.602182E-04,3.738422E-04,-.002
2.486243,-1.983652E-04,3.12807E-04,6.66667E-04
2.487244,1.525891E-05,1.678476E-04,-.001
2.488244,-1.297006E-04,7.629441E-05,.001
2.489245,-4.043598E-04,2.28883E-05,6.66667E-04
2.490245,-2.822895E-04,-7.629441E-05,-6.66667E-04
2.491246,1.220712E-04,-7.629453E-06,-6.66667E-04
2.492246,2.365122E-04,-2.288828E-04,6.66667E-04
2.493247,-7.629441E-05,-9.918259E-05,-.001
2.494247,6.866502E-05,5.340599E-05,-.002
2.495248,-1.144414E-04,1.3733E-04,-.002
2.496248,-9.15532E-05,7.629441E-05,.001
2.497249,2.746601E-04,5.340599E-05,6.66667E-04
2.498249,1.983652E-04,2.899189E-04,6.66667E-04
2.49925,7.629453E-06,8.392381E-05,-6.66667E-04
2.50025,0,-2.822895E-04,-.001
2.501251,-3.051776E-04,7.629441E-05,-6.66667E-04
2.502251,-2.441425E-04,7.629453E-06,-2.33333E-03
2.503252,-6.103553E-04,-1.983652E-04,.001
2.504252,-5.645789E-04,-2.746601E-04,.001
2.505253,-4.27248E-04,3.814721E-05,-3.66667E-03
2.506253,-3.50954E-04,1.678476E-04,6.66667E-04
2.507254,-3.738422E-04,4.57766E-05,6.66667E-04
2.508254,-6.179847E-04,9.918259E-05,-6.66667E-04
2.509255,-1.831064E-04,3.12807E-04,6.66667E-04
2.510255,2.13624E-04,1.144414E-04,-3.66667E-03
2.511256,-7.629453E-06,-7.629453E-06,-2.33333E-03
2.512256,-3.89101E-04,-7.629441E-05,-6.66667E-04
2.513257,-7.095374E-04,-2.746601E-04,-.001
2.514257,-5.569495E-04,-4.653949E-04,-.001
2.515258,-3.738422E-04,-9.15532E-05,-.001
2.516258,-6.866502E-05,-4.196186E-04,-.001
2.517259,-2.13624E-04,-8.773841E-04,-2.33333E-03
2.518259,9.918259E-05,-8.087195E-04,-.001
2.51926,-1.525888E-04,-8.239783E-04,-6.66667E-04
2.52026,-4.119892E-04,-4.806537E-04,-6.66667E-04
2.521261,-5.188026E-04,-3.280658E-04,.001
2.522261,-4.119892E-04,-1.06812E-04,6.66667E-04
2.523262,-4.119892E-04,-1.525891E-05,.001
2.524262,-3.967304E-04,-6.866502E-05,6.66667E-04
2.525263,-1.678476E-04,-4.57766E-05,.001
2.526263,-2.28883E-05,-3.814721E-05,.001
2.527264,4.57766E-05,1.907358E-04,6.66667E-04
2.528264,1.983652E-04,4.57766E-05,-6.66667E-04
2.529265,-3.814721E-05,4.57766E-05,-.002
2.530265,-1.907358E-04,-1.220712E-04,-6.66667E-04
2.531266,-4.119892E-04,-6.103562E-05,.002
2.532266,-6.027259E-04,2.975482E-04,-.002
2.533267,-8.392381E-05,3.585834E-04,-.001
2.534267,1.220712E-04,3.814721E-05,.001
2.535268,1.449594E-04,4.27248E-04,-.001
2.536268,-3.738422E-04,7.858314E-04,-.002
2.537269,-5.340613E-04,2.594013E-04,-2.33333E-03
2.538269,0,-1.144414E-04,-.001
2.53927,1.907358E-04,-7.629441E-05,-.001
2.54027,3.585834E-04,-5.645789E-04,-.001
2.541271,5.035438E-04,-7.934608E-04,-.001
2.542271,1.602182E-04,-6.942786E-04,.001
2.543272,-3.051781E-05,-5.416907E-04,-.002
2.544272,-3.051781E-05,-5.493201E-04,-.002
2.545273,1.525891E-05,-3.12807E-04,.002
2.546273,0,5.340599E-05,-.001
2.547274,7.629441E-05,3.204364E-04,.001
2.548274,2.746601E-04,4.043598E-04,.001
2.549275,2.822895E-04,1.144414E-04,6.66667E-04
2.550275,-1.06812E-04,-2.441425E-04,-6.66667E-04
2.551276,2.28883E-05,-3.204364E-04,-.001
2.552276,4.57766E-05,-5.950965E-04,.001
2.553277,-2.13624E-04,-3.967304E-04,-6.66667E-04
2.554277,-1.75477E-04,-3.814721E-05,-6.66667E-04
2.555278,-7.629453E-06,3.12807E-04,.001
2.556278,-3.814721E-05,4.348774E-04,6.66667E-04
2.557279,-2.899189E-04,-5.340599E-05,.001
2.558279,-1.75477E-04,-3.89101E-04,-6.66667E-04
2.55928,-2.288828E-04,-4.196186E-04,-.002
2.56028,-1.3733E-04,-3.433246E-04,-.001
2.561281,3.051781E-05,-1.983652E-04,-6.66667E-04
2.562281,-2.28883E-05,1.06812E-04,6.66667E-04
2.563282,-9.918259E-05,3.12807E-04,-6.66667E-04
2.564282,9.918259E-05,3.814721E-05,-.001
2.565283,1.3733E-04,-5.340599E-05,-6.66667E-04
2.566283,-1.06812E-04,3.433246E-04,-.001
2.567284,-3.89101E-04,9.918259E-05,.001
2.568284,-4.806537E-04,3.051776E-04,-3.66667E-03
2.569285,-5.340613E-04,-3.814721E-05,-.001
2.570285,-5.035438E-04,-4.043598E-04,-6.66667E-04
2.571286,-1.144414E-04,-3.433246E-04,-6.66667E-04
2.572286,4.57766E-05,-1.602182E-04,-6.66667E-04
2.573287,3.50954E-04,1.75477E-04,-6.66667E-04
2.574287,2.441425E-04,3.662128E-04,.001
2.575288,-2.28883E-05,4.959144E-04,-.001
2.576288,-5.340599E-05,4.196186E-04,-6.66667E-04
2.577289,2.13624E-04,9.918259E-05,-.002
2.578289,4.57766E-05,-6.103562E-05,-.002
2.57929,-1.678476E-04,-1.3733E-04,-.001
2.58029,-5.340599E-05,-3.814721E-05,-6.66667E-04
2.581291,-4.196186E-04,-1.449594E-04,-3.66667E-03
2.582291,-2.594013E-04,-4.577655E-04,.001
2.583292,-2.212534E-04,-5.722083E-04,6.66667E-04
2.584292,-3.585834E-04,-5.722083E-04,.001
2.585293,-4.88285E-04,-5.340613E-04,.001
2.586293,-1.983652E-04,-5.188026E-04,-.002
2.587294,2.975482E-04,-3.50954E-04,-6.66667E-04
2.588294,7.78202E-04,4.57766E-05,6.66667E-04
2.589295,6.866492E-04,-1.297006E-04,-2.33333E-03
2.590295,6.103562E-05,-3.280658E-04,-.001
2.591296,-4.043598E-04,-4.501361E-04,.001
2.592296,-5.722083E-04,-3.50954E-04,-.001
2.593297,-3.585834E-04,-1.75477E-04,-.002
2.594297,-2.288828E-04,-5.340599E-05,-.001
2.595298,-1.907358E-04,-1.525888E-04,-.002
2.596298,-1.297006E-04,1.525888E-04,.001
2.597299,-2.28883E-05,3.662128E-04,-6.66667E-04
2.598299,2.441425E-04,1.06812E-04,-6.66667E-04
2.5993,4.730243E-04,5.340599E-05,-6.66667E-04
2.6003,4.88285E-04,-2.13624E-04,-.001
2.601301,5.493201E-04,-7.629441E-05,6.66667E-04
2.602301,3.738422E-04,2.517719E-04,6.66667E-04
2.603302,1.220712E-04,2.059946E-04,-.001
2.604302,-3.051781E-05,-3.585834E-04,-.001
2.605303,-8.392381E-05,-3.967304E-04,6.66667E-04
2.606303,-5.340599E-05,-2.746601E-04,-.001
2.607304,-2.594013E-04,-1.144414E-04,-.001
2.608304,-2.13624E-04,-1.3733E-04,-.001
2.609305,-1.75477E-04,0,-6.66667E-04
2.610305,-1.3733E-04,2.822895E-04,-5.33333E-03
2.611306,2.594013E-04,4.27248E-04,-3.66667E-03
2.612306,3.051781E-05,5.264319E-04,6.66667E-04
2.613307,5.340599E-05,2.441425E-04,-.002
2.614307,4.57766E-05,3.662128E-04,6.66667E-04
2.615308,-1.3733E-04,5.340599E-05,-.001
2.616308,-1.678476E-04,-2.441425E-04,-2.33333E-03
2.617309,-1.75477E-04,-3.204364E-04,-6.66667E-04
2.618309,-3.280658E-04,-2.365122E-04,-.001
2.61931,-1.678476E-04,-5.340599E-05,.001
2.62031,-1.3733E-04,-4.348774E-04,.001
2.621311,1.144414E-04,-3.204364E-04,-6.66667E-04
2.622311,1.3733E-04,1.602182E-04,-.001
2.623312,7.629453E-06,-6.866502E-05,-.001
2.624312,2.594013E-04,9.918259E-05,-6.66667E-04
2.625313,-3.814721E-05,2.365122E-04,-.002
2.626313,-2.670307E-04,9.15532E-05,.001
2.627314,-6.103562E-05,-4.27248E-04,-.001
2.628314,-1.602182E-04,-3.204364E-04,-.001
2.629315,-4.501361E-04,-3.280658E-04,-.002
2.630315,-2.059946E-04,7.629441E-05,6.66667E-04
2.631316,-4.27248E-04,1.06812E-04,-6.66667E-04
2.632316,-9.002723E-04,2.517719E-04,-6.66667E-04
2.633317,-1.274116E-03,-4.57766E-05,-6.66667E-04
2.634317,-1.533516E-03,-1.678476E-04,.001
2.635318,-2.182022E-03,-2.441425E-04,-3.66667E-03
2.636318,-3.814712E-03,2.13624E-04,-.001
2.637319,-5.241424E-03,3.051776E-04,-6.66667E-04
2.638319,-7.209808E-03,3.356952E-04,6.66667E-04
2.63932,-1.001745E-02,7.324256E-04,-.001
2.64032,-1.307684E-02,7.171668E-04,-.001
2.641321,-1.541907E-02,5.798377E-04,-.002
2.642321,-1.628888E-02,5.111732E-04,-.001
2.643322,-1.661694E-02,2.594013E-04,-3.66667E-03
2.644322,-1.579297E-02,4.57766E-05,-.002
2.645323,-1.317602E-02,2.975482E-04,-.002
2.646323,-1.036078E-02,3.738422E-04,-.001
2.647324,-8.163512E-03,5.722083E-04,-6.66667E-04
2.648324,-5.706817E-03,2.822895E-04,-.001
2.649325,-3.753677E-03,3.12807E-04,-6.66667E-04
2.650325,-2.510086E-03,6.866502E-05,-6.66667E-04
2.651326,-1.785286E-03,3.814721E-05,-6.66667E-04
2.652326,-1.007088E-03,1.75477E-04,-6.66667E-04
2.653327,-9.155311E-04,2.899189E-04,-6.66667E-04
2.654327,-7.476844E-04,-3.051781E-05,-6.66667E-04
2.655328,-2.670307E-04,-1.831064E-04,-.002
2.656328,0,-1.144414E-04,.001
2.657329,-9.15532E-05,1.525891E-05,.001
2.658329,-2.28883E-05,6.103562E-05,-.001
2.65933,-2.517719E-04,1.06812E-04,-2.33333E-03
2.66033,-6.408729E-04,3.204364E-04,6.66667E-04
2.661331,-2.975482E-04,9.918259E-05,-6.66667E-04
2.662331,-9.15532E-05,-1.678476E-04,-6.66667E-04
2.663332,-4.501361E-04,-3.814716E-04,2.33333E-03
2.664332,-3.356952E-04,-4.730243E-04,-6.66667E-04
2.665333,-1.602182E-04,-3.814721E-05,6.66667E-04
2.666333,-4.348774E-04,-3.12807E-04,-.001
2.667334,-6.027259E-04,-6.332435E-04,-.001
2.668334,-3.204364E-04,-4.196186E-04,6.66667E-04
2.669335,-4.196186E-04,1.678476E-04,6.66667E-04
2.670335,-3.204364E-04,3.662128E-04,6.66667E-04
2.671336,-6.103562E-05,3.814716E-04,6.66667E-04
2.672336,-2.059946E-04,4.119892E-04,-.002
2.673337,-3.12807E-04,3.967304E-04,-6.66667E-04
2.674337,-1.602182E-04,-7.629453E-06,-.002
2.675338,-2.746601E-04,-2.746601E-04,-6.66667E-04
2.676338,-3.204364E-04,-3.433246E-04,-6.66667E-04
2.677339,-2.594013E-04,2.13624E-04,-6.66667E-04
2.678339,6.866502E-05,9.15532E-05,-2.33333E-03
2.67934,2.822895E-04,2.670307E-04,-.002
2.68034,1.3733E-04,8.392381E-05,-2.33333E-03
2.681341,7.629453E-06,9.918259E-05,2.33333E-03
2.682341,0,2.059946E-04,-.001
2.683342,9.918259E-05,1.3733E-04,-.002
2.684342,9.15532E-05,0,6.66667E-04
2.685343,-1.144414E-04,-1.3733E-04,-2.33333E-03
2.686343,9.918259E-05,-1.525888E-04,-.002
2.687344,2.28883E-05,-1.297006E-04,.001
2.688344,-7.629441E-05,-2.365122E-04,-6.66667E-04
2.689345,-1.525891E-05,-9.15532E-05,.002
2.690345,-2.212534E-04,-6.103562E-05,-.001
2.691346,-4.501361E-04,4.57766E-05,-.002
2.692346,-6.790198E-04,2.059946E-04,6.66667E-04
2.693347,-6.866492E-04,2.13624E-04,-6.66667E-04
2.694347,-5.950965E-04,2.288828E-04,-.001
2.695348,-4.959144E-04,2.670307E-04,-.002
2.696348,-4.196186E-04,1.220712E-04,6.66667E-04
2.697349,-2.059946E-04,-2.212534E-04,-.001
2.698349,-3.204364E-04,2.28883E-05,.001
2.69935,-1.75477E-04,3.12807E-04,-2.33333E-03
2.70035,-1.525888E-04,5.264319E-04,-.002
2.701351,-3.662128E-04,4.501361E-04,-.001
2.702351,-4.119892E-04,1.831064E-04,6.66667E-04
2.703352,-4.27248E-04,1.983652E-04,-3.66667E-03
2.704352,-3.814716E-04,2.517719E-04,6.66667E-04
2.705353,-8.392371E-04,2.059946E-04,6.66667E-04
2.706353,-1.113899E-03,2.059946E-04,-.001
2.707354,-9.307899E-04,1.220712E-04,-.001
2.708354,-8.316077E-04,2.517719E-04,-.002
2.709355,-7.629432E-04,0,-6.66667E-04
2.710355,-4.806537E-04,2.28883E-05,-.001
2.711356,-6.942786E-04,-1.220712E-04,-6.66667E-04
2.712356,-1.419075E-03,-1.678476E-04,-6.66667E-04
2.713357,-1.289375E-03,-8.392381E-05,-.001
2.714357,-1.060493E-03,-6.866502E-05,6.66667E-04
2.715358,-1.068123E-03,-1.525888E-04,6.66667E-04
2.716358,-1.113899E-03,6.866502E-05,-.002
2.717359,-9.689368E-04,1.525891E-05,-6.66667E-04
2.718359,-1.213081E-03,-4.57766E-05,.001
2.71936,-1.426704E-03,-1.3733E-04,-3.66667E-03
2.72036,-1.380928E-03,-3.204364E-04,-6.66667E-04
2.721361,-1.190193E-03,-2.212534E-04,.001
2.722361,-9.384193E-04,1.144414E-04,.002
2.723362,-8.926429E-04,8.010902E-04,-6.66667E-04
2.724362,-9.7657E-04,8.544959E-04,-.001
2.725363,-1.152046E-03,6.103553E-04,.002
2.726363,-1.007088E-03,7.247962E-04,-.001
2.727364,-1.007088E-03,6.790198E-04,-.002
2.728364,-6.866492E-04,6.256141E-04,6.66667E-04
2.729365,-8.010902E-04,4.27248E-04,-.002
2.730365,-1.319893E-03,6.103553E-04,-6.66667E-04
2.731366,-1.426704E-03,6.103553E-04,.001
2.732366,-1.403816E-03,9.15532E-05,.002
2.733367,-1.319893E-03,4.119892E-04,-6.66667E-04
2.734367,-1.335151E-03,7.324256E-04,-.001
2.735368,-1.213081E-03,1.426704E-03,-.001
2.736368,-1.281746E-03,1.159675E-03,6.66667E-04
2.737369,-1.327522E-03,1.152046E-03,-.001
2.738369,-1.251228E-03,1.113899E-03,-.002
2.73937,-1.403816E-03,7.324256E-04,-6.66667E-04
2.74037,-1.510628E-03,6.179847E-04,-.001
2.741371,-1.388557E-03,7.40055E-04,-.002
2.742371,-1.235969E-03,5.188026E-04,-6.66667E-04
2.743372,-1.014717E-03,4.196186E-04,-.001
2.744372,-1.274116E-03,3.814716E-04,-.001
2.745373,-1.960769E-03,1.75477E-04,-.002
2.746373,-2.105728E-03,3.967304E-04,-6.66667E-04
2.747374,-2.258316E-03,5.264319E-04,-.001
2.748374,-2.777115E-03,6.103553E-04,-.001
2.749375,-3.166214E-03,4.577655E-04,6.66667E-04
2.750375,-3.486648E-03,2.899189E-04,.001
2.751376,-4.188567E-03,5.798377E-04,.001
2.752376,-5.310088E-03,8.621253E-04,.001
2.753377,-6.973296E-03,5.264319E-04,-6.66667E-04
2.754377,-8.293211E-03,4.196186E-04,-6.66667E-04
2.755378,-9.498656E-03,1.297006E-04,-.001
2.756378,-.0110932,-7.629453E-06,-.001
2.757379,-1.293951E-02,-2.975482E-04,-6.66667E-04
2.758379,-1.500708E-02,-4.27248E-04,-6.66667E-04
2.75938,-1.703656E-02,-5.035438E-04,.001
2.76038,-1.862347E-02,-5.950965E-04,-6.66667E-04
2.761381,-.0192796,-3.280658E-04,6.66667E-04
2.762381,-1.929486E-02,-2.822895E-04,6.66667E-04
2.763382,-1.887524E-02,-1.3733E-04,.001
2.764382,-1.786816E-02,-1.449594E-04,-.002
2.765383,-1.661694E-02,2.28883E-05,6.66667E-04
2.766383,-1.505286E-02,3.814716E-04,-6.66667E-04
2.767384,-1.306921E-02,6.027259E-04,-.001
2.768384,-1.071173E-02,7.01908E-04,6.66667E-04
2.769385,-8.56024E-03,1.045235E-03,-.001
2.770385,-6.866485E-03,1.258858E-03,6.66667E-04
2.771386,-5.477935E-03,9.841993E-04,-.002
2.772386,-4.684478E-03,8.392371E-04,-.002
2.773387,-4.249603E-03,9.460486E-04,6.66667E-04
2.774387,-3.646865E-03,6.790198E-04,-.001
2.775388,-2.57875E-03,6.790198E-04,.002
2.776388,-2.227798E-03,4.196186E-04,-6.66667E-04
2.777389,-2.243057E-03,5.798377E-04,.001
2.778389,-1.907356E-03,4.577655E-04,6.66667E-04
2.77939,-1.419075E-03,1.525888E-04,.001
2.78039,-1.182564E-03,3.280658E-04,-.001
2.781391,-1.426704E-03,6.485023E-04,-6.66667E-04
2.782391,-1.762398E-03,5.569495E-04,-.002
2.783392,-1.945503E-03,4.959144E-04,-.001
2.784392,-2.250686E-03,6.179847E-04,-6.66667E-04
2.785393,-2.128616E-03,7.247962E-04,-.001
2.786393,-2.052322E-03,9.079017E-04,-.001
2.787394,-2.143875E-03,7.476844E-04,6.66667E-04
2.788394,-2.029434E-03,5.493201E-04,-3.66667E-03
2.789395,-1.991287E-03,6.332435E-04,-.001
2.790395,-1.831062E-03,5.416907E-04,-.002
2.791396,-1.792915E-03,2.899189E-04,.001
2.792396,-1.815803E-03,2.594013E-04,-6.66667E-04
2.793397,-1.937874E-03,2.899189E-04,-6.66667E-04
2.794397,-1.815803E-03,5.645789E-04,-.001
2.795398,-1.564033E-03,5.188026E-04,-2.33333E-03
2.796398,-1.724251E-03,6.408729E-04,-6.66667E-04
2.797399,-2.08284E-03,6.561317E-04,-.002
2.798399,-1.899727E-03,5.188026E-04,-3.66667E-03
2.7994,-1.792915E-03,3.662128E-04,-.001
2.8004,-2.120987E-03,3.89101E-04,-.001
2.801401,-2.563491E-03,2.441425E-04,-6.66667E-04
2.802401,-2.891555E-03,3.051776E-04,-6.66667E-04
2.803402,-2.876297E-03,5.722083E-04,-2.33333E-03
2.804402,-3.189102E-03,7.01908E-04,6.66667E-04
2.805403,-3.791824E-03,4.348774E-04,-.002
2.806403,-3.936797E-03,4.27248E-04,-.001
2.807404,-4.65396E-03,2.517719E-04,-2.33333E-03
2.808404,-5.302459E-03,-1.525891E-05,.001
2.809405,-6.446868E-03,3.814721E-05,-6.66667E-04
2.810405,-7.225066E-03,1.907358E-04,6.66667E-04
2.811406,-8.071959E-03,2.365122E-04,-6.66667E-04
2.812406,-9.414732E-03,5.188026E-04,.002
2.813407,-1.091772E-02,1.029976E-03,.001
2.814407,-1.207739E-02,1.197822E-03,-6.66667E-04
2.815408,-1.258856E-02,1.029976E-03,-6.66667E-04
2.816408,-1.281744E-02,6.561317E-04,-6.66667E-04
2.817409,-1.269537E-02,7.01908E-04,.001
2.818409,-1.193243E-02,5.416907E-04,-.001
2.81941,-1.108557E-02,5.950965E-04,-2.33333E-03
2.82041,-1.038367E-02,7.171668E-04,.001
2.821411,-9.178221E-03,6.713904E-04,-.002
2.822411,-.0080567,8.239783E-04,-.002
2.823412,-6.942779E-03,6.027259E-04,.001
2.824412,-5.966216E-03,8.926429E-04,-.001
2.825413,-4.959136E-03,1.007088E-03,6.66667E-04
2.826413,-4.180938E-03,9.918287E-04,2.33333E-03
2.827414,-3.608719E-03,1.029976E-03,-.002
2.828414,-3.364578E-03,7.095374E-04,6.66667E-04
2.829415,-2.914444E-03,4.806537E-04,-.002
2.830415,-2.45668E-03,5.493201E-04,-.002
2.831416,-2.33461E-03,5.798377E-04,-6.66667E-04
2.832416,-2.174392E-03,5.645789E-04,6.66667E-04
2.833417,-2.502456E-03,1.297006E-04,-.002
2.834417,-2.502456E-03,3.280658E-04,-.002
2.835418,-2.45668E-03,3.12807E-04,6.66667E-04
2.836418,-2.975479E-03,7.78202E-04,-.001
2.837419,-3.21199E-03,1.152046E-03,.001
2.838419,-3.166214E-03,1.319893E-03,6.66667E-04
2.83942,-3.097549E-03,1.09864E-03,-6.66667E-04
2.84042,-3.402725E-03,1.014717E-03,-3.66667E-03
2.841421,-3.547683E-03,1.152046E-03,-.001
2.842421,-3.547683E-03,1.213081E-03,-2.33333E-03
2.843422,-3.799453E-03,9.155311E-04,-.001
2.844422,-3.807083E-03,1.129158E-03,6.66667E-04
2.845423,-3.967315E-03,9.53678E-04,.001
2.846423,-3.898636E-03,8.468665E-04,-6.66667E-04
2.847424,-4.303008E-03,9.918287E-04,-.002
2.848424,-4.463226E-03,1.152046E-03,-.001
2.849425,-4.28012E-03,1.052864E-03,-6.66667E-04
2.850425,-4.310638E-03,7.40055E-04,-.001
2.851426,-4.196197E-03,5.874671E-04,-2.33333E-03
2.852426,-3.700271E-03,8.468665E-04,.001
2.853427,-3.990203E-03,1.052864E-03,.001
2.854427,-3.646865E-03,1.213081E-03,-2.33333E-03
2.855428,-3.005996E-03,9.079017E-04,.001
2.856428,-2.655044E-03,8.850135E-04,-.002
2.857429,-2.548233E-03,1.136787E-03,-.002
2.858429,-2.58638E-03,1.075752E-03,-6.66667E-04
2.85943,-2.761856E-03,3.89101E-04,6.66667E-04
2.86043,-2.906814E-03,2.594013E-04,-2.33333E-03
2.861431,-3.295913E-03,3.738422E-04,.002
2.862431,-3.433242E-03,5.035438E-04,6.66667E-04
2.863432,-3.540054E-03,6.485023E-04,.001
2.864432,-3.723159E-03,6.942786E-04,.001
2.865433,-4.440337E-03,3.662128E-04,-.001
2.866433,-5.683929E-03,2.746601E-04,2.33333E-03
2.867434,-6.904632E-03,3.662128E-04,.001
2.868434,-8.712828E-03,3.051781E-05,-.002
2.869435,-1.093298E-02,-1.220712E-04,-.002
2.870435,-1.380926E-02,-2.212534E-04,6.66667E-04
2.871436,-1.790631E-02,-4.653949E-04,-.002
2.872436,-2.308667E-02,-9.231605E-04,-6.66667E-04
2.873437,-.0280534,-1.586922E-03,-6.66667E-04
2.874437,-.0334475,-2.105728E-03,6.66667E-04
2.875438,-4.051232E-02,-2.807632E-03,.001
2.876438,-4.828668E-02,-3.868118E-03,-.001
2.877439,-5.482507E-02,-4.997283E-03,.001
2.878439,-5.973077E-02,-5.744964E-03,-.001
2.87944,-6.305742E-02,-5.775481E-03,.001
2.88044,-.0640111,-5.493194E-03,.001
2.881441,-6.191278E-02,-4.707366E-03,-6.66667E-04
2.882441,-5.764031E-02,-3.982574E-03,6.66667E-04
2.883442,-5.194879E-02,-3.921539E-03,.001
2.884442,-4.573846E-02,-2.777115E-03,-.001
2.885443,-3.908563E-02,-1.564033E-03,.001
2.886443,-3.240228E-02,-8.010902E-04,-.002
2.887444,-.0262605,-1.3733E-04,6.66667E-04
2.888444,-.0211488,7.40055E-04,.001
2.889445,-1.704419E-02,1.022346E-03,-6.66667E-04
2.890445,-1.398474E-02,9.689368E-04,-3.66667E-03
2.891446,-1.161963E-02,9.7657E-04,-.001
2.892446,-9.513915E-03,9.384193E-04,-.001
2.893447,-7.873595E-03,1.35041E-03,-.001
2.894447,-6.912261E-03,8.163489E-04,-.001
2.895448,-6.080657E-03,2.975482E-04,-.001
2.896448,-5.554229E-03,9.918259E-05,-.002
2.897449,-4.829437E-03,6.103553E-04,-6.66667E-04
2.898449,-4.509002E-03,8.239783E-04,-6.66667E-04
2.89945,-4.074126E-03,1.136787E-03,-.001
2.90045,-3.974944E-03,1.068123E-03,6.66667E-04
2.901451,-3.791824E-03,8.316077E-04,6.66667E-04
2.902451,-3.494278E-03,7.095374E-04,.001
2.903452,-3.707901E-03,4.730243E-04,-.001
2.904452,-3.852859E-03,0,.001
2.905453,-3.982574E-03,1.907358E-04,-6.66667E-04
2.906453,-4.386932E-03,1.602182E-04,-.002
2.907454,-5.332977E-03,2.670307E-04,-6.66667E-04
2.908454,-6.530792E-03,3.662128E-04,-.002
2.909455,-7.713348E-03,4.196186E-04,-6.66667E-04
2.910455,-9.239256E-03,5.493201E-04,-.002
2.911456,-1.086432E-02,7.476844E-04,-.002
2.912456,-1.325995E-02,5.416907E-04,-.001
2.913457,-1.692975E-02,2.13624E-04,-.002
2.914457,-2.176678E-02,-3.662128E-04,-.002
2.915458,-2.749646E-02,-9.460486E-04,-6.66667E-04
2.916458,-3.385949E-02,-1.678474E-03,6.66667E-04
2.917459,-4.006982E-02,-2.58638E-03,-.002
2.918459,-4.665399E-02,-3.433242E-03,-.001
2.91946,-5.407739E-02,-4.53952E-03,-.001
2.92046,-6.114984E-02,-5.508453E-03,-.001
2.921461,-6.739855E-02,-6.202728E-03,-.002
2.922461,-.0712285,-6.973296E-03,-2.33333E-03
2.923462,-7.328081E-02,-7.392913E-03,2.33333E-03
2.924462,-7.256365E-02,-7.148772E-03,-2.33333E-03
2.925463,-6.961107E-02,-6.332427E-03,-.001
2.926463,-6.470537E-02,-5.531341E-03,-2.33333E-03
2.927464,-5.855584E-02,-4.631072E-03,6.66667E-04
2.928464,-5.156732E-02,-3.227249E-03,6.66667E-04
2.929465,-4.376245E-02,-2.052322E-03,-.001
2.930465,-3.677392E-02,-1.342781E-03,-.002
2.931466,-3.053296E-02,-4.119892E-04,-6.66667E-04
2.932466,-.0248338,-4.57766E-05,-.001
2.933467,-2.027142E-02,1.831064E-04,.001
2.934467,-.0168916,5.493201E-04,-.002
2.935468,-1.410681E-02,1.174934E-03,.001
2.936468,-.0116654,1.152046E-03,-2.33333E-03
2.937469,-1.020819E-02,1.266487E-03,-.002
2.938469,-9.231627E-03,8.468665E-04,-.001
2.93947,-8.522093E-03,8.544959E-04,-.001
2.94047,-7.728606E-03,1.373298E-03,-2.33333E-03
2.941471,-7.370025E-03,1.419075E-03,-6.66667E-04
2.942471,-7.347137E-03,1.060493E-03,6.66667E-04
2.943472,-7.469207E-03,1.083381E-03,-.001
2.944472,-7.453948E-03,1.190193E-03,6.66667E-04
2.945473,-6.988555E-03,1.182564E-03,-.002
2.946473,-6.29428E-03,1.266487E-03,.001
2.947474,-5.706817E-03,1.052864E-03,-3.66667E-03
2.948474,-5.493194E-03,1.014717E-03,.001
2.949475,-5.264312E-03,1.159675E-03,6.66667E-04
2.950475,-4.966766E-03,1.121528E-03,-6.66667E-04
2.951476,-4.631072E-03,1.251228E-03,.001
2.952476,-4.585296E-03,1.419075E-03,-6.66667E-04
2.953477,-4.318267E-03,1.579292E-03,.002
2.954477,-4.112273E-03,1.525886E-03,.001
2.955478,-3.616348E-03,1.708992E-03,3.66667E-03
2.956478,-3.860489E-03,1.617439E-03,-2.33333E-03
2.957479,-4.264861E-03,1.289375E-03,-3.66667E-03
2.958479,-4.600555E-03,1.297005E-03,.001
2.95948,-4.714996E-03,1.419075E-03,-.001
2.96048,-4.570037E-03,1.518257E-03,-.001
2.961481,-4.608184E-03,1.319893E-03,-6.66667E-04
2.962481,-4.119903E-03,1.136787E-03,-.001
2.963482,-3.631607E-03,9.307899E-04,-.001
2.964482,-3.608719E-03,8.773841E-04,-2.33333E-03
2.965483,-3.822342E-03,5.798377E-04,.002
2.966483,-4.127532E-03,7.858314E-04,.001
2.967484,-4.524261E-03,6.790198E-04,-.001
2.968484,-4.760772E-03,7.858314E-04,6.66667E-04
2.969485,-4.898101E-03,9.460486E-04,-6.66667E-04
2.970485,-5.378753E-03,9.613074E-04,6.66667E-04
2.971486,-6.019622E-03,6.713904E-04,-.002
2.972486,-7.011443E-03,3.662128E-04,-.002
2.973487,-8.171141E-03,4.57766E-05,-6.66667E-04
2.974487,-8.842528E-03,-1.06812E-04,-.002
2.975488,-9.796202E-03,3.356952E-04,-.001
2.976488,-1.080328E-02,9.918259E-05,.001
2.977489,-1.190954E-02,-3.051781E-05,-6.66667E-04
2.978489,-1.288611E-02,-5.340599E-05,6.66667E-04
2.97949,-1.323706E-02,3.280658E-04,-.001
2.98049,-1.315314E-02,6.103553E-04,-6.66667E-04
2.981491,-1.323706E-02,5.645789E-04,-.001
2.982491,-1.287085E-02,2.441425E-04,-.001
2.983492,-.0120545,4.196186E-04,-.001
2.984492,-1.079565E-02,7.476844E-04,-.002
2.985493,-9.750426E-03,7.858314E-04,6.66667E-04
2.986493,-8.071959E-03,9.7657E-04,.002
2.987494,-6.942779E-03,7.934608E-04,-.002
2.988494,-5.996734E-03,8.239783E-04,-.002
2.989495,-5.073577E-03,1.014717E-03,-.002
2.990495,-4.463226E-03,1.136787E-03,-3.66667E-03
2.991496,-3.997833E-03,8.697547E-04,.001
2.992496,-3.646865E-03,2.365122E-04,6.66667E-04
2.993497,-3.219619E-03,2.059946E-04,-6.66667E-04
2.994497,-3.074661E-03,3.051776E-04,.001
2.995498,-2.807632E-03,5.874671E-04,-.002
2.996498,-2.433792E-03,5.798377E-04,.002
2.997499,-2.014175E-03,2.899189E-04,-.001
2.998499,-1.747139E-03,2.365122E-04,6.66667E-04
2.9995,-1.663215E-03,3.50954E-04,6.66667E-04
3.0005,-1.831062E-03,4.806537E-04,.001
3.001501,-2.014175E-03,7.629432E-04,-.001
3.002501,-2.159134E-03,1.068123E-03,6.66667E-04
3.003502,-1.95314E-03,8.163489E-04,-.002
3.004502,-1.899727E-03,8.544959E-04,6.66667E-04
3.005503,-1.899727E-03,7.934608E-04,-6.66667E-04
3.006503,-1.800545E-03,1.037605E-03,6.66667E-04
3.007504,-1.869209E-03,1.159675E-03,-.001
3.008504,-1.85395E-03,1.09864E-03,-.001
3.009505,-2.296463E-03,8.926429E-04,-.001
3.010505,-2.540603E-03,6.485023E-04,-6.66667E-04
3.011506,-2.731338E-03,1.907358E-04,-6.66667E-04
3.012506,-3.128067E-03,2.822895E-04,-.001
3.013507,-4.074126E-03,1.75477E-04,-.002
3.014507,-5.256683E-03,2.441425E-04,6.66667E-04
3.015508,-6.874114E-03,7.705726E-04,-6.66667E-04
3.016508,-8.255064E-03,9.841993E-04,6.66667E-04
3.017509,-9.635985E-03,9.002723E-04,6.66667E-04
3.018509,-1.087958E-02,8.773841E-04,.002
3.01951,-1.235205E-02,7.095374E-04,6.66667E-04
3.02051,-1.441962E-02,6.103562E-05,-.001
3.021511,-1.660168E-02,-1.06812E-04,.001
3.022511,-1.799023E-02,-1.06812E-04,-6.66667E-04
3.023512,-1.922619E-02,-2.441425E-04,-2.33333E-03
3.024512,-.0197221,-9.918259E-05,-6.66667E-04
3.025513,-1.969922E-02,-2.13624E-04,-.002
3.026513,-1.873028E-02,-1.449594E-04,-6.66667E-04
3.027514,-1.740277E-02,-2.059946E-04,-.002
3.028514,-1.547247E-02,3.12807E-04,.001
3.029515,-1.358801E-02,7.095374E-04,-.001
3.030515,-1.120001E-02,9.918287E-04,6.66667E-04
3.031516,-8.827269E-03,9.002723E-04,2.33333E-03
3.032516,-7.148772E-03,9.079017E-04,-.002
3.033517,-5.859405E-03,9.155311E-04,.001
3.034517,-4.890472E-03,4.730243E-04,-.002
3.035518,-3.753677E-03,4.577655E-04,-.002
3.036518,-2.822891E-03,7.553138E-04,-.002
3.037519,-2.624527E-03,6.942786E-04,-.001
3.038519,-2.273574E-03,5.035438E-04,-2.33333E-03
3.03952,-1.762398E-03,5.264319E-04,.002
3.04052,-1.35804E-03,1.983652E-04,.001
3.041521,-1.533516E-03,4.043598E-04,.001
3.042521,-2.212539E-03,6.790198E-04,6.66667E-04
3.043522,-2.410904E-03,5.188026E-04,-.001
3.044522,-2.510086E-03,6.103553E-04,.002
3.045523,-2.235427E-03,5.798377E-04,-6.66667E-04
3.046523,-1.95314E-03,4.425067E-04,-6.66667E-04
3.047524,-2.059951E-03,5.645789E-04,6.66667E-04
3.048524,-2.227798E-03,9.079017E-04,.001
3.049525,-2.380386E-03,8.163489E-04,-6.66667E-04
3.050525,-2.319351E-03,7.553138E-04,6.66667E-04
3.051526,-2.08284E-03,8.926429E-04,-.001
3.052526,-2.113357E-03,1.190193E-03,-.002
3.053527,-1.914985E-03,1.152046E-03,-.004
3.054527,-2.059951E-03,1.205452E-03,-3.66667E-03
3.055528,-1.86158E-03,1.129158E-03,-.002
3.056528,-1.693733E-03,1.129158E-03,-.001
3.057529,-1.838692E-03,1.014717E-03,-6.66667E-04
3.058529,-2.067581E-03,8.773841E-04,-3.66667E-03
3.05953,-2.342239E-03,3.12807E-04,-2.33333E-03
3.06053,-2.151504E-03,3.89101E-04,-.001
3.061531,-1.693733E-03,6.027259E-04,-.002
3.062531,-1.533516E-03,6.408729E-04,.001
3.063532,-1.289375E-03,4.196186E-04,-.001
3.064532,-1.045235E-03,3.356952E-04,6.66667E-04
3.065533,-1.060493E-03,7.40055E-04,-6.66667E-04
3.066533,-7.705726E-04,7.934608E-04,6.66667E-04
3.067534,-7.476844E-04,7.78202E-04,.001
3.068534,-8.697547E-04,6.485023E-04,-6.66667E-04
3.069535,-9.613074E-04,5.493201E-04,.002
3.070535,-7.40055E-04,6.256141E-04,-.002
3.071536,-6.63761E-04,7.324256E-04,-6.66667E-04
3.072536,-1.029976E-03,8.621253E-04,2.33333E-03
3.073537,-1.304634E-03,8.926429E-04,-.002
3.074537,-1.472481E-03,1.007088E-03,-.001
3.075538,-1.274116E-03,7.324256E-04,-3.66667E-03
3.076538,-1.113899E-03,6.027259E-04,-3.66667E-03
3.077539,-1.373298E-03,5.264319E-04,-2.33333E-03
3.078539,-1.243599E-03,3.814716E-04,.001
3.07954,-7.553138E-04,1.144414E-04,-6.66667E-04
3.08054,-6.408729E-04,-7.629441E-05,-.001
3.081541,-4.806537E-04,3.051776E-04,.001
3.082541,-8.239783E-04,4.348774E-04,.002
3.083542,-9.079017E-04,1.831064E-04,6.66667E-04
3.084542,-9.841993E-04,-9.918259E-05,-.001
3.085543,-1.197822E-03,-1.907358E-04,-2.33333E-03
3.086543,-1.48011E-03,6.866502E-05,6.66667E-04
3.087544,-1.342781E-03,1.602182E-04,.002
3.088544,-7.40055E-04,5.264319E-04,-.002
3.089545,-7.78202E-04,4.88285E-04,-.002
3.090545,-8.468665E-04,2.822895E-04,-.001
3.091546,-8.468665E-04,4.501361E-04,-3.66667E-03
3.092546,-1.007088E-03,4.043598E-04,6.66667E-04
3.093547,-1.396187E-03,4.27248E-04,.002
3.094547,-1.640327E-03,3.204364E-04,6.66667E-04
3.095548,-1.998916E-03,1.3733E-04,-6.66667E-04
3.096548,-2.906814E-03,2.212534E-04,-6.66667E-04
3.097549,-4.196197E-03,1.297006E-04,6.66667E-04
3.098549,-5.92044E-03,4.043598E-04,-.001
3.09955,-7.942259E-03,4.653949E-04,-3.66667E-03
3.10055,-1.093298E-02,5.340613E-04,-.001
3.101551,-1.490027E-02,2.517719E-04,-.001
3.102551,-1.979077E-02,-9.918259E-05,-6.66667E-04
3.103552,-2.375805E-02,-3.051776E-04,-.001
3.104552,-2.674878E-02,-4.577655E-04,-6.66667E-04
3.105553,-.0280534,-2.594013E-04,-6.66667E-04
3.106553,-2.783978E-02,-1.907358E-04,-6.66667E-04
3.107554,-2.601635E-02,-1.525888E-04,-2.33333E-03
3.108554,-2.228558E-02,-1.220712E-04,-.002
3.109555,-1.766217E-02,9.918259E-05,-.002
3.110555,-1.378638E-02,5.416907E-04,-6.66667E-04
3.111556,-1.045996E-02,6.332435E-04,6.66667E-04
3.112556,-7.698089E-03,7.171668E-04,6.66667E-04
3.113557,-5.607635E-03,6.866492E-04,-2.33333E-03
3.114557,-4.638702E-03,4.88285E-04,-6.66667E-04
3.115558,-3.044143E-03,5.340613E-04,-.002
3.116558,-2.014175E-03,6.103553E-04,-.001
3.117559,-9.841993E-04,5.950965E-04,-.002
3.118559,-4.730243E-04,3.356952E-04,-6.66667E-04
3.11956,-4.196186E-04,-8.392381E-05,6.66667E-04
3.12056,-2.899189E-04,-4.425067E-04,-6.66667E-04
3.121561,-4.806537E-04,-1.06812E-04,-.001
3.122561,-8.468665E-04,9.918259E-05,6.66667E-04
3.123562,-1.136787E-03,-5.340599E-05,-.001
3.124562,-8.850135E-04,1.75477E-04,-6.66667E-04
3.125563,-6.561317E-04,2.212534E-04,-.001
3.126563,-7.40055E-04,4.196186E-04,-6.66667E-04
3.127564,-4.196186E-04,3.356952E-04,6.66667E-04
3.128564,0,6.103553E-04,6.66667E-04
3.129565,-5.340599E-05,5.264319E-04,6.66667E-04
3.130565,-1.144414E-04,2.822895E-04,-.001
3.131566,-3.738422E-04,3.280658E-04,6.66667E-04
3.132566,-3.12807E-04,7.629441E-05,-.001
3.133567,-3.12807E-04,-3.204364E-04,-6.66667E-04
3.134567,-5.264319E-04,2.28883E-05,6.66667E-04
3.135568,-7.171668E-04,4.501361E-04,-6.66667E-04
3.136568,-4.119892E-04,4.119892E-04,-6.66667E-04
3.137569,-5.035438E-04,1.831064E-04,-.002
3.138569,-5.798377E-04,3.356952E-04,-.001
3.13957,-6.408729E-04,6.027259E-04,6.66667E-04
3.14057,-6.942786E-04,7.705726E-04,-.002
3.141571,-4.577655E-04,8.239783E-04,.001
3.142571,-3.585834E-04,8.621253E-04,.002
3.143572,-2.594013E-04,4.959144E-04,-.001
3.144572,-6.332435E-04,-9.15532E-05,6.66667E-04
3.145573,-6.942786E-04,-2.212534E-04,2.33333E-03
3.146573,-1.083381E-03,9.918259E-05,-.001
3.147574,-1.167305E-03,4.501361E-04,-6.66667E-04
3.148574,-1.113899E-03,3.89101E-04,-.001
3.149575,-1.113899E-03,2.212534E-04,-6.66667E-04
3.150575,-1.083381E-03,6.866502E-05,6.66667E-04
3.151576,-9.384193E-04,3.204364E-04,6.66667E-04
3.152576,-7.705726E-04,6.790198E-04,.001
3.153577,-8.926429E-04,6.561317E-04,-.001
3.154577,-8.010902E-04,4.196186E-04,-6.66667E-04
3.155578,-8.544959E-04,5.645789E-04,6.66667E-04
3.156578,-9.384193E-04,8.621253E-04,6.66667E-04
3.157579,-9.918287E-04,7.095374E-04,-6.66667E-04
3.158579,-7.934608E-04,8.392371E-04,.001
3.15958,-8.468665E-04,8.773841E-04,.001
3.16058,-1.014717E-03,7.78202E-04,-6.66667E-04
3.161581,-9.384193E-04,8.544959E-04,.001
3.162581,-7.629432E-04,8.621253E-04,-.002
3.163582,-5.493201E-04,9.231605E-04,-6.66667E-04
3.164582,-6.713904E-04,6.179847E-04,-2.33333E-03
3.165583,-2.975482E-04,-4.57766E-05,-6.66667E-04
3.166583,-2.13624E-04,4.57766E-05,.001
3.167584,-5.340613E-04,1.525888E-04,-.002
3.168584,-8.773841E-04,-4.57766E-05,-.001
3.169585,-1.037605E-03,1.297006E-04,-.002
3.170585,-1.068123E-03,7.629453E-06,.001
3.171586,-1.136787E-03,-2.288828E-04,-.001
3.172586,-7.934608E-04,-1.220712E-04,-3.66667E-03
3.173587,-7.705726E-04,1.525888E-04,.001
3.174587,-5.722083E-04,1.75477E-04,-6.66667E-04
3.175588,-4.806537E-04,3.12807E-04,-6.66667E-04
3.176588,-5.111732E-04,6.408729E-04,-2.33333E-03
3.177589,-4.730243E-04,3.12807E-04,-.001
3.178589,-4.730243E-04,9.918259E-05,-6.66667E-04
3.17959,-6.485023E-04,-7.629453E-06,-6.66667E-04
3.18059,-4.501361E-04,-7.629441E-05,6.66667E-04
3.181591,-2.13624E-04,-1.144414E-04,-.001
3.182591,-2.13624E-04,-2.13624E-04,.001
3.183592,-1.831064E-04,-4.348774E-04,-6.66667E-04
3.184592,-3.50954E-04,-5.188026E-04,.002
3.185593,-2.670307E-04,-7.324256E-04,-6.66667E-04
3.186593,-1.3733E-04,-6.332435E-04,-.001
3.187594,-1.220712E-04,-2.212534E-04,.001
3.188594,-2.28883E-05,-7.629441E-05,.001
3.189595,-1.831064E-04,-6.103562E-05,6.66667E-04
3.190595,0,-2.975482E-04,6.66667E-04
3.191596,1.678476E-04,-4.577655E-04,6.66667E-04
3.192596,3.662128E-04,6.103562E-05,.001
3.193597,5.035438E-04,3.662128E-04,-.001
3.194597,3.814716E-04,6.485023E-04,-.001
3.195598,-2.059946E-04,9.841993E-04,6.66667E-04
3.196598,-3.814716E-04,8.392371E-04,-6.66667E-04
3.197599,-5.111732E-04,7.553138E-04,-6.66667E-04
3.198599,-8.239783E-04,4.501361E-04,-6.66667E-04
3.1996,-9.613074E-04,7.629453E-06,-6.66667E-04
3.2006,-6.866492E-04,-1.3733E-04,-6.66667E-04
3.201601,-7.476844E-04,-2.594013E-04,6.66667E-04
3.202601,-4.88285E-04,-6.103562E-05,-.001
3.203602,-3.356952E-04,4.57766E-05,.001
3.204602,-3.204364E-04,2.594013E-04,-6.66667E-04
3.205603,-4.425067E-04,4.501361E-04,-6.66667E-04
3.206603,5.340599E-05,5.264319E-04,-6.66667E-04
3.207604,-1.3733E-04,1.907358E-04,-6.66667E-04
3.208604,-1.75477E-04,-2.670307E-04,2.33333E-03
3.209605,-1.907358E-04,-1.602182E-04,-6.66667E-04
3.210605,-1.907358E-04,-2.059946E-04,-.001
3.211606,-2.365122E-04,-9.15532E-05,-.001
3.212606,-8.392381E-05,-2.365122E-04,-3.66667E-03
3.213607,-7.629453E-06,-5.645789E-04,-6.66667E-04
3.214607,9.15532E-05,-3.12807E-04,-.001
3.215608,-2.212534E-04,-7.629441E-05,6.66667E-04
3.216608,-2.059946E-04,3.662128E-04,6.66667E-04
3.217609,-2.059946E-04,5.416907E-04,-.001
3.218609,-1.602182E-04,2.365122E-04,-2.33333E-03
3.21961,0,6.866502E-05,-.002
3.22061,3.051781E-05,-1.602182E-04,-6.66667E-04
3.221611,-1.602182E-04,-1.06812E-04,-.001
3.222611,-7.629441E-05,1.06812E-04,2.33333E-03
3.223612,-2.975482E-04,-1.602182E-04,-.002
3.224612,-3.50954E-04,5.340599E-05,-6.66667E-04
3.225613,-2.822895E-04,3.204364E-04,-6.66667E-04
3.226614,0,2.975482E-04,-.001
3.227614,3.814721E-05,2.212534E-04,-6.66667E-04
3.228614,1.06812E-04,1.3733E-04,6.66667E-04
3.229615,-1.678476E-04,2.059946E-04,-.001
3.230615,3.662128E-04,2.670307E-04,6.66667E-04
3.231616,3.50954E-04,2.212534E-04,-6.66667E-04
3.232616,1.297006E-04,2.670307E-04,.001
3.233617,-1.525888E-04,5.340613E-04,.002
3.234617,-5.188026E-04,8.621253E-04,-.001
3.235618,-4.348774E-04,2.594013E-04,-6.66667E-04
3.236619,-3.204364E-04,-1.297006E-04,-6.66667E-04
3.237619,9.918259E-05,4.57766E-05,-.001
3.238619,2.594013E-04,2.441425E-04,-6.66667E-04
3.23962,9.15532E-05,1.144414E-04,.001
3.24062,3.051776E-04,2.365122E-04,-.002
3.241621,1.449594E-04,2.975482E-04,-6.66667E-04
3.242621,-1.907358E-04,3.89101E-04,-6.66667E-04
3.243622,-1.983652E-04,2.822895E-04,-6.66667E-04
3.244622,-3.738422E-04,3.12807E-04,-6.66667E-04
3.245623,-1.525888E-04,4.27248E-04,.001
3.246624,-4.57766E-05,3.662128E-04,-.002
3.247624,9.15532E-05,-1.831064E-04,6.66667E-04
3.248624,4.730243E-04,-3.051776E-04,6.66667E-04
3.249625,6.027259E-04,6.103562E-05,-.001
3.250625,2.517719E-04,0,-6.66667E-04
3.251626,2.517719E-04,-1.525888E-04,6.66667E-04
3.252626,2.822895E-04,-3.814721E-05,-6.66667E-04
3.253627,1.525891E-05,5.874671E-04,-.001
3.254627,3.814716E-04,6.942786E-04,6.66667E-04
3.255628,4.043598E-04,4.196186E-04,6.66667E-04
3.256629,4.196186E-04,4.196186E-04,-6.66667E-04
3.257629,0,1.983652E-04,-6.66667E-04
3.258629,-2.365122E-04,4.57766E-05,-.001
3.25963,7.629453E-06,0,-.002
3.26063,4.57766E-05,9.918259E-05,-.001
3.261631,-1.678476E-04,9.918259E-05,6.66667E-04
3.262631,-3.50954E-04,3.814716E-04,-6.66667E-04
3.263632,-2.288828E-04,2.059946E-04,.001
3.264632,-4.27248E-04,-1.602182E-04,-2.33333E-03
3.265633,-3.204364E-04,3.051781E-05,-2.33333E-03
3.266634,-5.340599E-05,9.918259E-05,6.66667E-04
3.267634,-1.06812E-04,1.144414E-04,-6.66667E-04
3.268634,-4.27248E-04,3.356952E-04,.002
3.269635,-6.713904E-04,3.738422E-04,-6.66667E-04
3.270635,-4.806537E-04,2.746601E-04,-6.66667E-04
3.271636,-2.594013E-04,4.730243E-04,6.66667E-04
3.272636,-2.365122E-04,3.204364E-04,-.002
3.273637,-1.06812E-04,4.57766E-05,-.001
3.274637,-7.629441E-05,-3.204364E-04,-.002
3.275638,-3.50954E-04,0,-6.66667E-04
3.276639,-1.983652E-04,2.670307E-04,6.66667E-04
3.277639,-1.983652E-04,9.918259E-05,-6.66667E-04
3.278639,9.15532E-05,3.051781E-05,-6.66667E-04
3.27964,-2.212534E-04,-3.051781E-05,-6.66667E-04
3.28064,3.051781E-05,3.12807E-04,-6.66667E-04
3.281641,2.594013E-04,3.12807E-04,6.66667E-04
3.282641,2.899189E-04,3.662128E-04,6.66667E-04
3.283642,-7.629441E-05,2.365122E-04,-.001
3.284642,-1.602182E-04,3.12807E-04,6.66667E-04
3.285643,-2.13624E-04,2.746601E-04,-.002
3.286644,-6.866502E-05,3.280658E-04,.001
3.287644,2.594013E-04,3.051781E-05,-.001
3.288644,1.144414E-04,-3.814721E-05,.001
3.289645,8.392381E-05,1.75477E-04,6.66667E-04
3.290645,-9.15532E-05,3.204364E-04,-6.66667E-04
3.291646,-3.12807E-04,-4.57766E-05,6.66667E-04
3.292646,-1.3733E-04,9.15532E-05,6.66667E-04
3.293647,-5.340599E-05,1.983652E-04,-6.66667E-04
3.294647,-2.975482E-04,8.392381E-05,-.002
3.295648,-2.975482E-04,1.144414E-04,6.66667E-04
3.296649,-5.340599E-05,5.722083E-04,-2.33333E-03
3.297649,-1.602182E-04,9.155311E-04,-.002
3.298649,6.866502E-05,3.738422E-04,2.33333E-03
3.29965,1.525891E-05,1.831064E-04,-.001
3.30065,1.525888E-04,-3.50954E-04,-.001
3.301651,2.059946E-04,-5.645789E-04,-6.66667E-04
3.302651,1.06812E-04,-4.959144E-04,-.001
3.303652,-7.629453E-06,0,-6.66667E-04
3.304652,3.662128E-04,-3.814721E-05,.001
3.305653,5.264319E-04,6.103562E-05,-6.66667E-04
3.306653,2.899189E-04,3.12807E-04,-.001
3.307654,4.27248E-04,1.983652E-04,.001
3.308654,4.27248E-04,-1.75477E-04,-.001
3.309655,3.50954E-04,-1.220712E-04,-3.66667E-03
3.310655,2.746601E-04,-5.340599E-05,-6.66667E-04
3.311656,1.525888E-04,-1.297006E-04,.001
3.312656,-3.051781E-05,-1.678476E-04,-6.66667E-04
3.313657,9.918259E-05,5.340599E-05,.001
3.314657,9.918259E-05,1.06812E-04,.001
3.315658,4.348774E-04,0,6.66667E-04
3.316658,8.392371E-04,9.918259E-05,-6.66667E-04
3.317659,8.773841E-04,4.119892E-04,6.66667E-04
3.318659,7.78202E-04,6.485023E-04,-6.66667E-04
3.31966,3.051776E-04,4.27248E-04,.002
3.32066,1.678476E-04,-2.517719E-04,-3.66667E-03
3.321661,4.348774E-04,-2.517719E-04,-6.66667E-04
3.322661,4.57766E-05,-3.433246E-04,6.66667E-04
3.323662,-8.392381E-05,-1.06812E-04,-6.66667E-04
3.324662,-1.983652E-04,1.602182E-04,-6.66667E-04
3.325663,-1.449594E-04,1.220712E-04,6.66667E-04
3.326663,-1.525888E-04,-3.280658E-04,-6.66667E-04
3.327664,-1.449594E-04,-4.501361E-04,-6.66667E-04
3.328664,-2.822895E-04,-4.57766E-05,.001
3.329665,-2.365122E-04,2.822895E-04,.002
3.330665,-2.441425E-04,4.196186E-04,6.66667E-04
3.331666,-7.629441E-05,2.28883E-05,-6.66667E-04
3.332666,9.15532E-05,-3.204364E-04,-6.66667E-04
3.333667,2.746601E-04,-2.13624E-04,6.66667E-04
3.334667,2.288828E-04,-2.212534E-04,.002
3.335668,4.57766E-05,2.288828E-04,-.002
3.336668,-3.50954E-04,4.119892E-04,-2.33333E-03
3.337669,-4.57766E-05,3.50954E-04,.001
3.338669,6.103562E-05,1.75477E-04,.001
3.33967,-2.441425E-04,-5.340599E-05,-.002
3.34067,-1.602182E-04,-3.280658E-04,-2.33333E-03
3.341671,2.288828E-04,-1.602182E-04,6.66667E-04
3.342671,3.89101E-04,9.918259E-05,-.001
3.343672,1.75477E-04,-1.602182E-04,6.66667E-04
3.344672,1.907358E-04,-2.670307E-04,-2.33333E-03
3.345673,1.831064E-04,1.525891E-05,-.002
3.346673,1.983652E-04,8.392381E-05,.002
3.347674,1.907358E-04,1.144414E-04,-6.66667E-04
3.348674,3.738422E-04,2.670307E-04,-6.66667E-04
3.349675,2.899189E-04,3.051776E-04,-6.66667E-04
3.350675,-4.57766E-05,1.602182E-04,6.66667E-04
3.351676,-1.602182E-04,2.059946E-04,-.001
3.352676,-3.204364E-04,1.678476E-04,-6.66667E-04
3.353677,-4.348774E-04,-5.340599E-05,6.66667E-04
3.354677,-4.27248E-04,4.57766E-05,6.66667E-04
3.355678,-5.340599E-05,9.918259E-05,-6.66667E-04
3.356678,4.196186E-04,2.059946E-04,-.001
3.357679,0,4.196186E-04,-6.66667E-04
3.358679,0,-1.525891E-05,-6.66667E-04
3.35968,2.899189E-04,2.212534E-04,-6.66667E-04
3.36068,3.204364E-04,9.918259E-05,6.66667E-04
3.361681,8.392381E-05,1.75477E-04,-.001
3.362681,-2.13624E-04,2.212534E-04,-6.66667E-04
3.363682,-2.670307E-04,5.035438E-04,6.66667E-04
3.364682,-8.392381E-05,3.051776E-04,-6.66667E-04
3.365683,-1.602182E-04,1.525888E-04,.001
3.366683,-2.13624E-04,8.392381E-05,2.33333E-03
3.367684,-1.144414E-04,4.119892E-04,-.002
3.368684,3.814721E-05,4.348774E-04,.001
3.369685,-1.831064E-04,2.288828E-04,.001
3.370685,-4.653949E-04,-1.907358E-04,-.002
3.371686,-2.899189E-04,-2.288828E-04,-.002
3.372686,2.975482E-04,-1.602182E-04,-.002
3.373687,1.06812E-04,1.06812E-04,-6.66667E-04
3.374687,-1.06812E-04,3.662128E-04,.002
3.375688,-1.831064E-04,1.75477E-04,6.66667E-04
3.376688,-1.983652E-04,1.678476E-04,.001
3.377689,-2.365122E-04,1.144414E-04,.001
3.378689,3.662128E-04,2.28883E-05,-.002
3.37969,2.594013E-04,3.12807E-04,-.001
3.38069,-2.288828E-04,3.814721E-05,-.001
3.381691,-6.103562E-05,2.28883E-05,-.001
3.382691,1.3733E-04,-3.814721E-05,-6.66667E-04
3.383692,2.670307E-04,-9.918259E-05,-6.66667E-04
3.384692,6.866502E-05,1.75477E-04,-2.33333E-03
3.385693,1.297006E-04,4.196186E-04,-2.33333E-03
3.386693,6.103562E-05,7.78202E-04,.001
3.387694,9.15532E-05,5.722083E-04,-.002
3.388694,-2.670307E-04,4.043598E-04,-.002
3.389695,-1.678476E-04,3.12807E-04,-2.33333E-03
3.390696,-1.602182E-04,-2.670307E-04,-2.33333E-03
3.391696,-7.629453E-06,2.28883E-05,-6.66667E-04
3.392696,-2.059946E-04,1.220712E-04,-6.66667E-04
3.393697,-1.06812E-04,7.629453E-06,.001
3.394697,0,-1.449594E-04,-6.66667E-04
3.395698,-1.602182E-04,-1.678476E-04,-.001
3.396698,-6.866502E-05,-2.059946E-04,-6.66667E-04
3.397699,2.28883E-05,-3.12807E-04,-.001
3.398699,-8.392381E-05,-1.907358E-04,.001
3.3997,-2.365122E-04,-4.27248E-04,-.001
3.400701,-2.288828E-04,-3.433246E-04,-3.66667E-03
3.401701,-3.585834E-04,-5.188026E-04,-6.66667E-04
3.402701,-2.975482E-04,-6.561317E-04,-.002
3.403702,-1.06812E-04,-4.501361E-04,-.001
3.404702,2.28883E-05,-2.594013E-04,.001
3.405703,-1.983652E-04,-2.517719E-04,-.001
3.406703,-6.866502E-05,-1.144414E-04,.001
3.407704,6.103562E-05,-1.602182E-04,-.001
3.408704,1.525888E-04,-1.831064E-04,-6.66667E-04
3.409705,3.89101E-04,-1.297006E-04,-6.66667E-04
3.410706,3.433246E-04,-4.57766E-05,-2.33333E-03
3.411706,2.975482E-04,4.57766E-05,-.001
3.412706,3.356952E-04,-1.449594E-04,.001
3.413707,3.280658E-04,-3.051776E-04,-.001
3.414707,1.3733E-04,-1.06812E-04,-.001
3.415708,-1.678476E-04,2.746601E-04,2.33333E-03
3.416708,-6.866502E-05,9.918259E-05,-.002
3.417709,-2.441425E-04,3.662128E-04,-3.66667E-03
3.418709,-2.28883E-05,3.967304E-04,2.33333E-03
3.41971,1.3733E-04,2.975482E-04,6.66667E-04
3.420711,-9.918259E-05,-7.629453E-06,.002
3.421711,-4.196186E-04,-1.602182E-04,.002
3.422711,-5.264319E-04,2.594013E-04,.001
3.423712,-1.449594E-04,3.814716E-04,-6.66667E-04
3.424712,-9.918259E-05,3.814716E-04,-2.33333E-03
3.425713,-5.340599E-05,4.425067E-04,6.66667E-04
3.426713,3.814721E-05,5.264319E-04,-.002
3.427714,-2.28883E-05,1.525888E-04,-2.33333E-03
3.428714,-2.517719E-04,3.12807E-04,6.66667E-04
3.429715,9.918259E-05,1.602182E-04,-.001
3.430716,3.738422E-04,-1.602182E-04,-.002
3.431716,5.188026E-04,1.220712E-04,-6.66667E-04
3.432716,-1.525888E-04,1.297006E-04,-.002
3.433717,6.103562E-05,1.297006E-04,.002
3.434717,3.051781E-05,4.806537E-04,-.001
3.435718,-4.57766E-05,-3.051781E-05,-.001
3.436718,9.918259E-05,-2.212534E-04,-6.66667E-04
3.437719,-1.525891E-05,-1.75477E-04,-.002
3.438719,-8.392381E-05,-2.822895E-04,-6.66667E-04
3.43972,-1.3733E-04,-3.204364E-04,-.002
3.440721,4.730243E-04,-1.831064E-04,6.66667E-04
3.441721,5.798377E-04,-5.340599E-05,-6.66667E-04
3.442721,3.585834E-04,2.212534E-04,6.66667E-04
3.443722,1.983652E-04,2.212534E-04,-6.66667E-04
3.444722,3.814721E-05,1.06812E-04,-2.33333E-03
3.445723,-3.12807E-04,2.28883E-05,-6.66667E-04
3.446723,-2.670307E-04,-3.814716E-04,-6.66667E-04
3.447724,9.15532E-05,-1.297006E-04,-6.66667E-04
3.448724,-3.051781E-05,-3.814721E-05,-.001
3.449725,-1.907358E-04,-3.433246E-04,-6.66667E-04
3.450726,-3.204364E-04,-2.975482E-04,6.66667E-04
3.451726,9.918259E-05,2.059946E-04,-6.66667E-04
3.452726,-2.899189E-04,3.662128E-04,-.001
3.453727,-1.06812E-04,2.746601E-04,.002
3.454727,4.57766E-05,2.899189E-04,-.002
3.455728,3.814721E-05,2.594013E-04,-6.66667E-04
3.456728,-3.662128E-04,3.051776E-04,-6.66667E-04
3.457729,-2.899189E-04,2.670307E-04,-3.66667E-03
3.458729,1.449594E-04,2.822895E-04,-.001
3.45973,2.594013E-04,-9.918259E-05,.001
3.460731,1.831064E-04,-2.13624E-04,-6.66667E-04
3.461731,1.297006E-04,-1.678476E-04,6.66667E-04
3.462731,4.57766E-05,4.119892E-04,-.001
3.463732,-2.13624E-04,4.806537E-04,.001
3.464732,-1.75477E-04,5.722083E-04,-6.66667E-04
3.465733,-1.297006E-04,7.858314E-04,-.001
3.466733,-2.670307E-04,6.942786E-04,-2.33333E-03
3.467734,-2.975482E-04,6.561317E-04,-.002
3.468734,-3.585834E-04,5.340613E-04,-6.66667E-04
3.469735,-3.585834E-04,4.653949E-04,-.002
3.470736,-1.06812E-04,4.88285E-04,-6.66667E-04
3.471736,9.918259E-05,4.806537E-04,6.66667E-04
3.472736,1.06812E-04,3.738422E-04,-6.66667E-04
3.473737,1.678476E-04,6.027259E-04,-.001
3.474737,1.144414E-04,6.332435E-04,-6.66667E-04
3.475738,-5.340599E-05,2.822895E-04,-.001
3.476738,-1.525888E-04,-9.918259E-05,6.66667E-04
3.477739,-2.822895E-04,-2.13624E-04,.001
3.478739,9.918259E-05,-2.822895E-04,6.66667E-04
3.47974,9.918259E-05,-4.577655E-04,-6.66667E-04
3.480741,-8.392381E-05,-3.204364E-04,-.002
3.481741,-2.212534E-04,-5.340613E-04,-.001
3.482741,2.059946E-04,-4.196186E-04,-.002
3.483742,1.525888E-04,1.525891E-05,-6.66667E-04
3.484742,3.662128E-04,3.051776E-04,-6.66667E-04
3.485743,4.196186E-04,3.280658E-04,6.66667E-04
3.486743,1.602182E-04,-8.392381E-05,-.002
3.487744,5.493201E-04,-2.670307E-04,-6.66667E-04
3.488744,5.264319E-04,-9.15532E-05,6.66667E-04
3.489745,5.340613E-04,0,-.001
3.490746,-2.288828E-04,-8.392381E-05,.001
3.491746,-4.577655E-04,1.525888E-04,.001
3.492746,0,2.288828E-04,-6.66667E-04
3.493747,2.975482E-04,1.449594E-04,-6.66667E-04
3.494747,6.103562E-05,-3.051776E-04,.001
3.495748,-1.220712E-04,-5.874671E-04,-.001
3.496748,-1.831064E-04,-3.662128E-04,-6.66667E-04
3.497749,-2.441425E-04,-1.525888E-04,.001
3.498749,-1.678476E-04,9.918259E-05,-6.66667E-04
3.49975,-2.975482E-04,-1.220712E-04,-2.33333E-03
3.500751,1.983652E-04,-2.212534E-04,-.002
3.501751,2.441425E-04,-1.06812E-04,-.002
3.502751,3.051781E-05,-6.103562E-05,-6.66667E-04
3.503752,4.730243E-04,1.220712E-04,6.66667E-04
3.504752,4.959144E-04,1.525891E-05,.001
3.505753,5.340599E-05,-8.392381E-05,-6.66667E-04
3.506753,2.594013E-04,-1.602182E-04,.001
3.507754,-3.051781E-05,-2.822895E-04,-3.66667E-03
3.508754,-3.204364E-04,-3.433246E-04,-.001
3.509755,-3.814716E-04,-2.28883E-05,-3.66667E-03
3.510756,-3.50954E-04,1.75477E-04,-.001
3.511756,-3.356952E-04,3.662128E-04,2.33333E-03
3.512756,1.3733E-04,1.06812E-04,-2.33333E-03
3.513757,3.814716E-04,-1.3733E-04,-.002
3.514757,2.594013E-04,4.57766E-05,.001
3.515758,1.220712E-04,6.408729E-04,6.66667E-04
3.516758,7.629453E-06,6.256141E-04,-.001
3.517759,2.746601E-04,5.950965E-04,-.002
3.518759,2.28883E-05,4.959144E-04,-6.66667E-04
3.51976,-3.738422E-04,4.959144E-04,-6.66667E-04
3.520761,-3.738422E-04,5.264319E-04,.001
3.521761,-1.75477E-04,3.50954E-04,-.001
3.522761,0,4.57766E-05,-2.33333E-03
3.523762,3.12807E-04,-2.517719E-04,.001
3.524762,4.196186E-04,-3.280658E-04,-6.66667E-04
3.525763,7.553138E-04,-2.746601E-04,-.001
3.526763,8.392371E-04,-4.425067E-04,-.002
3.527764,5.111732E-04,1.831064E-04,.001
3.528764,4.501361E-04,4.88285E-04,-6.66667E-04
3.529765,2.059946E-04,2.899189E-04,-.001
3.530766,-2.670307E-04,9.15532E-05,.001
3.531766,-1.678476E-04,1.907358E-04,6.66667E-04
3.532766,9.918259E-05,2.746601E-04,6.66667E-04
3.533767,1.602182E-04,2.594013E-04,-3.66667E-03
3.534767,6.866502E-05,2.365122E-04,-3.66667E-03
3.535768,1.602182E-04,-5.340599E-05,-6.66667E-04
3.536768,1.297006E-04,2.746601E-04,6.66667E-04
3.537769,1.525891E-05,1.06812E-04,6.66667E-04
3.538769,-9.15532E-05,2.670307E-04,-.002
3.53977,-2.441425E-04,4.730243E-04,-.001
3.540771,-5.340599E-05,4.119892E-04,-.001
3.541771,-1.602182E-04,1.449594E-04,-.002
3.542771,-7.629441E-05,3.051781E-05,-.001
3.543772,2.594013E-04,-8.392381E-05,-6.66667E-04
3.544772,6.866502E-05,-7.629453E-06,-6.66667E-04
3.545773,-5.264319E-04,-2.28883E-05,-.001
3.546773,-3.738422E-04,-1.449594E-04,-6.66667E-04
3.547774,-1.602182E-04,1.602182E-04,6.66667E-04
3.548774,-1.831064E-04,1.907358E-04,-.002
3.549775,7.629453E-06,-1.525888E-04,-.001
3.550776,1.525888E-04,1.525891E-05,-.001
3.551776,-2.28883E-05,4.730243E-04,6.66667E-04
3.552776,4.57766E-05,6.790198E-04,6.66667E-04
3.553777,-9.918259E-05,1.602182E-04,-6.66667E-04
3.554777,-4.27248E-04,3.814721E-05,.002
3.555778,7.629441E-05,-2.13624E-04,-6.66667E-04
3.556778,3.738422E-04,7.629453E-06,-6.66667E-04
3.557779,1.907358E-04,-2.517719E-04,.002
3.558779,2.517719E-04,-2.28883E-05,-6.66667E-04
3.55978,3.814716E-04,2.594013E-04,-6.66667E-04
3.560781,3.814721E-05,4.730243E-04,-.002
3.561781,-1.907358E-04,5.264319E-04,-.002
3.562781,-4.27248E-04,6.561317E-04,-6.66667E-04
3.563782,-1.525888E-04,3.356952E-04,-.001
3.564783,-3.204364E-04,6.103562E-05,.001
3.565783,-2.13624E-04,4.57766E-05,6.66667E-04
3.566783,-2.746601E-04,1.220712E-04,-.002
3.567784,-3.89101E-04,-9.15532E-05,-.002
3.568784,-2.13624E-04,3.051781E-05,.001
3.569785,-3.051776E-04,2.13624E-04,2.33333E-03
3.570786,-1.144414E-04,1.525888E-04,-6.66667E-04
3.571786,7.629441E-05,-2.746601E-04,-.001
3.572786,1.144414E-04,-5.722083E-04,-6.66667E-04
3.573787,1.449594E-04,-2.13624E-04,-.001
3.574788,-1.983652E-04,-7.629453E-06,2.33333E-03
3.575788,8.392381E-05,-1.449594E-04,-.001
3.576788,1.602182E-04,-4.57766E-05,-3.66667E-03
3.577789,-2.13624E-04,-1.907358E-04,-.001
3.578789,-5.569495E-04,-3.433246E-04,.001
3.57979,-3.433246E-04,-2.28883E-05,-.002
3.580791,-1.3733E-04,4.043598E-04,6.66667E-04
3.581791,2.365122E-04,3.433246E-04,-3.66667E-03
3.582791,3.585834E-04,2.059946E-04,-.001
3.583792,6.866502E-05,-1.602182E-04,-.002
3.584793,-5.340599E-05,-5.340599E-05,-3.66667E-03
3.585793,2.670307E-04,4.57766E-05,.002
3.586793,2.288828E-04,2.899189E-04,-.002
3.587794,3.814721E-05,1.3733E-04,-.002
3.588794,2.594013E-04,-7.629453E-06,-.001
3.589795,-5.340599E-05,9.918259E-05,6.66667E-04
3.590796,-2.670307E-04,4.196186E-04,-.002
3.591796,0,2.746601E-04,-.001
3.592796,-2.975482E-04,-1.06812E-04,-.002
3.593797,-4.27248E-04,-2.670307E-04,-.001
3.594798,-3.12807E-04,-5.798377E-04,.001
3.595798,-1.449594E-04,-5.874671E-04,-6.66667E-04
3.596798,6.103562E-05,-6.103562E-05,-.001
3.597799,2.594013E-04,4.196186E-04,.001
3.598799,3.433246E-04,2.594013E-04,-2.33333E-03
3.5998,1.3733E-04,-6.103562E-05,-.001
3.600801,-1.602182E-04,-8.392381E-05,.001
3.601801,-1.144414E-04,-2.594013E-04,-.001
3.602801,5.340599E-05,-1.06812E-04,6.66667E-04
3.603802,-6.103562E-05,2.059946E-04,-6.66667E-04
3.604803,-4.959144E-04,6.866502E-05,-6.66667E-04
3.605803,-3.433246E-04,-1.06812E-04,-.002
3.606803,-3.356952E-04,-4.348774E-04,-6.66667E-04
3.607804,-2.288828E-04,-5.416907E-04,-6.66667E-04
3.608804,-2.13624E-04,-6.408729E-04,-.001
3.609805,-6.485023E-04,-4.043598E-04,.001
3.610806,-4.577655E-04,4.57766E-05,-6.66667E-04
3.611806,1.06812E-04,7.629441E-05,-2.33333E-03
3.612806,2.594013E-04,2.059946E-04,-6.66667E-04
3.613807,3.433246E-04,-3.814721E-05,6.66667E-04
3.614808,2.441425E-04,-2.059946E-04,-.001
3.615808,3.051776E-04,-5.111732E-04,.001
3.616808,4.196186E-04,-5.874671E-04,-6.66667E-04
3.617809,1.75477E-04,-2.670307E-04,-.001
3.618809,-1.525891E-05,-1.602182E-04,-3.66667E-03
3.61981,5.340599E-05,-5.035438E-04,6.66667E-04
3.620811,3.738422E-04,-6.866492E-04,.002
3.621811,4.88285E-04,-3.204364E-04,-.001
3.622811,6.713904E-04,-4.730243E-04,6.66667E-04
3.623812,3.204364E-04,-7.01908E-04,6.66667E-04
3.624813,-1.983652E-04,-2.899189E-04,.002
3.625813,-1.831064E-04,7.629441E-05,-6.66667E-04
3.626813,-2.28883E-05,2.670307E-04,6.66667E-04
3.627814,-7.629453E-06,1.449594E-04,6.66667E-04
3.628814,1.297006E-04,9.15532E-05,-.001
3.629815,3.662128E-04,3.967304E-04,-.001
3.630816,6.790198E-04,1.678476E-04,-6.66667E-04
3.631816,8.087195E-04,2.746601E-04,-.002
3.632816,8.392371E-04,3.051776E-04,-.002
3.633817,4.348774E-04,2.13624E-04,-6.66667E-04
3.634818,2.441425E-04,2.212534E-04,6.66667E-04
3.635818,4.043598E-04,3.204364E-04,-.001
3.636818,2.212534E-04,9.15532E-05,-.002
3.637819,-4.57766E-05,-1.525888E-04,-.002
3.638819,-1.983652E-04,-1.06812E-04,.001
3.63982,-2.441425E-04,-3.433246E-04,-.002
3.640821,-3.051776E-04,-7.858314E-04,6.66667E-04
3.641821,-2.059946E-04,-3.967304E-04,2.33333E-03
3.642821,-2.13624E-04,-5.340613E-04,-6.66667E-04
3.643822,2.594013E-04,-3.50954E-04,-.002
3.644823,3.89101E-04,-1.678476E-04,-2.33333E-03
3.645823,1.983652E-04,-1.297006E-04,.001
3.646823,9.15532E-05,-3.356952E-04,-.002
3.647824,-2.28883E-05,-3.738422E-04,-6.66667E-04
3.648824,8.392381E-05,-9.918259E-05,6.66667E-04
3.649825,7.629441E-05,0,6.66667E-04
3.650826,4.043598E-04,-2.670307E-04,6.66667E-04
3.651826,7.629441E-05,-2.670307E-04,-6.66667E-04
3.652826,2.594013E-04,1.525891E-05,-6.66667E-04
3.653827,3.356952E-04,1.144414E-04,-6.66667E-04
3.654828,1.06812E-04,-5.340599E-05,-.002
3.655828,-9.15532E-05,-3.051776E-04,-2.33333E-03
3.656828,-3.12807E-04,-2.288828E-04,6.66667E-04
3.657829,-4.27248E-04,-1.525891E-05,-6.66667E-04
3.658829,-2.288828E-04,9.918259E-05,6.66667E-04
3.65983,1.602182E-04,-8.392381E-05,-.002
3.66083,3.051781E-05,-3.12807E-04,-2.33333E-03
3.661831,-1.678476E-04,-4.730243E-04,-6.66667E-04
3.662831,-3.662128E-04,-1.602182E-04,-.001
3.663832,-5.340613E-04,7.629453E-06,6.66667E-04
3.664833,-4.043598E-04,-1.907358E-04,6.66667E-04
3.665833,-4.27248E-04,-3.433246E-04,-.001
3.666833,-2.670307E-04,-3.738422E-04,.001
3.667834,-4.806537E-04,7.629453E-06,-.001
3.668834,-3.662128E-04,3.738422E-04,6.66667E-04
3.669835,-3.12807E-04,2.365122E-04,-.001
3.670835,-5.340599E-05,1.75477E-04,-.001
3.671836,-1.602182E-04,-6.866502E-05,-.002
3.672836,-1.3733E-04,2.670307E-04,.001
3.673837,2.28883E-05,6.332435E-04,-.002
3.674838,-1.602182E-04,5.950965E-04,6.66667E-04
3.675838,1.831064E-04,3.814721E-05,.001
3.676838,2.059946E-04,0,.002
3.677839,1.220712E-04,4.57766E-05,-6.66667E-04
3.678839,4.806537E-04,1.220712E-04,-6.66667E-04
3.67984,9.918259E-05,2.212534E-04,-.002
3.68084,0,6.103562E-05,6.66667E-04
3.681841,2.822895E-04,9.15532E-05,-6.66667E-04
3.682841,3.585834E-04,3.50954E-04,2.33333E-03
3.683842,4.501361E-04,6.027259E-04,-.001
3.684843,4.653949E-04,4.196186E-04,-6.66667E-04
3.685843,2.746601E-04,2.975482E-04,-.001
3.686843,0,-1.06812E-04,-6.66667E-04
3.687844,-2.594013E-04,2.13624E-04,-3.66667E-03
3.688844,0,4.57766E-05,-.001
3.689845,3.204364E-04,-3.814721E-05,.001
3.690845,1.297006E-04,3.204364E-04,-.001
3.691846,1.3733E-04,3.356952E-04,-2.33333E-03
3.692847,-4.57766E-05,-1.602182E-04,.001
3.693847,-1.06812E-04,-1.831064E-04,-6.66667E-04
3.694848,2.594013E-04,1.525888E-04,6.66667E-04
3.695848,2.746601E-04,2.28883E-05,.001
3.696848,-3.814721E-05,-3.50954E-04,.001
3.697849,-4.57766E-05,-2.059946E-04,-.002
3.698849,1.3733E-04,-1.907358E-04,-.001
3.69985,2.899189E-04,1.983652E-04,6.66667E-04
3.70085,3.89101E-04,1.06812E-04,.002
3.701851,4.57766E-05,2.822895E-04,-.001
3.702852,-1.144414E-04,7.476844E-04,-6.66667E-04
3.703852,7.629453E-06,6.256141E-04,-6.66667E-04
3.704853,-4.57766E-05,6.866502E-05,-6.66667E-04
3.705853,-4.196186E-04,-4.043598E-04,-2.33333E-03
3.706853,-3.50954E-04,-6.485023E-04,6.66667E-04
3.707854,-1.525888E-04,-1.220712E-04,-.002
3.708854,-2.13624E-04,3.204364E-04,.001
3.709855,-2.28883E-05,7.476844E-04,6.66667E-04
3.710855,1.602182E-04,6.103553E-04,-.002
3.711856,3.356952E-04,3.814716E-04,-.002
3.712857,4.27248E-04,2.365122E-04,-6.66667E-04
3.713857,5.188026E-04,-2.288828E-04,-.001
3.714858,3.280658E-04,-4.348774E-04,-6.66667E-04
3.715858,5.340599E-05,-3.356952E-04,-.001
3.716858,-1.831064E-04,-1.525891E-05,6.66667E-04
3.717859,-2.822895E-04,2.28883E-05,6.66667E-04
3.718859,-2.670307E-04,-3.738422E-04,-.001
3.71986,-5.874671E-04,-3.356952E-04,-.002
3.72086,-3.738422E-04,-5.874671E-04,.001
3.721861,-3.585834E-04,-6.103562E-05,6.66667E-04
3.722862,-3.89101E-04,2.441425E-04,-6.66667E-04
3.723862,-3.204364E-04,-1.525888E-04,.001
3.724863,-3.051781E-05,-1.297006E-04,.001
3.725863,7.629441E-05,-1.3733E-04,-.001
3.726863,-1.220712E-04,-4.88285E-04,-.001
3.727864,-3.12807E-04,-9.460486E-04,-6.66667E-04
3.728864,-3.585834E-04,-6.408729E-04,6.66667E-04
3.729865,-1.983652E-04,-2.899189E-04,.001
3.730865,8.392381E-05,1.449594E-04,2.33333E-03
3.731866,-9.918259E-05,6.713904E-04,6.66667E-04
3.732867,-1.525891E-05,6.332435E-04,-6.66667E-04
3.733867,2.441425E-04,1.75477E-04,-6.66667E-04
3.734868,2.059946E-04,-2.441425E-04,-.001
3.735868,1.297006E-04,-1.144414E-04,.001
3.736868,1.449594E-04,0,.002
3.737869,7.629441E-05,0,-.001
3.73887,-3.814721E-05,-1.220712E-04,-6.66667E-04
3.73987,1.602182E-04,-1.525891E-05,-6.66667E-04
3.74087,2.13624E-04,4.57766E-05,-6.66667E-04
3.741871,5.645789E-04,9.15532E-05,-6.66667E-04
3.742872,4.119892E-04,2.212534E-04,-.001
3.743872,1.297006E-04,4.57766E-05,.002
3.744873,0,2.059946E-04,.001
3.745873,-2.441425E-04,2.822895E-04,-6.66667E-04
3.746873,-4.119892E-04,-9.918259E-05,-6.66667E-04
3.747874,-8.392381E-05,-1.525891E-05,.001
3.748875,3.814721E-05,2.059946E-04,.001
3.749875,-1.602182E-04,3.12807E-04,-6.66667E-04
3.750875,-4.57766E-05,6.713904E-04,-.002
3.751876,1.3733E-04,6.103553E-04,6.66667E-04
3.752877,1.525888E-04,5.340613E-04,-.001
3.753877,-3.051776E-04,6.179847E-04,-.001
3.754878,-2.212534E-04,3.585834E-04,6.66667E-04
3.755878,-1.220712E-04,3.12807E-04,-6.66667E-04
3.756878,-2.13624E-04,2.594013E-04,-6.66667E-04
3.757879,-1.06812E-04,2.517719E-04,.001
3.75888,2.28883E-05,3.814721E-05,-.001
3.75988,-7.629441E-05,-5.340599E-05,.002
3.76088,9.15532E-05,1.525888E-04,-6.66667E-04
3.761881,1.449594E-04,3.12807E-04,.001
3.762882,3.051781E-05,2.441425E-04,.001
3.763882,2.288828E-04,9.918259E-05,-.002
3.764883,2.13624E-04,1.678476E-04,-6.66667E-04
3.765883,-3.051781E-05,6.866502E-05,-.002
3.766883,-3.814721E-05,6.103562E-05,-6.66667E-04
3.767884,-5.340599E-05,-2.212534E-04,.001
3.768885,3.738422E-04,-4.806537E-04,-6.66667E-04
3.769885,4.806537E-04,-3.50954E-04,6.66667E-04
3.770885,-1.297006E-04,1.297006E-04,.002
3.771886,-6.866502E-05,1.907358E-04,.001
3.772887,-2.212534E-04,-1.297006E-04,.001
3.773887,-3.204364E-04,-3.738422E-04,-6.66667E-04
3.774888,-1.907358E-04,-1.602182E-04,.001
3.775888,9.15532E-05,-1.449594E-04,-.002
3.776888,-2.13624E-04,-1.602182E-04,-.002
3.777889,-2.670307E-04,-9.15532E-05,-.001
3.77889,4.57766E-05,1.525888E-04,-6.66667E-04
3.77989,2.899189E-04,7.629453E-06,-3.66667E-03
3.78089,2.899189E-04,2.441425E-04,6.66667E-04
3.781891,1.220712E-04,-4.57766E-05,-.001
3.782892,8.392381E-05,-1.831064E-04,-6.66667E-04
3.783892,-1.06812E-04,-2.517719E-04,-6.66667E-04
3.784893,-2.288828E-04,-1.602182E-04,-6.66667E-04
3.785893,-2.975482E-04,2.212534E-04,-.002
3.786893,-4.119892E-04,1.220712E-04,-.004
3.787894,-2.594013E-04,-5.340599E-05,-6.66667E-04
3.788895,-2.746601E-04,2.365122E-04,-.002
3.789895,-1.297006E-04,3.12807E-04,.002
3.790895,-5.340599E-05,6.256141E-04,-.001
3.791896,3.051781E-05,3.585834E-04,-.002
3.792897,-3.814721E-05,2.059946E-04,6.66667E-04
3.793897,-3.89101E-04,2.212534E-04,-6.66667E-04
3.794898,-2.28883E-05,2.441425E-04,-.002
3.795898,2.288828E-04,1.144414E-04,-.002
3.796898,7.629453E-06,-5.340599E-05,-6.66667E-04
3.797899,-4.959144E-04,8.392381E-05,-.001
3.7989,-4.348774E-04,-1.525891E-05,-.002
3.7999,-1.220712E-04,8.392381E-05,6.66667E-04
3.8009,1.983652E-04,-1.3733E-04,-.002
3.801901,-1.602182E-04,9.918259E-05,-3.66667E-03
3.802902,-4.119892E-04,5.340599E-05,-6.66667E-04
3.803902,-4.806537E-04,4.57766E-05,-6.66667E-04
3.804903,-1.220712E-04,-1.297006E-04,.001
3.805903,2.594013E-04,-3.433246E-04,-.001
3.806903,2.288828E-04,0,-6.66667E-04
3.807904,4.88285E-04,2.746601E-04,-.002
3.808905,1.220712E-04,4.119892E-04,-6.66667E-04
3.809905,1.983652E-04,-5.340599E-05,.001
3.810905,7.629441E-05,4.57766E-05,-.002
3.811906,4.57766E-05,1.3733E-04,.002
3.812907,2.594013E-04,1.220712E-04,-.001
3.813907,4.577655E-04,3.814721E-05,.002
3.814908,5.569495E-04,-3.814721E-05,-.001
3.815908,3.204364E-04,-1.06812E-04,6.66667E-04
3.816908,2.13624E-04,-5.340613E-04,-.002
3.817909,-8.392381E-05,-4.806537E-04,-.001
3.81891,1.06812E-04,-2.975482E-04,-6.66667E-04
3.81991,3.814716E-04,-2.212534E-04,-.001
3.82091,5.645789E-04,8.392381E-05,-.001
3.821911,3.280658E-04,2.975482E-04,.001
3.822912,7.629453E-06,4.043598E-04,-6.66667E-04
3.823912,1.525888E-04,4.959144E-04,6.66667E-04
3.824913,4.27248E-04,2.13624E-04,6.66667E-04
3.825913,5.645789E-04,1.220712E-04,-6.66667E-04
3.826913,3.967304E-04,1.449594E-04,.001
3.827914,-3.051781E-05,-1.297006E-04,-.001
3.828915,7.629453E-06,-2.212534E-04,-.001
3.829915,1.907358E-04,3.051781E-05,-.002
3.830915,1.678476E-04,9.918259E-05,-2.33333E-03
3.831916,3.051781E-05,1.297006E-04,-2.33333E-03
3.832916,-1.449594E-04,8.392381E-05,.001
3.833917,-3.051781E-05,1.449594E-04,.001
3.834918,-1.449594E-04,1.449594E-04,-.001
3.835918,-4.730243E-04,-1.144414E-04,.001
3.836918,-5.264319E-04,-2.899189E-04,-.001
3.837919,-2.365122E-04,-4.043598E-04,-3.66667E-03
3.83892,-4.806537E-04,-4.653949E-04,-2.33333E-03
3.83992,-4.806537E-04,-3.204364E-04,-6.66667E-04
3.84092,-1.06812E-04,-1.06812E-04,-.002
3.841921,-1.75477E-04,-2.670307E-04,-6.66667E-04
3.842921,5.340599E-05,-3.280658E-04,-6.66667E-04
3.843922,1.06812E-04,-6.866502E-05,-.001
3.844923,2.059946E-04,-4.57766E-05,-6.66667E-04
3.845923,3.814721E-05,3.662128E-04,-6.66667E-04
3.846923,1.06812E-04,5.264319E-04,-.002
3.847924,3.50954E-04,4.27248E-04,6.66667E-04
3.848925,3.50954E-04,4.348774E-04,6.66667E-04
3.849925,2.441425E-04,1.449594E-04,-6.66667E-04
3.850925,9.918259E-05,-1.525891E-05,-.002
3.851926,2.899189E-04,-1.06812E-04,.002
3.852926,4.57766E-05,-4.043598E-04,.001
3.853927,5.340599E-05,-4.653949E-04,-6.66667E-04
3.854928,1.831064E-04,-2.441425E-04,-.001
3.855928,4.196186E-04,-1.907358E-04,.001
3.856929,5.264319E-04,-2.670307E-04,-3.66667E-03
3.857929,3.204364E-04,-8.392381E-05,-6.66667E-04
3.85893,-2.365122E-04,2.28883E-05,-.001
3.85993,-8.392381E-05,1.831064E-04,6.66667E-04
3.86093,-2.899189E-04,-1.907358E-04,-.001
3.861931,-4.27248E-04,-4.57766E-05,.001
3.862931,-5.569495E-04,2.822895E-04,-.001
3.863932,-2.746601E-04,7.629453E-06,-6.66667E-04
3.864933,-1.06812E-04,-2.13624E-04,-.001
3.865933,1.449594E-04,-5.340613E-04,6.66667E-04
3.866934,7.629453E-06,-5.340613E-04,-.001
3.867934,-3.50954E-04,-4.501361E-04,-.001
3.868935,-5.569495E-04,-2.288828E-04,-.001
3.869935,-1.220712E-04,-1.525888E-04,-.001
3.870935,2.365122E-04,-1.678476E-04,6.66667E-04
3.871936,-5.340599E-05,0,2.33333E-03
3.872936,-1.75477E-04,-1.144414E-04,6.66667E-04
3.873937,1.3733E-04,-1.06812E-04,6.66667E-04
3.874938,4.119892E-04,1.525891E-05,-6.66667E-04
3.875938,-7.629453E-06,2.059946E-04,-.002
3.876939,-1.3733E-04,2.594013E-04,6.66667E-04
3.877939,2.059946E-04,2.975482E-04,-.002
3.87894,3.12807E-04,-5.340599E-05,-.001
3.87994,4.119892E-04,-1.602182E-04,-2.33333E-03
3.88094,5.416907E-04,1.525888E-04,-.002
3.881941,5.416907E-04,-7.629441E-05,-6.66667E-04
3.882941,5.950965E-04,-1.06812E-04,.001
3.883942,2.822895E-04,2.517719E-04,-6.66667E-04
3.884943,3.356952E-04,4.730243E-04,2.33333E-03
3.885943,3.662128E-04,5.188026E-04,-6.66667E-04
3.886944,2.899189E-04,6.256141E-04,-6.66667E-04
3.887944,3.280658E-04,6.561317E-04,-.002
3.888945,3.585834E-04,3.204364E-04,-6.66667E-04
3.889945,3.585834E-04,7.629441E-05,.002
3.890945,9.15532E-05,9.918259E-05,.001
3.891946,3.280658E-04,2.746601E-04,.001
3.892946,3.12807E-04,-1.678476E-04,-6.66667E-04
3.893947,3.204364E-04,-3.204364E-04,.001
3.894948,3.814716E-04,1.602182E-04,6.66667E-04
3.895948,1.525891E-05,4.119892E-04,-.001
3.896949,-1.525888E-04,4.88285E-04,.001
3.897949,-3.051776E-04,5.874671E-04,-6.66667E-04
3.89895,-2.822895E-04,5.493201E-04,-6.66667E-04
3.89995,6.103562E-05,2.13624E-04,-.002
3.90095,2.365122E-04,3.814716E-04,-.001
3.901951,4.959144E-04,6.408729E-04,.001
3.902952,2.899189E-04,6.942786E-04,-.002
3.903952,3.585834E-04,1.831064E-04,-.001
3.904953,3.204364E-04,-3.356952E-04,.002
3.905953,2.746601E-04,-1.602182E-04,.001
3.906954,2.059946E-04,-5.340599E-05,6.66667E-04
3.907954,1.06812E-04,-3.738422E-04,6.66667E-04
3.908955,4.57766E-05,-5.722083E-04,6.66667E-04
3.909955,-2.13624E-04,-4.119892E-04,-.002
3.910955,-2.28883E-05,-3.12807E-04,-.002
3.911956,-2.28883E-05,-4.119892E-04,6.66667E-04
3.912957,1.449594E-04,-4.806537E-04,.001
3.913957,3.051776E-04,-1.144414E-04,6.66667E-04
3.914958,1.907358E-04,-1.525888E-04,.002
3.915958,6.332435E-04,1.907358E-04,-6.66667E-04
3.916959,7.934608E-04,3.814721E-05,-.002
3.917959,3.967304E-04,1.831064E-04,-.004
3.91896,2.059946E-04,3.967304E-04,-.001
3.91996,1.831064E-04,2.517719E-04,6.66667E-04
3.92096,2.13624E-04,0,6.66667E-04
3.921961,2.059946E-04,9.15532E-05,.001
3.922962,4.730243E-04,-1.06812E-04,-.001
3.923962,6.179847E-04,-1.75477E-04,-.002
3.924963,3.662128E-04,-1.602182E-04,6.66667E-04
3.925963,4.57766E-05,-3.433246E-04,-.002
3.926964,2.594013E-04,-3.662128E-04,-3.66667E-03
3.927964,5.340599E-05,-2.822895E-04,.001
3.928965,-6.866502E-05,-2.517719E-04,-6.66667E-04
3.929965,1.525888E-04,6.866502E-05,-6.66667E-04
3.930965,1.3733E-04,2.899189E-04,.001
3.931966,-5.340599E-05,3.738422E-04,-.001
3.932967,-1.06812E-04,3.89101E-04,-3.66667E-03
3.933967,-3.814721E-05,4.196186E-04,.001
3.934968,-2.28883E-05,3.051776E-04,6.66667E-04
3.935968,-7.629453E-06,1.831064E-04,6.66667E-04
3.936969,0,5.340599E-05,.002
3.937969,-1.220712E-04,-1.525891E-05,-.002
3.93897,4.57766E-05,-1.144414E-04,-.001
3.93997,9.15532E-05,5.340599E-05,.001
3.94097,-1.297006E-04,4.57766E-05,-6.66667E-04
3.941971,-4.043598E-04,3.814721E-05,-.002
3.942972,-6.256141E-04,1.525888E-04,-6.66667E-04
3.943972,-3.738422E-04,-6.103562E-05,.001
3.944973,-1.983652E-04,2.594013E-04,-3.66667E-03
3.945973,-1.297006E-04,2.746601E-04,-.002
3.946974,3.051781E-05,3.12807E-04,6.66667E-04
3.947974,1.144414E-04,-5.340599E-05,6.66667E-04
3.948975,1.449594E-04,-4.27248E-04,6.66667E-04
3.949975,-1.602182E-04,-4.959144E-04,.001
3.950975,-6.561317E-04,-4.57766E-05,.001
3.951976,-4.730243E-04,1.3733E-04,-6.66667E-04
3.952977,-4.577655E-04,2.670307E-04,.001
3.953977,-1.831064E-04,1.06812E-04,-6.66667E-04
3.954978,0,2.594013E-04,-.001
3.955978,1.220712E-04,1.907358E-04,-6.66667E-04
3.956979,2.517719E-04,-2.212534E-04,-6.66667E-04
3.957979,3.12807E-04,-3.738422E-04,-6.66667E-04
3.95898,-5.340599E-05,-2.899189E-04,-.002
3.95998,1.220712E-04,-3.967304E-04,6.66667E-04
3.96098,4.196186E-04,-4.806537E-04,-.001
3.961981,2.822895E-04,-2.212534E-04,-.001
3.962982,9.918259E-05,-5.340599E-05,-6.66667E-04
3.963982,-2.365122E-04,1.831064E-04,-6.66667E-04
3.964983,-2.746601E-04,3.814721E-05,-6.66667E-04
3.965983,1.144414E-04,-7.629453E-06,-.001
3.966984,1.907358E-04,1.144414E-04,-6.66667E-04
3.967984,2.822895E-04,2.059946E-04,-.001
3.968985,2.822895E-04,1.602182E-04,-6.66667E-04
3.969985,6.179847E-04,-1.297006E-04,-.002
3.970985,0,-3.967304E-04,-.001
3.971986,-5.340599E-05,-2.441425E-04,-.001
3.972987,7.629453E-06,-2.212534E-04,-.001
3.973987,1.449594E-04,6.103562E-05,-.001
3.974988,4.196186E-04,-4.88285E-04,-.001
3.975988,3.662128E-04,-4.806537E-04,-6.66667E-04
3.976989,4.88285E-04,-5.569495E-04,.001
3.977989,2.13624E-04,-4.806537E-04,-6.66667E-04
3.97899,1.220712E-04,-2.975482E-04,-.001
3.97999,-1.525891E-05,6.866502E-05,-.001
3.98099,-9.15532E-05,-9.918259E-05,.001
3.981991,-3.814721E-05,-1.602182E-04,-6.66667E-04
3.982992,-1.06812E-04,-8.392381E-05,-.001
3.983992,-1.602182E-04,9.918259E-05,-6.66667E-04
3.984993,-3.051781E-05,-2.212534E-04,-6.66667E-04
3.985993,2.670307E-04,-3.051776E-04,6.66667E-04
3.986994,4.959144E-04,-7.629441E-05,-.001
3.987994,6.790198E-04,1.602182E-04,-.001
3.988995,5.264319E-04,-1.144414E-04,-6.66667E-04
3.989995,6.256141E-04,-3.051776E-04,-6.66667E-04
3.990995,3.280658E-04,0,-.002
3.991996,2.441425E-04,1.220712E-04,6.66667E-04
3.992997,2.899189E-04,7.629453E-06,-6.66667E-04
3.993997,2.13624E-04,-2.13624E-04,-.001
3.994998,2.670307E-04,-4.730243E-04,-6.66667E-04
3.995998,9.918259E-05,-5.111732E-04,-6.66667E-04
3.996999,-3.051781E-05,-3.280658E-04,-2.33333E-03
3.997999,-3.204364E-04,-1.602182E-04,-3.66667E-03
3.999,-1.449594E-04,-2.441425E-04,6.66667E-04
4,-2.13624E-04,0,-.001
