"c:\users\esrlabn1\desktop\bence\ir_spectroscopy\532nm_odmr\magnet_map_2_680nm\218.dat  ---  04-28-2026 01:11:42"
""
"cavityli 20 2 4 2000 1 0 0"
"                             ;                             ;seth_xesr_precise 73.95 1 0 -0.36692759295499044"
"setlockin 188.67 0.004 0 0.03 0.2"
4,2000
2,-3.738422E-04,3.89101E-04,6.66667E-04
2.001,-1.449594E-04,-1.144414E-04,-.002
2.002001,2.28883E-05,-9.918259E-05,-.001
2.003001,1.06812E-04,-2.13624E-04,-2.33333E-03
2.004002,-4.196186E-04,-5.264319E-04,.001
2.005002,-2.212534E-04,-1.907358E-04,-6.66667E-04
2.006003,-1.602182E-04,-1.06812E-04,.002
2.007004,1.220712E-04,-1.525888E-04,-.002
2.008004,2.059946E-04,2.670307E-04,.001
2.009005,0,-1.449594E-04,-6.66667E-04
2.010005,-1.983652E-04,-3.50954E-04,-6.66667E-04
2.011005,-3.89101E-04,-7.095374E-04,-3.66667E-03
2.012006,-3.50954E-04,-3.738422E-04,6.66667E-04
2.013006,7.629453E-06,-1.602182E-04,-.001
2.014007,3.12807E-04,7.629441E-05,-6.66667E-04
2.015007,4.730243E-04,4.57766E-05,-6.66667E-04
2.016008,2.746601E-04,6.866502E-05,-.002
2.017009,-1.525891E-05,3.051781E-05,.001
2.018009,-1.3733E-04,-3.433246E-04,-.001
2.01901,1.831064E-04,-2.670307E-04,-.001
2.02001,9.15532E-05,-3.814721E-05,6.66667E-04
2.02101,5.340599E-05,0,.001
2.022011,5.111732E-04,2.059946E-04,3.66667E-03
2.023011,7.324256E-04,6.332435E-04,-2.33333E-03
2.024012,7.324256E-04,3.814716E-04,-.001
2.025012,3.12807E-04,1.06812E-04,6.66667E-04
2.026013,-7.629453E-06,9.15532E-05,.001
2.027014,1.220712E-04,-1.06812E-04,-2.33333E-03
2.028014,3.280658E-04,-9.918259E-05,-.001
2.029015,3.738422E-04,8.392381E-05,-6.66667E-04
2.030015,2.441425E-04,3.12807E-04,-2.33333E-03
2.031015,2.365122E-04,5.645789E-04,-.002
2.032016,3.662128E-04,4.501361E-04,-.002
2.033016,8.392381E-05,8.392381E-05,-.002
2.034017,-5.340599E-05,-3.738422E-04,-.002
2.035017,-3.051781E-05,-4.806537E-04,-.001
2.036018,-4.57766E-05,-2.594013E-04,6.66667E-04
2.037019,-1.602182E-04,-2.13624E-04,.001
2.038019,-4.806537E-04,9.15532E-05,-.001
2.03902,-9.15532E-05,1.75477E-04,.001
2.04002,1.831064E-04,8.392381E-05,-.002
2.04102,2.288828E-04,3.814721E-05,-.002
2.042021,2.059946E-04,2.365122E-04,-2.33333E-03
2.043021,4.57766E-05,2.13624E-04,-.001
2.044022,3.051781E-05,-3.662128E-04,6.66667E-04
2.045022,-1.220712E-04,-5.340613E-04,-.001
2.046023,2.212534E-04,3.814721E-05,-6.66667E-04
2.047024,2.670307E-04,9.918259E-05,-6.66667E-04
2.048024,4.730243E-04,2.517719E-04,-3.66667E-03
2.049025,3.356952E-04,9.918259E-05,.001
2.050025,4.806537E-04,-4.57766E-05,6.66667E-04
2.051026,2.441425E-04,-1.449594E-04,-6.66667E-04
2.052026,1.75477E-04,6.866502E-05,6.66667E-04
2.053026,2.288828E-04,2.670307E-04,-6.66667E-04
2.054027,2.13624E-04,-3.051781E-05,-.001
2.055027,2.13624E-04,-4.425067E-04,-6.66667E-04
2.056028,2.059946E-04,-3.051776E-04,-.001
2.057029,3.662128E-04,-1.602182E-04,6.66667E-04
2.058029,4.27248E-04,-1.449594E-04,-.001
2.05903,4.043598E-04,-3.50954E-04,-.002
2.06003,4.501361E-04,-2.670307E-04,-6.66667E-04
2.061031,1.449594E-04,4.57766E-05,-6.66667E-04
2.062031,-1.3733E-04,4.57766E-05,-2.33333E-03
2.063031,2.517719E-04,0,-.002
2.064032,1.907358E-04,-6.103562E-05,-.001
2.065032,-1.602182E-04,2.13624E-04,-.001
2.066033,9.15532E-05,2.288828E-04,-6.66667E-04
2.067034,2.13624E-04,-2.288828E-04,-6.66667E-04
2.068034,-7.629453E-06,-2.899189E-04,.001
2.069035,-4.57766E-05,-1.525891E-05,-.002
2.070035,3.051776E-04,2.288828E-04,-6.66667E-04
2.071036,5.493201E-04,1.144414E-04,.001
2.072036,3.662128E-04,-7.629453E-06,-.002
2.073036,1.602182E-04,1.449594E-04,-6.66667E-04
2.074037,2.059946E-04,2.670307E-04,-.002
2.075037,1.75477E-04,0,-6.66667E-04
2.076038,-5.340599E-05,-4.57766E-05,-.002
2.077039,-1.831064E-04,-1.602182E-04,6.66667E-04
2.078039,9.918259E-05,-2.822895E-04,.001
2.07904,5.798377E-04,-1.06812E-04,-.001
2.08004,3.433246E-04,6.866502E-05,-.001
2.081041,9.918259E-05,-1.297006E-04,-.001
2.082041,-8.392381E-05,-1.220712E-04,-6.66667E-04
2.083041,-5.645789E-04,-1.602182E-04,-.001
2.084042,-3.50954E-04,-1.983652E-04,-6.66667E-04
2.085042,-1.678476E-04,-1.297006E-04,-.002
2.086043,-7.629453E-06,-1.602182E-04,-.002
2.087044,7.629453E-06,1.297006E-04,-6.66667E-04
2.088044,-1.449594E-04,3.12807E-04,-.001
2.089045,-2.13624E-04,3.12807E-04,-.001
2.090045,7.629453E-06,2.746601E-04,-2.33333E-03
2.091046,2.594013E-04,3.051781E-05,-6.66667E-04
2.092046,2.365122E-04,9.15532E-05,6.66667E-04
2.093046,3.662128E-04,-4.57766E-05,-.001
2.094047,3.051781E-05,-3.356952E-04,6.66667E-04
2.095047,0,-7.629453E-06,-.001
2.096048,3.051781E-05,3.356952E-04,-.001
2.097049,9.918259E-05,4.27248E-04,-3.66667E-03
2.098049,1.678476E-04,4.653949E-04,-6.66667E-04
2.09905,2.288828E-04,4.501361E-04,3.66667E-03
2.10005,2.594013E-04,9.918259E-05,-.002
2.101051,2.899189E-04,-2.899189E-04,-.001
2.102051,3.356952E-04,1.144414E-04,-.001
2.103051,4.959144E-04,1.831064E-04,6.66667E-04
2.104052,4.88285E-04,1.525888E-04,-2.33333E-03
2.105052,9.918259E-05,9.918259E-05,-.002
2.106053,2.899189E-04,3.433246E-04,-2.33333E-03
2.107054,4.57766E-05,6.103562E-05,-.002
2.108054,2.212534E-04,-1.525888E-04,.001
2.109055,8.392381E-05,-1.525891E-05,-2.33333E-03
2.110055,1.144414E-04,1.831064E-04,-.001
2.111056,5.340599E-05,3.356952E-04,-6.66667E-04
2.112056,-1.449594E-04,2.594013E-04,-.001
2.113056,-2.670307E-04,4.348774E-04,-.001
2.114057,-2.13624E-04,1.297006E-04,.001
2.115057,-2.822895E-04,-1.602182E-04,-.002
2.116058,-6.103562E-05,-3.738422E-04,6.66667E-04
2.117059,-9.15532E-05,-3.814716E-04,-.001
2.118059,1.75477E-04,-5.340599E-05,-.001
2.11906,1.220712E-04,1.907358E-04,.002
2.12006,6.103562E-05,2.059946E-04,.001
2.121061,3.585834E-04,2.594013E-04,-6.66667E-04
2.122061,6.866502E-05,3.89101E-04,2.33333E-03
2.123062,-2.28883E-05,5.798377E-04,-6.66667E-04
2.124062,0,5.798377E-04,6.66667E-04
2.125062,1.678476E-04,1.983652E-04,-.001
2.126063,6.866502E-05,9.918259E-05,-.001
2.127064,4.959144E-04,1.449594E-04,-.002
2.128064,7.78202E-04,1.449594E-04,.001
2.129065,7.40055E-04,3.051776E-04,-.002
2.130065,1.220712E-04,1.525888E-04,6.66667E-04
2.131066,1.75477E-04,2.594013E-04,6.66667E-04
2.132066,1.907358E-04,-1.525891E-05,6.66667E-04
2.133067,3.12807E-04,-3.738422E-04,-.001
2.134067,4.577655E-04,-7.476844E-04,-6.66667E-04
2.135067,2.746601E-04,-3.814716E-04,-.001
2.136068,9.918259E-05,-5.340599E-05,.001
2.137069,-2.441425E-04,-5.340599E-05,-.001
2.138069,-3.051781E-05,-3.814721E-05,6.66667E-04
2.13907,8.392381E-05,-2.13624E-04,-.002
2.14007,1.3733E-04,-3.814721E-05,-.004
2.141071,2.517719E-04,1.525888E-04,-.002
2.142071,1.831064E-04,3.814716E-04,-6.66667E-04
2.143072,5.950965E-04,5.569495E-04,-6.66667E-04
2.144072,4.119892E-04,5.416907E-04,-.001
2.145072,3.12807E-04,2.594013E-04,.001
2.146073,1.907358E-04,1.907358E-04,-.001
2.147074,2.822895E-04,3.204364E-04,.001
2.148074,5.188026E-04,-3.051781E-05,-6.66667E-04
2.149075,4.730243E-04,-1.983652E-04,-6.66667E-04
2.150075,2.28883E-05,-3.814716E-04,.001
2.151076,2.212534E-04,-4.57766E-05,6.66667E-04
2.152076,-1.602182E-04,9.918259E-05,-6.66667E-04
2.153077,2.441425E-04,2.594013E-04,.001
2.154077,-2.975482E-04,-3.051781E-05,-6.66667E-04
2.155077,-9.15532E-05,-1.3733E-04,-6.66667E-04
2.156078,3.204364E-04,-1.06812E-04,.001
2.157079,2.594013E-04,3.051781E-05,-.001
2.158079,3.585834E-04,7.629453E-06,-6.66667E-04
2.15908,1.907358E-04,1.831064E-04,6.66667E-04
2.16008,3.738422E-04,1.3733E-04,6.66667E-04
2.161081,2.517719E-04,4.577655E-04,.001
2.162081,-5.340599E-05,4.88285E-04,-.002
2.163082,-2.975482E-04,2.670307E-04,-6.66667E-04
2.164082,-4.348774E-04,9.918259E-05,-.002
2.165082,-4.806537E-04,-3.585834E-04,-6.66667E-04
2.166083,-4.425067E-04,-4.425067E-04,-2.33333E-03
2.167084,-2.288828E-04,-1.602182E-04,6.66667E-04
2.168084,-7.629441E-05,6.103562E-05,6.66667E-04
2.169085,-9.15532E-05,2.899189E-04,6.66667E-04
2.170085,1.06812E-04,-1.525891E-05,.001
2.171086,3.051781E-05,-1.449594E-04,6.66667E-04
2.172086,6.866502E-05,-2.13624E-04,-6.66667E-04
2.173087,5.111732E-04,4.57766E-05,.002
2.174087,4.196186E-04,-2.13624E-04,.002
2.175087,3.662128E-04,-4.119892E-04,-6.66667E-04
2.176088,2.059946E-04,-2.746601E-04,-2.33333E-03
2.177088,4.57766E-05,-3.814721E-05,-.001
2.178089,2.28883E-05,8.392381E-05,6.66667E-04
2.17909,-2.441425E-04,2.059946E-04,-6.66667E-04
2.18009,-1.602182E-04,2.13624E-04,6.66667E-04
2.181091,-1.525888E-04,3.738422E-04,-.001
2.182091,4.57766E-05,6.790198E-04,6.66667E-04
2.183092,1.678476E-04,4.806537E-04,-.001
2.184092,1.602182E-04,3.433246E-04,-.002
2.185092,-3.204364E-04,4.57766E-05,-.001
2.186093,-5.416907E-04,-7.629441E-05,.001
2.187093,-9.15532E-05,-3.89101E-04,-.001
2.188094,6.103562E-05,-5.264319E-04,-.001
2.189095,3.814721E-05,-4.653949E-04,-.001
2.190095,3.051781E-05,-3.433246E-04,.001
2.191096,-1.525891E-05,-5.493201E-04,-6.66667E-04
2.192096,-3.051781E-05,-3.12807E-04,6.66667E-04
2.193097,-6.103562E-05,-1.144414E-04,6.66667E-04
2.194097,-1.06812E-04,-2.13624E-04,-.002
2.195097,-4.57766E-05,-6.103562E-05,6.66667E-04
2.196098,1.678476E-04,4.043598E-04,-6.66667E-04
2.197098,5.264319E-04,5.264319E-04,-.002
2.198099,5.493201E-04,5.416907E-04,.001
2.1991,4.348774E-04,2.594013E-04,-.001
2.2001,5.264319E-04,-2.212534E-04,-2.33333E-03
2.201101,2.059946E-04,-3.051776E-04,-.001
2.202101,-2.517719E-04,1.297006E-04,6.66667E-04
2.203102,1.525888E-04,1.220712E-04,-6.66667E-04
2.204102,2.212534E-04,1.3733E-04,-6.66667E-04
2.205102,2.594013E-04,1.907358E-04,-6.66667E-04
2.206103,1.06812E-04,-7.629453E-06,-.001
2.207103,4.57766E-05,1.831064E-04,.001
2.208104,1.297006E-04,3.12807E-04,2.33333E-03
2.209105,-2.28883E-05,2.975482E-04,-6.66667E-04
2.210105,-1.06812E-04,1.525888E-04,-6.66667E-04
2.211106,-5.188026E-04,-5.340599E-05,-.002
2.212106,-3.356952E-04,-5.340599E-05,-2.33333E-03
2.213107,3.051781E-05,-2.899189E-04,6.66667E-04
2.214107,1.525891E-05,-2.212534E-04,-6.66667E-04
2.215107,-2.517719E-04,-1.144414E-04,-.001
2.216108,-4.348774E-04,0,-6.66667E-04
2.217108,-4.27248E-04,0,-3.66667E-03
2.218109,-3.662128E-04,-2.13624E-04,-2.33333E-03
2.21911,-6.561317E-04,-4.806537E-04,-.001
2.22011,-8.239783E-04,-2.975482E-04,-6.66667E-04
2.221111,-7.247962E-04,0,-6.66667E-04
2.222111,-3.051781E-05,3.051781E-05,-6.66667E-04
2.223112,6.103562E-05,6.866502E-05,-.001
2.224112,1.06812E-04,-8.392381E-05,6.66667E-04
2.225112,3.662128E-04,1.602182E-04,-6.66667E-04
2.226113,3.967304E-04,1.75477E-04,6.66667E-04
2.227113,-5.340599E-05,-3.662128E-04,.001
2.228114,-3.051776E-04,-3.738422E-04,-2.33333E-03
2.229115,-1.907358E-04,-4.27248E-04,-.001
2.230115,-6.103562E-05,-5.111732E-04,-.002
2.231116,7.629453E-06,-4.348774E-04,-6.66667E-04
2.232116,1.144414E-04,-1.220712E-04,-.001
2.233117,-1.144414E-04,1.525891E-05,6.66667E-04
2.234117,-1.220712E-04,4.577655E-04,6.66667E-04
2.235118,-1.907358E-04,6.561317E-04,.001
2.236118,-8.392381E-05,9.918259E-05,6.66667E-04
2.237118,-1.220712E-04,1.449594E-04,-6.66667E-04
2.238119,-1.831064E-04,-5.340599E-05,-6.66667E-04
2.23912,-1.602182E-04,-2.670307E-04,.001
2.24012,-2.746601E-04,-5.798377E-04,-.002
2.241121,-3.738422E-04,-3.280658E-04,-6.66667E-04
2.242121,-9.918259E-05,-2.594013E-04,-2.33333E-03
2.243122,8.392381E-05,-2.975482E-04,-6.66667E-04
2.244122,-8.392381E-05,-1.983652E-04,-6.66667E-04
2.245123,2.517719E-04,1.602182E-04,6.66667E-04
2.246123,3.12807E-04,1.525888E-04,-6.66667E-04
2.247123,2.441425E-04,-1.06812E-04,-6.66667E-04
2.248124,2.670307E-04,-1.3733E-04,-6.66667E-04
2.249125,4.27248E-04,-3.814716E-04,6.66667E-04
2.250125,6.179847E-04,-2.517719E-04,-6.66667E-04
2.251126,9.918259E-05,-2.746601E-04,.001
2.252126,-3.814721E-05,-5.874671E-04,.001
2.253127,-4.27248E-04,-4.959144E-04,-.001
2.254127,-2.212534E-04,-1.907358E-04,-.002
2.255128,2.28883E-05,1.3733E-04,-.002
2.256128,-2.670307E-04,-1.449594E-04,.002
2.257128,1.144414E-04,-3.051781E-05,.001
2.258129,8.392381E-05,1.525888E-04,-.002
2.25913,-6.866502E-05,5.340599E-05,6.66667E-04
2.26013,1.678476E-04,-3.051781E-05,-3.66667E-03
2.261131,2.13624E-04,-2.288828E-04,-.001
2.262131,1.449594E-04,-2.517719E-04,-.002
2.263132,5.340599E-05,0,-.001
2.264132,2.975482E-04,1.602182E-04,-6.66667E-04
2.265133,-3.051781E-05,2.212534E-04,.001
2.266133,-2.670307E-04,-5.340599E-05,-6.66667E-04
2.267133,-5.340613E-04,-1.602182E-04,6.66667E-04
2.268134,-5.950965E-04,1.525888E-04,-.001
2.269135,-4.425067E-04,6.866502E-05,-2.33333E-03
2.270135,-4.806537E-04,9.15532E-05,.001
2.271136,-4.119892E-04,5.264319E-04,.002
2.272136,-5.264319E-04,5.264319E-04,-6.66667E-04
2.273137,-4.425067E-04,2.975482E-04,-6.66667E-04
2.274137,-5.798377E-04,-7.629453E-06,-.001
2.275138,-3.585834E-04,2.28883E-05,-.002
2.276138,1.06812E-04,6.866502E-05,-3.66667E-03
2.277139,-5.340599E-05,-6.866502E-05,-.002
2.278139,-1.297006E-04,1.602182E-04,-6.66667E-04
2.27914,4.57766E-05,-2.212534E-04,-.002
2.28014,9.15532E-05,-3.585834E-04,-6.66667E-04
2.281141,2.13624E-04,4.57766E-05,-.002
2.282141,-3.814721E-05,2.975482E-04,.001
2.283142,-2.746601E-04,2.822895E-04,-.002
2.284142,-5.722083E-04,1.449594E-04,-6.66667E-04
2.285143,-5.722083E-04,1.525891E-05,.001
2.286143,-1.75477E-04,2.899189E-04,-6.66667E-04
2.287144,-1.144414E-04,3.814721E-05,-.002
2.288144,1.602182E-04,6.866502E-05,.001
2.289145,5.950965E-04,3.662128E-04,-.002
2.290145,9.15532E-05,4.043598E-04,-6.66667E-04
2.291146,1.449594E-04,2.594013E-04,6.66667E-04
2.292146,2.899189E-04,2.517719E-04,.001
2.293147,6.103553E-04,1.831064E-04,-.001
2.294147,4.959144E-04,1.297006E-04,-2.33333E-03
2.295148,9.918259E-05,-3.051781E-05,-6.66667E-04
2.296148,-1.3733E-04,-3.814716E-04,-.002
2.297149,-1.907358E-04,-2.365122E-04,6.66667E-04
2.298149,-3.051781E-05,-2.13624E-04,-.002
2.29915,2.822895E-04,3.814721E-05,-.002
2.30015,-3.051781E-05,2.212534E-04,.001
2.301151,9.918259E-05,2.899189E-04,-.002
2.302151,-1.220712E-04,3.967304E-04,-6.66667E-04
2.303152,-3.051776E-04,6.866502E-05,-6.66667E-04
2.304152,-2.517719E-04,2.28883E-05,-3.66667E-03
2.305153,-1.3733E-04,-1.3733E-04,-.002
2.306153,9.15532E-05,7.629441E-05,-.001
2.307154,9.918259E-05,3.814716E-04,-6.66667E-04
2.308154,8.392381E-05,3.204364E-04,-6.66667E-04
2.309155,9.918259E-05,3.967304E-04,6.66667E-04
2.310155,-1.297006E-04,2.517719E-04,6.66667E-04
2.311156,-5.569495E-04,2.899189E-04,6.66667E-04
2.312156,-5.264319E-04,3.738422E-04,-.002
2.313157,-3.433246E-04,2.441425E-04,6.66667E-04
2.314157,-7.629441E-05,1.297006E-04,6.66667E-04
2.315158,-2.13624E-04,1.06812E-04,6.66667E-04
2.316158,-1.3733E-04,9.15532E-05,.001
2.317159,1.525891E-05,1.678476E-04,-.001
2.318159,-1.525891E-05,-6.103562E-05,.001
2.31916,-2.288828E-04,2.28883E-05,.001
2.32016,-7.629453E-06,8.392381E-05,6.66667E-04
2.321161,4.57766E-05,3.814721E-05,-6.66667E-04
2.322161,2.13624E-04,-4.806537E-04,-.001
2.323162,9.918259E-05,-3.89101E-04,-.002
2.324162,9.918259E-05,-1.525891E-05,.002
2.325163,-1.144414E-04,6.866502E-05,.001
2.326163,-2.212534E-04,2.059946E-04,6.66667E-04
2.327164,-1.220712E-04,6.866502E-05,-3.66667E-03
2.328164,2.594013E-04,0,-6.66667E-04
2.329165,5.035438E-04,1.144414E-04,-6.66667E-04
2.330165,4.577655E-04,2.28883E-05,.001
2.331166,3.814721E-05,7.629453E-06,6.66667E-04
2.332166,1.678476E-04,-9.918259E-05,-6.66667E-04
2.333167,4.730243E-04,1.983652E-04,-2.33333E-03
2.334167,2.822895E-04,2.212534E-04,-6.66667E-04
2.335168,-4.57766E-05,0,6.66667E-04
2.336168,1.06812E-04,-2.288828E-04,6.66667E-04
2.337169,1.144414E-04,-2.28883E-05,.002
2.338169,3.585834E-04,-1.06812E-04,-.001
2.33917,4.57766E-05,3.051781E-05,6.66667E-04
2.34017,-1.297006E-04,-1.831064E-04,-.001
2.341171,-5.340613E-04,-1.907358E-04,-.001
2.342171,-5.340599E-05,-1.602182E-04,-6.66667E-04
2.343172,3.204364E-04,1.144414E-04,-3.66667E-03
2.344172,5.188026E-04,1.449594E-04,6.66667E-04
2.345173,5.493201E-04,-4.27248E-04,6.66667E-04
2.346173,4.348774E-04,-6.179847E-04,-.001
2.347174,3.738422E-04,-5.264319E-04,-.001
2.348174,2.441425E-04,-2.059946E-04,6.66667E-04
2.349174,2.13624E-04,-2.822895E-04,.001
2.350175,1.75477E-04,-2.288828E-04,.001
2.351176,-1.907358E-04,4.57766E-05,6.66667E-04
2.352176,-5.340613E-04,3.433246E-04,-6.66667E-04
2.353177,-3.204364E-04,2.365122E-04,-.001
2.354177,4.348774E-04,4.806537E-04,-6.66667E-04
2.355178,4.730243E-04,4.959144E-04,6.66667E-04
2.356178,1.983652E-04,4.730243E-04,6.66667E-04
2.357179,-1.3733E-04,5.188026E-04,-6.66667E-04
2.358179,1.75477E-04,5.569495E-04,.002
2.359179,-1.06812E-04,4.501361E-04,-.001
2.36018,-9.15532E-05,3.433246E-04,6.66667E-04
2.361181,2.13624E-04,1.525891E-05,-.002
2.362181,1.907358E-04,1.220712E-04,-.002
2.363182,4.348774E-04,4.348774E-04,-.002
2.364182,1.75477E-04,5.645789E-04,.001
2.365183,2.28883E-05,6.256141E-04,-.001
2.366183,-2.365122E-04,3.585834E-04,-2.33333E-03
2.367184,-5.035438E-04,2.899189E-04,2.33333E-03
2.368184,-4.043598E-04,1.449594E-04,.001
2.369184,-3.738422E-04,-5.340599E-05,6.66667E-04
2.370185,-1.449594E-04,-1.3733E-04,-6.66667E-04
2.371186,8.392381E-05,1.3733E-04,.001
2.372186,7.629453E-06,9.15532E-05,.001
2.373187,6.866502E-05,8.392381E-05,6.66667E-04
2.374187,-5.340599E-05,2.365122E-04,-.002
2.375188,-2.13624E-04,3.662128E-04,.001
2.376188,-2.517719E-04,3.051776E-04,-.001
2.377189,-2.212534E-04,1.525891E-05,-6.66667E-04
2.378189,-7.476844E-04,-1.525891E-05,-.001
2.379189,-5.722083E-04,-9.15532E-05,-6.66667E-04
2.38019,-4.577655E-04,-2.288828E-04,-.001
2.381191,-2.670307E-04,-3.433246E-04,-.001
2.382191,-1.449594E-04,-2.670307E-04,.001
2.383192,2.059946E-04,-7.629453E-06,-6.66667E-04
2.384192,4.57766E-05,3.433246E-04,-6.66667E-04
2.385193,-1.220712E-04,3.204364E-04,.001
2.386193,-1.678476E-04,4.196186E-04,-6.66667E-04
2.387194,-1.525891E-05,1.06812E-04,.001
2.388194,3.051781E-05,-1.602182E-04,.001
2.389194,2.059946E-04,-1.297006E-04,-.002
2.390195,0,7.629441E-05,-.002
2.391196,1.983652E-04,2.746601E-04,6.66667E-04
2.392196,-3.051781E-05,2.059946E-04,-6.66667E-04
2.393197,-3.204364E-04,2.594013E-04,-6.66667E-04
2.394197,-3.433246E-04,7.629453E-06,6.66667E-04
2.395198,-3.433246E-04,1.525888E-04,-.001
2.396198,-3.89101E-04,2.746601E-04,-.002
2.397199,-7.629453E-06,-1.3733E-04,-.001
2.398199,3.433246E-04,-1.602182E-04,-.002
2.399199,-7.629453E-06,-3.814721E-05,-.001
2.4002,-1.602182E-04,-3.814721E-05,-6.66667E-04
2.401201,0,-1.449594E-04,6.66667E-04
2.402201,-1.449594E-04,2.441425E-04,.001
2.403202,-6.103562E-05,4.425067E-04,-2.33333E-03
2.404202,1.525888E-04,3.814716E-04,.002
2.405203,2.13624E-04,4.425067E-04,.001
2.406203,2.594013E-04,6.027259E-04,-6.66667E-04
2.407204,-1.3733E-04,5.264319E-04,-.002
2.408204,-4.348774E-04,4.959144E-04,6.66667E-04
2.409204,-5.340599E-05,5.264319E-04,-.001
2.410205,1.220712E-04,4.88285E-04,6.66667E-04
2.411206,4.57766E-05,6.63761E-04,.001
2.412206,-2.059946E-04,4.119892E-04,-.002
2.413207,-9.918259E-05,3.051776E-04,-.001
2.414207,3.051781E-05,2.13624E-04,-.002
2.415208,2.288828E-04,4.57766E-05,-6.66667E-04
2.416208,1.75477E-04,3.12807E-04,-.001
2.417209,-1.602182E-04,4.043598E-04,6.66667E-04
2.418209,-5.645789E-04,6.179847E-04,-.002
2.41921,-3.204364E-04,3.662128E-04,-6.66667E-04
2.42021,-5.569495E-04,2.365122E-04,-6.66667E-04
2.421211,-1.907358E-04,4.119892E-04,-2.33333E-03
2.422211,1.3733E-04,4.88285E-04,6.66667E-04
2.423212,6.866502E-05,3.50954E-04,-6.66667E-04
2.424212,-7.629441E-05,2.975482E-04,-6.66667E-04
2.425213,-9.918259E-05,1.525888E-04,6.66667E-04
2.426213,-1.3733E-04,4.730243E-04,-.001
2.427214,-4.425067E-04,1.678476E-04,-3.66667E-03
2.428214,-6.027259E-04,2.059946E-04,-.002
2.429215,-1.831064E-04,2.441425E-04,-6.66667E-04
2.430215,-2.28883E-05,3.051776E-04,-.002
2.431216,-2.517719E-04,9.918259E-05,-.001
2.432216,-1.602182E-04,-4.27248E-04,-2.33333E-03
2.433217,7.629453E-06,-4.806537E-04,6.66667E-04
2.434217,0,-1.602182E-04,-6.66667E-04
2.435218,-1.297006E-04,-1.983652E-04,6.66667E-04
2.436218,-1.831064E-04,-5.035438E-04,-6.66667E-04
2.437219,-3.50954E-04,-4.577655E-04,-6.66667E-04
2.438219,-2.670307E-04,-2.670307E-04,-.001
2.43922,-1.06812E-04,-2.28883E-05,6.66667E-04
2.44022,3.814721E-05,3.051776E-04,6.66667E-04
2.441221,1.220712E-04,1.831064E-04,-.001
2.442221,2.822895E-04,5.340599E-05,-.002
2.443222,1.831064E-04,7.629441E-05,.001
2.444222,3.356952E-04,8.392381E-05,-.002
2.445223,0,2.365122E-04,6.66667E-04
2.446223,-1.525888E-04,2.212534E-04,-3.66667E-03
2.447224,4.57766E-05,0,.001
2.448224,1.678476E-04,9.918259E-05,-2.33333E-03
2.449225,-2.13624E-04,1.06812E-04,.002
2.450225,-5.264319E-04,3.814721E-05,-.001
2.451226,-7.629453E-06,-3.204364E-04,-6.66667E-04
2.452226,3.89101E-04,-5.340613E-04,-6.66667E-04
2.453227,4.043598E-04,-4.959144E-04,6.66667E-04
2.454227,5.416907E-04,-4.730243E-04,.001
2.455228,4.806537E-04,-4.88285E-04,-6.66667E-04
2.456228,4.730243E-04,-5.035438E-04,-6.66667E-04
2.457229,5.950965E-04,-2.746601E-04,-6.66667E-04
2.458229,4.425067E-04,-4.119892E-04,-3.66667E-03
2.45923,3.814716E-04,-1.907358E-04,6.66667E-04
2.46023,-6.866502E-05,-2.059946E-04,-3.66667E-03
2.461231,-1.678476E-04,-5.340599E-05,-3.66667E-03
2.462231,2.059946E-04,-3.814721E-05,-2.33333E-03
2.463232,9.918259E-05,-1.449594E-04,-6.66667E-04
2.464232,-2.288828E-04,-9.15532E-05,-.002
2.465233,-3.280658E-04,1.297006E-04,-6.66667E-04
2.466233,-9.918259E-05,9.918259E-05,-2.33333E-03
2.467234,2.212534E-04,-2.28883E-05,-.001
2.468234,1.525888E-04,3.356952E-04,-.002
2.469235,-9.15532E-05,2.670307E-04,.001
2.470235,-1.220712E-04,1.220712E-04,6.66667E-04
2.471236,-1.220712E-04,4.348774E-04,-6.66667E-04
2.472236,-7.629441E-05,8.392381E-05,-.001
2.473237,1.678476E-04,2.28883E-05,-.002
2.474237,5.722083E-04,-2.594013E-04,-3.66667E-03
2.475238,7.629432E-04,-4.119892E-04,-.001
2.476238,9.002723E-04,-3.280658E-04,-.001
2.477239,6.485023E-04,6.103562E-05,-2.33333E-03
2.478239,1.831064E-04,2.059946E-04,-6.66667E-04
2.47924,0,3.051781E-05,-.001
2.48024,1.75477E-04,-3.204364E-04,6.66667E-04
2.481241,3.814716E-04,-4.043598E-04,-.002
2.482241,3.662128E-04,-2.517719E-04,-.001
2.483242,1.831064E-04,-1.525891E-05,-2.33333E-03
2.484242,-1.907358E-04,1.983652E-04,-2.33333E-03
2.485243,-1.525891E-05,2.059946E-04,-.001
2.486243,1.75477E-04,7.629453E-06,-6.66667E-04
2.487244,1.144414E-04,-1.220712E-04,6.66667E-04
2.488244,-2.059946E-04,-1.3733E-04,-.002
2.489245,-2.288828E-04,-1.525891E-05,-.002
2.490245,-8.392381E-05,1.06812E-04,-.001
2.491246,6.866502E-05,-1.297006E-04,-6.66667E-04
2.492246,2.212534E-04,-4.043598E-04,-.001
2.493247,1.144414E-04,-4.348774E-04,-6.66667E-04
2.494247,1.525888E-04,-6.561317E-04,-.001
2.495248,-7.629453E-06,-1.678476E-04,-.001
2.496248,-1.907358E-04,0,6.66667E-04
2.497249,-4.577655E-04,9.15532E-05,-.001
2.498249,-5.340599E-05,2.594013E-04,.001
2.49925,-3.814721E-05,1.449594E-04,.001
2.50025,-7.629453E-06,6.256141E-04,-6.66667E-04
2.501251,2.746601E-04,5.874671E-04,-.001
2.502251,1.602182E-04,2.594013E-04,-6.66667E-04
2.503252,-2.594013E-04,2.899189E-04,.002
2.504252,-3.051781E-05,2.594013E-04,6.66667E-04
2.505253,-1.907358E-04,3.814716E-04,6.66667E-04
2.506253,-1.602182E-04,2.288828E-04,-3.66667E-03
2.507254,-3.204364E-04,3.814721E-05,-.001
2.508254,-1.907358E-04,-3.051781E-05,.002
2.509255,-1.449594E-04,6.103562E-05,-3.66667E-03
2.510255,4.57766E-05,9.918259E-05,-6.66667E-04
2.511256,-3.12807E-04,1.144414E-04,-3.66667E-03
2.512256,-5.569495E-04,9.918259E-05,-.002
2.513257,-2.670307E-04,1.907358E-04,-6.66667E-04
2.514257,2.594013E-04,6.103562E-05,-.002
2.515258,8.392381E-05,3.967304E-04,.001
2.516258,6.866502E-05,5.264319E-04,-6.66667E-04
2.517259,-2.13624E-04,3.662128E-04,-.001
2.518259,-5.340613E-04,1.144414E-04,-6.66667E-04
2.51926,-2.441425E-04,-2.822895E-04,-6.66667E-04
2.52026,-2.441425E-04,-3.89101E-04,-.001
2.521261,-4.501361E-04,-3.204364E-04,-.002
2.522261,-7.629453E-06,-3.356952E-04,-2.33333E-03
2.523262,1.831064E-04,-2.365122E-04,-.002
2.524262,-1.220712E-04,-2.13624E-04,.001
2.525263,-1.907358E-04,-4.348774E-04,6.66667E-04
2.526263,-5.416907E-04,-3.662128E-04,6.66667E-04
2.527264,-2.288828E-04,6.103562E-05,-.001
2.528264,-7.629441E-05,0,6.66667E-04
2.529265,-5.340599E-05,2.594013E-04,-.002
2.530265,-5.340613E-04,2.975482E-04,.002
2.531266,-3.12807E-04,4.577655E-04,6.66667E-04
2.532266,-1.220712E-04,7.629441E-05,6.66667E-04
2.533267,-4.501361E-04,-1.220712E-04,-6.66667E-04
2.534267,-2.13624E-04,6.103562E-05,-6.66667E-04
2.535268,-2.517719E-04,2.288828E-04,.001
2.536268,1.75477E-04,7.629441E-05,-.001
2.537269,3.967304E-04,-8.392381E-05,-6.66667E-04
2.538269,1.449594E-04,-9.15532E-05,.001
2.53927,4.57766E-05,-2.13624E-04,-6.66667E-04
2.54027,9.918259E-05,5.340599E-05,.001
2.541271,2.212534E-04,-2.13624E-04,-.001
2.542271,4.57766E-05,1.220712E-04,-.001
2.543272,-1.831064E-04,3.50954E-04,-6.66667E-04
2.544272,-2.899189E-04,2.441425E-04,-6.66667E-04
2.545273,-1.144414E-04,2.594013E-04,6.66667E-04
2.546273,-6.866502E-05,3.280658E-04,-6.66667E-04
2.547274,1.831064E-04,2.13624E-04,-2.33333E-03
2.548274,2.746601E-04,1.220712E-04,-.001
2.549275,3.280658E-04,-4.577655E-04,-2.33333E-03
2.550275,3.662128E-04,-4.806537E-04,.002
2.551276,8.468665E-04,-4.806537E-04,-.001
2.552276,6.332435E-04,-6.408729E-04,6.66667E-04
2.553277,4.043598E-04,-5.188026E-04,-.002
2.554277,0,-3.051781E-05,-.002
2.555278,1.06812E-04,1.525891E-05,-.002
2.556278,1.75477E-04,-2.13624E-04,-2.33333E-03
2.557279,2.059946E-04,-5.340599E-05,-3.66667E-03
2.558279,3.814721E-05,-2.28883E-05,-6.66667E-04
2.55928,-9.918259E-05,-7.629453E-06,-6.66667E-04
2.56028,-1.678476E-04,4.57766E-05,-6.66667E-04
2.561281,1.678476E-04,3.50954E-04,-6.66667E-04
2.562281,3.12807E-04,-4.57766E-05,.002
2.563282,3.89101E-04,-1.75477E-04,.001
2.564282,3.662128E-04,8.392381E-05,6.66667E-04
2.565283,5.188026E-04,3.738422E-04,.001
2.566283,3.204364E-04,4.959144E-04,-.001
2.567284,9.918259E-05,6.408729E-04,-6.66667E-04
2.568284,-2.517719E-04,4.57766E-05,-.002
2.569285,3.50954E-04,-3.12807E-04,.001
2.570285,3.356952E-04,-3.585834E-04,-2.33333E-03
2.571286,-3.433246E-04,-4.043598E-04,-.001
2.572286,-4.27248E-04,-2.441425E-04,6.66667E-04
2.573287,-1.831064E-04,-1.06812E-04,-6.66667E-04
2.574287,-1.144414E-04,-3.051781E-05,.001
2.575288,2.059946E-04,3.814721E-05,6.66667E-04
2.576288,4.425067E-04,4.57766E-05,.001
2.577289,-1.525891E-05,1.525891E-05,-6.66667E-04
2.578289,-5.645789E-04,1.525888E-04,-.001
2.57929,-2.670307E-04,7.629441E-05,6.66667E-04
2.58029,-1.220712E-04,-2.28883E-05,.001
2.581291,-2.975482E-04,1.297006E-04,-6.66667E-04
2.582291,-3.204364E-04,2.822895E-04,-.001
2.583292,-6.103562E-05,4.653949E-04,.001
2.584292,7.629453E-06,1.75477E-04,-.001
2.585293,8.392381E-05,-9.15532E-05,-6.66667E-04
2.586293,1.220712E-04,3.12807E-04,-.002
2.587294,7.629441E-05,2.670307E-04,.001
2.588294,-1.983652E-04,4.57766E-05,.001
2.589295,-3.356952E-04,-4.57766E-05,-6.66667E-04
2.590295,3.051781E-05,-8.392381E-05,.001
2.591296,3.50954E-04,-8.392381E-05,.001
2.592296,2.441425E-04,-2.517719E-04,-.001
2.593297,3.280658E-04,-3.280658E-04,6.66667E-04
2.594297,2.365122E-04,-3.967304E-04,-.001
2.595298,1.525888E-04,-2.822895E-04,.001
2.596298,5.340599E-05,-3.89101E-04,-.001
2.597299,-1.525888E-04,-4.043598E-04,-6.66667E-04
2.598299,-4.57766E-05,-3.433246E-04,-6.66667E-04
2.5993,-1.525891E-05,-5.340599E-05,-6.66667E-04
2.6003,-1.3733E-04,-2.899189E-04,-.002
2.601301,-2.28883E-05,-1.3733E-04,-6.66667E-04
2.602301,4.57766E-05,-5.340599E-05,6.66667E-04
2.603302,9.918259E-05,6.866502E-05,-.001
2.604302,4.57766E-05,2.746601E-04,-6.66667E-04
2.605303,-2.746601E-04,0,-6.66667E-04
2.606303,-9.918259E-05,1.449594E-04,-6.66667E-04
2.607304,-1.144414E-04,-1.06812E-04,-2.33333E-03
2.608304,-1.75477E-04,-1.831064E-04,.001
2.609305,-5.340599E-05,-4.27248E-04,-6.66667E-04
2.610305,-7.629441E-05,-3.356952E-04,6.66667E-04
2.611306,-2.13624E-04,-1.75477E-04,-.001
2.612306,-3.585834E-04,-3.814716E-04,-.002
2.613307,-3.585834E-04,-3.585834E-04,2.33333E-03
2.614307,-5.340599E-05,-4.348774E-04,-.001
2.615308,-2.441425E-04,-1.831064E-04,-.001
2.616308,-3.051776E-04,-1.449594E-04,-.002
2.617309,2.441425E-04,-2.746601E-04,-6.66667E-04
2.618309,4.196186E-04,-4.806537E-04,-.002
2.61931,5.264319E-04,-2.594013E-04,6.66667E-04
2.62031,4.577655E-04,-1.678476E-04,-.002
2.621311,2.975482E-04,7.629441E-05,-6.66667E-04
2.622311,2.059946E-04,1.602182E-04,-.001
2.623312,3.433246E-04,9.918259E-05,6.66667E-04
2.624312,1.983652E-04,3.814721E-05,6.66667E-04
2.625313,-1.06812E-04,9.918259E-05,2.33333E-03
2.626313,-7.629441E-05,1.525891E-05,-.002
2.627314,-1.3733E-04,1.602182E-04,.001
2.628314,-1.602182E-04,1.144414E-04,.002
2.629315,1.3733E-04,-6.866502E-05,.001
2.630315,-1.525891E-05,2.670307E-04,6.66667E-04
2.631316,-6.866502E-05,3.814716E-04,2.33333E-03
2.632316,2.594013E-04,-2.594013E-04,-6.66667E-04
2.633317,5.569495E-04,-6.027259E-04,.001
2.634317,4.196186E-04,-3.585834E-04,6.66667E-04
2.635318,6.866492E-04,-3.585834E-04,6.66667E-04
2.636318,6.485023E-04,-2.670307E-04,-.001
2.637319,3.738422E-04,-3.204364E-04,-.001
2.638319,1.525888E-04,-2.059946E-04,-.002
2.63932,-5.340599E-05,-8.392381E-05,-.001
2.64032,-5.416907E-04,-2.822895E-04,-6.66667E-04
2.641321,-2.975482E-04,-3.662128E-04,-6.66667E-04
2.642321,-4.348774E-04,-2.594013E-04,.001
2.643322,-4.27248E-04,-2.899189E-04,-3.66667E-03
2.644322,-6.256141E-04,-3.280658E-04,-.002
2.645323,-5.340613E-04,-1.144414E-04,-.001
2.646323,-6.332435E-04,1.06812E-04,-6.66667E-04
2.647324,-9.384193E-04,1.678476E-04,-6.66667E-04
2.648324,-8.926429E-04,3.433246E-04,-.002
2.649325,-8.087195E-04,-7.629453E-06,-2.33333E-03
2.650325,-3.662128E-04,-2.899189E-04,-6.66667E-04
2.651326,-5.874671E-04,-2.899189E-04,-6.66667E-04
2.652326,-2.975482E-04,-5.188026E-04,6.66667E-04
2.653327,-1.602182E-04,-2.594013E-04,-6.66667E-04
2.654327,-1.907358E-04,-9.15532E-05,-.001
2.655328,-2.822895E-04,3.12807E-04,-.002
2.656328,3.814721E-05,2.212534E-04,.001
2.657329,1.983652E-04,3.662128E-04,-.001
2.658329,1.983652E-04,2.365122E-04,-.002
2.65933,2.365122E-04,2.517719E-04,.001
2.66033,-1.449594E-04,-1.525891E-05,-6.66667E-04
2.661331,-1.602182E-04,9.918259E-05,-6.66667E-04
2.662331,-5.340599E-05,1.75477E-04,-6.66667E-04
2.663332,1.907358E-04,-2.059946E-04,-.002
2.664332,3.89101E-04,-1.144414E-04,-6.66667E-04
2.665333,2.746601E-04,-1.06812E-04,-.001
2.666333,4.348774E-04,-1.3733E-04,-6.66667E-04
2.667334,5.722083E-04,-1.831064E-04,-6.66667E-04
2.668334,5.416907E-04,-4.577655E-04,.002
2.669335,2.822895E-04,-3.738422E-04,2.33333E-03
2.670335,2.288828E-04,-4.730243E-04,-6.66667E-04
2.671336,-1.220712E-04,-3.967304E-04,-6.66667E-04
2.672336,-2.212534E-04,-7.629441E-05,-.001
2.673337,-3.814716E-04,0,-6.66667E-04
2.674337,-6.63761E-04,1.831064E-04,-.001
2.675338,-6.561317E-04,1.525888E-04,-6.66667E-04
2.676338,-5.569495E-04,1.907358E-04,-.002
2.677339,-2.899189E-04,3.50954E-04,6.66667E-04
2.678339,-3.280658E-04,2.594013E-04,-6.66667E-04
2.67934,-3.738422E-04,2.365122E-04,-.002
2.68034,-1.3733E-04,1.3733E-04,-2.33333E-03
2.681341,-3.738422E-04,2.28883E-05,-6.66667E-04
2.682341,-6.63761E-04,3.50954E-04,-.001
2.683342,-6.561317E-04,7.858314E-04,-6.66667E-04
2.684342,-2.059946E-04,8.163489E-04,-.001
2.685343,-7.629453E-06,5.645789E-04,-.001
2.686343,6.103562E-05,6.332435E-04,-.001
2.687344,-6.866502E-05,2.975482E-04,-.001
2.688344,-1.06812E-04,1.144414E-04,6.66667E-04
2.689345,-3.12807E-04,7.629453E-06,-.001
2.690345,-3.967304E-04,-2.212534E-04,-6.66667E-04
2.691346,-6.103553E-04,-2.441425E-04,-.001
2.692346,-8.392371E-04,-2.899189E-04,.001
2.693347,-1.091011E-03,4.57766E-05,.001
2.694347,-1.693733E-03,5.188026E-04,-.002
2.695348,-2.014175E-03,1.052864E-03,-6.66667E-04
2.696348,-2.487198E-03,1.060493E-03,-2.33333E-03
2.697349,-3.08992E-03,1.075752E-03,.001
2.698349,-5.020171E-03,6.027259E-04,-.001
2.69935,-7.858336E-03,5.188026E-04,-.001
2.70035,-1.111609E-02,5.493201E-04,6.66667E-04
2.701351,-1.403815E-02,7.40055E-04,-2.33333E-03
2.702351,-1.670086E-02,6.561317E-04,-.001
2.703352,-1.887524E-02,4.88285E-04,-6.66667E-04
2.704352,-1.963055E-02,7.324256E-04,6.66667E-04
2.705353,-1.858532E-02,1.213081E-03,6.66667E-04
2.706353,-.0161134,1.091011E-03,6.66667E-04
2.707354,-1.315314E-02,1.365669E-03,-6.66667E-04
2.708354,-9.94879E-03,1.144417E-03,.001
2.709355,-7.408172E-03,6.179847E-04,6.66667E-04
2.710355,-5.706817E-03,3.738422E-04,-6.66667E-04
2.711356,-4.623443E-03,2.517719E-04,-.001
2.712356,-3.799453E-03,5.645789E-04,-.002
2.713357,-2.822891E-03,6.866492E-04,-3.66667E-03
2.714357,-2.311721E-03,9.460486E-04,-6.66667E-04
2.715358,-1.907356E-03,8.544959E-04,-.002
2.716358,-1.930244E-03,9.994581E-04,-6.66667E-04
2.717359,-1.586922E-03,1.243599E-03,6.66667E-04
2.718359,-1.396187E-03,1.297005E-03,-6.66667E-04
2.71936,-1.266487E-03,1.159675E-03,6.66667E-04
2.72036,-1.304634E-03,8.926429E-04,-6.66667E-04
2.721361,-1.014717E-03,6.790198E-04,.002
2.722361,-9.918287E-04,6.713904E-04,6.66667E-04
2.723362,-8.392371E-04,7.40055E-04,-3.66667E-03
2.724362,-1.007088E-03,6.179847E-04,-6.66667E-04
2.725363,-8.468665E-04,5.722083E-04,-.001
2.726363,-9.613074E-04,2.594013E-04,-6.66667E-04
2.727364,-7.705726E-04,6.103562E-05,-6.66667E-04
2.728364,-5.340613E-04,2.441425E-04,6.66667E-04
2.729365,-4.806537E-04,2.670307E-04,.002
2.730365,-3.814716E-04,-1.297006E-04,-.002
2.731366,-4.806537E-04,-5.264319E-04,-.002
2.732366,-6.63761E-04,-3.738422E-04,-6.66667E-04
2.733367,-6.713904E-04,1.449594E-04,-.001
2.734367,-7.78202E-04,6.485023E-04,-3.66667E-03
2.735368,-1.060493E-03,9.841993E-04,6.66667E-04
2.736368,-1.457222E-03,7.40055E-04,-.002
2.737369,-1.167305E-03,6.103553E-04,6.66667E-04
2.738369,-1.113899E-03,4.959144E-04,-.001
2.73937,-1.258858E-03,4.806537E-04,-.001
2.74037,-1.190193E-03,4.88285E-04,-3.66667E-03
2.741371,-8.010902E-04,4.88285E-04,.001
2.742371,-9.384193E-04,2.288828E-04,6.66667E-04
2.743372,-1.411445E-03,8.392381E-05,-.001
2.744372,-1.724251E-03,8.392381E-05,-.002
2.745373,-1.922615E-03,3.12807E-04,-.001
2.746373,-1.678474E-03,4.196186E-04,6.66667E-04
2.747374,-1.632698E-03,6.790198E-04,-.002
2.748374,-2.319351E-03,8.544959E-04,.001
2.749375,-2.952591E-03,1.388557E-03,-.001
2.750375,-3.280655E-03,1.251228E-03,6.66667E-04
2.751376,-3.776565E-03,1.472481E-03,-6.66667E-04
2.752376,-4.066497E-03,1.457222E-03,-6.66667E-04
2.753377,-3.791824E-03,1.869209E-03,-6.66667E-04
2.754377,-3.860489E-03,1.739509E-03,-6.66667E-04
2.755378,-3.677383E-03,1.396187E-03,-6.66667E-04
2.756378,-3.616348E-03,1.220711E-03,-6.66667E-04
2.757379,-3.440872E-03,1.007088E-03,-3.66667E-03
2.758379,-3.410354E-03,1.029976E-03,.002
2.75938,-3.074661E-03,7.095374E-04,.001
2.76038,-2.937332E-03,8.163489E-04,-6.66667E-04
2.761381,-2.822891E-03,9.460486E-04,.001
2.762381,-2.647415E-03,9.994581E-04,-6.66667E-04
2.763382,-2.647415E-03,1.083381E-03,-6.66667E-04
2.764382,-2.563491E-03,1.319893E-03,.001
2.765383,-2.647415E-03,1.266487E-03,-.001
2.766383,-2.746597E-03,8.926429E-04,-6.66667E-04
2.767384,-2.815261E-03,8.850135E-04,6.66667E-04
2.768384,-2.464309E-03,8.697547E-04,-6.66667E-04
2.769385,-2.563491E-03,7.629432E-04,-.001
2.770385,-2.601638E-03,6.942786E-04,.001
2.771386,-2.700821E-03,6.256141E-04,6.66667E-04
2.772386,-3.387466E-03,9.002723E-04,.001
2.773387,-3.860489E-03,9.689368E-04,.001
2.774387,-4.707366E-03,1.068123E-03,-.002
2.775388,-5.394012E-03,8.773841E-04,-6.66667E-04
2.776388,-6.149322E-03,9.079017E-04,-.001
2.777389,-7.133514E-03,1.052864E-03,-.001
2.778389,-8.422911E-03,8.850135E-04,-.001
2.77939,-.010315,8.163489E-04,-6.66667E-04
2.78039,-1.255041E-02,7.858314E-04,-.001
2.781391,-1.438147E-02,9.7657E-04,-2.33333E-03
2.782391,-1.628888E-02,9.231605E-04,.002
2.783392,-1.859295E-02,8.926429E-04,6.66667E-04
2.784392,-.0208894,7.01908E-04,-6.66667E-04
2.785393,-2.268994E-02,4.806537E-04,-6.66667E-04
2.786393,-2.352917E-02,3.280658E-04,-.001
2.787394,-2.377331E-02,3.738422E-04,-.002
2.788394,-2.293408E-02,5.874671E-04,.002
2.789395,-2.155316E-02,5.950965E-04,-6.66667E-04
2.790395,-1.995862E-02,6.866492E-04,-6.66667E-04
2.791396,-1.802838E-02,4.27248E-04,-.001
2.792396,-1.593792E-02,6.713904E-04,.001
2.793397,-1.369482E-02,9.918287E-04,-6.66667E-04
2.794397,-1.134497E-02,1.312263E-03,6.66667E-04
2.795398,-9.780943E-03,1.60218E-03,6.66667E-04
2.796398,-8.430541E-03,1.708992E-03,-6.66667E-04
2.797399,-7.492095E-03,1.777656E-03,.001
2.798399,-7.446319E-03,1.548775E-03,-2.33333E-03
2.7994,-7.05722E-03,1.426704E-03,-6.66667E-04
2.8004,-6.187469E-03,1.312263E-03,6.66667E-04
2.801401,-5.600005E-03,1.297005E-03,6.66667E-04
2.802401,-5.348235E-03,1.342781E-03,-6.66667E-04
2.803402,-4.867584E-03,1.220711E-03,.001
2.804402,-4.646331E-03,9.231605E-04,-.001
2.805403,-4.493743E-03,7.171668E-04,-.002
2.806403,-3.967315E-03,9.307899E-04,-.002
2.807404,-3.822342E-03,1.258858E-03,-.001
2.808404,-3.913909E-03,1.258858E-03,-6.66667E-04
2.809405,-3.967315E-03,1.190193E-03,-.002
2.810405,-3.753677E-03,7.247962E-04,-.001
2.811406,-3.608719E-03,6.942786E-04,.001
2.812406,-3.654495E-03,1.144417E-03,-6.66667E-04
2.813407,-3.700271E-03,1.266487E-03,-.002
2.814407,-4.356414E-03,1.09864E-03,-3.66667E-03
2.815408,-5.073577E-03,1.411445E-03,-.002
2.816408,-5.569488E-03,1.670845E-03,.002
2.817409,-6.439239E-03,1.571663E-03,-6.66667E-04
2.818409,-7.591277E-03,1.60981E-03,-.001
2.81941,-8.720458E-03,1.686104E-03,.001
2.82041,-9.628356E-03,1.304634E-03,.001
2.821411,-1.056677E-02,1.258858E-03,-.001
2.822411,-1.199347E-02,1.10627E-03,-.002
2.823412,-1.337439E-02,8.621253E-04,6.66667E-04
2.824412,-.0148316,1.045235E-03,.001
2.825413,-.0155564,1.052864E-03,-.001
2.826413,-1.612866E-02,7.858314E-04,-.002
2.827414,-1.638043E-02,7.934608E-04,-.002
2.828414,-1.613629E-02,1.190193E-03,-6.66667E-04
2.829415,-1.519781E-02,1.632698E-03,-6.66667E-04
2.830415,-1.410681E-02,1.373298E-03,6.66667E-04
2.831416,-1.295477E-02,1.10627E-03,.001
2.832416,-1.190192E-02,1.281746E-03,.001
2.833417,-1.079565E-02,1.373298E-03,6.66667E-04
2.834417,-9.811461E-03,1.441963E-03,-.001
2.835418,-9.285033E-03,1.60981E-03,-.002
2.836418,-8.857787E-03,1.998916E-03,.001
2.837419,-8.644164E-03,2.037063E-03,-.001
2.838419,-8.407652E-03,2.258316E-03,-.001
2.83942,-8.56024E-03,2.258316E-03,.002
2.84042,-8.346617E-03,2.08284E-03,-.002
2.841421,-7.820189E-03,1.899727E-03,-.001
2.842421,-7.820189E-03,1.838692E-03,-.002
2.843422,-7.316619E-03,1.586922E-03,-.001
2.844422,-6.629974E-03,1.579292E-03,.001
2.845423,-6.332427E-03,1.86158E-03,6.66667E-04
2.846423,-6.217986E-03,1.846321E-03,-6.66667E-04
2.847424,-5.912811E-03,1.60981E-03,-6.66667E-04
2.848424,-6.011993E-03,1.518257E-03,.001
2.849425,-6.095916E-03,1.464851E-03,-3.66667E-03
2.850425,-6.347686E-03,1.632698E-03,6.66667E-04
2.851426,-6.500274E-03,1.579292E-03,.001
2.852426,-6.607085E-03,1.274116E-03,-6.66667E-04
2.853427,-6.706268E-03,1.197822E-03,-.002
2.854427,-6.660491E-03,1.113899E-03,-6.66667E-04
2.855428,-6.980926E-03,1.060493E-03,2.33333E-03
2.856428,-7.865965E-03,7.934608E-04,-6.66667E-04
2.857429,-8.033812E-03,1.197822E-03,.001
2.858429,-8.499205E-03,9.994581E-04,-6.66667E-04
2.85943,-9.559691E-03,1.10627E-03,6.66667E-04
2.86043,-1.120001E-02,1.152046E-03,.001
2.861431,-1.347357E-02,1.281746E-03,-.001
2.862431,-1.631939E-02,1.129158E-03,6.66667E-04
2.863432,-1.985943E-02,9.689368E-04,-6.66667E-04
2.864432,-2.526867E-02,4.27248E-04,-6.66667E-04
2.865433,-3.137231E-02,-4.730243E-04,6.66667E-04
2.866433,-.0375216,-1.220711E-03,-2.33333E-03
2.867434,-4.447198E-02,-1.838692E-03,.001
2.868434,-5.281854E-02,-2.899185E-03,.001
2.869435,-6.222558E-02,-4.592925E-03,-.001
2.870435,-7.017565E-02,-5.752593E-03,6.66667E-04
2.871436,-7.604265E-02,-6.134063E-03,.001
2.872436,-7.888079E-02,-6.362945E-03,-6.66667E-04
2.873437,-7.777452E-02,-6.027251E-03,6.66667E-04
2.874437,-7.398272E-02,-5.073577E-03,.001
2.875438,-6.744432E-02,-4.226714E-03,-6.66667E-04
2.876438,-5.959344E-02,-3.440872E-03,-.001
2.877439,-5.123162E-02,-2.151504E-03,-6.66667E-04
2.878439,-4.222131E-02,-9.231605E-04,2.33333E-03
2.87944,-3.427148E-02,-1.525888E-04,-.002
2.88044,-2.721417E-02,3.662128E-04,-.001
2.881441,-2.146924E-02,5.111732E-04,.001
2.882441,-1.699841E-02,5.722083E-04,-6.66667E-04
2.883442,-1.412207E-02,5.798377E-04,-.001
2.884442,-1.229101E-02,6.790198E-04,-.002
2.885443,-1.115423E-02,1.052864E-03,.001
2.886443,-1.052099E-02,9.231605E-04,-6.66667E-04
2.887444,-1.020056E-02,8.392371E-04,6.66667E-04
2.888444,-1.066595E-02,4.959144E-04,6.66667E-04
2.889445,-1.155096E-02,3.50954E-04,.001
2.890445,-1.278692E-02,2.212534E-04,6.66667E-04
2.891446,-1.474005E-02,1.983652E-04,-6.66667E-04
2.892446,-1.741803E-02,3.433246E-04,.001
2.893447,-2.165997E-02,-2.594013E-04,6.66667E-04
2.894447,-2.771008E-02,-6.790198E-04,-6.66667E-04
2.895448,-3.408074E-02,-1.037605E-03,-.002
2.896448,-.0408709,-1.960769E-03,6.66667E-04
2.897449,-4.802728E-02,-2.777115E-03,-6.66667E-04
2.898449,-.0564425,-4.264861E-03,-3.66667E-03
2.89945,-6.542253E-02,-.0052872,.001
2.90045,-7.399797E-02,-6.29428E-03,-.001
2.901451,-8.074236E-02,-7.148772E-03,-6.66667E-04
2.902451,-8.503771E-02,-.0078049,-6.66667E-04
2.903452,-8.686876E-02,-8.178771E-03,-6.66667E-04
2.904452,-8.532763E-02,-7.576019E-03,-.001
2.905453,-8.101702E-02,-6.576568E-03,-2.33333E-03
2.906453,-.0751195,-5.447417E-03,6.66667E-04
2.907454,-6.750536E-02,-3.944427E-03,-6.66667E-04
2.908454,-5.841851E-02,-2.555862E-03,-6.66667E-04
2.909455,-4.899621E-02,-1.174934E-03,-.001
2.910455,-4.036736E-02,2.28883E-05,-.002
2.911456,-3.302789E-02,7.324256E-04,.001
2.912456,-2.704632E-02,9.841993E-04,-.002
2.913457,-2.165997E-02,1.083381E-03,-6.66667E-04
2.914457,-1.782238E-02,9.384193E-04,-.002
2.915458,-.015091,1.014717E-03,-6.66667E-04
2.916458,-1.272589E-02,1.075752E-03,-.001
2.917459,-.0112763,1.785286E-03,-6.66667E-04
2.918459,-9.994566E-03,2.265945E-03,-6.66667E-04
2.91946,-9.262145E-03,2.410904E-03,.002
2.92046,-8.773863E-03,2.296463E-03,.002
2.921461,-.0081864,2.059951E-03,-.002
2.922461,-7.759124E-03,1.876839E-03,6.66667E-04
2.923462,-7.148772E-03,1.655586E-03,-.001
2.924462,-6.637603E-03,1.472481E-03,6.66667E-04
2.925463,-6.469756E-03,1.48011E-03,-2.33333E-03
2.926463,-6.347686E-03,1.457222E-03,.001
2.927464,-6.538421E-03,1.411445E-03,-3.66667E-03
2.928464,-6.866485E-03,1.380928E-03,-.001
2.929465,-7.263213E-03,1.525886E-03,-6.66667E-04
2.930465,-7.469207E-03,1.319893E-03,-.001
2.931466,-7.629424E-03,1.380928E-03,6.66667E-04
2.932466,-7.881224E-03,1.60218E-03,-.001
2.933467,-8.400023E-03,1.472481E-03,.001
2.934467,-8.979857E-03,1.73188E-03,-6.66667E-04
2.935468,-9.536803E-03,1.95314E-03,-6.66667E-04
2.936468,-1.049048E-02,2.220169E-03,-6.66667E-04
2.937469,-1.107794E-02,2.296463E-03,-.001
2.938469,-1.186377E-02,1.770027E-03,-.001
2.93947,-1.216894E-02,1.762398E-03,-.001
2.94047,-1.324469E-02,1.991287E-03,.001
2.941471,-1.480871E-02,1.884468E-03,-.001
2.942471,-1.628888E-02,1.914985E-03,-.001
2.943472,-1.767743E-02,1.991287E-03,.001
2.944472,-1.860821E-02,2.090469E-03,-6.66667E-04
2.945473,-1.892865E-02,2.07521E-03,-6.66667E-04
2.946473,-1.861584E-02,1.930244E-03,-6.66667E-04
2.947474,-1.796734E-02,1.892097E-03,6.66667E-04
2.948474,-1.675427E-02,1.686104E-03,-.002
2.949475,-1.531225E-02,1.304634E-03,-.001
2.950475,-1.341254E-02,1.190193E-03,.002
2.951476,-1.141363E-02,1.525886E-03,.001
2.952476,-1.001745E-02,1.571663E-03,6.66667E-04
2.953477,-8.773863E-03,1.411445E-03,6.66667E-04
2.954477,-7.896483E-03,1.472481E-03,.001
2.955478,-7.766753E-03,1.564033E-03,-6.66667E-04
2.956478,-7.04959E-03,1.365669E-03,-.001
2.957479,-6.332427E-03,1.205452E-03,6.66667E-04
2.958479,-6.332427E-03,1.312263E-03,.001
2.95948,-6.134063E-03,1.068123E-03,-.001
2.96048,-5.554229E-03,7.095374E-04,-.001
2.961481,-5.134612E-03,7.705726E-04,6.66667E-04
2.962481,-5.004913E-03,9.460486E-04,.001
2.963482,-4.608184E-03,1.052864E-03,-.001
2.964482,-4.554778E-03,1.10627E-03,6.66667E-04
2.965483,-4.966766E-03,1.304634E-03,-.002
2.966483,-5.386382E-03,1.251228E-03,-.001
2.967484,-5.600005E-03,1.541145E-03,-.001
2.968484,-6.04251E-03,1.396187E-03,-6.66667E-04
2.969485,-7.148772E-03,1.449592E-03,-.002
2.970485,-8.712828E-03,1.663215E-03,-6.66667E-04
2.971486,-1.020056E-02,1.205452E-03,-6.66667E-04
2.972486,-1.206976E-02,1.09864E-03,.001
2.973487,-1.426703E-02,1.213081E-03,-3.66667E-03
2.974487,-1.658642E-02,1.091011E-03,-.001
2.975488,-1.869977E-02,8.316077E-04,6.66667E-04
2.976488,-2.059186E-02,5.264319E-04,.002
2.977489,-2.281201E-02,3.662128E-04,-2.33333E-03
2.978489,-2.426922E-02,2.746601E-04,-.001
2.97949,-2.500165E-02,4.196186E-04,.002
2.98049,-2.491009E-02,2.975482E-04,6.66667E-04
2.981491,-2.380383E-02,3.12807E-04,-.002
2.982491,-2.207959E-02,6.256141E-04,6.66667E-04
2.983492,-1.989758E-02,9.918287E-04,-.001
2.984492,-1.741803E-02,1.037605E-03,-.001
2.985493,-1.485449E-02,1.182564E-03,-.002
2.986493,-1.258856E-02,1.266487E-03,6.66667E-04
2.987494,-1.063544E-02,1.449592E-03,-6.66667E-04
2.988494,-9.132445E-03,1.792915E-03,6.66667E-04
2.989495,-8.117735E-03,1.525886E-03,-6.66667E-04
2.990495,-7.232696E-03,1.266487E-03,-6.66667E-04
2.991496,-6.340057E-03,1.281746E-03,-6.66667E-04
2.992496,-6.027251E-03,1.792915E-03,-.002
2.993497,-5.432159E-03,1.747139E-03,-.001
2.994497,-4.844695E-03,1.556404E-03,-.001
2.995498,-4.173309E-03,1.579292E-03,-.001
2.996498,-3.517166E-03,1.541145E-03,6.66667E-04
2.997499,-3.105178E-03,1.10627E-03,-6.66667E-04
2.998499,-2.952591E-03,1.10627E-03,6.66667E-04
2.9995,-2.883926E-03,1.060493E-03,.002
3.0005,-2.58638E-03,7.095374E-04,-.001
3.001501,-2.288833E-03,8.087195E-04,-6.66667E-04
3.002501,-2.380386E-03,1.365669E-03,.002
3.003502,-2.08284E-03,1.060493E-03,6.66667E-04
3.004502,-1.785286E-03,9.460486E-04,6.66667E-04
3.005503,-1.502998E-03,9.307899E-04,-.002
3.006503,-1.724251E-03,9.7657E-04,-3.66667E-03
3.007504,-1.892097E-03,9.918287E-04,6.66667E-04
3.008504,-1.800545E-03,1.266487E-03,.001
3.009505,-2.159134E-03,1.136787E-03,-6.66667E-04
3.010505,-2.014175E-03,1.174934E-03,-.001
3.011506,-2.07521E-03,1.266487E-03,-.002
3.012506,-2.288833E-03,9.307899E-04,-6.66667E-04
3.013507,-2.723709E-03,1.014717E-03,-.002
3.014507,-3.074661E-03,1.014717E-03,6.66667E-04
3.015508,-2.96022E-03,9.841993E-04,-.001
3.016508,-2.777115E-03,8.468665E-04,.001
3.017509,-2.639785E-03,1.007088E-03,.002
3.018509,-2.380386E-03,1.113899E-03,-.001
3.01951,-2.33461E-03,1.136787E-03,-.002
3.02051,-2.433792E-03,1.373298E-03,6.66667E-04
3.021511,-2.32698E-03,1.525886E-03,6.66667E-04
3.022511,-2.105728E-03,1.10627E-03,-.001
3.023512,-1.747139E-03,7.934608E-04,-6.66667E-04
3.024512,-1.869209E-03,8.468665E-04,-.001
3.025513,-1.686104E-03,7.095374E-04,-.001
3.026513,-1.441963E-03,1.205452E-03,-.001
3.027514,-1.724251E-03,1.411445E-03,-.002
3.028514,-1.655586E-03,1.190193E-03,-.002
3.029515,-1.564033E-03,8.239783E-04,-6.66667E-04
3.030515,-1.632698E-03,7.324256E-04,6.66667E-04
3.031516,-1.747139E-03,5.798377E-04,-.001
3.032516,-2.517715E-03,5.264319E-04,-.002
3.033517,-3.921539E-03,6.332435E-04,-2.33333E-03
3.034517,-5.279571E-03,6.332435E-04,-.002
3.035518,-7.064849E-03,8.239783E-04,-.001
3.036518,-9.223998E-03,6.866492E-04,.001
3.037519,-1.207739E-02,6.485023E-04,-.001
3.038519,-1.661694E-02,1.525888E-04,-.002
3.03952,-2.191937E-02,-1.06812E-04,-6.66667E-04
3.04052,-2.622998E-02,-5.416907E-04,.001
3.041521,-2.880871E-02,-9.7657E-04,-2.33333E-03
3.042521,-3.024304E-02,-1.037605E-03,-6.66667E-04
3.043522,-2.937329E-02,-8.468665E-04,-.002
3.044522,-2.691662E-02,-4.043598E-04,-6.66667E-04
3.045523,-2.291119E-02,1.525891E-05,6.66667E-04
3.046523,-.0177995,2.13624E-04,6.66667E-04
3.047524,-1.373297E-02,2.059946E-04,-.002
3.048524,-1.081854E-02,8.163489E-04,-.002
3.049525,-8.445799E-03,1.007088E-03,-6.66667E-04
3.050525,-6.67575E-03,7.40055E-04,.001
3.051526,-4.936248E-03,8.850135E-04,6.66667E-04
3.052526,-3.997833E-03,1.136787E-03,-6.66667E-04
3.053527,-3.189102E-03,1.10627E-03,.001
3.054527,-2.647415E-03,7.01908E-04,-.002
3.055528,-2.212539E-03,4.501361E-04,6.66667E-04
3.056528,-2.113357E-03,1.602182E-04,6.66667E-04
3.057529,-2.166763E-03,2.288828E-04,-.001
3.058529,-1.495369E-03,3.12807E-04,-6.66667E-04
3.05953,-1.518257E-03,5.264319E-04,6.66667E-04
3.06053,-1.457222E-03,3.50954E-04,.001
3.061531,-1.167305E-03,4.196186E-04,.001
3.062531,-1.129158E-03,7.40055E-04,-.001
3.063532,-1.251228E-03,7.324256E-04,.002
3.064532,-1.274116E-03,8.239783E-04,-.001
3.065533,-1.449592E-03,6.63761E-04,.001
3.066533,-1.434334E-03,4.653949E-04,.001
3.067534,-1.579292E-03,9.002723E-04,-.002
3.068534,-1.647957E-03,1.213081E-03,-6.66667E-04
3.069535,-1.426704E-03,1.190193E-03,-.002
3.070535,-1.312263E-03,8.926429E-04,.001
3.071536,-1.426704E-03,7.858314E-04,-.002
3.072536,-1.274116E-03,5.950965E-04,6.66667E-04
3.073537,-1.014717E-03,5.111732E-04,6.66667E-04
3.074537,-1.052864E-03,5.264319E-04,.001
3.075538,-9.53678E-04,2.059946E-04,-6.66667E-04
3.076538,-1.113899E-03,-2.28883E-05,.001
3.077539,-1.441963E-03,-1.297006E-04,-6.66667E-04
3.078539,-1.251228E-03,3.433246E-04,.001
3.07954,-1.052864E-03,1.014717E-03,6.66667E-04
3.08054,-9.613074E-04,5.340613E-04,-6.66667E-04
3.081541,-9.155311E-04,6.332435E-04,-.001
3.082541,-9.841993E-04,3.662128E-04,6.66667E-04
3.083542,-8.621253E-04,1.220712E-04,.001
3.084542,-1.014717E-03,1.983652E-04,-6.66667E-04
3.085543,-9.53678E-04,3.433246E-04,-.002
3.086543,-7.171668E-04,6.408729E-04,-6.66667E-04
3.087544,-8.697547E-04,5.188026E-04,-6.66667E-04
3.088544,-1.22834E-03,3.50954E-04,-.001
3.089545,-8.468665E-04,3.662128E-04,-6.66667E-04
3.090545,-7.01908E-04,7.629432E-04,6.66667E-04
3.091546,-7.171668E-04,1.525888E-04,-6.66667E-04
3.092546,-4.577655E-04,5.340599E-05,-6.66667E-04
3.093547,-6.408729E-04,5.569495E-04,-6.66667E-04
3.094547,-1.136787E-03,7.247962E-04,6.66667E-04
3.095548,-1.571663E-03,4.043598E-04,.001
3.096548,-1.640327E-03,6.713904E-04,-6.66667E-04
3.097549,-1.556404E-03,5.950965E-04,.001
3.098549,-1.029976E-03,3.967304E-04,-.002
3.09955,-1.129158E-03,5.264319E-04,-.002
3.10055,-1.068123E-03,2.746601E-04,.001
3.101551,-5.416907E-04,4.57766E-05,-.002
3.102551,-2.13624E-04,9.918259E-05,.001
3.103552,-7.858314E-04,2.594013E-04,-6.66667E-04
3.104552,-8.926429E-04,9.918259E-05,6.66667E-04
3.105553,-5.722083E-04,6.179847E-04,-2.33333E-03
3.106553,-3.204364E-04,8.850135E-04,-.001
3.107554,-4.119892E-04,7.171668E-04,.002
3.108554,-7.01908E-04,4.043598E-04,6.66667E-04
3.109555,-1.029976E-03,1.907358E-04,-.001
3.110555,-8.163489E-04,4.043598E-04,-6.66667E-04
3.111556,-7.476844E-04,7.171668E-04,6.66667E-04
3.112556,-3.738422E-04,5.874671E-04,6.66667E-04
3.113557,-9.7657E-04,2.288828E-04,.001
3.114557,-1.319893E-03,5.035438E-04,.001
3.115558,-9.002723E-04,6.63761E-04,.001
3.116558,-3.585834E-04,3.662128E-04,-.002
3.117559,1.220712E-04,1.983652E-04,-6.66667E-04
3.118559,4.88285E-04,2.059946E-04,-6.66667E-04
3.11956,1.75477E-04,5.340599E-05,.001
3.12056,-2.441425E-04,1.449594E-04,-.001
3.121561,-3.12807E-04,2.975482E-04,6.66667E-04
3.122561,-3.662128E-04,-8.392381E-05,-6.66667E-04
3.123562,-2.059946E-04,-9.15532E-05,-6.66667E-04
3.124562,-2.13624E-04,-5.340599E-05,-.001
3.125563,-7.095374E-04,-1.220712E-04,-.002
3.126563,-8.621253E-04,-1.297006E-04,6.66667E-04
3.127564,-6.485023E-04,6.866502E-05,-.001
3.128564,-6.866492E-04,2.288828E-04,-.002
3.129565,-8.316077E-04,3.12807E-04,.001
3.130565,-7.01908E-04,2.13624E-04,-.002
3.131566,-5.798377E-04,1.983652E-04,-3.66667E-03
3.132566,-3.967304E-04,5.035438E-04,6.66667E-04
3.133567,-2.670307E-04,3.051776E-04,-.001
3.134567,-4.88285E-04,-1.06812E-04,.002
3.135568,-4.653949E-04,-1.3733E-04,.001
3.136568,-4.27248E-04,1.297006E-04,.001
3.137569,-2.13624E-04,9.918259E-05,-.002
3.138569,9.918259E-05,-1.907358E-04,.001
3.13957,-7.629453E-06,-1.831064E-04,-2.33333E-03
3.14057,9.918259E-05,3.051781E-05,.001
3.141571,4.57766E-05,3.814721E-05,-2.33333E-03
3.142571,5.340599E-05,1.3733E-04,-.002
3.143572,2.441425E-04,1.75477E-04,-.001
3.144572,4.57766E-05,1.06812E-04,-.002
3.145573,-1.297006E-04,-1.220712E-04,-.001
3.146573,-4.57766E-05,-3.280658E-04,-.001
3.147574,-6.866502E-05,-6.866502E-05,-.001
3.148574,1.449594E-04,9.918259E-05,.001
3.149575,-7.629453E-06,1.06812E-04,2.33333E-03
3.150575,-3.356952E-04,2.975482E-04,-.001
3.151576,-2.899189E-04,6.179847E-04,-6.66667E-04
3.152576,-1.220712E-04,3.814716E-04,6.66667E-04
3.153577,-9.15532E-05,4.27248E-04,6.66667E-04
3.154577,-1.3733E-04,4.425067E-04,.001
3.155578,-4.806537E-04,7.095374E-04,-.002
3.156578,-4.27248E-04,5.264319E-04,6.66667E-04
3.157579,-4.653949E-04,4.730243E-04,.001
3.158579,-5.569495E-04,6.713904E-04,-6.66667E-04
3.15958,-5.111732E-04,5.874671E-04,-.001
3.16058,-5.340613E-04,7.095374E-04,-6.66667E-04
3.161581,-5.035438E-04,8.926429E-04,6.66667E-04
3.162581,-1.907358E-04,7.78202E-04,-2.33333E-03
3.163582,-2.594013E-04,4.043598E-04,-6.66667E-04
3.164582,-3.967304E-04,7.171668E-04,-.001
3.165583,-4.88285E-04,8.773841E-04,-6.66667E-04
3.166583,-5.798377E-04,6.561317E-04,-6.66667E-04
3.167584,-7.629453E-06,1.525888E-04,-6.66667E-04
3.168584,9.918259E-05,-3.204364E-04,-.001
3.169585,-7.629441E-05,-3.204364E-04,-.001
3.170585,-6.332435E-04,9.918259E-05,6.66667E-04
3.171586,-4.577655E-04,4.806537E-04,-6.66667E-04
3.172586,-1.144414E-04,4.653949E-04,-.002
3.173587,2.059946E-04,4.88285E-04,6.66667E-04
3.174587,3.662128E-04,5.340599E-05,-.002
3.175588,3.89101E-04,-1.144414E-04,6.66667E-04
3.176588,3.12807E-04,-1.525888E-04,-6.66667E-04
3.177589,0,1.678476E-04,-.001
3.178589,-3.89101E-04,6.713904E-04,-2.33333E-03
3.17959,-2.594013E-04,6.790198E-04,-.001
3.18059,9.15532E-05,3.585834E-04,.001
3.181591,1.525891E-05,7.324256E-04,6.66667E-04
3.182591,-5.340599E-05,5.264319E-04,6.66667E-04
3.183592,-2.517719E-04,7.324256E-04,-.002
3.184592,-1.602182E-04,6.103553E-04,-6.66667E-04
3.185593,2.13624E-04,3.280658E-04,-6.66667E-04
3.186593,3.662128E-04,3.204364E-04,-6.66667E-04
3.187594,1.525888E-04,2.670307E-04,-.002
3.188594,-4.806537E-04,2.899189E-04,6.66667E-04
3.189595,-4.043598E-04,6.790198E-04,-.001
3.190595,4.57766E-05,6.103553E-04,-.002
3.191596,7.247962E-04,6.027259E-04,-.001
3.192596,6.63761E-04,5.569495E-04,-.001
3.193597,2.212534E-04,7.629432E-04,-.001
3.194597,1.06812E-04,5.493201E-04,-6.66667E-04
3.195598,3.051781E-05,1.75477E-04,6.66667E-04
3.196598,2.670307E-04,1.75477E-04,-.001
3.197599,1.907358E-04,3.204364E-04,-.001
3.198599,-2.899189E-04,7.629453E-06,.002
3.1996,-2.13624E-04,-1.907358E-04,-6.66667E-04
3.2006,-2.059946E-04,1.525891E-05,-.002
3.201601,-2.212534E-04,-1.3733E-04,-6.66667E-04
3.202601,-5.035438E-04,1.449594E-04,-3.66667E-03
3.203602,-7.476844E-04,2.594013E-04,-.002
3.204602,-4.348774E-04,1.983652E-04,-.002
3.205603,-2.822895E-04,1.525888E-04,-.002
3.206603,-4.425067E-04,4.501361E-04,-.001
3.207604,-3.585834E-04,6.332435E-04,-.001
3.208604,-4.425067E-04,6.256141E-04,-6.66667E-04
3.209605,-1.06812E-04,4.196186E-04,.001
3.210605,-1.144414E-04,3.967304E-04,.001
3.211606,1.678476E-04,5.264319E-04,6.66667E-04
3.212606,3.814716E-04,2.594013E-04,-.001
3.213607,3.89101E-04,-5.264319E-04,-.002
3.214607,3.12807E-04,-3.204364E-04,.001
3.215608,5.798377E-04,9.15532E-05,-.002
3.216608,4.730243E-04,2.059946E-04,.001
3.217609,1.678476E-04,3.204364E-04,-.001
3.218609,-5.340599E-05,9.918259E-05,-6.66667E-04
3.21961,-6.866502E-05,3.051776E-04,-.002
3.22061,2.28883E-05,1.449594E-04,-.001
3.221611,-7.629453E-06,-2.28883E-05,-.001
3.222611,-1.75477E-04,-3.814716E-04,-.002
3.223612,-4.653949E-04,-4.577655E-04,.001
3.224612,-3.356952E-04,-1.297006E-04,.002
3.225613,-2.899189E-04,9.918259E-05,.001
3.226614,-6.103562E-05,2.059946E-04,-6.66667E-04
3.227614,-3.814716E-04,1.831064E-04,-6.66667E-04
3.228614,-3.12807E-04,9.15532E-05,-2.33333E-03
3.229615,1.602182E-04,6.408729E-04,-.002
3.230615,1.525888E-04,7.40055E-04,.001
3.231616,-3.051781E-05,9.155311E-04,-5.33333E-03
3.232616,-6.866502E-05,8.468665E-04,6.66667E-04
3.233617,-1.678476E-04,7.095374E-04,-.002
3.234617,-3.204364E-04,4.959144E-04,-6.66667E-04
3.235618,-5.569495E-04,6.408729E-04,-.001
3.236619,-4.27248E-04,-7.629441E-05,2.33333E-03
3.237619,-1.602182E-04,-2.059946E-04,-.001
3.238619,1.525891E-05,0,6.66667E-04
3.23962,2.212534E-04,2.441425E-04,.001
3.24062,-9.15532E-05,6.332435E-04,6.66667E-04
3.241621,-9.15532E-05,7.324256E-04,6.66667E-04
3.242621,4.57766E-05,7.476844E-04,-6.66667E-04
3.243622,2.365122E-04,8.773841E-04,-6.66667E-04
3.244622,-3.051781E-05,6.332435E-04,-.001
3.245623,4.348774E-04,2.365122E-04,6.66667E-04
3.246624,2.594013E-04,-1.602182E-04,6.66667E-04
3.247624,1.525888E-04,-3.433246E-04,-.001
3.248624,1.525888E-04,-3.967304E-04,-.002
3.249625,0,-6.866502E-05,.001
3.250625,9.15532E-05,-1.525888E-04,-6.66667E-04
3.251626,-4.119892E-04,-5.340613E-04,-6.66667E-04
3.252626,-2.594013E-04,-4.27248E-04,-6.66667E-04
3.253627,-1.220712E-04,-1.602182E-04,.001
3.254627,-4.425067E-04,3.662128E-04,-.001
3.255628,-7.934608E-04,5.264319E-04,2.33333E-03
3.256629,-4.501361E-04,1.449594E-04,-.001
3.257629,-2.822895E-04,4.57766E-05,-6.66667E-04
3.258629,-5.340599E-05,-2.059946E-04,.001
3.25963,-1.525888E-04,1.3733E-04,.001
3.26063,-7.01908E-04,5.264319E-04,-.004
3.261631,-6.485023E-04,1.602182E-04,6.66667E-04
3.262631,6.866502E-05,-5.340599E-05,-3.66667E-03
3.263632,6.027259E-04,6.103562E-05,.002
3.264632,8.392381E-05,3.662128E-04,.001
3.265633,-1.602182E-04,0,6.66667E-04
3.266634,-1.06812E-04,-1.678476E-04,.001
3.267634,-2.365122E-04,-2.822895E-04,-.001
3.268634,-1.907358E-04,-2.746601E-04,.002
3.269635,-2.441425E-04,-2.288828E-04,-6.66667E-04
3.270635,-3.204364E-04,2.594013E-04,-6.66667E-04
3.271636,-1.06812E-04,7.476844E-04,-6.66667E-04
3.272636,4.57766E-05,9.002723E-04,6.66667E-04
3.273637,-1.06812E-04,6.63761E-04,6.66667E-04
3.274637,1.525891E-05,4.88285E-04,-.002
3.275638,3.662128E-04,2.288828E-04,.001
3.276639,2.059946E-04,-1.144414E-04,-.001
3.277639,5.340599E-05,-4.57766E-05,6.66667E-04
3.278639,4.806537E-04,3.585834E-04,6.66667E-04
3.27964,6.485023E-04,-3.814721E-05,.001
3.28064,1.525888E-04,6.866502E-05,-6.66667E-04
3.281641,-2.13624E-04,6.103562E-05,-.001
3.282641,-1.06812E-04,1.220712E-04,-3.66667E-03
3.283642,3.051776E-04,2.059946E-04,-6.66667E-04
3.284642,3.433246E-04,2.288828E-04,-.002
3.285643,1.525888E-04,2.822895E-04,-.001
3.286644,-1.602182E-04,2.746601E-04,-.002
3.287644,9.918259E-05,5.340613E-04,-6.66667E-04
3.288644,4.501361E-04,4.959144E-04,-6.66667E-04
3.289645,2.059946E-04,5.874671E-04,.001
3.290645,-2.13624E-04,2.975482E-04,-6.66667E-04
3.291646,-2.441425E-04,1.983652E-04,-6.66667E-04
3.292646,-2.670307E-04,1.06812E-04,-.002
3.293647,-4.27248E-04,7.629453E-06,-6.66667E-04
3.294647,-2.746601E-04,8.392381E-05,-6.66667E-04
3.295648,-2.059946E-04,4.57766E-05,6.66667E-04
3.296649,-2.822895E-04,4.501361E-04,-.001
3.297649,-2.594013E-04,9.002723E-04,-6.66667E-04
3.298649,-1.220712E-04,3.433246E-04,-.001
3.29965,1.449594E-04,-2.13624E-04,-6.66667E-04
3.30065,2.441425E-04,-1.449594E-04,-6.66667E-04
3.301651,3.12807E-04,-4.57766E-05,-.001
3.302651,3.814721E-05,-6.866502E-05,-.001
3.303652,-4.57766E-05,-1.449594E-04,-.002
3.304652,6.103562E-05,0,.001
3.305653,1.907358E-04,1.831064E-04,-.002
3.306653,2.594013E-04,2.288828E-04,-2.33333E-03
3.307654,0,1.602182E-04,-6.66667E-04
3.308654,3.814721E-05,4.57766E-05,-.001
3.309655,-9.15532E-05,-1.449594E-04,-.001
3.310655,-6.103562E-05,-1.983652E-04,.001
3.311656,4.57766E-05,-2.059946E-04,-6.66667E-04
3.312656,1.75477E-04,-5.340599E-05,-.001
3.313657,5.188026E-04,3.585834E-04,.001
3.314657,5.188026E-04,7.934608E-04,-.002
3.315658,5.111732E-04,6.179847E-04,-6.66667E-04
3.316658,4.348774E-04,0,-.002
3.317659,4.348774E-04,-9.918259E-05,-.001
3.318659,5.950965E-04,-1.602182E-04,-.001
3.31966,3.967304E-04,1.525888E-04,.001
3.32066,-1.297006E-04,1.602182E-04,-6.66667E-04
3.321661,-1.449594E-04,-3.50954E-04,2.33333E-03
3.322661,-2.059946E-04,-1.3733E-04,-6.66667E-04
3.323662,-2.822895E-04,-2.441425E-04,6.66667E-04
3.324662,2.28883E-05,-1.983652E-04,.001
3.325663,7.629453E-06,-6.179847E-04,.001
3.326663,-3.051781E-05,-5.798377E-04,2.33333E-03
3.327664,-1.220712E-04,-4.653949E-04,-.001
3.328664,4.57766E-05,-1.297006E-04,.002
3.329665,1.06812E-04,-3.89101E-04,-.001
3.330665,8.392381E-05,-3.12807E-04,-.002
3.331666,1.678476E-04,4.57766E-05,6.66667E-04
3.332666,-1.06812E-04,-1.144414E-04,-2.33333E-03
3.333667,-1.907358E-04,2.28883E-05,-6.66667E-04
3.334667,-2.212534E-04,-1.3733E-04,-.002
3.335668,-4.57766E-05,-3.585834E-04,6.66667E-04
3.336668,3.12807E-04,-3.204364E-04,-6.66667E-04
3.337669,1.3733E-04,-1.297006E-04,6.66667E-04
3.338669,1.525891E-05,-2.059946E-04,-.001
3.33967,0,-3.585834E-04,-6.66667E-04
3.34067,0,-4.196186E-04,-6.66667E-04
3.341671,5.340599E-05,-3.738422E-04,-.001
3.342671,3.280658E-04,-2.822895E-04,-6.66667E-04
3.343672,4.577655E-04,-1.06812E-04,-6.66667E-04
3.344672,1.831064E-04,2.670307E-04,-.001
3.345673,1.297006E-04,6.027259E-04,.001
3.346673,2.288828E-04,6.485023E-04,-6.66667E-04
3.347674,-1.983652E-04,4.425067E-04,-2.33333E-03
3.348674,-1.144414E-04,3.585834E-04,.001
3.349675,-2.441425E-04,4.196186E-04,.001
3.350675,-3.280658E-04,3.433246E-04,-.001
3.351676,-5.340599E-05,2.899189E-04,-.001
3.352676,6.103562E-05,1.525888E-04,.001
3.353677,-3.814721E-05,-7.629441E-05,-6.66667E-04
3.354677,-4.043598E-04,-2.441425E-04,-.001
3.355678,-7.095374E-04,-4.119892E-04,-.002
3.356678,-3.204364E-04,-6.866502E-05,6.66667E-04
3.357679,2.594013E-04,6.103562E-05,-6.66667E-04
3.358679,4.959144E-04,6.866502E-05,-.001
3.35968,4.730243E-04,-1.525891E-05,6.66667E-04
3.36068,3.204364E-04,-2.288828E-04,-.002
3.361681,-3.814721E-05,-3.50954E-04,6.66667E-04
3.362681,-2.746601E-04,-4.806537E-04,-.001
3.363682,-2.441425E-04,-3.967304E-04,-6.66667E-04
3.364682,-1.06812E-04,-2.822895E-04,-.001
3.365683,-1.525891E-05,-6.103562E-05,6.66667E-04
3.366683,-1.06812E-04,1.3733E-04,6.66667E-04
3.367684,1.602182E-04,5.722083E-04,-2.33333E-03
3.368684,2.13624E-04,4.730243E-04,-6.66667E-04
3.369685,-5.340613E-04,1.983652E-04,-.001
3.370685,-2.594013E-04,9.15532E-05,-6.66667E-04
3.371686,3.433246E-04,2.746601E-04,.001
3.372686,5.645789E-04,3.433246E-04,6.66667E-04
3.373687,7.324256E-04,2.899189E-04,6.66667E-04
3.374687,5.798377E-04,5.340599E-05,.002
3.375688,2.441425E-04,0,-6.66667E-04
3.376688,-3.051781E-05,2.594013E-04,-6.66667E-04
3.377689,-4.043598E-04,2.059946E-04,-.001
3.378689,-9.918259E-05,1.449594E-04,6.66667E-04
3.37969,1.525891E-05,3.89101E-04,-6.66667E-04
3.38069,2.288828E-04,9.15532E-05,-6.66667E-04
3.381691,-8.392381E-05,-1.449594E-04,-2.33333E-03
3.382691,-4.57766E-05,-1.602182E-04,.001
3.383692,-2.899189E-04,7.629441E-05,-.002
3.384692,-1.602182E-04,1.449594E-04,6.66667E-04
3.385693,-1.907358E-04,-9.918259E-05,-2.33333E-03
3.386693,-9.15532E-05,0,.002
3.387694,-1.907358E-04,2.365122E-04,-2.33333E-03
3.388694,-2.746601E-04,4.196186E-04,-.002
3.389695,-3.585834E-04,4.959144E-04,-.001
3.390696,-2.670307E-04,3.50954E-04,-3.66667E-03
3.391696,-2.517719E-04,-6.103562E-05,6.66667E-04
3.392696,-2.670307E-04,-9.15532E-05,.001
3.393697,-2.670307E-04,9.15532E-05,-6.66667E-04
3.394697,1.75477E-04,1.525888E-04,.001
3.395698,4.425067E-04,-1.525891E-05,-6.66667E-04
3.396698,4.501361E-04,-1.220712E-04,-2.33333E-03
3.397699,3.967304E-04,-1.449594E-04,-6.66667E-04
3.398699,4.577655E-04,6.866502E-05,6.66667E-04
3.3997,-2.28883E-05,-1.06812E-04,6.66667E-04
3.400701,-4.653949E-04,-1.678476E-04,6.66667E-04
3.401701,-6.332435E-04,-2.13624E-04,-6.66667E-04
3.402701,-4.806537E-04,-1.678476E-04,6.66667E-04
3.403702,-5.340599E-05,-2.441425E-04,6.66667E-04
3.404702,-2.28883E-05,-1.297006E-04,-6.66667E-04
3.405703,-3.051781E-05,-4.043598E-04,-2.33333E-03
3.406703,2.13624E-04,-4.806537E-04,-6.66667E-04
3.407704,2.517719E-04,-1.3733E-04,.001
3.408704,-1.297006E-04,2.212534E-04,-.002
3.409705,-1.297006E-04,1.3733E-04,.001
3.410706,-1.831064E-04,1.525888E-04,-6.66667E-04
3.411706,-3.585834E-04,-1.220712E-04,-.001
3.412706,-2.365122E-04,-2.13624E-04,.001
3.413707,6.866502E-05,-2.517719E-04,.002
3.414707,2.746601E-04,1.525888E-04,-6.66667E-04
3.415708,1.144414E-04,3.738422E-04,6.66667E-04
3.416708,-1.297006E-04,3.356952E-04,.001
3.417709,1.525888E-04,3.585834E-04,-6.66667E-04
3.418709,3.12807E-04,2.13624E-04,-6.66667E-04
3.41971,6.866502E-05,-9.15532E-05,-.001
3.420711,4.57766E-05,-4.57766E-05,6.66667E-04
3.421711,-1.06812E-04,6.866502E-05,-6.66667E-04
3.422711,-3.051776E-04,1.220712E-04,-.002
3.423712,-1.144414E-04,9.15532E-05,.001
3.424712,-2.670307E-04,-8.392381E-05,-6.66667E-04
3.425713,-4.653949E-04,1.831064E-04,6.66667E-04
3.426713,-1.602182E-04,-7.629441E-05,2.33333E-03
3.427714,4.57766E-05,0,.001
3.428714,2.059946E-04,4.57766E-05,6.66667E-04
3.429715,9.918259E-05,2.059946E-04,6.66667E-04
3.430716,3.814721E-05,2.365122E-04,-.001
3.431716,1.06812E-04,-8.392381E-05,.001
3.432716,3.204364E-04,4.348774E-04,6.66667E-04
3.433717,4.577655E-04,7.324256E-04,-.002
3.434717,7.01908E-04,4.88285E-04,-6.66667E-04
3.435718,4.806537E-04,2.899189E-04,-.002
3.436718,3.204364E-04,3.12807E-04,-6.66667E-04
3.437719,4.501361E-04,5.569495E-04,.001
3.438719,7.01908E-04,-1.831064E-04,-6.66667E-04
3.43972,6.179847E-04,-2.441425E-04,-.002
3.440721,4.27248E-04,-1.449594E-04,-.001
3.441721,3.585834E-04,3.12807E-04,.002
3.442721,1.831064E-04,1.831064E-04,-6.66667E-04
3.443722,1.220712E-04,1.525888E-04,-2.33333E-03
3.444722,1.907358E-04,4.806537E-04,-2.33333E-03
3.445723,-4.57766E-05,2.288828E-04,-6.66667E-04
3.446723,1.525888E-04,1.602182E-04,-.001
3.447724,4.425067E-04,-7.629441E-05,.002
3.448724,3.204364E-04,-3.585834E-04,.001
3.449725,5.340613E-04,-5.340599E-05,-6.66667E-04
3.450726,3.051776E-04,-1.525888E-04,-6.66667E-04
3.451726,2.212534E-04,-4.653949E-04,.001
3.452726,-4.57766E-05,-5.874671E-04,.001
3.453727,7.629441E-05,-3.662128E-04,-.002
3.454727,1.220712E-04,-4.348774E-04,-.002
3.455728,2.212534E-04,-3.12807E-04,-6.66667E-04
3.456728,6.103562E-05,-7.629441E-05,6.66667E-04
3.457729,-5.340599E-05,3.814716E-04,.002
3.458729,-2.365122E-04,4.806537E-04,-.002
3.45973,-2.059946E-04,3.204364E-04,-6.66667E-04
3.460731,-2.13624E-04,8.392381E-05,-3.66667E-03
3.461731,-3.356952E-04,-3.051781E-05,-6.66667E-04
3.462731,9.918259E-05,-7.629441E-05,-.002
3.463732,2.441425E-04,3.814721E-05,-.001
3.464732,2.899189E-04,3.12807E-04,-.001
3.465733,2.059946E-04,1.3733E-04,-6.66667E-04
3.466733,-1.602182E-04,-1.525891E-05,.001
3.467734,-6.942786E-04,1.525888E-04,-6.66667E-04
3.468734,-8.316077E-04,2.441425E-04,-.001
3.469735,-2.288828E-04,1.220712E-04,.002
3.470736,2.212534E-04,1.831064E-04,6.66667E-04
3.471736,1.983652E-04,3.12807E-04,-6.66667E-04
3.472736,-9.15532E-05,1.75477E-04,-.001
3.473737,9.15532E-05,3.12807E-04,-.002
3.474737,-7.629453E-06,0,-.001
3.475738,-2.288828E-04,1.297006E-04,-6.66667E-04
3.476738,-1.831064E-04,5.264319E-04,-.002
3.477739,-1.525891E-05,6.561317E-04,6.66667E-04
3.478739,-9.918259E-05,2.899189E-04,-.002
3.47974,-1.220712E-04,1.983652E-04,2.33333E-03
3.480741,2.059946E-04,2.975482E-04,6.66667E-04
3.481741,3.204364E-04,1.449594E-04,-.001
3.482741,9.918259E-05,1.297006E-04,-6.66667E-04
3.483742,0,1.3733E-04,-6.66667E-04
3.484742,4.57766E-05,1.3733E-04,6.66667E-04
3.485743,-5.340599E-05,3.051781E-05,6.66667E-04
3.486743,7.629453E-06,-2.670307E-04,-.001
3.487744,1.75477E-04,-1.3733E-04,-.002
3.488744,-6.103562E-05,-2.670307E-04,6.66667E-04
3.489745,-1.525888E-04,-2.670307E-04,-3.66667E-03
3.490746,-2.441425E-04,-1.06812E-04,-.002
3.491746,-1.525888E-04,1.06812E-04,-6.66667E-04
3.492746,-1.525891E-05,1.75477E-04,-.001
3.493747,6.103562E-05,9.15532E-05,-6.66667E-04
3.494747,6.866502E-05,-1.297006E-04,.001
3.495748,-3.051781E-05,-1.831064E-04,-6.66667E-04
3.496748,-1.144414E-04,-1.602182E-04,-3.66667E-03
3.497749,-4.57766E-05,-5.340599E-05,-.001
3.498749,-2.517719E-04,-6.866502E-05,6.66667E-04
3.49975,-3.585834E-04,4.196186E-04,-.001
3.500751,-3.738422E-04,3.967304E-04,-6.66667E-04
3.501751,-1.602182E-04,3.051776E-04,-.001
3.502751,2.517719E-04,3.204364E-04,-6.66667E-04
3.503752,6.256141E-04,3.967304E-04,-3.66667E-03
3.504752,4.348774E-04,2.899189E-04,-.001
3.505753,2.441425E-04,3.585834E-04,-.001
3.506753,3.356952E-04,2.975482E-04,.002
3.507754,3.585834E-04,0,-.001
3.508754,3.051776E-04,-2.28883E-05,-.001
3.509755,-9.918259E-05,8.392381E-05,-6.66667E-04
3.510756,-2.059946E-04,-2.28883E-05,6.66667E-04
3.511756,-5.340599E-05,-2.517719E-04,6.66667E-04
3.512756,4.57766E-05,-7.629441E-05,-6.66667E-04
3.513757,-3.280658E-04,1.3733E-04,-6.66667E-04
3.514757,-3.204364E-04,5.340599E-05,6.66667E-04
3.515758,-1.06812E-04,-3.204364E-04,-.001
3.516758,-2.822895E-04,-2.212534E-04,-6.66667E-04
3.517759,-4.425067E-04,-1.602182E-04,-.001
3.518759,-4.119892E-04,-3.433246E-04,-.001
3.51976,-6.485023E-04,-2.365122E-04,-.001
3.520761,-1.297006E-04,3.051781E-05,-.002
3.521761,-9.15532E-05,2.899189E-04,-.002
3.522761,7.629441E-05,9.918259E-05,6.66667E-04
3.523762,-3.814721E-05,0,-6.66667E-04
3.524762,-1.06812E-04,4.577655E-04,-.001
3.525763,4.57766E-05,3.967304E-04,6.66667E-04
3.526763,-2.288828E-04,5.722083E-04,.001
3.527764,-3.967304E-04,4.959144E-04,-6.66667E-04
3.528764,-1.220712E-04,8.392381E-05,-6.66667E-04
3.529765,2.441425E-04,-2.517719E-04,.001
3.530766,3.738422E-04,-1.831064E-04,-.001
3.531766,5.722083E-04,-5.340613E-04,6.66667E-04
3.532766,4.348774E-04,-5.264319E-04,6.66667E-04
3.533767,7.629441E-05,-3.738422E-04,-6.66667E-04
3.534767,-7.629441E-05,-8.621253E-04,-.001
3.535768,3.12807E-04,-9.7657E-04,-6.66667E-04
3.536768,3.204364E-04,-7.171668E-04,-.002
3.537769,2.365122E-04,-8.392381E-05,-.001
3.538769,4.57766E-05,2.365122E-04,-.002
3.53977,-1.06812E-04,2.288828E-04,-.002
3.540771,-1.678476E-04,-2.517719E-04,-.002
3.541771,-2.670307E-04,-3.814721E-05,2.33333E-03
3.542771,-2.670307E-04,4.57766E-05,-.001
3.543772,-5.340613E-04,8.392381E-05,6.66667E-04
3.544772,-4.501361E-04,-9.918259E-05,-6.66667E-04
3.545773,-1.678476E-04,2.441425E-04,.001
3.546773,1.06812E-04,3.814716E-04,-.001
3.547774,4.959144E-04,3.204364E-04,-6.66667E-04
3.548774,3.814721E-05,2.670307E-04,-.001
3.549775,-2.822895E-04,6.103562E-05,-6.66667E-04
3.550776,-3.738422E-04,-2.13624E-04,-6.66667E-04
3.551776,-3.738422E-04,-2.975482E-04,.001
3.552776,-4.806537E-04,-1.3733E-04,-6.66667E-04
3.553777,-2.212534E-04,-1.907358E-04,-.002
3.554777,-6.103562E-05,-1.75477E-04,6.66667E-04
3.555778,-2.441425E-04,-4.119892E-04,.001
3.556778,-1.449594E-04,-2.13624E-04,-.001
3.557779,3.89101E-04,-1.678476E-04,-2.33333E-03
3.558779,3.280658E-04,7.629453E-06,6.66667E-04
3.55978,-2.822895E-04,-1.449594E-04,-.002
3.560781,-5.340599E-05,-3.280658E-04,-.002
3.561781,-8.392381E-05,4.57766E-05,-.002
3.562781,-4.27248E-04,-3.585834E-04,-6.66667E-04
3.563782,-1.525888E-04,-7.476844E-04,-6.66667E-04
3.564783,5.340599E-05,-3.051776E-04,-.002
3.565783,2.517719E-04,-2.365122E-04,-6.66667E-04
3.566783,4.196186E-04,-1.831064E-04,-6.66667E-04
3.567784,3.662128E-04,-4.57766E-05,-.001
3.568784,1.75477E-04,4.57766E-05,-.001
3.569785,2.670307E-04,1.449594E-04,.001
3.570786,1.525888E-04,1.983652E-04,-.001
3.571786,2.441425E-04,2.059946E-04,-.001
3.572786,4.196186E-04,3.12807E-04,-.001
3.573787,4.730243E-04,1.602182E-04,6.66667E-04
3.574788,4.501361E-04,-5.340599E-05,6.66667E-04
3.575788,2.670307E-04,1.983652E-04,-6.66667E-04
3.576788,-5.340599E-05,3.814721E-05,-6.66667E-04
3.577789,6.103562E-05,-1.75477E-04,-.002
3.578789,3.356952E-04,-1.525891E-05,6.66667E-04
3.57979,2.899189E-04,9.15532E-05,.001
3.580791,1.983652E-04,1.831064E-04,-.002
3.581791,-1.983652E-04,-7.629441E-05,6.66667E-04
3.582791,-1.907358E-04,-1.06812E-04,.001
3.583792,-1.06812E-04,2.899189E-04,-.001
3.584793,-8.392381E-05,3.662128E-04,-.001
3.585793,1.983652E-04,2.899189E-04,-2.33333E-03
3.586793,7.629453E-06,3.738422E-04,-6.66667E-04
3.587794,2.059946E-04,3.433246E-04,-.002
3.588794,3.814721E-05,5.340599E-05,6.66667E-04
3.589795,4.57766E-05,-2.670307E-04,-.002
3.590796,-1.06812E-04,-3.50954E-04,-.001
3.591796,-9.918259E-05,-2.975482E-04,-6.66667E-04
3.592796,-9.918259E-05,-6.866502E-05,-6.66667E-04
3.593797,-9.918259E-05,-4.348774E-04,6.66667E-04
3.594798,-2.13624E-04,-4.730243E-04,-.001
3.595798,-1.297006E-04,-2.822895E-04,-6.66667E-04
3.596798,-1.983652E-04,-1.144414E-04,-6.66667E-04
3.597799,-3.814716E-04,3.814721E-05,-.001
3.598799,-2.822895E-04,-2.441425E-04,6.66667E-04
3.5998,-1.06812E-04,-2.594013E-04,-.001
3.600801,-1.525888E-04,-4.730243E-04,-6.66667E-04
3.601801,-1.602182E-04,-5.340613E-04,-6.66667E-04
3.602801,-3.051776E-04,-1.449594E-04,6.66667E-04
3.603802,1.525888E-04,-4.653949E-04,6.66667E-04
3.604803,7.629441E-05,-5.340613E-04,-.001
3.605803,-8.392381E-05,-5.111732E-04,-2.33333E-03
3.606803,-1.525891E-05,-5.569495E-04,-6.66667E-04
3.607804,-1.297006E-04,-1.06812E-04,.001
3.608804,-4.57766E-05,-2.899189E-04,6.66667E-04
3.609805,-2.28883E-05,-6.866502E-05,-3.66667E-03
3.610806,-3.433246E-04,5.340599E-05,-.001
3.611806,-5.798377E-04,-1.06812E-04,-.001
3.612806,-2.899189E-04,-3.89101E-04,.002
3.613807,7.629453E-06,-4.959144E-04,-.002
3.614808,3.814721E-05,-2.441425E-04,.001
3.615808,-3.814721E-05,-7.629453E-06,6.66667E-04
3.616808,8.392381E-05,0,-.001
3.617809,2.288828E-04,-2.28883E-05,.001
3.618809,2.288828E-04,2.28883E-05,-.001
3.61981,-1.525888E-04,1.525888E-04,-.001
3.620811,7.629453E-06,3.051781E-05,.002
3.621811,-2.059946E-04,-1.678476E-04,-.002
3.622811,-1.3733E-04,-4.501361E-04,6.66667E-04
3.623812,-1.297006E-04,-1.297006E-04,-6.66667E-04
3.624813,0,-1.525888E-04,-.002
3.625813,9.918259E-05,-1.831064E-04,-6.66667E-04
3.626813,1.678476E-04,-3.585834E-04,.001
3.627814,-5.340599E-05,-4.730243E-04,-.001
3.628814,3.662128E-04,-2.13624E-04,-.001
3.629815,3.662128E-04,-2.28883E-05,.001
3.630816,4.196186E-04,-1.602182E-04,-.001
3.631816,4.196186E-04,-3.738422E-04,.001
3.632816,3.585834E-04,-5.111732E-04,-6.66667E-04
3.633817,6.103562E-05,-6.713904E-04,-6.66667E-04
3.634818,1.75477E-04,-5.874671E-04,-.002
3.635818,-4.57766E-05,-1.525888E-04,.001
3.636818,5.340599E-05,-6.103562E-05,6.66667E-04
3.637819,2.13624E-04,1.449594E-04,-6.66667E-04
3.638819,-7.629453E-06,7.629453E-06,6.66667E-04
3.63982,3.051781E-05,7.629453E-06,.001
3.640821,9.918259E-05,2.594013E-04,.001
3.641821,-1.75477E-04,1.983652E-04,.001
3.642821,-1.75477E-04,7.629441E-05,.001
3.643822,1.297006E-04,-4.119892E-04,-6.66667E-04
3.644823,1.678476E-04,-5.493201E-04,-.001
3.645823,1.602182E-04,-1.525888E-04,-2.33333E-03
3.646823,2.670307E-04,-1.525891E-05,-6.66667E-04
3.647824,2.059946E-04,5.340599E-05,-3.66667E-03
3.648824,-2.28883E-05,9.918259E-05,-3.66667E-03
3.649825,-1.525888E-04,0,-.001
3.650826,0,-2.822895E-04,-6.66667E-04
3.651826,2.059946E-04,-3.280658E-04,.001
3.652826,3.280658E-04,-4.196186E-04,.001
3.653827,1.449594E-04,-4.043598E-04,-6.66667E-04
3.654828,4.57766E-05,-1.983652E-04,6.66667E-04
3.655828,4.57766E-05,7.629441E-05,-.001
3.656828,3.814721E-05,1.3733E-04,-.001
3.657829,-9.15532E-05,7.629441E-05,-.002
3.658829,-3.051776E-04,1.06812E-04,-6.66667E-04
3.65983,-4.501361E-04,1.907358E-04,-3.66667E-03
3.66083,-2.975482E-04,1.602182E-04,-2.33333E-03
3.661831,4.119892E-04,-1.602182E-04,.001
3.662831,1.831064E-04,7.629453E-06,.001
3.663832,8.392381E-05,-1.220712E-04,-6.66667E-04
3.664833,-2.28883E-05,-5.645789E-04,-.002
3.665833,-8.392381E-05,-3.12807E-04,.001
3.666833,9.918259E-05,-2.517719E-04,6.66667E-04
3.667834,3.433246E-04,-1.3733E-04,-2.33333E-03
3.668834,5.264319E-04,-3.50954E-04,-.002
3.669835,3.50954E-04,-6.027259E-04,-6.66667E-04
3.670835,3.89101E-04,-3.051776E-04,-6.66667E-04
3.671836,5.111732E-04,0,6.66667E-04
3.672836,3.280658E-04,2.13624E-04,-6.66667E-04
3.673837,-6.866502E-05,2.441425E-04,-6.66667E-04
3.674838,7.629453E-06,4.57766E-05,6.66667E-04
3.675838,-4.57766E-05,1.525888E-04,-.002
3.676838,5.340599E-05,2.822895E-04,-6.66667E-04
3.677839,-9.918259E-05,3.967304E-04,.001
3.678839,-4.959144E-04,5.569495E-04,-3.66667E-03
3.67984,-4.501361E-04,2.059946E-04,2.33333E-03
3.68084,-3.50954E-04,3.051781E-05,-.002
3.681841,0,-2.13624E-04,-.001
3.682841,1.449594E-04,1.297006E-04,-.002
3.683842,3.204364E-04,2.594013E-04,-.001
3.684843,2.822895E-04,1.297006E-04,-6.66667E-04
3.685843,6.332435E-04,-1.75477E-04,-.001
3.686843,3.662128E-04,-7.629441E-05,-.001
3.687844,-5.340599E-05,1.144414E-04,-6.66667E-04
3.688844,-2.822895E-04,6.866502E-05,-.002
3.689845,-1.06812E-04,-2.517719E-04,.001
3.690845,1.144414E-04,-3.585834E-04,-.001
3.691846,-6.103562E-05,-1.831064E-04,-6.66667E-04
3.692847,-1.525888E-04,2.594013E-04,-2.33333E-03
3.693847,-2.517719E-04,6.561317E-04,6.66667E-04
3.694848,-3.433246E-04,8.392371E-04,.001
3.695848,-3.50954E-04,6.408729E-04,-.002
3.696848,-2.365122E-04,4.730243E-04,-6.66667E-04
3.697849,1.144414E-04,1.831064E-04,-3.66667E-03
3.698849,4.806537E-04,-1.144414E-04,6.66667E-04
3.69985,6.179847E-04,-3.204364E-04,-.001
3.70085,1.75477E-04,-3.204364E-04,-6.66667E-04
3.701851,-2.975482E-04,-6.103562E-05,-.002
3.702852,-7.934608E-04,0,-.001
3.703852,-7.40055E-04,1.06812E-04,6.66667E-04
3.704853,-7.095374E-04,1.525891E-05,-6.66667E-04
3.705853,-6.103553E-04,-1.3733E-04,-6.66667E-04
3.706853,-3.204364E-04,2.975482E-04,.001
3.707854,-2.28883E-05,4.88285E-04,-6.66667E-04
3.708854,2.746601E-04,4.88285E-04,-6.66667E-04
3.709855,4.730243E-04,3.814716E-04,6.66667E-04
3.710855,5.340599E-05,2.594013E-04,-.001
3.711856,1.602182E-04,7.629441E-05,.001
3.712857,1.525888E-04,3.356952E-04,-6.66667E-04
3.713857,1.144414E-04,2.746601E-04,6.66667E-04
3.714858,1.449594E-04,-2.28883E-05,.002
3.715858,-6.103562E-05,-1.297006E-04,.001
3.716858,9.15532E-05,-3.051781E-05,-.002
3.717859,1.06812E-04,9.918259E-05,-.001
3.718859,-1.602182E-04,2.975482E-04,.001
3.71986,-1.297006E-04,5.950965E-04,6.66667E-04
3.72086,1.06812E-04,7.095374E-04,-6.66667E-04
3.721861,-6.866502E-05,2.670307E-04,-.001
3.722862,-2.13624E-04,-1.678476E-04,6.66667E-04
3.723862,9.918259E-05,-2.899189E-04,-.001
3.724863,2.899189E-04,-9.918259E-05,-.001
3.725863,1.297006E-04,-6.103562E-05,-.002
3.726863,-1.297006E-04,-1.220712E-04,-6.66667E-04
3.727864,3.051781E-05,-3.814721E-05,-6.66667E-04
3.728864,1.525888E-04,-2.13624E-04,-.001
3.729865,2.975482E-04,3.051781E-05,-6.66667E-04
3.730865,2.822895E-04,-1.449594E-04,6.66667E-04
3.731866,3.585834E-04,1.06812E-04,6.66667E-04
3.732867,2.670307E-04,-1.75477E-04,-6.66667E-04
3.733867,8.392381E-05,-3.585834E-04,.002
3.734868,-1.678476E-04,5.340599E-05,-.001
3.735868,-4.348774E-04,2.212534E-04,6.66667E-04
3.736868,-4.806537E-04,6.866502E-05,-.001
3.737869,-6.332435E-04,-8.392381E-05,-6.66667E-04
3.73887,-3.356952E-04,2.441425E-04,6.66667E-04
3.73987,-5.340613E-04,5.798377E-04,.001
3.74087,-1.907358E-04,4.27248E-04,-.001
3.741871,-2.670307E-04,3.12807E-04,-.002
3.742872,-1.144414E-04,2.059946E-04,.001
3.743872,1.831064E-04,-3.280658E-04,.001
3.744873,3.967304E-04,-5.264319E-04,6.66667E-04
3.745873,4.730243E-04,-5.798377E-04,-.001
3.746873,2.594013E-04,-6.103562E-05,-6.66667E-04
3.747874,-1.06812E-04,-1.144414E-04,6.66667E-04
3.748875,0,6.866502E-05,-6.66667E-04
3.749875,3.814721E-05,2.059946E-04,6.66667E-04
3.750875,1.144414E-04,-3.051781E-05,.001
3.751876,2.212534E-04,-2.13624E-04,-6.66667E-04
3.752877,1.525888E-04,6.866502E-05,-6.66667E-04
3.753877,1.144414E-04,2.594013E-04,-.001
3.754878,2.899189E-04,2.975482E-04,-.002
3.755878,4.730243E-04,2.212534E-04,.001
3.756878,8.392381E-05,1.525888E-04,-.002
3.757879,-2.517719E-04,4.653949E-04,-6.66667E-04
3.75888,-2.670307E-04,3.12807E-04,-6.66667E-04
3.75988,0,-4.57766E-05,6.66667E-04
3.76088,4.425067E-04,8.392381E-05,-6.66667E-04
3.761881,1.75477E-04,8.392381E-05,6.66667E-04
3.762882,1.449594E-04,1.525888E-04,-6.66667E-04
3.763882,6.027259E-04,2.365122E-04,-.001
3.764883,4.806537E-04,3.585834E-04,6.66667E-04
3.765883,9.918259E-05,4.27248E-04,-.001
3.766883,-1.06812E-04,5.340613E-04,6.66667E-04
3.767884,-4.27248E-04,5.111732E-04,.001
3.768885,-5.111732E-04,2.899189E-04,-.001
3.769885,-8.621253E-04,-7.629453E-06,-2.33333E-03
3.770885,-6.485023E-04,5.264319E-04,-.001
3.771886,-3.967304E-04,8.316077E-04,-6.66667E-04
3.772887,0,2.670307E-04,-.001
3.773887,3.585834E-04,-6.103562E-05,-6.66667E-04
3.774888,4.806537E-04,-1.3733E-04,-6.66667E-04
3.775888,3.356952E-04,-3.50954E-04,-.001
3.776888,-3.280658E-04,-4.959144E-04,-6.66667E-04
3.777889,-5.340613E-04,-1.678476E-04,-6.66667E-04
3.77889,-9.689368E-04,4.27248E-04,-.002
3.77989,-9.53678E-04,3.738422E-04,-.001
3.78089,-4.88285E-04,1.983652E-04,-6.66667E-04
3.781891,-1.75477E-04,8.392381E-05,-.001
3.782892,0,-7.629453E-06,2.33333E-03
3.783892,2.28883E-05,-2.670307E-04,-6.66667E-04
3.784893,9.918259E-05,7.629453E-06,-.001
3.785893,0,2.594013E-04,.001
3.786893,-2.746601E-04,-1.525891E-05,6.66667E-04
3.787894,-5.111732E-04,-1.144414E-04,6.66667E-04
3.788895,-5.340613E-04,-3.051776E-04,.001
3.789895,-3.50954E-04,-6.103562E-05,.002
3.790895,-2.594013E-04,1.602182E-04,-.002
3.791896,-6.256141E-04,2.670307E-04,-6.66667E-04
3.792897,-4.88285E-04,1.75477E-04,-6.66667E-04
3.793897,-1.449594E-04,-2.365122E-04,-.001
3.794898,1.297006E-04,-1.983652E-04,6.66667E-04
3.795898,1.678476E-04,4.57766E-05,-.002
3.796898,-7.629453E-06,-3.051781E-05,-.002
3.797899,-1.3733E-04,2.594013E-04,-6.66667E-04
3.7989,-3.585834E-04,8.392381E-05,-2.33333E-03
3.7999,-3.738422E-04,3.12807E-04,.001
3.8009,-3.585834E-04,3.967304E-04,-6.66667E-04
3.801901,-3.204364E-04,3.738422E-04,-3.66667E-03
3.802902,1.525888E-04,4.501361E-04,-2.33333E-03
3.803902,1.220712E-04,8.850135E-04,6.66667E-04
3.804903,1.06812E-04,8.239783E-04,-6.66667E-04
3.805903,-2.28883E-05,5.035438E-04,-3.66667E-03
3.806903,-7.629453E-06,7.629441E-05,-6.66667E-04
3.807904,-1.06812E-04,4.196186E-04,-.001
3.808905,3.051781E-05,1.678476E-04,-6.66667E-04
3.809905,2.899189E-04,-4.196186E-04,-6.66667E-04
3.810905,4.577655E-04,-6.027259E-04,-6.66667E-04
3.811906,6.790198E-04,-4.806537E-04,-6.66667E-04
3.812907,4.27248E-04,-3.356952E-04,.001
3.813907,2.212534E-04,-4.27248E-04,-3.66667E-03
3.814908,1.525888E-04,-2.899189E-04,6.66667E-04
3.815908,6.866502E-05,4.57766E-05,-6.66667E-04
3.816908,-7.629441E-05,2.441425E-04,.002
3.817909,-7.629441E-05,-6.103562E-05,.001
3.81891,0,-2.670307E-04,-6.66667E-04
3.81991,-2.28883E-05,-3.051781E-05,6.66667E-04
3.82091,4.57766E-05,9.15532E-05,-.001
3.821911,1.983652E-04,2.059946E-04,-.002
3.822912,3.738422E-04,9.918259E-05,-6.66667E-04
3.823912,4.119892E-04,1.75477E-04,-6.66667E-04
3.824913,1.525888E-04,3.814721E-05,.001
3.825913,5.035438E-04,-1.06812E-04,6.66667E-04
3.826913,3.662128E-04,-4.57766E-05,-.001
3.827914,1.525888E-04,2.059946E-04,.001
3.828915,4.348774E-04,3.662128E-04,-6.66667E-04
3.829915,5.340613E-04,6.103553E-04,-.002
3.830915,5.874671E-04,6.561317E-04,-.001
3.831916,5.874671E-04,5.111732E-04,-6.66667E-04
3.832916,-3.051781E-05,2.975482E-04,.001
3.833917,-2.28883E-05,-8.392381E-05,6.66667E-04
3.834918,-3.814721E-05,0,-.001
3.835918,-1.525891E-05,-6.103562E-05,-.004
3.836918,-4.57766E-05,-3.204364E-04,6.66667E-04
3.837919,-4.27248E-04,-1.678476E-04,-6.66667E-04
3.83892,-4.119892E-04,-9.918259E-05,-6.66667E-04
3.83992,-5.340613E-04,2.670307E-04,2.33333E-03
3.84092,-4.806537E-04,2.365122E-04,-6.66667E-04
3.841921,-3.50954E-04,1.144414E-04,-.002
3.842921,-2.441425E-04,-9.918259E-05,-6.66667E-04
3.843922,1.06812E-04,-4.806537E-04,-.001
3.844923,8.392381E-05,-6.179847E-04,2.33333E-03
3.845923,1.144414E-04,-4.577655E-04,-6.66667E-04
3.846923,2.13624E-04,-1.525891E-05,-.002
3.847924,9.918259E-05,3.356952E-04,-6.66667E-04
3.848925,2.899189E-04,3.585834E-04,-6.66667E-04
3.849925,3.967304E-04,3.356952E-04,-3.66667E-03
3.850925,2.594013E-04,1.3733E-04,6.66667E-04
3.851926,2.365122E-04,1.525891E-05,.001
3.852926,9.918259E-05,4.119892E-04,-6.66667E-04
3.853927,1.602182E-04,2.822895E-04,-6.66667E-04
3.854928,1.220712E-04,-1.06812E-04,-6.66667E-04
3.855928,7.629441E-05,-1.602182E-04,-6.66667E-04
3.856929,5.645789E-04,-3.280658E-04,-6.66667E-04
3.857929,3.967304E-04,-2.594013E-04,-6.66667E-04
3.85893,-1.06812E-04,-2.746601E-04,.001
3.85993,7.629453E-06,-6.866502E-05,-.002
3.86093,-2.441425E-04,9.15532E-05,.001
3.861931,-1.907358E-04,-6.866502E-05,-.001
3.862931,-2.212534E-04,6.866502E-05,.001
3.863932,-1.907358E-04,1.297006E-04,.001
3.864933,-2.594013E-04,1.525888E-04,-6.66667E-04
3.865933,0,-1.220712E-04,-.002
3.866934,1.907358E-04,-1.06812E-04,.002
3.867934,4.959144E-04,2.059946E-04,.002
3.868935,3.433246E-04,-3.814721E-05,6.66667E-04
3.869935,1.144414E-04,-2.212534E-04,-6.66667E-04
3.870935,-1.06812E-04,-1.983652E-04,-6.66667E-04
3.871936,2.746601E-04,-3.051776E-04,-.001
3.872936,4.57766E-05,-4.043598E-04,-.002
3.873937,-5.722083E-04,0,6.66667E-04
3.874938,-5.722083E-04,2.594013E-04,6.66667E-04
3.875938,-7.171668E-04,2.288828E-04,-.002
3.876939,-7.40055E-04,3.051781E-05,-.002
3.877939,-2.670307E-04,3.280658E-04,-6.66667E-04
3.87894,1.983652E-04,2.746601E-04,6.66667E-04
3.87994,5.798377E-04,4.425067E-04,-.001
3.88094,3.814716E-04,4.425067E-04,-.001
3.881941,-1.525891E-05,3.12807E-04,-6.66667E-04
3.882941,-1.75477E-04,3.967304E-04,2.33333E-03
3.883942,-2.059946E-04,2.365122E-04,-.002
3.884943,-4.959144E-04,2.059946E-04,-.002
3.885943,-2.13624E-04,1.983652E-04,.001
3.886944,-1.144414E-04,-6.866502E-05,.001
3.887944,3.814721E-05,1.3733E-04,-.001
3.888945,-2.288828E-04,7.629441E-05,-6.66667E-04
3.889945,-1.144414E-04,4.57766E-05,.001
3.890945,-3.738422E-04,2.594013E-04,-3.66667E-03
3.891946,5.340599E-05,-9.918259E-05,-6.66667E-04
3.892946,4.425067E-04,3.051781E-05,-.002
3.893947,2.059946E-04,6.103562E-05,-.002
3.894948,3.814721E-05,9.918259E-05,-.001
3.895948,9.15532E-05,-1.449594E-04,-2.33333E-03
3.896949,9.918259E-05,-3.433246E-04,-.001
3.897949,1.831064E-04,-9.918259E-05,-.002
3.89895,2.059946E-04,-9.918259E-05,-.002
3.89995,3.051776E-04,6.103562E-05,6.66667E-04
3.90095,2.670307E-04,8.392381E-05,.001
3.901951,-8.392381E-05,-6.103562E-05,-.002
3.902952,0,-2.822895E-04,-.001
3.903952,-6.103562E-05,-2.975482E-04,.001
3.904953,-2.28883E-05,-1.525888E-04,-.002
3.905953,-2.059946E-04,2.670307E-04,6.66667E-04
3.906954,-1.144414E-04,3.967304E-04,-.001
3.907954,1.525888E-04,5.111732E-04,6.66667E-04
3.908955,3.051781E-05,3.051776E-04,.001
3.909955,0,2.441425E-04,-.001
3.910955,3.585834E-04,-9.15532E-05,-2.33333E-03
3.911956,4.730243E-04,-5.340599E-05,-6.66667E-04
3.912957,7.78202E-04,-2.365122E-04,-6.66667E-04
3.913957,7.858314E-04,-1.297006E-04,-3.66667E-03
3.914958,4.196186E-04,9.15532E-05,-2.33333E-03
3.915958,-5.340599E-05,2.059946E-04,6.66667E-04
3.916959,3.662128E-04,5.264319E-04,6.66667E-04
3.917959,5.416907E-04,5.340599E-05,-6.66667E-04
3.91896,-3.814721E-05,-5.340599E-05,-.002
3.91996,-1.06812E-04,9.918259E-05,-.001
3.92096,-2.059946E-04,1.449594E-04,.001
3.921961,-1.983652E-04,-4.57766E-05,-6.66667E-04
3.922962,-4.27248E-04,3.12807E-04,-.002
3.923962,-3.12807E-04,2.975482E-04,-6.66667E-04
3.924963,1.907358E-04,1.220712E-04,6.66667E-04
3.925963,-8.392381E-05,-1.06812E-04,-.001
3.926964,-3.433246E-04,3.051781E-05,6.66667E-04
3.927964,-1.983652E-04,1.831064E-04,-.001
3.928965,-1.3733E-04,-9.918259E-05,-.001
3.929965,-2.746601E-04,7.629453E-06,-.001
3.930965,-2.13624E-04,-3.280658E-04,-.002
3.931966,-3.433246E-04,-6.103553E-04,6.66667E-04
3.932967,-1.678476E-04,-5.645789E-04,-6.66667E-04
3.933967,-1.75477E-04,-1.144414E-04,-6.66667E-04
3.934968,-1.907358E-04,2.899189E-04,-2.33333E-03
3.935968,-2.212534E-04,5.645789E-04,-.002
3.936969,-2.975482E-04,5.569495E-04,.001
3.937969,-1.75477E-04,4.57766E-05,6.66667E-04
3.93897,-1.602182E-04,-1.220712E-04,.002
3.93997,9.15532E-05,-2.441425E-04,-6.66667E-04
3.94097,-2.670307E-04,1.06812E-04,-6.66667E-04
3.941971,-3.738422E-04,2.670307E-04,.001
3.942972,-1.297006E-04,3.051776E-04,.001
3.943972,7.629453E-06,1.525891E-05,6.66667E-04
3.944973,-1.06812E-04,-1.983652E-04,-.001
3.945973,-1.06812E-04,-1.525888E-04,6.66667E-04
3.946974,3.051776E-04,1.525888E-04,-6.66667E-04
3.947974,2.13624E-04,1.220712E-04,-6.66667E-04
3.948975,-2.212534E-04,-3.204364E-04,.002
3.949975,-2.670307E-04,-2.746601E-04,-6.66667E-04
3.950975,-3.814721E-05,-3.051776E-04,-.002
3.951976,9.918259E-05,-2.670307E-04,.001
3.952977,0,-3.204364E-04,-.001
3.953977,1.220712E-04,-1.678476E-04,-6.66667E-04
3.954978,3.051776E-04,-3.356952E-04,-6.66667E-04
3.955978,2.594013E-04,-3.89101E-04,-.001
3.956979,-9.15532E-05,-3.662128E-04,-6.66667E-04
3.957979,1.06812E-04,-4.57766E-05,6.66667E-04
3.95898,3.356952E-04,4.57766E-05,-.002
3.95998,5.416907E-04,1.678476E-04,-.002
3.96098,5.798377E-04,2.746601E-04,6.66667E-04
3.961981,4.425067E-04,5.340613E-04,6.66667E-04
3.962982,3.50954E-04,4.196186E-04,6.66667E-04
3.963982,3.89101E-04,1.75477E-04,-.001
3.964983,5.798377E-04,3.051781E-05,-.001
3.965983,7.247962E-04,-8.392381E-05,-.001
3.966984,8.392371E-04,-1.525891E-05,-6.66667E-04
3.967984,6.332435E-04,-2.28883E-05,2.33333E-03
3.968985,5.874671E-04,-3.204364E-04,-6.66667E-04
3.969985,6.790198E-04,-1.297006E-04,-.001
3.970985,3.12807E-04,-7.629441E-05,.001
3.971986,2.059946E-04,-7.629441E-05,-.001
3.972987,2.288828E-04,-3.051781E-05,6.66667E-04
3.973987,4.57766E-05,-1.525888E-04,-6.66667E-04
3.974988,0,-2.13624E-04,-6.66667E-04
3.975988,1.144414E-04,-1.220712E-04,-6.66667E-04
3.976989,1.144414E-04,-1.525888E-04,-6.66667E-04
3.977989,-4.57766E-05,-5.035438E-04,6.66667E-04
3.97899,-1.907358E-04,-3.662128E-04,-.002
3.97999,-2.365122E-04,-6.103553E-04,-.001
3.98099,-1.220712E-04,-3.356952E-04,.001
3.981991,-2.212534E-04,-3.814716E-04,.001
3.982992,-2.288828E-04,-2.212534E-04,-6.66667E-04
3.983992,-1.297006E-04,-2.441425E-04,-2.33333E-03
3.984993,-1.678476E-04,-3.814721E-05,-.002
3.985993,-1.525891E-05,2.517719E-04,-.001
3.986994,6.866502E-05,-1.06812E-04,.001
3.987994,9.918259E-05,-1.602182E-04,-6.66667E-04
3.988995,1.3733E-04,4.119892E-04,.001
3.989995,2.28883E-05,2.441425E-04,6.66667E-04
3.990995,-4.119892E-04,-2.288828E-04,-.001
3.991996,-4.425067E-04,-3.738422E-04,-2.33333E-03
3.992997,-1.525888E-04,-6.866502E-05,.001
3.993997,-3.051781E-05,7.629453E-06,-.001
3.994998,0,-2.13624E-04,-6.66667E-04
3.995998,3.433246E-04,-4.27248E-04,-3.66667E-03
3.996999,4.27248E-04,1.525891E-05,-.002
3.997999,7.629441E-05,-9.918259E-05,6.66667E-04
3.999,8.392381E-05,-4.730243E-04,-.001
4,3.051776E-04,-5.340613E-04,-6.66667E-04
