"c:\users\esrlabn1\desktop\bence\ir_spectroscopy\532nm_odmr\magnet_map_2_680nm\231.dat  ---  04-28-2026 01:33:59"
""
"cavityli 20 2 4 2000 1 0 0"
"                             ;                             ;seth_xesr_precise 62.6 1 0 -0.23972602739726057"
"setlockin 188.67 0.004 0 0.03 0.2"
4,2000
2,3.967304E-04,-6.866502E-05,6.66667E-04
2.001,6.103553E-04,9.15532E-05,-.001
2.002001,5.798377E-04,6.866502E-05,-.001
2.003001,4.425067E-04,-3.433246E-04,-.001
2.004002,3.662128E-04,-3.89101E-04,-.001
2.005002,1.525888E-04,-4.577655E-04,.001
2.006003,6.103562E-05,-3.967304E-04,6.66667E-04
2.007004,-1.06812E-04,-2.441425E-04,-.002
2.008004,-1.602182E-04,3.662128E-04,6.66667E-04
2.009005,-5.950965E-04,7.40055E-04,-6.66667E-04
2.010005,-3.204364E-04,3.433246E-04,.001
2.011005,-1.06812E-04,3.814721E-05,6.66667E-04
2.012006,0,1.907358E-04,6.66667E-04
2.013006,-1.06812E-04,-4.27248E-04,-6.66667E-04
2.014007,-2.670307E-04,-7.858314E-04,.002
2.015007,-3.585834E-04,-5.874671E-04,6.66667E-04
2.016008,-5.340613E-04,-8.392381E-05,.001
2.017009,-6.408729E-04,1.602182E-04,-.001
2.018009,-3.738422E-04,-2.28883E-05,6.66667E-04
2.01901,-1.449594E-04,4.57766E-05,6.66667E-04
2.02001,2.059946E-04,5.340599E-05,-.001
2.02101,4.196186E-04,-1.525891E-05,-6.66667E-04
2.022011,3.585834E-04,-1.297006E-04,-3.66667E-03
2.023011,6.103562E-05,1.525891E-05,-6.66667E-04
2.024012,-8.392381E-05,6.103562E-05,-.001
2.025012,1.75477E-04,2.212534E-04,6.66667E-04
2.026013,2.059946E-04,2.28883E-05,-6.66667E-04
2.027014,6.103562E-05,2.517719E-04,6.66667E-04
2.028014,-1.602182E-04,1.75477E-04,-.001
2.029015,-2.059946E-04,1.449594E-04,-6.66667E-04
2.030015,-1.525888E-04,-6.103562E-05,-6.66667E-04
2.031015,1.525891E-05,-1.06812E-04,-6.66667E-04
2.032016,2.594013E-04,-5.340613E-04,-.002
2.033016,1.449594E-04,-2.670307E-04,.001
2.034017,-1.144414E-04,-2.899189E-04,-6.66667E-04
2.035017,1.75477E-04,2.441425E-04,-6.66667E-04
2.036018,9.15532E-05,2.594013E-04,-6.66667E-04
2.037019,-3.204364E-04,1.3733E-04,-6.66667E-04
2.038019,-4.806537E-04,6.103562E-05,-6.66667E-04
2.03902,-3.433246E-04,-5.340599E-05,6.66667E-04
2.04002,-5.340599E-05,1.297006E-04,.002
2.04102,1.525891E-05,2.365122E-04,-.001
2.042021,2.365122E-04,3.12807E-04,-.002
2.043021,6.866502E-05,1.831064E-04,-.001
2.044022,-1.525891E-05,-3.814721E-05,-6.66667E-04
2.045022,-1.678476E-04,-1.75477E-04,.001
2.046023,-2.517719E-04,1.220712E-04,-.001
2.047024,0,4.196186E-04,6.66667E-04
2.048024,1.983652E-04,6.103562E-05,.002
2.049025,9.918259E-05,-5.340613E-04,-.001
2.050025,3.051781E-05,-6.027259E-04,6.66667E-04
2.051026,-2.13624E-04,-1.75477E-04,-6.66667E-04
2.052026,-6.103562E-05,2.517719E-04,-6.66667E-04
2.053026,-1.220712E-04,3.051776E-04,-2.33333E-03
2.054027,2.13624E-04,2.517719E-04,-6.66667E-04
2.055027,3.50954E-04,-2.822895E-04,-.001
2.056028,2.594013E-04,-3.280658E-04,-6.66667E-04
2.057029,-3.051776E-04,-3.814716E-04,6.66667E-04
2.058029,-1.144414E-04,-3.12807E-04,-6.66667E-04
2.05903,1.525888E-04,4.57766E-05,.001
2.06003,4.959144E-04,3.814721E-05,6.66667E-04
2.061031,4.653949E-04,-3.12807E-04,6.66667E-04
2.062031,3.12807E-04,-3.12807E-04,-.002
2.063031,3.89101E-04,-4.043598E-04,6.66667E-04
2.064032,1.3733E-04,3.814721E-05,-.001
2.065032,7.629453E-06,-1.525891E-05,-2.33333E-03
2.066033,1.297006E-04,5.340599E-05,-.001
2.067034,1.907358E-04,4.196186E-04,-2.33333E-03
2.068034,1.3733E-04,9.15532E-05,6.66667E-04
2.069035,1.525888E-04,-2.670307E-04,.001
2.070035,1.907358E-04,-2.517719E-04,-6.66667E-04
2.071036,1.602182E-04,-2.670307E-04,.001
2.072036,3.433246E-04,-9.918259E-05,-.002
2.073036,2.594013E-04,-1.06812E-04,-6.66667E-04
2.074037,6.103553E-04,-1.06812E-04,-6.66667E-04
2.075037,3.12807E-04,-1.831064E-04,-.001
2.076038,4.27248E-04,-1.983652E-04,-.002
2.077039,4.959144E-04,-1.907358E-04,-6.66667E-04
2.078039,7.629453E-06,-2.288828E-04,-6.66667E-04
2.07904,-4.043598E-04,-7.40055E-04,-6.66667E-04
2.08004,-3.814716E-04,-3.814716E-04,-2.33333E-03
2.081041,-3.738422E-04,-1.602182E-04,-6.66667E-04
2.082041,-4.043598E-04,-1.06812E-04,-.002
2.083041,0,3.051781E-05,-.002
2.084042,-6.103562E-05,1.983652E-04,-6.66667E-04
2.085042,-6.103562E-05,0,-6.66667E-04
2.086043,5.340599E-05,-1.06812E-04,-6.66667E-04
2.087044,-2.899189E-04,-4.57766E-05,6.66667E-04
2.088044,-8.392381E-05,1.297006E-04,.002
2.089045,3.50954E-04,4.119892E-04,-.001
2.090045,7.705726E-04,3.280658E-04,-.002
2.091046,7.858314E-04,1.75477E-04,.001
2.092046,4.959144E-04,1.144414E-04,-6.66667E-04
2.093046,4.196186E-04,3.356952E-04,-6.66667E-04
2.094047,0,4.425067E-04,-.002
2.095047,5.340599E-05,7.629441E-05,6.66667E-04
2.096048,7.40055E-04,-2.670307E-04,-3.66667E-03
2.097049,3.967304E-04,-3.204364E-04,-.001
2.098049,6.103562E-05,-6.103562E-05,-6.66667E-04
2.09905,-1.525888E-04,3.814721E-05,-6.66667E-04
2.10005,-2.13624E-04,4.806537E-04,-.001
2.101051,-9.15532E-05,4.88285E-04,-6.66667E-04
2.102051,1.525888E-04,2.594013E-04,-6.66667E-04
2.103051,8.392381E-05,4.57766E-05,.001
2.104052,1.220712E-04,-9.15532E-05,6.66667E-04
2.105052,-2.899189E-04,-1.678476E-04,-6.66667E-04
2.106053,-1.297006E-04,3.814716E-04,-.001
2.107054,-2.28883E-05,5.798377E-04,.001
2.108054,-1.525888E-04,2.670307E-04,-3.66667E-03
2.109055,2.13624E-04,2.517719E-04,-6.66667E-04
2.110055,2.13624E-04,-3.051781E-05,.002
2.111056,3.280658E-04,3.814721E-05,.001
2.112056,5.264319E-04,4.348774E-04,-.002
2.113056,6.63761E-04,6.713904E-04,6.66667E-04
2.114057,1.831064E-04,8.544959E-04,-6.66667E-04
2.115057,7.629453E-06,6.713904E-04,-6.66667E-04
2.116058,-3.051781E-05,3.738422E-04,-.001
2.117059,6.103562E-05,3.662128E-04,.001
2.118059,2.441425E-04,2.13624E-04,-6.66667E-04
2.11906,-1.907358E-04,1.678476E-04,-6.66667E-04
2.12006,-3.662128E-04,6.103562E-05,-.001
2.121061,-4.501361E-04,9.918259E-05,-6.66667E-04
2.122061,-6.027259E-04,-2.288828E-04,-2.33333E-03
2.123062,-8.468665E-04,-2.670307E-04,-.002
2.124062,-6.63761E-04,-3.585834E-04,-.001
2.125062,-3.662128E-04,-5.340599E-05,.002
2.126063,-4.577655E-04,3.662128E-04,.001
2.127064,-3.280658E-04,3.12807E-04,-.002
2.128064,-1.602182E-04,-2.594013E-04,-.001
2.129065,-5.416907E-04,-1.449594E-04,-.002
2.130065,-6.561317E-04,3.051781E-05,-.002
2.131066,3.204364E-04,2.670307E-04,-2.33333E-03
2.132066,5.340613E-04,2.746601E-04,-6.66667E-04
2.133067,3.585834E-04,3.967304E-04,-6.66667E-04
2.134067,5.722083E-04,3.814721E-05,.001
2.135067,3.662128E-04,-7.553138E-04,-.001
2.136068,3.051776E-04,-7.476844E-04,-6.66667E-04
2.137069,2.975482E-04,-6.332435E-04,6.66667E-04
2.138069,1.75477E-04,-2.517719E-04,6.66667E-04
2.13907,-9.15532E-05,-7.629441E-05,.001
2.14007,-2.212534E-04,7.629453E-06,-.001
2.141071,0,-3.738422E-04,-.001
2.142071,2.670307E-04,-5.340599E-05,-.002
2.143072,2.288828E-04,-1.831064E-04,-6.66667E-04
2.144072,-5.340599E-05,-2.594013E-04,-.001
2.145072,-5.264319E-04,-3.204364E-04,-.001
2.146073,-4.119892E-04,-4.425067E-04,-6.66667E-04
2.147074,-3.814721E-05,-3.738422E-04,-2.33333E-03
2.148074,1.75477E-04,-1.602182E-04,-6.66667E-04
2.149075,3.662128E-04,1.525891E-05,6.66667E-04
2.150075,2.365122E-04,2.746601E-04,-.001
2.151076,1.06812E-04,2.517719E-04,6.66667E-04
2.152076,2.059946E-04,-1.525888E-04,-6.66667E-04
2.153077,2.594013E-04,-3.280658E-04,6.66667E-04
2.154077,2.13624E-04,-1.220712E-04,-3.66667E-03
2.155077,1.06812E-04,2.517719E-04,-.001
2.156078,-1.525891E-05,-2.13624E-04,-6.66667E-04
2.157079,1.983652E-04,-1.602182E-04,-.002
2.158079,1.144414E-04,9.15532E-05,-6.66667E-04
2.15908,2.059946E-04,2.288828E-04,6.66667E-04
2.16008,-1.907358E-04,1.525891E-05,6.66667E-04
2.161081,6.103562E-05,-2.28883E-05,-.001
2.162081,-1.678476E-04,1.525891E-05,-3.66667E-03
2.163082,-2.670307E-04,-2.13624E-04,-.001
2.164082,-6.485023E-04,-3.967304E-04,-.002
2.165082,-7.705726E-04,5.340599E-05,-.001
2.166083,-5.340613E-04,-2.517719E-04,.002
2.167084,-9.15532E-05,-1.602182E-04,-6.66667E-04
2.168084,1.907358E-04,5.264319E-04,-.002
2.169085,-9.15532E-05,3.50954E-04,.001
2.170085,6.866502E-05,5.340599E-05,2.33333E-03
2.171086,-2.746601E-04,2.365122E-04,.001
2.172086,-3.814716E-04,3.89101E-04,-.002
2.173087,-1.983652E-04,3.50954E-04,6.66667E-04
2.174087,3.433246E-04,1.297006E-04,-6.66667E-04
2.175087,3.12807E-04,1.449594E-04,-6.66667E-04
2.176088,6.866502E-05,6.866502E-05,-.001
2.177088,-4.57766E-05,-1.983652E-04,-.001
2.178089,-7.629453E-06,-2.670307E-04,-.001
2.17909,1.75477E-04,-2.441425E-04,6.66667E-04
2.18009,-3.738422E-04,-3.738422E-04,-6.66667E-04
2.181091,-6.713904E-04,-2.670307E-04,6.66667E-04
2.182091,-6.027259E-04,-3.967304E-04,-3.66667E-03
2.183092,-5.340599E-05,-1.983652E-04,6.66667E-04
2.184092,1.983652E-04,7.629453E-06,.001
2.185092,-7.629453E-06,1.06812E-04,.001
2.186093,-1.831064E-04,2.059946E-04,-.001
2.187093,-3.280658E-04,4.806537E-04,-6.66667E-04
2.188094,-4.57766E-05,1.3733E-04,6.66667E-04
2.189095,-7.629441E-05,2.594013E-04,-6.66667E-04
2.190095,-3.433246E-04,1.220712E-04,-.001
2.191096,-3.89101E-04,-3.814721E-05,-2.33333E-03
2.192096,-5.035438E-04,-1.602182E-04,6.66667E-04
2.193097,-5.188026E-04,-1.06812E-04,.001
2.194097,-1.907358E-04,-2.822895E-04,-.002
2.195097,-2.13624E-04,-3.662128E-04,-6.66667E-04
2.196098,1.144414E-04,-5.569495E-04,-.001
2.197098,3.12807E-04,-2.746601E-04,6.66667E-04
2.198099,5.493201E-04,-1.220712E-04,-6.66667E-04
2.1991,3.204364E-04,-1.525891E-05,6.66667E-04
2.2001,-5.340599E-05,3.12807E-04,-6.66667E-04
2.201101,-2.822895E-04,5.264319E-04,-6.66667E-04
2.202101,2.13624E-04,4.653949E-04,-6.66667E-04
2.203102,8.392381E-05,3.280658E-04,.001
2.204102,-1.602182E-04,3.738422E-04,-.002
2.205102,-1.75477E-04,3.12807E-04,6.66667E-04
2.206103,-1.602182E-04,1.297006E-04,-6.66667E-04
2.207103,3.356952E-04,4.196186E-04,-6.66667E-04
2.208104,1.907358E-04,3.12807E-04,-6.66667E-04
2.209105,1.678476E-04,-7.629441E-05,-.001
2.210105,5.569495E-04,1.907358E-04,.001
2.211106,3.280658E-04,4.57766E-05,-6.66667E-04
2.212106,7.629441E-05,-2.212534E-04,-.001
2.213107,1.525891E-05,-1.144414E-04,.002
2.214107,-2.28883E-05,2.28883E-05,-6.66667E-04
2.215107,0,4.57766E-05,-.001
2.216108,-1.525888E-04,-1.831064E-04,-3.66667E-03
2.217108,-4.730243E-04,-3.204364E-04,-.002
2.218109,-4.196186E-04,6.866502E-05,-.002
2.21911,-3.50954E-04,1.983652E-04,-2.33333E-03
2.22011,-2.975482E-04,1.983652E-04,-.001
2.221111,-9.15532E-05,1.220712E-04,-6.66667E-04
2.222111,1.907358E-04,2.670307E-04,-6.66667E-04
2.223112,5.950965E-04,-6.866502E-05,.001
2.224112,5.035438E-04,-1.678476E-04,.002
2.225112,8.392381E-05,1.525888E-04,6.66667E-04
2.226113,-5.340599E-05,2.13624E-04,-.001
2.227113,7.629453E-06,-1.602182E-04,-.001
2.228114,2.822895E-04,0,6.66667E-04
2.229115,2.212534E-04,3.967304E-04,-6.66667E-04
2.230115,1.06812E-04,-1.525891E-05,-5.33333E-03
2.231116,1.144414E-04,-2.594013E-04,-.001
2.232116,1.449594E-04,0,-6.66667E-04
2.233117,2.975482E-04,1.525891E-05,-.002
2.234117,2.365122E-04,1.525891E-05,-6.66667E-04
2.235118,3.280658E-04,1.297006E-04,.001
2.236118,1.06812E-04,3.814716E-04,-.002
2.237118,3.662128E-04,5.493201E-04,-.001
2.238119,2.594013E-04,4.501361E-04,6.66667E-04
2.23912,2.059946E-04,4.196186E-04,-6.66667E-04
2.24012,-4.196186E-04,3.204364E-04,.001
2.241121,-4.57766E-05,1.525891E-05,.001
2.242121,-4.043598E-04,-9.15532E-05,-2.33333E-03
2.243122,-4.27248E-04,-2.365122E-04,.001
2.244122,-6.103562E-05,-2.365122E-04,.002
2.245123,-2.517719E-04,4.57766E-05,.001
2.246123,-1.525888E-04,4.57766E-05,-6.66667E-04
2.247123,-1.678476E-04,-2.975482E-04,-.002
2.248124,-9.918259E-05,-2.517719E-04,.002
2.249125,-4.57766E-05,6.866502E-05,-.001
2.250125,-6.103562E-05,1.75477E-04,-3.66667E-03
2.251126,1.3733E-04,3.662128E-04,-2.33333E-03
2.252126,1.297006E-04,5.645789E-04,-6.66667E-04
2.253127,-9.15532E-05,4.348774E-04,-6.66667E-04
2.254127,-2.441425E-04,9.918259E-05,-6.66667E-04
2.255128,-1.602182E-04,-2.28883E-05,6.66667E-04
2.256128,-1.144414E-04,-6.103562E-05,.001
2.257128,-4.043598E-04,9.918259E-05,.001
2.258129,-8.926429E-04,1.907358E-04,-.002
2.25913,-8.087195E-04,1.907358E-04,-.002
2.26013,-4.653949E-04,1.525888E-04,-6.66667E-04
2.261131,-5.340599E-05,-1.220712E-04,6.66667E-04
2.262131,2.365122E-04,-1.220712E-04,-.001
2.263132,1.525888E-04,-3.738422E-04,-6.66667E-04
2.264132,-1.602182E-04,-2.670307E-04,-.002
2.265133,-9.15532E-05,-3.89101E-04,.002
2.266133,2.441425E-04,-4.043598E-04,-6.66667E-04
2.267133,5.798377E-04,-1.907358E-04,-6.66667E-04
2.268134,5.111732E-04,-1.75477E-04,-6.66667E-04
2.269135,3.433246E-04,-5.645789E-04,-.002
2.270135,5.264319E-04,-3.204364E-04,-3.66667E-03
2.271136,4.119892E-04,1.3733E-04,-2.33333E-03
2.272136,1.678476E-04,4.501361E-04,-2.33333E-03
2.273137,9.918259E-05,8.392381E-05,-.001
2.274137,3.433246E-04,-2.13624E-04,-.002
2.275138,7.629441E-05,-2.13624E-04,6.66667E-04
2.276138,-3.738422E-04,-2.13624E-04,-6.66667E-04
2.277139,-4.119892E-04,-1.525888E-04,-.002
2.278139,-1.831064E-04,-1.602182E-04,-6.66667E-04
2.27914,-3.814721E-05,-2.670307E-04,-.001
2.28014,-9.15532E-05,-4.196186E-04,-6.66667E-04
2.281141,-1.06812E-04,-4.88285E-04,6.66667E-04
2.282141,-1.983652E-04,-2.899189E-04,.001
2.283142,-8.392381E-05,-1.144414E-04,6.66667E-04
2.284142,-4.88285E-04,-3.051781E-05,-6.66667E-04
2.285143,-6.866492E-04,-1.525891E-05,6.66667E-04
2.286143,-3.433246E-04,-2.059946E-04,.001
2.287144,-4.196186E-04,-7.629441E-05,6.66667E-04
2.288144,-4.27248E-04,-8.392381E-05,-3.66667E-03
2.289145,9.918259E-05,-3.967304E-04,-.002
2.290145,3.738422E-04,-3.12807E-04,-.001
2.291146,3.89101E-04,4.959144E-04,6.66667E-04
2.292146,8.392381E-05,5.416907E-04,.001
2.293147,-3.051781E-05,4.425067E-04,6.66667E-04
2.294147,-2.288828E-04,2.975482E-04,-6.66667E-04
2.295148,-3.356952E-04,-6.866502E-05,6.66667E-04
2.296148,-2.288828E-04,3.50954E-04,-6.66667E-04
2.297149,-1.602182E-04,2.670307E-04,-.001
2.298149,1.449594E-04,1.525888E-04,-.001
2.29915,-9.15532E-05,1.220712E-04,-.002
2.30015,-9.918259E-05,1.831064E-04,6.66667E-04
2.301151,-3.585834E-04,1.983652E-04,.002
2.302151,-2.441425E-04,-6.866502E-05,-2.33333E-03
2.303152,-2.28883E-05,4.57766E-05,6.66667E-04
2.304152,-1.220712E-04,3.12807E-04,-6.66667E-04
2.305153,1.3733E-04,1.75477E-04,-.002
2.306153,2.975482E-04,-4.57766E-05,6.66667E-04
2.307154,1.525891E-05,3.051781E-05,-.001
2.308154,-2.441425E-04,3.280658E-04,-.001
2.309155,-1.220712E-04,3.585834E-04,.002
2.310155,-1.525888E-04,6.332435E-04,-6.66667E-04
2.311156,3.814721E-05,7.78202E-04,6.66667E-04
2.312156,-1.06812E-04,6.561317E-04,6.66667E-04
2.313157,2.517719E-04,1.144414E-04,-.001
2.314157,2.441425E-04,6.103562E-05,-.002
2.315158,2.28883E-05,7.629453E-06,-6.66667E-04
2.316158,2.212534E-04,2.517719E-04,-2.33333E-03
2.317159,3.814721E-05,3.662128E-04,-.002
2.318159,-2.517719E-04,3.356952E-04,-.002
2.31916,-2.28883E-05,0,-.001
2.32016,9.15532E-05,-1.525891E-05,6.66667E-04
2.321161,2.059946E-04,-5.722083E-04,-.002
2.322161,1.75477E-04,-3.967304E-04,.001
2.323162,2.517719E-04,-6.942786E-04,6.66667E-04
2.324162,-5.340599E-05,-7.553138E-04,.001
2.325163,0,-2.288828E-04,6.66667E-04
2.326163,-2.212534E-04,3.204364E-04,-.001
2.327164,-3.967304E-04,5.798377E-04,-.001
2.328164,-2.441425E-04,9.918259E-05,-.001
2.329165,0,3.814721E-05,-6.66667E-04
2.330165,2.670307E-04,1.449594E-04,-.002
2.331166,9.918259E-05,9.918259E-05,-.002
2.332166,-3.051776E-04,2.746601E-04,-3.66667E-03
2.333167,-2.899189E-04,1.678476E-04,6.66667E-04
2.334167,1.449594E-04,1.3733E-04,-.002
2.335168,1.525888E-04,9.918259E-05,.001
2.336168,2.746601E-04,0,-.001
2.337169,5.035438E-04,-1.06812E-04,2.33333E-03
2.338169,2.746601E-04,-7.629441E-05,-6.66667E-04
2.33917,-5.340599E-05,-1.144414E-04,6.66667E-04
2.34017,-1.297006E-04,-9.918259E-05,-6.66667E-04
2.341171,-2.670307E-04,1.75477E-04,.001
2.342171,-2.594013E-04,3.814721E-05,-.002
2.343172,-2.822895E-04,9.918259E-05,-.001
2.344172,-2.746601E-04,8.392381E-05,.001
2.345173,-1.907358E-04,-1.907358E-04,6.66667E-04
2.346173,-2.441425E-04,-3.50954E-04,.001
2.347174,-3.89101E-04,-3.433246E-04,-6.66667E-04
2.348174,-3.738422E-04,6.866502E-05,.002
2.349174,-2.059946E-04,6.103562E-05,6.66667E-04
2.350175,2.288828E-04,1.831064E-04,-6.66667E-04
2.351176,2.517719E-04,4.425067E-04,-2.33333E-03
2.352176,2.059946E-04,2.594013E-04,.001
2.353177,1.831064E-04,2.746601E-04,-.002
2.354177,-4.57766E-05,9.918259E-05,-.002
2.355178,-1.75477E-04,-5.340599E-05,-2.33333E-03
2.356178,1.525888E-04,1.144414E-04,.001
2.357179,-3.814721E-05,-3.814721E-05,.001
2.358179,2.899189E-04,8.392381E-05,.001
2.359179,4.119892E-04,1.220712E-04,-2.33333E-03
2.36018,1.907358E-04,-3.814721E-05,.001
2.361181,1.907358E-04,5.340599E-05,-6.66667E-04
2.362181,-1.220712E-04,-7.629441E-05,6.66667E-04
2.363182,-2.975482E-04,-2.975482E-04,-.001
2.364182,-1.678476E-04,-2.517719E-04,.001
2.365183,9.15532E-05,-1.297006E-04,-6.66667E-04
2.366183,2.594013E-04,1.602182E-04,-2.33333E-03
2.367184,2.13624E-04,-1.06812E-04,-2.33333E-03
2.368184,5.035438E-04,1.525891E-05,-.001
2.369184,7.095374E-04,4.730243E-04,-.002
2.370185,6.866492E-04,6.103562E-05,-.001
2.371186,3.433246E-04,2.28883E-05,6.66667E-04
2.372186,-4.57766E-05,2.28883E-05,-2.33333E-03
2.373187,-9.15532E-05,-1.06812E-04,.001
2.374187,-1.144414E-04,1.75477E-04,2.33333E-03
2.375188,3.051776E-04,5.798377E-04,.002
2.376188,5.874671E-04,6.332435E-04,-.001
2.377189,1.983652E-04,8.392371E-04,.002
2.378189,-3.280658E-04,8.621253E-04,6.66667E-04
2.379189,-1.983652E-04,2.517719E-04,-2.33333E-03
2.38019,-5.645789E-04,0,-6.66667E-04
2.381191,-4.653949E-04,-6.866502E-05,6.66667E-04
2.382191,6.866502E-05,-5.340599E-05,.001
2.383192,6.103562E-05,-2.059946E-04,.002
2.384192,-9.918259E-05,-5.188026E-04,-2.33333E-03
2.385193,-3.051781E-05,-3.051776E-04,-.002
2.386193,-1.3733E-04,-6.866502E-05,-6.66667E-04
2.387194,-1.220712E-04,-1.907358E-04,-.001
2.388194,-2.365122E-04,4.57766E-05,.001
2.389194,7.629441E-05,4.196186E-04,.001
2.390195,-3.814721E-05,4.577655E-04,-.001
2.391196,9.15532E-05,2.059946E-04,-.001
2.392196,-1.220712E-04,3.738422E-04,-6.66667E-04
2.393197,3.12807E-04,5.798377E-04,.001
2.394197,4.119892E-04,3.051776E-04,-6.66667E-04
2.395198,1.3733E-04,3.662128E-04,-.001
2.396198,-9.15532E-05,5.645789E-04,.001
2.397199,-4.806537E-04,2.517719E-04,-.001
2.398199,-3.738422E-04,-1.3733E-04,.001
2.399199,-2.365122E-04,-2.13624E-04,-6.66667E-04
2.4002,-1.144414E-04,-2.975482E-04,-6.66667E-04
2.401201,-1.602182E-04,-4.348774E-04,-6.66667E-04
2.402201,-2.975482E-04,-4.959144E-04,.002
2.403202,-1.525891E-05,-4.27248E-04,6.66667E-04
2.404202,1.75477E-04,9.918259E-05,-.001
2.405203,-2.212534E-04,5.340613E-04,-6.66667E-04
2.406203,-6.256141E-04,3.204364E-04,-.001
2.407204,-3.50954E-04,4.57766E-05,-2.33333E-03
2.408204,5.340599E-05,-1.983652E-04,6.66667E-04
2.409204,-6.866502E-05,2.441425E-04,-.001
2.410205,-1.3733E-04,3.12807E-04,-6.66667E-04
2.411206,-3.204364E-04,-2.28883E-05,.001
2.412206,-1.525888E-04,-2.975482E-04,-3.66667E-03
2.413207,9.918259E-05,-5.722083E-04,-6.66667E-04
2.414207,2.212534E-04,-1.983652E-04,-.002
2.415208,2.059946E-04,7.629453E-06,-.001
2.416208,1.907358E-04,2.746601E-04,-.001
2.417209,1.75477E-04,3.051776E-04,6.66667E-04
2.418209,4.196186E-04,2.13624E-04,6.66667E-04
2.41921,1.297006E-04,6.866502E-05,.002
2.42021,2.212534E-04,-3.814721E-05,6.66667E-04
2.421211,1.144414E-04,-3.051781E-05,.001
2.422211,-2.746601E-04,4.57766E-05,6.66667E-04
2.423212,-7.095374E-04,6.103562E-05,6.66667E-04
2.424212,-5.188026E-04,6.866502E-05,6.66667E-04
2.425213,-3.738422E-04,-2.975482E-04,.002
2.426213,-3.204364E-04,-2.822895E-04,-.002
2.427214,-4.57766E-05,-3.738422E-04,-2.33333E-03
2.428214,-6.103562E-05,-3.585834E-04,-.001
2.429215,-3.051776E-04,-8.392381E-05,-.002
2.430215,-2.899189E-04,-2.059946E-04,.001
2.431216,-1.678476E-04,-7.629441E-05,-2.33333E-03
2.432216,-6.103562E-05,1.75477E-04,6.66667E-04
2.433217,-1.602182E-04,3.12807E-04,-.001
2.434217,-2.441425E-04,3.12807E-04,-.002
2.435218,-1.678476E-04,4.501361E-04,-6.66667E-04
2.436218,-4.730243E-04,3.051776E-04,-.001
2.437219,-4.730243E-04,2.059946E-04,-3.66667E-03
2.438219,-4.196186E-04,4.27248E-04,6.66667E-04
2.43922,-1.907358E-04,2.059946E-04,6.66667E-04
2.44022,-4.88285E-04,-4.57766E-05,6.66667E-04
2.441221,-2.517719E-04,-2.212534E-04,.002
2.442221,-4.57766E-05,-2.975482E-04,6.66667E-04
2.443222,4.57766E-05,-1.983652E-04,-6.66667E-04
2.444222,1.297006E-04,4.57766E-05,-.001
2.445223,3.662128E-04,4.043598E-04,-.001
2.446223,7.095374E-04,3.89101E-04,-6.66667E-04
2.447224,5.035438E-04,-1.449594E-04,-.001
2.448224,-7.629453E-06,-6.790198E-04,-6.66667E-04
2.449225,-2.13624E-04,-5.950965E-04,-.002
2.450225,-5.340599E-05,-4.577655E-04,-6.66667E-04
2.451226,7.629441E-05,-1.449594E-04,-6.66667E-04
2.452226,1.525891E-05,4.57766E-05,-.001
2.453227,1.831064E-04,1.525891E-05,-6.66667E-04
2.454227,4.501361E-04,-4.57766E-05,.001
2.455228,4.806537E-04,-1.525891E-05,.001
2.456228,2.899189E-04,-1.525888E-04,-.001
2.457229,1.678476E-04,-3.051776E-04,-.002
2.458229,-6.103562E-05,-3.12807E-04,-.001
2.45923,1.06812E-04,-3.662128E-04,-6.66667E-04
2.46023,1.983652E-04,-5.340613E-04,-6.66667E-04
2.461231,-1.297006E-04,-4.806537E-04,.001
2.462231,-2.288828E-04,-1.983652E-04,6.66667E-04
2.463232,-1.3733E-04,3.280658E-04,-.001
2.464232,7.629441E-05,3.433246E-04,6.66667E-04
2.465233,3.814721E-05,5.188026E-04,-2.33333E-03
2.466233,-2.13624E-04,3.585834E-04,6.66667E-04
2.467234,-5.340599E-05,6.103562E-05,-.002
2.468234,-1.06812E-04,3.50954E-04,-.001
2.469235,-9.918259E-05,6.103562E-05,-.001
2.470235,-1.678476E-04,-1.983652E-04,.001
2.471236,-1.297006E-04,-2.288828E-04,-.001
2.472236,-2.28883E-05,-2.670307E-04,-.001
2.473237,1.3733E-04,-2.975482E-04,6.66667E-04
2.474237,-1.678476E-04,-1.220712E-04,-6.66667E-04
2.475238,-4.196186E-04,8.392381E-05,2.33333E-03
2.476238,-4.119892E-04,2.594013E-04,.001
2.477239,-2.746601E-04,3.814716E-04,-6.66667E-04
2.478239,-1.831064E-04,5.035438E-04,-2.33333E-03
2.47924,1.907358E-04,2.517719E-04,-.002
2.48024,3.12807E-04,5.340599E-05,-6.66667E-04
2.481241,3.12807E-04,1.449594E-04,-6.66667E-04
2.482241,2.212534E-04,2.594013E-04,-.001
2.483242,3.12807E-04,1.678476E-04,-.002
2.484242,1.3733E-04,-6.866502E-05,-.001
2.485243,-4.653949E-04,9.918259E-05,-.002
2.486243,-3.738422E-04,1.983652E-04,-.002
2.487244,-6.866502E-05,-2.28883E-05,-.002
2.488244,1.525891E-05,-7.629453E-06,-.002
2.489245,-1.297006E-04,3.585834E-04,-6.66667E-04
2.490245,-3.204364E-04,5.264319E-04,-.001
2.491246,4.57766E-05,3.12807E-04,-.001
2.492246,1.06812E-04,3.662128E-04,6.66667E-04
2.493247,3.433246E-04,-6.866502E-05,-.002
2.494247,5.798377E-04,-1.983652E-04,6.66667E-04
2.495248,5.798377E-04,-5.340599E-05,.002
2.496248,3.12807E-04,-8.392381E-05,-.002
2.497249,1.983652E-04,-2.670307E-04,-6.66667E-04
2.498249,2.212534E-04,-4.806537E-04,-.001
2.49925,-1.297006E-04,-9.918259E-05,-.001
2.50025,-2.13624E-04,9.918259E-05,-6.66667E-04
2.501251,-2.441425E-04,2.441425E-04,-.001
2.502251,-3.967304E-04,1.297006E-04,-.002
2.503252,-3.738422E-04,0,2.33333E-03
2.504252,-5.111732E-04,-3.738422E-04,-.001
2.505253,-6.713904E-04,4.57766E-05,-6.66667E-04
2.506253,-7.705726E-04,1.525888E-04,-.001
2.507254,-4.27248E-04,3.12807E-04,-.001
2.508254,-5.340599E-05,3.967304E-04,-.001
2.509255,-2.975482E-04,2.059946E-04,.001
2.510255,-4.806537E-04,3.051776E-04,-6.66667E-04
2.511256,-5.416907E-04,1.449594E-04,-.002
2.512256,-2.899189E-04,4.57766E-05,-.001
2.513257,-1.449594E-04,2.212534E-04,-.001
2.514257,-2.059946E-04,5.340613E-04,-6.66667E-04
2.515258,-2.365122E-04,2.670307E-04,6.66667E-04
2.516258,-7.629453E-06,8.392381E-05,-.001
2.517259,3.204364E-04,-1.297006E-04,.002
2.518259,2.28883E-05,-3.051776E-04,-6.66667E-04
2.51926,0,0,-6.66667E-04
2.52026,-3.738422E-04,3.051776E-04,-.001
2.521261,-1.831064E-04,6.866492E-04,-6.66667E-04
2.522261,1.144414E-04,6.408729E-04,-6.66667E-04
2.523262,1.525888E-04,3.585834E-04,-.002
2.524262,0,-2.28883E-05,-.002
2.525263,3.051781E-05,-7.629441E-05,.001
2.526263,-1.525888E-04,-1.525888E-04,-.002
2.527264,-4.27248E-04,-4.730243E-04,-.002
2.528264,-2.212534E-04,-2.13624E-04,-6.66667E-04
2.529265,-2.899189E-04,-1.983652E-04,-.004
2.530265,-2.594013E-04,3.585834E-04,-.004
2.531266,-2.441425E-04,2.441425E-04,3.66667E-03
2.532266,-4.348774E-04,0,-.001
2.533267,9.15532E-05,-9.15532E-05,-.001
2.534267,1.297006E-04,-1.06812E-04,6.66667E-04
2.535268,1.3733E-04,-5.340599E-05,6.66667E-04
2.536268,2.13624E-04,-1.06812E-04,-.001
2.537269,3.662128E-04,-3.814721E-05,.001
2.538269,1.297006E-04,1.75477E-04,.001
2.53927,-2.441425E-04,3.12807E-04,6.66667E-04
2.54027,-4.806537E-04,6.103562E-05,6.66667E-04
2.541271,-5.340599E-05,1.525888E-04,-.001
2.542271,-7.629441E-05,1.525888E-04,-.001
2.543272,-2.441425E-04,-1.602182E-04,-6.66667E-04
2.544272,-6.103562E-05,4.57766E-05,-.002
2.545273,1.220712E-04,1.678476E-04,-6.66667E-04
2.546273,1.449594E-04,1.449594E-04,-.002
2.547274,-1.907358E-04,-9.15532E-05,-.001
2.548274,-1.75477E-04,-1.3733E-04,.001
2.549275,-8.392381E-05,-1.602182E-04,-.001
2.550275,1.525891E-05,-3.280658E-04,-6.66667E-04
2.551276,3.051781E-05,4.57766E-05,-.002
2.552276,2.822895E-04,5.111732E-04,6.66667E-04
2.553277,2.517719E-04,1.220712E-04,.001
2.554277,2.441425E-04,-2.13624E-04,-.001
2.555278,-6.866502E-05,1.602182E-04,-2.33333E-03
2.556278,-3.967304E-04,4.119892E-04,-2.33333E-03
2.557279,-1.449594E-04,2.594013E-04,.001
2.558279,-2.28883E-05,1.525888E-04,-6.66667E-04
2.55928,3.051776E-04,-3.051781E-05,.001
2.56028,5.340613E-04,2.212534E-04,-.002
2.561281,3.051776E-04,3.814721E-05,6.66667E-04
2.562281,5.340599E-05,-2.670307E-04,.002
2.563282,-5.340599E-05,-5.493201E-04,.002
2.564282,-9.918259E-05,-3.051776E-04,6.66667E-04
2.565283,-1.06812E-04,-1.297006E-04,-2.33333E-03
2.566283,-3.814721E-05,6.866502E-05,-.001
2.567284,-3.814716E-04,4.57766E-05,-.001
2.568284,-2.975482E-04,5.340599E-05,.001
2.569285,-4.653949E-04,6.866502E-05,6.66667E-04
2.570285,-4.27248E-04,2.594013E-04,6.66667E-04
2.571286,-1.144414E-04,1.297006E-04,.001
2.572286,4.196186E-04,3.280658E-04,-.002
2.573287,3.89101E-04,4.653949E-04,6.66667E-04
2.574287,2.594013E-04,4.196186E-04,.001
2.575288,6.866502E-05,3.356952E-04,-.001
2.576288,2.212534E-04,4.348774E-04,6.66667E-04
2.577289,1.06812E-04,2.594013E-04,-.001
2.578289,1.525891E-05,2.441425E-04,-.002
2.57929,0,3.051781E-05,-.001
2.58029,-1.602182E-04,-2.288828E-04,6.66667E-04
2.581291,0,2.059946E-04,-3.66667E-03
2.582291,1.525888E-04,3.967304E-04,-.001
2.583292,9.918259E-05,3.12807E-04,-.001
2.584292,-1.06812E-04,1.297006E-04,-.001
2.585293,-2.975482E-04,-9.918259E-05,-.002
2.586293,-4.501361E-04,0,-2.33333E-03
2.587294,-3.280658E-04,5.340599E-05,-.001
2.588294,-6.103562E-05,-7.629453E-06,6.66667E-04
2.589295,1.3733E-04,2.059946E-04,-.001
2.590295,4.57766E-05,5.264319E-04,.001
2.591296,-5.340599E-05,6.179847E-04,.001
2.592296,1.144414E-04,-9.918259E-05,-.001
2.593297,5.340599E-05,2.28883E-05,-3.66667E-03
2.594297,9.918259E-05,-6.866502E-05,.001
2.595298,3.204364E-04,1.06812E-04,6.66667E-04
2.596298,5.340599E-05,3.738422E-04,-.001
2.597299,-1.06812E-04,2.441425E-04,-.001
2.598299,3.12807E-04,8.392381E-05,.002
2.5993,2.594013E-04,2.28883E-05,-.001
2.6003,4.196186E-04,2.212534E-04,-.001
2.601301,4.57766E-05,2.365122E-04,-.002
2.602301,-4.425067E-04,1.983652E-04,-.001
2.603302,-4.577655E-04,2.746601E-04,.001
2.604302,-4.119892E-04,1.75477E-04,-6.66667E-04
2.605303,-2.28883E-05,3.814721E-05,.001
2.606303,2.441425E-04,1.602182E-04,-6.66667E-04
2.607304,-3.814721E-05,4.57766E-05,.001
2.608304,3.738422E-04,6.103562E-05,6.66667E-04
2.609305,6.332435E-04,3.051781E-05,-.001
2.610305,1.602182E-04,7.629441E-05,-.001
2.611306,-3.204364E-04,2.822895E-04,-6.66667E-04
2.612306,-3.89101E-04,6.866502E-05,-6.66667E-04
2.613307,-3.051781E-05,7.629453E-06,.001
2.614307,-6.866502E-05,1.602182E-04,-2.33333E-03
2.615308,-3.738422E-04,-1.75477E-04,-.001
2.616308,-5.111732E-04,-7.40055E-04,-6.66667E-04
2.617309,-3.89101E-04,-4.653949E-04,-.001
2.618309,-5.340599E-05,-9.918259E-05,-6.66667E-04
2.61931,-8.392381E-05,2.212534E-04,6.66667E-04
2.62031,-2.746601E-04,2.13624E-04,-.001
2.621311,-4.57766E-05,3.814721E-05,6.66667E-04
2.622311,3.051781E-05,-1.602182E-04,-6.66667E-04
2.623312,2.365122E-04,-4.119892E-04,6.66667E-04
2.624312,1.678476E-04,-6.485023E-04,-3.66667E-03
2.625313,1.220712E-04,-5.874671E-04,6.66667E-04
2.626313,6.866502E-05,-5.798377E-04,-.001
2.627314,-3.814721E-05,-5.111732E-04,-6.66667E-04
2.628314,-6.866502E-05,-4.27248E-04,-6.66667E-04
2.629315,4.57766E-05,-2.670307E-04,-2.33333E-03
2.630315,-1.602182E-04,1.525891E-05,-6.66667E-04
2.631316,-2.594013E-04,1.3733E-04,-.001
2.632316,-6.103562E-05,9.15532E-05,.002
2.633317,-5.340599E-05,-2.13624E-04,-6.66667E-04
2.634317,2.212534E-04,-2.594013E-04,6.66667E-04
2.635318,2.899189E-04,0,-.001
2.636318,2.822895E-04,1.220712E-04,6.66667E-04
2.637319,-9.918259E-05,9.15532E-05,-.001
2.638319,1.525888E-04,2.594013E-04,6.66667E-04
2.63932,-7.629441E-05,5.035438E-04,.002
2.64032,-2.822895E-04,4.730243E-04,-6.66667E-04
2.641321,-4.806537E-04,2.059946E-04,.001
2.642321,-4.119892E-04,-7.629453E-06,-3.66667E-03
2.643322,-3.738422E-04,2.28883E-05,-6.66667E-04
2.644322,-3.585834E-04,-1.144414E-04,.001
2.645323,-1.06812E-04,-3.433246E-04,-.001
2.646323,-7.629453E-06,-8.392381E-05,-.002
2.647324,4.57766E-05,1.907358E-04,-.002
2.648324,-1.297006E-04,4.57766E-05,-6.66667E-04
2.649325,-9.918259E-05,-1.602182E-04,-.001
2.650325,-2.212534E-04,-1.678476E-04,-6.66667E-04
2.651326,-1.06812E-04,0,-.001
2.652326,4.57766E-05,-1.602182E-04,-6.66667E-04
2.653327,1.449594E-04,-1.525888E-04,-6.66667E-04
2.654327,3.585834E-04,1.449594E-04,-3.66667E-03
2.655328,-1.525891E-05,2.975482E-04,6.66667E-04
2.656328,9.15532E-05,3.662128E-04,6.66667E-04
2.657329,-2.13624E-04,5.340613E-04,-.002
2.658329,-3.433246E-04,1.602182E-04,-.001
2.65933,-5.416907E-04,3.051781E-05,6.66667E-04
2.66033,-4.119892E-04,4.57766E-05,-6.66667E-04
2.661331,-2.670307E-04,2.899189E-04,-.001
2.662331,-2.059946E-04,3.204364E-04,2.33333E-03
2.663332,9.918259E-05,1.3733E-04,-6.66667E-04
2.664332,-5.340599E-05,1.06812E-04,-.001
2.665333,4.57766E-05,2.365122E-04,-.002
2.666333,-1.3733E-04,1.678476E-04,-.001
2.667334,-3.738422E-04,0,-6.66667E-04
2.668334,-4.959144E-04,5.340599E-05,-6.66667E-04
2.669335,-5.035438E-04,4.57766E-05,-6.66667E-04
2.670335,-7.095374E-04,6.103562E-05,-.001
2.671336,-2.594013E-04,-3.814721E-05,-.002
2.672336,-1.831064E-04,-1.75477E-04,6.66667E-04
2.673337,-2.13624E-04,-2.746601E-04,-.001
2.674337,-1.297006E-04,-2.059946E-04,2.33333E-03
2.675338,-2.28883E-05,-5.340599E-05,6.66667E-04
2.676338,2.594013E-04,6.866502E-05,-6.66667E-04
2.677339,-3.051776E-04,-7.629441E-05,-.002
2.678339,-7.705726E-04,0,-6.66667E-04
2.67934,-1.045235E-03,-1.06812E-04,-.001
2.68034,-1.083381E-03,-4.57766E-05,-.002
2.681341,-5.188026E-04,2.594013E-04,-6.66667E-04
2.682341,-5.340599E-05,1.678476E-04,.002
2.683342,-4.57766E-05,-1.220712E-04,-3.66667E-03
2.684342,-1.525888E-04,2.059946E-04,6.66667E-04
2.685343,-3.967304E-04,5.264319E-04,-3.66667E-03
2.686343,-4.806537E-04,4.196186E-04,6.66667E-04
2.687344,-5.645789E-04,1.144414E-04,-6.66667E-04
2.688344,-7.553138E-04,1.525888E-04,-2.33333E-03
2.689345,-7.476844E-04,-9.918259E-05,-.001
2.690345,-5.493201E-04,1.449594E-04,-6.66667E-04
2.691346,-6.256141E-04,3.738422E-04,.001
2.692346,-8.010902E-04,6.027259E-04,-.001
2.693347,-1.052864E-03,2.288828E-04,-.002
2.694347,-6.790198E-04,-6.103562E-05,.001
2.695348,-6.027259E-04,-1.602182E-04,6.66667E-04
2.696348,-1.907358E-04,1.525891E-05,6.66667E-04
2.697349,-1.525888E-04,4.425067E-04,-6.66667E-04
2.698349,-4.27248E-04,5.722083E-04,6.66667E-04
2.69935,-1.907358E-04,4.196186E-04,.002
2.70035,-5.340599E-05,4.043598E-04,.001
2.701351,-1.525888E-04,3.662128E-04,-.002
2.702351,-1.983652E-04,5.798377E-04,.001
2.703352,-2.13624E-04,1.525888E-04,-3.66667E-03
2.704352,-3.204364E-04,3.12807E-04,6.66667E-04
2.705353,-1.220712E-04,2.670307E-04,-6.66667E-04
2.706353,6.103562E-05,0,-6.66667E-04
2.707354,-2.899189E-04,1.220712E-04,-6.66667E-04
2.708354,-2.670307E-04,4.425067E-04,-6.66667E-04
2.709355,-8.392381E-05,5.798377E-04,.001
2.710355,-1.06812E-04,5.798377E-04,-.001
2.711356,-1.602182E-04,4.88285E-04,.001
2.712356,-4.577655E-04,5.416907E-04,-6.66667E-04
2.713357,-5.722083E-04,9.307899E-04,.001
2.714357,-4.959144E-04,6.942786E-04,-.002
2.715358,-5.111732E-04,5.950965E-04,-6.66667E-04
2.716358,-2.899189E-04,3.585834E-04,-.001
2.717359,-5.569495E-04,4.348774E-04,6.66667E-04
2.718359,-8.697547E-04,7.705726E-04,-6.66667E-04
2.71936,-1.411445E-03,1.09864E-03,.001
2.72036,-1.991287E-03,1.35041E-03,-.002
2.721361,-2.273574E-03,1.419075E-03,-.002
2.722361,-2.120987E-03,1.502998E-03,-.001
2.723362,-1.907356E-03,1.655586E-03,-6.66667E-04
2.724362,-1.960769E-03,1.846321E-03,2.33333E-03
2.725363,-1.800545E-03,1.739509E-03,6.66667E-04
2.726363,-1.60218E-03,1.304634E-03,6.66667E-04
2.727364,-1.899727E-03,1.319893E-03,.001
2.728364,-2.098098E-03,1.045235E-03,.001
2.729365,-2.441421E-03,1.434334E-03,6.66667E-04
2.730365,-2.296463E-03,1.319893E-03,.001
2.731366,-2.57875E-03,1.632698E-03,-2.33333E-03
2.732366,-2.449051E-03,1.579292E-03,-6.66667E-04
2.733367,-2.32698E-03,1.495369E-03,6.66667E-04
2.734367,-2.540603E-03,1.35804E-03,.001
2.735368,-2.601638E-03,1.22834E-03,-.002
2.736368,-2.525344E-03,9.307899E-04,6.66667E-04
2.737369,-3.143325E-03,9.307899E-04,.002
2.738369,-3.730789E-03,1.037605E-03,-.004
2.73937,-4.623443E-03,1.388557E-03,-6.66667E-04
2.74037,-5.645782E-03,1.342781E-03,6.66667E-04
2.741371,-7.164031E-03,1.10627E-03,-.002
2.742371,-9.330809E-03,1.052864E-03,-2.33333E-03
2.743372,-.0125733,1.289375E-03,-2.33333E-03
2.744372,-.017151,1.464851E-03,-.001
2.745373,-2.281201E-02,1.342781E-03,-6.66667E-04
2.746373,-2.795422E-02,7.40055E-04,.001
2.747374,-.0319674,6.332435E-04,-6.66667E-04
2.748374,-3.429437E-02,2.975482E-04,-.002
2.749375,-3.470635E-02,3.662128E-04,-.001
2.750375,-3.285241E-02,5.798377E-04,-.002
2.751376,-2.834332E-02,7.324256E-04,-6.66667E-04
2.752376,-2.320874E-02,1.121528E-03,-6.66667E-04
2.753377,-1.866925E-02,1.571663E-03,-.001
2.754377,-1.475531E-02,2.037063E-03,-6.66667E-04
2.755378,-1.165015E-02,2.510086E-03,6.66667E-04
2.756378,-9.254515E-03,2.479568E-03,.001
2.757379,-7.606536E-03,2.006546E-03,-6.66667E-04
2.758379,-6.55368E-03,2.235427E-03,-.001
2.75938,-5.477935E-03,2.304092E-03,-.002
2.76038,-4.829437E-03,1.892097E-03,-.002
2.761381,-4.089385E-03,1.892097E-03,-.002
2.762381,-3.608719E-03,2.006546E-03,-.001
2.763382,-3.540054E-03,1.800545E-03,6.66667E-04
2.764382,-3.46376E-03,1.525886E-03,6.66667E-04
2.765383,-3.387466E-03,1.60981E-03,-.002
2.766383,-2.83052E-03,1.678474E-03,.001
2.767384,-2.738968E-03,1.35041E-03,-.001
2.768384,-2.670303E-03,1.213081E-03,-.002
2.769385,-2.952591E-03,9.155311E-04,-6.66667E-04
2.770385,-3.028885E-03,1.159675E-03,.001
2.771386,-3.105178E-03,1.487739E-03,-.001
2.772386,-3.135696E-03,1.487739E-03,-.002
2.773387,-3.204361E-03,1.831062E-03,-6.66667E-04
2.774387,-3.700271E-03,1.815803E-03,.001
2.775388,-4.257232E-03,1.95314E-03,-6.66667E-04
2.776388,-5.210906E-03,2.113357E-03,-6.66667E-04
2.777389,-.0055466,2.33461E-03,-.002
2.778389,-5.836517E-03,2.58638E-03,-.002
2.77939,-6.080657E-03,2.357498E-03,.001
2.78039,-6.759673E-03,2.159134E-03,-.001
2.781391,-7.118255E-03,2.738968E-03,-.002
2.782391,-7.400542E-03,2.647415E-03,-.001
2.783392,-7.484466E-03,2.296463E-03,-.002
2.784392,-7.377654E-03,2.540603E-03,-6.66667E-04
2.785393,-7.782012E-03,2.655044E-03,6.66667E-04
2.786393,-7.698089E-03,2.441421E-03,-6.66667E-04
2.787394,-7.942259E-03,2.525344E-03,-6.66667E-04
2.788394,-8.255064E-03,2.08284E-03,-6.66667E-04
2.789395,-8.453429E-03,2.113357E-03,-2.33333E-03
2.790395,-8.445799E-03,2.792373E-03,-.001
2.791396,-8.163512E-03,2.876297E-03,-.001
2.792396,-7.858336E-03,2.70845E-03,-6.66667E-04
2.793397,-7.782012E-03,2.548233E-03,-.001
2.794397,-7.667571E-03,2.479568E-03,6.66667E-04
2.795398,-7.927001E-03,2.510086E-03,6.66667E-04
2.796398,-8.529723E-03,2.189651E-03,-.002
2.797399,-9.262145E-03,1.815803E-03,-2.33333E-03
2.798399,-1.021582E-02,1.808174E-03,-.001
2.7994,-1.225287E-02,1.457222E-03,-6.66667E-04
2.8004,-.0141297,1.724251E-03,-.001
2.801401,-1.622784E-02,1.663215E-03,-.002
2.802401,-1.868451E-02,1.525886E-03,-6.66667E-04
2.803402,-2.164471E-02,8.773841E-04,-.001
2.804402,-2.474225E-02,4.348774E-04,6.66667E-04
2.805403,-2.716076E-02,8.392371E-04,6.66667E-04
2.806403,-2.903759E-02,8.316077E-04,.001
2.807404,-2.996075E-02,7.553138E-04,-6.66667E-04
2.808404,-2.971661E-02,9.689368E-04,-6.66667E-04
2.809405,-2.883923E-02,1.533516E-03,6.66667E-04
2.810405,-2.718365E-02,1.914985E-03,-.001
2.811406,-2.468121E-02,2.044693E-03,-6.66667E-04
2.812406,-2.190411E-02,2.258316E-03,6.66667E-04
2.813407,-1.909649E-02,2.700821E-03,-6.66667E-04
2.814407,-1.662457E-02,3.036514E-03,-.001
2.815408,-1.459509E-02,2.937332E-03,-2.33333E-03
2.816408,-1.321417E-02,2.670303E-03,-3.66667E-03
2.817409,-1.252753E-02,2.57875E-03,-.002
2.818409,-1.182562E-02,2.58638E-03,-2.33333E-03
2.81941,-1.084143E-02,2.235427E-03,-.002
2.82041,-1.001745E-02,1.945503E-03,.001
2.821411,-9.407103E-03,2.006546E-03,.001
2.822411,-9.201109E-03,2.410904E-03,-6.66667E-04
2.823412,-9.124815E-03,2.655044E-03,-6.66667E-04
2.824412,-9.300292E-03,2.464309E-03,-.001
2.825413,-9.674132E-03,2.250686E-03,-.002
2.826413,-1.045233E-02,2.059951E-03,-6.66667E-04
2.827414,-1.167303E-02,2.311721E-03,-.001
2.828414,-1.253515E-02,2.174392E-03,6.66667E-04
2.829415,-1.350409E-02,2.006546E-03,2.33333E-03
2.830415,-1.506048E-02,1.914985E-03,-6.66667E-04
2.831416,-1.638806E-02,2.159134E-03,-6.66667E-04
2.832416,-.0177995,2.372757E-03,-2.33333E-03
2.833417,-1.988232E-02,2.304092E-03,-.001
2.834417,-.0219804,2.517715E-03,.001
2.835418,-2.408612E-02,2.571121E-03,-.001
2.836418,-2.562726E-02,2.868667E-03,-.002
2.837419,-.0265733,3.112808E-03,-.001
2.838419,-2.705395E-02,3.204361E-03,6.66667E-04
2.83942,-2.647412E-02,3.532425E-03,-6.66667E-04
2.84042,-2.571881E-02,3.562942E-03,-6.66667E-04
2.841421,-2.442944E-02,3.532425E-03,-.001
2.842421,-2.258313E-02,3.883377E-03,-.001
2.843422,-2.076733E-02,3.929168E-03,-6.66667E-04
2.844422,-1.911938E-02,3.532425E-03,-.002
2.845423,-1.705945E-02,3.479019E-03,6.66667E-04
2.846423,-.0157243,3.372207E-03,-6.66667E-04
2.847424,-1.442724E-02,3.166214E-03,-6.66667E-04
2.848424,-1.386267E-02,3.379837E-03,.001
2.849425,-1.314551E-02,3.326431E-03,.001
2.850425,-1.290137E-02,3.433242E-03,-.002
2.851426,-1.284033E-02,3.303543E-03,-.001
2.852426,-1.299292E-02,3.288284E-03,.001
2.853427,-1.342016E-02,3.112808E-03,-.001
2.854427,-1.342016E-02,2.502456E-03,-6.66667E-04
2.855428,-1.413733E-02,2.693191E-03,.001
2.856428,-1.528174E-02,2.594009E-03,.001
2.857429,-1.724255E-02,2.792373E-03,6.66667E-04
2.858429,-1.957715E-02,2.571121E-03,.001
2.85943,-2.313244E-02,2.342239E-03,6.66667E-04
2.86043,-2.765667E-02,1.869209E-03,-6.66667E-04
2.861431,-.0340426,1.365669E-03,-6.66667E-04
2.862431,-4.109216E-02,8.850135E-04,.002
2.863432,-4.813409E-02,2.365122E-04,-.002
2.864432,-5.545068E-02,-7.78202E-04,-.001
2.865433,-6.418657E-02,-2.197281E-03,-.002
2.866433,-7.316637E-02,-3.807083E-03,-.001
2.867434,-8.102465E-02,-5.256683E-03,.001
2.868434,-8.654833E-02,-6.30191E-03,.001
2.869435,-8.848619E-02,-6.813079E-03,-.001
2.870435,-8.760881E-02,-6.500274E-03,6.66667E-04
2.871436,-8.358812E-02,-5.584747E-03,-.002
2.872436,-7.720995E-02,-4.333526E-03,-.001
2.873437,-6.887865E-02,-3.196731E-03,-3.66667E-03
2.874437,-5.981469E-02,-1.831062E-03,-.002
2.875438,-5.059838E-02,-4.730243E-04,-.001
2.876438,-4.212976E-02,3.814721E-05,-2.33333E-03
2.877439,-3.498101E-02,6.027259E-04,-2.33333E-03
2.878439,-3.034985E-02,8.621253E-04,-.004
2.87944,-2.793896E-02,1.266487E-03,-6.66667E-04
2.88044,-.0277406,1.564033E-03,.002
2.881441,-2.913678E-02,1.121528E-03,-.001
2.882441,-3.250909E-02,4.119892E-04,-6.66667E-04
2.883442,-3.788781E-02,6.103562E-05,6.66667E-04
2.884442,-4.421258E-02,-5.874671E-04,-6.66667E-04
2.885443,-5.117059E-02,-1.449592E-03,6.66667E-04
2.886443,-.0596087,-2.372757E-03,-6.66667E-04
2.887444,-6.900072E-02,-3.883377E-03,-2.33333E-03
2.888444,-7.857561E-02,-.0052872,-.002
2.889445,-8.667803E-02,-6.217986E-03,-6.66667E-04
2.890445,-.0926671,-6.790191E-03,.002
2.891446,-9.602404E-02,-7.026702E-03,-.001
2.892446,-.0962224,-6.935149E-03,-2.33333E-03
2.893447,-9.349871E-02,-6.179839E-03,-.001
2.894447,-8.855486E-02,-5.516082E-03,.002
2.895448,-8.229113E-02,-4.577667E-03,6.66667E-04
2.896448,-7.397509E-02,-3.074661E-03,.001
2.897449,-6.481981E-02,-1.373298E-03,2.33333E-03
2.898449,-5.616784E-02,9.918259E-05,-6.66667E-04
2.89945,-4.770684E-02,1.159675E-03,-6.66667E-04
2.90045,-4.008508E-02,2.052322E-03,6.66667E-04
2.901451,-3.372216E-02,2.738968E-03,-6.66667E-04
2.902451,-2.859509E-02,2.716079E-03,-.001
2.903452,-2.454388E-02,3.028885E-03,-.001
2.904452,-2.119458E-02,3.158584E-03,-6.66667E-04
2.905453,-1.853955E-02,3.379837E-03,-2.33333E-03
2.906453,-.0170747,3.692642E-03,-.002
2.907454,-1.583111E-02,3.623977E-03,-.001
2.908454,-1.478583E-02,3.219619E-03,-.001
2.909455,-1.452643E-02,3.34169E-03,.002
2.910455,-1.470953E-02,3.273025E-03,6.66667E-04
2.911456,-1.531225E-02,3.135696E-03,-.002
2.912456,-1.547247E-02,3.08229E-03,.001
2.913457,-1.613629E-02,3.158584E-03,6.66667E-04
2.914457,-1.725018E-02,3.410354E-03,-.004
2.915458,-1.863873E-02,3.829971E-03,-6.66667E-04
2.916458,-2.022564E-02,4.020721E-03,-6.66667E-04
2.917459,-2.178204E-02,4.226714E-03,-6.66667E-04
2.918459,-2.422345E-02,3.631607E-03,-6.66667E-04
2.91946,-2.637494E-02,3.364578E-03,-.002
2.92046,-2.803051E-02,3.46376E-03,-6.66667E-04
2.921461,-.0282594,3.417984E-03,-2.33333E-03
2.922461,-2.784741E-02,3.662124E-03,-6.66667E-04
2.923462,-2.687085E-02,3.372207E-03,-6.66667E-04
2.924462,-2.537549E-02,3.379837E-03,-.001
2.925463,-2.354443E-02,3.288284E-03,6.66667E-04
2.926463,-2.112591E-02,2.937332E-03,-.001
2.927464,-1.932538E-02,2.777115E-03,-6.66667E-04
2.928464,-1.690686E-02,2.693191E-03,-2.33333E-03
2.929465,-1.471716E-02,2.754226E-03,-6.66667E-04
2.930465,-.0130921,2.906814E-03,6.66667E-04
2.931466,-1.155859E-02,2.922073E-03,.001
2.932466,-1.072699E-02,3.028885E-03,-6.66667E-04
2.933467,-9.918272E-03,2.800003E-03,-.001
2.934467,-9.796202E-03,2.426162E-03,.001
2.935468,-9.895384E-03,2.540603E-03,-6.66667E-04
2.936468,-1.009375E-02,2.098098E-03,-6.66667E-04
2.937469,-1.032263E-02,2.105728E-03,6.66667E-04
2.938469,-1.051337E-02,2.761856E-03,-6.66667E-04
2.93947,-.0117417,2.738968E-03,6.66667E-04
2.94047,-1.338202E-02,2.57875E-03,-.002
2.941471,-1.543432E-02,2.738968E-03,-.002
2.942471,-1.760876E-02,3.112808E-03,-.002
2.943472,-2.001965E-02,2.868667E-03,-.002
2.944472,-2.294171E-02,2.655044E-03,6.66667E-04
2.945473,-2.616131E-02,2.418533E-03,6.66667E-04
2.946473,-2.900708E-02,2.220169E-03,-6.66667E-04
2.947474,-.0309602,2.136245E-03,6.66667E-04
2.948474,-3.246331E-02,2.227798E-03,6.66667E-04
2.949475,-3.276086E-02,2.311721E-03,.001
2.950475,-3.240228E-02,2.021804E-03,.001
2.951476,-.0312196,2.265945E-03,6.66667E-04
2.952476,-2.889264E-02,2.487198E-03,-6.66667E-04
2.953477,-2.619946E-02,2.58638E-03,-6.66667E-04
2.954477,-2.308667E-02,2.716079E-03,.001
2.955478,-1.976788E-02,2.540603E-03,-.002
2.956478,-1.651013E-02,2.616897E-03,.001
2.957479,-1.359564E-02,2.716079E-03,-.002
2.958479,-1.098639E-02,2.891555E-03,-6.66667E-04
2.95948,-8.987486E-03,2.58638E-03,.002
2.96048,-8.079588E-03,2.07521E-03,.001
2.961481,-7.278472E-03,1.960769E-03,.001
2.962481,-6.767303E-03,1.846321E-03,.001
2.963482,-6.729156E-03,2.250686E-03,.001
2.964482,-6.698638E-03,2.807632E-03,6.66667E-04
2.965483,-6.515533E-03,2.815261E-03,-.002
2.966483,-6.759673E-03,2.548233E-03,6.66667E-04
2.967484,-7.270843E-03,2.449051E-03,6.66667E-04
2.968484,-7.751495E-03,2.189651E-03,6.66667E-04
2.969485,-8.033812E-03,2.311721E-03,-6.66667E-04
2.970485,-8.102477E-03,2.403274E-03,-6.66667E-04
2.971486,-8.483946E-03,2.616897E-03,6.66667E-04
2.972486,-8.361876E-03,2.685562E-03,-2.33333E-03
2.973487,-8.56787E-03,2.738968E-03,-.001
2.974487,-8.453429E-03,2.517715E-03,-6.66667E-04
2.975488,-7.728606E-03,2.754226E-03,-.002
2.976488,-7.339507E-03,3.128067E-03,-.001
2.977489,-6.866485E-03,3.013626E-03,6.66667E-04
2.978489,-6.507903E-03,2.922073E-03,6.66667E-04
2.97949,-5.897552E-03,2.189651E-03,-6.66667E-04
2.98049,-4.875213E-03,2.07521E-03,-.001
2.981491,-4.081756E-03,1.945503E-03,-.002
2.982491,-3.860489E-03,2.105728E-03,-.001
2.983492,-3.784195E-03,2.090469E-03,-.002
2.984492,-3.662124E-03,1.678474E-03,-6.66667E-04
2.985493,-3.623977E-03,1.60981E-03,-.001
2.986493,-4.417449E-03,1.670845E-03,-.001
2.987494,-5.233794E-03,1.335151E-03,6.66667E-04
2.988494,-6.431609E-03,1.396187E-03,6.66667E-04
2.989495,-7.865965E-03,1.365669E-03,6.66667E-04
2.990495,-9.780943E-03,1.396187E-03,-.001
2.991496,-1.280981E-02,1.342781E-03,-6.66667E-04
2.992496,-1.688397E-02,1.159675E-03,-.001
2.993497,-2.214825E-02,7.629432E-04,-6.66667E-04
2.994497,-2.720654E-02,2.746601E-04,.001
2.995498,-3.125787E-02,-1.983652E-04,-6.66667E-04
2.996498,-3.351617E-02,-3.051776E-04,-6.66667E-04
2.997499,-3.327203E-02,-2.13624E-04,-.002
2.998499,-3.131127E-02,2.441425E-04,-6.66667E-04
2.9995,-.0275346,5.340613E-04,-.001
3.0005,-2.241528E-02,6.63761E-04,-6.66667E-04
3.001501,-1.756299E-02,1.037605E-03,6.66667E-04
3.002501,-1.396185E-02,1.10627E-03,-6.66667E-04
3.003502,-1.072699E-02,1.434334E-03,-.001
3.004502,-8.224547E-03,1.617439E-03,.001
3.005503,-6.271392E-03,1.823433E-03,-.001
3.006503,-4.875213E-03,1.686104E-03,-.002
3.007504,-4.379302E-03,1.571663E-03,.001
3.008504,-3.921539E-03,1.419075E-03,-3.66667E-03
3.009505,-3.440872E-03,1.686104E-03,6.66667E-04
3.010505,-2.449051E-03,1.319893E-03,.002
3.011506,-2.273574E-03,1.533516E-03,-.002
3.012506,-2.014175E-03,1.792915E-03,-2.33333E-03
3.013507,-2.166763E-03,1.724251E-03,.002
3.014507,-2.288833E-03,1.632698E-03,.001
3.015508,-2.098098E-03,1.663215E-03,-6.66667E-04
3.016508,-1.815803E-03,1.686104E-03,6.66667E-04
3.017509,-1.632698E-03,1.235969E-03,-6.66667E-04
3.018509,-1.373298E-03,1.266487E-03,6.66667E-04
3.01951,-1.586922E-03,1.640327E-03,-6.66667E-04
3.02051,-2.029434E-03,1.655586E-03,-.002
3.021511,-1.914985E-03,1.510628E-03,-6.66667E-04
3.022511,-2.059951E-03,1.297005E-03,-.002
3.023512,-2.57875E-03,1.327522E-03,-2.33333E-03
3.024512,-2.746597E-03,1.594551E-03,-6.66667E-04
3.025513,-2.693191E-03,1.579292E-03,-.001
3.026513,-3.280655E-03,1.380928E-03,6.66667E-04
3.027514,-3.242508E-03,1.182564E-03,-2.33333E-03
3.028514,-3.021255E-03,1.380928E-03,-.002
3.029515,-2.853408E-03,1.686104E-03,6.66667E-04
3.030515,-2.906814E-03,1.770027E-03,.001
3.031516,-2.746597E-03,1.739509E-03,6.66667E-04
3.032516,-2.517715E-03,1.777656E-03,.001
3.033517,-2.57875E-03,1.548775E-03,-.001
3.034517,-2.525344E-03,1.10627E-03,.001
3.035518,-2.510086E-03,9.460486E-04,-.001
3.036518,-2.227798E-03,9.53678E-04,.002
3.037519,-1.754768E-03,8.468665E-04,-6.66667E-04
3.038519,-1.876839E-03,6.942786E-04,-.001
3.03952,-1.930244E-03,8.468665E-04,-.001
3.04052,-1.716621E-03,9.460486E-04,.002
3.041521,-1.403816E-03,8.621253E-04,-.001
3.042521,-1.48011E-03,6.408729E-04,-.002
3.043522,-1.083381E-03,4.959144E-04,-.001
3.044522,-1.014717E-03,6.408729E-04,.001
3.045523,-1.403816E-03,4.043598E-04,-6.66667E-04
3.046523,-1.396187E-03,4.653949E-04,-6.66667E-04
3.047524,-1.380928E-03,9.079017E-04,6.66667E-04
3.048524,-1.411445E-03,7.476844E-04,-6.66667E-04
3.049525,-1.625068E-03,4.653949E-04,.002
3.050525,-1.693733E-03,7.324256E-04,.001
3.051526,-1.533516E-03,5.264319E-04,-.002
3.052526,-1.373298E-03,8.239783E-04,-6.66667E-04
3.053527,-1.220711E-03,1.441963E-03,-.001
3.054527,-1.022346E-03,1.441963E-03,6.66667E-04
3.055528,-1.48011E-03,1.22834E-03,-.002
3.056528,-1.899727E-03,8.544959E-04,6.66667E-04
3.057529,-1.693733E-03,5.493201E-04,-.002
3.058529,-1.586922E-03,6.866492E-04,-6.66667E-04
3.05953,-1.693733E-03,8.850135E-04,-6.66667E-04
3.06053,-1.647957E-03,9.53678E-04,-.001
3.061531,-1.411445E-03,7.858314E-04,-6.66667E-04
3.062531,-1.693733E-03,7.40055E-04,-.001
3.063532,-1.556404E-03,9.994581E-04,-6.66667E-04
3.064532,-2.136245E-03,1.022346E-03,-.002
3.065533,-2.090469E-03,6.866492E-04,-.001
3.066533,-1.976028E-03,7.858314E-04,-.001
3.067534,-2.120987E-03,8.468665E-04,-6.66667E-04
3.068534,-2.037063E-03,8.697547E-04,-.002
3.069535,-1.876839E-03,8.010902E-04,-6.66667E-04
3.070535,-1.35804E-03,1.045235E-03,6.66667E-04
3.071536,-1.007088E-03,9.307899E-04,-.001
3.072536,-8.316077E-04,3.89101E-04,-6.66667E-04
3.073537,-5.798377E-04,4.196186E-04,2.33333E-03
3.074537,-6.63761E-04,6.485023E-04,-.001
3.075538,-7.01908E-04,3.967304E-04,-6.66667E-04
3.076538,-6.332435E-04,-1.831064E-04,-6.66667E-04
3.077539,-8.392371E-04,5.340599E-05,6.66667E-04
3.078539,-1.075752E-03,3.280658E-04,6.66667E-04
3.07954,-1.045235E-03,4.27248E-04,6.66667E-04
3.08054,-8.468665E-04,3.051776E-04,-.001
3.081541,-7.705726E-04,0,-6.66667E-04
3.082541,-9.841993E-04,1.75477E-04,-6.66667E-04
3.083542,-1.220711E-03,8.850135E-04,.001
3.084542,-1.48011E-03,1.312263E-03,-6.66667E-04
3.085543,-1.388557E-03,1.10627E-03,-.001
3.086543,-1.213081E-03,8.773841E-04,-.001
3.087544,-9.079017E-04,6.790198E-04,-6.66667E-04
3.088544,-8.392371E-04,2.212534E-04,6.66667E-04
3.089545,-5.874671E-04,1.297006E-04,6.66667E-04
3.090545,-3.738422E-04,-9.15532E-05,.001
3.091546,-6.713904E-04,2.13624E-04,-2.33333E-03
3.092546,-8.468665E-04,5.569495E-04,6.66667E-04
3.093547,-5.111732E-04,2.822895E-04,6.66667E-04
3.094547,-4.806537E-04,4.425067E-04,6.66667E-04
3.095548,-5.188026E-04,7.40055E-04,-6.66667E-04
3.096548,-3.204364E-04,9.918287E-04,6.66667E-04
3.097549,-3.356952E-04,9.384193E-04,6.66667E-04
3.098549,-4.653949E-04,8.697547E-04,-.002
3.09955,-2.059946E-04,6.790198E-04,-.002
3.10055,-4.806537E-04,4.196186E-04,6.66667E-04
3.101551,-6.027259E-04,5.798377E-04,-6.66667E-04
3.102551,-5.264319E-04,6.942786E-04,-.002
3.103552,-5.111732E-04,3.585834E-04,-6.66667E-04
3.104552,-7.934608E-04,2.288828E-04,-.001
3.105553,-6.179847E-04,2.899189E-04,-6.66667E-04
3.106553,-2.822895E-04,5.798377E-04,-2.33333E-03
3.107554,-6.408729E-04,8.468665E-04,-.001
3.108554,-9.918287E-04,1.045235E-03,6.66667E-04
3.109555,-8.239783E-04,8.163489E-04,-6.66667E-04
3.110555,-6.561317E-04,7.40055E-04,.001
3.111556,-1.75477E-04,7.324256E-04,-.001
3.112556,-4.653949E-04,7.476844E-04,-6.66667E-04
3.113557,-3.280658E-04,8.697547E-04,-6.66667E-04
3.114557,-3.738422E-04,7.629432E-04,-.002
3.115558,-3.738422E-04,7.40055E-04,-6.66667E-04
3.116558,-1.525888E-04,6.256141E-04,-.001
3.117559,-3.50954E-04,4.119892E-04,-6.66667E-04
3.118559,-3.738422E-04,3.967304E-04,-.001
3.11956,-3.12807E-04,4.196186E-04,.001
3.12056,-5.645789E-04,4.119892E-04,.001
3.121561,-4.653949E-04,4.577655E-04,.001
3.122561,-5.340599E-05,3.662128E-04,-.001
3.123562,3.12807E-04,5.874671E-04,-.002
3.124562,-1.525891E-05,2.899189E-04,.001
3.125563,-5.188026E-04,-6.103562E-05,-6.66667E-04
3.126563,-6.866492E-04,3.051781E-05,-.001
3.127564,-7.095374E-04,4.501361E-04,-.002
3.128564,-8.316077E-04,4.730243E-04,-6.66667E-04
3.129565,-1.007088E-03,5.950965E-04,6.66667E-04
3.130565,-7.171668E-04,7.553138E-04,6.66667E-04
3.131566,-4.653949E-04,7.553138E-04,.001
3.132566,-4.653949E-04,6.332435E-04,.001
3.133567,-4.577655E-04,9.002723E-04,.002
3.134567,-2.13624E-04,8.926429E-04,-.001
3.135568,-2.975482E-04,9.613074E-04,.001
3.136568,-9.15532E-05,6.103553E-04,-6.66667E-04
3.137569,-4.196186E-04,1.831064E-04,.001
3.138569,-7.01908E-04,7.629453E-06,-.001
3.13957,-2.899189E-04,6.103562E-05,-2.33333E-03
3.14057,-4.501361E-04,1.06812E-04,-.001
3.141571,-1.983652E-04,2.365122E-04,6.66667E-04
3.142571,6.866502E-05,0,6.66667E-04
3.143572,-1.3733E-04,3.585834E-04,.001
3.144572,-1.602182E-04,7.247962E-04,.001
3.145573,-6.866502E-05,7.629432E-04,.001
3.146573,1.144414E-04,9.994581E-04,-.001
3.147574,1.449594E-04,8.697547E-04,-6.66667E-04
3.148574,-2.670307E-04,5.798377E-04,.001
3.149575,-5.874671E-04,1.3733E-04,6.66667E-04
3.150575,-3.814716E-04,4.57766E-05,-.001
3.151576,-3.662128E-04,4.57766E-05,6.66667E-04
3.152576,-9.918259E-05,-1.678476E-04,-6.66667E-04
3.153577,1.525888E-04,2.212534E-04,6.66667E-04
3.154577,1.449594E-04,2.059946E-04,6.66667E-04
3.155578,3.051776E-04,1.06812E-04,.001
3.156578,3.12807E-04,0,-6.66667E-04
3.157579,5.340599E-05,1.3733E-04,-.001
3.158579,1.678476E-04,4.196186E-04,6.66667E-04
3.15958,3.662128E-04,6.866502E-05,.001
3.16058,1.06812E-04,-2.670307E-04,6.66667E-04
3.161581,1.06812E-04,-1.831064E-04,-6.66667E-04
3.162581,-6.103562E-05,-1.3733E-04,-.002
3.163582,-1.297006E-04,-4.653949E-04,6.66667E-04
3.164582,3.585834E-04,-3.280658E-04,-.002
3.165583,2.517719E-04,-4.196186E-04,-.002
3.166583,3.738422E-04,-1.75477E-04,6.66667E-04
3.167584,2.899189E-04,1.525888E-04,-3.66667E-03
3.168584,4.959144E-04,2.975482E-04,-.001
3.169585,3.50954E-04,2.594013E-04,6.66667E-04
3.170585,3.204364E-04,1.297006E-04,.001
3.171586,1.831064E-04,-2.670307E-04,-6.66667E-04
3.172586,0,2.13624E-04,-.001
3.173587,-2.670307E-04,4.196186E-04,6.66667E-04
3.174587,-1.602182E-04,6.713904E-04,-.001
3.175588,9.918259E-05,5.569495E-04,6.66667E-04
3.176588,1.678476E-04,5.722083E-04,-3.66667E-03
3.177589,7.629441E-05,3.433246E-04,-.001
3.178589,4.730243E-04,3.585834E-04,6.66667E-04
3.17959,9.918259E-05,2.899189E-04,-.001
3.18059,-1.907358E-04,1.525888E-04,6.66667E-04
3.181591,1.297006E-04,1.75477E-04,6.66667E-04
3.182591,-1.602182E-04,1.449594E-04,-.001
3.183592,3.051781E-05,-8.392381E-05,.001
3.184592,-2.365122E-04,-1.06812E-04,-.002
3.185593,-9.15532E-05,6.103562E-05,-6.66667E-04
3.186593,-5.340599E-05,1.449594E-04,-6.66667E-04
3.187594,1.602182E-04,-4.57766E-05,-2.33333E-03
3.188594,5.264319E-04,1.144414E-04,-3.66667E-03
3.189595,3.814716E-04,-1.144414E-04,-6.66667E-04
3.190595,4.57766E-05,-7.629453E-06,.001
3.191596,-1.06812E-04,3.051776E-04,-.001
3.192596,1.449594E-04,3.356952E-04,-6.66667E-04
3.193597,4.57766E-05,5.798377E-04,-6.66667E-04
3.194597,6.866502E-05,1.75477E-04,.001
3.195598,-9.918259E-05,-1.06812E-04,-6.66667E-04
3.196598,-3.433246E-04,-1.297006E-04,6.66667E-04
3.197599,-2.822895E-04,-1.3733E-04,.002
3.198599,-6.103562E-05,-5.340599E-05,6.66667E-04
3.1996,-1.525888E-04,-1.06812E-04,-2.33333E-03
3.2006,-3.204364E-04,-6.332435E-04,6.66667E-04
3.201601,-4.577655E-04,-4.27248E-04,-6.66667E-04
3.202601,-2.441425E-04,1.06812E-04,-.001
3.203602,-1.525888E-04,0,.001
3.204602,1.525888E-04,1.602182E-04,-.001
3.205603,1.06812E-04,1.602182E-04,2.33333E-03
3.206603,9.918259E-05,8.392381E-05,6.66667E-04
3.207604,0,4.57766E-05,-.001
3.208604,8.392381E-05,-1.06812E-04,6.66667E-04
3.209605,1.831064E-04,-1.144414E-04,-6.66667E-04
3.210605,3.356952E-04,-6.866502E-05,6.66667E-04
3.211606,-5.340599E-05,-2.13624E-04,.001
3.212606,-6.866502E-05,3.051781E-05,.001
3.213607,1.144414E-04,4.57766E-05,6.66667E-04
3.214607,2.594013E-04,9.918259E-05,.001
3.215608,4.57766E-05,2.28883E-05,-6.66667E-04
3.216608,-1.3733E-04,6.866502E-05,6.66667E-04
3.217609,-2.059946E-04,-1.831064E-04,-.001
3.218609,-5.340599E-05,-2.822895E-04,3.66667E-03
3.21961,3.814721E-05,-2.670307E-04,6.66667E-04
3.22061,2.13624E-04,-1.907358E-04,-6.66667E-04
3.221611,3.051776E-04,-1.06812E-04,2.33333E-03
3.222611,1.297006E-04,-1.220712E-04,6.66667E-04
3.223612,9.918259E-05,0,-6.66667E-04
3.224612,-5.340599E-05,-3.50954E-04,.002
3.225613,4.57766E-05,-1.907358E-04,-6.66667E-04
3.226614,1.3733E-04,-3.280658E-04,-.002
3.227614,-8.392381E-05,-3.051781E-05,-.001
3.228614,-2.899189E-04,-1.220712E-04,-6.66667E-04
3.229615,0,4.57766E-05,6.66667E-04
3.230615,3.89101E-04,-3.12807E-04,-.002
3.231616,4.27248E-04,-3.204364E-04,-.002
3.232616,4.043598E-04,1.220712E-04,-.001
3.233617,-3.051781E-05,2.212534E-04,-.001
3.234617,-1.449594E-04,3.814721E-05,-.002
3.235618,0,-1.06812E-04,6.66667E-04
3.236619,-1.220712E-04,1.75477E-04,-3.66667E-03
3.237619,-3.662128E-04,4.653949E-04,-.001
3.238619,-1.678476E-04,4.196186E-04,-.002
3.23962,-1.602182E-04,5.416907E-04,.001
3.24062,-2.975482E-04,5.950965E-04,-2.33333E-03
3.241621,-1.602182E-04,5.416907E-04,-6.66667E-04
3.242621,3.433246E-04,3.662128E-04,.001
3.243622,4.196186E-04,5.950965E-04,-.001
3.244622,2.899189E-04,5.340599E-05,-.002
3.245623,-1.678476E-04,6.866502E-05,-6.66667E-04
3.246624,6.103562E-05,1.907358E-04,-.001
3.247624,-1.602182E-04,7.629441E-05,.001
3.248624,-5.340599E-05,-1.06812E-04,.002
3.249625,1.75477E-04,-1.144414E-04,.001
3.250625,3.662128E-04,2.212534E-04,-6.66667E-04
3.251626,4.88285E-04,6.103562E-05,-.001
3.252626,3.204364E-04,-1.449594E-04,-.002
3.253627,1.983652E-04,8.392381E-05,6.66667E-04
3.254627,1.525888E-04,3.356952E-04,-6.66667E-04
3.255628,4.88285E-04,2.517719E-04,-6.66667E-04
3.256629,5.188026E-04,2.594013E-04,.002
3.257629,1.602182E-04,0,-2.33333E-03
3.258629,1.525891E-05,-9.15532E-05,.001
3.25963,1.449594E-04,-3.051781E-05,.001
3.26063,3.814716E-04,4.57766E-05,-6.66667E-04
3.261631,-1.3733E-04,-1.220712E-04,-.001
3.262631,-9.15532E-05,-4.043598E-04,-2.33333E-03
3.263632,-3.814721E-05,-5.950965E-04,-.002
3.264632,-1.06812E-04,-5.264319E-04,-.001
3.265633,-2.13624E-04,-1.297006E-04,.002
3.266634,-2.517719E-04,-2.13624E-04,.002
3.267634,-3.738422E-04,-5.264319E-04,-6.66667E-04
3.268634,-5.569495E-04,-4.425067E-04,-2.33333E-03
3.269635,-3.280658E-04,-7.629441E-05,6.66667E-04
3.270635,-2.670307E-04,-3.814721E-05,.001
3.271636,-1.297006E-04,-2.517719E-04,-.001
3.272636,2.288828E-04,-1.06812E-04,.001
3.273637,8.392381E-05,1.831064E-04,6.66667E-04
3.274637,-1.983652E-04,1.525891E-05,-6.66667E-04
3.275638,-4.27248E-04,-2.441425E-04,.001
3.276639,-1.602182E-04,1.525891E-05,-.001
3.277639,-1.06812E-04,1.06812E-04,-6.66667E-04
3.278639,1.3733E-04,-1.678476E-04,-3.66667E-03
3.27964,1.983652E-04,-7.629441E-05,.001
3.28064,1.144414E-04,2.059946E-04,.001
3.281641,3.051781E-05,1.525891E-05,-6.66667E-04
3.282641,0,-4.27248E-04,-.002
3.283642,1.525891E-05,-2.746601E-04,-.001
3.284642,-4.57766E-05,-2.212534E-04,-2.33333E-03
3.285643,-1.06812E-04,-1.297006E-04,.001
3.286644,1.831064E-04,5.340599E-05,-3.66667E-03
3.287644,2.975482E-04,1.525888E-04,6.66667E-04
3.288644,1.525888E-04,1.449594E-04,-2.33333E-03
3.289645,2.28883E-05,3.814721E-05,-.002
3.290645,-1.06812E-04,1.831064E-04,-6.66667E-04
3.291646,-1.602182E-04,9.15532E-05,-6.66667E-04
3.292646,-1.525888E-04,-6.103562E-05,-.002
3.293647,3.814716E-04,-2.746601E-04,-6.66667E-04
3.294647,9.002723E-04,-5.340599E-05,6.66667E-04
3.295648,9.53678E-04,-7.629453E-06,6.66667E-04
3.296649,8.697547E-04,7.629453E-06,-.001
3.297649,9.994581E-04,-1.3733E-04,-6.66667E-04
3.298649,7.095374E-04,-9.918259E-05,-6.66667E-04
3.29965,-2.28883E-05,1.602182E-04,.001
3.30065,-7.629453E-06,2.517719E-04,.001
3.301651,-4.57766E-05,3.50954E-04,-.001
3.302651,-2.670307E-04,1.602182E-04,6.66667E-04
3.303652,1.525888E-04,-1.220712E-04,-.001
3.304652,-5.340599E-05,1.144414E-04,-6.66667E-04
3.305653,7.629441E-05,-1.907358E-04,-.002
3.306653,1.907358E-04,-1.75477E-04,-6.66667E-04
3.307654,6.103562E-05,-1.449594E-04,-.001
3.308654,-1.75477E-04,1.525888E-04,-.002
3.309655,-3.738422E-04,-4.57766E-05,-6.66667E-04
3.310655,-6.866502E-05,-5.874671E-04,-2.33333E-03
3.311656,-1.06812E-04,-3.585834E-04,-.002
3.312656,-2.13624E-04,-2.28883E-05,-.001
3.313657,-2.746601E-04,-1.297006E-04,-6.66667E-04
3.314657,0,1.220712E-04,-2.33333E-03
3.315658,-1.525891E-05,1.678476E-04,-3.66667E-03
3.316658,-3.738422E-04,5.340599E-05,-6.66667E-04
3.317659,-4.806537E-04,1.983652E-04,.001
3.318659,-3.356952E-04,2.059946E-04,-6.66667E-04
3.31966,-3.433246E-04,-1.449594E-04,6.66667E-04
3.32066,-2.899189E-04,-2.975482E-04,-.001
3.321661,7.629453E-06,-6.256141E-04,6.66667E-04
3.322661,1.525888E-04,-3.204364E-04,-.004
3.323662,4.196186E-04,-2.13624E-04,-6.66667E-04
3.324662,7.476844E-04,-6.103562E-05,6.66667E-04
3.325663,6.408729E-04,3.051781E-05,-.001
3.326663,8.087195E-04,-3.051781E-05,.001
3.327664,4.348774E-04,-2.517719E-04,-.001
3.328664,1.831064E-04,-3.12807E-04,-.001
3.329665,-2.28883E-05,-3.356952E-04,2.33333E-03
3.330665,0,-3.662128E-04,6.66667E-04
3.331666,9.918259E-05,1.525888E-04,6.66667E-04
3.332666,1.144414E-04,3.585834E-04,.001
3.333667,-5.340599E-05,1.449594E-04,-.001
3.334667,-3.967304E-04,-3.433246E-04,6.66667E-04
3.335668,-2.13624E-04,-3.814716E-04,-6.66667E-04
3.336668,1.525891E-05,-3.814721E-05,-6.66667E-04
3.337669,-1.525888E-04,0,-6.66667E-04
3.338669,-1.144414E-04,2.670307E-04,6.66667E-04
3.33967,7.629453E-06,1.06812E-04,-6.66667E-04
3.34067,1.449594E-04,-7.629453E-06,.001
3.341671,-2.822895E-04,1.525891E-05,-6.66667E-04
3.342671,-1.525891E-05,-1.06812E-04,-.001
3.343672,9.15532E-05,1.449594E-04,-6.66667E-04
3.344672,3.662128E-04,3.662128E-04,-.002
3.345673,3.12807E-04,2.822895E-04,6.66667E-04
3.346673,0,2.594013E-04,-.001
3.347674,3.12807E-04,-5.340599E-05,-6.66667E-04
3.348674,4.043598E-04,-3.814721E-05,-6.66667E-04
3.349675,1.75477E-04,-1.220712E-04,-.001
3.350675,-2.28883E-05,-2.594013E-04,-.001
3.351676,-1.449594E-04,-1.144414E-04,-.001
3.352676,-4.57766E-05,-2.746601E-04,6.66667E-04
3.353677,-3.051781E-05,-7.629453E-06,-.001
3.354677,2.28883E-05,1.831064E-04,-6.66667E-04
3.355678,2.670307E-04,3.738422E-04,-6.66667E-04
3.356678,6.027259E-04,3.12807E-04,-3.66667E-03
3.357679,5.874671E-04,3.662128E-04,-6.66667E-04
3.358679,3.662128E-04,2.365122E-04,6.66667E-04
3.35968,1.983652E-04,5.264319E-04,-6.66667E-04
3.36068,4.27248E-04,3.051776E-04,-.002
3.361681,2.670307E-04,-1.3733E-04,-.001
3.362681,2.365122E-04,-4.425067E-04,6.66667E-04
3.363682,4.196186E-04,-2.670307E-04,-.001
3.364682,5.035438E-04,-1.297006E-04,-6.66667E-04
3.365683,4.730243E-04,-4.119892E-04,6.66667E-04
3.366683,3.585834E-04,-3.967304E-04,6.66667E-04
3.367684,5.493201E-04,-2.212534E-04,6.66667E-04
3.368684,1.983652E-04,-3.50954E-04,6.66667E-04
3.369685,-6.103562E-05,-3.204364E-04,-2.33333E-03
3.370685,-3.738422E-04,-2.059946E-04,6.66667E-04
3.371686,-6.103553E-04,-4.653949E-04,-6.66667E-04
3.372686,-3.12807E-04,-3.356952E-04,6.66667E-04
3.373687,-1.3733E-04,6.866502E-05,-6.66667E-04
3.374687,9.918259E-05,4.196186E-04,-.001
3.375688,1.525891E-05,4.501361E-04,-.002
3.376688,5.340599E-05,1.220712E-04,-.002
3.377689,2.594013E-04,2.059946E-04,-.002
3.378689,1.75477E-04,1.907358E-04,-.001
3.37969,3.12807E-04,-9.15532E-05,6.66667E-04
3.38069,4.119892E-04,-1.602182E-04,-6.66667E-04
3.381691,5.111732E-04,1.525888E-04,-6.66667E-04
3.382691,3.051776E-04,1.678476E-04,-6.66667E-04
3.383692,0,2.670307E-04,.001
3.384692,4.57766E-05,-1.602182E-04,-6.66667E-04
3.385693,-1.449594E-04,-5.340599E-05,-6.66667E-04
3.386693,-2.670307E-04,3.280658E-04,-6.66667E-04
3.387694,1.602182E-04,3.585834E-04,-.001
3.388694,2.746601E-04,9.918259E-05,-.001
3.389695,3.50954E-04,7.629453E-06,-.001
3.390696,6.866502E-05,-6.103562E-05,-.004
3.391696,-1.75477E-04,7.629441E-05,-6.66667E-04
3.392696,-5.111732E-04,1.3733E-04,6.66667E-04
3.393697,-6.408729E-04,-7.629453E-06,-6.66667E-04
3.394697,-3.50954E-04,1.449594E-04,-.002
3.395698,-1.297006E-04,2.212534E-04,-.001
3.396698,-7.629453E-06,1.144414E-04,6.66667E-04
3.397699,1.602182E-04,4.730243E-04,.001
3.398699,2.975482E-04,8.087195E-04,-3.66667E-03
3.3997,9.918259E-05,3.433246E-04,-6.66667E-04
3.400701,1.75477E-04,1.831064E-04,-6.66667E-04
3.401701,1.525888E-04,-1.144414E-04,-.001
3.402701,9.918259E-05,-4.27248E-04,.002
3.403702,1.144414E-04,-2.212534E-04,-3.66667E-03
3.404702,2.212534E-04,-2.899189E-04,-.001
3.405703,5.874671E-04,-9.15532E-05,-.001
3.406703,6.63761E-04,-1.06812E-04,-6.66667E-04
3.407704,3.280658E-04,3.814721E-05,-.002
3.408704,3.814721E-05,-4.57766E-05,.001
3.409705,-2.212534E-04,9.918259E-05,.001
3.410706,-1.983652E-04,2.13624E-04,-6.66667E-04
3.411706,-7.629453E-06,5.569495E-04,-.002
3.412706,1.525888E-04,7.476844E-04,-.001
3.413707,1.678476E-04,4.653949E-04,-6.66667E-04
3.414707,1.525888E-04,1.602182E-04,-.002
3.415708,2.28883E-05,-2.441425E-04,-.002
3.416708,-1.983652E-04,-2.670307E-04,.001
3.417709,1.06812E-04,-6.103562E-05,-6.66667E-04
3.418709,2.594013E-04,4.806537E-04,-6.66667E-04
3.41971,1.525888E-04,4.196186E-04,-.001
3.420711,4.27248E-04,-1.602182E-04,.001
3.421711,3.738422E-04,7.629453E-06,.001
3.422711,5.950965E-04,-3.051781E-05,6.66667E-04
3.423712,3.89101E-04,-7.629441E-05,-6.66667E-04
3.424712,2.441425E-04,0,-.001
3.425713,4.425067E-04,-1.297006E-04,-.001
3.426713,7.324256E-04,-3.204364E-04,6.66667E-04
3.427714,7.78202E-04,1.525891E-05,-6.66667E-04
3.428714,7.171668E-04,1.602182E-04,.001
3.429715,4.348774E-04,6.027259E-04,6.66667E-04
3.430716,9.918259E-05,5.340613E-04,-6.66667E-04
3.431716,-2.517719E-04,5.111732E-04,.001
3.432716,-4.27248E-04,2.288828E-04,-6.66667E-04
3.433717,-4.653949E-04,2.212534E-04,-6.66667E-04
3.434717,-6.485023E-04,2.517719E-04,6.66667E-04
3.435718,-6.408729E-04,-7.629441E-05,6.66667E-04
3.436718,-1.449594E-04,-6.103562E-05,6.66667E-04
3.437719,1.449594E-04,-1.525891E-05,-.002
3.438719,2.212534E-04,0,-.002
3.43972,9.15532E-05,-6.866502E-05,-.001
3.440721,-6.866502E-05,-2.975482E-04,6.66667E-04
3.441721,-1.449594E-04,-9.15532E-05,-6.66667E-04
3.442721,-6.103562E-05,-5.340599E-05,-.001
3.443722,1.525891E-05,3.051776E-04,-6.66667E-04
3.444722,5.569495E-04,8.392381E-05,6.66667E-04
3.445723,8.163489E-04,-3.280658E-04,.001
3.446723,6.027259E-04,-4.27248E-04,.001
3.447724,8.392381E-05,-4.806537E-04,-2.33333E-03
3.448724,-3.204364E-04,-1.297006E-04,-.001
3.449725,-2.212534E-04,-7.629453E-06,-6.66667E-04
3.450726,-3.204364E-04,-5.340599E-05,3.66667E-03
3.451726,-3.204364E-04,-3.204364E-04,-6.66667E-04
3.452726,9.918259E-05,-4.577655E-04,-.002
3.453727,6.179847E-04,-3.051776E-04,-6.66667E-04
3.454727,6.713904E-04,-1.144414E-04,-6.66667E-04
3.455728,5.111732E-04,2.365122E-04,.001
3.456728,6.332435E-04,3.204364E-04,.001
3.457729,3.662128E-04,6.103562E-05,-6.66667E-04
3.458729,1.525891E-05,2.28883E-05,-6.66667E-04
3.45973,-1.525891E-05,-8.392381E-05,-.002
3.460731,-2.059946E-04,-3.814716E-04,6.66667E-04
3.461731,-5.416907E-04,-2.746601E-04,6.66667E-04
3.462731,-1.525888E-04,-3.50954E-04,.001
3.463732,3.051781E-05,-2.13624E-04,-.001
3.464732,3.12807E-04,-1.220712E-04,-.002
3.465733,-9.918259E-05,-5.340599E-05,-2.33333E-03
3.466733,2.746601E-04,1.3733E-04,-6.66667E-04
3.467734,4.730243E-04,2.746601E-04,-.002
3.468734,2.365122E-04,2.059946E-04,.002
3.469735,3.814721E-05,2.13624E-04,6.66667E-04
3.470736,-1.75477E-04,5.188026E-04,-6.66667E-04
3.471736,-3.051776E-04,3.662128E-04,.001
3.472736,-3.738422E-04,2.059946E-04,.001
3.473737,7.629453E-06,3.051776E-04,-.002
3.474737,3.814721E-05,2.517719E-04,-6.66667E-04
3.475738,-1.449594E-04,-1.297006E-04,-3.66667E-03
3.476738,-2.28883E-05,-5.340613E-04,-6.66667E-04
3.477739,-1.983652E-04,-4.653949E-04,-.002
3.478739,-9.15532E-05,-4.196186E-04,.001
3.47974,2.746601E-04,-3.12807E-04,-6.66667E-04
3.480741,3.89101E-04,0,-2.33333E-03
3.481741,4.57766E-05,2.594013E-04,.001
3.482741,1.602182E-04,3.356952E-04,-6.66667E-04
3.483742,1.220712E-04,2.059946E-04,-.001
3.484742,1.06812E-04,-3.662128E-04,-.002
3.485743,1.75477E-04,-3.433246E-04,6.66667E-04
3.486743,2.059946E-04,-1.602182E-04,.001
3.487744,9.918259E-05,2.441425E-04,-6.66667E-04
3.488744,-2.746601E-04,4.577655E-04,6.66667E-04
3.489745,-5.340613E-04,7.095374E-04,.002
3.490746,-4.88285E-04,4.959144E-04,.001
3.491746,-1.983652E-04,-2.594013E-04,-6.66667E-04
3.492746,-5.340599E-05,-2.13624E-04,.001
3.493747,1.678476E-04,3.814721E-05,.001
3.494747,7.01908E-04,2.517719E-04,-.002
3.495748,1.022346E-03,6.866502E-05,-6.66667E-04
3.496748,8.010902E-04,1.220712E-04,-.002
3.497749,5.722083E-04,1.3733E-04,6.66667E-04
3.498749,4.119892E-04,1.449594E-04,.002
3.49975,3.814716E-04,9.918259E-05,-6.66667E-04
3.500751,3.738422E-04,0,.001
3.501751,2.13624E-04,-2.13624E-04,-.002
3.502751,-1.602182E-04,-3.280658E-04,-.002
3.503752,-3.814716E-04,-5.264319E-04,.001
3.504752,-4.653949E-04,-4.57766E-05,-.001
3.505753,-4.348774E-04,2.746601E-04,-.002
3.506753,-4.806537E-04,-5.340599E-05,-6.66667E-04
3.507754,-1.06812E-04,-3.204364E-04,-.001
3.508754,1.06812E-04,-2.975482E-04,-.001
3.509755,-4.57766E-05,-3.051776E-04,-6.66667E-04
3.510756,3.051781E-05,-2.059946E-04,.002
3.511756,2.365122E-04,-5.569495E-04,-6.66667E-04
3.512756,4.425067E-04,-5.874671E-04,.001
3.513757,5.493201E-04,-3.967304E-04,-.002
3.514757,3.738422E-04,-2.13624E-04,-3.66667E-03
3.515758,1.220712E-04,1.449594E-04,-2.33333E-03
3.516758,4.57766E-05,3.814716E-04,-2.33333E-03
3.517759,1.06812E-04,9.15532E-05,6.66667E-04
3.518759,0,9.918259E-05,6.66667E-04
3.51976,-7.629453E-06,1.220712E-04,6.66667E-04
3.520761,1.602182E-04,1.3733E-04,-6.66667E-04
3.521761,1.678476E-04,2.670307E-04,-.001
3.522761,5.111732E-04,2.975482E-04,6.66667E-04
3.523762,6.332435E-04,4.501361E-04,-6.66667E-04
3.524762,3.50954E-04,3.585834E-04,-6.66667E-04
3.525763,2.28883E-05,2.288828E-04,6.66667E-04
3.526763,3.12807E-04,7.629453E-06,6.66667E-04
3.527764,3.814721E-05,-3.051781E-05,-2.33333E-03
3.528764,-3.50954E-04,3.051776E-04,6.66667E-04
3.529765,-3.12807E-04,6.408729E-04,.001
3.530766,0,3.814716E-04,-6.66667E-04
3.531766,-9.15532E-05,4.57766E-05,.001
3.532766,0,2.059946E-04,.001
3.533767,-2.746601E-04,-6.103562E-05,-.001
3.534767,-3.738422E-04,-1.602182E-04,-.002
3.535768,-3.356952E-04,-2.670307E-04,2.33333E-03
3.536768,-1.831064E-04,9.918259E-05,-6.66667E-04
3.537769,-1.678476E-04,9.918259E-05,.002
3.538769,-1.297006E-04,-3.814721E-05,-6.66667E-04
3.53977,-1.983652E-04,-2.441425E-04,-6.66667E-04
3.540771,-1.75477E-04,-7.629453E-06,6.66667E-04
3.541771,-4.730243E-04,1.525888E-04,-.001
3.542771,-3.89101E-04,-3.814716E-04,-.001
3.543772,-8.392381E-05,-3.433246E-04,.001
3.544772,3.814721E-05,9.918259E-05,-2.33333E-03
3.545773,3.051776E-04,-1.06812E-04,-6.66667E-04
3.546773,2.059946E-04,8.392381E-05,6.66667E-04
3.547774,-1.907358E-04,1.144414E-04,-.002
3.548774,-1.831064E-04,5.264319E-04,-.001
3.549775,-2.13624E-04,4.348774E-04,-.001
3.550776,-2.28883E-05,4.653949E-04,-6.66667E-04
3.551776,-3.051781E-05,6.408729E-04,-6.66667E-04
3.552776,-2.594013E-04,5.798377E-04,-3.66667E-03
3.553777,-1.3733E-04,4.348774E-04,-.001
3.554777,-2.899189E-04,1.983652E-04,-.001
3.555778,-3.738422E-04,2.212534E-04,-.001
3.556778,-3.814721E-05,7.629453E-06,.001
3.557779,-1.06812E-04,7.629453E-06,-.002
3.558779,-1.144414E-04,4.57766E-05,-2.33333E-03
3.55978,-2.059946E-04,1.831064E-04,6.66667E-04
3.560781,-4.959144E-04,-3.814721E-05,.001
3.561781,-4.196186E-04,2.28883E-05,-6.66667E-04
3.562781,1.525891E-05,-2.517719E-04,-6.66667E-04
3.563782,1.297006E-04,1.220712E-04,-2.33333E-03
3.564783,4.119892E-04,5.340599E-05,-.001
3.565783,7.324256E-04,4.57766E-05,-.001
3.566783,4.348774E-04,-7.629441E-05,.001
3.567784,2.822895E-04,-1.06812E-04,-.002
3.568784,2.899189E-04,-1.525891E-05,-.002
3.569785,1.144414E-04,-3.051781E-05,-.002
3.570786,2.670307E-04,-9.15532E-05,-6.66667E-04
3.571786,2.212534E-04,-3.585834E-04,-6.66667E-04
3.572786,6.866502E-05,-7.629441E-05,-6.66667E-04
3.573787,3.12807E-04,-4.653949E-04,-.001
3.574788,4.196186E-04,-6.485023E-04,-.001
3.575788,2.212534E-04,-2.13624E-04,6.66667E-04
3.576788,4.57766E-05,-1.449594E-04,-6.66667E-04
3.577789,-2.670307E-04,-2.28883E-05,6.66667E-04
3.578789,-3.204364E-04,-1.525891E-05,-3.66667E-03
3.57979,-4.27248E-04,-2.059946E-04,-.002
3.580791,-3.051776E-04,1.831064E-04,-6.66667E-04
3.581791,-9.918259E-05,-3.051781E-05,-2.33333E-03
3.582791,1.525888E-04,-1.220712E-04,6.66667E-04
3.583792,2.365122E-04,5.340599E-05,.001
3.584793,1.220712E-04,1.602182E-04,-.001
3.585793,-1.525888E-04,6.332435E-04,6.66667E-04
3.586793,-3.051776E-04,1.525888E-04,-6.66667E-04
3.587794,-1.602182E-04,-1.06812E-04,6.66667E-04
3.588794,3.280658E-04,-3.433246E-04,-6.66667E-04
3.589795,3.662128E-04,-4.57766E-05,-.002
3.590796,5.798377E-04,-1.297006E-04,6.66667E-04
3.591796,6.790198E-04,-1.144414E-04,-.002
3.592796,4.196186E-04,-1.831064E-04,2.33333E-03
3.593797,2.594013E-04,1.525888E-04,.001
3.594798,9.15532E-05,-5.340599E-05,-.002
3.595798,-6.103562E-05,8.392381E-05,-6.66667E-04
3.596798,-3.204364E-04,0,6.66667E-04
3.597799,-2.365122E-04,1.525888E-04,6.66667E-04
3.598799,1.525891E-05,6.866502E-05,-.001
3.5998,3.051781E-05,2.059946E-04,-6.66667E-04
3.600801,2.13624E-04,2.288828E-04,.001
3.601801,-7.629453E-06,3.356952E-04,-.001
3.602801,-7.629441E-05,3.662128E-04,6.66667E-04
3.603802,-2.594013E-04,3.433246E-04,-2.33333E-03
3.604803,-4.043598E-04,4.27248E-04,-.002
3.605803,-3.280658E-04,4.425067E-04,-2.33333E-03
3.606803,-2.28883E-05,4.730243E-04,-.001
3.607804,-3.814721E-05,5.264319E-04,-6.66667E-04
3.608804,-4.57766E-05,3.662128E-04,-3.66667E-03
3.609805,0,3.967304E-04,-.002
3.610806,-2.059946E-04,4.348774E-04,6.66667E-04
3.611806,-2.746601E-04,4.653949E-04,.001
3.612806,-1.297006E-04,2.13624E-04,-6.66667E-04
3.613807,2.288828E-04,3.12807E-04,.001
3.614808,3.12807E-04,-1.220712E-04,-6.66667E-04
3.615808,-1.297006E-04,-1.297006E-04,-.001
3.616808,-2.13624E-04,-1.831064E-04,-.001
3.617809,-3.204364E-04,6.866502E-05,.001
3.618809,2.28883E-05,-3.814721E-05,-.002
3.61981,2.670307E-04,7.629453E-06,.001
3.620811,4.730243E-04,-4.57766E-05,6.66667E-04
3.621811,3.585834E-04,3.051776E-04,6.66667E-04
3.622811,3.738422E-04,1.220712E-04,2.33333E-03
3.623812,3.662128E-04,2.13624E-04,-.001
3.624813,-1.06812E-04,3.12807E-04,-6.66667E-04
3.625813,-2.13624E-04,3.204364E-04,6.66667E-04
3.626813,-2.288828E-04,6.866502E-05,6.66667E-04
3.627814,-4.196186E-04,-1.602182E-04,-6.66667E-04
3.628814,9.15532E-05,-1.831064E-04,-.001
3.629815,4.806537E-04,-1.06812E-04,-6.66667E-04
3.630816,3.585834E-04,-3.814721E-05,-6.66667E-04
3.631816,1.525888E-04,2.13624E-04,6.66667E-04
3.632816,-2.365122E-04,4.959144E-04,-.001
3.633817,-2.212534E-04,4.119892E-04,-.002
3.634818,-5.340599E-05,2.28883E-05,-.001
3.635818,-5.188026E-04,-4.425067E-04,-6.66667E-04
3.636818,-4.959144E-04,-1.907358E-04,-.001
3.637819,-2.059946E-04,-2.288828E-04,.001
3.638819,1.602182E-04,1.3733E-04,-.002
3.63982,-7.629453E-06,3.738422E-04,6.66667E-04
3.640821,1.06812E-04,1.907358E-04,-6.66667E-04
3.641821,-1.06812E-04,2.899189E-04,-.001
3.642821,-4.043598E-04,2.059946E-04,-6.66667E-04
3.643822,-3.662128E-04,1.75477E-04,-6.66667E-04
3.644823,-6.866502E-05,8.392381E-05,-6.66667E-04
3.645823,4.043598E-04,1.525888E-04,.001
3.646823,3.204364E-04,-2.28883E-05,-6.66667E-04
3.647824,3.50954E-04,-2.13624E-04,.001
3.648824,-3.814721E-05,1.297006E-04,-.001
3.649825,-1.907358E-04,3.738422E-04,-.002
3.650826,5.340599E-05,1.831064E-04,-6.66667E-04
3.651826,3.662128E-04,-3.051781E-05,-.001
3.652826,5.416907E-04,1.144414E-04,-2.33333E-03
3.653827,1.144414E-04,4.730243E-04,-6.66667E-04
3.654828,-2.28883E-05,3.967304E-04,6.66667E-04
3.655828,-3.051781E-05,1.3733E-04,-6.66667E-04
3.656828,-1.3733E-04,7.629441E-05,.002
3.657829,-2.212534E-04,3.814721E-05,-.001
3.658829,-2.899189E-04,1.907358E-04,-3.66667E-03
3.65983,-6.027259E-04,1.3733E-04,6.66667E-04
3.66083,-5.950965E-04,7.629441E-05,.001
3.661831,-1.06812E-04,2.899189E-04,2.33333E-03
3.662831,1.3733E-04,1.678476E-04,-.001
3.663832,2.288828E-04,1.297006E-04,-2.33333E-03
3.664833,-3.051781E-05,-3.204364E-04,-.001
3.665833,1.525888E-04,-1.06812E-04,-6.66667E-04
3.666833,7.629441E-05,1.831064E-04,6.66667E-04
3.667834,-2.288828E-04,3.738422E-04,-.002
3.668834,4.57766E-05,2.13624E-04,-.001
3.669835,-1.297006E-04,4.577655E-04,-2.33333E-03
3.670835,0,4.501361E-04,-6.66667E-04
3.671836,2.899189E-04,1.907358E-04,-6.66667E-04
3.672836,4.196186E-04,1.06812E-04,.001
3.673837,3.50954E-04,-1.525888E-04,-6.66667E-04
3.674838,2.059946E-04,-4.57766E-05,-6.66667E-04
3.675838,3.814716E-04,-2.28883E-05,-6.66667E-04
3.676838,3.662128E-04,1.678476E-04,-6.66667E-04
3.677839,5.111732E-04,3.051776E-04,-.001
3.678839,3.738422E-04,1.220712E-04,6.66667E-04
3.67984,2.899189E-04,3.204364E-04,6.66667E-04
3.68084,4.730243E-04,2.899189E-04,-2.33333E-03
3.681841,5.569495E-04,3.12807E-04,-6.66667E-04
3.682841,3.89101E-04,3.662128E-04,-.001
3.683842,4.348774E-04,4.043598E-04,6.66667E-04
3.684843,2.822895E-04,2.059946E-04,-.001
3.685843,6.866502E-05,-1.06812E-04,-.002
3.686843,-1.525891E-05,-4.577655E-04,6.66667E-04
3.687844,-1.602182E-04,-6.485023E-04,-.001
3.688844,4.57766E-05,-3.738422E-04,-.001
3.689845,-2.822895E-04,-2.822895E-04,6.66667E-04
3.690845,-3.50954E-04,-2.365122E-04,.002
3.691846,-1.831064E-04,-9.918259E-05,6.66667E-04
3.692847,2.13624E-04,-1.220712E-04,-6.66667E-04
3.693847,7.476844E-04,-2.13624E-04,-.001
3.694848,6.256141E-04,-3.967304E-04,-2.33333E-03
3.695848,5.035438E-04,-3.738422E-04,-6.66667E-04
3.696848,4.959144E-04,-2.746601E-04,.001
3.697849,2.059946E-04,-3.738422E-04,.001
3.698849,4.425067E-04,-3.662128E-04,-2.33333E-03
3.69985,4.730243E-04,-2.975482E-04,6.66667E-04
3.70085,6.179847E-04,-1.602182E-04,-6.66667E-04
3.701851,2.517719E-04,4.57766E-05,-6.66667E-04
3.702852,2.746601E-04,2.28883E-05,-.001
3.703852,9.15532E-05,5.340599E-05,-.002
3.704853,-7.629441E-05,6.103562E-05,-.001
3.705853,-2.822895E-04,1.983652E-04,.001
3.706853,-2.212534E-04,-5.340599E-05,6.66667E-04
3.707854,1.525891E-05,-8.392381E-05,.002
3.708854,2.441425E-04,8.392381E-05,-.002
3.709855,3.12807E-04,3.89101E-04,-.001
3.710855,9.15532E-05,7.095374E-04,-6.66667E-04
3.711856,7.629453E-06,9.307899E-04,6.66667E-04
3.712857,-5.340599E-05,3.738422E-04,-2.33333E-03
3.713857,-1.449594E-04,-3.967304E-04,6.66667E-04
3.714858,0,-7.324256E-04,-6.66667E-04
3.715858,7.629453E-06,-7.476844E-04,-.001
3.716858,1.678476E-04,-4.27248E-04,-.001
3.717859,1.907358E-04,1.06812E-04,6.66667E-04
3.718859,1.983652E-04,2.441425E-04,-6.66667E-04
3.71986,1.525888E-04,4.57766E-05,-.002
3.72086,9.15532E-05,9.15532E-05,-.001
3.721861,-4.57766E-05,2.594013E-04,-.001
3.722862,-1.831064E-04,2.059946E-04,-.001
3.723862,-2.13624E-04,-1.525888E-04,.001
3.724863,-1.220712E-04,-1.144414E-04,-6.66667E-04
3.725863,6.103562E-05,7.629441E-05,2.33333E-03
3.726863,-4.119892E-04,9.918259E-05,-.001
3.727864,-2.975482E-04,1.297006E-04,2.33333E-03
3.728864,1.144414E-04,2.288828E-04,-.001
3.729865,3.12807E-04,3.50954E-04,-.002
3.730865,2.059946E-04,4.119892E-04,.002
3.731866,1.75477E-04,3.50954E-04,-6.66667E-04
3.732867,9.918259E-05,1.3733E-04,-6.66667E-04
3.733867,-2.059946E-04,-1.144414E-04,-.002
3.734868,7.629453E-06,6.103562E-05,-6.66667E-04
3.735868,-1.3733E-04,-4.57766E-05,-.002
3.736868,-3.738422E-04,-4.57766E-05,-.001
3.737869,3.814721E-05,-6.103562E-05,.001
3.73887,3.662128E-04,-9.918259E-05,6.66667E-04
3.73987,2.059946E-04,-1.06812E-04,-.001
3.74087,-1.144414E-04,9.15532E-05,.001
3.741871,1.525891E-05,1.06812E-04,-6.66667E-04
3.742872,1.449594E-04,1.525888E-04,-.002
3.743872,2.670307E-04,6.866502E-05,-6.66667E-04
3.744873,5.340599E-05,-1.297006E-04,-6.66667E-04
3.745873,5.264319E-04,-2.670307E-04,-6.66667E-04
3.746873,1.525888E-04,-4.043598E-04,6.66667E-04
3.747874,-3.12807E-04,-6.103553E-04,-.001
3.748875,-6.713904E-04,-8.468665E-04,-6.66667E-04
3.749875,-5.798377E-04,-4.425067E-04,-.002
3.750875,-6.485023E-04,-2.212534E-04,-.002
3.751876,-8.087195E-04,6.866502E-05,-.002
3.752877,-4.043598E-04,2.059946E-04,6.66667E-04
3.753877,-3.051781E-05,1.220712E-04,.001
3.754878,1.297006E-04,9.918259E-05,6.66667E-04
3.755878,-4.57766E-05,1.602182E-04,-.002
3.756878,1.525888E-04,3.051781E-05,-.001
3.757879,4.806537E-04,3.738422E-04,-3.66667E-03
3.75888,5.798377E-04,4.501361E-04,.002
3.75988,4.959144E-04,8.392381E-05,-6.66667E-04
3.76088,-9.918259E-05,1.449594E-04,-6.66667E-04
3.761881,-1.525888E-04,-7.629453E-06,.001
3.762882,-3.051776E-04,2.13624E-04,-.002
3.763882,-3.738422E-04,3.204364E-04,-.002
3.764883,-3.204364E-04,1.602182E-04,-6.66667E-04
3.765883,-2.517719E-04,-2.212534E-04,6.66667E-04
3.766883,-3.204364E-04,-3.967304E-04,-6.66667E-04
3.767884,-1.06812E-04,-2.288828E-04,-6.66667E-04
3.768885,-2.13624E-04,5.340599E-05,-6.66667E-04
3.769885,-1.297006E-04,1.525888E-04,6.66667E-04
3.770885,-3.204364E-04,3.738422E-04,-.001
3.771886,-1.602182E-04,2.212534E-04,-.002
3.772887,-9.15532E-05,0,-.001
3.773887,-1.678476E-04,-3.814721E-05,-.001
3.774888,-3.89101E-04,2.746601E-04,.001
3.775888,-3.12807E-04,2.288828E-04,-6.66667E-04
3.776888,-1.907358E-04,-5.340599E-05,-.001
3.777889,2.059946E-04,2.670307E-04,6.66667E-04
3.77889,3.204364E-04,3.967304E-04,-.001
3.77989,2.059946E-04,3.204364E-04,-6.66667E-04
3.78089,8.392381E-05,1.983652E-04,6.66667E-04
3.781891,1.602182E-04,1.678476E-04,6.66667E-04
3.782892,3.051776E-04,3.12807E-04,-.001
3.783892,1.3733E-04,5.798377E-04,-6.66667E-04
3.784893,1.449594E-04,2.746601E-04,-6.66667E-04
3.785893,-2.899189E-04,9.918259E-05,.001
3.786893,-2.594013E-04,-3.814721E-05,6.66667E-04
3.787894,1.678476E-04,1.831064E-04,.001
3.788895,-1.983652E-04,3.356952E-04,6.66667E-04
3.789895,-3.12807E-04,2.365122E-04,-2.33333E-03
3.790895,-9.15532E-05,2.365122E-04,-.001
3.791896,-3.280658E-04,2.365122E-04,-.001
3.792897,-1.75477E-04,4.730243E-04,.002
3.793897,-3.051781E-05,-5.340599E-05,-.001
3.794898,2.059946E-04,-1.297006E-04,-6.66667E-04
3.795898,2.059946E-04,4.57766E-05,-6.66667E-04
3.796898,-2.441425E-04,0,-.001
3.797899,7.629441E-05,4.57766E-05,-.002
3.7989,2.288828E-04,-2.13624E-04,-6.66667E-04
3.7999,1.144414E-04,1.907358E-04,-.001
3.8009,1.831064E-04,3.89101E-04,-.001
3.801901,-3.051781E-05,7.095374E-04,.001
3.802902,-1.525891E-05,7.553138E-04,-2.33333E-03
3.803902,5.569495E-04,6.713904E-04,-.001
3.804903,2.975482E-04,7.324256E-04,-6.66667E-04
3.805903,0,7.40055E-04,.001
3.806903,-3.738422E-04,4.043598E-04,-2.33333E-03
3.807904,-1.831064E-04,4.119892E-04,-6.66667E-04
3.808905,-1.678476E-04,4.348774E-04,-.001
3.809905,3.662128E-04,2.441425E-04,-.001
3.810905,6.027259E-04,0,-.001
3.811906,4.806537E-04,3.051781E-05,-.001
3.812907,2.517719E-04,-1.3733E-04,-.002
3.813907,-3.814721E-05,2.594013E-04,-.002
3.814908,1.3733E-04,2.288828E-04,-6.66667E-04
3.815908,3.433246E-04,1.525891E-05,-.002
3.816908,1.907358E-04,-7.629441E-05,.001
3.817909,0,-2.059946E-04,-6.66667E-04
3.81891,1.3733E-04,3.814721E-05,-6.66667E-04
3.81991,9.15532E-05,-4.196186E-04,-6.66667E-04
3.82091,-5.340599E-05,-1.602182E-04,-.001
3.821911,-6.103562E-05,1.75477E-04,-6.66667E-04
3.822912,2.13624E-04,-2.670307E-04,6.66667E-04
3.823912,1.06812E-04,-2.670307E-04,-6.66667E-04
3.824913,-9.15532E-05,0,-6.66667E-04
3.825913,-1.907358E-04,-1.983652E-04,.001
3.826913,-3.967304E-04,-4.730243E-04,-.001
3.827914,-1.602182E-04,-4.27248E-04,6.66667E-04
3.828915,4.196186E-04,-4.959144E-04,.001
3.829915,2.059946E-04,-4.577655E-04,-6.66667E-04
3.830915,-1.297006E-04,3.814721E-05,.001
3.831916,-1.602182E-04,8.392381E-05,.002
3.832916,-2.517719E-04,3.433246E-04,6.66667E-04
3.833917,2.28883E-05,2.365122E-04,-.001
3.834918,1.525891E-05,-1.525888E-04,2.33333E-03
3.835918,-6.866502E-05,-4.806537E-04,.002
3.836918,1.144414E-04,-3.204364E-04,-.001
3.837919,2.13624E-04,-2.670307E-04,6.66667E-04
3.83892,2.059946E-04,-3.433246E-04,-3.66667E-03
3.83992,2.594013E-04,-9.918259E-05,-6.66667E-04
3.84092,8.392381E-05,1.144414E-04,6.66667E-04
3.841921,0,1.831064E-04,-.002
3.842921,-1.144414E-04,1.602182E-04,-6.66667E-04
3.843922,-2.670307E-04,-3.814721E-05,-.002
3.844923,-5.264319E-04,2.28883E-05,-.002
3.845923,-4.119892E-04,-3.051781E-05,.001
3.846923,-5.340599E-05,-9.15532E-05,-6.66667E-04
3.847924,3.585834E-04,-1.297006E-04,-.001
3.848925,4.730243E-04,2.28883E-05,6.66667E-04
3.849925,3.051776E-04,8.392381E-05,-6.66667E-04
3.850925,-5.340599E-05,4.425067E-04,-.001
3.851926,-3.814721E-05,7.01908E-04,-.001
3.852926,2.212534E-04,1.213081E-03,-.001
3.853927,3.280658E-04,9.307899E-04,-.001
3.854928,1.75477E-04,7.858314E-04,-.002
3.855928,5.340599E-05,6.866492E-04,-6.66667E-04
3.856929,-4.27248E-04,6.256141E-04,6.66667E-04
3.857929,-1.75477E-04,4.348774E-04,.001
3.85893,-6.103562E-05,1.3733E-04,-6.66667E-04
3.85993,6.866502E-05,2.441425E-04,-3.66667E-03
3.86093,4.27248E-04,3.814716E-04,-6.66667E-04
3.861931,6.103562E-05,3.50954E-04,-6.66667E-04
3.862931,-1.297006E-04,2.28883E-05,.001
3.863932,-2.594013E-04,9.15532E-05,-.001
3.864933,-3.12807E-04,3.356952E-04,-6.66667E-04
3.865933,-2.670307E-04,3.814716E-04,-.002
3.866934,-1.602182E-04,1.831064E-04,-.001
3.867934,-1.06812E-04,-8.392381E-05,-6.66667E-04
3.868935,-1.06812E-04,-6.103562E-05,-.001
3.869935,1.983652E-04,-1.907358E-04,6.66667E-04
3.870935,3.89101E-04,-1.602182E-04,-6.66667E-04
3.871936,4.501361E-04,-3.585834E-04,6.66667E-04
3.872936,6.256141E-04,-3.204364E-04,6.66667E-04
3.873937,7.247962E-04,-4.57766E-05,-6.66667E-04
3.874938,6.179847E-04,-1.297006E-04,6.66667E-04
3.875938,5.798377E-04,-2.28883E-05,-6.66667E-04
3.876939,2.288828E-04,1.75477E-04,-6.66667E-04
3.877939,3.051781E-05,1.602182E-04,-.002
3.87894,-1.525888E-04,-2.365122E-04,.001
3.87994,-1.831064E-04,-1.831064E-04,-.002
3.88094,9.918259E-05,1.144414E-04,-6.66667E-04
3.881941,1.983652E-04,7.629441E-05,-6.66667E-04
3.882941,1.06812E-04,6.866502E-05,.001
3.883942,1.678476E-04,1.602182E-04,6.66667E-04
3.884943,1.75477E-04,4.27248E-04,-.001
3.885943,-1.525888E-04,4.425067E-04,-6.66667E-04
3.886944,-1.220712E-04,3.662128E-04,2.33333E-03
3.887944,-1.144414E-04,2.212534E-04,6.66667E-04
3.888945,-9.15532E-05,5.340599E-05,2.33333E-03
3.889945,-3.204364E-04,-1.525888E-04,-6.66667E-04
3.890945,1.297006E-04,-1.75477E-04,.001
3.891946,4.806537E-04,1.75477E-04,-.001
3.892946,2.288828E-04,3.356952E-04,-6.66667E-04
3.893947,1.831064E-04,8.392381E-05,-.002
3.894948,4.27248E-04,7.629453E-06,-.001
3.895948,3.204364E-04,-4.57766E-05,6.66667E-04
3.896949,2.441425E-04,-1.220712E-04,-.001
3.897949,6.485023E-04,-1.449594E-04,-.002
3.89895,3.738422E-04,-7.629453E-06,-.001
3.89995,-8.392381E-05,2.594013E-04,.001
3.90095,-2.670307E-04,2.365122E-04,6.66667E-04
3.901951,-2.365122E-04,2.059946E-04,-.001
3.902952,-6.103562E-05,3.662128E-04,6.66667E-04
3.903952,-1.06812E-04,3.738422E-04,.001
3.904953,-4.501361E-04,4.577655E-04,-6.66667E-04
3.905953,-3.585834E-04,5.645789E-04,-6.66667E-04
3.906954,-3.50954E-04,1.602182E-04,-.001
3.907954,-2.822895E-04,1.06812E-04,.002
3.908955,-2.365122E-04,2.975482E-04,-6.66667E-04
3.909955,4.57766E-05,2.670307E-04,-.001
3.910955,2.212534E-04,5.188026E-04,-6.66667E-04
3.911956,-1.75477E-04,5.798377E-04,-.002
3.912957,-4.57766E-05,2.670307E-04,-.002
3.913957,-2.28883E-05,-5.340599E-05,-2.33333E-03
3.914958,-1.602182E-04,-3.356952E-04,.001
3.915958,-1.907358E-04,-4.27248E-04,.001
3.916959,-2.13624E-04,-5.874671E-04,6.66667E-04
3.917959,-2.13624E-04,-3.738422E-04,-.001
3.91896,9.15532E-05,-4.425067E-04,-6.66667E-04
3.91996,2.059946E-04,-1.06812E-04,-6.66667E-04
3.92096,2.822895E-04,8.392381E-05,-.001
3.921961,9.918259E-05,3.204364E-04,.001
3.922962,-6.103562E-05,2.822895E-04,-6.66667E-04
3.923962,7.629453E-06,-5.340599E-05,-6.66667E-04
3.924963,-1.449594E-04,9.918259E-05,-6.66667E-04
3.925963,-1.297006E-04,1.525891E-05,-.002
3.926964,-2.441425E-04,6.866502E-05,-.001
3.927964,-2.441425E-04,1.602182E-04,6.66667E-04
3.928965,-3.204364E-04,1.907358E-04,-.001
3.929965,-4.806537E-04,-3.662128E-04,-.001
3.930965,-5.188026E-04,-5.569495E-04,-.001
3.931966,-3.89101E-04,-2.059946E-04,.001
3.932967,-9.15532E-05,-2.28883E-05,6.66667E-04
3.933967,2.441425E-04,-1.220712E-04,-3.66667E-03
3.934968,4.196186E-04,-3.89101E-04,-.001
3.935968,2.670307E-04,-6.103553E-04,.002
3.936969,1.602182E-04,-5.111732E-04,-.002
3.937969,2.13624E-04,-7.934608E-04,-6.66667E-04
3.93897,3.662128E-04,-7.629432E-04,-.002
3.93997,5.798377E-04,-8.468665E-04,6.66667E-04
3.94097,3.12807E-04,-5.035438E-04,6.66667E-04
3.941971,3.204364E-04,-3.814721E-05,-6.66667E-04
3.942972,3.12807E-04,-3.814721E-05,-.002
3.943972,2.059946E-04,1.983652E-04,-6.66667E-04
3.944973,1.525891E-05,2.517719E-04,-.002
3.945973,4.57766E-05,4.959144E-04,-2.33333E-03
3.946974,-7.629441E-05,6.942786E-04,.002
3.947974,-7.629441E-05,1.449594E-04,.001
3.948975,-3.204364E-04,0,.002
3.949975,-3.50954E-04,5.340599E-05,-.002
3.950975,-5.722083E-04,4.425067E-04,.001
3.951976,-2.670307E-04,3.814721E-05,-6.66667E-04
3.952977,4.57766E-05,-7.629453E-06,6.66667E-04
3.953977,-1.525891E-05,2.746601E-04,-.001
3.954978,-9.15532E-05,1.983652E-04,.001
3.955978,3.814721E-05,-4.57766E-05,-3.66667E-03
3.956979,-3.051776E-04,-3.814721E-05,-.002
3.957979,-5.340599E-05,1.602182E-04,6.66667E-04
3.95898,9.918259E-05,-1.144414E-04,-6.66667E-04
3.95998,-8.392381E-05,-4.27248E-04,-.001
3.96098,-4.348774E-04,-1.983652E-04,-.001
3.961981,-1.06812E-04,2.059946E-04,-2.33333E-03
3.962982,7.629453E-06,5.340599E-05,6.66667E-04
3.963982,3.662128E-04,0,-6.66667E-04
3.964983,2.059946E-04,-5.340599E-05,-.002
3.965983,-5.340599E-05,-3.051781E-05,6.66667E-04
3.966984,-5.340599E-05,-1.602182E-04,-.001
3.967984,8.392381E-05,-3.280658E-04,-6.66667E-04
3.968985,3.585834E-04,-7.095374E-04,-6.66667E-04
3.969985,4.577655E-04,-3.89101E-04,.001
3.970985,2.975482E-04,-3.051781E-05,-6.66667E-04
3.971986,3.051781E-05,7.629453E-06,.001
3.972987,-5.340599E-05,-1.297006E-04,-.002
3.973987,-5.340599E-05,2.059946E-04,-.001
3.974988,-1.602182E-04,2.517719E-04,.001
3.975988,1.144414E-04,2.212534E-04,-.001
3.976989,1.144414E-04,3.814721E-05,-.001
3.977989,1.3733E-04,0,-.001
3.97899,-6.103562E-05,-9.15532E-05,.001
3.97999,9.15532E-05,-5.340599E-05,-6.66667E-04
3.98099,3.433246E-04,-1.220712E-04,-2.33333E-03
3.981991,7.629441E-05,-1.3733E-04,6.66667E-04
3.982992,-2.13624E-04,3.814721E-05,6.66667E-04
3.983992,8.392381E-05,-1.06812E-04,-.001
3.984993,3.89101E-04,-1.220712E-04,.001
3.985993,6.256141E-04,-2.517719E-04,-.001
3.986994,6.256141E-04,-7.629441E-05,-.001
3.987994,4.577655E-04,-1.525888E-04,-.002
3.988995,3.662128E-04,-1.449594E-04,-6.66667E-04
3.989995,2.594013E-04,-4.57766E-05,-.002
3.990995,0,2.28883E-05,-6.66667E-04
3.991996,-7.629453E-06,-4.196186E-04,-.001
3.992997,-2.288828E-04,-4.501361E-04,-6.66667E-04
3.993997,-7.78202E-04,-3.204364E-04,6.66667E-04
3.994998,-7.78202E-04,-5.340599E-05,-3.66667E-03
3.995998,-3.12807E-04,-1.602182E-04,.001
3.996999,-1.983652E-04,-4.196186E-04,-.002
3.997999,-2.441425E-04,-2.594013E-04,-.001
3.999,-1.602182E-04,-3.433246E-04,-.001
4,-2.746601E-04,6.866502E-05,-3.66667E-03
