"c:\users\esrlabn1\desktop\bence\ir_spectroscopy\532nm_odmr\magnet_map_2_680nm\242.dat  ---  04-28-2026 01:52:51"
""
"cavityli 20 2 4 2000 1 0 0"
"                             ;                             ;seth_xesr_precise 54.04 1 0 -0.13209393346379672"
"setlockin 188.67 0.004 0 0.03 0.2"
4,2000
2,5.874671E-04,3.662128E-04,6.66667E-04
2.001,5.874671E-04,6.866502E-05,-.002
2.002001,3.585834E-04,9.918259E-05,-6.66667E-04
2.003001,1.220712E-04,4.57766E-05,-6.66667E-04
2.004002,1.297006E-04,-1.144414E-04,-.001
2.005002,1.75477E-04,5.340599E-05,-.002
2.006003,2.822895E-04,9.918259E-05,-.001
2.007004,2.517719E-04,-3.814721E-05,-6.66667E-04
2.008004,4.27248E-04,-2.670307E-04,-6.66667E-04
2.009005,5.798377E-04,-2.13624E-04,-.001
2.010005,2.13624E-04,1.3733E-04,-.002
2.011005,1.602182E-04,4.27248E-04,-.002
2.012006,9.918259E-05,5.264319E-04,-2.33333E-03
2.013006,-1.06812E-04,5.874671E-04,-.002
2.014007,-9.15532E-05,3.814716E-04,6.66667E-04
2.015007,-5.493201E-04,3.12807E-04,6.66667E-04
2.016008,-4.27248E-04,3.814721E-05,6.66667E-04
2.017009,-3.356952E-04,-2.517719E-04,6.66667E-04
2.018009,-3.051776E-04,-3.738422E-04,-6.66667E-04
2.01901,-2.517719E-04,-3.280658E-04,-6.66667E-04
2.02001,1.983652E-04,-4.653949E-04,-6.66667E-04
2.02101,9.918259E-05,6.103562E-05,-6.66667E-04
2.022011,1.144414E-04,9.15532E-05,-6.66667E-04
2.023011,5.340599E-05,-2.288828E-04,6.66667E-04
2.024012,-7.629441E-05,-2.288828E-04,-.001
2.025012,-8.392381E-05,-2.13624E-04,-2.33333E-03
2.026013,1.297006E-04,-3.204364E-04,2.33333E-03
2.027014,-1.06812E-04,-1.297006E-04,-.001
2.028014,-1.06812E-04,0,-6.66667E-04
2.029015,9.918259E-05,-8.392381E-05,-.002
2.030015,1.525888E-04,-7.629453E-06,-6.66667E-04
2.031015,4.57766E-05,-3.051781E-05,-6.66667E-04
2.032016,-3.814721E-05,-6.103562E-05,-3.66667E-03
2.033016,-4.730243E-04,-1.297006E-04,-.002
2.034017,-3.12807E-04,5.340599E-05,-6.66667E-04
2.035017,-2.517719E-04,1.144414E-04,.001
2.036018,2.670307E-04,-9.918259E-05,6.66667E-04
2.037019,3.662128E-04,9.918259E-05,6.66667E-04
2.038019,1.907358E-04,3.967304E-04,-.002
2.03902,3.814721E-05,5.493201E-04,-6.66667E-04
2.04002,-8.392381E-05,1.602182E-04,-6.66667E-04
2.04102,1.449594E-04,2.441425E-04,-6.66667E-04
2.042021,3.738422E-04,2.594013E-04,6.66667E-04
2.043021,6.332435E-04,4.57766E-05,-.001
2.044022,4.348774E-04,4.57766E-05,.001
2.045022,-9.918259E-05,5.340599E-05,6.66667E-04
2.046023,-2.365122E-04,4.730243E-04,-.001
2.047024,-4.27248E-04,3.12807E-04,-.002
2.048024,-2.899189E-04,3.814721E-05,-6.66667E-04
2.049025,4.57766E-05,-1.297006E-04,6.66667E-04
2.050025,9.918259E-05,-1.602182E-04,-6.66667E-04
2.051026,-2.13624E-04,-1.525891E-05,-.001
2.052026,-1.220712E-04,2.594013E-04,-.002
2.053026,-1.678476E-04,4.806537E-04,-.001
2.054027,-1.144414E-04,4.730243E-04,-.001
2.055027,-1.983652E-04,5.874671E-04,-2.33333E-03
2.056028,-3.433246E-04,6.027259E-04,-3.66667E-03
2.057029,-3.051781E-05,2.594013E-04,.001
2.058029,-1.297006E-04,-3.814721E-05,-.002
2.05903,1.06812E-04,7.629453E-06,-.001
2.06003,-2.212534E-04,3.738422E-04,6.66667E-04
2.061031,-3.433246E-04,3.356952E-04,.001
2.062031,-2.594013E-04,-1.06812E-04,-.001
2.063031,-6.866502E-05,7.629453E-06,.001
2.064032,1.525888E-04,4.425067E-04,-.001
2.065032,1.220712E-04,5.798377E-04,-2.33333E-03
2.066033,2.13624E-04,9.918259E-05,6.66667E-04
2.067034,6.866502E-05,-1.907358E-04,.001
2.068034,2.288828E-04,-1.602182E-04,-6.66667E-04
2.069035,1.983652E-04,-2.13624E-04,-.002
2.070035,3.585834E-04,-5.416907E-04,-6.66667E-04
2.071036,2.517719E-04,-7.78202E-04,-2.33333E-03
2.072036,3.12807E-04,-6.63761E-04,.001
2.073036,1.297006E-04,-3.738422E-04,-6.66667E-04
2.074037,1.525891E-05,-1.3733E-04,-6.66667E-04
2.075037,-2.670307E-04,-1.144414E-04,-6.66667E-04
2.076038,-3.814716E-04,-2.594013E-04,-6.66667E-04
2.077039,-1.220712E-04,-1.907358E-04,-.001
2.078039,2.059946E-04,-1.525888E-04,.001
2.07904,3.204364E-04,8.392381E-05,.001
2.08004,1.220712E-04,3.280658E-04,.001
2.081041,-1.831064E-04,2.28883E-05,-.001
2.082041,-2.212534E-04,-3.12807E-04,-.002
2.083041,4.57766E-05,6.103562E-05,-.002
2.084042,1.220712E-04,2.670307E-04,3.66667E-03
2.085042,3.12807E-04,2.594013E-04,-.001
2.086043,0,1.525891E-05,-.002
2.087044,1.144414E-04,1.449594E-04,-.002
2.088044,5.340613E-04,1.678476E-04,-.002
2.089045,4.27248E-04,1.602182E-04,-6.66667E-04
2.090045,1.75477E-04,1.602182E-04,-6.66667E-04
2.091046,-5.340599E-05,1.06812E-04,-.001
2.092046,-5.340599E-05,-1.75477E-04,-.001
2.093046,7.629441E-05,1.525888E-04,-6.66667E-04
2.094047,1.983652E-04,3.051776E-04,-.002
2.095047,8.392381E-05,2.059946E-04,-.002
2.096048,8.392381E-05,2.365122E-04,-.001
2.097049,-5.340599E-05,3.50954E-04,-.002
2.098049,3.738422E-04,2.594013E-04,-.001
2.09905,8.392371E-04,-2.212534E-04,-6.66667E-04
2.10005,8.544959E-04,-2.822895E-04,-.001
2.101051,6.485023E-04,-1.983652E-04,-6.66667E-04
2.102051,5.493201E-04,-4.348774E-04,-6.66667E-04
2.103051,3.12807E-04,-3.50954E-04,-.002
2.104052,4.043598E-04,-2.288828E-04,6.66667E-04
2.105052,2.365122E-04,-1.3733E-04,.001
2.106053,4.57766E-05,-9.15532E-05,-2.33333E-03
2.107054,-3.814721E-05,-2.28883E-05,-.002
2.108054,-2.365122E-04,1.678476E-04,.002
2.109055,-9.15532E-05,-3.051781E-05,2.33333E-03
2.110055,1.220712E-04,2.059946E-04,-.001
2.111056,1.3733E-04,2.059946E-04,-.001
2.112056,4.425067E-04,0,.001
2.113056,5.569495E-04,1.831064E-04,-.001
2.114057,6.103562E-05,-1.297006E-04,.001
2.115057,-3.204364E-04,-3.204364E-04,-6.66667E-04
2.116058,2.059946E-04,-2.212534E-04,-6.66667E-04
2.117059,6.027259E-04,3.814721E-05,6.66667E-04
2.118059,2.517719E-04,1.907358E-04,6.66667E-04
2.11906,9.918259E-05,1.06812E-04,-.002
2.12006,4.501361E-04,2.288828E-04,-.002
2.121061,-5.340599E-05,-1.907358E-04,-2.33333E-03
2.122061,-2.670307E-04,2.28883E-05,6.66667E-04
2.123062,-1.983652E-04,1.525891E-05,-.001
2.124062,9.15532E-05,-9.918259E-05,-.002
2.125062,-8.392381E-05,-7.629441E-05,2.33333E-03
2.126063,-2.13624E-04,1.983652E-04,-6.66667E-04
2.127064,-4.425067E-04,0,6.66667E-04
2.128064,-5.645789E-04,-1.06812E-04,6.66667E-04
2.129065,0,7.629453E-06,-6.66667E-04
2.130065,4.27248E-04,-3.814721E-05,.001
2.131066,4.196186E-04,1.144414E-04,-2.33333E-03
2.132066,3.738422E-04,3.967304E-04,6.66667E-04
2.133067,3.814716E-04,-2.822895E-04,-6.66667E-04
2.134067,4.501361E-04,-6.408729E-04,-6.66667E-04
2.135067,5.493201E-04,-7.705726E-04,-.001
2.136068,9.918259E-05,-5.340613E-04,-.001
2.137069,1.297006E-04,-4.57766E-05,-.001
2.138069,1.525888E-04,3.280658E-04,6.66667E-04
2.13907,3.12807E-04,4.425067E-04,6.66667E-04
2.14007,3.280658E-04,1.983652E-04,-2.33333E-03
2.141071,2.670307E-04,-1.06812E-04,-3.66667E-03
2.142071,-1.602182E-04,-1.678476E-04,-6.66667E-04
2.143072,-1.297006E-04,1.220712E-04,-.001
2.144072,1.144414E-04,4.57766E-05,-.001
2.145072,2.975482E-04,1.3733E-04,-6.66667E-04
2.146073,3.433246E-04,4.501361E-04,-6.66667E-04
2.147074,1.525888E-04,2.059946E-04,.002
2.148074,-1.75477E-04,8.392381E-05,-6.66667E-04
2.149075,1.983652E-04,1.449594E-04,-6.66667E-04
2.150075,2.746601E-04,3.051781E-05,-.002
2.151076,1.907358E-04,-4.119892E-04,6.66667E-04
2.152076,2.288828E-04,-1.907358E-04,-.002
2.153077,1.831064E-04,1.06812E-04,-6.66667E-04
2.154077,-1.525891E-05,-1.525891E-05,-6.66667E-04
2.155077,-5.340599E-05,-4.57766E-05,-6.66667E-04
2.156078,-5.340599E-05,0,-.001
2.157079,5.340599E-05,1.297006E-04,-6.66667E-04
2.158079,2.822895E-04,2.746601E-04,-.002
2.15908,1.220712E-04,1.907358E-04,-.001
2.16008,5.340599E-05,1.602182E-04,-6.66667E-04
2.161081,0,-7.629441E-05,-3.66667E-03
2.162081,2.28883E-05,-2.212534E-04,6.66667E-04
2.163082,1.3733E-04,-2.594013E-04,-.001
2.164082,1.602182E-04,-7.629453E-06,.001
2.165082,4.57766E-05,-1.983652E-04,-6.66667E-04
2.166083,-9.15532E-05,-8.392381E-05,6.66667E-04
2.167084,2.288828E-04,-1.602182E-04,-.002
2.168084,0,-2.517719E-04,-.002
2.169085,-1.06812E-04,-1.525891E-05,-.002
2.170085,-2.212534E-04,4.57766E-05,-.002
2.171086,-2.441425E-04,1.907358E-04,-6.66667E-04
2.172086,-7.629441E-05,4.57766E-05,-3.66667E-03
2.173087,3.051781E-05,3.585834E-04,-.001
2.174087,-1.983652E-04,1.144414E-04,-2.33333E-03
2.175087,-3.814721E-05,-2.517719E-04,-6.66667E-04
2.176088,2.059946E-04,-1.831064E-04,6.66667E-04
2.177088,6.866502E-05,-1.525891E-05,-.001
2.178089,0,2.288828E-04,-.001
2.17909,-1.3733E-04,2.594013E-04,-3.66667E-03
2.18009,-1.449594E-04,2.059946E-04,-6.66667E-04
2.181091,1.525891E-05,9.15532E-05,6.66667E-04
2.182091,1.144414E-04,5.340599E-05,-.001
2.183092,6.866502E-05,1.525888E-04,.001
2.184092,2.975482E-04,1.144414E-04,-3.66667E-03
2.185092,4.653949E-04,-1.220712E-04,-.002
2.186093,4.730243E-04,-2.28883E-05,-.001
2.187093,3.814716E-04,2.059946E-04,-6.66667E-04
2.188094,2.059946E-04,1.983652E-04,-.002
2.189095,-2.365122E-04,1.678476E-04,6.66667E-04
2.190095,-9.918259E-05,7.629441E-05,-6.66667E-04
2.191096,9.15532E-05,0,-6.66667E-04
2.192096,-2.13624E-04,-1.06812E-04,-.001
2.193097,-1.831064E-04,-2.822895E-04,6.66667E-04
2.194097,-4.806537E-04,-2.28883E-05,6.66667E-04
2.195097,-4.425067E-04,7.629453E-06,-.001
2.196098,-7.01908E-04,-3.662128E-04,-.001
2.197098,-5.340613E-04,-1.907358E-04,-6.66667E-04
2.198099,0,-9.918259E-05,-2.33333E-03
2.1991,-8.392381E-05,-1.3733E-04,-2.33333E-03
2.2001,-9.15532E-05,5.340599E-05,-2.33333E-03
2.201101,-6.866502E-05,0,-6.66667E-04
2.202101,2.28883E-05,-1.602182E-04,-6.66667E-04
2.203102,-3.50954E-04,-1.602182E-04,.001
2.204102,-1.525888E-04,-2.28883E-05,2.33333E-03
2.205102,4.57766E-05,9.918259E-05,-6.66667E-04
2.206103,2.899189E-04,4.57766E-05,-.002
2.207103,2.594013E-04,7.629453E-06,-2.33333E-03
2.208104,4.57766E-05,-3.204364E-04,6.66667E-04
2.209105,1.75477E-04,-5.416907E-04,-6.66667E-04
2.210105,0,-2.899189E-04,6.66667E-04
2.211106,-7.629453E-06,-4.806537E-04,-6.66667E-04
2.212106,2.212534E-04,-2.899189E-04,6.66667E-04
2.213107,-5.340599E-05,1.297006E-04,6.66667E-04
2.214107,-4.27248E-04,1.06812E-04,6.66667E-04
2.215107,-6.408729E-04,2.517719E-04,-6.66667E-04
2.216108,-4.653949E-04,3.662128E-04,6.66667E-04
2.217108,-2.746601E-04,0,.001
2.218109,-9.918259E-05,-2.517719E-04,.001
2.21911,1.144414E-04,-5.340599E-05,.001
2.22011,1.06812E-04,2.670307E-04,-6.66667E-04
2.221111,7.629441E-05,3.662128E-04,6.66667E-04
2.222111,1.449594E-04,3.051781E-05,-6.66667E-04
2.223112,1.525891E-05,9.918259E-05,-6.66667E-04
2.224112,-2.746601E-04,4.959144E-04,-6.66667E-04
2.225112,-3.356952E-04,5.950965E-04,-.002
2.226113,-2.746601E-04,3.356952E-04,-3.66667E-03
2.227113,-3.280658E-04,2.594013E-04,-.002
2.228114,-2.670307E-04,2.13624E-04,6.66667E-04
2.229115,1.144414E-04,3.738422E-04,3.66667E-03
2.230115,1.144414E-04,-1.144414E-04,-6.66667E-04
2.231116,2.517719E-04,-4.577655E-04,.001
2.232116,3.662128E-04,-4.806537E-04,-.001
2.233117,4.959144E-04,-4.501361E-04,.001
2.234117,2.365122E-04,1.525888E-04,-.001
2.235118,0,7.629453E-06,-6.66667E-04
2.236118,-1.220712E-04,9.918259E-05,-.001
2.237118,1.144414E-04,3.662128E-04,-6.66667E-04
2.238119,1.06812E-04,-1.220712E-04,-.001
2.23912,-2.059946E-04,-4.425067E-04,6.66667E-04
2.24012,-3.814721E-05,-5.035438E-04,6.66667E-04
2.241121,2.28883E-05,-2.899189E-04,-.002
2.242121,4.27248E-04,7.629453E-06,.001
2.243122,4.653949E-04,3.051781E-05,6.66667E-04
2.244122,9.15532E-05,2.670307E-04,-2.33333E-03
2.245123,-2.288828E-04,2.288828E-04,-6.66667E-04
2.246123,-1.907358E-04,-1.297006E-04,-6.66667E-04
2.247123,-9.15532E-05,-4.425067E-04,-.001
2.248124,-1.144414E-04,-2.899189E-04,6.66667E-04
2.249125,-2.13624E-04,-2.212534E-04,-.001
2.250125,-2.13624E-04,2.288828E-04,-.001
2.251126,4.57766E-05,3.89101E-04,-6.66667E-04
2.252126,2.28883E-05,-3.051781E-05,-2.33333E-03
2.253127,0,0,2.33333E-03
2.254127,6.103562E-05,9.918259E-05,-6.66667E-04
2.255128,0,3.12807E-04,6.66667E-04
2.256128,2.059946E-04,6.027259E-04,-.002
2.257128,1.449594E-04,6.179847E-04,6.66667E-04
2.258129,2.059946E-04,5.264319E-04,-.001
2.25913,-2.288828E-04,5.035438E-04,.001
2.26013,-4.196186E-04,5.950965E-04,.001
2.261131,-1.602182E-04,3.738422E-04,6.66667E-04
2.262131,-4.119892E-04,5.340599E-05,-.002
2.263132,7.629441E-05,-6.103562E-05,-3.66667E-03
2.264132,-9.15532E-05,-8.392381E-05,.001
2.265133,-5.798377E-04,3.662128E-04,-.001
2.266133,-3.967304E-04,3.967304E-04,-.001
2.267133,-2.975482E-04,3.356952E-04,6.66667E-04
2.268134,-1.220712E-04,6.103562E-05,-6.66667E-04
2.269135,-1.525888E-04,-3.356952E-04,.001
2.270135,-2.670307E-04,7.629453E-06,6.66667E-04
2.271136,-1.297006E-04,5.798377E-04,-.002
2.272136,-1.06812E-04,3.585834E-04,-.002
2.273137,2.28883E-05,1.602182E-04,.001
2.274137,2.975482E-04,-9.918259E-05,-.001
2.275138,4.577655E-04,-9.15532E-05,-.001
2.276138,4.043598E-04,-1.525891E-05,-6.66667E-04
2.277139,1.678476E-04,9.918259E-05,6.66667E-04
2.278139,-1.525891E-05,3.12807E-04,2.33333E-03
2.27914,-9.918259E-05,5.340599E-05,-.001
2.28014,-2.746601E-04,-3.814716E-04,.001
2.281141,-3.204364E-04,-2.365122E-04,-2.33333E-03
2.282141,-1.06812E-04,1.602182E-04,.001
2.283142,7.629453E-06,1.831064E-04,-6.66667E-04
2.284142,-1.907358E-04,2.899189E-04,-.001
2.285143,1.06812E-04,0,.001
2.286143,6.866502E-05,-1.983652E-04,-.001
2.287144,1.3733E-04,5.340599E-05,-.001
2.288144,2.670307E-04,1.3733E-04,.001
2.289145,1.06812E-04,1.525888E-04,-6.66667E-04
2.290145,-1.06812E-04,1.525891E-05,.001
2.291146,5.340599E-05,1.3733E-04,6.66667E-04
2.292146,-3.051781E-05,4.501361E-04,6.66667E-04
2.293147,1.525891E-05,0,-6.66667E-04
2.294147,3.814721E-05,-3.356952E-04,-.001
2.295148,3.356952E-04,-2.212534E-04,-.001
2.296148,2.594013E-04,-1.602182E-04,-6.66667E-04
2.297149,-1.525891E-05,-3.585834E-04,-.001
2.298149,-6.103562E-05,-4.27248E-04,-.002
2.29915,2.28883E-05,-1.831064E-04,.001
2.30015,-1.144414E-04,-1.449594E-04,6.66667E-04
2.301151,-2.975482E-04,-4.043598E-04,-6.66667E-04
2.302151,-3.814721E-05,-2.212534E-04,-6.66667E-04
2.303152,-6.866502E-05,-1.983652E-04,.001
2.304152,-4.653949E-04,-1.75477E-04,.001
2.305153,-6.713904E-04,3.814721E-05,-.001
2.306153,-3.433246E-04,-1.3733E-04,6.66667E-04
2.307154,-2.899189E-04,-2.365122E-04,-6.66667E-04
2.308154,-5.569495E-04,-2.13624E-04,-3.66667E-03
2.309155,-6.408729E-04,-7.629441E-05,-6.66667E-04
2.310155,-4.88285E-04,-7.629453E-06,-.001
2.311156,-1.297006E-04,-2.13624E-04,-6.66667E-04
2.312156,9.15532E-05,-2.822895E-04,-6.66667E-04
2.313157,-1.220712E-04,-3.738422E-04,-.002
2.314157,-4.57766E-05,-2.13624E-04,-.001
2.315158,-4.959144E-04,-1.220712E-04,-.002
2.316158,-6.408729E-04,-1.3733E-04,-.001
2.317159,-4.27248E-04,-1.602182E-04,-.001
2.318159,-1.3733E-04,-2.059946E-04,-6.66667E-04
2.31916,-9.918259E-05,-2.441425E-04,-6.66667E-04
2.32016,1.144414E-04,-5.340599E-05,2.33333E-03
2.321161,1.449594E-04,1.449594E-04,-.001
2.322161,2.594013E-04,3.12807E-04,6.66667E-04
2.323162,2.13624E-04,3.051781E-05,6.66667E-04
2.324162,-1.3733E-04,-2.670307E-04,-.001
2.325163,-2.899189E-04,-4.348774E-04,-6.66667E-04
2.326163,-3.814721E-05,1.525888E-04,-6.66667E-04
2.327164,-4.57766E-05,5.722083E-04,.001
2.328164,2.13624E-04,3.433246E-04,-.002
2.329165,1.525888E-04,4.57766E-05,-6.66667E-04
2.330165,-3.204364E-04,-6.027259E-04,-3.66667E-03
2.331166,-5.111732E-04,-8.468665E-04,6.66667E-04
2.332166,-4.196186E-04,-7.553138E-04,-.002
2.333167,4.57766E-05,-4.425067E-04,.001
2.334167,-6.866502E-05,-3.204364E-04,-6.66667E-04
2.335168,1.525891E-05,-3.662128E-04,-.001
2.336168,6.103562E-05,-1.449594E-04,.001
2.337169,-6.866502E-05,-8.392381E-05,-.002
2.338169,-5.340599E-05,-2.365122E-04,-.001
2.33917,1.907358E-04,-2.517719E-04,6.66667E-04
2.34017,-5.340599E-05,2.28883E-05,-6.66667E-04
2.341171,-3.433246E-04,0,6.66667E-04
2.342171,-2.212534E-04,-3.204364E-04,6.66667E-04
2.343172,1.449594E-04,-6.408729E-04,-2.33333E-03
2.344172,3.89101E-04,-3.585834E-04,6.66667E-04
2.345173,2.822895E-04,-1.983652E-04,6.66667E-04
2.346173,-7.629441E-05,-9.15532E-05,-.002
2.347174,-5.340613E-04,-7.629453E-06,.001
2.348174,-6.866492E-04,1.831064E-04,6.66667E-04
2.349174,-5.264319E-04,4.806537E-04,.001
2.350175,-4.577655E-04,4.730243E-04,-6.66667E-04
2.351176,-1.06812E-04,0,6.66667E-04
2.352176,-5.645789E-04,1.3733E-04,6.66667E-04
2.353177,-2.441425E-04,8.392381E-05,-.001
2.354177,-1.220712E-04,-2.517719E-04,6.66667E-04
2.355178,-1.678476E-04,2.28883E-05,-6.66667E-04
2.356178,-4.88285E-04,3.051776E-04,-.002
2.357179,-2.517719E-04,4.577655E-04,-.002
2.358179,-1.06812E-04,2.441425E-04,2.33333E-03
2.359179,-2.13624E-04,2.975482E-04,-.002
2.36018,0,2.212534E-04,-.001
2.361181,6.866502E-05,-2.059946E-04,-6.66667E-04
2.362181,7.629441E-05,-4.501361E-04,.001
2.363182,-3.814721E-05,-2.288828E-04,6.66667E-04
2.364182,2.28883E-05,-1.525888E-04,.001
2.365183,1.678476E-04,-4.501361E-04,-6.66667E-04
2.366183,1.297006E-04,-4.88285E-04,.002
2.367184,3.585834E-04,-3.051776E-04,-6.66667E-04
2.368184,2.28883E-05,3.433246E-04,6.66667E-04
2.369184,3.814721E-05,2.975482E-04,-2.33333E-03
2.370185,3.356952E-04,2.059946E-04,6.66667E-04
2.371186,5.264319E-04,-2.670307E-04,-6.66667E-04
2.372186,8.392381E-05,-1.525891E-05,-.002
2.373187,-6.866502E-05,6.866502E-05,-6.66667E-04
2.374187,-6.866502E-05,2.822895E-04,-3.66667E-03
2.375188,-6.866502E-05,-1.06812E-04,.002
2.376188,-3.50954E-04,-2.594013E-04,-.002
2.377189,-5.340599E-05,-1.144414E-04,-.002
2.378189,7.629453E-06,-3.051776E-04,6.66667E-04
2.379189,1.3733E-04,-4.806537E-04,-6.66667E-04
2.38019,9.918259E-05,-6.103562E-05,-6.66667E-04
2.381191,5.722083E-04,-2.288828E-04,6.66667E-04
2.382191,2.670307E-04,-3.50954E-04,-.001
2.383192,-1.449594E-04,-2.517719E-04,-6.66667E-04
2.384192,-3.433246E-04,-4.57766E-05,-6.66667E-04
2.385193,-3.204364E-04,-1.678476E-04,-6.66667E-04
2.386193,-2.670307E-04,6.866502E-05,6.66667E-04
2.387194,-3.738422E-04,-7.629453E-06,6.66667E-04
2.388194,-2.288828E-04,-3.051781E-05,-3.66667E-03
2.389194,-1.602182E-04,-3.738422E-04,-.001
2.390195,3.051781E-05,-4.501361E-04,-6.66667E-04
2.391196,1.525891E-05,-1.297006E-04,-6.66667E-04
2.392196,8.392381E-05,1.525891E-05,-6.66667E-04
2.393197,7.629453E-06,2.517719E-04,-.001
2.394197,-4.043598E-04,2.28883E-05,-2.33333E-03
2.395198,-5.493201E-04,4.57766E-05,-6.66667E-04
2.396198,-1.602182E-04,-8.392381E-05,-.001
2.397199,1.907358E-04,-9.15532E-05,-.002
2.398199,4.196186E-04,2.441425E-04,-3.66667E-03
2.399199,-6.103562E-05,2.441425E-04,-6.66667E-04
2.4002,-4.806537E-04,2.28883E-05,-6.66667E-04
2.401201,-4.806537E-04,-4.57766E-05,-6.66667E-04
2.402201,-2.746601E-04,-8.392381E-05,-.002
2.403202,-1.602182E-04,-2.899189E-04,-.001
2.404202,0,-1.831064E-04,-.001
2.405203,-1.3733E-04,-2.28883E-05,-6.66667E-04
2.406203,1.602182E-04,2.594013E-04,-.001
2.407204,1.297006E-04,3.051776E-04,-6.66667E-04
2.408204,1.907358E-04,3.662128E-04,.001
2.409204,-7.629453E-06,4.119892E-04,.001
2.410205,-1.983652E-04,3.585834E-04,-.001
2.411206,-9.918259E-05,1.220712E-04,.001
2.412206,-1.907358E-04,9.918259E-05,-6.66667E-04
2.413207,6.866502E-05,3.12807E-04,-.001
2.414207,3.204364E-04,2.059946E-04,.002
2.415208,3.12807E-04,-2.13624E-04,-.002
2.416208,9.918259E-05,1.297006E-04,-6.66667E-04
2.417209,2.28883E-05,4.959144E-04,-6.66667E-04
2.418209,-1.602182E-04,6.103553E-04,-.002
2.41921,-1.449594E-04,6.485023E-04,-.001
2.42021,-3.89101E-04,5.035438E-04,6.66667E-04
2.421211,-3.280658E-04,1.831064E-04,.001
2.422211,-4.043598E-04,1.602182E-04,.001
2.423212,-1.220712E-04,5.340599E-05,.001
2.424212,1.525888E-04,-8.392381E-05,-.001
2.425213,9.918259E-05,1.831064E-04,-.001
2.426213,2.288828E-04,2.13624E-04,6.66667E-04
2.427214,7.247962E-04,3.967304E-04,2.33333E-03
2.428214,5.340613E-04,1.297006E-04,6.66667E-04
2.429215,1.525888E-04,-1.144414E-04,-6.66667E-04
2.430215,-1.75477E-04,-1.06812E-04,6.66667E-04
2.431216,-1.144414E-04,-3.433246E-04,-.001
2.432216,-2.670307E-04,-4.806537E-04,-.002
2.433217,9.918259E-05,-1.75477E-04,.002
2.434217,8.392381E-05,-1.75477E-04,-6.66667E-04
2.435218,-2.288828E-04,-3.814721E-05,-.001
2.436218,-4.577655E-04,8.392381E-05,-6.66667E-04
2.437219,-4.730243E-04,-4.57766E-05,6.66667E-04
2.438219,-2.13624E-04,-1.907358E-04,.001
2.43922,-2.899189E-04,-2.365122E-04,-.002
2.44022,-4.959144E-04,-4.425067E-04,-.002
2.441221,-6.561317E-04,-3.356952E-04,-6.66667E-04
2.442221,-4.653949E-04,-4.577655E-04,-6.66667E-04
2.443222,-3.89101E-04,-4.88285E-04,-.002
2.444222,-3.738422E-04,-3.662128E-04,6.66667E-04
2.445223,-1.983652E-04,-7.629453E-06,-6.66667E-04
2.446223,-1.602182E-04,3.967304E-04,6.66667E-04
2.447224,-4.57766E-05,4.57766E-05,6.66667E-04
2.448224,2.517719E-04,1.3733E-04,-3.66667E-03
2.449225,-5.340599E-05,1.907358E-04,.001
2.450225,0,1.3733E-04,6.66667E-04
2.451226,-2.365122E-04,8.392381E-05,-6.66667E-04
2.452226,-3.12807E-04,1.449594E-04,6.66667E-04
2.453227,-2.288828E-04,-1.06812E-04,-2.33333E-03
2.454227,1.297006E-04,-1.3733E-04,-.002
2.455228,5.340599E-05,-7.629453E-06,-.002
2.456228,1.220712E-04,6.866502E-05,6.66667E-04
2.457229,5.493201E-04,-2.517719E-04,6.66667E-04
2.458229,4.348774E-04,-3.814716E-04,.001
2.45923,2.899189E-04,-4.806537E-04,.001
2.46023,-1.144414E-04,-4.653949E-04,-6.66667E-04
2.461231,-4.57766E-05,-2.670307E-04,-2.33333E-03
2.462231,-5.340599E-05,-2.13624E-04,6.66667E-04
2.463232,2.288828E-04,-7.629441E-05,-6.66667E-04
2.464232,2.746601E-04,1.75477E-04,.001
2.465233,1.449594E-04,2.212534E-04,-2.33333E-03
2.466233,-2.288828E-04,7.629453E-06,.001
2.467234,-1.06812E-04,7.629453E-06,.002
2.468234,4.57766E-05,-1.3733E-04,.001
2.469235,4.57766E-05,4.57766E-05,.001
2.470235,8.392381E-05,0,-.001
2.471236,-1.831064E-04,-1.220712E-04,-.001
2.472236,5.340599E-05,9.15532E-05,.001
2.473237,3.662128E-04,-1.449594E-04,-6.66667E-04
2.474237,4.57766E-05,-3.814716E-04,.001
2.475238,2.365122E-04,-1.678476E-04,6.66667E-04
2.476238,2.517719E-04,-1.220712E-04,-6.66667E-04
2.477239,2.594013E-04,-3.280658E-04,-.002
2.478239,-1.3733E-04,-9.918259E-05,-.002
2.47924,-4.806537E-04,-6.866502E-05,6.66667E-04
2.48024,-1.3733E-04,-1.602182E-04,-.001
2.481241,-5.340599E-05,4.57766E-05,-.001
2.482241,-2.28883E-05,1.220712E-04,-2.33333E-03
2.483242,-6.866502E-05,2.059946E-04,2.33333E-03
2.484242,-6.866502E-05,3.814716E-04,-6.66667E-04
2.485243,-7.629441E-05,2.441425E-04,-.001
2.486243,-2.28883E-05,-1.06812E-04,.001
2.487244,4.88285E-04,0,-6.66667E-04
2.488244,2.365122E-04,-3.814721E-05,-.002
2.489245,2.13624E-04,-1.06812E-04,-6.66667E-04
2.490245,5.111732E-04,-1.525891E-05,-6.66667E-04
2.491246,2.746601E-04,9.15532E-05,-.002
2.492246,-6.866502E-05,4.57766E-05,-.001
2.493247,-1.06812E-04,2.13624E-04,-2.33333E-03
2.494247,-2.746601E-04,2.517719E-04,-6.66667E-04
2.495248,-1.907358E-04,3.280658E-04,.001
2.496248,-2.670307E-04,4.653949E-04,-2.33333E-03
2.497249,-5.569495E-04,2.594013E-04,-.002
2.498249,-6.866492E-04,1.907358E-04,-2.33333E-03
2.49925,-4.806537E-04,3.662128E-04,-3.66667E-03
2.50025,-2.822895E-04,5.416907E-04,-.002
2.501251,-2.365122E-04,5.874671E-04,2.33333E-03
2.502251,-1.831064E-04,3.12807E-04,-6.66667E-04
2.503252,1.525888E-04,0,-6.66667E-04
2.504252,3.356952E-04,-1.525888E-04,-.002
2.505253,1.525891E-05,9.918259E-05,6.66667E-04
2.506253,-9.15532E-05,1.449594E-04,.001
2.507254,-3.585834E-04,2.746601E-04,.001
2.508254,-1.907358E-04,2.13624E-04,-.001
2.509255,-5.111732E-04,7.629453E-06,-6.66667E-04
2.510255,-1.678476E-04,-2.822895E-04,-.001
2.511256,1.983652E-04,-4.196186E-04,-.001
2.512256,1.602182E-04,-1.525888E-04,6.66667E-04
2.513257,-1.220712E-04,-4.425067E-04,-.001
2.514257,-2.365122E-04,-4.730243E-04,-.002
2.515258,-2.899189E-04,-1.602182E-04,-6.66667E-04
2.516258,-2.975482E-04,7.629441E-05,-6.66667E-04
2.517259,9.918259E-05,3.662128E-04,-6.66667E-04
2.518259,2.746601E-04,2.059946E-04,-6.66667E-04
2.51926,1.678476E-04,-4.57766E-05,-6.66667E-04
2.52026,3.433246E-04,2.288828E-04,-.001
2.521261,2.594013E-04,4.196186E-04,-6.66667E-04
2.522261,-7.629453E-06,-5.340599E-05,-6.66667E-04
2.523262,-3.662128E-04,-4.27248E-04,-6.66667E-04
2.524262,-3.12807E-04,-1.06812E-04,-2.33333E-03
2.525263,-2.13624E-04,3.051781E-05,-.001
2.526263,-4.806537E-04,2.059946E-04,.001
2.527264,-2.746601E-04,3.50954E-04,6.66667E-04
2.528264,-1.449594E-04,3.738422E-04,-.001
2.529265,2.28883E-05,4.425067E-04,-.002
2.530265,-1.525888E-04,3.738422E-04,-.001
2.531266,9.15532E-05,6.408729E-04,.002
2.532266,3.738422E-04,3.814716E-04,-.002
2.533267,3.662128E-04,3.967304E-04,-6.66667E-04
2.534267,7.629441E-05,3.204364E-04,-.002
2.535268,-3.204364E-04,1.525888E-04,-.001
2.536268,-4.348774E-04,2.594013E-04,.001
2.537269,-5.111732E-04,2.059946E-04,-.001
2.538269,-3.89101E-04,2.059946E-04,-.001
2.53927,-4.730243E-04,2.670307E-04,-.001
2.54027,-3.280658E-04,1.602182E-04,-6.66667E-04
2.541271,-2.899189E-04,3.50954E-04,.001
2.542271,-2.899189E-04,6.027259E-04,.001
2.543272,-1.602182E-04,4.196186E-04,-6.66667E-04
2.544272,-2.594013E-04,-7.629441E-05,-6.66667E-04
2.545273,-4.501361E-04,-2.288828E-04,-3.66667E-03
2.546273,-4.043598E-04,-1.297006E-04,.001
2.547274,-3.204364E-04,1.602182E-04,-6.66667E-04
2.548274,2.975482E-04,6.103562E-05,6.66667E-04
2.549275,1.983652E-04,9.15532E-05,-2.33333E-03
2.550275,1.678476E-04,2.13624E-04,-6.66667E-04
2.551276,2.899189E-04,-5.340599E-05,-.001
2.552276,-1.06812E-04,4.57766E-05,-6.66667E-04
2.553277,1.525888E-04,-1.06812E-04,-6.66667E-04
2.554277,1.75477E-04,-1.220712E-04,-2.33333E-03
2.555278,2.594013E-04,-4.959144E-04,-6.66667E-04
2.556278,-1.75477E-04,-4.27248E-04,-.001
2.557279,-6.103553E-04,1.297006E-04,-6.66667E-04
2.558279,-5.416907E-04,1.297006E-04,-6.66667E-04
2.55928,-3.12807E-04,-2.746601E-04,-.002
2.56028,9.918259E-05,-4.88285E-04,-6.66667E-04
2.561281,2.594013E-04,-2.670307E-04,-6.66667E-04
2.562281,4.577655E-04,-3.051781E-05,6.66667E-04
2.563282,1.144414E-04,0,-.002
2.564282,-7.629453E-06,-1.602182E-04,-6.66667E-04
2.565283,0,-1.983652E-04,-.001
2.566283,-2.746601E-04,-1.06812E-04,-.001
2.567284,-2.975482E-04,-6.866502E-05,-.002
2.568284,-1.602182E-04,-1.3733E-04,-6.66667E-04
2.569285,-1.449594E-04,7.629441E-05,-.001
2.570285,1.144414E-04,4.730243E-04,-6.66667E-04
2.571286,-2.13624E-04,5.188026E-04,6.66667E-04
2.572286,8.392381E-05,5.798377E-04,-.001
2.573287,3.204364E-04,4.577655E-04,.001
2.574287,4.501361E-04,-3.051781E-05,6.66667E-04
2.575288,3.738422E-04,-5.493201E-04,-.001
2.576288,4.57766E-05,-6.942786E-04,.001
2.577289,5.340599E-05,-5.035438E-04,-.001
2.578289,-1.3733E-04,-5.264319E-04,-6.66667E-04
2.57929,1.297006E-04,6.866502E-05,-.002
2.58029,2.288828E-04,2.365122E-04,-.002
2.581291,2.594013E-04,3.585834E-04,.001
2.582291,4.501361E-04,6.866502E-05,-.001
2.583292,2.594013E-04,-1.297006E-04,6.66667E-04
2.584292,1.907358E-04,-1.75477E-04,-.001
2.585293,3.585834E-04,-1.449594E-04,-6.66667E-04
2.586293,5.035438E-04,4.043598E-04,-6.66667E-04
2.587294,2.28883E-05,3.738422E-04,-.002
2.588294,-1.449594E-04,2.899189E-04,-6.66667E-04
2.589295,1.907358E-04,-4.57766E-05,-6.66667E-04
2.590295,1.220712E-04,-5.340613E-04,-6.66667E-04
2.591296,9.918259E-05,-5.111732E-04,-.002
2.592296,-1.602182E-04,-2.594013E-04,-6.66667E-04
2.593297,-1.602182E-04,3.204364E-04,-6.66667E-04
2.594297,-4.425067E-04,2.288828E-04,-.002
2.595298,-4.806537E-04,-7.629441E-05,-.001
2.596298,-2.288828E-04,-4.119892E-04,-6.66667E-04
2.597299,1.297006E-04,-5.569495E-04,6.66667E-04
2.598299,0,-2.517719E-04,.001
2.5993,1.907358E-04,0,.001
2.6003,4.806537E-04,6.866502E-05,-.002
2.601301,0,1.525888E-04,2.33333E-03
2.602301,-3.814721E-05,3.662128E-04,-.001
2.603302,-3.738422E-04,3.814721E-05,6.66667E-04
2.604302,-4.119892E-04,7.629453E-06,-.001
2.605303,-1.144414E-04,-1.220712E-04,.002
2.606303,1.3733E-04,-7.629453E-06,-6.66667E-04
2.607304,-9.15532E-05,1.907358E-04,-6.66667E-04
2.608304,-2.28883E-05,7.629453E-06,-6.66667E-04
2.609305,1.678476E-04,7.629441E-05,-.001
2.610305,-8.392381E-05,2.13624E-04,-3.66667E-03
2.611306,4.57766E-05,-7.629441E-05,6.66667E-04
2.612306,-2.594013E-04,-2.594013E-04,-2.33333E-03
2.613307,-5.874671E-04,-9.15532E-05,-.001
2.614307,-4.577655E-04,3.738422E-04,-6.66667E-04
2.615308,-2.212534E-04,5.416907E-04,-6.66667E-04
2.616308,-2.288828E-04,6.942786E-04,6.66667E-04
2.617309,-1.602182E-04,4.959144E-04,-.001
2.618309,-3.50954E-04,2.822895E-04,-.001
2.61931,-2.059946E-04,1.75477E-04,-6.66667E-04
2.62031,-7.629441E-05,3.204364E-04,-.002
2.621311,-2.899189E-04,3.051776E-04,.001
2.622311,-3.89101E-04,2.594013E-04,-.002
2.623312,-1.602182E-04,-5.340599E-05,-6.66667E-04
2.624312,3.12807E-04,-1.06812E-04,-3.66667E-03
2.625313,1.907358E-04,3.051781E-05,6.66667E-04
2.626313,-2.13624E-04,1.983652E-04,6.66667E-04
2.627314,-3.89101E-04,1.831064E-04,6.66667E-04
2.628314,-3.051781E-05,-2.28883E-05,-6.66667E-04
2.629315,-1.602182E-04,-3.12807E-04,-6.66667E-04
2.630315,-1.907358E-04,-1.678476E-04,-3.66667E-03
2.631316,1.3733E-04,-8.392381E-05,-6.66667E-04
2.632316,2.594013E-04,-1.297006E-04,6.66667E-04
2.633317,2.670307E-04,-1.602182E-04,.001
2.634317,2.28883E-05,-6.866502E-05,.002
2.635318,-3.433246E-04,-2.899189E-04,-6.66667E-04
2.636318,-4.577655E-04,-1.525888E-04,-.001
2.637319,-3.89101E-04,2.670307E-04,-.001
2.638319,-3.12807E-04,3.738422E-04,-.002
2.63932,-1.449594E-04,4.57766E-05,-.001
2.64032,-2.288828E-04,-2.288828E-04,-.001
2.641321,-6.179847E-04,-2.517719E-04,-6.66667E-04
2.642321,-4.806537E-04,-2.746601E-04,6.66667E-04
2.643322,-3.967304E-04,-2.517719E-04,-6.66667E-04
2.644322,-2.13624E-04,-6.866502E-05,-6.66667E-04
2.645323,-2.212534E-04,2.288828E-04,-6.66667E-04
2.646323,-7.629453E-06,3.738422E-04,-.002
2.647324,2.13624E-04,3.662128E-04,-6.66667E-04
2.648324,7.629453E-06,4.043598E-04,-.001
2.649325,-2.059946E-04,1.297006E-04,.001
2.650325,-3.051776E-04,1.297006E-04,6.66667E-04
2.651326,-2.670307E-04,1.831064E-04,.001
2.652326,-2.594013E-04,1.831064E-04,.001
2.653327,-4.425067E-04,-3.662128E-04,-6.66667E-04
2.654327,-6.103553E-04,-3.433246E-04,-.001
2.655328,-3.585834E-04,-3.051781E-05,-6.66667E-04
2.656328,-4.27248E-04,1.220712E-04,-6.66667E-04
2.657329,-3.280658E-04,3.356952E-04,-6.66667E-04
2.658329,-4.119892E-04,1.297006E-04,-6.66667E-04
2.65933,-1.831064E-04,1.678476E-04,-6.66667E-04
2.66033,-1.525888E-04,2.212534E-04,-.001
2.661331,-6.866502E-05,9.15532E-05,6.66667E-04
2.662331,-2.670307E-04,-1.983652E-04,-6.66667E-04
2.663332,-3.204364E-04,-1.983652E-04,-2.33333E-03
2.664332,-3.051776E-04,-1.144414E-04,-.001
2.665333,-3.585834E-04,1.907358E-04,-.002
2.666333,-1.3733E-04,7.629453E-06,-.001
2.667334,1.3733E-04,1.220712E-04,-.002
2.668334,1.525888E-04,2.212534E-04,.001
2.669335,7.629441E-05,2.746601E-04,-6.66667E-04
2.670335,2.28883E-05,1.06812E-04,6.66667E-04
2.671336,-1.06812E-04,4.57766E-05,6.66667E-04
2.672336,-2.059946E-04,2.441425E-04,-6.66667E-04
2.673337,-1.602182E-04,4.119892E-04,-6.66667E-04
2.674337,-5.340599E-05,6.866502E-05,-2.33333E-03
2.675338,-3.051776E-04,2.28883E-05,-2.33333E-03
2.676338,-3.12807E-04,2.212534E-04,.001
2.677339,-6.256141E-04,4.57766E-05,-6.66667E-04
2.678339,-6.485023E-04,-1.06812E-04,-6.66667E-04
2.67934,-1.525888E-04,-1.602182E-04,-2.33333E-03
2.68034,-2.670307E-04,0,6.66667E-04
2.681341,-2.288828E-04,-1.678476E-04,6.66667E-04
2.682341,-2.365122E-04,-1.06812E-04,-.002
2.683342,-3.814721E-05,1.75477E-04,.001
2.684342,-1.144414E-04,2.28883E-05,-6.66667E-04
2.685343,-1.831064E-04,-1.449594E-04,-.002
2.686343,-3.50954E-04,-3.051781E-05,6.66667E-04
2.687344,-3.204364E-04,4.57766E-05,-.004
2.688344,-4.348774E-04,1.3733E-04,-6.66667E-04
2.689345,-3.12807E-04,1.220712E-04,-2.33333E-03
2.690345,-2.288828E-04,3.204364E-04,-.002
2.691346,4.57766E-05,5.645789E-04,6.66667E-04
2.692346,-9.15532E-05,6.790198E-04,-.001
2.693347,-1.602182E-04,6.942786E-04,6.66667E-04
2.694347,-8.392381E-05,3.356952E-04,.002
2.695348,1.06812E-04,2.746601E-04,-.001
2.696348,2.517719E-04,7.629441E-05,.001
2.697349,-2.670307E-04,-5.340599E-05,6.66667E-04
2.698349,-9.002723E-04,3.356952E-04,6.66667E-04
2.69935,-6.866492E-04,6.63761E-04,6.66667E-04
2.70035,-5.188026E-04,1.037605E-03,.001
2.701351,4.57766E-05,1.075752E-03,6.66667E-04
2.702351,-5.340599E-05,9.002723E-04,-.002
2.703352,-3.662128E-04,9.155311E-04,3.66667E-03
2.704352,-1.525888E-04,3.662128E-04,-.002
2.705353,-4.196186E-04,3.967304E-04,-.002
2.706353,-5.950965E-04,4.043598E-04,-2.33333E-03
2.707354,-5.493201E-04,3.738422E-04,-2.33333E-03
2.708354,-5.340613E-04,2.899189E-04,-6.66667E-04
2.709355,-5.340613E-04,3.051776E-04,-.002
2.710355,-5.798377E-04,3.280658E-04,6.66667E-04
2.711356,-5.569495E-04,3.051776E-04,.001
2.712356,-6.561317E-04,6.027259E-04,-.001
2.713357,-7.40055E-04,8.468665E-04,6.66667E-04
2.714357,-1.091011E-03,1.060493E-03,-6.66667E-04
2.715358,-1.495369E-03,1.312263E-03,.001
2.716358,-1.556404E-03,1.213081E-03,-6.66667E-04
2.717359,-1.739509E-03,1.289375E-03,-.001
2.718359,-1.770027E-03,1.10627E-03,6.66667E-04
2.71936,-1.380928E-03,1.319893E-03,-6.66667E-04
2.72036,-1.327522E-03,1.571663E-03,-.001
2.721361,-1.274116E-03,1.464851E-03,-.001
2.722361,-1.312263E-03,1.441963E-03,.001
2.723362,-1.502998E-03,1.312263E-03,-.001
2.724362,-1.739509E-03,1.518257E-03,6.66667E-04
2.725363,-2.243057E-03,1.625068E-03,6.66667E-04
2.726363,-2.365127E-03,1.686104E-03,-2.33333E-03
2.727364,-2.159134E-03,1.640327E-03,6.66667E-04
2.728364,-2.525344E-03,1.281746E-03,-.002
2.729365,-2.57875E-03,9.079017E-04,.001
2.730365,-2.754226E-03,1.213081E-03,-.002
2.731366,-2.624527E-03,1.518257E-03,6.66667E-04
2.732366,-2.70845E-03,1.518257E-03,6.66667E-04
2.733367,-2.662674E-03,1.365669E-03,-.001
2.734367,-2.563491E-03,1.312263E-03,-6.66667E-04
2.735368,-2.83052E-03,1.09864E-03,-.001
2.736368,-2.800003E-03,1.205452E-03,-.001
2.737369,-2.349868E-03,1.304634E-03,.002
2.738369,-2.304092E-03,1.213081E-03,-6.66667E-04
2.73937,-2.281204E-03,1.365669E-03,-6.66667E-04
2.74037,-2.098098E-03,1.052864E-03,-.002
2.741371,-2.090469E-03,1.48011E-03,-.001
2.742371,-2.07521E-03,1.739509E-03,.001
2.743372,-1.899727E-03,1.541145E-03,6.66667E-04
2.744372,-1.907356E-03,1.014717E-03,-.001
2.745373,-1.60218E-03,1.10627E-03,6.66667E-04
2.746373,-1.655586E-03,1.319893E-03,.001
2.747374,-1.914985E-03,1.701362E-03,.001
2.748374,-1.922615E-03,1.617439E-03,6.66667E-04
2.749375,-2.098098E-03,1.838692E-03,-.001
2.750375,-2.136245E-03,1.518257E-03,.001
2.751376,-1.892097E-03,1.693733E-03,2.33333E-03
2.752376,-1.304634E-03,1.762398E-03,-6.66667E-04
2.753377,-1.693733E-03,1.594551E-03,6.66667E-04
2.754377,-2.212539E-03,1.625068E-03,-.002
2.755378,-2.502456E-03,1.632698E-03,6.66667E-04
2.756378,-3.067032E-03,1.510628E-03,6.66667E-04
2.757379,-3.005996E-03,1.48011E-03,-.001
2.758379,-2.891555E-03,1.441963E-03,-6.66667E-04
2.75938,-3.128067E-03,1.792915E-03,6.66667E-04
2.76038,-3.555313E-03,1.838692E-03,-.002
2.761381,-3.692642E-03,1.678474E-03,-6.66667E-04
2.762381,-4.142791E-03,1.846321E-03,-.002
2.763382,-4.600555E-03,1.945503E-03,-3.66667E-03
2.764382,-4.570037E-03,1.86158E-03,6.66667E-04
2.765383,-4.806548E-03,2.037063E-03,-.001
2.766383,-4.745513E-03,1.815803E-03,-6.66667E-04
2.767384,-4.79129E-03,1.914985E-03,-.001
2.768384,-5.058318E-03,1.914985E-03,6.66667E-04
2.769385,-5.020171E-03,2.105728E-03,-3.66667E-03
2.770385,-5.523711E-03,2.159134E-03,-6.66667E-04
2.771386,-5.966216E-03,2.510086E-03,-.002
2.772386,-6.29428E-03,2.45668E-03,-2.33333E-03
2.773387,-6.515533E-03,2.235427E-03,6.66667E-04
2.774387,-7.17929E-03,2.502456E-03,6.66667E-04
2.775388,-8.140624E-03,2.685562E-03,-6.66667E-04
2.776388,-8.697569E-03,2.723709E-03,6.66667E-04
2.777389,-9.246886E-03,2.616897E-03,-.001
2.778389,-9.994566E-03,2.510086E-03,6.66667E-04
2.77939,-1.125342E-02,2.395645E-03,-.002
2.78039,-1.366431E-02,2.32698E-03,-6.66667E-04
2.781391,-1.699078E-02,2.059951E-03,-6.66667E-04
2.782391,-2.194989E-02,1.472481E-03,.001
2.783392,-2.761853E-02,1.243599E-03,-6.66667E-04
2.784392,-.0324862,9.918287E-04,-.001
2.785393,-3.567529E-02,9.002723E-04,-6.66667E-04
2.786393,-3.722405E-02,8.850135E-04,-6.66667E-04
2.787394,-3.714776E-02,7.247962E-04,-2.33333E-03
2.788394,-3.516412E-02,8.468665E-04,-.002
2.789395,-3.063977E-02,1.838692E-03,-6.66667E-04
2.790395,-2.581036E-02,2.517715E-03,-.001
2.791396,-2.122509E-02,2.83052E-03,-.002
2.792396,-1.734936E-02,3.219619E-03,-.001
2.793397,-.0146485,3.379837E-03,-.001
2.794397,-1.299292E-02,3.166214E-03,.001
2.795398,-1.191717E-02,3.379837E-03,-.002
2.796398,-1.132971E-02,3.250137E-03,-6.66667E-04
2.797399,-1.107031E-02,2.914444E-03,-6.66667E-04
2.798399,-1.094061E-02,2.929702E-03,-.001
2.7994,-1.097876E-02,2.967849E-03,.001
2.8004,-1.129919E-02,3.013626E-03,6.66667E-04
2.801401,-1.178747E-02,2.952591E-03,-6.66667E-04
2.802401,-1.204687E-02,3.074661E-03,-6.66667E-04
2.803402,-1.178747E-02,2.815261E-03,-.002
2.804402,-1.199347E-02,2.624527E-03,.001
2.805403,-1.194006E-02,2.662674E-03,6.66667E-04
2.806403,-1.195532E-02,2.807632E-03,-6.66667E-04
2.807404,-1.216894E-02,3.120437E-03,-6.66667E-04
2.808404,-1.227576E-02,3.524795E-03,.001
2.809405,-1.290137E-02,3.799453E-03,-.002
2.810405,-1.371008E-02,3.875747E-03,-.001
2.811406,-1.445013E-02,3.952056E-03,-.002
2.812406,-1.513678E-02,4.066497E-03,6.66667E-04
2.813407,-1.583874E-02,4.241973E-03,-.001
2.814407,-1.670849E-02,4.325897E-03,6.66667E-04
2.815408,-1.729596E-02,4.28012E-03,-6.66667E-04
2.816408,-1.837933E-02,4.097015E-03,-.001
2.817409,-1.964581E-02,4.173309E-03,-.002
2.818409,-2.133191E-02,3.692642E-03,6.66667E-04
2.81941,-2.320874E-02,3.364578E-03,-.002
2.82041,-2.562726E-02,3.273025E-03,-.001
2.821411,-.0279237,2.792373E-03,-2.33333E-03
2.822411,-3.040326E-02,2.418533E-03,-.001
2.823412,-3.276849E-02,2.197281E-03,-6.66667E-04
2.824412,-3.446221E-02,2.380386E-03,-.002
2.825413,-3.537774E-02,2.517715E-03,-.001
2.826413,-.035393,2.944961E-03,.001
2.827414,-3.445458E-02,3.570572E-03,-.001
2.828414,-3.302026E-02,3.639236E-03,-.001
2.829415,-3.125024E-02,3.288284E-03,-.002
2.830415,-2.900708E-02,3.280655E-03,6.66667E-04
2.831416,-2.705395E-02,3.768936E-03,-.002
2.832416,-2.563488E-02,4.02835E-03,-2.33333E-03
2.833417,-2.449048E-02,4.379302E-03,-6.66667E-04
2.834417,-2.367413E-02,4.478484E-03,6.66667E-04
2.835418,-2.336895E-02,4.303008E-03,-2.33333E-03
2.836418,-2.332318E-02,4.264861E-03,6.66667E-04
2.837419,-2.391064E-02,4.03598E-03,-.002
2.838419,-2.502453E-02,4.196197E-03,-.002
2.83942,-2.651989E-02,4.325897E-03,6.66667E-04
2.84042,-2.820599E-02,4.768401E-03,-6.66667E-04
2.841421,-3.054059E-02,4.745513E-03,-.001
2.842421,-3.353906E-02,4.364043E-03,6.66667E-04
2.843422,-3.724694E-02,3.84523E-03,-.001
2.844422,-4.042077E-02,4.15805E-03,-6.66667E-04
2.845423,-4.284692E-02,4.722625E-03,-.002
2.846423,-4.364038E-02,5.027801E-03,-.001
2.847424,-4.325128E-02,5.119354E-03,6.66667E-04
2.848424,-4.215264E-02,5.065948E-03,6.66667E-04
2.849425,-4.040551E-02,4.882842E-03,.001
2.850425,-3.804803E-02,4.585296E-03,6.66667E-04
2.851426,-3.554559E-02,4.486114E-03,-3.66667E-03
2.852426,-3.374505E-02,4.760772E-03,-6.66667E-04
2.853427,-3.285241E-02,4.844695E-03,.001
2.854427,-3.290582E-02,4.867584E-03,6.66667E-04
2.855428,-3.358483E-02,4.463226E-03,-.001
2.856428,-3.477502E-02,4.15805E-03,-.001
2.857429,-3.717065E-02,3.997833E-03,.001
2.858429,-4.059625E-02,3.532425E-03,-6.66667E-04
2.85943,-4.469323E-02,2.761856E-03,-.002
2.86043,-4.956079E-02,1.945503E-03,-6.66667E-04
2.861431,-5.498528E-02,1.10627E-03,6.66667E-04
2.862431,-6.072259E-02,1.525888E-04,-6.66667E-04
2.863432,-.0671773,-8.773841E-04,-2.33333E-03
2.864432,-7.500505E-02,-2.571121E-03,-.002
2.865433,-8.355761E-02,-4.600555E-03,-2.33333E-03
2.866433,-9.146929E-02,-5.699188E-03,-6.66667E-04
2.867434,-9.759569E-02,-6.080657E-03,.002
2.868434,-.1004186,-6.088287E-03,-.001
2.869435,-9.927416E-02,-5.661041E-03,-6.66667E-04
2.870435,-9.501696E-02,-4.65396E-03,.001
2.871436,-8.760881E-02,-3.791824E-03,.001
2.872436,-7.912493E-02,-2.868667E-03,6.66667E-04
2.873437,-.0710988,-1.998916E-03,-.002
2.874437,-6.501055E-02,-8.621253E-04,-.001
2.875438,-6.143212E-02,-3.814716E-04,6.66667E-04
2.876438,-6.074548E-02,1.144414E-04,-.001
2.877439,-6.332445E-02,-1.602182E-04,-.002
2.878439,-6.893206E-02,-9.002723E-04,-.002
2.87944,-7.674456E-02,-2.08284E-03,6.66667E-04
2.88044,-8.626604E-02,-4.051238E-03,-6.66667E-04
2.881441,-9.536028E-02,-5.607635E-03,.001
2.882441,-.1019368,-6.835967E-03,-.002
2.883442,-.1051564,-7.354766E-03,-.001
2.884442,-.10537,-6.988555E-03,6.66667E-04
2.885443,-.1023641,-6.164581E-03,.002
2.886443,-9.722185E-02,-5.03543E-03,-6.66667E-04
2.887444,-9.067583E-02,-4.241973E-03,6.66667E-04
2.888444,-8.316088E-02,-2.990738E-03,.001
2.889445,-7.525682E-02,-1.533516E-03,-6.66667E-04
2.890445,-.068398,-3.50954E-04,-6.66667E-04
2.891446,-6.178308E-02,7.629432E-04,-6.66667E-04
2.892446,-5.622125E-02,2.265945E-03,-.001
2.893447,-.0511477,3.631607E-03,6.66667E-04
2.894447,-4.626489E-02,4.341155E-03,-.001
2.895448,-4.241204E-02,4.203826E-03,2.33333E-03
2.896448,-4.002404E-02,3.997833E-03,6.66667E-04
2.897449,-3.834558E-02,4.28775E-03,.001
2.898449,-3.734612E-02,4.341155E-03,.001
2.89945,-3.729272E-02,4.79129E-03,.002
2.90045,-3.752923E-02,5.157501E-03,-.002
2.901451,-.0385592,5.355865E-03,-.001
2.902451,-4.013085E-02,4.951507E-03,-6.66667E-04
2.903452,-4.196191E-02,4.699737E-03,-2.33333E-03
2.904452,-4.257989E-02,4.28012E-03,-6.66667E-04
2.905453,-4.225183E-02,4.554778E-03,.002
2.906453,-4.096246E-02,4.91336E-03,-.002
2.907454,-.0391314,4.714996E-03,-6.66667E-04
2.908454,-3.652215E-02,4.91336E-03,-3.66667E-03
2.909455,-3.411126E-02,4.776031E-03,.002
2.910455,-3.127313E-02,4.760772E-03,-6.66667E-04
2.911456,-2.813733E-02,4.875213E-03,3.66667E-03
2.912456,-2.563488E-02,4.966766E-03,-6.66667E-04
2.913457,-2.433789E-02,5.050689E-03,-.002
2.914457,-2.332318E-02,5.203277E-03,6.66667E-04
2.915458,-.0234071,5.157501E-03,-6.66667E-04
2.916458,-.024315,4.753143E-03,.001
2.917459,-2.556622E-02,4.562408E-03,-.002
2.918459,-2.706921E-02,4.165679E-03,-2.33333E-03
2.91946,-2.890027E-02,4.074126E-03,-.001
2.92046,-3.012097E-02,3.746048E-03,-6.66667E-04
2.921461,-3.169274E-02,3.028885E-03,-.002
2.922461,-3.369927E-02,3.196731E-03,-2.33333E-03
2.923462,-3.576684E-02,3.631607E-03,-.001
2.924462,-3.655267E-02,3.135696E-03,-.002
2.925463,-3.593469E-02,3.128067E-03,-6.66667E-04
2.926463,-3.440118E-02,3.273025E-03,6.66667E-04
2.927464,-3.197503E-02,3.280655E-03,-6.66667E-04
2.928464,-2.908337E-02,3.143325E-03,-6.66667E-04
2.929465,-2.651989E-02,3.456131E-03,-6.66667E-04
2.930465,-2.390301E-02,3.860489E-03,6.66667E-04
2.931466,-2.155316E-02,4.104644E-03,-.002
2.932466,-2.014935E-02,4.478484E-03,-.001
2.933467,-1.864636E-02,4.28775E-03,-.001
2.934467,-1.737988E-02,4.417449E-03,-.002
2.935468,-1.627362E-02,4.753143E-03,.001
2.936468,-1.537329E-02,5.088836E-03,-.001
2.937469,-1.480871E-02,5.188018E-03,-6.66667E-04
2.938469,-1.434332E-02,4.486114E-03,-6.66667E-04
2.93947,-1.419073E-02,3.990203E-03,-.001
2.94047,-1.367956E-02,3.868118E-03,.001
2.941471,-1.286322E-02,3.494278E-03,-.001
2.942471,-1.275641E-02,3.547683E-03,-.002
2.943472,-1.287848E-02,3.417984E-03,-.001
2.944472,-1.305395E-02,3.608719E-03,.001
2.945473,-1.322943E-02,3.601089E-03,.001
2.946473,-1.308447E-02,3.570572E-03,-6.66667E-04
2.947474,-1.311499E-02,3.051773E-03,-6.66667E-04
2.948474,-1.325995E-02,2.655044E-03,-.002
2.949475,-1.361853E-02,2.265945E-03,.001
2.950475,-1.406866E-02,2.166763E-03,-.001
2.951476,-1.478583E-02,2.525344E-03,-.002
2.952476,-1.636517E-02,2.723709E-03,-.001
2.953477,-1.944745E-02,2.807632E-03,6.66667E-04
2.954477,-2.493298E-02,2.288833E-03,6.66667E-04
2.955478,-.0311662,1.754768E-03,-.001
2.956478,-3.593469E-02,1.533516E-03,6.66667E-04
2.957479,-.0392077,1.564033E-03,-.001
2.958479,-4.049706E-02,1.388557E-03,-.002
2.95948,-4.005456E-02,1.297005E-03,-.001
2.96048,-3.706384E-02,1.533516E-03,-6.66667E-04
2.961481,-3.150964E-02,2.059951E-03,6.66667E-04
2.962481,-2.529156E-02,2.273574E-03,-.002
2.963482,-2.027142E-02,2.357498E-03,-.002
2.964482,-1.589978E-02,2.777115E-03,6.66667E-04
2.965483,-.0125733,2.822891E-03,-.002
2.966483,-1.045996E-02,2.693191E-03,2.33333E-03
2.967484,-8.606017E-03,2.571121E-03,-.001
2.968484,-7.659942E-03,2.20491E-03,.001
2.969485,-7.164031E-03,2.105728E-03,-6.66667E-04
2.970485,-6.744415E-03,1.991287E-03,6.66667E-04
2.971486,-6.317168E-03,2.044693E-03,6.66667E-04
2.972486,-6.362945E-03,2.265945E-03,-6.66667E-04
2.973487,-6.477386E-03,2.212539E-03,.001
2.974487,-6.30191E-03,2.105728E-03,-.001
2.975488,-6.034881E-03,2.07521E-03,.001
2.976488,-6.187469E-03,2.33461E-03,6.66667E-04
2.977489,-6.065398E-03,2.311721E-03,.001
2.978489,-6.401092E-03,2.464309E-03,.001
2.97949,-6.462127E-03,2.807632E-03,.001
2.98049,-6.164581E-03,2.700821E-03,-.001
2.981491,-6.027251E-03,2.288833E-03,6.66667E-04
2.982491,-5.394012E-03,1.937874E-03,-.002
2.983492,-4.730254E-03,1.960769E-03,-.002
2.984492,-4.226714E-03,1.95314E-03,6.66667E-04
2.985493,-3.410354E-03,2.159134E-03,.001
2.986493,-2.937332E-03,1.831062E-03,6.66667E-04
2.987494,-3.135696E-03,1.792915E-03,-6.66667E-04
2.988494,-3.433242E-03,1.434334E-03,-6.66667E-04
2.989495,-3.494278E-03,1.48011E-03,-6.66667E-04
2.990495,-3.112808E-03,1.502998E-03,6.66667E-04
2.991496,-3.013626E-03,1.632698E-03,6.66667E-04
2.992496,-2.761856E-03,1.884468E-03,6.66667E-04
2.993497,-2.899185E-03,1.960769E-03,-6.66667E-04
2.994497,-2.57875E-03,1.846321E-03,6.66667E-04
2.995498,-2.464309E-03,1.655586E-03,6.66667E-04
2.996498,-1.85395E-03,1.586922E-03,-.001
2.997499,-1.556404E-03,1.335151E-03,-.002
2.998499,-1.502998E-03,1.159675E-03,.001
2.9995,-1.785286E-03,1.052864E-03,-6.66667E-04
3.0005,-2.197281E-03,8.926429E-04,-.001
3.001501,-1.625068E-03,1.029976E-03,-.002
3.002501,-1.319893E-03,1.502998E-03,-.001
3.003502,-1.586922E-03,1.426704E-03,-6.66667E-04
3.004502,-1.899727E-03,1.403816E-03,-.001
3.005503,-1.983657E-03,1.388557E-03,6.66667E-04
3.006503,-1.876839E-03,1.235969E-03,-2.33333E-03
3.007504,-2.113357E-03,1.342781E-03,-.001
3.008504,-2.449051E-03,9.918287E-04,-.002
3.009505,-2.380386E-03,1.319893E-03,.001
3.010505,-2.365127E-03,1.464851E-03,2.33333E-03
3.011506,-2.639785E-03,1.319893E-03,-6.66667E-04
3.012506,-2.800003E-03,1.365669E-03,-6.66667E-04
3.013507,-2.914444E-03,1.441963E-03,-.001
3.014507,-2.525344E-03,1.594551E-03,-6.66667E-04
3.015508,-2.143875E-03,1.525886E-03,6.66667E-04
3.016508,-2.067581E-03,1.502998E-03,.001
3.017509,-1.914985E-03,1.289375E-03,-.001
3.018509,-1.724251E-03,1.159675E-03,-.001
3.01951,-2.029434E-03,9.689368E-04,6.66667E-04
3.02051,-2.235427E-03,1.190193E-03,6.66667E-04
3.021511,-2.319351E-03,1.441963E-03,-6.66667E-04
3.022511,-2.32698E-03,1.335151E-03,6.66667E-04
3.023512,-2.235427E-03,1.205452E-03,-.002
3.024512,-2.166763E-03,1.014717E-03,-.001
3.025513,-2.296463E-03,1.243599E-03,-6.66667E-04
3.026513,-2.281204E-03,1.388557E-03,6.66667E-04
3.027514,-2.388015E-03,1.113899E-03,2.33333E-03
3.028514,-2.525344E-03,1.274116E-03,-.001
3.029515,-2.464309E-03,1.258858E-03,.001
3.030515,-2.349868E-03,9.384193E-04,.002
3.031516,-2.159134E-03,9.231605E-04,-.002
3.032516,-2.128616E-03,1.10627E-03,.001
3.033517,-1.983657E-03,1.380928E-03,6.66667E-04
3.034517,-2.166763E-03,1.213081E-03,6.66667E-04
3.035518,-2.212539E-03,1.159675E-03,.002
3.036518,-1.983657E-03,1.174934E-03,6.66667E-04
3.037519,-1.495369E-03,1.35041E-03,-.002
3.038519,-1.464851E-03,1.403816E-03,-.002
3.03952,-1.502998E-03,1.22834E-03,-6.66667E-04
3.04052,-1.403816E-03,1.197822E-03,-.001
3.041521,-1.426704E-03,9.7657E-04,-2.33333E-03
3.042521,-1.533516E-03,1.319893E-03,-.002
3.043522,-1.60218E-03,1.182564E-03,6.66667E-04
3.044522,-1.129158E-03,9.307899E-04,-.001
3.045523,-9.231605E-04,1.007088E-03,-2.33333E-03
3.046523,-1.060493E-03,1.113899E-03,-.001
3.047524,-1.380928E-03,1.304634E-03,-.002
3.048524,-1.548775E-03,9.994581E-04,.001
3.049525,-1.502998E-03,4.653949E-04,.002
3.050525,-1.487739E-03,8.163489E-04,-6.66667E-04
3.051526,-1.533516E-03,9.384193E-04,-.002
3.052526,-1.708992E-03,5.493201E-04,-6.66667E-04
3.053527,-1.747139E-03,7.858314E-04,-6.66667E-04
3.054527,-1.487739E-03,9.384193E-04,-.002
3.055528,-1.396187E-03,1.304634E-03,-.001
3.056528,-1.434334E-03,1.266487E-03,.001
3.057529,-1.365669E-03,1.10627E-03,-6.66667E-04
3.058529,-1.144417E-03,1.09864E-03,6.66667E-04
3.05953,-8.926429E-04,1.091011E-03,-3.66667E-03
3.06053,-8.316077E-04,7.171668E-04,-6.66667E-04
3.061531,-9.918287E-04,7.629432E-04,-.002
3.062531,-9.7657E-04,7.324256E-04,-.001
3.063532,-8.163489E-04,8.621253E-04,-6.66667E-04
3.064532,-5.722083E-04,7.171668E-04,-2.33333E-03
3.065533,-2.746601E-04,5.493201E-04,-.001
3.066533,-4.043598E-04,8.621253E-04,2.33333E-03
3.067534,-7.629432E-04,1.213081E-03,-.001
3.068534,-6.713904E-04,8.392371E-04,-.002
3.069535,-7.171668E-04,7.324256E-04,-.002
3.070535,-9.002723E-04,9.918287E-04,-6.66667E-04
3.071536,-1.083381E-03,8.392371E-04,-6.66667E-04
3.072536,-1.373298E-03,6.561317E-04,-.001
3.073537,-1.556404E-03,7.247962E-04,-.001
3.074537,-1.747139E-03,9.994581E-04,-.002
3.075538,-1.670845E-03,1.075752E-03,.002
3.076538,-1.342781E-03,1.10627E-03,.002
3.077539,-1.274116E-03,1.121528E-03,.001
3.078539,-1.487739E-03,1.068123E-03,-6.66667E-04
3.07954,-1.052864E-03,7.78202E-04,-6.66667E-04
3.08054,-7.476844E-04,6.027259E-04,2.33333E-03
3.081541,-5.188026E-04,5.950965E-04,-6.66667E-04
3.082541,-8.392371E-04,3.12807E-04,-2.33333E-03
3.083542,-6.63761E-04,1.220712E-04,-.001
3.084542,-4.27248E-04,4.196186E-04,-6.66667E-04
3.085543,-5.874671E-04,6.790198E-04,-.001
3.086543,-7.171668E-04,1.052864E-03,6.66667E-04
3.087544,-1.022346E-03,9.460486E-04,-6.66667E-04
3.088544,-1.022346E-03,7.934608E-04,-3.66667E-03
3.089545,-6.866492E-04,4.730243E-04,-.001
3.090545,-1.083381E-03,6.866502E-05,-6.66667E-04
3.091546,-1.213081E-03,3.280658E-04,2.33333E-03
3.092546,-1.289375E-03,2.594013E-04,6.66667E-04
3.093547,-1.35041E-03,1.144414E-04,-.001
3.094547,-1.121528E-03,4.196186E-04,-6.66667E-04
3.095548,-9.460486E-04,9.231605E-04,-.001
3.096548,-2.670307E-04,1.213081E-03,-.002
3.097549,-2.28883E-05,8.926429E-04,-6.66667E-04
3.098549,1.220712E-04,4.196186E-04,6.66667E-04
3.09955,-3.204364E-04,2.212534E-04,6.66667E-04
3.10055,-3.356952E-04,1.449594E-04,.002
3.101551,-3.738422E-04,1.297006E-04,-.001
3.102551,-5.645789E-04,3.814716E-04,-6.66667E-04
3.103552,-7.934608E-04,4.730243E-04,-6.66667E-04
3.104552,-2.670307E-04,2.594013E-04,-.001
3.105553,-1.3733E-04,4.196186E-04,2.33333E-03
3.106553,-2.28883E-05,6.713904E-04,-6.66667E-04
3.107554,-2.059946E-04,7.247962E-04,.002
3.108554,-3.662128E-04,5.188026E-04,-.001
3.109555,-5.569495E-04,4.88285E-04,-.001
3.110555,-3.738422E-04,6.790198E-04,.001
3.111556,-6.63761E-04,7.095374E-04,-.001
3.112556,-2.594013E-04,5.798377E-04,-.002
3.113557,-1.602182E-04,5.340613E-04,6.66667E-04
3.114557,6.866502E-05,3.662128E-04,6.66667E-04
3.115558,-2.365122E-04,2.288828E-04,-.002
3.116558,-3.967304E-04,4.27248E-04,.001
3.117559,0,1.525891E-05,2.33333E-03
3.118559,1.449594E-04,-9.918259E-05,.001
3.11956,-1.525888E-04,1.06812E-04,.001
3.12056,-2.975482E-04,3.051776E-04,-.001
3.121561,-1.220712E-04,7.324256E-04,-.001
3.122561,3.051776E-04,5.798377E-04,-.002
3.123562,6.103562E-05,2.822895E-04,-.002
3.124562,-3.50954E-04,4.730243E-04,-.001
3.125563,-6.561317E-04,4.577655E-04,6.66667E-04
3.126563,-3.814716E-04,1.983652E-04,-.002
3.127564,-6.256141E-04,1.983652E-04,-.002
3.128564,-4.88285E-04,4.27248E-04,-6.66667E-04
3.129565,-4.043598E-04,6.63761E-04,.002
3.130565,-5.645789E-04,8.087195E-04,.001
3.131566,-5.645789E-04,4.196186E-04,6.66667E-04
3.132566,-4.959144E-04,5.035438E-04,.001
3.133567,-2.059946E-04,3.433246E-04,6.66667E-04
3.134567,1.831064E-04,8.392381E-05,.001
3.135568,3.12807E-04,4.043598E-04,-6.66667E-04
3.136568,2.441425E-04,6.713904E-04,-6.66667E-04
3.137569,1.449594E-04,6.408729E-04,-6.66667E-04
3.138569,-3.051781E-05,6.103553E-04,-.002
3.13957,-3.814721E-05,6.332435E-04,.001
3.14057,5.035438E-04,4.27248E-04,-.001
3.141571,6.332435E-04,5.416907E-04,-.002
3.142571,3.204364E-04,3.738422E-04,-.001
3.143572,-1.983652E-04,3.662128E-04,-6.66667E-04
3.144572,-5.340599E-05,4.730243E-04,-6.66667E-04
3.145573,2.212534E-04,2.822895E-04,-.001
3.146573,1.75477E-04,7.629453E-06,6.66667E-04
3.147574,2.212534E-04,-8.392381E-05,-.002
3.148574,1.297006E-04,-2.670307E-04,-.001
3.149575,3.280658E-04,-1.831064E-04,-6.66667E-04
3.150575,3.814716E-04,-2.13624E-04,-.001
3.151576,1.3733E-04,-3.12807E-04,-.001
3.152576,1.525888E-04,-1.220712E-04,6.66667E-04
3.153577,3.433246E-04,8.392381E-05,-2.33333E-03
3.154577,2.975482E-04,1.678476E-04,-.001
3.155578,-3.814721E-05,1.678476E-04,-2.33333E-03
3.156578,4.57766E-05,5.340599E-05,-6.66667E-04
3.157579,-2.822895E-04,-7.629453E-06,-6.66667E-04
3.158579,-2.13624E-04,1.525891E-05,-.001
3.15958,-3.89101E-04,1.297006E-04,-.001
3.16058,-5.874671E-04,2.822895E-04,.001
3.161581,-1.75477E-04,8.316077E-04,2.33333E-03
3.162581,1.831064E-04,6.713904E-04,-6.66667E-04
3.163582,4.577655E-04,4.348774E-04,-.002
3.164582,1.602182E-04,8.926429E-04,-6.66667E-04
3.165583,-5.340599E-05,6.790198E-04,-.001
3.166583,1.602182E-04,5.340613E-04,6.66667E-04
3.167584,-7.629453E-06,6.103553E-04,6.66667E-04
3.168584,-9.918259E-05,1.525888E-04,6.66667E-04
3.169585,-1.831064E-04,2.365122E-04,-.001
3.170585,-2.288828E-04,1.525891E-05,-.001
3.171586,5.340599E-05,-6.866502E-05,-.001
3.172586,0,-1.525891E-05,.001
3.173587,4.57766E-05,-3.814721E-05,-6.66667E-04
3.174587,2.365122E-04,1.678476E-04,-6.66667E-04
3.175588,4.119892E-04,5.416907E-04,.002
3.176588,2.059946E-04,9.918259E-05,-.001
3.177589,5.416907E-04,-6.103562E-05,.001
3.178589,5.035438E-04,1.907358E-04,-.001
3.17959,2.594013E-04,-1.602182E-04,6.66667E-04
3.18059,4.806537E-04,-2.517719E-04,-3.66667E-03
3.181591,6.790198E-04,3.12807E-04,-2.33333E-03
3.182591,4.043598E-04,3.738422E-04,-.001
3.183592,8.773841E-04,4.196186E-04,.001
3.184592,7.247962E-04,4.577655E-04,6.66667E-04
3.185593,7.01908E-04,4.57766E-05,-.001
3.186593,6.942786E-04,4.196186E-04,-.002
3.187594,4.27248E-04,4.88285E-04,-3.66667E-03
3.188594,9.15532E-05,2.975482E-04,-.001
3.189595,2.746601E-04,2.441425E-04,-6.66667E-04
3.190595,4.348774E-04,3.12807E-04,-.002
3.191596,3.204364E-04,-3.814721E-05,-6.66667E-04
3.192596,-2.28883E-05,-4.57766E-05,-6.66667E-04
3.193597,-3.814721E-05,1.220712E-04,-6.66667E-04
3.194597,-3.356952E-04,-2.059946E-04,.001
3.195598,-3.280658E-04,-2.059946E-04,-.002
3.196598,-1.602182E-04,-2.059946E-04,-6.66667E-04
3.197599,-1.831064E-04,1.525888E-04,6.66667E-04
3.198599,-5.340599E-05,2.746601E-04,-.002
3.1996,-2.13624E-04,1.449594E-04,.001
3.2006,-9.918259E-05,9.918259E-05,-.001
3.201601,-5.340599E-05,4.88285E-04,-6.66667E-04
3.202601,-1.06812E-04,4.88285E-04,-.002
3.203602,9.918259E-05,6.561317E-04,.001
3.204602,1.525888E-04,7.705726E-04,6.66667E-04
3.205603,3.662128E-04,7.40055E-04,-2.33333E-03
3.206603,3.280658E-04,5.569495E-04,-.001
3.207604,-1.144414E-04,3.433246E-04,-6.66667E-04
3.208604,-2.441425E-04,-1.144414E-04,-6.66667E-04
3.209605,4.57766E-05,-2.594013E-04,-.002
3.210605,1.525888E-04,-1.75477E-04,.001
3.211606,2.212534E-04,-2.13624E-04,2.33333E-03
3.212606,3.12807E-04,-1.907358E-04,.001
3.213607,2.212534E-04,-3.051781E-05,-6.66667E-04
3.214607,-1.144414E-04,3.814721E-05,-.001
3.215608,-3.433246E-04,-8.392381E-05,-.001
3.216608,-1.449594E-04,-2.975482E-04,-.001
3.217609,1.831064E-04,-2.670307E-04,-.001
3.218609,2.670307E-04,-1.297006E-04,-6.66667E-04
3.21961,-7.629453E-06,5.340599E-05,-.001
3.22061,7.629453E-06,-2.28883E-05,-6.66667E-04
3.221611,4.57766E-05,0,-6.66667E-04
3.222611,1.831064E-04,1.907358E-04,-.001
3.223612,3.433246E-04,1.449594E-04,-6.66667E-04
3.224612,2.594013E-04,1.75477E-04,-.002
3.225613,4.57766E-05,1.3733E-04,6.66667E-04
3.226614,1.525888E-04,-1.525891E-05,-.001
3.227614,4.119892E-04,1.525888E-04,-6.66667E-04
3.228614,7.171668E-04,3.280658E-04,-.001
3.229615,4.653949E-04,1.831064E-04,.002
3.230615,2.365122E-04,-4.57766E-05,-2.33333E-03
3.231616,-6.103562E-05,-6.103562E-05,-.001
3.232616,5.035438E-04,6.866502E-05,-.002
3.233617,6.790198E-04,-1.06812E-04,-6.66667E-04
3.234617,7.629441E-05,-1.75477E-04,6.66667E-04
3.235618,1.907358E-04,-1.06812E-04,-2.33333E-03
3.236619,4.730243E-04,-2.746601E-04,-6.66667E-04
3.237619,6.942786E-04,-4.27248E-04,6.66667E-04
3.238619,6.332435E-04,-1.144414E-04,6.66667E-04
3.23962,2.975482E-04,3.051781E-05,-.001
3.24062,-6.103562E-05,3.051781E-05,.001
3.241621,2.594013E-04,-1.525888E-04,-.002
3.242621,4.959144E-04,9.15532E-05,6.66667E-04
3.243622,3.89101E-04,3.50954E-04,-.002
3.244622,-3.50954E-04,2.594013E-04,6.66667E-04
3.245623,-1.525888E-04,1.06812E-04,-.001
3.246624,1.3733E-04,2.441425E-04,-.002
3.247624,2.899189E-04,1.297006E-04,-.001
3.248624,4.043598E-04,0,-6.66667E-04
3.249625,3.814716E-04,1.831064E-04,-6.66667E-04
3.250625,1.3733E-04,-1.525891E-05,.001
3.251626,-1.525891E-05,-2.212534E-04,6.66667E-04
3.252626,-1.525888E-04,-7.629441E-05,-.001
3.253627,0,-1.907358E-04,-.001
3.254627,5.340599E-05,-2.059946E-04,.002
3.255628,3.051781E-05,-1.144414E-04,6.66667E-04
3.256629,-7.629453E-06,2.28883E-05,6.66667E-04
3.257629,1.983652E-04,1.602182E-04,-6.66667E-04
3.258629,2.059946E-04,2.212534E-04,-6.66667E-04
3.25963,1.220712E-04,4.27248E-04,-6.66667E-04
3.26063,7.629453E-06,5.874671E-04,.001
3.261631,-2.594013E-04,2.975482E-04,-.001
3.262631,-1.449594E-04,4.119892E-04,6.66667E-04
3.263632,-7.629453E-06,2.670307E-04,.001
3.264632,1.983652E-04,-9.918259E-05,-6.66667E-04
3.265633,3.12807E-04,-6.866502E-05,6.66667E-04
3.266634,1.525888E-04,1.525888E-04,-3.66667E-03
3.267634,-3.204364E-04,2.441425E-04,-.001
3.268634,-3.356952E-04,6.332435E-04,.001
3.269635,-1.06812E-04,2.594013E-04,-.001
3.270635,-1.525888E-04,-2.594013E-04,-.001
3.271636,-1.831064E-04,-4.043598E-04,.002
3.272636,-1.525888E-04,-2.288828E-04,-6.66667E-04
3.273637,1.602182E-04,-1.144414E-04,-2.33333E-03
3.274637,1.75477E-04,6.103562E-05,-6.66667E-04
3.275638,1.06812E-04,-1.525891E-05,-.001
3.276639,9.15532E-05,1.75477E-04,-.001
3.277639,1.3733E-04,4.57766E-05,-.002
3.278639,9.15532E-05,-7.629441E-05,-6.66667E-04
3.27964,-3.280658E-04,-2.13624E-04,6.66667E-04
3.28064,-3.89101E-04,-2.365122E-04,.001
3.281641,-5.340599E-05,1.525891E-05,.001
3.282641,-1.525888E-04,-2.517719E-04,.001
3.283642,-2.059946E-04,-3.12807E-04,.001
3.284642,3.585834E-04,-2.441425E-04,-.002
3.285643,4.730243E-04,1.06812E-04,.001
3.286644,3.814716E-04,1.220712E-04,-.002
3.287644,2.746601E-04,-2.822895E-04,-.001
3.288644,6.103562E-05,-3.814716E-04,-.001
3.289645,-1.831064E-04,-3.356952E-04,-.001
3.290645,-2.441425E-04,-3.433246E-04,-.001
3.291646,-2.13624E-04,-1.220712E-04,6.66667E-04
3.292646,-2.746601E-04,7.629453E-06,-6.66667E-04
3.293647,-3.433246E-04,-2.28883E-05,6.66667E-04
3.294647,-3.356952E-04,2.441425E-04,-.001
3.295648,-1.907358E-04,3.204364E-04,-.002
3.296649,1.831064E-04,1.297006E-04,-.001
3.297649,9.15532E-05,2.594013E-04,6.66667E-04
3.298649,9.918259E-05,1.831064E-04,-6.66667E-04
3.29965,1.06812E-04,2.594013E-04,-6.66667E-04
3.30065,3.433246E-04,1.144414E-04,.001
3.301651,1.525891E-05,1.525891E-05,-.001
3.302651,-1.06812E-04,-4.196186E-04,.001
3.303652,1.602182E-04,-1.06812E-04,-.002
3.304652,3.738422E-04,1.3733E-04,-.001
3.305653,2.212534E-04,3.433246E-04,-.001
3.306653,-4.57766E-05,2.899189E-04,-3.66667E-03
3.307654,-5.340599E-05,2.059946E-04,-6.66667E-04
3.308654,1.678476E-04,3.051776E-04,-6.66667E-04
3.309655,0,6.332435E-04,-.001
3.310655,-1.525891E-05,3.50954E-04,-.002
3.311656,-1.831064E-04,3.051776E-04,-.002
3.312656,-3.585834E-04,3.12807E-04,-6.66667E-04
3.313657,-2.288828E-04,2.822895E-04,-.001
3.314657,5.340613E-04,-7.629441E-05,-.002
3.315658,5.264319E-04,-1.602182E-04,-6.66667E-04
3.316658,4.196186E-04,-2.899189E-04,-.001
3.317659,6.103562E-05,9.918259E-05,-6.66667E-04
3.318659,0,2.059946E-04,-6.66667E-04
3.31966,2.13624E-04,1.144414E-04,.001
3.32066,1.525891E-05,1.3733E-04,-6.66667E-04
3.321661,-3.585834E-04,3.662128E-04,2.33333E-03
3.322661,-9.918259E-05,4.425067E-04,-.002
3.323662,5.340599E-05,3.051781E-05,6.66667E-04
3.324662,2.059946E-04,-7.629441E-05,-6.66667E-04
3.325663,4.57766E-05,-4.57766E-05,-.001
3.326663,-2.441425E-04,0,-6.66667E-04
3.327664,-5.035438E-04,-2.13624E-04,-6.66667E-04
3.328664,-3.12807E-04,-5.340599E-05,-2.33333E-03
3.329665,-7.629441E-05,-6.103562E-05,.001
3.330665,-7.629453E-06,-2.365122E-04,-.001
3.331666,3.051781E-05,-1.602182E-04,6.66667E-04
3.332666,1.525888E-04,-1.75477E-04,-.002
3.333667,2.746601E-04,-1.449594E-04,6.66667E-04
3.334667,2.975482E-04,-2.28883E-05,.002
3.335668,1.678476E-04,-1.3733E-04,6.66667E-04
3.336668,9.918259E-05,-1.449594E-04,.002
3.337669,7.629441E-05,1.297006E-04,-.001
3.338669,1.297006E-04,1.06812E-04,6.66667E-04
3.33967,2.899189E-04,3.051781E-05,-6.66667E-04
3.34067,-3.814721E-05,2.365122E-04,-3.66667E-03
3.341671,8.392381E-05,1.3733E-04,-.001
3.342671,3.356952E-04,-2.517719E-04,-2.33333E-03
3.343672,2.13624E-04,-9.918259E-05,-.001
3.344672,0,-6.866502E-05,.002
3.345673,1.602182E-04,-3.051781E-05,6.66667E-04
3.346673,0,-3.738422E-04,6.66667E-04
3.347674,1.449594E-04,2.594013E-04,-.001
3.348674,2.899189E-04,6.027259E-04,-6.66667E-04
3.349675,4.119892E-04,1.525888E-04,-6.66667E-04
3.350675,5.569495E-04,-5.340599E-05,.001
3.351676,5.188026E-04,-1.831064E-04,-.001
3.352676,3.433246E-04,-2.059946E-04,6.66667E-04
3.353677,4.27248E-04,-4.27248E-04,.002
3.354677,3.356952E-04,-3.814716E-04,.002
3.355678,2.441425E-04,-3.12807E-04,.001
3.356678,9.15532E-05,-6.485023E-04,-.002
3.357679,-1.449594E-04,-3.89101E-04,.001
3.358679,-5.340599E-05,-1.678476E-04,-6.66667E-04
3.35968,1.678476E-04,2.594013E-04,.001
3.36068,3.204364E-04,7.629441E-05,.001
3.361681,6.866502E-05,-1.525891E-05,-6.66667E-04
3.362681,-3.662128E-04,-3.051781E-05,6.66667E-04
3.363682,-3.433246E-04,-1.3733E-04,.001
3.364682,-4.27248E-04,-1.449594E-04,-.002
3.365683,-2.975482E-04,-1.983652E-04,.001
3.366683,-2.288828E-04,-1.525888E-04,-.001
3.367684,0,-1.525888E-04,-6.66667E-04
3.368684,5.340599E-05,-1.907358E-04,6.66667E-04
3.369685,-2.28883E-05,-1.220712E-04,.002
3.370685,9.918259E-05,-2.059946E-04,.001
3.371686,1.3733E-04,1.220712E-04,-6.66667E-04
3.372686,6.103562E-05,1.144414E-04,-2.33333E-03
3.373687,4.425067E-04,-1.678476E-04,.002
3.374687,3.89101E-04,8.392381E-05,-.001
3.375688,6.866502E-05,0,-2.33333E-03
3.376688,1.678476E-04,3.051781E-05,-.001
3.377689,3.051776E-04,-1.297006E-04,-.001
3.378689,2.746601E-04,-6.103562E-05,-6.66667E-04
3.37969,5.798377E-04,1.831064E-04,-.002
3.38069,2.365122E-04,1.983652E-04,-.002
3.381691,2.059946E-04,1.831064E-04,.002
3.382691,2.822895E-04,1.907358E-04,-6.66667E-04
3.383692,2.059946E-04,1.678476E-04,-.001
3.384692,2.899189E-04,3.967304E-04,-.002
3.385693,4.57766E-05,4.348774E-04,-6.66667E-04
3.386693,-2.212534E-04,2.594013E-04,-2.33333E-03
3.387694,3.051781E-05,-1.907358E-04,6.66667E-04
3.388694,4.348774E-04,-2.13624E-04,-.002
3.389695,5.340613E-04,2.13624E-04,-.001
3.390696,5.493201E-04,4.959144E-04,6.66667E-04
3.391696,6.790198E-04,4.425067E-04,-3.66667E-03
3.392696,5.722083E-04,2.594013E-04,-.001
3.393697,1.06812E-04,2.517719E-04,-.002
3.394697,1.144414E-04,4.57766E-05,.001
3.395698,9.15532E-05,3.204364E-04,6.66667E-04
3.396698,-7.629453E-06,9.918259E-05,.001
3.397699,1.75477E-04,1.525888E-04,.001
3.398699,3.89101E-04,5.416907E-04,-.002
3.3997,1.907358E-04,6.561317E-04,-2.33333E-03
3.400701,-1.525888E-04,3.50954E-04,6.66667E-04
3.401701,-1.525888E-04,4.119892E-04,.001
3.402701,9.15532E-05,6.790198E-04,-.001
3.403702,6.866502E-05,5.798377E-04,-.002
3.404702,-1.525891E-05,3.051776E-04,6.66667E-04
3.405703,1.06812E-04,4.57766E-05,6.66667E-04
3.406703,7.629441E-05,9.918259E-05,-.002
3.407704,5.111732E-04,-3.051781E-05,6.66667E-04
3.408704,5.874671E-04,1.831064E-04,-.002
3.409705,2.670307E-04,3.280658E-04,-6.66667E-04
3.410706,4.501361E-04,3.280658E-04,-6.66667E-04
3.411706,4.196186E-04,7.553138E-04,6.66667E-04
3.412706,-1.06812E-04,2.594013E-04,-6.66667E-04
3.413707,-1.3733E-04,2.288828E-04,-6.66667E-04
3.414707,2.822895E-04,3.967304E-04,2.33333E-03
3.415708,2.975482E-04,3.280658E-04,.001
3.416708,3.814716E-04,-7.629441E-05,.001
3.417709,2.059946E-04,-1.602182E-04,-.002
3.418709,-9.15532E-05,7.629453E-06,-6.66667E-04
3.41971,-9.15532E-05,2.746601E-04,.001
3.420711,-8.392381E-05,3.967304E-04,-.002
3.421711,-1.525891E-05,4.806537E-04,-2.33333E-03
3.422711,2.212534E-04,3.89101E-04,-6.66667E-04
3.423712,1.449594E-04,1.525888E-04,-6.66667E-04
3.424712,2.365122E-04,-1.06812E-04,6.66667E-04
3.425713,1.220712E-04,-3.662128E-04,-.002
3.426713,-5.340599E-05,-4.348774E-04,-.002
3.427714,-2.288828E-04,-2.822895E-04,-2.33333E-03
3.428714,-1.449594E-04,-1.144414E-04,.001
3.429715,-8.392381E-05,3.814716E-04,.001
3.430716,-9.15532E-05,1.75477E-04,-.001
3.431716,-3.204364E-04,-3.051781E-05,-.001
3.432716,4.57766E-05,2.288828E-04,-6.66667E-04
3.433717,7.629453E-06,-2.28883E-05,-.001
3.434717,-2.822895E-04,-1.449594E-04,-6.66667E-04
3.435718,-4.043598E-04,0,-2.33333E-03
3.436718,-7.629441E-05,3.89101E-04,-.001
3.437719,9.15532E-05,4.730243E-04,.002
3.438719,2.822895E-04,1.525888E-04,-.002
3.43972,3.204364E-04,1.831064E-04,-6.66667E-04
3.440721,2.13624E-04,2.059946E-04,-6.66667E-03
3.441721,3.662128E-04,4.57766E-05,-.001
3.442721,3.814721E-05,3.356952E-04,-6.66667E-04
3.443722,-1.678476E-04,1.983652E-04,-.002
3.444722,-3.356952E-04,0,-.002
3.445723,-7.629453E-06,-1.06812E-04,-6.66667E-04
3.446723,1.525888E-04,-3.280658E-04,-.001
3.447724,2.13624E-04,-1.602182E-04,.002
3.448724,2.975482E-04,1.297006E-04,-.001
3.449725,9.918259E-05,4.348774E-04,-6.66667E-04
3.450726,-1.525891E-05,1.525888E-04,-.002
3.451726,9.15532E-05,-1.144414E-04,-.001
3.452726,3.051781E-05,1.449594E-04,-.001
3.453727,1.297006E-04,1.297006E-04,-.001
3.454727,9.918259E-05,2.594013E-04,-6.66667E-04
3.455728,1.907358E-04,7.629441E-05,.001
3.456728,-4.57766E-05,-3.204364E-04,-2.33333E-03
3.457729,0,-2.365122E-04,.001
3.458729,1.525891E-05,-3.814721E-05,-.002
3.45973,1.831064E-04,-5.340599E-05,-.001
3.460731,2.594013E-04,9.918259E-05,6.66667E-04
3.461731,4.196186E-04,-8.392381E-05,-.001
3.462731,4.57766E-05,-2.13624E-04,-6.66667E-04
3.463732,-3.814716E-04,-2.441425E-04,-6.66667E-04
3.464732,-2.670307E-04,-5.340599E-05,.001
3.465733,1.3733E-04,3.814721E-05,6.66667E-04
3.466733,6.866502E-05,-2.594013E-04,6.66667E-04
3.467734,9.918259E-05,-3.12807E-04,-2.33333E-03
3.468734,-7.629441E-05,4.57766E-05,-.001
3.469735,-3.356952E-04,-1.449594E-04,.001
3.470736,-9.918259E-05,-1.983652E-04,-2.33333E-03
3.471736,7.629441E-05,1.449594E-04,-.002
3.472736,7.629441E-05,1.06812E-04,6.66667E-04
3.473737,1.220712E-04,-1.678476E-04,-6.66667E-04
3.474737,1.3733E-04,-3.433246E-04,6.66667E-04
3.475738,2.28883E-05,-4.501361E-04,-.002
3.476738,-1.220712E-04,-3.12807E-04,-.004
3.477739,-6.866502E-05,1.06812E-04,-.002
3.478739,0,4.196186E-04,-.001
3.47974,7.629453E-06,2.594013E-04,-.001
3.480741,6.103562E-05,4.501361E-04,-.002
3.481741,-1.06812E-04,1.983652E-04,.002
3.482741,-3.585834E-04,2.212534E-04,6.66667E-04
3.483742,-7.629441E-05,3.585834E-04,-6.66667E-04
3.484742,-3.814721E-05,5.569495E-04,-.001
3.485743,7.629441E-05,4.196186E-04,-.001
3.486743,1.297006E-04,2.822895E-04,6.66667E-04
3.487744,1.525891E-05,-1.06812E-04,-.001
3.488744,1.297006E-04,-9.918259E-05,-6.66667E-04
3.489745,2.059946E-04,4.88285E-04,-.002
3.490746,3.051781E-05,6.179847E-04,6.66667E-04
3.491746,7.629441E-05,4.196186E-04,6.66667E-04
3.492746,2.441425E-04,3.280658E-04,6.66667E-04
3.493747,5.416907E-04,2.365122E-04,-.001
3.494747,3.738422E-04,1.602182E-04,-6.66667E-04
3.495748,-1.525891E-05,3.051781E-05,-.001
3.496748,2.594013E-04,-2.670307E-04,-.002
3.497749,1.297006E-04,-7.629441E-05,-6.66667E-04
3.498749,2.212534E-04,2.212534E-04,-3.66667E-03
3.49975,3.662128E-04,3.433246E-04,6.66667E-04
3.500751,2.059946E-04,2.441425E-04,.001
3.501751,5.264319E-04,1.06812E-04,-.001
3.502751,1.983652E-04,-5.340599E-05,6.66667E-04
3.503752,-1.220712E-04,2.212534E-04,-6.66667E-04
3.504752,-1.525891E-05,3.738422E-04,-6.66667E-04
3.505753,2.059946E-04,-6.103562E-05,.001
3.506753,5.645789E-04,3.051781E-05,6.66667E-04
3.507754,5.035438E-04,4.501361E-04,.001
3.508754,3.738422E-04,4.425067E-04,-6.66667E-04
3.509755,3.814721E-05,3.204364E-04,-6.66667E-04
3.510756,-2.441425E-04,4.730243E-04,.001
3.511756,1.449594E-04,7.629432E-04,-6.66667E-04
3.512756,1.831064E-04,7.095374E-04,-.001
3.513757,-1.678476E-04,5.722083E-04,-.001
3.514757,-1.144414E-04,4.348774E-04,6.66667E-04
3.515758,-5.340599E-05,3.50954E-04,-6.66667E-04
3.516758,3.814721E-05,7.629441E-05,-.001
3.517759,0,-3.051781E-05,-6.66667E-04
3.518759,-2.517719E-04,1.525891E-05,-.001
3.51976,-1.06812E-04,-6.866502E-05,6.66667E-04
3.520761,-5.340599E-05,-3.433246E-04,-6.66667E-04
3.521761,-6.103562E-05,-4.806537E-04,6.66667E-04
3.522761,6.866502E-05,-4.348774E-04,-.001
3.523762,7.629441E-05,-2.899189E-04,-6.66667E-04
3.524762,6.103562E-05,1.75477E-04,-6.66667E-04
3.525763,9.15532E-05,5.722083E-04,6.66667E-04
3.526763,2.670307E-04,7.858314E-04,-6.66667E-04
3.527764,1.525891E-05,5.416907E-04,6.66667E-04
3.528764,-7.629453E-06,4.577655E-04,-2.33333E-03
3.529765,5.340599E-05,3.662128E-04,-6.66667E-04
3.530766,3.12807E-04,1.602182E-04,-6.66667E-04
3.531766,-7.629453E-06,3.814721E-05,-3.66667E-03
3.532766,-2.594013E-04,-3.50954E-04,-.001
3.533767,-3.12807E-04,-1.144414E-04,.001
3.534767,-2.212534E-04,-5.340599E-05,-.001
3.535768,-4.425067E-04,5.340599E-05,6.66667E-04
3.536768,-5.340613E-04,2.517719E-04,-.001
3.537769,-9.918259E-05,-3.051781E-05,6.66667E-04
3.538769,-9.15532E-05,1.3733E-04,-2.33333E-03
3.53977,1.602182E-04,1.525891E-05,.001
3.540771,3.356952E-04,7.629453E-06,-6.66667E-04
3.541771,-9.15532E-05,-4.57766E-05,-.002
3.542771,-1.75477E-04,2.594013E-04,.001
3.543772,-1.144414E-04,2.594013E-04,-.001
3.544772,-2.13624E-04,4.57766E-05,-.004
3.545773,-1.831064E-04,-3.051781E-05,-.002
3.546773,-3.12807E-04,-1.06812E-04,.001
3.547774,-1.297006E-04,2.28883E-05,-6.66667E-04
3.548774,0,1.602182E-04,-6.66667E-04
3.549775,-1.3733E-04,3.12807E-04,-.002
3.550776,9.918259E-05,2.441425E-04,6.66667E-04
3.551776,9.15532E-05,0,-2.33333E-03
3.552776,4.196186E-04,-3.051776E-04,-2.33333E-03
3.553777,4.27248E-04,0,-.001
3.554777,4.57766E-05,1.75477E-04,.002
3.555778,-1.525888E-04,2.059946E-04,-.001
3.556778,9.918259E-05,1.678476E-04,-6.66667E-04
3.557779,5.264319E-04,2.059946E-04,.001
3.558779,4.806537E-04,2.975482E-04,-.002
3.55978,2.13624E-04,2.13624E-04,-6.66667E-04
3.560781,3.204364E-04,3.051776E-04,-.001
3.561781,3.356952E-04,1.525891E-05,6.66667E-04
3.562781,2.594013E-04,-2.28883E-05,6.66667E-04
3.563782,2.288828E-04,7.629453E-06,-.002
3.564783,6.103562E-05,3.814721E-05,-.002
3.565783,-1.297006E-04,2.594013E-04,-.001
3.566783,-1.144414E-04,6.256141E-04,-6.66667E-04
3.567784,-2.670307E-04,5.111732E-04,.001
3.568784,-7.629441E-05,5.645789E-04,-6.66667E-04
3.569785,1.220712E-04,3.280658E-04,-.002
3.570786,2.899189E-04,3.662128E-04,-6.66667E-04
3.571786,1.06812E-04,2.899189E-04,-.001
3.572786,1.678476E-04,7.629441E-05,6.66667E-04
3.573787,4.27248E-04,-8.392381E-05,-.001
3.574788,5.340613E-04,-4.27248E-04,-.001
3.575788,4.27248E-04,-2.13624E-04,6.66667E-04
3.576788,3.814716E-04,-1.907358E-04,-.001
3.577789,3.051776E-04,-4.959144E-04,6.66667E-04
3.578789,3.585834E-04,-2.746601E-04,-6.66667E-04
3.57979,6.561317E-04,1.75477E-04,-.001
3.580791,5.340613E-04,3.12807E-04,6.66667E-04
3.581791,3.280658E-04,3.12807E-04,6.66667E-04
3.582791,1.525891E-05,9.918259E-05,-.001
3.583792,-2.594013E-04,-5.340599E-05,6.66667E-04
3.584793,-2.899189E-04,-1.525891E-05,.001
3.585793,-4.501361E-04,4.57766E-05,-.004
3.586793,-4.425067E-04,-1.06812E-04,-.001
3.587794,-4.27248E-04,-1.06812E-04,-3.66667E-03
3.588794,-2.670307E-04,2.059946E-04,-3.66667E-03
3.589795,5.340599E-05,6.103562E-05,6.66667E-04
3.590796,2.365122E-04,-9.15532E-05,6.66667E-04
3.591796,4.27248E-04,-1.3733E-04,2.33333E-03
3.592796,5.950965E-04,-2.365122E-04,6.66667E-04
3.593797,2.059946E-04,-4.348774E-04,6.66667E-04
3.594798,4.57766E-05,-4.27248E-04,-.001
3.595798,-5.340599E-05,-5.950965E-04,-.002
3.596798,-4.806537E-04,-5.340613E-04,-.002
3.597799,-6.866492E-04,-5.264319E-04,-6.66667E-04
3.598799,-4.88285E-04,-2.059946E-04,.001
3.5998,-2.059946E-04,-3.967304E-04,-.001
3.600801,-2.13624E-04,-1.220712E-04,-.001
3.601801,-9.918259E-05,4.653949E-04,6.66667E-04
3.602801,-2.594013E-04,6.256141E-04,-.001
3.603802,-2.13624E-04,3.433246E-04,-.001
3.604803,-1.831064E-04,1.144414E-04,-.001
3.605803,4.57766E-05,9.918259E-05,2.33333E-03
3.606803,3.738422E-04,-2.594013E-04,.002
3.607804,9.231605E-04,-1.297006E-04,-.001
3.608804,6.256141E-04,2.594013E-04,-.002
3.609805,2.13624E-04,-1.06812E-04,-3.66667E-03
3.610806,6.332435E-04,-1.449594E-04,-3.66667E-03
3.611806,3.204364E-04,-1.3733E-04,-.002
3.612806,4.57766E-05,3.12807E-04,-.001
3.613807,-1.75477E-04,6.63761E-04,.001
3.614808,-1.678476E-04,3.204364E-04,-6.66667E-04
3.615808,3.051776E-04,2.365122E-04,6.66667E-04
3.616808,4.577655E-04,-2.899189E-04,-.002
3.617809,5.416907E-04,-1.3733E-04,-.004
3.618809,4.27248E-04,-3.051776E-04,-3.66667E-03
3.61981,4.730243E-04,-1.983652E-04,-3.66667E-03
3.620811,1.678476E-04,1.983652E-04,-6.66667E-04
3.621811,-2.212534E-04,3.738422E-04,-.001
3.622811,-1.907358E-04,3.051776E-04,-.002
3.623812,-2.13624E-04,2.212534E-04,-.002
3.624813,-4.119892E-04,6.866502E-05,6.66667E-04
3.625813,-4.043598E-04,-2.746601E-04,-.001
3.626813,-1.678476E-04,-2.670307E-04,-.002
3.627814,-7.629453E-06,-2.975482E-04,6.66667E-04
3.628814,4.57766E-05,1.220712E-04,.001
3.629815,1.06812E-04,2.212534E-04,-.002
3.630816,3.814721E-05,-2.670307E-04,-.001
3.631816,3.814721E-05,-1.678476E-04,-.002
3.632816,3.814721E-05,-2.13624E-04,6.66667E-04
3.633817,3.585834E-04,0,6.66667E-04
3.634818,3.12807E-04,-1.144414E-04,-.002
3.635818,1.678476E-04,-4.501361E-04,-6.66667E-04
3.636818,2.13624E-04,-4.119892E-04,-6.66667E-04
3.637819,1.525888E-04,-1.602182E-04,6.66667E-04
3.638819,1.678476E-04,-4.27248E-04,.002
3.63982,2.746601E-04,6.103562E-05,-.002
3.640821,3.12807E-04,3.051781E-05,-.002
3.641821,3.12807E-04,1.678476E-04,6.66667E-04
3.642821,5.264319E-04,4.88285E-04,6.66667E-04
3.643822,5.264319E-04,1.220712E-04,-.001
3.644823,0,7.629453E-06,-6.66667E-04
3.645823,-8.392381E-05,-2.13624E-04,-.002
3.646823,2.517719E-04,-3.814721E-05,-.001
3.647824,1.449594E-04,1.144414E-04,-6.66667E-04
3.648824,3.662128E-04,1.983652E-04,-.002
3.649825,4.348774E-04,2.059946E-04,-.002
3.650826,4.119892E-04,4.196186E-04,-.001
3.651826,1.3733E-04,4.196186E-04,-6.66667E-04
3.652826,3.662128E-04,4.196186E-04,-.001
3.653827,5.416907E-04,1.06812E-04,.001
3.654828,4.577655E-04,-2.288828E-04,-3.66667E-03
3.655828,4.653949E-04,-1.144414E-04,-6.66667E-04
3.656828,-2.28883E-05,-1.75477E-04,-.001
3.657829,5.340599E-05,-2.28883E-05,-6.66667E-04
3.658829,3.662128E-04,-1.907358E-04,6.66667E-04
3.65983,2.059946E-04,-1.907358E-04,.001
3.66083,4.730243E-04,7.629441E-05,-.001
3.661831,2.441425E-04,1.983652E-04,-.002
3.662831,4.119892E-04,3.12807E-04,-6.66667E-04
3.663832,4.653949E-04,3.433246E-04,.001
3.664833,1.449594E-04,3.051776E-04,-.001
3.665833,2.441425E-04,7.629441E-05,-6.66667E-04
3.666833,-7.629441E-05,6.866502E-05,6.66667E-04
3.667834,-4.196186E-04,-1.602182E-04,-.001
3.668834,-7.40055E-04,2.899189E-04,-.001
3.669835,-7.01908E-04,1.525888E-04,-2.33333E-03
3.670835,-3.50954E-04,-2.13624E-04,-.001
3.671836,-1.06812E-04,-3.89101E-04,.001
3.672836,4.959144E-04,-2.975482E-04,.001
3.673837,6.027259E-04,9.918259E-05,-.002
3.674838,3.662128E-04,7.629453E-06,.001
3.675838,1.220712E-04,-2.13624E-04,-.001
3.676838,-1.220712E-04,-2.670307E-04,-.002
3.677839,-3.356952E-04,-1.220712E-04,-.001
3.678839,1.297006E-04,-2.059946E-04,-6.66667E-04
3.67984,4.043598E-04,1.525888E-04,6.66667E-04
3.68084,-1.06812E-04,1.297006E-04,-.001
3.681841,-3.814721E-05,1.831064E-04,-.001
3.682841,-2.594013E-04,1.983652E-04,-6.66667E-04
3.683842,-5.340599E-05,5.798377E-04,-6.66667E-04
3.684843,2.365122E-04,3.12807E-04,.001
3.685843,4.577655E-04,3.814721E-05,.002
3.686843,1.907358E-04,-1.06812E-04,-.002
3.687844,1.525888E-04,-1.06812E-04,6.66667E-04
3.688844,3.814716E-04,-5.340599E-05,-6.66667E-04
3.689845,1.907358E-04,-1.525891E-05,-.001
3.690845,-2.441425E-04,5.340599E-05,.001
3.691846,-2.899189E-04,-5.340599E-05,-.002
3.692847,-3.280658E-04,-1.831064E-04,-.001
3.693847,-7.629441E-05,-3.280658E-04,2.33333E-03
3.694848,6.866502E-05,-1.602182E-04,.001
3.695848,-1.06812E-04,-7.629441E-05,2.33333E-03
3.696848,-2.822895E-04,-2.13624E-04,.001
3.697849,-3.433246E-04,-2.441425E-04,6.66667E-04
3.698849,-1.3733E-04,9.918259E-05,-.002
3.69985,-9.918259E-05,-3.356952E-04,.002
3.70085,-1.297006E-04,-2.975482E-04,-6.66667E-04
3.701851,-1.602182E-04,-1.06812E-04,-6.66667E-04
3.702852,-1.602182E-04,0,-.001
3.703852,1.75477E-04,2.212534E-04,6.66667E-04
3.704853,5.340599E-05,3.051781E-05,-.001
3.705853,1.983652E-04,-5.340599E-05,.001
3.706853,5.493201E-04,-3.204364E-04,-.002
3.707854,3.433246E-04,1.525891E-05,-.002
3.708854,3.967304E-04,-2.28883E-05,-6.66667E-04
3.709855,2.28883E-05,3.051781E-05,6.66667E-04
3.710855,-4.653949E-04,1.602182E-04,-.001
3.711856,-5.340613E-04,2.288828E-04,.001
3.712857,-5.569495E-04,3.433246E-04,-6.66667E-04
3.713857,-2.365122E-04,3.204364E-04,-.001
3.714858,-7.629441E-05,4.57766E-05,6.66667E-04
3.715858,4.730243E-04,2.899189E-04,-.002
3.716858,3.50954E-04,0,.001
3.717859,1.3733E-04,-2.822895E-04,6.66667E-04
3.718859,-7.629453E-06,-5.264319E-04,-6.66667E-04
3.71986,-9.918259E-05,1.525891E-05,.002
3.72086,-6.103562E-05,1.525888E-04,-.001
3.721861,1.907358E-04,-2.28883E-05,.001
3.722862,2.746601E-04,-2.365122E-04,-2.33333E-03
3.723862,2.059946E-04,-4.348774E-04,-6.66667E-04
3.724863,1.297006E-04,-2.28883E-05,2.33333E-03
3.725863,3.051781E-05,2.594013E-04,2.33333E-03
3.726863,2.13624E-04,3.89101E-04,-.002
3.727864,2.899189E-04,3.50954E-04,6.66667E-04
3.728864,1.3733E-04,2.059946E-04,-.002
3.729865,3.50954E-04,7.629453E-06,-6.66667E-04
3.730865,2.517719E-04,-3.12807E-04,-.002
3.731866,2.441425E-04,-3.585834E-04,-6.66667E-04
3.732867,8.697547E-04,-2.441425E-04,.001
3.733867,8.010902E-04,-3.738422E-04,-.002
3.734868,5.416907E-04,-3.662128E-04,-6.66667E-04
3.735868,2.594013E-04,7.629453E-06,-.001
3.736868,4.119892E-04,4.57766E-05,-.002
3.737869,2.059946E-04,-7.629453E-06,-.002
3.73887,-6.866502E-05,-1.06812E-04,-6.66667E-04
3.73987,1.831064E-04,-5.264319E-04,-.001
3.74087,4.730243E-04,-4.577655E-04,-.001
3.741871,4.653949E-04,-1.602182E-04,-.001
3.742872,4.653949E-04,-4.959144E-04,-2.33333E-03
3.743872,3.12807E-04,-3.814716E-04,-.002
3.744873,2.822895E-04,1.525888E-04,-6.66667E-04
3.745873,4.119892E-04,3.051781E-05,6.66667E-04
3.746873,5.111732E-04,9.15532E-05,-2.33333E-03
3.747874,2.899189E-04,4.577655E-04,.001
3.748875,3.356952E-04,5.722083E-04,-.001
3.749875,-2.899189E-04,2.517719E-04,.001
3.750875,-5.340599E-05,-7.629441E-05,6.66667E-04
3.751876,7.629453E-06,-3.585834E-04,-6.66667E-04
3.752877,2.212534E-04,-1.3733E-04,-.001
3.753877,-7.629453E-06,3.814721E-05,-6.66667E-04
3.754878,-9.15532E-05,1.06812E-04,.001
3.755878,-1.06812E-04,3.051776E-04,.001
3.756878,-1.678476E-04,1.525888E-04,6.66667E-04
3.757879,-2.975482E-04,2.13624E-04,6.66667E-04
3.75888,-3.204364E-04,2.746601E-04,6.66667E-04
3.75988,-5.340613E-04,2.441425E-04,6.66667E-04
3.76088,-4.425067E-04,1.907358E-04,.001
3.761881,-4.501361E-04,1.297006E-04,.001
3.762882,-1.602182E-04,-1.06812E-04,-6.66667E-04
3.763882,-1.449594E-04,-1.525891E-05,.001
3.764883,2.059946E-04,1.449594E-04,-.002
3.765883,1.983652E-04,-1.297006E-04,6.66667E-04
3.766883,1.297006E-04,-2.365122E-04,6.66667E-04
3.767884,-1.449594E-04,-5.340613E-04,-.002
3.768885,-4.653949E-04,-7.247962E-04,-.001
3.769885,-3.433246E-04,-4.653949E-04,-6.66667E-04
3.770885,4.57766E-05,-4.730243E-04,6.66667E-04
3.771886,2.746601E-04,-2.059946E-04,-6.66667E-04
3.772887,4.425067E-04,4.27248E-04,-6.66667E-04
3.773887,7.324256E-04,4.577655E-04,-6.66667E-04
3.774888,4.806537E-04,-1.525891E-05,-3.66667E-03
3.775888,6.942786E-04,-2.517719E-04,-.001
3.776888,5.188026E-04,-1.144414E-04,-.002
3.777889,2.822895E-04,3.12807E-04,-.001
3.77889,2.059946E-04,3.356952E-04,.001
3.77989,-1.06812E-04,-1.983652E-04,-6.66667E-04
3.78089,-2.441425E-04,-4.959144E-04,.002
3.781891,-6.866502E-05,-5.798377E-04,.001
3.782892,-3.051776E-04,-4.119892E-04,6.66667E-04
3.783892,-4.577655E-04,3.051781E-05,-6.66667E-04
3.784893,-3.585834E-04,2.365122E-04,.001
3.785893,-1.907358E-04,2.899189E-04,-.001
3.786893,2.670307E-04,4.57766E-05,-.001
3.787894,4.196186E-04,-3.051781E-05,2.33333E-03
3.788895,5.722083E-04,-2.28883E-05,.001
3.789895,2.13624E-04,2.441425E-04,6.66667E-04
3.790895,2.365122E-04,2.594013E-04,.001
3.791896,1.3733E-04,-3.814721E-05,6.66667E-04
3.792897,-1.525891E-05,-3.051776E-04,-6.66667E-04
3.793897,-1.220712E-04,-2.365122E-04,6.66667E-04
3.794898,-1.449594E-04,-2.13624E-04,-6.66667E-04
3.795898,-3.50954E-04,-1.602182E-04,2.33333E-03
3.796898,-2.517719E-04,-6.866502E-05,-.001
3.797899,-3.433246E-04,3.738422E-04,-.001
3.7989,-2.517719E-04,2.059946E-04,2.33333E-03
3.7999,2.899189E-04,-7.629441E-05,-6.66667E-04
3.8009,3.967304E-04,-1.75477E-04,-6.66667E-04
3.801901,0,-9.918259E-05,6.66667E-04
3.802902,1.297006E-04,7.629453E-06,-2.33333E-03
3.803902,1.831064E-04,-1.297006E-04,6.66667E-04
3.804903,5.493201E-04,-3.50954E-04,-6.66667E-04
3.805903,5.493201E-04,-6.103562E-05,-6.66667E-04
3.806903,1.06812E-04,4.27248E-04,6.66667E-04
3.807904,-1.144414E-04,6.103562E-05,-.001
3.808905,6.103562E-05,-3.051776E-04,2.33333E-03
3.809905,4.501361E-04,-2.517719E-04,.001
3.810905,2.059946E-04,2.28883E-05,.001
3.811906,-1.75477E-04,-9.15532E-05,-.001
3.812907,-2.28883E-05,2.594013E-04,6.66667E-04
3.813907,5.340599E-05,1.220712E-04,-.002
3.814908,1.525888E-04,2.365122E-04,-.001
3.815908,9.918259E-05,2.13624E-04,-2.33333E-03
3.816908,-1.75477E-04,2.28883E-05,.001
3.817909,-3.051781E-05,-3.585834E-04,-6.66667E-04
3.81891,-2.059946E-04,-6.027259E-04,6.66667E-04
3.81991,-1.220712E-04,-2.517719E-04,-.001
3.82091,-2.212534E-04,2.212534E-04,-.001
3.821911,-1.06812E-04,2.059946E-04,6.66667E-04
3.822912,1.3733E-04,3.12807E-04,.001
3.823912,2.670307E-04,1.220712E-04,-6.66667E-04
3.824913,2.975482E-04,-1.144414E-04,.001
3.825913,2.822895E-04,-3.051776E-04,6.66667E-04
3.826913,4.043598E-04,-4.806537E-04,.001
3.827914,5.569495E-04,-1.297006E-04,.001
3.828915,4.196186E-04,2.059946E-04,-6.66667E-04
3.829915,1.525888E-04,-1.525888E-04,-.001
3.830915,2.899189E-04,-9.15532E-05,.001
3.831916,1.525888E-04,2.365122E-04,6.66667E-04
3.832916,-1.06812E-04,3.12807E-04,-.001
3.833917,-3.662128E-04,4.730243E-04,-6.66667E-04
3.834918,-3.051776E-04,1.678476E-04,-.001
3.835918,-1.525891E-05,1.06812E-04,-6.66667E-04
3.836918,2.822895E-04,3.280658E-04,-.001
3.837919,2.594013E-04,2.670307E-04,-6.66667E-04
3.83892,1.983652E-04,4.653949E-04,-.002
3.83992,4.577655E-04,5.264319E-04,.002
3.84092,3.814716E-04,2.288828E-04,-6.66667E-04
3.841921,9.918259E-05,2.975482E-04,.001
3.842921,2.441425E-04,1.144414E-04,-6.66667E-04
3.843922,3.433246E-04,-6.103562E-05,-.002
3.844923,2.212534E-04,-2.594013E-04,6.66667E-04
3.845923,-5.340599E-05,-4.653949E-04,6.66667E-04
3.846923,-4.57766E-05,-5.188026E-04,-.002
3.847924,-7.629441E-05,-3.738422E-04,-.002
3.848925,8.392381E-05,-2.899189E-04,-3.66667E-03
3.849925,4.57766E-05,-1.678476E-04,-.001
3.850925,1.602182E-04,-4.806537E-04,-.001
3.851926,-7.629453E-06,-4.806537E-04,-6.66667E-04
3.852926,7.629441E-05,-6.179847E-04,-.001
3.853927,3.12807E-04,-5.340613E-04,.001
3.854928,1.678476E-04,-1.602182E-04,-.001
3.855928,6.103562E-05,-5.340599E-05,6.66667E-04
3.856929,5.340599E-05,-7.629453E-06,-6.66667E-04
3.857929,1.449594E-04,2.594013E-04,-6.66667E-04
3.85893,2.288828E-04,4.88285E-04,-6.66667E-04
3.85993,2.28883E-05,2.059946E-04,-.001
3.86093,-2.670307E-04,9.918259E-05,-.001
3.861931,4.57766E-05,3.433246E-04,-3.66667E-03
3.862931,2.059946E-04,3.814716E-04,6.66667E-04
3.863932,2.975482E-04,-7.629441E-05,6.66667E-04
3.864933,-1.144414E-04,-3.585834E-04,-.002
3.865933,-1.678476E-04,-3.585834E-04,.002
3.866934,-6.866502E-05,-1.06812E-04,-.002
3.867934,-1.907358E-04,9.918259E-05,6.66667E-04
3.868935,2.28883E-05,-1.06812E-04,-6.66667E-04
3.869935,1.831064E-04,3.814721E-05,-6.66667E-04
3.870935,1.06812E-04,2.899189E-04,2.33333E-03
3.871936,8.392381E-05,2.899189E-04,-6.66667E-04
3.872936,3.051776E-04,1.678476E-04,-6.66667E-04
3.873937,5.340599E-05,2.059946E-04,-6.66667E-04
3.874938,-2.059946E-04,6.866502E-05,-.002
3.875938,-1.220712E-04,1.220712E-04,.001
3.876939,-3.738422E-04,-1.602182E-04,-6.66667E-04
3.877939,-5.188026E-04,-1.907358E-04,-6.66667E-04
3.87894,-2.288828E-04,-2.899189E-04,-.001
3.87994,1.602182E-04,-1.602182E-04,6.66667E-04
3.88094,3.12807E-04,-1.220712E-04,-6.66667E-04
3.881941,7.629441E-05,-3.50954E-04,-.002
3.882941,-1.602182E-04,-1.602182E-04,-.001
3.883942,-3.662128E-04,1.220712E-04,-6.66667E-04
3.884943,-4.27248E-04,8.392381E-05,-6.66667E-04
3.885943,-1.983652E-04,7.629453E-06,-6.66667E-04
3.886944,9.15532E-05,-2.746601E-04,-.001
3.887944,6.866502E-05,-2.670307E-04,6.66667E-04
3.888945,-1.831064E-04,1.144414E-04,-6.66667E-04
3.889945,-4.501361E-04,-4.348774E-04,-6.66667E-04
3.890945,-5.264319E-04,-4.27248E-04,-.001
3.891946,-6.866492E-04,-5.874671E-04,-6.66667E-04
3.892946,-1.602182E-04,-4.806537E-04,2.33333E-03
3.893947,9.15532E-05,-3.204364E-04,.001
3.894948,-1.144414E-04,-6.942786E-04,6.66667E-04
3.895948,2.288828E-04,-5.340613E-04,-6.66667E-04
3.896949,1.525888E-04,-2.594013E-04,6.66667E-04
3.897949,-6.103562E-05,3.662128E-04,.001
3.89895,-2.746601E-04,2.822895E-04,-6.66667E-04
3.89995,-2.13624E-04,0,-6.66667E-04
3.90095,-2.212534E-04,-4.501361E-04,-6.66667E-04
3.901951,-1.75477E-04,-4.959144E-04,6.66667E-04
3.902952,-3.433246E-04,-5.264319E-04,-.001
3.903952,-2.975482E-04,-1.602182E-04,-.002
3.904953,-3.280658E-04,-3.051781E-05,-.002
3.905953,-4.501361E-04,2.365122E-04,-6.66667E-04
3.906954,-3.051776E-04,5.645789E-04,6.66667E-04
3.907954,-2.594013E-04,3.814716E-04,.001
3.908955,2.365122E-04,4.119892E-04,.001
3.909955,4.043598E-04,2.13624E-04,6.66667E-04
3.910955,4.730243E-04,2.517719E-04,6.66667E-04
3.911956,1.220712E-04,1.297006E-04,-6.66667E-04
3.912957,2.594013E-04,1.06812E-04,-.001
3.913957,1.602182E-04,2.212534E-04,.001
3.914958,-4.806537E-04,3.662128E-04,-2.33333E-03
3.915958,-3.738422E-04,3.433246E-04,.001
3.916959,7.629441E-05,2.975482E-04,2.33333E-03
3.917959,1.3733E-04,-7.629453E-06,-.002
3.91896,-2.288828E-04,3.433246E-04,.001
3.91996,4.57766E-05,2.059946E-04,.001
3.92096,-1.144414E-04,2.365122E-04,-.002
3.921961,0,0,.001
3.922962,1.678476E-04,1.220712E-04,-6.66667E-04
3.923962,3.814721E-05,-8.392381E-05,.002
3.924963,1.297006E-04,-5.340599E-05,6.66667E-04
3.925963,-1.602182E-04,-3.585834E-04,-6.66667E-04
3.926964,-2.13624E-04,-4.043598E-04,-.002
3.927964,-3.967304E-04,-1.220712E-04,-6.66667E-04
3.928965,-4.348774E-04,-2.13624E-04,-.001
3.929965,-3.12807E-04,-1.525891E-05,6.66667E-04
3.930965,-2.899189E-04,2.059946E-04,6.66667E-04
3.931966,-4.88285E-04,2.746601E-04,6.66667E-04
3.932967,-5.035438E-04,3.738422E-04,-6.66667E-04
3.933967,-5.645789E-04,3.814716E-04,-6.66667E-04
3.934968,-2.594013E-04,3.12807E-04,2.33333E-03
3.935968,-3.280658E-04,5.035438E-04,-6.66667E-04
3.936969,-5.188026E-04,4.196186E-04,6.66667E-04
3.937969,-4.348774E-04,3.50954E-04,6.66667E-04
3.93897,-1.297006E-04,6.103562E-05,-.002
3.93997,-3.051776E-04,2.594013E-04,-.001
3.94097,-4.043598E-04,4.27248E-04,-.002
3.941971,-5.340613E-04,3.204364E-04,6.66667E-04
3.942972,-8.697547E-04,-4.57766E-05,6.66667E-04
3.943972,-6.485023E-04,-4.425067E-04,.001
3.944973,-3.967304E-04,-3.204364E-04,-6.66667E-04
3.945973,-3.585834E-04,-3.89101E-04,6.66667E-04
3.946974,-3.585834E-04,-2.899189E-04,-.002
3.947974,6.103562E-05,-1.983652E-04,-6.66667E-04
3.948975,3.204364E-04,-8.392381E-05,-6.66667E-04
3.949975,8.010902E-04,-1.525891E-05,.001
3.950975,5.264319E-04,7.629441E-05,-6.66667E-04
3.951976,4.425067E-04,-2.28883E-05,-6.66667E-04
3.952977,9.689368E-04,1.06812E-04,6.66667E-04
3.953977,6.942786E-04,3.814721E-05,6.66667E-04
3.954978,3.738422E-04,-1.678476E-04,.001
3.955978,0,-1.06812E-04,.001
3.956979,-2.288828E-04,-3.051781E-05,-6.66667E-04
3.957979,-1.983652E-04,-2.28883E-05,.001
3.95898,-7.629453E-06,-5.340599E-05,-2.33333E-03
3.95998,2.13624E-04,1.525888E-04,6.66667E-04
3.96098,3.12807E-04,1.144414E-04,-.002
3.961981,2.365122E-04,4.196186E-04,-6.66667E-04
3.962982,1.75477E-04,3.50954E-04,-3.66667E-03
3.963982,-6.866502E-05,-1.678476E-04,.001
3.964983,-3.738422E-04,-5.798377E-04,-6.66667E-04
3.965983,-3.280658E-04,-5.035438E-04,-6.66667E-04
3.966984,-4.806537E-04,-4.501361E-04,-.001
3.967984,-1.75477E-04,-1.06812E-04,6.66667E-04
3.968985,-2.28883E-05,3.051781E-05,6.66667E-04
3.969985,-2.517719E-04,2.13624E-04,.001
3.970985,-2.670307E-04,9.918259E-05,-.002
3.971986,-1.678476E-04,6.866502E-05,6.66667E-04
3.972987,6.103562E-05,3.051781E-05,-.002
3.973987,0,1.297006E-04,-.002
3.974988,-6.103562E-05,3.051781E-05,-.001
3.975988,8.392381E-05,-2.365122E-04,-.002
3.976989,2.059946E-04,-3.204364E-04,.001
3.977989,-1.602182E-04,-3.280658E-04,-.001
3.97899,-4.119892E-04,-2.441425E-04,-.001
3.97999,-1.06812E-04,1.525888E-04,6.66667E-04
3.98099,1.983652E-04,2.746601E-04,.001
3.981991,-1.678476E-04,-3.051781E-05,-6.66667E-04
3.982992,-2.899189E-04,1.678476E-04,6.66667E-04
3.983992,-6.103562E-05,2.288828E-04,-.002
3.984993,-2.670307E-04,1.449594E-04,-6.66667E-04
3.985993,-9.918259E-05,1.297006E-04,6.66667E-04
3.986994,-2.517719E-04,-1.449594E-04,-.001
3.987994,-2.670307E-04,-2.441425E-04,.001
3.988995,-1.06812E-04,-8.392381E-05,6.66667E-04
3.989995,-2.670307E-04,-1.3733E-04,.001
3.990995,-2.517719E-04,-6.179847E-04,-3.66667E-03
3.991996,6.103562E-05,-5.645789E-04,6.66667E-04
3.992997,6.866502E-05,-4.577655E-04,-3.66667E-03
3.993997,-1.75477E-04,-3.280658E-04,6.66667E-04
3.994998,-2.746601E-04,-3.967304E-04,.001
3.995998,-7.629453E-06,-3.738422E-04,-.001
3.996999,2.822895E-04,-7.095374E-04,-6.66667E-04
3.997999,1.907358E-04,-6.942786E-04,-6.66667E-04
3.999,1.525888E-04,-3.967304E-04,.001
4,1.983652E-04,-3.662128E-04,-.001
