"c:\users\esrlabn1\desktop\bence\ir_spectroscopy\532nm_odmr\magnet_map_2_680nm\285.dat  ---  04-28-2026 03:06:35"
""
"cavityli 20 2 4 2000 1 0 0"
"                             ;                             ;seth_xesr_precise 53.27 1 0 0.2886497064579254"
"setlockin 188.67 0.004 0 0.03 0.2"
4,2000
2,-1.3733E-04,-8.392381E-05,-.001
2.001,2.441425E-04,-1.525891E-05,-2.33333E-03
2.002001,3.50954E-04,-6.866502E-05,6.66667E-04
2.003001,3.662128E-04,-7.629441E-05,-6.66667E-04
2.004002,2.365122E-04,-5.340599E-05,-3.66667E-03
2.005002,2.517719E-04,3.051776E-04,6.66667E-04
2.006003,2.365122E-04,3.814716E-04,-2.33333E-03
2.007004,4.425067E-04,2.975482E-04,-.002
2.008004,8.697547E-04,6.103562E-05,.001
2.009005,6.179847E-04,-9.918259E-05,-.002
2.010005,2.670307E-04,-1.525888E-04,.002
2.011005,-1.06812E-04,-4.577655E-04,-.002
2.012006,3.051781E-05,-6.408729E-04,-6.66667E-04
2.013006,-2.517719E-04,-5.874671E-04,.001
2.014007,-9.15532E-05,-2.670307E-04,-.002
2.015007,0,2.365122E-04,6.66667E-04
2.016008,-1.297006E-04,1.525888E-04,6.66667E-04
2.017009,7.629453E-06,-2.975482E-04,6.66667E-04
2.018009,4.57766E-05,-3.585834E-04,-6.66667E-04
2.01901,1.144414E-04,-4.27248E-04,-.001
2.02001,3.051776E-04,6.103562E-05,6.66667E-04
2.02101,-1.06812E-04,3.204364E-04,-6.66667E-04
2.022011,-1.75477E-04,2.059946E-04,-6.66667E-04
2.023011,2.975482E-04,-3.051781E-05,.002
2.024012,1.449594E-04,-4.119892E-04,.001
2.025012,-1.3733E-04,-3.738422E-04,.001
2.026013,-3.814721E-05,-3.585834E-04,6.66667E-04
2.027014,8.392381E-05,-3.50954E-04,-.001
2.028014,6.103562E-05,-5.416907E-04,-6.66667E-04
2.029015,1.678476E-04,-5.493201E-04,-6.66667E-04
2.030015,-2.13624E-04,-3.204364E-04,-6.66667E-04
2.031015,-3.051776E-04,-3.738422E-04,-.001
2.032016,-3.204364E-04,0,-.002
2.033016,-4.88285E-04,9.15532E-05,-.002
2.034017,-3.12807E-04,3.814721E-05,6.66667E-04
2.035017,-2.822895E-04,-7.629441E-05,-6.66667E-04
2.036018,-2.13624E-04,-1.602182E-04,-6.66667E-04
2.037019,-2.13624E-04,-8.392381E-05,-6.66667E-04
2.038019,-1.678476E-04,6.103562E-05,-.001
2.03902,1.297006E-04,1.144414E-04,-6.66667E-04
2.04002,2.13624E-04,1.3733E-04,-6.66667E-04
2.04102,7.629453E-06,-2.288828E-04,-.002
2.042021,-1.220712E-04,-3.356952E-04,-.001
2.043021,-3.433246E-04,-2.288828E-04,-.001
2.044022,-3.50954E-04,1.297006E-04,-5.33333E-03
2.045022,-1.3733E-04,3.12807E-04,-.001
2.046023,5.340599E-05,2.746601E-04,-.002
2.047024,-1.220712E-04,1.602182E-04,-6.66667E-04
2.048024,-1.983652E-04,0,-.002
2.049025,-2.594013E-04,2.441425E-04,-6.66667E-04
2.050025,-4.119892E-04,1.449594E-04,-.001
2.051026,-2.822895E-04,-2.670307E-04,.001
2.052026,6.103562E-05,-2.975482E-04,-.001
2.053026,4.27248E-04,-1.602182E-04,-6.66667E-04
2.054027,7.705726E-04,3.814721E-05,-.002
2.055027,2.365122E-04,1.983652E-04,.001
2.056028,1.525891E-05,2.059946E-04,-6.66667E-04
2.057029,-2.594013E-04,2.822895E-04,2.33333E-03
2.058029,3.814721E-05,1.831064E-04,-.001
2.05903,4.57766E-05,3.738422E-04,-.002
2.06003,-9.918259E-05,2.594013E-04,-.002
2.061031,1.06812E-04,-5.340599E-05,-2.33333E-03
2.062031,1.602182E-04,-3.204364E-04,-6.66667E-04
2.063031,-5.340599E-05,-3.738422E-04,-.002
2.064032,-2.670307E-04,-4.27248E-04,6.66667E-04
2.065032,-6.103562E-05,-1.602182E-04,-6.66667E-04
2.066033,-6.103562E-05,7.629453E-06,6.66667E-04
2.067034,1.525891E-05,-1.3733E-04,-.002
2.068034,6.866502E-05,-2.212534E-04,-6.66667E-04
2.069035,-7.629441E-05,-4.043598E-04,.001
2.070035,1.525891E-05,-3.89101E-04,-.002
2.071036,1.75477E-04,-2.899189E-04,.001
2.072036,4.501361E-04,-1.525891E-05,-6.66667E-04
2.073036,2.441425E-04,-1.525891E-05,-6.66667E-04
2.074037,0,-6.103562E-05,-.002
2.075037,2.517719E-04,-1.831064E-04,-.001
2.076038,5.722083E-04,-3.814721E-05,-.001
2.077039,5.264319E-04,1.75477E-04,-6.66667E-04
2.078039,9.918259E-05,1.75477E-04,-.001
2.07904,8.392381E-05,-6.866502E-05,-6.66667E-04
2.08004,-1.907358E-04,-4.806537E-04,-.001
2.081041,-4.730243E-04,-8.544959E-04,-6.66667E-04
2.082041,-1.831064E-04,-6.408729E-04,-.001
2.083041,5.493201E-04,-1.678476E-04,6.66667E-04
2.084042,5.493201E-04,-1.06812E-04,-.001
2.085042,3.433246E-04,-1.831064E-04,-.004
2.086043,3.12807E-04,-2.517719E-04,6.66667E-04
2.087044,8.392381E-05,-5.111732E-04,.001
2.088044,1.144414E-04,-3.662128E-04,-6.66667E-04
2.089045,7.629453E-06,-2.365122E-04,-6.66667E-04
2.090045,-3.433246E-04,-2.899189E-04,-.001
2.091046,7.629453E-06,-3.356952E-04,.002
2.092046,-3.814721E-05,-1.602182E-04,-.001
2.093046,-1.220712E-04,4.806537E-04,-6.66667E-04
2.094047,1.983652E-04,3.662128E-04,6.66667E-04
2.095047,9.918259E-05,2.28883E-05,-.001
2.096048,-1.06812E-04,9.918259E-05,6.66667E-04
2.097049,-3.356952E-04,8.392381E-05,-.002
2.098049,-3.433246E-04,-1.525891E-05,-.001
2.09905,-1.144414E-04,-2.28883E-05,.002
2.10005,7.629441E-05,-5.340599E-05,.001
2.101051,3.585834E-04,-1.831064E-04,.002
2.102051,4.348774E-04,-6.866502E-05,-.001
2.103051,2.13624E-04,-1.3733E-04,6.66667E-04
2.104052,-2.670307E-04,-3.356952E-04,-.002
2.105052,-2.441425E-04,-1.297006E-04,.001
2.106053,2.28883E-05,2.746601E-04,-.001
2.107054,1.3733E-04,1.449594E-04,-6.66667E-04
2.108054,2.059946E-04,-2.059946E-04,.001
2.109055,0,-3.814721E-05,-.001
2.110055,2.288828E-04,9.15532E-05,.001
2.111056,5.493201E-04,-1.75477E-04,6.66667E-04
2.112056,6.561317E-04,-3.051776E-04,.002
2.113056,2.517719E-04,0,-.001
2.114057,1.75477E-04,-7.629441E-05,6.66667E-04
2.115057,-3.814721E-05,9.15532E-05,-.002
2.116058,-7.629453E-06,1.449594E-04,.001
2.117059,-1.06812E-04,2.13624E-04,-.002
2.118059,-8.392381E-05,2.517719E-04,-6.66667E-04
2.11906,1.144414E-04,2.059946E-04,-6.66667E-04
2.12006,2.059946E-04,4.653949E-04,.001
2.121061,-1.602182E-04,4.730243E-04,-.001
2.122061,1.144414E-04,2.594013E-04,6.66667E-04
2.123062,3.89101E-04,1.06812E-04,-.001
2.124062,3.585834E-04,9.15532E-05,-6.66667E-04
2.125062,1.297006E-04,-4.806537E-04,.001
2.126063,0,-5.798377E-04,-2.33333E-03
2.127064,8.392381E-05,-1.297006E-04,.002
2.128064,3.204364E-04,1.983652E-04,-.001
2.129065,7.01908E-04,7.629441E-05,-.002
2.130065,8.010902E-04,0,-.002
2.131066,2.517719E-04,-3.814721E-05,.001
2.132066,-5.340599E-05,-2.670307E-04,-.002
2.133067,-1.678476E-04,-7.629441E-05,-2.33333E-03
2.134067,-7.629441E-05,2.212534E-04,.001
2.135067,-1.678476E-04,2.517719E-04,.001
2.136068,-1.06812E-04,7.629453E-06,-.002
2.137069,-5.340599E-05,2.822895E-04,-6.66667E-04
2.138069,2.288828E-04,2.899189E-04,-.001
2.13907,1.3733E-04,1.907358E-04,-6.66667E-04
2.14007,6.103562E-05,2.746601E-04,.001
2.141071,0,8.392381E-05,.002
2.142071,-1.144414E-04,-4.57766E-05,.001
2.143072,-3.662128E-04,-5.340599E-05,-6.66667E-04
2.144072,1.525891E-05,-1.831064E-04,-.002
2.145072,1.144414E-04,1.525891E-05,6.66667E-04
2.146073,-3.814721E-05,4.57766E-05,-2.33333E-03
2.147074,-2.13624E-04,-6.103562E-05,-6.66667E-04
2.148074,-2.899189E-04,2.28883E-05,.001
2.149075,-2.365122E-04,-3.738422E-04,-.002
2.150075,-1.75477E-04,-3.280658E-04,-.001
2.151076,1.3733E-04,-2.899189E-04,6.66667E-04
2.152076,2.594013E-04,1.3733E-04,-6.66667E-04
2.153077,3.433246E-04,1.06812E-04,-.001
2.154077,-5.340599E-05,3.738422E-04,-6.66667E-04
2.155077,-7.629453E-06,5.416907E-04,.001
2.156078,-1.3733E-04,2.059946E-04,-2.33333E-03
2.157079,-1.3733E-04,-1.75477E-04,-6.66667E-04
2.158079,-9.15532E-05,-3.738422E-04,-.002
2.15908,1.831064E-04,-2.365122E-04,-6.66667E-04
2.16008,2.899189E-04,-1.831064E-04,6.66667E-04
2.161081,1.525888E-04,1.525891E-05,2.33333E-03
2.162081,6.866502E-05,-4.57766E-05,-.001
2.163082,-1.525888E-04,5.340599E-05,-.001
2.164082,-2.670307E-04,3.12807E-04,.001
2.165082,3.814721E-05,7.629441E-05,-.001
2.166083,-2.441425E-04,-1.525891E-05,-6.66667E-04
2.167084,-5.264319E-04,-8.392381E-05,-3.66667E-03
2.168084,-3.738422E-04,-7.629441E-05,-6.66667E-04
2.169085,-1.144414E-04,9.918259E-05,6.66667E-04
2.170085,-2.746601E-04,-6.103562E-05,-.002
2.171086,-3.204364E-04,-3.814716E-04,.001
2.172086,-3.433246E-04,-2.517719E-04,6.66667E-04
2.173087,-3.204364E-04,-1.06812E-04,.002
2.174087,2.822895E-04,-3.50954E-04,-6.66667E-04
2.175087,6.103562E-05,-7.934608E-04,-.001
2.176088,-1.525888E-04,-7.095374E-04,-6.66667E-04
2.177088,-6.103562E-05,-4.501361E-04,.001
2.178089,-5.340599E-05,-4.196186E-04,-.002
2.17909,-1.297006E-04,-3.12807E-04,-6.66667E-04
2.18009,-1.220712E-04,-1.3733E-04,6.66667E-04
2.181091,8.392381E-05,1.525891E-05,-6.66667E-04
2.182091,-5.340599E-05,-3.814716E-04,-6.66667E-04
2.183092,2.517719E-04,-9.613074E-04,-.001
2.184092,3.204364E-04,-7.40055E-04,-5.33333E-03
2.185092,4.88285E-04,-3.814716E-04,6.66667E-04
2.186093,6.179847E-04,-1.3733E-04,.004
2.187093,5.722083E-04,2.899189E-04,.001
2.188094,1.06812E-04,4.730243E-04,-.002
2.189095,1.75477E-04,2.670307E-04,-.001
2.190095,3.814721E-05,4.730243E-04,.002
2.191096,1.907358E-04,3.051781E-05,-6.66667E-04
2.192096,4.348774E-04,-2.059946E-04,-2.33333E-03
2.193097,2.288828E-04,-1.297006E-04,-6.66667E-04
2.194097,4.577655E-04,3.204364E-04,-.001
2.195097,-2.28883E-05,5.722083E-04,6.66667E-04
2.196098,9.918259E-05,2.212534E-04,-6.66667E-04
2.197098,3.356952E-04,0,6.66667E-04
2.198099,4.653949E-04,-1.3733E-04,-.001
2.1991,3.89101E-04,2.059946E-04,-6.66667E-04
2.2001,5.645789E-04,4.425067E-04,6.66667E-04
2.201101,6.942786E-04,2.288828E-04,6.66667E-04
2.202101,4.348774E-04,4.119892E-04,-6.66667E-04
2.203102,1.678476E-04,8.392381E-05,-.002
2.204102,-2.746601E-04,-1.297006E-04,-6.66667E-04
2.205102,-5.035438E-04,5.340599E-05,-.002
2.206103,-2.288828E-04,2.28883E-05,-6.66667E-04
2.207103,4.501361E-04,-2.28883E-05,-.001
2.208104,3.12807E-04,-3.814721E-05,6.66667E-04
2.209105,2.212534E-04,-9.15532E-05,-.001
2.210105,1.525888E-04,7.629441E-05,-6.66667E-04
2.211106,2.212534E-04,-7.629453E-06,6.66667E-04
2.212106,-3.051781E-05,-2.28883E-05,-.001
2.213107,1.525888E-04,-3.814721E-05,-.001
2.214107,2.059946E-04,-1.06812E-04,-.001
2.215107,8.392381E-05,-9.918259E-05,6.66667E-04
2.216108,2.365122E-04,1.06812E-04,6.66667E-04
2.217108,1.602182E-04,2.212534E-04,-6.66667E-04
2.218109,3.662128E-04,2.13624E-04,.001
2.21911,3.814716E-04,2.365122E-04,6.66667E-04
2.22011,1.907358E-04,1.144414E-04,2.33333E-03
2.221111,-1.220712E-04,-4.57766E-05,6.66667E-04
2.222111,-1.144414E-04,3.814721E-05,-.002
2.223112,1.525891E-05,2.059946E-04,-.001
2.224112,2.365122E-04,0,-6.66667E-04
2.225112,-1.144414E-04,-2.746601E-04,-6.66667E-04
2.226113,-3.967304E-04,-3.051776E-04,-6.66667E-04
2.227113,-8.163489E-04,-7.629453E-06,-.001
2.228114,-4.043598E-04,-7.629453E-06,.001
2.229115,-3.051781E-05,1.3733E-04,-6.66667E-04
2.230115,1.144414E-04,1.220712E-04,-.002
2.231116,4.043598E-04,-3.662128E-04,-.002
2.232116,6.942786E-04,-4.119892E-04,6.66667E-04
2.233117,-5.340599E-05,4.57766E-05,-.001
2.234117,-3.051776E-04,2.13624E-04,6.66667E-04
2.235118,-2.975482E-04,5.264319E-04,6.66667E-04
2.236118,1.297006E-04,5.874671E-04,-.001
2.237118,-1.525891E-05,5.264319E-04,.001
2.238119,0,3.356952E-04,-.002
2.23912,2.059946E-04,3.051776E-04,6.66667E-04
2.24012,1.525891E-05,9.918259E-05,-3.66667E-03
2.241121,-6.103562E-05,-3.051781E-05,-2.33333E-03
2.242121,1.525891E-05,-1.144414E-04,-6.66667E-04
2.243122,9.918259E-05,-2.746601E-04,-.001
2.244122,3.89101E-04,-4.57766E-05,-.002
2.245123,8.392381E-05,1.525891E-05,-6.66667E-04
2.246123,7.629453E-06,-1.602182E-04,-.002
2.247123,1.525888E-04,-1.907358E-04,-6.66667E-04
2.248124,9.15532E-05,-3.356952E-04,-6.66667E-04
2.249125,-1.983652E-04,-3.738422E-04,-.002
2.250125,1.06812E-04,-3.967304E-04,.001
2.251126,2.365122E-04,-2.13624E-04,.001
2.252126,-3.967304E-04,-7.78202E-04,-6.66667E-04
2.253127,-7.01908E-04,-8.239783E-04,.001
2.254127,-4.806537E-04,-5.340613E-04,-3.66667E-03
2.255128,-7.629441E-05,-5.569495E-04,-.001
2.256128,1.06812E-04,-5.188026E-04,6.66667E-04
2.257128,-1.144414E-04,-3.12807E-04,-.001
2.258129,-2.059946E-04,-7.629453E-06,-.001
2.25913,-1.220712E-04,-3.89101E-04,-.001
2.26013,2.517719E-04,-2.822895E-04,-6.66667E-04
2.261131,3.662128E-04,-2.365122E-04,-6.66667E-04
2.262131,4.57766E-05,-1.602182E-04,-.002
2.263132,-2.059946E-04,-5.340599E-05,-6.66667E-04
2.264132,-3.051781E-05,9.918259E-05,-.001
2.265133,1.75477E-04,1.525891E-05,-.002
2.266133,8.392381E-05,-2.13624E-04,-6.66667E-04
2.267133,-8.392381E-05,-5.264319E-04,-6.66667E-04
2.268134,3.051781E-05,-6.713904E-04,-6.66667E-04
2.269135,2.288828E-04,-3.967304E-04,6.66667E-04
2.270135,3.204364E-04,-3.738422E-04,-.001
2.271136,9.918259E-05,-6.103562E-05,.001
2.272136,-1.525891E-05,-2.28883E-05,-.001
2.273137,-1.75477E-04,-9.15532E-05,-.001
2.274137,4.57766E-05,-2.28883E-05,.001
2.275138,5.340613E-04,-6.103562E-05,-3.66667E-03
2.276138,3.662128E-04,-4.57766E-05,.001
2.277139,8.392381E-05,-4.196186E-04,.001
2.278139,-1.144414E-04,-1.3733E-04,.001
2.27914,-3.433246E-04,-2.288828E-04,.002
2.28014,-2.670307E-04,-5.340613E-04,-3.66667E-03
2.281141,-2.13624E-04,-8.316077E-04,.001
2.282141,0,-7.40055E-04,-.002
2.283142,-4.119892E-04,-6.179847E-04,-.001
2.284142,-3.662128E-04,-4.88285E-04,6.66667E-04
2.285143,-3.585834E-04,-5.111732E-04,.001
2.286143,-5.416907E-04,-7.629453E-06,-6.66667E-04
2.287144,-2.059946E-04,-5.340599E-05,-6.66667E-04
2.288144,1.525891E-05,-4.119892E-04,-.002
2.289145,-4.57766E-05,-6.485023E-04,-.001
2.290145,2.746601E-04,-3.204364E-04,-6.66667E-04
2.291146,4.119892E-04,-1.449594E-04,-.002
2.292146,3.662128E-04,-1.449594E-04,6.66667E-04
2.293147,6.790198E-04,3.356952E-04,.001
2.294147,6.332435E-04,4.577655E-04,-6.66667E-04
2.295148,3.50954E-04,-2.28883E-05,.001
2.296148,-1.602182E-04,-1.75477E-04,-.001
2.297149,-1.907358E-04,3.051781E-05,-6.66667E-04
2.298149,-1.983652E-04,-7.629453E-06,-.002
2.29915,-2.288828E-04,1.525891E-05,-.001
2.30015,-2.517719E-04,5.798377E-04,.001
2.301151,-2.594013E-04,5.569495E-04,.001
2.302151,-3.585834E-04,4.27248E-04,-.001
2.303152,2.441425E-04,4.119892E-04,-.002
2.304152,2.594013E-04,3.280658E-04,-6.66667E-04
2.305153,3.356952E-04,-7.629441E-05,-.002
2.306153,-1.144414E-04,-4.348774E-04,-.001
2.307154,-1.525891E-05,-6.63761E-04,-6.66667E-04
2.308154,2.517719E-04,-6.790198E-04,-6.66667E-04
2.309155,-1.06812E-04,-5.493201E-04,.002
2.310155,-2.670307E-04,-6.561317E-04,6.66667E-04
2.311156,-3.585834E-04,-3.204364E-04,-6.66667E-04
2.312156,-1.144414E-04,-2.441425E-04,-6.66667E-04
2.313157,-3.051781E-05,7.629441E-05,-.001
2.314157,9.15532E-05,2.975482E-04,6.66667E-04
2.315158,7.629441E-05,3.89101E-04,-6.66667E-04
2.316158,-4.88285E-04,3.50954E-04,-.002
2.317159,-5.722083E-04,1.678476E-04,6.66667E-04
2.318159,-3.051776E-04,7.629441E-05,-.002
2.31916,1.75477E-04,1.297006E-04,-6.66667E-04
2.32016,-5.340599E-05,3.433246E-04,6.66667E-04
2.321161,2.28883E-05,-5.340599E-05,-6.66667E-04
2.322161,-1.06812E-04,-4.57766E-05,.002
2.323162,-1.602182E-04,1.525888E-04,-6.66667E-04
2.324162,-3.814721E-05,2.059946E-04,-6.66667E-04
2.325163,-6.866502E-05,-2.13624E-04,.001
2.326163,-1.602182E-04,-1.907358E-04,-.001
2.327164,-2.28883E-05,1.449594E-04,-.002
2.328164,-2.670307E-04,2.899189E-04,-.002
2.329165,-1.678476E-04,1.525888E-04,6.66667E-04
2.330165,-2.28883E-05,1.525888E-04,-6.66667E-04
2.331166,3.662128E-04,5.340599E-05,6.66667E-04
2.332166,3.967304E-04,4.57766E-05,.001
2.333167,3.50954E-04,1.06812E-04,.001
2.334167,3.433246E-04,-2.28883E-05,-6.66667E-04
2.335168,-5.340599E-05,-7.629453E-06,.001
2.336168,-2.594013E-04,-1.602182E-04,-.002
2.337169,1.907358E-04,-4.501361E-04,-.001
2.338169,2.365122E-04,-2.594013E-04,-.002
2.33917,2.28883E-05,3.738422E-04,6.66667E-04
2.34017,-7.629441E-05,3.662128E-04,-2.33333E-03
2.341171,3.662128E-04,-9.918259E-05,-6.66667E-04
2.342171,8.239783E-04,-1.06812E-04,-6.66667E-04
2.343172,5.569495E-04,9.918259E-05,-6.66667E-04
2.344172,3.738422E-04,6.103562E-05,-6.66667E-04
2.345173,2.594013E-04,-5.340599E-05,6.66667E-04
2.346173,3.280658E-04,-2.975482E-04,6.66667E-04
2.347174,2.441425E-04,-6.256141E-04,-.001
2.348174,3.89101E-04,-3.50954E-04,.002
2.349174,2.059946E-04,7.629453E-06,-.002
2.350175,1.06812E-04,8.392381E-05,-.001
2.351176,-2.594013E-04,-1.983652E-04,-3.66667E-03
2.352176,-4.730243E-04,-2.365122E-04,-.002
2.353177,-2.517719E-04,-6.103562E-05,-2.33333E-03
2.354177,2.13624E-04,7.629441E-05,6.66667E-04
2.355178,3.967304E-04,-3.814721E-05,2.33333E-03
2.356178,3.89101E-04,-3.204364E-04,-.002
2.357179,2.975482E-04,-1.907358E-04,-2.33333E-03
2.358179,3.585834E-04,-1.144414E-04,6.66667E-04
2.359179,1.449594E-04,1.297006E-04,-6.66667E-04
2.36018,3.280658E-04,2.594013E-04,-6.66667E-04
2.361181,5.340613E-04,9.918259E-05,6.66667E-04
2.362181,6.790198E-04,1.831064E-04,-6.66667E-04
2.363182,3.738422E-04,5.950965E-04,6.66667E-04
2.364182,6.866502E-05,7.324256E-04,-6.66667E-04
2.365183,2.059946E-04,7.324256E-04,6.66667E-04
2.366183,1.983652E-04,6.866492E-04,6.66667E-04
2.367184,3.356952E-04,5.416907E-04,.001
2.368184,3.433246E-04,4.348774E-04,-.001
2.369184,6.866502E-05,4.119892E-04,-.002
2.370185,1.297006E-04,4.730243E-04,-6.66667E-04
2.371186,-1.06812E-04,1.449594E-04,-6.66667E-04
2.372186,-1.678476E-04,0,-6.66667E-04
2.373187,-6.408729E-04,-2.517719E-04,.001
2.374187,-7.476844E-04,-2.670307E-04,-.001
2.375188,-4.653949E-04,-7.629441E-05,.002
2.376188,-6.103562E-05,3.051781E-05,-.002
2.377189,-1.602182E-04,3.204364E-04,-.001
2.378189,-1.525891E-05,2.822895E-04,.001
2.379189,1.983652E-04,2.670307E-04,-.001
2.38019,-7.629441E-05,2.594013E-04,-6.66667E-04
2.381191,-3.280658E-04,-1.602182E-04,-.001
2.382191,-2.822895E-04,-2.13624E-04,-6.66667E-04
2.383192,-1.525888E-04,-1.220712E-04,.001
2.384192,-1.525891E-05,-6.103562E-05,-6.66667E-04
2.385193,-1.75477E-04,2.13624E-04,6.66667E-04
2.386193,-2.28883E-05,1.75477E-04,-6.66667E-04
2.387194,2.822895E-04,4.425067E-04,6.66667E-04
2.388194,1.525888E-04,8.010902E-04,-6.66667E-04
2.389194,1.678476E-04,7.324256E-04,-.001
2.390195,3.12807E-04,5.264319E-04,6.66667E-04
2.391196,6.027259E-04,3.204364E-04,-.001
2.392196,5.340613E-04,-1.525891E-05,-6.66667E-04
2.393197,1.983652E-04,8.392381E-05,-6.66667E-04
2.394197,3.967304E-04,0,6.66667E-04
2.395198,3.204364E-04,8.392381E-05,-.001
2.396198,2.28883E-05,1.3733E-04,-.002
2.397199,-7.629453E-06,3.662128E-04,.001
2.398199,-6.866502E-05,1.678476E-04,6.66667E-04
2.399199,-1.831064E-04,1.602182E-04,-.001
2.4002,4.57766E-05,6.866502E-05,-6.66667E-04
2.401201,4.730243E-04,2.594013E-04,-6.66667E-04
2.402201,4.806537E-04,4.959144E-04,-6.66667E-04
2.403202,1.983652E-04,1.144414E-04,-6.66667E-04
2.404202,3.12807E-04,-3.738422E-04,-6.66667E-04
2.405203,-1.220712E-04,-3.356952E-04,-.002
2.406203,-1.525888E-04,-2.670307E-04,-.001
2.407204,2.059946E-04,-5.569495E-04,-.002
2.408204,3.814721E-05,-6.408729E-04,-6.66667E-04
2.409204,2.594013E-04,-2.670307E-04,-.001
2.410205,1.831064E-04,-2.288828E-04,-.001
2.411206,2.594013E-04,-1.602182E-04,6.66667E-04
2.412206,1.678476E-04,3.204364E-04,-6.66667E-04
2.413207,2.670307E-04,1.144414E-04,-6.66667E-04
2.414207,3.662128E-04,-2.441425E-04,-2.33333E-03
2.415208,1.144414E-04,-4.577655E-04,-.001
2.416208,-1.220712E-04,-3.50954E-04,-.002
2.417209,4.57766E-05,-2.670307E-04,.002
2.418209,3.814721E-05,-2.517719E-04,.002
2.41921,-4.27248E-04,-2.212534E-04,-.001
2.42021,-5.340613E-04,1.449594E-04,-.002
2.421211,7.629441E-05,3.89101E-04,.001
2.422211,2.059946E-04,3.967304E-04,6.66667E-04
2.423212,-1.525891E-05,-4.57766E-05,-.002
2.424212,-1.06812E-04,-6.103562E-05,6.66667E-04
2.425213,1.75477E-04,-2.212534E-04,-2.33333E-03
2.426213,2.517719E-04,-2.822895E-04,6.66667E-04
2.427214,1.525888E-04,-1.602182E-04,-.001
2.428214,-3.051781E-05,9.15532E-05,-6.66667E-04
2.429215,2.28883E-05,1.525891E-05,-6.66667E-04
2.430215,3.50954E-04,-1.297006E-04,-.002
2.431216,1.3733E-04,-2.670307E-04,6.66667E-04
2.432216,8.392381E-05,1.449594E-04,6.66667E-04
2.433217,2.13624E-04,3.50954E-04,-6.66667E-04
2.434217,2.441425E-04,3.280658E-04,-6.66667E-04
2.435218,1.525888E-04,-3.204364E-04,-6.66667E-04
2.436218,1.297006E-04,-6.408729E-04,-6.66667E-04
2.437219,2.28883E-05,-4.806537E-04,6.66667E-04
2.438219,7.629441E-05,-2.059946E-04,-6.66667E-04
2.43922,6.103562E-05,-1.907358E-04,-6.66667E-04
2.44022,9.918259E-05,-9.15532E-05,-.001
2.441221,6.103562E-05,2.517719E-04,.001
2.442221,1.3733E-04,4.27248E-04,.001
2.443222,9.918259E-05,5.722083E-04,-.001
2.444222,2.670307E-04,5.416907E-04,-6.66667E-04
2.445223,5.264319E-04,3.662128E-04,6.66667E-04
2.446223,4.425067E-04,1.449594E-04,.001
2.447224,2.28883E-05,2.441425E-04,-3.66667E-03
2.448224,-1.831064E-04,1.297006E-04,-6.66667E-04
2.449225,-2.059946E-04,9.918259E-05,-6.66667E-04
2.450225,-2.594013E-04,3.89101E-04,-6.66667E-04
2.451226,-3.433246E-04,4.119892E-04,.001
2.452226,1.602182E-04,3.051776E-04,-6.66667E-04
2.453227,5.035438E-04,4.577655E-04,-6.66667E-04
2.454227,6.256141E-04,5.264319E-04,-6.66667E-04
2.455228,5.569495E-04,5.874671E-04,-.002
2.456228,5.416907E-04,5.569495E-04,-.001
2.457229,2.059946E-04,1.297006E-04,.001
2.458229,-7.629453E-06,2.059946E-04,-.001
2.45923,9.15532E-05,-1.220712E-04,-6.66667E-04
2.46023,2.441425E-04,-5.264319E-04,-.002
2.461231,2.975482E-04,-3.814716E-04,-.002
2.462231,-6.103562E-05,7.629441E-05,-6.66667E-04
2.463232,-1.144414E-04,1.602182E-04,.001
2.464232,2.28883E-05,-3.433246E-04,-6.66667E-04
2.465233,7.629453E-06,-4.959144E-04,-6.66667E-04
2.466233,-6.103562E-05,-4.806537E-04,.001
2.467234,-7.629453E-06,-2.899189E-04,-.001
2.468234,-9.918259E-05,-4.501361E-04,6.66667E-04
2.469235,2.13624E-04,-4.27248E-04,.001
2.470235,4.119892E-04,1.06812E-04,-.002
2.471236,3.280658E-04,2.441425E-04,6.66667E-04
2.472236,4.043598E-04,-8.392381E-05,-.002
2.473237,4.730243E-04,5.340599E-05,.001
2.474237,4.88285E-04,3.967304E-04,.002
2.475238,4.043598E-04,1.449594E-04,-.001
2.476238,4.57766E-05,1.525888E-04,.001
2.477239,-1.983652E-04,3.051781E-05,.001
2.478239,-6.103562E-05,-2.288828E-04,-6.66667E-04
2.47924,-2.822895E-04,-3.051776E-04,-6.66667E-04
2.48024,-4.119892E-04,-3.204364E-04,6.66667E-04
2.481241,-3.662128E-04,-1.525891E-05,-.001
2.482241,0,-8.392381E-05,.001
2.483242,0,-2.594013E-04,-.001
2.484242,-4.27248E-04,-9.918259E-05,-6.66667E-04
2.485243,-5.264319E-04,9.918259E-05,-.002
2.486243,-3.356952E-04,1.220712E-04,6.66667E-04
2.487244,-4.653949E-04,1.525891E-05,-.001
2.488244,-4.043598E-04,6.103562E-05,-.002
2.489245,-1.449594E-04,-9.918259E-05,-6.66667E-04
2.490245,-4.653949E-04,1.144414E-04,6.66667E-04
2.491246,-3.738422E-04,2.594013E-04,6.66667E-04
2.492246,-4.806537E-04,2.594013E-04,-6.66667E-04
2.493247,-7.629453E-06,4.57766E-05,.001
2.494247,1.06812E-04,-7.629441E-05,-.002
2.495248,4.57766E-05,-2.975482E-04,-.002
2.496248,-1.525888E-04,-5.798377E-04,.001
2.497249,-7.629441E-05,-2.899189E-04,6.66667E-04
2.498249,3.738422E-04,-1.907358E-04,-6.66667E-04
2.49925,1.75477E-04,6.103562E-05,-.002
2.50025,4.043598E-04,1.983652E-04,-3.66667E-03
2.501251,8.010902E-04,3.814721E-05,-6.66667E-04
2.502251,7.553138E-04,6.103562E-05,-2.33333E-03
2.503252,7.858314E-04,5.569495E-04,-6.66667E-04
2.504252,7.858314E-04,5.035438E-04,-.002
2.505253,7.705726E-04,4.57766E-05,-6.66667E-04
2.506253,4.88285E-04,-3.204364E-04,.002
2.507254,4.577655E-04,-3.50954E-04,-6.66667E-04
2.508254,5.340613E-04,-1.602182E-04,.001
2.509255,6.63761E-04,2.059946E-04,2.33333E-03
2.510255,6.027259E-04,-9.15532E-05,-.001
2.511256,1.831064E-04,-4.27248E-04,-6.66667E-04
2.512256,3.051781E-05,-2.288828E-04,-6.66667E-04
2.513257,-4.57766E-05,1.525891E-05,-.002
2.514257,-2.212534E-04,2.13624E-04,-.001
2.515258,-2.670307E-04,-1.525891E-05,-.002
2.516258,8.392381E-05,-1.602182E-04,-.001
2.517259,1.297006E-04,-3.12807E-04,-.002
2.518259,6.103562E-05,-6.866502E-05,-.002
2.51926,1.06812E-04,4.57766E-05,-.002
2.52026,3.50954E-04,1.602182E-04,-6.66667E-04
2.521261,5.340613E-04,-1.602182E-04,-6.66667E-04
2.522261,4.348774E-04,0,-.001
2.523262,1.3733E-04,1.220712E-04,.001
2.524262,2.28883E-05,4.27248E-04,-6.66667E-04
2.525263,1.220712E-04,5.111732E-04,.001
2.526263,-3.051781E-05,4.043598E-04,6.66667E-04
2.527264,-5.340613E-04,7.629441E-05,-.001
2.528264,-5.569495E-04,-1.06812E-04,-6.66667E-04
2.529265,-5.874671E-04,-6.179847E-04,-6.66667E-04
2.530265,-6.485023E-04,-3.204364E-04,-.001
2.531266,-6.866492E-04,-1.907358E-04,-6.66667E-04
2.532266,-3.814716E-04,2.441425E-04,-6.66667E-04
2.533267,-3.051776E-04,4.57766E-05,-.001
2.534267,-1.602182E-04,1.3733E-04,-.002
2.535268,-1.06812E-04,3.967304E-04,-.001
2.536268,-1.06812E-04,8.392381E-05,-.001
2.537269,-1.06812E-04,-6.179847E-04,-6.66667E-04
2.538269,6.103562E-05,0,-.002
2.53927,-3.814716E-04,-1.525891E-05,-.002
2.54027,-6.103562E-05,-6.103562E-05,-.002
2.541271,0,-7.629441E-05,-6.66667E-04
2.542271,-1.831064E-04,-1.831064E-04,.002
2.543272,-2.212534E-04,2.212534E-04,-6.66667E-04
2.544272,-1.678476E-04,4.27248E-04,.001
2.545273,-3.204364E-04,4.425067E-04,-.001
2.546273,-2.212534E-04,3.585834E-04,-.002
2.547274,-1.06812E-04,3.204364E-04,-.001
2.548274,1.144414E-04,6.866502E-05,-.001
2.549275,1.3733E-04,-7.629453E-06,-.002
2.550275,2.059946E-04,1.449594E-04,-6.66667E-04
2.551276,1.3733E-04,3.051781E-05,6.66667E-04
2.552276,2.212534E-04,1.602182E-04,-.001
2.553277,2.059946E-04,3.814716E-04,-.001
2.554277,-1.3733E-04,2.594013E-04,-.002
2.555278,-1.678476E-04,2.13624E-04,.001
2.556278,-2.822895E-04,-9.918259E-05,-.001
2.557279,-2.517719E-04,-7.629453E-06,-.001
2.558279,-1.75477E-04,-6.866502E-05,.001
2.55928,-2.28883E-05,-5.340599E-05,6.66667E-04
2.56028,5.340599E-05,1.06812E-04,-.001
2.561281,7.629441E-05,2.441425E-04,.001
2.562281,5.798377E-04,4.348774E-04,2.33333E-03
2.563282,4.88285E-04,7.629441E-05,6.66667E-04
2.564282,7.629453E-06,-3.50954E-04,-6.66667E-04
2.565283,-3.356952E-04,-2.822895E-04,.001
2.566283,-2.212534E-04,6.866502E-05,6.66667E-04
2.567284,9.918259E-05,5.569495E-04,-.002
2.568284,1.449594E-04,7.40055E-04,-.002
2.569285,-9.15532E-05,1.152046E-03,-.002
2.570285,-1.831064E-04,9.841993E-04,-.002
2.571286,-2.288828E-04,6.485023E-04,6.66667E-04
2.572286,-4.27248E-04,2.288828E-04,-6.66667E-04
2.573287,-3.280658E-04,-3.051781E-05,6.66667E-04
2.574287,-2.746601E-04,-5.340599E-05,-.001
2.575288,-2.899189E-04,-3.814721E-05,-.001
2.576288,-7.629453E-06,-1.144414E-04,.001
2.577289,4.57766E-05,4.57766E-05,-.001
2.578289,4.730243E-04,9.918259E-05,-.001
2.57929,8.392381E-05,2.28883E-05,6.66667E-04
2.58029,-3.50954E-04,-2.28883E-05,-.001
2.581291,-4.88285E-04,-8.163489E-04,-.001
2.582291,-4.27248E-04,-9.231605E-04,.001
2.583292,-1.602182E-04,-4.27248E-04,-6.66667E-04
2.584292,-1.449594E-04,4.57766E-05,6.66667E-04
2.585293,-3.814721E-05,2.28883E-05,-.002
2.586293,-7.629441E-05,2.365122E-04,-.001
2.587294,1.220712E-04,-3.051781E-05,.001
2.588294,0,-1.678476E-04,-.001
2.589295,-2.975482E-04,-1.983652E-04,-6.66667E-04
2.590295,-3.356952E-04,8.392381E-05,-6.66667E-04
2.591296,-2.975482E-04,0,.001
2.592296,2.670307E-04,-1.525891E-05,-2.33333E-03
2.593297,5.264319E-04,1.525888E-04,-.001
2.594297,6.790198E-04,2.594013E-04,.001
2.595298,1.602182E-04,2.746601E-04,-.001
2.596298,-2.212534E-04,2.975482E-04,-.002
2.597299,-3.814721E-05,1.983652E-04,-.002
2.598299,1.75477E-04,-3.814721E-05,.001
2.5993,9.918259E-05,-1.449594E-04,.001
2.6003,-7.629441E-05,-3.051781E-05,-6.66667E-04
2.601301,-3.814721E-05,1.297006E-04,-.002
2.602301,3.051781E-05,5.645789E-04,-.001
2.603302,-1.3733E-04,4.577655E-04,.001
2.604302,-3.814721E-05,2.594013E-04,-.002
2.605303,1.220712E-04,2.13624E-04,-.002
2.606303,1.297006E-04,2.365122E-04,6.66667E-04
2.607304,6.103562E-05,-2.13624E-04,-.002
2.608304,9.918259E-05,6.103562E-05,-6.66667E-04
2.609305,1.220712E-04,1.907358E-04,-.001
2.610305,-1.297006E-04,-4.501361E-04,-6.66667E-04
2.611306,-1.06812E-04,-6.561317E-04,-.002
2.612306,4.57766E-05,-3.662128E-04,-.002
2.613307,0,-3.204364E-04,.002
2.614307,-8.392381E-05,-2.059946E-04,-.001
2.615308,2.13624E-04,5.340599E-05,6.66667E-04
2.616308,9.918259E-05,-2.899189E-04,-2.33333E-03
2.617309,-8.392381E-05,-1.831064E-04,.001
2.618309,3.051781E-05,2.822895E-04,-.002
2.61931,3.662128E-04,1.983652E-04,6.66667E-04
2.62031,4.119892E-04,1.983652E-04,-.001
2.621311,4.57766E-05,0,.001
2.622311,-8.392381E-05,1.144414E-04,-2.33333E-03
2.623312,-1.3733E-04,7.629453E-06,-6.66667E-04
2.624312,-1.3733E-04,-6.103562E-05,.001
2.625313,1.678476E-04,-2.28883E-05,-.001
2.626313,5.111732E-04,-2.517719E-04,.001
2.627314,3.12807E-04,-9.918259E-05,-.002
2.628314,4.57766E-05,-3.738422E-04,-6.66667E-04
2.629315,1.525891E-05,-1.144414E-04,.001
2.630315,-2.441425E-04,7.629441E-05,-.001
2.631316,-4.57766E-05,2.365122E-04,6.66667E-04
2.632316,-7.629441E-05,1.3733E-04,-6.66667E-04
2.633317,-3.051776E-04,0,6.66667E-04
2.634317,-6.027259E-04,-7.629441E-05,-.002
2.635318,9.15532E-05,9.918259E-05,-.001
2.636318,2.899189E-04,-3.662128E-04,.001
2.637319,2.288828E-04,-4.27248E-04,-.001
2.638319,2.13624E-04,-4.27248E-04,-.002
2.63932,-8.392381E-05,2.28883E-05,-6.66667E-04
2.64032,-3.280658E-04,-1.297006E-04,.001
2.641321,-1.907358E-04,2.288828E-04,-.002
2.642321,0,9.918259E-05,-.001
2.643322,-4.57766E-05,-4.27248E-04,-2.33333E-03
2.644322,-1.983652E-04,-5.340599E-05,6.66667E-04
2.645323,-3.662128E-04,-2.441425E-04,.001
2.646323,-4.959144E-04,-1.449594E-04,-6.66667E-04
2.647324,-2.365122E-04,1.525891E-05,-6.66667E-04
2.648324,-4.57766E-05,-3.051781E-05,-6.66667E-04
2.649325,3.280658E-04,-1.983652E-04,-6.66667E-04
2.650325,3.12807E-04,-1.297006E-04,-6.66667E-04
2.651326,2.822895E-04,2.059946E-04,6.66667E-04
2.652326,2.212534E-04,1.525888E-04,-.001
2.653327,3.89101E-04,7.629453E-06,-.001
2.654327,1.602182E-04,-1.525891E-05,-.002
2.655328,-1.525891E-05,5.340599E-05,-.001
2.656328,-1.449594E-04,1.06812E-04,-.002
2.657329,-9.918259E-05,2.13624E-04,6.66667E-04
2.658329,-3.356952E-04,3.814716E-04,-.001
2.65933,-4.119892E-04,2.288828E-04,6.66667E-04
2.66033,4.57766E-05,3.814721E-05,-.002
2.661331,-7.629441E-05,3.051776E-04,-.002
2.662331,-1.449594E-04,3.12807E-04,-.002
2.663332,-1.831064E-04,1.907358E-04,-.002
2.664332,-2.822895E-04,8.392381E-05,-.001
2.665333,-3.051781E-05,2.059946E-04,-.001
2.666333,1.75477E-04,1.907358E-04,-.001
2.667334,2.365122E-04,3.814721E-05,-3.66667E-03
2.668334,2.13624E-04,1.3733E-04,-.002
2.669335,3.738422E-04,7.629441E-05,-.001
2.670335,1.75477E-04,-3.12807E-04,-.002
2.671336,4.57766E-05,-6.713904E-04,-.001
2.672336,4.27248E-04,-3.204364E-04,-6.66667E-04
2.673337,4.196186E-04,2.288828E-04,-6.66667E-04
2.674337,-5.340599E-05,3.89101E-04,6.66667E-04
2.675338,-2.594013E-04,6.027259E-04,.002
2.676338,-1.678476E-04,5.035438E-04,-6.66667E-04
2.677339,-2.822895E-04,3.433246E-04,-.001
2.678339,-4.653949E-04,3.89101E-04,-6.66667E-04
2.67934,-6.179847E-04,4.653949E-04,-.002
2.68034,-9.079017E-04,4.196186E-04,.001
2.681341,-8.697547E-04,2.670307E-04,-.001
2.682341,-4.27248E-04,3.356952E-04,-2.33333E-03
2.683342,9.918259E-05,2.975482E-04,-.002
2.684342,-1.06812E-04,2.441425E-04,-.002
2.685343,-1.75477E-04,3.433246E-04,-6.66667E-04
2.686343,-1.525888E-04,7.553138E-04,-.001
2.687344,1.144414E-04,5.188026E-04,-6.66667E-04
2.688344,1.525891E-05,5.874671E-04,.001
2.689345,-6.866502E-05,1.831064E-04,-.001
2.690345,-9.15532E-05,-3.967304E-04,6.66667E-04
2.691346,-1.983652E-04,-2.212534E-04,6.66667E-04
2.692346,-3.814716E-04,1.297006E-04,.001
2.693347,-3.662128E-04,2.059946E-04,-6.66667E-04
2.694347,-2.899189E-04,4.196186E-04,-.002
2.695348,-3.585834E-04,4.043598E-04,-.001
2.696348,-5.340613E-04,5.111732E-04,-3.66667E-03
2.697349,-4.806537E-04,6.713904E-04,-.001
2.698349,-3.662128E-04,8.544959E-04,-3.66667E-03
2.69935,-1.220712E-04,8.087195E-04,-.001
2.70035,2.28883E-05,7.476844E-04,-.001
2.701351,0,9.155311E-04,-6.66667E-04
2.702351,-1.220712E-04,5.569495E-04,-.002
2.703352,-3.12807E-04,3.662128E-04,-.002
2.704352,-3.738422E-04,1.983652E-04,.001
2.705353,-1.220712E-04,7.095374E-04,.001
2.706353,-5.035438E-04,5.493201E-04,.001
2.707354,-7.247962E-04,5.416907E-04,-.001
2.708354,-9.460486E-04,6.027259E-04,-6.66667E-04
2.709355,-1.197822E-03,5.722083E-04,-.001
2.710355,-9.613074E-04,7.40055E-04,-.001
2.711356,-8.621253E-04,1.075752E-03,.001
2.712356,-8.010902E-04,1.144417E-03,-.001
2.713357,-6.63761E-04,1.35804E-03,-6.66667E-04
2.714357,-6.790198E-04,1.487739E-03,-.001
2.715358,-9.613074E-04,1.449592E-03,-.001
2.716358,-1.388557E-03,1.632698E-03,-.001
2.717359,-1.85395E-03,1.724251E-03,-6.66667E-04
2.718359,-2.059951E-03,1.808174E-03,-.002
2.71936,-2.08284E-03,1.838692E-03,-.002
2.72036,-1.907356E-03,1.632698E-03,.002
2.721361,-2.059951E-03,1.312263E-03,6.66667E-04
2.722361,-1.960769E-03,1.007088E-03,6.66667E-04
2.723362,-1.846321E-03,1.152046E-03,2.33333E-03
2.724362,-2.281204E-03,1.586922E-03,-.001
2.725363,-2.601638E-03,1.686104E-03,6.66667E-04
2.726363,-2.647415E-03,1.95314E-03,.001
2.727364,-2.395645E-03,1.808174E-03,-6.66667E-04
2.728364,-2.166763E-03,1.838692E-03,2.33333E-03
2.729365,-2.296463E-03,1.792915E-03,-6.66667E-04
2.730365,-2.449051E-03,1.632698E-03,-6.66667E-04
2.731366,-2.380386E-03,1.632698E-03,6.66667E-04
2.732366,-2.433792E-03,1.525886E-03,-6.66667E-04
2.733367,-2.479568E-03,1.167305E-03,-.001
2.734367,-2.105728E-03,1.113899E-03,-6.66667E-04
2.735368,-1.937874E-03,1.289375E-03,-6.66667E-04
2.736368,-2.20491E-03,1.411445E-03,-.002
2.737369,-2.700821E-03,1.342781E-03,-6.66667E-04
2.738369,-2.723709E-03,1.403816E-03,-6.66667E-04
2.73937,-2.731338E-03,1.579292E-03,6.66667E-04
2.74037,-2.594009E-03,1.274116E-03,.002
2.741371,-2.433792E-03,1.525886E-03,-.001
2.742371,-2.449051E-03,1.60218E-03,-.001
2.743372,-2.769485E-03,1.35041E-03,-.002
2.744372,-2.876297E-03,1.35041E-03,-6.66667E-04
2.745373,-3.120437E-03,1.472481E-03,-.002
2.746373,-2.937332E-03,1.48011E-03,.001
2.747374,-2.670303E-03,1.60981E-03,.001
2.748374,-2.906814E-03,1.754768E-03,-.001
2.749375,-3.433242E-03,1.785286E-03,-6.66667E-04
2.750375,-3.692642E-03,1.670845E-03,-6.66667E-04
2.751376,-3.501907E-03,1.48011E-03,-6.66667E-04
2.752376,-3.517166E-03,1.220711E-03,.001
2.753377,-3.616348E-03,1.403816E-03,2.33333E-03
2.754377,-3.433242E-03,1.510628E-03,6.66667E-04
2.755378,-2.891555E-03,1.388557E-03,-.002
2.756378,-2.403274E-03,1.724251E-03,.001
2.757379,-2.32698E-03,2.014175E-03,-.001
2.758379,-2.700821E-03,1.564033E-03,.002
2.75938,-2.647415E-03,1.556404E-03,-6.66667E-04
2.76038,-2.922073E-03,1.85395E-03,-2.33333E-03
2.761381,-3.143325E-03,1.73188E-03,-6.66667E-04
2.762381,-3.044143E-03,1.716621E-03,-6.66667E-04
2.763382,-3.433242E-03,1.95314E-03,-.002
2.764382,-3.700271E-03,1.815803E-03,-.002
2.765383,-3.738418E-03,1.770027E-03,-6.66667E-04
2.766383,-4.188567E-03,1.95314E-03,-6.66667E-04
2.767384,-4.90573E-03,2.151504E-03,.001
2.768384,-4.646331E-03,2.212539E-03,-.002
2.769385,-4.386932E-03,2.265945E-03,-.002
2.770385,-4.241973E-03,2.265945E-03,-.004
2.771386,-3.959686E-03,2.258316E-03,-.002
2.772386,-3.730789E-03,2.029434E-03,.002
2.773387,-3.929168E-03,2.07521E-03,-6.66667E-04
2.774387,-4.013091E-03,1.846321E-03,-.001
2.775388,-4.112273E-03,1.663215E-03,-6.66667E-04
2.776388,-4.15042E-03,1.930244E-03,-6.66667E-04
2.777389,-4.066497E-03,2.265945E-03,-.001
2.778389,-4.28775E-03,2.212539E-03,-6.66667E-04
2.77939,-4.501373E-03,2.693191E-03,-6.66667E-04
2.78039,-4.623443E-03,2.510086E-03,-.001
2.781391,-4.844695E-03,2.174392E-03,-.002
2.782391,-5.188018E-03,2.471939E-03,-.001
2.783392,-5.279571E-03,2.632156E-03,.001
2.784392,-5.180389E-03,2.319351E-03,-.002
2.785393,-5.394012E-03,1.838692E-03,.001
2.786393,-5.821258E-03,2.067581E-03,.001
2.787394,-6.17221E-03,2.449051E-03,6.66667E-04
2.788394,-6.454498E-03,2.647415E-03,-6.66667E-04
2.789395,-6.706268E-03,2.845779E-03,-.001
2.790395,-6.973296E-03,3.135696E-03,.001
2.791396,-7.492095E-03,3.555313E-03,-.002
2.792396,-7.927001E-03,3.402725E-03,-6.66667E-04
2.793397,-8.293211E-03,3.379837E-03,-6.66667E-04
2.794397,-8.979857E-03,3.501907E-03,-6.66667E-04
2.795398,-9.521544E-03,3.250137E-03,.002
2.796398,-9.933531E-03,3.265396E-03,-.001
2.797399,-1.029974E-02,3.448501E-03,.002
2.798399,-1.147467E-02,3.181472E-03,-.001
2.7994,-1.327521E-02,2.937332E-03,-6.66667E-04
2.8004,-1.460272E-02,3.265396E-03,-6.66667E-04
2.801401,-1.586163E-02,3.257766E-03,6.66667E-04
2.802401,-1.828778E-02,3.456131E-03,-.001
2.803402,-2.191937E-02,3.250137E-03,-6.66667E-04
2.804402,-2.672589E-02,2.769485E-03,-6.66667E-04
2.805403,-3.266168E-02,2.189651E-03,-.002
2.806403,-3.752923E-02,1.419075E-03,-.002
2.807404,-4.116845E-02,9.002723E-04,-.001
2.808404,-4.296136E-02,1.449592E-03,-.001
2.809405,-4.318261E-02,1.762398E-03,-6.66667E-04
2.810405,-4.100823E-02,2.357498E-03,-.001
2.811406,-3.663659E-02,2.861038E-03,-6.66667E-04
2.812406,-3.153253E-02,3.486648E-03,.001
2.813407,-2.690899E-02,3.517166E-03,-.002
2.814407,-2.328503E-02,3.852859E-03,-6.66667E-04
2.815408,-2.124798E-02,4.066497E-03,6.66667E-04
2.816408,-2.025616E-02,4.02835E-03,-.001
2.817409,-2.004254E-02,4.165679E-03,-6.66667E-04
2.818409,-2.001965E-02,4.478484E-03,-.002
2.81941,-1.994336E-02,4.730254E-03,-6.66667E-04
2.82041,-2.034009E-02,4.737884E-03,.002
2.821411,-2.121747E-02,5.065948E-03,-.002
2.822411,-2.220166E-02,5.432159E-03,-6.66667E-04
2.823412,-2.317059E-02,5.577117E-03,.002
2.824412,-2.413189E-02,5.760223E-03,-.002
2.825413,-2.537549E-02,5.66867E-03,-2.33333E-03
2.826413,-2.646649E-02,5.821258E-03,-.002
2.827414,-2.735913E-02,5.432159E-03,-.001
2.828414,-2.800763E-02,5.302459E-03,6.66667E-04
2.829415,-2.957165E-02,5.66867E-03,2.33333E-03
2.830415,-3.112042E-02,5.638152E-03,.001
2.831416,-3.289819E-02,5.477935E-03,-.001
2.832416,-.034302,5.027801E-03,-.002
2.833417,-.0359118,4.78366E-03,-.002
2.834417,-.0384829,4.585296E-03,-.001
2.835418,-4.129052E-02,4.371673E-03,.001
2.836418,-4.380822E-02,3.601089E-03,-.001
2.837419,-4.589868E-02,3.669754E-03,-.004
2.838419,-4.740167E-02,3.913909E-03,6.66667E-04
2.83942,-.0490725,4.203826E-03,2.33333E-03
2.84042,-4.963708E-02,4.264861E-03,2.33333E-03
2.841421,-4.935479E-02,4.562408E-03,-6.66667E-04
2.842421,-4.860711E-02,4.798919E-03,6.66667E-04
2.843422,-4.785943E-02,5.073577E-03,6.66667E-04
2.844422,-4.761529E-02,5.020171E-03,-2.33333E-03
2.845423,-4.817986E-02,5.218536E-03,-.001
2.846423,-5.007195E-02,5.119354E-03,-3.66667E-03
2.847424,-5.252862E-02,4.79129E-03,-.001
2.848424,-5.490136E-02,4.40982E-03,-.002
2.849425,-.0571444,4.165679E-03,-.001
2.850425,-5.893731E-02,3.974944E-03,-.001
2.851426,-6.014276E-02,3.936797E-03,6.66667E-04
2.852426,-6.044793E-02,3.90628E-03,-.001
2.853427,-6.000543E-02,4.043609E-03,.001
2.854427,-5.937219E-02,4.219085E-03,-6.66667E-04
2.855428,-5.881524E-02,4.234344E-03,.001
2.856428,-5.905175E-02,4.142791E-03,-.001
2.857429,-6.019616E-02,3.738418E-03,-6.66667E-04
2.858429,-6.248498E-02,3.074661E-03,-.001
2.85943,-6.609392E-02,2.113357E-03,-6.66667E-04
2.86043,-7.077837E-02,1.129158E-03,-.001
2.861431,-.0763402,3.585834E-04,-6.66667E-04
2.862431,-8.342791E-02,-8.239783E-04,6.66667E-04
2.863432,-9.153032E-02,-2.914444E-03,-.001
2.864432,-9.961748E-02,-4.554778E-03,-.001
2.865433,-.1070256,-5.958587E-03,6.66667E-04
2.866433,-.1124196,-6.736785E-03,6.66667E-04
2.867434,-.114655,-6.538421E-03,6.66667E-04
2.868434,-.113564,-6.286651E-03,-2.33333E-03
2.869435,-.109139,-5.096465E-03,6.66667E-04
2.870435,-.1021199,-3.646865E-03,-.002
2.871436,-9.494066E-02,-2.83815E-03,-.002
2.872436,-8.882952E-02,-2.059951E-03,6.66667E-04
2.873437,-8.379412E-02,-1.564033E-03,-.001
2.874437,-8.193254E-02,-1.327522E-03,6.66667E-04
2.875438,-8.451128E-02,-1.617439E-03,-.001
2.876438,-9.011126E-02,-2.967849E-03,-6.66667E-04
2.877439,-9.798479E-02,-4.386932E-03,-.002
2.878439,-.1063695,-6.156951E-03,-6.66667E-04
2.87944,-.1135106,-7.225066E-03,-.002
2.88044,-.1177449,-7.614166E-03,-6.66667E-04
2.881441,-.1185918,-7.55313E-03,6.66667E-04
2.882441,-.1164632,-7.095367E-03,-6.66667E-04
2.883442,-.1113973,-6.187469E-03,6.66667E-04
2.884442,-.1043706,-4.707366E-03,-.001
2.885443,-9.632158E-02,-3.08229E-03,-6.66667E-04
2.886443,-8.805895E-02,-1.388557E-03,6.66667E-04
2.887444,-8.023119E-02,1.525888E-04,.001
2.888444,-7.395983E-02,1.670845E-03,-.001
2.889445,-6.897783E-02,2.899185E-03,.001
2.890445,-6.512499E-02,3.90628E-03,-.001
2.891446,-6.272173E-02,4.241973E-03,-.001
2.892446,-6.136346E-02,4.318267E-03,-.002
2.893447,-6.078362E-02,4.104644E-03,.001
2.894447,-6.092095E-02,3.959686E-03,-6.66667E-04
2.895448,-.0613482,4.142791E-03,6.66667E-04
2.896448,-6.110406E-02,4.486114E-03,-.002
2.897449,-6.037164E-02,4.600555E-03,-3.66667E-03
2.898449,-5.895257E-02,4.65396E-03,-6.66667E-04
2.89945,-5.647302E-02,4.989654E-03,-2.33333E-03
2.90045,-5.394769E-02,5.073577E-03,-.001
2.901451,-.0517199,5.119354E-03,-6.66667E-04
2.902451,-4.965234E-02,5.332977E-03,-.002
2.903452,-4.836297E-02,5.439788E-03,-6.66667E-04
2.904452,-4.863763E-02,5.03543E-03,-.001
2.905453,-4.904199E-02,4.646331E-03,.001
2.906453,-4.953027E-02,4.417449E-03,.001
2.907454,-4.978967E-02,4.356414E-03,6.66667E-04
2.908454,-.0490191,4.165679E-03,-.002
2.909455,-.047539,4.325897E-03,-6.66667E-04
2.910455,-4.499841E-02,4.608184E-03,-.002
2.911456,-4.182458E-02,4.844695E-03,.001
2.912456,-3.872705E-02,5.111724E-03,-.001
2.913457,-3.558373E-02,5.279571E-03,-2.33333E-03
2.914457,-3.301263E-02,5.683929E-03,-6.66667E-04
2.915458,-3.119671E-02,6.111175E-03,6.66667E-04
2.916458,-2.976239E-02,6.195098E-03,.002
2.917459,-2.883923E-02,6.263763E-03,-.001
2.918459,-2.773297E-02,6.286651E-03,-.002
2.91946,-2.684796E-02,6.42398E-03,-6.66667E-04
2.92046,-2.581036E-02,6.324798E-03,.001
2.921461,-2.461255E-02,6.439239E-03,.002
2.922461,-2.354443E-02,6.408721E-03,-6.66667E-04
2.923462,-.0227052,6.263763E-03,-6.66667E-04
2.924462,-.0219804,5.928069E-03,-.001
2.925463,-2.082074E-02,5.592376E-03,-.001
2.926463,-2.041638E-02,5.188018E-03,6.66667E-04
2.927464,-2.028668E-02,5.249053E-03,6.66667E-04
2.928464,-2.062237E-02,5.233794E-03,-.002
2.929465,-2.146161E-02,4.829437E-03,6.66667E-04
2.930465,-2.369702E-02,4.646331E-03,-3.66667E-03
2.931466,-2.765667E-02,4.013091E-03,-.002
2.932466,-3.306603E-02,3.280655E-03,.001
2.933467,-3.807092E-02,2.487198E-03,-.001
2.934467,-4.119897E-02,2.052322E-03,-6.66667E-04
2.935468,-4.275537E-02,1.686104E-03,-6.66667E-04
2.936468,-4.203057E-02,1.846321E-03,-6.66667E-04
2.937469,-3.932977E-02,2.281204E-03,-6.66667E-04
2.938469,-.0345614,2.632156E-03,.002
2.93947,-2.880871E-02,2.861038E-03,6.66667E-04
2.94047,-2.399457E-02,3.08992E-03,-6.66667E-04
2.941471,-.0202409,3.166214E-03,.001
2.942471,-1.774609E-02,3.303543E-03,-6.66667E-04
2.943472,-1.573956E-02,3.486648E-03,-2.33333E-03
2.944472,-1.462561E-02,3.58583E-03,-6.66667E-04
2.945473,-.0136109,3.58583E-03,-6.66667E-04
2.946473,-1.253515E-02,3.639236E-03,6.66667E-04
2.947474,-.0117951,3.517166E-03,-.002
2.948474,-.0112229,3.265396E-03,-3.66667E-03
2.949475,-1.068121E-02,2.83815E-03,-.002
2.950475,-1.016241E-02,3.028885E-03,-.001
2.951476,-9.857237E-03,3.189102E-03,-6.66667E-04
2.952476,-9.32318E-03,2.929702E-03,2.33333E-03
2.953477,-8.56024E-03,2.738968E-03,.001
2.954477,-7.415801E-03,2.502456E-03,-.002
2.955478,-6.767303E-03,2.426162E-03,-6.66667E-04
2.956478,-6.393462E-03,2.296463E-03,.001
2.957479,-6.111175E-03,2.243057E-03,-.002
2.958479,-5.958587E-03,2.33461E-03,-2.33333E-03
2.95948,-5.706817E-03,2.342239E-03,-6.66667E-04
2.96048,-5.218536E-03,2.220169E-03,2.33333E-03
2.961481,-5.111724E-03,2.380386E-03,-.001
2.962481,-5.104095E-03,2.20491E-03,-6.66667E-04
2.963482,-5.126983E-03,1.815803E-03,-6.66667E-04
2.964482,-4.867584E-03,2.006546E-03,-2.33333E-03
2.965483,-4.898101E-03,2.07521E-03,-6.66667E-04
2.966483,-5.172759E-03,2.243057E-03,-6.66667E-04
2.967484,-5.241424E-03,2.311721E-03,-.001
2.968484,-5.126983E-03,2.372757E-03,6.66667E-04
2.969485,-5.378753E-03,2.090469E-03,-6.66667E-04
2.970485,-5.706817E-03,1.95314E-03,-.001
2.971486,-5.615264E-03,1.579292E-03,-6.66667E-04
2.972486,-5.180389E-03,1.754768E-03,-.001
2.973487,-4.600555E-03,2.182022E-03,-3.66667E-03
2.974487,-4.768401E-03,2.120987E-03,6.66667E-04
2.975488,-4.623443E-03,2.372757E-03,-2.33333E-03
2.976488,-4.798919E-03,2.792373E-03,.001
2.977489,-4.753143E-03,2.822891E-03,-6.66667E-04
2.978489,-4.211456E-03,2.594009E-03,6.66667E-04
2.97949,-4.325897E-03,2.258316E-03,-.001
2.98049,-4.516631E-03,1.86158E-03,6.66667E-04
2.981491,-4.28012E-03,1.914985E-03,-.001
2.982491,-3.685012E-03,1.419075E-03,-2.33333E-03
2.983492,-3.540054E-03,1.289375E-03,-6.66667E-04
2.984492,-3.738418E-03,1.396187E-03,6.66667E-04
2.985493,-3.303543E-03,1.251228E-03,-.001
2.986493,-3.196731E-03,1.052864E-03,6.66667E-04
2.987494,-3.036514E-03,1.022346E-03,6.66667E-04
2.988494,-2.746597E-03,1.274116E-03,-6.66667E-04
2.989495,-2.525344E-03,1.419075E-03,.001
2.990495,-2.548233E-03,1.464851E-03,-2.33333E-03
2.991496,-2.418533E-03,1.548775E-03,-6.66667E-04
2.992496,-2.128616E-03,1.335151E-03,-.001
2.993497,-2.059951E-03,1.35041E-03,-.002
2.994497,-1.884468E-03,1.266487E-03,-.001
2.995498,-2.014175E-03,8.392371E-04,-6.66667E-04
2.996498,-2.235427E-03,6.866492E-04,-.001
2.997499,-2.372757E-03,9.384193E-04,-6.66667E-04
2.998499,-2.342239E-03,1.09864E-03,-6.66667E-04
2.9995,-2.555862E-03,1.502998E-03,-6.66667E-04
3.0005,-2.647415E-03,1.472481E-03,-.001
3.001501,-2.540603E-03,1.327522E-03,6.66667E-04
3.002501,-2.746597E-03,1.686104E-03,6.66667E-04
3.003502,-2.83815E-03,1.95314E-03,.001
3.004502,-3.036514E-03,2.006546E-03,.001
3.005503,-3.456131E-03,1.663215E-03,-6.66667E-04
3.006503,-3.852859E-03,1.678474E-03,-6.66667E-04
3.007504,-3.33406E-03,1.434334E-03,-.002
3.008504,-2.845779E-03,1.213081E-03,-.002
3.009505,-2.899185E-03,1.419075E-03,-6.66667E-04
3.010505,-2.800003E-03,1.396187E-03,-2.33333E-03
3.011506,-2.670303E-03,1.365669E-03,-.002
3.012506,-2.624527E-03,1.533516E-03,-.002
3.013507,-2.700821E-03,1.708992E-03,6.66667E-04
3.014507,-2.624527E-03,1.502998E-03,.001
3.015508,-2.32698E-03,1.365669E-03,-6.66667E-04
3.016508,-2.014175E-03,1.022346E-03,-6.66667E-04
3.017509,-1.907356E-03,1.243599E-03,-.001
3.018509,-1.991287E-03,1.625068E-03,-6.66667E-04
3.01951,-1.907356E-03,1.579292E-03,-.001
3.02051,-2.227798E-03,1.281746E-03,-.001
3.021511,-2.525344E-03,1.159675E-03,-6.66667E-04
3.022511,-2.525344E-03,1.152046E-03,-.001
3.023512,-2.670303E-03,1.472481E-03,-6.66667E-04
3.024512,-2.487198E-03,1.762398E-03,-2.33333E-03
3.025513,-2.136245E-03,1.846321E-03,6.66667E-04
3.026513,-1.907356E-03,1.564033E-03,-6.66667E-04
3.027514,-1.548775E-03,1.342781E-03,-6.66667E-04
3.028514,-1.640327E-03,1.365669E-03,-.001
3.029515,-1.899727E-03,1.335151E-03,-6.66667E-04
3.030515,-2.029434E-03,1.152046E-03,6.66667E-04
3.031516,-2.006546E-03,1.159675E-03,.001
3.032516,-2.197281E-03,1.235969E-03,6.66667E-04
3.033517,-2.258316E-03,1.060493E-03,6.66667E-04
3.034517,-1.838692E-03,8.926429E-04,-6.66667E-04
3.035518,-2.059951E-03,8.316077E-04,-6.66667E-04
3.036518,-2.288833E-03,7.553138E-04,.001
3.037519,-2.487198E-03,7.171668E-04,-3.66667E-03
3.038519,-2.45668E-03,1.037605E-03,-.001
3.03952,-2.365127E-03,1.472481E-03,-3.66667E-03
3.04052,-2.32698E-03,1.22834E-03,.001
3.041521,-2.105728E-03,1.419075E-03,.001
3.042521,-2.212539E-03,1.693733E-03,-.002
3.043522,-2.372757E-03,1.831062E-03,.001
3.044522,-1.823433E-03,1.579292E-03,6.66667E-04
3.045523,-1.342781E-03,1.327522E-03,-.002
3.046523,-1.014717E-03,1.220711E-03,-6.66667E-04
3.047524,-1.09864E-03,1.472481E-03,-.001
3.048524,-1.197822E-03,1.541145E-03,.001
3.049525,-1.510628E-03,1.342781E-03,-.002
3.050525,-1.556404E-03,1.152046E-03,6.66667E-04
3.051526,-1.884468E-03,1.426704E-03,6.66667E-04
3.052526,-2.380386E-03,1.632698E-03,-6.66667E-04
3.053527,-2.502456E-03,1.419075E-03,6.66667E-04
3.054527,-2.449051E-03,1.388557E-03,6.66667E-04
3.055528,-2.067581E-03,1.708992E-03,-.001
3.056528,-1.663215E-03,1.411445E-03,-.001
3.057529,-1.434334E-03,1.197822E-03,-.002
3.058529,-1.007088E-03,1.167305E-03,6.66667E-04
3.05953,-9.613074E-04,1.35041E-03,-.001
3.06053,-9.53678E-04,1.464851E-03,6.66667E-04
3.061531,-9.841993E-04,1.235969E-03,-.001
3.062531,-1.075752E-03,1.022346E-03,-.001
3.063532,-1.083381E-03,9.460486E-04,6.66667E-04
3.064532,-1.411445E-03,1.060493E-03,.001
3.065533,-1.48011E-03,1.213081E-03,-.001
3.066533,-1.281746E-03,1.136787E-03,-.002
3.067534,-1.510628E-03,1.029976E-03,-6.66667E-04
3.068534,-1.327522E-03,9.307899E-04,6.66667E-04
3.069535,-1.533516E-03,9.460486E-04,.002
3.070535,-1.846321E-03,1.258858E-03,-.001
3.071536,-1.907356E-03,1.045235E-03,6.66667E-04
3.072536,-1.907356E-03,7.095374E-04,6.66667E-04
3.073537,-1.304634E-03,7.095374E-04,6.66667E-04
3.074537,-1.182564E-03,4.119892E-04,-.001
3.075538,-1.152046E-03,7.629453E-06,6.66667E-04
3.076538,-1.060493E-03,-3.051781E-05,-.002
3.077539,-8.468665E-04,4.348774E-04,-.002
3.078539,-6.103553E-04,6.561317E-04,-6.66667E-04
3.07954,-4.806537E-04,1.060493E-03,6.66667E-04
3.08054,-3.50954E-04,1.297005E-03,-.001
3.081541,-1.907358E-04,1.533516E-03,-6.66667E-04
3.082541,-4.806537E-04,1.304634E-03,-3.66667E-03
3.083542,-1.907358E-04,8.316077E-04,6.66667E-04
3.084542,0,7.40055E-04,-6.66667E-04
3.085543,1.525891E-05,5.111732E-04,-.001
3.086543,-3.051781E-05,7.171668E-04,-2.33333E-03
3.087544,-3.814716E-04,5.645789E-04,-2.33333E-03
3.088544,-5.340613E-04,6.027259E-04,2.33333E-03
3.089545,-7.171668E-04,4.501361E-04,-.001
3.090545,-4.88285E-04,5.416907E-04,-.002
3.091546,-2.441425E-04,5.798377E-04,6.66667E-04
3.092546,2.28883E-05,7.858314E-04,-.002
3.093547,6.103562E-05,5.340613E-04,-6.66667E-04
3.094547,2.059946E-04,8.850135E-04,-6.66667E-04
3.095548,3.433246E-04,1.052864E-03,-6.66667E-04
3.096548,-1.3733E-04,7.705726E-04,-.001
3.097549,-3.204364E-04,5.264319E-04,6.66667E-04
3.098549,-3.738422E-04,8.926429E-04,.001
3.09955,-3.051776E-04,7.171668E-04,-6.66667E-04
3.10055,-7.629441E-05,6.408729E-04,-2.33333E-03
3.101551,1.907358E-04,7.247962E-04,-6.66667E-04
3.102551,4.043598E-04,5.798377E-04,-6.66667E-04
3.103552,-4.57766E-05,5.035438E-04,-.001
3.104552,-2.975482E-04,3.738422E-04,-6.66667E-04
3.105553,-1.297006E-04,1.525888E-04,.001
3.106553,-1.3733E-04,1.525888E-04,6.66667E-04
3.107554,-2.517719E-04,3.662128E-04,-6.66667E-04
3.108554,-3.814716E-04,2.746601E-04,-6.66667E-04
3.109555,7.629441E-05,2.212534E-04,.001
3.110555,3.662128E-04,1.3733E-04,-6.66667E-04
3.111556,5.188026E-04,1.678476E-04,-6.66667E-04
3.112556,1.907358E-04,-9.15532E-05,-6.66667E-04
3.113557,-3.051781E-05,-3.89101E-04,.002
3.114557,-1.525891E-05,-2.441425E-04,-6.66667E-04
3.115558,0,-1.907358E-04,-.001
3.116558,-1.144414E-04,-7.629453E-06,6.66667E-04
3.117559,3.814721E-05,-2.517719E-04,-6.66667E-04
3.118559,1.602182E-04,-3.50954E-04,-6.66667E-04
3.11956,1.525888E-04,0,-.001
3.12056,1.525888E-04,3.356952E-04,6.66667E-04
3.121561,2.288828E-04,3.12807E-04,-.001
3.122561,2.517719E-04,2.822895E-04,.002
3.123562,3.433246E-04,2.746601E-04,-6.66667E-04
3.124562,2.13624E-04,8.392381E-05,-.001
3.125563,5.111732E-04,9.15532E-05,-6.66667E-04
3.126563,5.645789E-04,2.899189E-04,6.66667E-04
3.127564,2.517719E-04,3.585834E-04,-.001
3.128564,3.204364E-04,3.12807E-04,-6.66667E-04
3.129565,-6.866502E-05,1.907358E-04,-.002
3.130565,9.918259E-05,-1.525888E-04,6.66667E-04
3.131566,1.75477E-04,-3.738422E-04,-.001
3.132566,1.75477E-04,-4.119892E-04,-.001
3.133567,-7.629453E-06,-3.89101E-04,6.66667E-04
3.134567,1.297006E-04,0,-6.66667E-04
3.135568,3.50954E-04,1.525888E-04,-.002
3.136568,5.416907E-04,4.57766E-05,-.002
3.137569,4.348774E-04,-2.899189E-04,-.001
3.138569,-6.103562E-05,-4.27248E-04,-.002
3.13957,-5.340599E-05,-2.670307E-04,-.001
3.14057,-2.670307E-04,-3.738422E-04,-6.66667E-04
3.141571,-1.678476E-04,-4.577655E-04,.001
3.142571,-7.629453E-06,-2.517719E-04,6.66667E-04
3.143572,-5.340599E-05,0,6.66667E-04
3.144572,4.577655E-04,1.907358E-04,-.001
3.145573,4.043598E-04,7.629453E-06,-.002
3.146573,1.06812E-04,-2.517719E-04,.001
3.147574,-2.212534E-04,-9.918259E-05,-6.66667E-04
3.148574,-2.670307E-04,-1.06812E-04,6.66667E-04
3.149575,-2.212534E-04,-1.525891E-05,.001
3.150575,-2.670307E-04,-2.975482E-04,-.001
3.151576,1.220712E-04,2.212534E-04,3.66667E-03
3.152576,3.433246E-04,1.525888E-04,-6.66667E-04
3.153577,9.918259E-05,-1.297006E-04,-6.66667E-04
3.154577,2.059946E-04,-2.13624E-04,6.66667E-04
3.155578,1.525888E-04,5.340599E-05,6.66667E-04
3.156578,1.75477E-04,5.340599E-05,.002
3.157579,6.866502E-05,1.06812E-04,-.002
3.158579,3.433246E-04,-4.57766E-05,3.66667E-03
3.15958,7.78202E-04,-5.340599E-05,-2.33333E-03
3.16058,5.645789E-04,1.75477E-04,-.002
3.161581,5.569495E-04,1.75477E-04,6.66667E-04
3.162581,3.50954E-04,6.866502E-05,.001
3.163582,3.585834E-04,4.57766E-05,6.66667E-04
3.164582,1.449594E-04,9.918259E-05,.001
3.165583,6.103562E-05,1.144414E-04,-.001
3.166583,9.15532E-05,-1.678476E-04,-.001
3.167584,-3.051781E-05,4.57766E-05,-3.66667E-03
3.168584,-2.365122E-04,-9.918259E-05,-6.66667E-04
3.169585,6.866502E-05,-3.204364E-04,.001
3.170585,-1.525891E-05,-2.670307E-04,6.66667E-04
3.171586,-1.75477E-04,-2.212534E-04,-6.66667E-04
3.172586,-3.204364E-04,-4.806537E-04,-.002
3.173587,-3.433246E-04,-5.340599E-05,-.001
3.174587,-4.196186E-04,-2.670307E-04,.002
3.175588,-7.629441E-05,-4.730243E-04,6.66667E-04
3.176588,6.866502E-05,-2.441425E-04,.001
3.177589,-4.57766E-05,-2.365122E-04,-6.66667E-04
3.178589,1.144414E-04,0,-.002
3.17959,-7.629441E-05,2.365122E-04,-.002
3.18059,-2.288828E-04,1.678476E-04,6.66667E-04
3.181591,-5.340599E-05,0,-.001
3.182591,1.907358E-04,-1.525888E-04,-6.66667E-04
3.183592,3.12807E-04,-1.907358E-04,-.002
3.184592,5.188026E-04,-3.738422E-04,.001
3.185593,3.89101E-04,-2.13624E-04,-6.66667E-04
3.186593,3.585834E-04,1.297006E-04,-.001
3.187594,3.12807E-04,1.525888E-04,6.66667E-04
3.188594,4.425067E-04,3.051781E-05,-6.66667E-04
3.189595,8.087195E-04,2.212534E-04,-3.66667E-03
3.190595,8.468665E-04,5.722083E-04,-6.66667E-04
3.191596,6.63761E-04,7.553138E-04,6.66667E-04
3.192596,5.416907E-04,4.730243E-04,.001
3.193597,6.63761E-04,3.662128E-04,-.004
3.194597,8.087195E-04,2.059946E-04,6.66667E-04
3.195598,8.621253E-04,3.051781E-05,-.001
3.196598,6.103553E-04,-3.50954E-04,2.33333E-03
3.197599,7.629453E-06,-2.746601E-04,6.66667E-04
3.198599,-4.348774E-04,-1.75477E-04,6.66667E-04
3.1996,-4.043598E-04,4.57766E-05,-.002
3.2006,-2.13624E-04,-5.340599E-05,-.001
3.201601,9.15532E-05,2.899189E-04,6.66667E-04
3.202601,3.051781E-05,3.814721E-05,-.002
3.203602,-1.907358E-04,7.629453E-06,-.001
3.204602,-8.392381E-05,-2.441425E-04,-6.66667E-04
3.205603,2.441425E-04,-5.569495E-04,-2.33333E-03
3.206603,2.899189E-04,-4.730243E-04,.001
3.207604,3.662128E-04,-2.212534E-04,-.002
3.208604,2.365122E-04,1.144414E-04,.001
3.209605,9.918259E-05,4.88285E-04,-6.66667E-04
3.210605,1.144414E-04,2.670307E-04,6.66667E-04
3.211606,3.356952E-04,2.059946E-04,-6.66667E-04
3.212606,5.950965E-04,2.594013E-04,.001
3.213607,3.814716E-04,3.356952E-04,-.002
3.214607,-6.103562E-05,2.670307E-04,-2.33333E-03
3.215608,-2.746601E-04,8.392381E-05,-.002
3.216608,-4.348774E-04,-1.525891E-05,-3.66667E-03
3.217609,-1.907358E-04,-1.06812E-04,6.66667E-04
3.218609,-3.280658E-04,9.918259E-05,6.66667E-04
3.21961,-1.75477E-04,-7.629441E-05,.001
3.22061,-1.3733E-04,-7.629441E-05,-6.66667E-04
3.221611,-2.975482E-04,1.525891E-05,-.001
3.222611,-5.340613E-04,9.15532E-05,6.66667E-04
3.223612,-3.967304E-04,-1.525888E-04,-.001
3.224612,-5.340599E-05,-1.297006E-04,-6.66667E-04
3.225613,2.365122E-04,2.059946E-04,-.001
3.226614,4.730243E-04,2.822895E-04,-.001
3.227614,6.63761E-04,2.13624E-04,.001
3.228614,3.738422E-04,-4.57766E-05,.001
3.229615,1.144414E-04,-3.051781E-05,-6.66667E-04
3.230615,2.288828E-04,6.103562E-05,-.002
3.231616,1.983652E-04,5.874671E-04,6.66667E-04
3.232616,7.629441E-05,2.594013E-04,.002
3.233617,-7.629441E-05,8.392381E-05,-6.66667E-04
3.234617,-2.441425E-04,2.059946E-04,-.002
3.235618,7.629441E-05,3.738422E-04,-6.66667E-04
3.236619,3.967304E-04,-1.06812E-04,-6.66667E-04
3.237619,6.027259E-04,-4.57766E-05,-.001
3.238619,3.204364E-04,3.433246E-04,-.001
3.23962,2.212534E-04,4.730243E-04,-6.66667E-04
3.24062,1.06812E-04,1.907358E-04,.001
3.241621,1.144414E-04,-1.144414E-04,-.002
3.242621,3.433246E-04,-1.602182E-04,6.66667E-04
3.243622,6.866502E-05,0,2.33333E-03
3.244622,-1.907358E-04,-5.340599E-05,.001
3.245623,-3.12807E-04,3.356952E-04,-.001
3.246624,-3.814721E-05,5.722083E-04,.001
3.247624,1.831064E-04,3.814716E-04,.001
3.248624,8.392381E-05,4.653949E-04,6.66667E-04
3.249625,-2.13624E-04,3.051776E-04,.001
3.250625,-2.746601E-04,3.585834E-04,-.001
3.251626,-6.103562E-05,1.983652E-04,-6.66667E-04
3.252626,1.602182E-04,3.12807E-04,-6.66667E-04
3.253627,1.907358E-04,5.111732E-04,-.001
3.254627,1.3733E-04,4.501361E-04,-.002
3.255628,2.594013E-04,1.75477E-04,-.002
3.256629,4.959144E-04,2.822895E-04,-6.66667E-04
3.257629,3.50954E-04,2.059946E-04,-.001
3.258629,-2.212534E-04,1.831064E-04,6.66667E-04
3.25963,-1.06812E-04,-1.602182E-04,-.002
3.26063,1.3733E-04,-3.051776E-04,6.66667E-04
3.261631,4.043598E-04,-3.814716E-04,-6.66667E-04
3.262631,8.239783E-04,-5.264319E-04,-6.66667E-04
3.263632,9.841993E-04,-2.822895E-04,-6.66667E-04
3.264632,7.171668E-04,-4.27248E-04,.001
3.265633,6.63761E-04,-2.594013E-04,-2.33333E-03
3.266634,6.179847E-04,-1.3733E-04,-6.66667E-04
3.267634,4.27248E-04,-1.831064E-04,6.66667E-04
3.268634,5.798377E-04,-5.569495E-04,-6.66667E-04
3.269635,9.918259E-05,-5.798377E-04,-.001
3.270635,-1.907358E-04,-5.874671E-04,-6.66667E-04
3.271636,-7.629453E-06,-3.967304E-04,-6.66667E-04
3.272636,-7.629441E-05,3.051781E-05,-.002
3.273637,-5.340599E-05,1.220712E-04,.001
3.274637,-8.392381E-05,5.416907E-04,6.66667E-04
3.275638,1.06812E-04,5.798377E-04,-.001
3.276639,2.822895E-04,7.324256E-04,-6.66667E-04
3.277639,2.059946E-04,7.01908E-04,-.001
3.278639,-2.059946E-04,3.50954E-04,6.66667E-04
3.27964,-3.12807E-04,2.059946E-04,6.66667E-04
3.28064,-3.12807E-04,-1.525891E-05,6.66667E-04
3.281641,-2.441425E-04,-3.204364E-04,.001
3.282641,-2.594013E-04,-1.449594E-04,6.66667E-04
3.283642,-9.918259E-05,-2.28883E-05,6.66667E-04
3.284642,6.63761E-04,-3.814721E-05,-.002
3.285643,4.501361E-04,-2.13624E-04,.002
3.286644,2.670307E-04,-5.188026E-04,.001
3.287644,3.280658E-04,-3.814716E-04,-.002
3.288644,2.746601E-04,-3.204364E-04,-.002
3.289645,-9.15532E-05,-1.602182E-04,-.001
3.290645,-6.866502E-05,-1.144414E-04,.001
3.291646,2.212534E-04,-1.297006E-04,-6.66667E-04
3.292646,7.01908E-04,9.918259E-05,.001
3.293647,2.899189E-04,3.12807E-04,-2.33333E-03
3.294647,2.059946E-04,-2.28883E-05,6.66667E-04
3.295648,2.822895E-04,-2.975482E-04,6.66667E-04
3.296649,-8.392381E-05,-2.822895E-04,6.66667E-04
3.297649,-3.12807E-04,-2.441425E-04,-6.66667E-04
3.298649,-1.602182E-04,-1.602182E-04,-.001
3.29965,3.051781E-05,-2.365122E-04,-.001
3.30065,-1.06812E-04,1.602182E-04,6.66667E-04
3.301651,4.57766E-05,-7.629453E-06,-.001
3.302651,2.288828E-04,-1.907358E-04,-3.66667E-03
3.303652,1.525888E-04,-3.12807E-04,-.001
3.304652,2.288828E-04,-3.356952E-04,-.002
3.305653,2.822895E-04,-2.288828E-04,-.002
3.306653,4.730243E-04,-3.50954E-04,-6.66667E-04
3.307654,1.602182E-04,-7.629441E-05,-.001
3.308654,0,2.13624E-04,6.66667E-04
3.309655,2.059946E-04,2.059946E-04,-6.66667E-04
3.310655,3.12807E-04,2.594013E-04,-.001
3.311656,1.983652E-04,7.629441E-05,6.66667E-04
3.312656,7.629441E-05,-3.433246E-04,6.66667E-04
3.313657,-3.814721E-05,-5.722083E-04,-6.66667E-04
3.314657,1.983652E-04,-4.27248E-04,.001
3.315658,5.493201E-04,-4.27248E-04,-.001
3.316658,6.332435E-04,-4.653949E-04,-.002
3.317659,4.806537E-04,-2.441425E-04,-6.66667E-04
3.318659,2.212534E-04,-1.144414E-04,-.001
3.31966,-6.866502E-05,1.602182E-04,2.33333E-03
3.32066,9.918259E-05,6.256141E-04,-6.66667E-04
3.321661,1.525888E-04,5.264319E-04,-6.66667E-04
3.322661,-7.629453E-06,6.027259E-04,-.002
3.323662,-6.866502E-05,3.356952E-04,6.66667E-04
3.324662,-3.814721E-05,-7.629453E-06,-6.66667E-04
3.325663,9.918259E-05,-1.983652E-04,-6.66667E-04
3.326663,3.204364E-04,1.525891E-05,-6.66667E-04
3.327664,1.75477E-04,0,-5.33333E-03
3.328664,1.831064E-04,5.340599E-05,-6.66667E-04
3.329665,-1.983652E-04,-2.670307E-04,-.002
3.330665,-4.959144E-04,-4.730243E-04,-6.66667E-04
3.331666,-2.899189E-04,-3.12807E-04,-6.66667E-04
3.332666,-3.814716E-04,-2.975482E-04,-.002
3.333667,-1.602182E-04,-1.602182E-04,-6.66667E-04
3.334667,-1.06812E-04,-2.212534E-04,-.002
3.335668,3.051781E-05,0,-6.66667E-04
3.336668,4.57766E-05,1.3733E-04,-.002
3.337669,3.738422E-04,3.356952E-04,-.001
3.338669,5.722083E-04,2.059946E-04,6.66667E-04
3.33967,4.730243E-04,-1.06812E-04,-6.66667E-04
3.34067,2.059946E-04,-2.670307E-04,-6.66667E-04
3.341671,4.88285E-04,9.918259E-05,.001
3.342671,5.950965E-04,5.340613E-04,-6.66667E-04
3.343672,2.365122E-04,4.043598E-04,.002
3.344672,0,2.517719E-04,-.002
3.345673,0,5.798377E-04,6.66667E-04
3.346673,3.051781E-05,4.730243E-04,-.002
3.347674,1.449594E-04,4.196186E-04,-.001
3.348674,9.918259E-05,3.662128E-04,-.001
3.349675,2.441425E-04,2.746601E-04,6.66667E-04
3.350675,3.814716E-04,1.907358E-04,-.002
3.351676,-7.629453E-06,2.365122E-04,.001
3.352676,4.57766E-05,6.866502E-05,-6.66667E-04
3.353677,1.3733E-04,-1.297006E-04,-.001
3.354677,-3.204364E-04,-3.433246E-04,.002
3.355678,-2.594013E-04,-3.585834E-04,-.002
3.356678,-1.449594E-04,-6.866502E-05,.001
3.357679,-1.06812E-04,-4.57766E-05,-6.66667E-04
3.358679,-2.441425E-04,0,6.66667E-04
3.35968,-3.051776E-04,-5.340599E-05,-.004
3.36068,-1.144414E-04,-3.89101E-04,.002
3.361681,-3.738422E-04,-4.043598E-04,-.002
3.362681,-4.730243E-04,6.103562E-05,.001
3.363682,-6.561317E-04,3.662128E-04,6.66667E-04
3.364682,-6.103553E-04,2.517719E-04,-6.66667E-04
3.365683,-1.449594E-04,3.12807E-04,-.001
3.366683,3.051781E-05,8.392381E-05,-.002
3.367684,-2.212534E-04,0,.001
3.368684,-6.103562E-05,1.449594E-04,-6.66667E-04
3.369685,-1.06812E-04,1.220712E-04,-.001
3.370685,1.678476E-04,-5.722083E-04,6.66667E-04
3.371686,4.88285E-04,-7.171668E-04,.001
3.372686,8.468665E-04,-6.408729E-04,-.002
3.373687,5.950965E-04,-3.738422E-04,-.002
3.374687,4.806537E-04,-2.13624E-04,-.002
3.375688,1.678476E-04,-1.907358E-04,6.66667E-04
3.376688,-4.119892E-04,-1.525888E-04,-.002
3.377689,-2.517719E-04,-2.670307E-04,6.66667E-04
3.378689,2.822895E-04,-3.814721E-05,6.66667E-04
3.37969,4.119892E-04,-6.866502E-05,-6.66667E-04
3.38069,2.746601E-04,0,.001
3.381691,1.449594E-04,2.670307E-04,-6.66667E-04
3.382691,2.899189E-04,-8.392381E-05,6.66667E-04
3.383692,-5.340599E-05,2.822895E-04,6.66667E-04
3.384692,-1.144414E-04,1.75477E-04,-.002
3.385693,-1.3733E-04,6.866502E-05,.002
3.386693,-1.220712E-04,2.212534E-04,-6.66667E-04
3.387694,-2.365122E-04,2.365122E-04,6.66667E-04
3.388694,-3.12807E-04,1.144414E-04,-.001
3.389695,-1.602182E-04,9.918259E-05,-.001
3.390696,-5.340599E-05,-1.602182E-04,.001
3.391696,-1.602182E-04,-3.12807E-04,-.002
3.392696,-1.602182E-04,-1.75477E-04,-.001
3.393697,-2.13624E-04,3.051781E-05,6.66667E-04
3.394697,-1.907358E-04,-1.75477E-04,-.002
3.395698,-1.220712E-04,4.57766E-05,.001
3.396698,3.051781E-05,3.585834E-04,-.001
3.397699,4.653949E-04,4.501361E-04,-6.66667E-04
3.398699,5.798377E-04,4.653949E-04,.001
3.3997,3.662128E-04,6.561317E-04,-.001
3.400701,4.88285E-04,5.569495E-04,.001
3.401701,1.449594E-04,2.365122E-04,-.002
3.402701,-7.629441E-05,1.220712E-04,-5.33333E-03
3.403702,1.144414E-04,-1.06812E-04,-.002
3.404702,3.89101E-04,2.059946E-04,-.001
3.405703,4.425067E-04,5.645789E-04,-.002
3.406703,3.738422E-04,6.027259E-04,.001
3.407704,8.392381E-05,2.594013E-04,6.66667E-04
3.408704,3.662128E-04,-1.602182E-04,6.66667E-04
3.409705,3.433246E-04,-6.942786E-04,6.66667E-04
3.410706,3.89101E-04,-4.806537E-04,.001
3.411706,6.408729E-04,-8.392381E-05,-.002
3.412706,5.798377E-04,-3.051781E-05,-.001
3.413707,5.111732E-04,-1.449594E-04,-6.66667E-04
3.414707,4.88285E-04,-2.670307E-04,-.002
3.415708,3.738422E-04,-1.983652E-04,2.33333E-03
3.416708,2.059946E-04,-2.441425E-04,-.001
3.417709,1.75477E-04,-1.75477E-04,-.001
3.418709,2.517719E-04,-1.3733E-04,.002
3.41971,-8.392381E-05,-2.670307E-04,-2.33333E-03
3.420711,-4.577655E-04,0,-6.66667E-04
3.421711,-4.501361E-04,-1.75477E-04,6.66667E-04
3.422711,-3.204364E-04,-2.670307E-04,-.002
3.423712,-5.340599E-05,-6.713904E-04,6.66667E-04
3.424712,1.297006E-04,-7.095374E-04,-.002
3.425713,3.12807E-04,-3.50954E-04,6.66667E-04
3.426713,3.280658E-04,-1.297006E-04,-.002
3.427714,7.629453E-06,-1.983652E-04,6.66667E-04
3.428714,4.57766E-05,3.051781E-05,-.002
3.429715,2.365122E-04,2.975482E-04,-.001
3.430716,6.866502E-05,4.501361E-04,.001
3.431716,2.288828E-04,4.425067E-04,-.002
3.432716,3.280658E-04,3.662128E-04,-.001
3.433717,3.051781E-05,4.653949E-04,-.002
3.434717,8.392381E-05,1.602182E-04,-.001
3.435718,2.13624E-04,2.059946E-04,.001
3.436718,2.28883E-05,4.57766E-05,-6.66667E-04
3.437719,-2.365122E-04,-3.051781E-05,-6.66667E-04
3.438719,-2.670307E-04,-1.297006E-04,-3.66667E-03
3.43972,-2.365122E-04,1.907358E-04,-.001
3.440721,-2.28883E-05,9.918259E-05,-2.33333E-03
3.441721,2.670307E-04,-8.392381E-05,-6.66667E-04
3.442721,2.670307E-04,1.525891E-05,-.002
3.443722,4.27248E-04,1.907358E-04,-6.66667E-04
3.444722,1.831064E-04,1.525888E-04,.002
3.445723,4.27248E-04,-3.585834E-04,-.001
3.446723,4.425067E-04,-4.959144E-04,-.002
3.447724,9.918259E-05,-8.087195E-04,-6.66667E-04
3.448724,-5.340599E-05,-1.525888E-04,-.001
3.449725,3.204364E-04,1.220712E-04,-2.33333E-03
3.450726,-2.212534E-04,-9.15532E-05,.001
3.451726,-2.212534E-04,-1.449594E-04,-.001
3.452726,-7.629453E-06,-2.13624E-04,-6.66667E-04
3.453727,-2.670307E-04,-2.441425E-04,.001
3.454727,1.983652E-04,-3.967304E-04,-6.66667E-04
3.455728,2.288828E-04,-1.831064E-04,-6.66667E-04
3.456728,2.059946E-04,1.525888E-04,-.001
3.457729,3.662128E-04,1.144414E-04,.002
3.458729,7.705726E-04,1.525888E-04,-.001
3.45973,5.035438E-04,4.577655E-04,-.001
3.460731,-1.75477E-04,2.594013E-04,-6.66667E-04
3.461731,1.144414E-04,-3.204364E-04,-3.66667E-03
3.462731,1.602182E-04,-2.059946E-04,.001
3.463732,1.983652E-04,-1.220712E-04,-.002
3.464732,-1.602182E-04,-1.220712E-04,-.002
3.465733,3.814721E-05,-7.629453E-06,.001
3.466733,1.525888E-04,-4.425067E-04,-.002
3.467734,2.365122E-04,-3.814716E-04,-6.66667E-04
3.468734,4.88285E-04,-7.629453E-06,-.001
3.469735,4.501361E-04,-3.051776E-04,-.001
3.470736,6.866502E-05,-2.822895E-04,-.001
3.471736,2.212534E-04,-4.653949E-04,-6.66667E-04
3.472736,2.975482E-04,-1.907358E-04,.001
3.473737,2.059946E-04,1.983652E-04,.001
3.474737,-1.297006E-04,1.297006E-04,-6.66667E-04
3.475738,-1.525891E-05,-6.103562E-05,-2.33333E-03
3.476738,9.15532E-05,-5.111732E-04,.001
3.477739,-5.340599E-05,-4.27248E-04,-.001
3.478739,-1.3733E-04,1.525888E-04,-.001
3.47974,-2.13624E-04,3.662128E-04,.001
3.480741,-2.212534E-04,2.594013E-04,6.66667E-04
3.481741,-2.670307E-04,0,6.66667E-04
3.482741,-7.629441E-05,-1.602182E-04,-.002
3.483742,-4.196186E-04,-1.297006E-04,-2.33333E-03
3.484742,-1.602182E-04,2.13624E-04,-6.66667E-04
3.485743,2.288828E-04,7.629441E-05,-.001
3.486743,3.051776E-04,2.594013E-04,.001
3.487744,1.525891E-05,6.790198E-04,6.66667E-04
3.488744,-1.06812E-04,2.365122E-04,-6.66667E-04
3.489745,9.15532E-05,4.57766E-05,-.001
3.490746,1.983652E-04,-3.814716E-04,-.002
3.491746,3.585834E-04,-3.204364E-04,-6.66667E-04
3.492746,2.365122E-04,-3.814721E-05,.001
3.493747,3.12807E-04,4.57766E-05,-.002
3.494747,-1.220712E-04,-1.678476E-04,-6.66667E-04
3.495748,-2.28883E-05,-2.670307E-04,-2.33333E-03
3.496748,1.525888E-04,-4.806537E-04,6.66667E-04
3.497749,-9.15532E-05,-2.13624E-04,6.66667E-04
3.498749,0,2.288828E-04,6.66667E-04
3.49975,1.144414E-04,4.043598E-04,.001
3.500751,4.57766E-05,2.365122E-04,-6.66667E-04
3.501751,-3.814721E-05,-1.144414E-04,-.002
3.502751,2.28883E-05,-1.602182E-04,-.001
3.503752,1.06812E-04,1.525888E-04,.001
3.504752,9.918259E-05,3.051776E-04,-6.66667E-04
3.505753,3.051776E-04,1.449594E-04,-.002
3.506753,1.831064E-04,-1.678476E-04,-.002
3.507754,-2.059946E-04,-3.967304E-04,-6.66667E-04
3.508754,1.525888E-04,-3.12807E-04,6.66667E-04
3.509755,2.212534E-04,-2.441425E-04,6.66667E-04
3.510756,1.602182E-04,4.57766E-05,-3.66667E-03
3.511756,2.670307E-04,3.662128E-04,6.66667E-04
3.512756,1.525888E-04,6.408729E-04,.001
3.513757,-1.525891E-05,4.501361E-04,.001
3.514757,-8.392381E-05,-3.814721E-05,.002
3.515758,-1.06812E-04,-6.866502E-05,6.66667E-04
3.516758,-3.814721E-05,-3.738422E-04,-6.66667E-04
3.517759,8.392381E-05,-1.75477E-04,6.66667E-04
3.518759,1.907358E-04,-2.975482E-04,-.002
3.51976,1.602182E-04,-2.517719E-04,.001
3.520761,7.629441E-05,-4.196186E-04,-.002
3.521761,7.629441E-05,-3.662128E-04,-.001
3.522761,2.059946E-04,-3.814716E-04,-.001
3.523762,9.918259E-05,-1.525888E-04,-6.66667E-04
3.524762,-6.866502E-05,3.051781E-05,-.002
3.525763,-2.899189E-04,1.144414E-04,-6.66667E-04
3.526763,-1.983652E-04,9.918259E-05,-.002
3.527764,2.28883E-05,3.814721E-05,6.66667E-04
3.528764,1.602182E-04,1.06812E-04,-6.66667E-04
3.529765,1.06812E-04,8.392381E-05,-6.66667E-04
3.530766,2.594013E-04,9.918259E-05,-3.66667E-03
3.531766,1.449594E-04,8.392381E-05,-6.66667E-04
3.532766,-8.392381E-05,1.525891E-05,-.002
3.533767,-3.50954E-04,4.57766E-05,6.66667E-04
3.534767,-4.653949E-04,-1.220712E-04,-.001
3.535768,-4.57766E-05,-2.13624E-04,-6.66667E-04
3.536768,-6.103562E-05,-1.602182E-04,-.004
3.537769,-1.678476E-04,7.629453E-06,-.001
3.538769,-4.425067E-04,-9.15532E-05,-6.66667E-04
3.53977,-3.967304E-04,-2.365122E-04,.001
3.540771,-1.297006E-04,-3.738422E-04,-6.66667E-04
3.541771,-5.340599E-05,-4.57766E-05,-.002
3.542771,0,-2.670307E-04,-6.66667E-04
3.543772,2.059946E-04,-2.670307E-04,-6.66667E-04
3.544772,5.340599E-05,2.212534E-04,-.001
3.545773,1.602182E-04,2.059946E-04,-.002
3.546773,2.059946E-04,2.594013E-04,6.66667E-04
3.547774,-6.103562E-05,3.051776E-04,-6.66667E-04
3.548774,2.594013E-04,4.730243E-04,-.001
3.549775,6.179847E-04,5.111732E-04,-6.66667E-04
3.550776,8.926429E-04,3.433246E-04,-6.66667E-04
3.551776,7.476844E-04,9.918259E-05,6.66667E-04
3.552776,3.662128E-04,4.348774E-04,-.001
3.553777,-6.103562E-05,3.433246E-04,-.001
3.554777,-1.525891E-05,1.06812E-04,-.004
3.555778,4.57766E-05,1.297006E-04,-2.33333E-03
3.556778,3.12807E-04,4.57766E-05,-.002
3.557779,2.746601E-04,-2.059946E-04,6.66667E-04
3.558779,1.297006E-04,-4.27248E-04,-.001
3.55978,-4.27248E-04,-2.975482E-04,-.002
3.560781,-4.730243E-04,-7.629453E-06,2.33333E-03
3.561781,-3.738422E-04,7.629453E-06,.001
3.562781,-3.738422E-04,5.340599E-05,6.66667E-04
3.563782,-4.196186E-04,4.348774E-04,-6.66667E-04
3.564783,-1.449594E-04,1.144414E-04,6.66667E-04
3.565783,-6.103562E-05,7.629441E-05,6.66667E-04
3.566783,-2.288828E-04,2.517719E-04,6.66667E-04
3.567784,-4.653949E-04,6.103562E-05,6.66667E-04
3.568784,-4.27248E-04,1.831064E-04,-.001
3.569785,-4.27248E-04,6.027259E-04,6.66667E-04
3.570786,-3.433246E-04,1.525888E-04,.001
3.571786,-1.602182E-04,-9.15532E-05,-.002
3.572786,-2.822895E-04,-9.918259E-05,2.33333E-03
3.573787,-1.06812E-04,-1.06812E-04,-6.66667E-04
3.574788,1.907358E-04,-2.670307E-04,-6.66667E-04
3.575788,1.831064E-04,-5.493201E-04,-.001
3.576788,2.517719E-04,-5.798377E-04,-.001
3.577789,1.06812E-04,-4.57766E-05,6.66667E-04
3.578789,3.967304E-04,1.678476E-04,-6.66667E-04
3.57979,9.918259E-05,5.645789E-04,-3.66667E-03
3.580791,0,3.12807E-04,-6.66667E-04
3.581791,7.629441E-05,1.06812E-04,6.66667E-04
3.582791,2.059946E-04,-6.103562E-05,.002
3.583792,2.059946E-04,1.983652E-04,-6.66667E-04
3.584793,4.57766E-05,1.983652E-04,.001
3.585793,2.594013E-04,2.670307E-04,.001
3.586793,1.602182E-04,1.678476E-04,6.66667E-04
3.587794,4.57766E-05,-1.602182E-04,-6.66667E-04
3.588794,-4.57766E-05,-6.103562E-05,.001
3.589795,-2.13624E-04,-1.06812E-04,.001
3.590796,-3.204364E-04,-3.50954E-04,-6.66667E-04
3.591796,-3.662128E-04,-7.934608E-04,6.66667E-04
3.592796,-3.280658E-04,-6.179847E-04,-6.66667E-04
3.593797,-1.602182E-04,-4.806537E-04,-.002
3.594798,1.525888E-04,-6.027259E-04,-.001
3.595798,1.297006E-04,-8.468665E-04,6.66667E-04
3.596798,5.340613E-04,-8.239783E-04,-6.66667E-04
3.597799,4.88285E-04,-3.89101E-04,.004
3.598799,2.365122E-04,-1.602182E-04,-3.66667E-03
3.5998,-5.340599E-05,-1.449594E-04,6.66667E-04
3.600801,7.629453E-06,-2.28883E-05,.001
3.601801,3.356952E-04,6.866502E-05,-6.66667E-04
3.602801,3.967304E-04,7.629441E-05,-3.66667E-03
3.603802,2.059946E-04,1.525888E-04,-.001
3.604803,2.059946E-04,9.15532E-05,-6.66667E-04
3.605803,1.525891E-05,2.670307E-04,-.001
3.606803,-8.392381E-05,2.899189E-04,-3.66667E-03
3.607804,-5.340599E-05,8.392381E-05,6.66667E-04
3.608804,-1.602182E-04,4.57766E-05,-3.66667E-03
3.609805,-3.12807E-04,-1.144414E-04,-.001
3.610806,5.340599E-05,-9.918259E-05,6.66667E-04
3.611806,4.196186E-04,-1.220712E-04,6.66667E-04
3.612806,4.653949E-04,-4.119892E-04,-6.66667E-04
3.613807,4.88285E-04,-3.50954E-04,6.66667E-04
3.614808,5.111732E-04,1.678476E-04,.001
3.615808,1.678476E-04,6.866502E-05,-.001
3.616808,0,-9.918259E-05,6.66667E-04
3.617809,-1.602182E-04,-1.75477E-04,.001
3.618809,-6.866502E-05,3.814721E-05,-6.66667E-04
3.61981,4.196186E-04,5.340599E-05,6.66667E-04
3.620811,5.416907E-04,-2.670307E-04,-.002
3.621811,6.179847E-04,-3.204364E-04,-.001
3.622811,4.730243E-04,-2.899189E-04,-2.33333E-03
3.623812,1.983652E-04,-3.204364E-04,-6.66667E-04
3.624813,2.059946E-04,-3.051776E-04,-6.66667E-04
3.625813,3.12807E-04,-1.602182E-04,-.001
3.626813,1.983652E-04,1.220712E-04,-6.66667E-04
3.627814,8.392381E-05,1.525888E-04,-.001
3.628814,-1.525891E-05,-7.629441E-05,-.004
3.629815,-2.365122E-04,-7.629441E-05,.001
3.630816,-3.12807E-04,-3.433246E-04,-.002
3.631816,-5.874671E-04,-3.12807E-04,-.002
3.632816,-1.525891E-05,-1.220712E-04,-6.66667E-04
3.633817,7.629441E-05,0,-2.33333E-03
3.634818,3.280658E-04,-7.629441E-05,-6.66667E-04
3.635818,5.340613E-04,-1.831064E-04,-2.33333E-03
3.636818,2.746601E-04,7.629441E-05,2.33333E-03
3.637819,1.907358E-04,2.517719E-04,.001
3.638819,5.416907E-04,-1.144414E-04,-6.66667E-04
3.63982,5.722083E-04,-2.13624E-04,-6.66667E-04
3.640821,2.822895E-04,-3.50954E-04,-3.66667E-03
3.641821,0,3.814721E-05,.001
3.642821,-5.340599E-05,2.670307E-04,.001
3.643822,-8.392381E-05,1.525888E-04,-.002
3.644823,3.051781E-05,4.196186E-04,6.66667E-04
3.645823,2.670307E-04,5.874671E-04,-.001
3.646823,-2.212534E-04,2.899189E-04,.001
3.647824,-2.212534E-04,0,6.66667E-04
3.648824,-1.3733E-04,6.866502E-05,6.66667E-04
3.649825,0,-2.28883E-05,-.002
3.650826,-1.907358E-04,3.50954E-04,-6.66667E-04
3.651826,-6.866502E-05,2.517719E-04,-.002
3.652826,3.585834E-04,-9.15532E-05,6.66667E-04
3.653827,4.806537E-04,-2.822895E-04,6.66667E-04
3.654828,2.517719E-04,-1.75477E-04,-6.66667E-04
3.655828,4.57766E-05,-2.059946E-04,-.001
3.656828,2.746601E-04,-1.297006E-04,-.002
3.657829,3.585834E-04,3.738422E-04,-.001
3.658829,1.06812E-04,8.850135E-04,-.001
3.65983,3.814721E-05,8.697547E-04,6.66667E-04
3.66083,-2.594013E-04,2.746601E-04,-.002
3.661831,-3.051781E-05,-1.525891E-05,-.002
3.662831,4.57766E-05,2.28883E-05,-.001
3.663832,6.103562E-05,-2.28883E-05,.001
3.664833,-6.866502E-05,-5.340599E-05,-2.33333E-03
3.665833,-1.297006E-04,1.144414E-04,-6.66667E-04
3.666833,-2.746601E-04,-1.525888E-04,-6.66667E-04
3.667834,-1.602182E-04,-4.577655E-04,.001
3.668834,-1.75477E-04,-5.416907E-04,-.001
3.669835,-2.288828E-04,-4.806537E-04,6.66667E-04
3.670835,3.585834E-04,-1.907358E-04,-6.66667E-04
3.671836,2.059946E-04,-5.340599E-05,6.66667E-04
3.672836,1.220712E-04,5.340599E-05,-.002
3.673837,-2.517719E-04,1.3733E-04,-.002
3.674838,3.051781E-05,-3.051781E-05,.001
3.675838,-1.144414E-04,-5.340599E-05,-.002
3.676838,6.866502E-05,9.918259E-05,-6.66667E-04
3.677839,-3.814721E-05,-2.288828E-04,-6.66667E-04
3.678839,-1.06812E-04,-3.738422E-04,-.001
3.67984,-3.50954E-04,-2.212534E-04,6.66667E-04
3.68084,-3.051776E-04,-4.806537E-04,-6.66667E-04
3.681841,-3.204364E-04,-4.88285E-04,-6.66667E-04
3.682841,-3.204364E-04,-2.365122E-04,-6.66667E-04
3.683842,-1.678476E-04,1.144414E-04,-.001
3.684843,-6.103562E-05,3.051781E-05,-6.66667E-04
3.685843,5.340599E-05,4.043598E-04,-2.33333E-03
3.686843,1.983652E-04,1.297006E-04,-6.66667E-04
3.687844,1.144414E-04,-4.57766E-05,-.002
3.688844,1.297006E-04,-2.670307E-04,6.66667E-04
3.689845,4.57766E-05,-1.220712E-04,.002
3.690845,1.525888E-04,-1.297006E-04,6.66667E-04
3.691846,3.585834E-04,-1.297006E-04,-.002
3.692847,1.75477E-04,7.629441E-05,-.002
3.693847,7.629441E-05,2.059946E-04,-.002
3.694848,-1.144414E-04,3.12807E-04,6.66667E-04
3.695848,-1.297006E-04,-1.75477E-04,-.001
3.696848,-1.06812E-04,-2.594013E-04,6.66667E-04
3.697849,-9.918259E-05,-9.15532E-05,-.002
3.698849,2.28883E-05,2.059946E-04,-6.66667E-04
3.69985,-7.629453E-06,9.15532E-05,-6.66667E-04
3.70085,7.629441E-05,-1.602182E-04,-.001
3.701851,2.517719E-04,0,.001
3.702852,2.365122E-04,-7.629453E-06,-6.66667E-04
3.703852,1.144414E-04,0,-.002
3.704853,2.212534E-04,-4.501361E-04,6.66667E-04
3.705853,2.746601E-04,-3.204364E-04,-6.66667E-04
3.706853,4.196186E-04,-2.059946E-04,-.002
3.707854,3.433246E-04,2.365122E-04,-6.66667E-04
3.708854,2.899189E-04,7.629453E-06,6.66667E-04
3.709855,2.517719E-04,9.918259E-05,.002
3.710855,9.918259E-05,1.678476E-04,.001
3.711856,3.204364E-04,-5.340599E-05,.001
3.712857,2.975482E-04,-2.441425E-04,-.001
3.713857,5.188026E-04,-2.13624E-04,-3.66667E-03
3.714858,3.585834E-04,1.06812E-04,6.66667E-04
3.715858,8.392381E-05,4.27248E-04,-6.66667E-04
3.716858,0,9.15532E-05,-.001
3.717859,5.340613E-04,1.525888E-04,.001
3.718859,4.348774E-04,2.13624E-04,6.66667E-04
3.71986,4.043598E-04,3.051776E-04,-.001
3.72086,2.288828E-04,4.88285E-04,.001
3.721861,6.103562E-05,4.577655E-04,-.001
3.722862,4.57766E-05,6.866502E-05,-.002
3.723862,1.831064E-04,-1.449594E-04,-.002
3.724863,4.730243E-04,-1.907358E-04,-6.66667E-04
3.725863,9.15532E-05,-2.670307E-04,6.66667E-04
3.726863,-1.220712E-04,8.392381E-05,.001
3.727864,-2.746601E-04,8.392381E-05,.004
3.728864,-1.06812E-04,1.449594E-04,-6.66667E-04
3.729865,9.15532E-05,2.899189E-04,-.002
3.730865,0,3.12807E-04,.002
3.731866,-4.730243E-04,2.670307E-04,-.001
3.732867,-5.569495E-04,2.13624E-04,.001
3.733867,-4.425067E-04,3.12807E-04,-.001
3.734868,-3.662128E-04,1.75477E-04,6.66667E-04
3.735868,-1.907358E-04,-2.365122E-04,-6.66667E-04
3.736868,5.340599E-05,-4.196186E-04,-6.66667E-04
3.737869,1.525888E-04,-4.119892E-04,6.66667E-04
3.73887,2.441425E-04,-1.602182E-04,6.66667E-04
3.73987,1.525888E-04,2.28883E-05,-.002
3.74087,-2.594013E-04,2.059946E-04,-.001
3.741871,-2.670307E-04,-1.06812E-04,-2.33333E-03
3.742872,6.866502E-05,-5.340599E-05,-.001
3.743872,-6.866502E-05,-2.670307E-04,-6.66667E-04
3.744873,-2.822895E-04,-4.57766E-05,-6.66667E-04
3.745873,2.28883E-05,9.918259E-05,6.66667E-04
3.746873,9.15532E-05,2.594013E-04,-.002
3.747874,-9.15532E-05,3.204364E-04,-6.66667E-04
3.748875,-4.27248E-04,2.594013E-04,-3.66667E-03
3.749875,-6.485023E-04,1.525888E-04,-6.66667E-04
3.750875,-5.645789E-04,1.831064E-04,-6.66667E-04
3.751876,-7.629432E-04,3.967304E-04,-6.66667E-04
3.752877,-4.806537E-04,-2.13624E-04,-6.66667E-04
3.753877,-4.043598E-04,2.28883E-05,-.002
3.754878,-6.027259E-04,1.525891E-05,6.66667E-04
3.755878,-3.12807E-04,1.144414E-04,-.002
3.756878,5.340599E-05,5.340599E-05,.001
3.757879,-1.525891E-05,2.28883E-05,-6.66667E-04
3.75888,-2.975482E-04,-1.75477E-04,-6.66667E-04
3.75988,-2.365122E-04,-2.517719E-04,-.001
3.76088,-2.28883E-05,-3.662128E-04,-6.66667E-04
3.761881,2.28883E-05,-1.06812E-04,.002
3.762882,-4.348774E-04,1.220712E-04,-6.66667E-04
3.763882,-6.408729E-04,4.730243E-04,-.001
3.764883,-7.78202E-04,4.959144E-04,-2.33333E-03
3.765883,-4.501361E-04,3.051776E-04,.002
3.766883,-2.975482E-04,3.12807E-04,-6.66667E-04
3.767884,2.28883E-05,1.75477E-04,2.33333E-03
3.768885,-4.57766E-05,-3.051781E-05,6.66667E-04
3.769885,-1.602182E-04,1.449594E-04,-.002
3.770885,-1.678476E-04,1.3733E-04,-6.66667E-04
3.771886,4.57766E-05,5.340599E-05,.002
3.772887,1.06812E-04,6.866502E-05,-6.66667E-04
3.773887,3.204364E-04,-2.28883E-05,-6.66667E-04
3.774888,4.501361E-04,4.57766E-05,6.66667E-04
3.775888,-4.57766E-05,-6.866502E-05,6.66667E-04
3.776888,1.144414E-04,1.602182E-04,-3.66667E-03
3.777889,3.738422E-04,-1.06812E-04,-.001
3.77889,2.441425E-04,-1.297006E-04,-.001
3.77989,2.517719E-04,-2.670307E-04,.001
3.78089,2.594013E-04,-3.967304E-04,-6.66667E-04
3.781891,-1.297006E-04,-3.280658E-04,6.66667E-04
3.782892,-4.27248E-04,-3.204364E-04,-.001
3.783892,-4.88285E-04,-9.918259E-05,-6.66667E-04
3.784893,-4.119892E-04,3.12807E-04,.002
3.785893,-3.204364E-04,3.356952E-04,-2.33333E-03
3.786893,-4.425067E-04,1.602182E-04,6.66667E-04
3.787894,-2.13624E-04,1.297006E-04,6.66667E-04
3.788895,1.3733E-04,2.594013E-04,.001
3.789895,3.12807E-04,4.730243E-04,-.001
3.790895,-6.103562E-05,2.975482E-04,6.66667E-04
3.791896,-3.280658E-04,0,-.002
3.792897,-7.629441E-05,-2.13624E-04,-2.33333E-03
3.793897,1.144414E-04,-1.220712E-04,6.66667E-04
3.794898,4.577655E-04,8.392381E-05,-2.33333E-03
3.795898,2.670307E-04,1.678476E-04,-.001
3.796898,1.907358E-04,-1.525888E-04,6.66667E-04
3.797899,7.629453E-06,1.831064E-04,.001
3.7989,-5.340599E-05,6.103562E-05,-6.66667E-04
3.7999,8.392381E-05,-2.822895E-04,-.002
3.8009,3.204364E-04,-2.822895E-04,-2.33333E-03
3.801901,2.746601E-04,-1.831064E-04,-6.66667E-04
3.802902,4.57766E-05,1.449594E-04,6.66667E-04
3.803902,2.28883E-05,3.433246E-04,-.001
3.804903,-2.28883E-05,2.212534E-04,-6.66667E-04
3.805903,-1.983652E-04,-1.602182E-04,.001
3.806903,-2.441425E-04,-5.340599E-05,-6.66667E-04
3.807904,0,-3.051776E-04,6.66667E-04
3.808905,-9.15532E-05,-2.670307E-04,-6.66667E-04
3.809905,-4.806537E-04,-1.907358E-04,-6.66667E-04
3.810905,-5.035438E-04,0,-.001
3.811906,-3.12807E-04,7.629441E-05,-.001
3.812907,-7.629453E-06,-2.594013E-04,-.001
3.813907,-6.103562E-05,-4.196186E-04,.002
3.814908,8.392381E-05,-3.204364E-04,-6.66667E-04
3.815908,-1.3733E-04,-4.043598E-04,-.001
3.816908,-1.449594E-04,-2.13624E-04,-.002
3.817909,-1.602182E-04,2.13624E-04,-.001
3.81891,-5.340613E-04,4.043598E-04,6.66667E-04
3.81991,-4.806537E-04,9.918259E-05,-2.33333E-03
3.82091,-5.416907E-04,9.15532E-05,-3.66667E-03
3.821911,-5.188026E-04,1.907358E-04,-.001
3.822912,-2.288828E-04,1.983652E-04,-6.66667E-04
3.823912,1.3733E-04,-2.212534E-04,2.33333E-03
3.824913,1.06812E-04,-1.602182E-04,-6.66667E-04
3.825913,-2.212534E-04,-1.297006E-04,-.001
3.826913,-1.449594E-04,-1.297006E-04,-6.66667E-04
3.827914,-9.918259E-05,1.75477E-04,-.002
3.828915,-2.13624E-04,-9.918259E-05,-.002
3.829915,-4.57766E-05,-5.569495E-04,6.66667E-04
3.830915,-5.340599E-05,-4.730243E-04,-6.66667E-04
3.831916,2.059946E-04,-6.866502E-05,-.001
3.832916,1.3733E-04,-2.13624E-04,-6.66667E-04
3.833917,-1.678476E-04,-1.220712E-04,6.66667E-04
3.834918,6.103562E-05,-1.602182E-04,6.66667E-04
3.835918,1.220712E-04,-3.738422E-04,6.66667E-04
3.836918,2.746601E-04,-2.594013E-04,.001
3.837919,-1.297006E-04,-9.15532E-05,-.001
3.83892,-6.027259E-04,-7.629441E-05,6.66667E-04
3.83992,-3.433246E-04,4.57766E-05,-.001
3.84092,1.525891E-05,-1.525891E-05,6.66667E-04
3.841921,5.798377E-04,-4.959144E-04,-.002
3.842921,7.476844E-04,-2.822895E-04,-6.66667E-04
3.843922,5.264319E-04,-4.57766E-05,2.33333E-03
3.844923,6.866502E-05,9.918259E-05,-.001
3.845923,-9.15532E-05,3.356952E-04,-.001
3.846923,1.525891E-05,3.662128E-04,6.66667E-04
3.847924,5.111732E-04,1.06812E-04,-.001
3.848925,6.332435E-04,3.738422E-04,-6.66667E-04
3.849925,3.433246E-04,-1.297006E-04,.001
3.850925,-2.28883E-05,1.75477E-04,-6.66667E-04
3.851926,-3.738422E-04,2.365122E-04,.002
3.852926,-4.196186E-04,6.866502E-05,-.001
3.853927,-9.918259E-05,-8.392381E-05,6.66667E-04
3.854928,4.119892E-04,-1.220712E-04,.001
3.855928,5.188026E-04,-1.297006E-04,-6.66667E-04
3.856929,6.179847E-04,-8.392381E-05,6.66667E-04
3.857929,3.280658E-04,-3.051781E-05,-6.66667E-04
3.85893,-4.57766E-05,-2.059946E-04,.001
3.85993,1.602182E-04,-6.103562E-05,6.66667E-04
3.86093,3.814716E-04,-3.204364E-04,-3.66667E-03
3.861931,1.831064E-04,-4.043598E-04,-.001
3.862931,2.365122E-04,-3.204364E-04,-.002
3.863932,1.06812E-04,2.28883E-05,2.33333E-03
3.864933,9.15532E-05,2.517719E-04,-6.66667E-04
3.865933,-3.585834E-04,2.899189E-04,-.002
3.866934,-1.144414E-04,7.858314E-04,.001
3.867934,2.288828E-04,6.942786E-04,6.66667E-04
3.868935,1.3733E-04,3.89101E-04,6.66667E-04
3.869935,-2.670307E-04,5.340599E-05,-6.66667E-04
3.870935,-5.798377E-04,-2.517719E-04,-2.33333E-03
3.871936,-3.433246E-04,-3.738422E-04,-6.66667E-04
3.872936,9.918259E-05,-8.392381E-05,.001
3.873937,3.051776E-04,1.06812E-04,6.66667E-04
3.874938,4.119892E-04,1.602182E-04,-6.66667E-04
3.875938,2.13624E-04,1.678476E-04,-.002
3.876939,1.75477E-04,0,-.002
3.877939,0,-3.814721E-05,-6.66667E-04
3.87894,-3.051781E-05,-2.13624E-04,-.001
3.87994,7.629441E-05,-2.670307E-04,.002
3.88094,-1.06812E-04,-3.585834E-04,-2.33333E-03
3.881941,-2.441425E-04,1.144414E-04,6.66667E-04
3.882941,-1.220712E-04,4.959144E-04,-.002
3.883942,-1.3733E-04,7.247962E-04,-.002
3.884943,2.13624E-04,7.247962E-04,-.002
3.885943,-1.06812E-04,2.212534E-04,-6.66667E-04
3.886944,-1.75477E-04,-1.144414E-04,-6.66667E-04
3.887944,-3.204364E-04,-2.746601E-04,-6.66667E-04
3.888945,-3.967304E-04,-3.738422E-04,-6.66667E-04
3.889945,-5.035438E-04,-3.662128E-04,.001
3.890945,-7.629441E-05,-1.831064E-04,-.001
3.891946,1.3733E-04,-1.831064E-04,-.001
3.892946,1.3733E-04,-5.035438E-04,.001
3.893947,2.059946E-04,-4.730243E-04,6.66667E-04
3.894948,3.280658E-04,-3.50954E-04,-.001
3.895948,3.12807E-04,-9.918259E-05,-.002
3.896949,3.50954E-04,1.3733E-04,-.001
3.897949,8.392381E-05,3.051781E-05,-.001
3.89895,-1.144414E-04,-1.3733E-04,6.66667E-04
3.89995,-2.13624E-04,-6.103562E-05,-.001
3.90095,1.297006E-04,1.06812E-04,-2.33333E-03
3.901951,2.288828E-04,-1.831064E-04,.001
3.902952,3.433246E-04,-6.103562E-05,6.66667E-04
3.903952,5.264319E-04,2.441425E-04,-.001
3.904953,7.324256E-04,2.059946E-04,-.002
3.905953,7.40055E-04,1.3733E-04,-6.66667E-04
3.906954,3.50954E-04,-6.866502E-05,.001
3.907954,9.918259E-05,4.57766E-05,-.002
3.908955,-1.525888E-04,-9.918259E-05,-3.66667E-03
3.909955,-1.06812E-04,4.57766E-05,-.001
3.910955,1.525888E-04,-6.103562E-05,2.33333E-03
3.911956,-3.814721E-05,-3.051781E-05,.001
3.912957,-4.425067E-04,1.06812E-04,-.001
3.913957,-4.806537E-04,1.907358E-04,-.001
3.914958,-4.196186E-04,2.594013E-04,-6.66667E-04
3.915958,-2.899189E-04,2.212534E-04,-6.66667E-04
3.916959,-1.678476E-04,1.831064E-04,-6.66667E-04
3.917959,-1.678476E-04,9.918259E-05,-.001
3.91896,1.3733E-04,-3.814721E-05,-6.66667E-04
3.91996,2.365122E-04,7.629453E-06,-.002
3.92096,3.356952E-04,1.06812E-04,-.001
3.921961,3.433246E-04,3.051781E-05,2.33333E-03
3.922962,-7.629453E-06,5.340599E-05,-.001
3.923962,-1.06812E-04,7.629453E-06,-.002
3.924963,-2.517719E-04,2.670307E-04,-6.66667E-04
3.925963,-1.144414E-04,2.441425E-04,-6.66667E-04
3.926964,-1.06812E-04,2.822895E-04,-.001
3.927964,-2.28883E-05,2.517719E-04,-6.66667E-04
3.928965,7.629441E-05,9.918259E-05,.001
3.929965,1.144414E-04,2.365122E-04,-.001
3.930965,4.806537E-04,1.220712E-04,-.001
3.931966,0,1.297006E-04,6.66667E-04
3.932967,-2.822895E-04,3.051781E-05,-6.66667E-04
3.933967,-5.264319E-04,1.297006E-04,-6.66667E-04
3.934968,-1.602182E-04,3.12807E-04,-.001
3.935968,2.288828E-04,3.662128E-04,.001
3.936969,-6.866502E-05,3.967304E-04,.001
3.937969,0,2.517719E-04,-6.66667E-04
3.93897,-5.340599E-05,3.12807E-04,-3.66667E-03
3.93997,-2.365122E-04,2.212534E-04,-.001
3.94097,-1.602182E-04,2.746601E-04,.001
3.941971,-1.525888E-04,3.814721E-05,-6.66667E-04
3.942972,-3.662128E-04,2.288828E-04,.001
3.943972,-2.670307E-04,2.059946E-04,-6.66667E-04
3.944973,-2.13624E-04,1.06812E-04,.002
3.945973,-2.13624E-04,5.035438E-04,-6.66667E-04
3.946974,-3.50954E-04,3.967304E-04,6.66667E-04
3.947974,-3.12807E-04,4.425067E-04,-.002
3.948975,-5.645789E-04,3.585834E-04,2.33333E-03
3.949975,-1.602182E-04,3.738422E-04,-.001
3.950975,7.629441E-05,2.822895E-04,.002
3.951976,2.670307E-04,2.288828E-04,6.66667E-04
3.952977,1.602182E-04,1.983652E-04,6.66667E-04
3.953977,1.06812E-04,-9.15532E-05,6.66667E-04
3.954978,-1.144414E-04,-5.950965E-04,-6.66667E-04
3.955978,-3.738422E-04,-4.348774E-04,-.001
3.956979,-3.814716E-04,-1.75477E-04,-.001
3.957979,-4.57766E-05,-1.602182E-04,-.002
3.95898,6.866502E-05,-1.3733E-04,-6.66667E-04
3.95998,1.907358E-04,-9.918259E-05,-6.66667E-04
3.96098,3.356952E-04,-1.525888E-04,-6.66667E-04
3.961981,4.730243E-04,-1.602182E-04,.001
3.962982,2.594013E-04,-1.525891E-05,.001
3.963982,6.866502E-05,0,-6.66667E-04
3.964983,-3.204364E-04,7.629441E-05,.002
3.965983,-5.340613E-04,3.204364E-04,2.33333E-03
3.966984,-3.433246E-04,3.585834E-04,-.002
3.967984,3.051781E-05,2.517719E-04,6.66667E-04
3.968985,-1.525891E-05,-1.983652E-04,6.66667E-04
3.969985,-4.27248E-04,-4.653949E-04,-.001
3.970985,-5.340613E-04,-2.746601E-04,2.33333E-03
3.971986,-4.27248E-04,-5.264319E-04,6.66667E-04
3.972987,-1.678476E-04,-3.738422E-04,.002
3.973987,1.525888E-04,-4.57766E-05,6.66667E-04
3.974988,-5.340599E-05,9.918259E-05,-6.66667E-04
3.975988,3.051781E-05,4.57766E-05,-6.66667E-04
3.976989,7.629453E-06,-4.959144E-04,-6.66667E-04
3.977989,5.340599E-05,-6.256141E-04,-6.66667E-04
3.97899,3.89101E-04,-6.408729E-04,-6.66667E-04
3.97999,3.662128E-04,-5.035438E-04,-6.66667E-04
3.98099,4.806537E-04,-2.13624E-04,-2.33333E-03
3.981991,2.594013E-04,-1.3733E-04,.002
3.982992,2.594013E-04,3.051781E-05,-.001
3.983992,2.594013E-04,1.525888E-04,-6.66667E-04
3.984993,3.051776E-04,9.918259E-05,-.004
3.985993,1.831064E-04,2.975482E-04,-2.33333E-03
3.986994,-1.3733E-04,1.75477E-04,6.66667E-04
3.987994,-2.212534E-04,1.144414E-04,-2.33333E-03
3.988995,-2.13624E-04,2.059946E-04,-6.66667E-04
3.989995,-5.416907E-04,2.059946E-04,-6.66667E-04
3.990995,-7.553138E-04,2.670307E-04,-6.66667E-04
3.991996,-2.212534E-04,3.204364E-04,.001
3.992997,1.983652E-04,3.051776E-04,6.66667E-04
3.993997,2.670307E-04,-1.220712E-04,-6.66667E-04
3.994998,3.433246E-04,-4.196186E-04,-6.66667E-04
3.995998,1.75477E-04,-5.874671E-04,-6.66667E-04
3.996999,2.059946E-04,3.814721E-05,.001
3.997999,-6.866502E-05,2.975482E-04,-.002
3.999,1.525888E-04,3.12807E-04,.001
4,2.517719E-04,1.75477E-04,-6.66667E-04
