"c:\users\esrlabn1\desktop\bence\ir_spectroscopy\532nm_odmr\magnet_map_2_680nm\322.dat  ---  04-28-2026 04:10:02"
""
"cavityli 20 2 4 2000 1 0 0"
"                             ;                             ;seth_xesr_precise 86.88 1 0 0.650684931506849"
"setlockin 188.67 0.004 0 0.03 0.2"
4,2000
2,8.392381E-05,2.594013E-04,.001
2.001,-2.28883E-05,1.3733E-04,-6.66667E-04
2.002001,-1.144414E-04,-4.57766E-05,6.66667E-04
2.003001,-3.051776E-04,3.50954E-04,-.002
2.004002,-5.340599E-05,4.806537E-04,-3.66667E-03
2.005002,7.629441E-05,2.975482E-04,-6.66667E-04
2.006003,-4.57766E-05,-6.103562E-05,6.66667E-04
2.007004,-1.3733E-04,1.449594E-04,-6.66667E-04
2.008004,-2.365122E-04,-9.15532E-05,6.66667E-04
2.009005,-1.3733E-04,9.918259E-05,.001
2.010005,6.103562E-05,2.13624E-04,-.002
2.011005,3.12807E-04,-5.340599E-05,6.66667E-04
2.012006,6.866502E-05,-4.88285E-04,-.001
2.013006,-6.866502E-05,-6.63761E-04,-6.66667E-04
2.014007,-2.670307E-04,-4.501361E-04,-6.66667E-04
2.015007,-1.525891E-05,-5.874671E-04,-6.66667E-04
2.016008,3.051776E-04,-2.13624E-04,-2.33333E-03
2.017009,2.28883E-05,9.918259E-05,-.001
2.018009,-3.814721E-05,1.907358E-04,-.002
2.01901,-1.3733E-04,2.059946E-04,6.66667E-04
2.02001,3.814721E-05,1.297006E-04,.001
2.02101,-1.525891E-05,3.967304E-04,6.66667E-04
2.022011,-1.3733E-04,4.577655E-04,-.002
2.023011,-2.670307E-04,6.256141E-04,-.002
2.024012,-1.3733E-04,5.645789E-04,-.001
2.025012,-1.144414E-04,1.831064E-04,-3.66667E-03
2.026013,-1.06812E-04,4.88285E-04,-2.33333E-03
2.027014,-1.06812E-04,4.730243E-04,-.002
2.028014,2.28883E-05,-2.28883E-05,-.001
2.029015,-1.983652E-04,3.051781E-05,.001
2.030015,-3.051776E-04,1.525888E-04,-3.66667E-03
2.031015,-5.340613E-04,0,-.002
2.032016,-2.13624E-04,-2.746601E-04,-.001
2.033016,-3.204364E-04,-2.670307E-04,-.001
2.034017,0,-3.433246E-04,-.002
2.035017,1.3733E-04,-5.264319E-04,-.001
2.036018,-3.814721E-05,-2.441425E-04,.001
2.037019,3.051781E-05,-1.06812E-04,-6.66667E-04
2.038019,-5.340599E-05,5.340599E-05,-6.66667E-04
2.03902,-4.57766E-05,-3.051781E-05,-3.66667E-03
2.04002,1.525891E-05,9.15532E-05,-.002
2.04102,-7.629453E-06,3.280658E-04,-2.33333E-03
2.042021,-1.220712E-04,1.525888E-04,6.66667E-04
2.043021,-2.13624E-04,-2.594013E-04,6.66667E-04
2.044022,-2.746601E-04,-3.280658E-04,.001
2.045022,-1.297006E-04,-3.50954E-04,-.002
2.046023,-1.831064E-04,-2.746601E-04,-.001
2.047024,1.983652E-04,7.629453E-06,.001
2.048024,-1.525888E-04,4.806537E-04,6.66667E-04
2.049025,-1.602182E-04,6.256141E-04,.001
2.050025,1.525891E-05,3.051776E-04,6.66667E-04
2.051026,0,6.866502E-05,.001
2.052026,-2.059946E-04,-1.06812E-04,-.001
2.053026,-1.602182E-04,2.288828E-04,-6.66667E-04
2.054027,1.983652E-04,1.06812E-04,.001
2.055027,2.975482E-04,2.288828E-04,-6.66667E-04
2.056028,1.525888E-04,1.907358E-04,6.66667E-04
2.057029,-5.340599E-05,3.433246E-04,-6.66667E-04
2.058029,-5.340599E-05,2.059946E-04,-3.66667E-03
2.05903,8.392381E-05,1.75477E-04,-6.66667E-04
2.06003,3.12807E-04,6.103562E-05,6.66667E-04
2.061031,1.3733E-04,-6.103562E-05,-6.66667E-04
2.062031,-1.297006E-04,-8.392381E-05,-.001
2.063031,-3.89101E-04,3.051781E-05,.001
2.064032,-4.196186E-04,0,-6.66667E-04
2.065032,2.517719E-04,2.059946E-04,-.001
2.066033,3.662128E-04,4.501361E-04,6.66667E-04
2.067034,4.043598E-04,3.051776E-04,-6.66667E-04
2.068034,2.975482E-04,5.264319E-04,.001
2.069035,-7.629453E-06,4.806537E-04,6.66667E-04
2.070035,-5.340599E-05,6.027259E-04,-.002
2.071036,9.15532E-05,5.950965E-04,2.33333E-03
2.072036,6.103562E-05,6.790198E-04,-.002
2.073036,-8.392381E-05,4.577655E-04,6.66667E-04
2.074037,0,4.425067E-04,-6.66667E-04
2.075037,-1.06812E-04,3.356952E-04,.001
2.076038,1.678476E-04,2.13624E-04,-6.66667E-04
2.077039,3.50954E-04,1.144414E-04,.001
2.078039,1.831064E-04,7.629453E-06,.001
2.07904,3.280658E-04,-2.822895E-04,-6.66667E-04
2.08004,6.790198E-04,-4.425067E-04,.001
2.081041,6.790198E-04,-3.50954E-04,.002
2.082041,5.264319E-04,-1.06812E-04,-6.66667E-04
2.083041,6.103562E-05,2.670307E-04,6.66667E-04
2.084042,4.57766E-05,2.059946E-04,-6.66667E-04
2.085042,2.975482E-04,5.569495E-04,-6.66667E-04
2.086043,5.264319E-04,6.866492E-04,.001
2.087044,6.790198E-04,4.57766E-05,-6.66667E-04
2.088044,5.416907E-04,1.907358E-04,-.001
2.089045,1.907358E-04,4.501361E-04,-6.66667E-04
2.090045,-1.06812E-04,2.822895E-04,-.001
2.091046,-2.899189E-04,9.15532E-05,-6.66667E-04
2.092046,-1.449594E-04,3.89101E-04,-2.33333E-03
2.093046,-2.13624E-04,3.051776E-04,-.002
2.094047,0,2.746601E-04,-.002
2.095047,-3.738422E-04,4.730243E-04,.001
2.096048,-1.144414E-04,4.27248E-04,-6.66667E-04
2.097049,7.629453E-06,1.297006E-04,-.002
2.098049,-4.57766E-05,1.06812E-04,6.66667E-04
2.09905,9.15532E-05,3.051781E-05,-.002
2.10005,3.662128E-04,0,.001
2.101051,2.059946E-04,-9.918259E-05,-.002
2.102051,7.629441E-05,-2.13624E-04,-.001
2.103051,1.75477E-04,-2.212534E-04,-6.66667E-04
2.104052,2.746601E-04,-3.662128E-04,-.001
2.105052,2.288828E-04,-4.119892E-04,.001
2.106053,8.392381E-05,-1.525888E-04,-6.66667E-04
2.107054,-2.670307E-04,-4.57766E-05,.001
2.108054,-1.602182E-04,2.822895E-04,-6.66667E-04
2.109055,-9.918259E-05,-7.629441E-05,-.001
2.110055,4.57766E-05,-4.730243E-04,-6.66667E-04
2.111056,8.392381E-05,-3.662128E-04,.001
2.112056,-6.103562E-05,-3.967304E-04,6.66667E-04
2.113056,-1.525891E-05,-2.365122E-04,-2.33333E-03
2.114057,-7.629453E-06,-1.907358E-04,6.66667E-04
2.115057,-1.449594E-04,1.297006E-04,-3.66667E-03
2.116058,-1.525888E-04,3.204364E-04,-.001
2.117059,0,3.12807E-04,-.002
2.118059,-9.15532E-05,1.525891E-05,.001
2.11906,-2.670307E-04,-2.13624E-04,-.001
2.12006,-9.15532E-05,1.831064E-04,.001
2.121061,1.449594E-04,-1.907358E-04,6.66667E-04
2.122061,2.28883E-05,8.392381E-05,-.001
2.123062,3.814721E-05,1.297006E-04,-.001
2.124062,2.670307E-04,1.3733E-04,6.66667E-04
2.125062,4.88285E-04,-7.629441E-05,-.002
2.126063,2.746601E-04,-2.059946E-04,6.66667E-04
2.127064,1.220712E-04,6.103562E-05,-.001
2.128064,-2.059946E-04,-1.06812E-04,-6.66667E-04
2.129065,-3.204364E-04,-2.13624E-04,-6.66667E-04
2.130065,-7.629441E-05,1.525891E-05,.001
2.131066,-9.918259E-05,3.814721E-05,.001
2.132066,-3.585834E-04,-1.602182E-04,6.66667E-04
2.133067,-2.594013E-04,-1.75477E-04,.001
2.134067,-1.75477E-04,-4.57766E-05,2.33333E-03
2.135067,4.57766E-05,6.866502E-05,-6.66667E-04
2.136068,9.918259E-05,-6.103562E-05,.001
2.137069,2.288828E-04,-2.13624E-04,6.66667E-04
2.138069,1.831064E-04,-1.525891E-05,-.002
2.13907,1.678476E-04,1.3733E-04,-.001
2.14007,7.629441E-05,1.297006E-04,-6.66667E-04
2.141071,9.918259E-05,-7.629441E-05,.001
2.142071,6.103562E-05,4.57766E-05,-.002
2.143072,-1.525888E-04,1.75477E-04,.001
2.144072,-1.602182E-04,-1.525888E-04,-.001
2.145072,1.983652E-04,-2.212534E-04,.002
2.146073,0,-3.356952E-04,.001
2.147074,-3.12807E-04,-6.866502E-05,6.66667E-04
2.148074,-5.416907E-04,9.15532E-05,6.66667E-04
2.149075,-4.730243E-04,2.517719E-04,-.001
2.150075,-1.678476E-04,6.485023E-04,6.66667E-04
2.151076,-6.103562E-05,4.730243E-04,-.001
2.152076,2.975482E-04,4.348774E-04,6.66667E-04
2.153077,6.63761E-04,1.525891E-05,-.002
2.154077,7.01908E-04,-7.629453E-06,-.001
2.155077,4.196186E-04,2.288828E-04,-2.33333E-03
2.156078,3.356952E-04,6.103562E-05,6.66667E-04
2.157079,3.204364E-04,1.525888E-04,6.66667E-04
2.158079,2.212534E-04,2.365122E-04,2.33333E-03
2.15908,-5.340599E-05,3.738422E-04,-.001
2.16008,1.144414E-04,1.831064E-04,.002
2.161081,0,-1.907358E-04,-.002
2.162081,-1.602182E-04,-2.975482E-04,6.66667E-04
2.163082,3.051781E-05,-1.06812E-04,.001
2.164082,5.569495E-04,-4.57766E-05,-6.66667E-04
2.165082,6.256141E-04,-6.866502E-05,-3.66667E-03
2.166083,3.662128E-04,0,-.002
2.167084,1.525888E-04,2.28883E-05,-.001
2.168084,9.918259E-05,1.75477E-04,-.001
2.169085,-6.103562E-05,-1.06812E-04,-.001
2.170085,1.449594E-04,-1.678476E-04,-.001
2.171086,1.831064E-04,-3.738422E-04,-.001
2.172086,-2.746601E-04,-2.288828E-04,-.002
2.173087,-6.561317E-04,-1.602182E-04,-6.66667E-04
2.174087,-3.12807E-04,-1.525888E-04,-6.66667E-04
2.175087,-4.196186E-04,-1.449594E-04,6.66667E-04
2.176088,-2.670307E-04,-1.75477E-04,-6.66667E-04
2.177088,9.15532E-05,-2.212534E-04,-6.66667E-04
2.178089,2.441425E-04,2.059946E-04,-.002
2.17909,1.907358E-04,3.967304E-04,-2.33333E-03
2.18009,4.196186E-04,1.06812E-04,-.001
2.181091,5.264319E-04,3.662128E-04,-.002
2.182091,5.264319E-04,4.119892E-04,-.001
2.183092,5.569495E-04,-5.340599E-05,-.001
2.184092,3.12807E-04,-3.204364E-04,-6.66667E-04
2.185092,-1.602182E-04,-4.119892E-04,-6.66667E-04
2.186093,-9.918259E-05,-2.517719E-04,-.001
2.187093,-1.525888E-04,-5.340599E-05,6.66667E-04
2.188094,-2.288828E-04,-1.602182E-04,.001
2.189095,-2.670307E-04,7.629453E-06,-.001
2.190095,-2.365122E-04,6.103562E-05,-.001
2.191096,3.051781E-05,-1.297006E-04,-.001
2.192096,9.918259E-05,1.907358E-04,-.002
2.193097,1.525888E-04,2.441425E-04,-.001
2.194097,2.212534E-04,2.059946E-04,6.66667E-04
2.195097,6.103562E-05,-6.103562E-05,-6.66667E-04
2.196098,-7.629453E-06,-4.57766E-05,-3.66667E-03
2.197098,7.629441E-05,6.866502E-05,6.66667E-04
2.198099,3.051781E-05,9.918259E-05,-.001
2.1991,-5.340599E-05,6.103562E-05,.001
2.2001,-1.602182E-04,-8.392381E-05,-.001
2.201101,7.629453E-06,-2.288828E-04,-6.66667E-04
2.202101,2.212534E-04,-1.06812E-04,6.66667E-04
2.203102,-1.220712E-04,-2.594013E-04,-2.33333E-03
2.204102,-2.13624E-04,-1.3733E-04,6.66667E-04
2.205102,2.28883E-05,4.57766E-05,-.002
2.206103,0,9.15532E-05,.002
2.207103,-2.822895E-04,3.585834E-04,-.001
2.208104,-2.746601E-04,2.822895E-04,-6.66667E-04
2.209105,3.051781E-05,-7.629453E-06,.001
2.210105,-4.57766E-05,1.831064E-04,-6.66667E-04
2.211106,-2.28883E-05,1.907358E-04,-.002
2.212106,-2.365122E-04,-1.06812E-04,.001
2.213107,-3.12807E-04,-2.365122E-04,-6.66667E-04
2.214107,-2.822895E-04,-2.517719E-04,.002
2.215107,9.918259E-05,-2.13624E-04,6.66667E-04
2.216108,-4.57766E-05,-7.629441E-05,.001
2.217108,-1.907358E-04,-2.441425E-04,-.001
2.218109,-2.746601E-04,-3.12807E-04,.002
2.21911,0,-3.814721E-05,-.001
2.22011,-1.06812E-04,5.340599E-05,-6.66667E-04
2.221111,-6.866502E-05,-1.449594E-04,-.002
2.222111,-1.525891E-05,1.525891E-05,-.002
2.223112,3.051781E-05,3.051776E-04,-6.66667E-04
2.224112,1.678476E-04,1.75477E-04,.001
2.225112,3.051781E-05,3.280658E-04,-.001
2.226113,-1.983652E-04,2.13624E-04,-6.66667E-04
2.227113,-4.27248E-04,-7.629453E-06,-.001
2.228114,-5.798377E-04,6.866502E-05,-.002
2.229115,-4.88285E-04,-2.975482E-04,-6.66667E-04
2.230115,-3.585834E-04,-3.204364E-04,-.002
2.231116,1.831064E-04,-2.288828E-04,-.001
2.232116,1.220712E-04,5.340599E-05,.001
2.233117,-1.06812E-04,-5.340599E-05,.001
2.234117,-3.50954E-04,4.57766E-05,-6.66667E-04
2.235118,-5.111732E-04,2.365122E-04,-.002
2.236118,-3.433246E-04,7.629453E-06,6.66667E-04
2.237118,-7.629441E-05,-1.220712E-04,-6.66667E-04
2.238119,-2.517719E-04,5.340599E-05,-6.66667E-04
2.23912,-1.220712E-04,9.15532E-05,-3.66667E-03
2.24012,-1.144414E-04,3.50954E-04,-.001
2.241121,-1.06812E-04,5.493201E-04,-.001
2.242121,-2.28883E-05,2.517719E-04,6.66667E-04
2.243122,-1.75477E-04,-1.06812E-04,-2.33333E-03
2.244122,-1.220712E-04,-7.629441E-05,-2.33333E-03
2.245123,3.051781E-05,-1.602182E-04,-.002
2.246123,9.918259E-05,1.220712E-04,-2.33333E-03
2.247123,0,3.051776E-04,.001
2.248124,2.594013E-04,1.525888E-04,-.001
2.249125,3.585834E-04,-1.525888E-04,-6.66667E-04
2.250125,4.57766E-05,1.525891E-05,-2.33333E-03
2.251126,-7.629441E-05,-3.051776E-04,-6.66667E-04
2.252126,-1.602182E-04,-4.348774E-04,-6.66667E-04
2.253127,1.983652E-04,-3.662128E-04,6.66667E-04
2.254127,2.594013E-04,-1.983652E-04,-.001
2.255128,1.525888E-04,1.06812E-04,-2.33333E-03
2.256128,3.051781E-05,-2.28883E-05,6.66667E-04
2.257128,-1.678476E-04,2.28883E-05,.001
2.258129,-9.15532E-05,2.365122E-04,.001
2.25913,1.525888E-04,2.594013E-04,.001
2.26013,1.525888E-04,-1.3733E-04,-.001
2.261131,1.602182E-04,-2.365122E-04,-6.66667E-04
2.262131,1.525888E-04,-3.12807E-04,6.66667E-04
2.263132,9.15532E-05,-4.043598E-04,-.002
2.264132,1.449594E-04,-1.3733E-04,-6.66667E-04
2.265133,3.814716E-04,1.907358E-04,-.001
2.266133,2.212534E-04,-3.433246E-04,-6.66667E-04
2.267133,3.051776E-04,-1.831064E-04,.001
2.268134,2.059946E-04,7.629453E-06,-.001
2.269135,-1.75477E-04,1.678476E-04,6.66667E-04
2.270135,-6.866502E-05,3.89101E-04,-.002
2.271136,-3.89101E-04,2.822895E-04,.002
2.272136,-3.662128E-04,1.907358E-04,-2.33333E-03
2.273137,-5.340599E-05,-1.144414E-04,-.001
2.274137,-1.220712E-04,-9.15532E-05,-.001
2.275138,-1.06812E-04,1.144414E-04,-6.66667E-04
2.276138,-4.57766E-05,3.051781E-05,-.002
2.277139,1.602182E-04,9.15532E-05,-.001
2.278139,-3.051781E-05,-1.297006E-04,.001
2.27914,-3.204364E-04,-4.348774E-04,-.001
2.28014,-1.907358E-04,-5.645789E-04,-.002
2.281141,-1.678476E-04,-5.798377E-04,.001
2.282141,-5.340599E-05,-2.670307E-04,-.001
2.283142,3.051776E-04,1.449594E-04,-6.66667E-04
2.284142,4.57766E-05,3.204364E-04,-6.66667E-04
2.285143,-2.13624E-04,-8.392381E-05,6.66667E-04
2.286143,-3.280658E-04,-3.204364E-04,-3.66667E-03
2.287144,-4.043598E-04,-2.822895E-04,-.001
2.288144,-3.356952E-04,-1.449594E-04,-6.66667E-04
2.289145,-9.15532E-05,-8.392381E-05,.002
2.290145,-1.75477E-04,-1.525888E-04,-.002
2.291146,-4.577655E-04,1.144414E-04,-.001
2.292146,-4.88285E-04,7.629441E-05,-6.66667E-04
2.293147,-1.678476E-04,3.814721E-05,-.002
2.294147,-5.340599E-05,-2.975482E-04,-2.33333E-03
2.295148,-3.814721E-05,-5.645789E-04,-6.66667E-04
2.296148,1.220712E-04,-4.959144E-04,-6.66667E-04
2.297149,-1.525888E-04,0,-6.66667E-04
2.298149,3.051781E-05,6.103562E-05,-6.66667E-04
2.29915,1.525888E-04,-1.907358E-04,-6.66667E-04
2.30015,-1.831064E-04,-9.918259E-05,-2.33333E-03
2.301151,-6.103562E-05,-2.13624E-04,-.001
2.302151,4.57766E-05,-2.670307E-04,-6.66667E-04
2.303152,-1.297006E-04,-4.57766E-05,-6.66667E-04
2.304152,-1.06812E-04,-1.831064E-04,.004
2.305153,-2.28883E-05,-2.212534E-04,6.66667E-04
2.306153,-8.392381E-05,4.348774E-04,-.001
2.307154,6.866502E-05,1.037605E-03,2.33333E-03
2.308154,-9.918259E-05,8.697547E-04,-.001
2.309155,9.15532E-05,5.950965E-04,-.002
2.310155,8.392381E-05,4.119892E-04,-.001
2.311156,-3.051776E-04,1.144414E-04,-6.66667E-04
2.312156,-1.75477E-04,3.662128E-04,.001
2.313157,1.3733E-04,6.866492E-04,-6.66667E-04
2.314157,9.918259E-05,5.188026E-04,.001
2.315158,-2.365122E-04,1.144414E-04,-6.66667E-04
2.316158,-1.525888E-04,-5.340599E-05,.001
2.317159,3.204364E-04,-2.13624E-04,2.33333E-03
2.318159,2.822895E-04,-2.288828E-04,.001
2.31916,8.392381E-05,-1.220712E-04,6.66667E-04
2.32016,-1.831064E-04,1.297006E-04,.001
2.321161,-3.051776E-04,3.051776E-04,-.001
2.322161,-6.103562E-05,1.678476E-04,6.66667E-04
2.323162,-1.983652E-04,2.28883E-05,-6.66667E-04
2.324162,-3.585834E-04,2.670307E-04,6.66667E-04
2.325163,-4.196186E-04,1.06812E-04,-6.66667E-04
2.326163,-3.356952E-04,-3.280658E-04,-6.66667E-04
2.327164,-4.27248E-04,-2.670307E-04,-.002
2.328164,-3.433246E-04,-7.629453E-06,6.66667E-04
2.329165,-1.449594E-04,9.15532E-05,-.001
2.330165,-2.212534E-04,1.983652E-04,-6.66667E-04
2.331166,-2.670307E-04,2.13624E-04,6.66667E-04
2.332166,-2.975482E-04,1.3733E-04,-6.66667E-04
2.333167,-5.340613E-04,3.814721E-05,-.001
2.334167,-6.027259E-04,2.059946E-04,6.66667E-04
2.335168,-4.88285E-04,4.57766E-05,.001
2.336168,-6.256141E-04,-2.28883E-05,-2.33333E-03
2.337169,-6.866502E-05,1.678476E-04,-.001
2.338169,-2.059946E-04,2.059946E-04,-.002
2.33917,-2.13624E-04,2.594013E-04,-6.66667E-04
2.34017,-4.196186E-04,4.577655E-04,-6.66667E-04
2.341171,-3.204364E-04,3.356952E-04,.001
2.342171,-4.806537E-04,2.059946E-04,-.001
2.343172,-3.280658E-04,2.059946E-04,.001
2.344172,-4.57766E-05,5.340599E-05,-.001
2.345173,7.629441E-05,-2.059946E-04,-.004
2.346173,3.814721E-05,-3.433246E-04,-.002
2.347174,-6.103562E-05,-1.525888E-04,2.33333E-03
2.348174,-1.602182E-04,2.13624E-04,-3.66667E-03
2.349174,1.525888E-04,1.220712E-04,-.002
2.350175,2.746601E-04,3.051781E-05,.001
2.351176,0,2.28883E-05,-6.66667E-04
2.352176,-7.629441E-05,-1.144414E-04,-6.66667E-04
2.353177,7.629441E-05,-1.06812E-04,-.001
2.354177,-4.196186E-04,1.525891E-05,-6.66667E-04
2.355178,-4.577655E-04,-3.585834E-04,-3.66667E-03
2.356178,-7.095374E-04,-5.111732E-04,-.002
2.357179,-6.942786E-04,-4.27248E-04,2.33333E-03
2.358179,-3.356952E-04,-3.051781E-05,-6.66667E-04
2.359179,-1.3733E-04,3.814716E-04,-6.66667E-04
2.36018,-3.433246E-04,1.525888E-04,.001
2.361181,-5.111732E-04,-1.907358E-04,-.001
2.362181,-5.493201E-04,-1.907358E-04,-6.66667E-04
2.363182,-2.822895E-04,3.051781E-05,6.66667E-04
2.364182,-1.602182E-04,-1.525891E-05,.001
2.365183,1.525891E-05,8.392381E-05,-6.66667E-04
2.366183,6.103562E-05,3.662128E-04,-6.66667E-04
2.367184,9.918259E-05,4.806537E-04,.001
2.368184,-1.602182E-04,3.280658E-04,-6.66667E-04
2.369184,-1.602182E-04,1.449594E-04,-2.33333E-03
2.370185,-7.629453E-06,1.3733E-04,.001
2.371186,7.629453E-06,-7.629453E-06,-6.66667E-04
2.372186,2.28883E-05,-3.12807E-04,-.001
2.373187,9.918259E-05,-2.670307E-04,-6.66667E-04
2.374187,2.899189E-04,-3.50954E-04,-.002
2.375188,2.594013E-04,-2.670307E-04,6.66667E-04
2.376188,4.57766E-05,1.525888E-04,-.001
2.377189,-1.678476E-04,4.043598E-04,-2.33333E-03
2.378189,-2.13624E-04,2.822895E-04,-.001
2.379189,-1.06812E-04,1.831064E-04,-.002
2.38019,-1.06812E-04,9.15532E-05,-.001
2.381191,-1.144414E-04,2.441425E-04,-6.66667E-04
2.382191,5.340599E-05,4.577655E-04,-6.66667E-04
2.383192,2.288828E-04,3.12807E-04,6.66667E-04
2.384192,3.051776E-04,3.051776E-04,-.002
2.385193,4.730243E-04,3.12807E-04,-6.66667E-04
2.386193,2.899189E-04,-1.144414E-04,-.001
2.387194,1.06812E-04,-2.212534E-04,-.001
2.388194,1.525888E-04,-1.907358E-04,-3.66667E-03
2.389194,3.662128E-04,-9.15532E-05,-.001
2.390195,5.874671E-04,-7.629441E-05,-.002
2.391196,5.035438E-04,-2.517719E-04,-6.66667E-04
2.392196,3.967304E-04,-3.051781E-05,-.001
2.393197,2.670307E-04,2.059946E-04,6.66667E-04
2.394197,4.043598E-04,5.111732E-04,-.001
2.395198,5.264319E-04,3.204364E-04,-.001
2.396198,4.119892E-04,1.525888E-04,-.001
2.397199,3.967304E-04,2.441425E-04,-2.33333E-03
2.398199,2.13624E-04,2.670307E-04,-6.66667E-04
2.399199,0,1.525891E-05,.001
2.4002,-3.662128E-04,7.629441E-05,-.002
2.401201,-7.629441E-05,3.585834E-04,6.66667E-04
2.402201,3.585834E-04,2.212534E-04,6.66667E-04
2.403202,2.899189E-04,7.629453E-06,.001
2.404202,2.365122E-04,-1.06812E-04,6.66667E-04
2.405203,1.831064E-04,2.212534E-04,-6.66667E-04
2.406203,-8.392381E-05,7.629441E-05,-6.66667E-04
2.407204,-9.15532E-05,2.212534E-04,.001
2.408204,-1.3733E-04,2.212534E-04,-6.66667E-04
2.409204,-4.730243E-04,-2.746601E-04,-.001
2.410205,-5.111732E-04,-5.569495E-04,-.001
2.411206,-4.27248E-04,-5.264319E-04,-.001
2.412206,-1.907358E-04,-3.12807E-04,-.002
2.413207,1.602182E-04,-3.051781E-05,-.001
2.414207,1.06812E-04,2.059946E-04,-.001
2.415208,9.918259E-05,3.12807E-04,-6.66667E-04
2.416208,4.57766E-05,2.441425E-04,-.002
2.417209,-2.899189E-04,2.594013E-04,-6.66667E-04
2.418209,-5.874671E-04,4.730243E-04,-.002
2.41921,-5.340613E-04,2.13624E-04,6.66667E-04
2.42021,-5.874671E-04,-3.051781E-05,-3.66667E-03
2.421211,-3.967304E-04,-8.392381E-05,-6.66667E-04
2.422211,-2.517719E-04,1.297006E-04,.002
2.423212,-1.602182E-04,-3.814721E-05,-.001
2.424212,-3.585834E-04,-1.602182E-04,-.002
2.425213,-1.220712E-04,-7.629441E-05,-.001
2.426213,-2.441425E-04,-1.678476E-04,-.002
2.427214,-5.340613E-04,-6.103562E-05,-6.66667E-04
2.428214,-2.822895E-04,-5.340599E-05,.002
2.429215,-2.365122E-04,-1.449594E-04,-.002
2.430215,-9.918259E-05,4.57766E-05,6.66667E-04
2.431216,2.899189E-04,1.983652E-04,6.66667E-04
2.432216,3.051781E-05,-4.57766E-05,-6.66667E-04
2.433217,-2.822895E-04,1.831064E-04,-3.66667E-03
2.434217,-2.822895E-04,2.975482E-04,.001
2.435218,-1.449594E-04,3.12807E-04,-6.66667E-04
2.436218,3.356952E-04,-7.629453E-06,-.002
2.437219,3.051776E-04,-5.798377E-04,.001
2.438219,7.629441E-05,-2.13624E-04,-.001
2.43922,-1.3733E-04,1.525888E-04,-.001
2.44022,-2.594013E-04,1.602182E-04,-6.66667E-04
2.441221,-9.918259E-05,1.525888E-04,-.001
2.442221,-1.06812E-04,5.035438E-04,-.001
2.443222,-3.738422E-04,1.525888E-04,-.002
2.444222,-3.662128E-04,1.602182E-04,-.001
2.445223,-3.585834E-04,-1.144414E-04,6.66667E-04
2.446223,-1.678476E-04,2.059946E-04,-.002
2.447224,-8.392381E-05,1.220712E-04,-6.66667E-04
2.448224,-2.670307E-04,3.051781E-05,-.001
2.449225,-2.517719E-04,-2.517719E-04,-.001
2.450225,-3.280658E-04,-1.678476E-04,-.002
2.451226,-4.196186E-04,-3.433246E-04,-6.66667E-04
2.452226,1.907358E-04,-5.111732E-04,6.66667E-04
2.453227,3.280658E-04,-5.035438E-04,-6.66667E-04
2.454227,3.356952E-04,-5.340599E-05,6.66667E-04
2.455228,1.3733E-04,1.3733E-04,6.66667E-04
2.456228,1.297006E-04,2.594013E-04,.001
2.457229,-1.678476E-04,1.983652E-04,-.002
2.458229,-3.433246E-04,1.525888E-04,-3.66667E-03
2.45923,-2.670307E-04,7.629453E-06,-.001
2.46023,-3.967304E-04,1.907358E-04,-6.66667E-04
2.461231,-3.814716E-04,-4.806537E-04,6.66667E-04
2.462231,-4.501361E-04,-4.88285E-04,-3.66667E-03
2.463232,-1.525888E-04,-3.738422E-04,-.002
2.464232,-6.103562E-05,-1.144414E-04,6.66667E-04
2.465233,1.297006E-04,2.28883E-05,-.001
2.466233,2.212534E-04,2.13624E-04,-.001
2.467234,2.746601E-04,-3.12807E-04,.001
2.468234,2.13624E-04,-4.959144E-04,-.001
2.469235,2.822895E-04,-3.204364E-04,.001
2.470235,4.730243E-04,-9.15532E-05,-6.66667E-04
2.471236,4.959144E-04,-1.678476E-04,-.002
2.472236,-3.814721E-05,-2.13624E-04,.002
2.473237,-4.730243E-04,-1.297006E-04,-3.66667E-03
2.474237,-5.874671E-04,9.15532E-05,-.001
2.475238,-3.967304E-04,7.629441E-05,.001
2.476238,-7.629453E-06,-2.13624E-04,-6.66667E-04
2.477239,2.517719E-04,6.103562E-05,-6.66667E-04
2.478239,1.525891E-05,1.983652E-04,-6.66667E-04
2.47924,-1.678476E-04,1.525891E-05,6.66667E-04
2.48024,5.340599E-05,1.678476E-04,.001
2.481241,4.577655E-04,1.297006E-04,-3.66667E-03
2.482241,6.179847E-04,9.15532E-05,-6.66667E-04
2.483242,4.425067E-04,1.602182E-04,-6.66667E-04
2.484242,4.653949E-04,-4.57766E-05,-6.66667E-04
2.485243,4.119892E-04,-3.814716E-04,-6.66667E-04
2.486243,7.629441E-05,-9.918259E-05,-.001
2.487244,6.866502E-05,7.629453E-06,.001
2.488244,-2.28883E-05,-9.15532E-05,.001
2.489245,2.13624E-04,-2.670307E-04,-.002
2.490245,-1.525888E-04,-2.212534E-04,-6.66667E-04
2.491246,2.28883E-05,6.103562E-05,-.001
2.492246,3.814721E-05,3.051776E-04,-2.33333E-03
2.493247,4.57766E-05,2.441425E-04,-.001
2.494247,-2.059946E-04,6.866502E-05,.001
2.495248,-3.12807E-04,-1.297006E-04,-.001
2.496248,-1.06812E-04,-3.280658E-04,-.002
2.497249,-1.907358E-04,-2.212534E-04,-.001
2.498249,-4.57766E-05,-2.975482E-04,-6.66667E-04
2.49925,1.144414E-04,-4.119892E-04,-.001
2.50025,2.28883E-05,-1.449594E-04,6.66667E-04
2.501251,2.594013E-04,1.3733E-04,-6.66667E-04
2.502251,-1.602182E-04,4.043598E-04,-.002
2.503252,-8.392381E-05,5.874671E-04,6.66667E-04
2.504252,-4.501361E-04,3.662128E-04,-.002
2.505253,-7.01908E-04,4.653949E-04,-.002
2.506253,-2.517719E-04,4.501361E-04,-.001
2.507254,3.814721E-05,5.340613E-04,-.001
2.508254,7.629453E-06,2.899189E-04,-.002
2.509255,4.425067E-04,5.035438E-04,-.001
2.510255,2.059946E-04,5.264319E-04,.001
2.511256,3.967304E-04,5.264319E-04,-6.66667E-04
2.512256,3.738422E-04,2.822895E-04,-6.66667E-04
2.513257,3.051776E-04,1.525888E-04,-.001
2.514257,5.340599E-05,9.15532E-05,-6.66667E-04
2.515258,-1.297006E-04,2.365122E-04,-.001
2.516258,-2.441425E-04,7.705726E-04,.001
2.517259,-3.051776E-04,4.730243E-04,-.002
2.518259,-9.15532E-05,4.119892E-04,-.001
2.51926,-1.06812E-04,4.730243E-04,.001
2.52026,-2.517719E-04,6.027259E-04,-6.66667E-04
2.521261,-4.425067E-04,6.332435E-04,-.001
2.522261,-3.738422E-04,5.264319E-04,-6.66667E-04
2.523262,-4.043598E-04,4.501361E-04,.001
2.524262,-5.874671E-04,4.959144E-04,-6.66667E-04
2.525263,-6.332435E-04,4.730243E-04,-6.66667E-04
2.526263,-4.730243E-04,1.907358E-04,-.001
2.527264,-2.822895E-04,-8.392381E-05,-3.66667E-03
2.528264,2.059946E-04,-2.594013E-04,-.002
2.529265,2.288828E-04,0,-6.66667E-04
2.530265,1.983652E-04,-1.297006E-04,.002
2.531266,8.392381E-05,-2.594013E-04,.001
2.532266,-3.051781E-05,1.525891E-05,-3.66667E-03
2.533267,-4.27248E-04,-1.525891E-05,6.66667E-04
2.534267,-5.569495E-04,1.831064E-04,.001
2.535268,-2.670307E-04,2.670307E-04,-.002
2.536268,8.392381E-05,1.525891E-05,-6.66667E-04
2.537269,6.103562E-05,7.629441E-05,-3.66667E-03
2.538269,2.28883E-05,-6.866502E-05,-6.66667E-04
2.53927,6.103562E-05,-1.06812E-04,-6.66667E-04
2.54027,-4.57766E-05,-1.06812E-04,-.002
2.541271,-9.15532E-05,2.365122E-04,-.001
2.542271,-2.822895E-04,2.746601E-04,-.002
2.543272,-6.408729E-04,2.059946E-04,-.001
2.544272,-7.171668E-04,2.899189E-04,.001
2.545273,-6.866492E-04,2.746601E-04,-.002
2.546273,-4.27248E-04,7.629441E-05,-.002
2.547274,-2.670307E-04,-9.15532E-05,.002
2.548274,-1.75477E-04,1.602182E-04,2.33333E-03
2.549275,-5.340599E-05,4.730243E-04,6.66667E-04
2.550275,3.051781E-05,5.874671E-04,.001
2.551276,2.28883E-05,5.798377E-04,.001
2.552276,-2.594013E-04,7.629441E-05,6.66667E-04
2.553277,-3.433246E-04,-1.678476E-04,-6.66667E-04
2.554277,-2.822895E-04,-2.059946E-04,-6.66667E-04
2.555278,-1.449594E-04,-1.907358E-04,2.33333E-03
2.556278,-4.653949E-04,-2.822895E-04,6.66667E-04
2.557279,-6.713904E-04,-3.50954E-04,-.002
2.558279,-5.874671E-04,-2.517719E-04,-.001
2.55928,-1.144414E-04,-3.051781E-05,-.001
2.56028,9.918259E-05,1.525888E-04,-2.33333E-03
2.561281,6.103562E-05,2.059946E-04,-6.66667E-04
2.562281,-2.059946E-04,7.629441E-05,6.66667E-04
2.563282,-3.967304E-04,-1.3733E-04,-3.66667E-03
2.564282,-3.585834E-04,-4.88285E-04,-.002
2.565283,-1.602182E-04,-4.119892E-04,.001
2.566283,-2.13624E-04,-5.874671E-04,-.001
2.567284,-6.866492E-04,-5.722083E-04,-.001
2.568284,-3.50954E-04,-5.874671E-04,-.002
2.569285,-1.983652E-04,-6.027259E-04,-6.66667E-04
2.570285,-1.525888E-04,-3.662128E-04,6.66667E-04
2.571286,-3.280658E-04,-2.059946E-04,.001
2.572286,-1.831064E-04,6.866502E-05,.001
2.573287,-8.392381E-05,-2.28883E-05,-6.66667E-04
2.574287,6.866502E-05,1.449594E-04,6.66667E-04
2.575288,4.57766E-05,-3.051781E-05,-6.66667E-04
2.576288,-2.28883E-05,6.103562E-05,-.001
2.577289,5.798377E-04,-1.525891E-05,-.001
2.578289,5.722083E-04,-7.629453E-06,-6.66667E-04
2.57929,4.27248E-04,-1.449594E-04,6.66667E-04
2.58029,-4.57766E-05,-3.89101E-04,-.002
2.581291,-3.204364E-04,-5.416907E-04,6.66667E-04
2.582291,-3.280658E-04,-4.806537E-04,-.001
2.583292,-3.585834E-04,-3.204364E-04,-.001
2.584292,-2.975482E-04,-3.967304E-04,-6.66667E-04
2.585293,-1.06812E-04,-1.831064E-04,-.001
2.586293,1.220712E-04,2.28883E-05,-.001
2.587294,-1.525888E-04,2.059946E-04,6.66667E-04
2.588294,-2.441425E-04,1.75477E-04,-.001
2.589295,-5.645789E-04,1.525888E-04,.001
2.590295,-4.425067E-04,3.051776E-04,-6.66667E-04
2.591296,-3.051776E-04,9.918259E-05,.001
2.592296,-2.28883E-05,7.629453E-06,-.001
2.593297,-3.051781E-05,2.517719E-04,-.001
2.594297,-2.288828E-04,4.577655E-04,-6.66667E-04
2.595298,-2.13624E-04,2.670307E-04,.002
2.596298,-2.594013E-04,2.365122E-04,.001
2.597299,-4.577655E-04,0,-6.66667E-04
2.598299,-2.517719E-04,0,6.66667E-04
2.5993,9.15532E-05,1.831064E-04,-6.66667E-04
2.6003,0,7.629453E-06,6.66667E-04
2.601301,0,6.103562E-05,.002
2.602301,1.3733E-04,4.196186E-04,.001
2.603302,1.144414E-04,5.569495E-04,-6.66667E-04
2.604302,2.670307E-04,4.806537E-04,6.66667E-04
2.605303,4.501361E-04,-7.629441E-05,-.002
2.606303,4.653949E-04,-3.662128E-04,-.001
2.607304,5.493201E-04,-2.594013E-04,-.001
2.608304,1.831064E-04,2.059946E-04,6.66667E-04
2.609305,-1.831064E-04,7.629453E-06,-.001
2.610305,-3.967304E-04,-1.3733E-04,-.002
2.611306,-2.975482E-04,2.746601E-04,-.001
2.612306,-5.111732E-04,2.822895E-04,-6.66667E-04
2.613307,-4.425067E-04,-8.392381E-05,6.66667E-04
2.614307,-2.13624E-04,1.907358E-04,-6.66667E-04
2.615308,-1.449594E-04,3.738422E-04,-.002
2.616308,-9.918259E-05,2.517719E-04,-.001
2.617309,-5.340599E-05,-3.051781E-05,-.001
2.618309,-1.983652E-04,-6.866502E-05,-2.33333E-03
2.61931,7.629441E-05,-2.746601E-04,6.66667E-04
2.62031,-1.525888E-04,-3.738422E-04,-.001
2.621311,-2.822895E-04,-2.746601E-04,6.66667E-04
2.622311,-1.06812E-04,1.678476E-04,-3.66667E-03
2.623312,-3.356952E-04,1.983652E-04,6.66667E-04
2.624312,-4.196186E-04,2.517719E-04,-6.66667E-04
2.625313,-6.63761E-04,3.814721E-05,.001
2.626313,-4.348774E-04,-1.220712E-04,-.001
2.627314,-3.814716E-04,-1.525891E-05,-6.66667E-04
2.628314,-7.629441E-05,-1.06812E-04,-.001
2.629315,-1.06812E-04,-3.204364E-04,-.001
2.630315,-4.501361E-04,-1.3733E-04,-6.66667E-04
2.631316,-9.079017E-04,-5.340599E-05,-.001
2.632316,-7.705726E-04,-5.340599E-05,-.001
2.633317,-4.806537E-04,-1.678476E-04,-.001
2.634317,-6.103562E-05,-2.746601E-04,6.66667E-04
2.635318,-2.212534E-04,-3.967304E-04,-.002
2.636318,-2.670307E-04,4.57766E-05,-2.33333E-03
2.637319,-1.3733E-04,4.577655E-04,-.001
2.638319,4.57766E-05,1.525888E-04,-6.66667E-04
2.63932,1.449594E-04,1.06812E-04,-.001
2.64032,1.983652E-04,-8.392381E-05,6.66667E-04
2.641321,3.814721E-05,-2.059946E-04,.002
2.642321,4.57766E-05,7.629453E-06,-.002
2.643322,-1.06812E-04,6.103562E-05,-6.66667E-04
2.644322,-1.06812E-04,1.907358E-04,-.002
2.645323,-2.670307E-04,1.220712E-04,6.66667E-04
2.646323,-3.051781E-05,2.059946E-04,-6.66667E-04
2.647324,-1.525888E-04,4.57766E-05,-6.66667E-04
2.648324,-2.059946E-04,-1.525891E-05,-.001
2.649325,-5.264319E-04,1.144414E-04,-.001
2.650325,-4.653949E-04,3.204364E-04,-6.66667E-04
2.651326,-3.585834E-04,-1.3733E-04,-.001
2.652326,-4.348774E-04,-1.678476E-04,-.002
2.653327,-2.975482E-04,-1.75477E-04,6.66667E-04
2.654327,4.57766E-05,-1.907358E-04,-.002
2.655328,2.212534E-04,-5.340599E-05,6.66667E-04
2.656328,4.57766E-05,6.103562E-05,.001
2.657329,-1.525891E-05,-8.392381E-05,-.001
2.658329,-6.866502E-05,-1.525888E-04,-2.33333E-03
2.65933,-1.678476E-04,-3.50954E-04,.001
2.66033,-3.356952E-04,-7.629441E-05,-.001
2.661331,-2.13624E-04,2.670307E-04,-.002
2.662331,9.15532E-05,3.585834E-04,-.001
2.663332,1.06812E-04,2.746601E-04,-3.66667E-03
2.664332,1.3733E-04,1.525888E-04,-6.66667E-04
2.665333,-1.297006E-04,8.392381E-05,.001
2.666333,1.449594E-04,1.144414E-04,6.66667E-04
2.667334,-1.06812E-04,3.051776E-04,6.66667E-04
2.668334,-2.517719E-04,3.814721E-05,-.002
2.669335,-3.356952E-04,2.594013E-04,-6.66667E-04
2.670335,-7.324256E-04,5.722083E-04,.001
2.671336,-8.163489E-04,5.493201E-04,.001
2.672336,-1.220711E-03,7.629453E-06,-.002
2.673337,-1.693733E-03,4.27248E-04,-.001
2.674337,-2.059951E-03,6.485023E-04,6.66667E-04
2.675338,-2.914444E-03,5.416907E-04,3.66667E-03
2.676338,-4.364043E-03,5.645789E-04,-.001
2.677339,-6.889373E-03,4.501361E-04,-6.66667E-04
2.678339,-1.053625E-02,4.88285E-04,-6.66667E-04
2.67934,-.0138703,5.188026E-04,-.002
2.68034,-1.664746E-02,5.645789E-04,6.66667E-04
2.681341,-1.800549E-02,5.798377E-04,-6.66667E-04
2.682341,-1.821148E-02,5.188026E-04,.001
2.683342,-1.760113E-02,5.111732E-04,-.001
2.684342,-.0154267,5.493201E-04,-.001
2.685343,-1.215369E-02,8.010902E-04,-.001
2.686343,-9.147704E-03,8.392371E-04,.002
2.687344,-6.599456E-03,6.63761E-04,6.66667E-04
2.688344,-4.806548E-03,2.594013E-04,-6.66667E-04
2.689345,-3.387466E-03,2.670307E-04,-6.66667E-04
2.690345,-2.769485E-03,4.196186E-04,6.66667E-04
2.691346,-1.884468E-03,3.50954E-04,6.66667E-04
2.692346,-1.35041E-03,-4.57766E-05,-.001
2.693347,-1.029976E-03,-3.814721E-05,6.66667E-04
2.694347,-6.103553E-04,2.517719E-04,-6.66667E-04
2.695348,6.103562E-05,3.89101E-04,.002
2.696348,-7.629441E-05,4.043598E-04,2.33333E-03
2.697349,1.75477E-04,1.983652E-04,-.001
2.698349,4.196186E-04,9.15532E-05,-6.66667E-04
2.69935,1.831064E-04,-1.3733E-04,-.001
2.70035,5.340599E-05,1.144414E-04,-2.33333E-03
2.701351,2.441425E-04,1.75477E-04,.001
2.702351,3.814716E-04,4.57766E-05,-2.33333E-03
2.703352,2.059946E-04,-5.874671E-04,-5.66667E-03
2.704352,1.525891E-05,-5.874671E-04,-.002
2.705353,-8.392381E-05,-5.874671E-04,-.001
2.706353,-4.959144E-04,-9.918259E-05,-.002
2.707354,-7.78202E-04,7.705726E-04,-6.66667E-04
2.708354,-8.010902E-04,4.88285E-04,-.001
2.709355,-6.713904E-04,3.051776E-04,-6.66667E-04
2.710355,-6.713904E-04,7.095374E-04,-6.66667E-04
2.711356,-6.408729E-04,9.079017E-04,6.66667E-04
2.712356,-9.53678E-04,8.926429E-04,-6.66667E-04
2.713357,-6.408729E-04,6.256141E-04,-.001
2.714357,-3.662128E-04,5.188026E-04,-.001
2.715358,-5.340613E-04,6.256141E-04,-6.66667E-04
2.716358,-6.408729E-04,7.247962E-04,-6.66667E-04
2.717359,-7.01908E-04,7.78202E-04,6.66667E-04
2.718359,-5.798377E-04,5.798377E-04,-6.66667E-04
2.71936,-3.12807E-04,5.493201E-04,-.002
2.72036,-4.119892E-04,3.280658E-04,-6.66667E-04
2.721361,-4.806537E-04,7.247962E-04,-6.66667E-04
2.722361,-6.866492E-04,6.408729E-04,-2.33333E-03
2.723362,-6.256141E-04,4.119892E-04,-6.66667E-04
2.724362,-6.027259E-04,2.059946E-04,-.001
2.725363,-8.621253E-04,4.806537E-04,-6.66667E-04
2.726363,-1.182564E-03,6.332435E-04,-.001
2.727364,-9.53678E-04,7.629432E-04,-.001
2.728364,-1.274116E-03,5.416907E-04,-6.66667E-04
2.729365,-1.373298E-03,7.324256E-04,-6.66667E-04
2.730365,-1.220711E-03,1.060493E-03,-.001
2.731366,-9.307899E-04,1.121528E-03,.001
2.732366,-8.163489E-04,8.087195E-04,-6.66667E-04
2.733367,-1.22834E-03,9.231605E-04,6.66667E-04
2.734367,-1.502998E-03,8.773841E-04,-.001
2.735368,-1.541145E-03,7.476844E-04,-.001
2.736368,-1.548775E-03,7.629432E-04,6.66667E-04
2.737369,-1.747139E-03,7.476844E-04,3.66667E-03
2.738369,-1.876839E-03,6.942786E-04,-2.33333E-03
2.73937,-1.960769E-03,1.022346E-03,6.66667E-04
2.74037,-1.899727E-03,1.091011E-03,6.66667E-04
2.741371,-1.960769E-03,7.858314E-04,-.001
2.742371,-1.754768E-03,9.994581E-04,-.001
2.743372,-1.960769E-03,1.243599E-03,-.002
2.744372,-1.838692E-03,1.213081E-03,-6.66667E-04
2.745373,-1.85395E-03,1.136787E-03,-6.66667E-04
2.746373,-1.976028E-03,9.384193E-04,-.001
2.747374,-2.174392E-03,1.029976E-03,.001
2.748374,-2.883926E-03,9.231605E-04,-.002
2.749375,-2.883926E-03,9.994581E-04,-.001
2.750375,-2.83815E-03,6.485023E-04,-.004
2.751376,-2.540603E-03,3.433246E-04,.001
2.752376,-2.441421E-03,8.087195E-04,6.66667E-04
2.753377,-2.388015E-03,7.78202E-04,-.004
2.754377,-2.311721E-03,7.705726E-04,-6.66667E-04
2.755378,-2.479568E-03,7.858314E-04,.001
2.756378,-2.563491E-03,9.155311E-04,.001
2.757379,-2.418533E-03,7.01908E-04,-.002
2.758379,-2.677932E-03,3.585834E-04,-6.66667E-04
2.75938,-2.685562E-03,2.899189E-04,.001
2.76038,-2.349868E-03,4.043598E-04,6.66667E-04
2.761381,-2.189651E-03,4.348774E-04,-.001
2.762381,-2.265945E-03,8.163489E-04,6.66667E-04
2.763382,-2.609268E-03,1.007088E-03,6.66667E-04
2.764382,-2.990738E-03,1.113899E-03,-6.66667E-04
2.765383,-3.067032E-03,1.22834E-03,-.001
2.766383,-3.746048E-03,1.327522E-03,-.001
2.767384,-4.066497E-03,1.251228E-03,-.002
2.768384,-4.53952E-03,1.10627E-03,-.001
2.769385,-5.050689E-03,7.78202E-04,-.002
2.770385,-6.05014E-03,1.113899E-03,-.001
2.771386,-7.545501E-03,9.384193E-04,6.66667E-04
2.772386,-9.002745E-03,7.171668E-04,6.66667E-04
2.773387,-1.010138E-02,6.179847E-04,-.002
2.774387,-1.194006E-02,6.332435E-04,-.001
2.775388,-1.448828E-02,6.942786E-04,-2.33333E-03
2.776388,-.0172807,4.043598E-04,-6.66667E-04
2.777389,-1.920331E-02,5.264319E-04,6.66667E-04
2.778389,-2.069867E-02,2.365122E-04,-.002
2.77939,-2.108014E-02,-7.629441E-05,-.001
2.78039,-2.084363E-02,1.144414E-04,-.001
2.781391,-1.995099E-02,2.670307E-04,-6.66667E-04
2.782391,-1.832592E-02,3.585834E-04,-6.66667E-04
2.783392,-1.698315E-02,1.449594E-04,-6.66667E-04
2.784392,-1.490027E-02,5.722083E-04,-.002
2.785393,-1.277167E-02,8.316077E-04,.001
2.786393,-1.074225E-02,7.78202E-04,-.001
2.787394,-8.743346E-03,6.408729E-04,-6.66667E-04
2.788394,-6.92752E-03,5.111732E-04,-6.66667E-04
2.789395,-5.592376E-03,6.790198E-04,-2.33333E-03
2.790395,-4.318267E-03,7.01908E-04,.002
2.791396,-.0038376,1.213081E-03,2.33333E-03
2.792396,-3.517166E-03,1.274116E-03,-6.66667E-04
2.793397,-3.08992E-03,1.052864E-03,-6.66667E-04
2.794397,-2.868667E-03,1.10627E-03,.001
2.795398,-2.937332E-03,9.460486E-04,.002
2.796398,-3.013626E-03,9.079017E-04,6.66667E-04
2.797399,-2.677932E-03,9.613074E-04,-.001
2.798399,-2.250686E-03,7.324256E-04,-.002
2.7994,-2.182022E-03,6.179847E-04,.001
2.8004,-2.433792E-03,5.264319E-04,-3.66667E-03
2.801401,-2.96022E-03,6.408729E-04,6.66667E-04
2.802401,-3.234878E-03,7.476844E-04,-.002
2.803402,-3.58583E-03,1.007088E-03,-.001
2.804402,-3.822342E-03,8.926429E-04,-3.66667E-03
2.805403,-4.341155E-03,6.790198E-04,-.002
2.806403,-4.15805E-03,5.950965E-04,.001
2.807404,-4.386932E-03,9.231605E-04,-.001
2.808404,-4.493743E-03,1.182564E-03,.001
2.809405,-4.608184E-03,1.190193E-03,-.001
2.810405,-4.737884E-03,1.121528E-03,.001
2.811406,-5.233794E-03,1.35804E-03,-6.66667E-04
2.812406,-5.699188E-03,1.35804E-03,.002
2.813407,-6.538421E-03,1.266487E-03,-.001
2.814407,-6.935149E-03,1.213081E-03,-6.66667E-04
2.815408,-7.56076E-03,8.850135E-04,-.001
2.816408,-8.43817E-03,6.179847E-04,-6.66667E-04
2.817409,-9.849608E-03,8.621253E-04,-6.66667E-04
2.818409,-1.118475E-02,7.705726E-04,-6.66667E-04
2.81941,-1.210028E-02,7.934608E-04,-.001
2.82041,-1.306921E-02,8.926429E-04,-6.66667E-04
2.821411,-1.395422E-02,9.307899E-04,.001
2.822411,-1.409155E-02,1.10627E-03,-.002
2.823412,-1.383978E-02,1.10627E-03,-6.66667E-04
2.824412,-1.320654E-02,8.392371E-04,.002
2.825413,-1.220709E-02,8.392371E-04,6.66667E-04
2.826413,-1.079565E-02,9.002723E-04,-6.66667E-04
2.827414,-9.399474E-03,7.78202E-04,-6.66667E-04
2.828414,-.0083161,9.613074E-04,-6.66667E-04
2.829415,-7.118255E-03,1.304634E-03,-2.33333E-03
2.830415,-5.821258E-03,1.457222E-03,-6.66667E-04
2.831416,-5.386382E-03,1.464851E-03,-6.66667E-04
2.832416,-.0052872,1.35804E-03,.001
2.833417,-4.760772E-03,1.182564E-03,.002
2.834417,-4.478484E-03,1.014717E-03,.001
2.835418,-4.951507E-03,8.621253E-04,-2.33333E-03
2.836418,-5.271941E-03,1.548775E-03,-.002
2.837419,-5.531341E-03,1.815803E-03,-.001
2.838419,-5.897552E-03,1.594551E-03,-6.66667E-04
2.83942,-6.019622E-03,1.579292E-03,-6.66667E-04
2.84042,-6.240875E-03,1.594551E-03,.001
2.841421,-6.462127E-03,1.235969E-03,6.66667E-04
2.842421,-6.477386E-03,1.289375E-03,-.001
2.843422,-6.256133E-03,1.182564E-03,-.001
2.844422,-5.958587E-03,1.152046E-03,-6.66667E-04
2.845423,-6.011993E-03,1.159675E-03,6.66667E-04
2.846423,-5.569488E-03,1.052864E-03,-6.66667E-04
2.847424,-5.180389E-03,1.319893E-03,6.66667E-04
2.848424,-5.180389E-03,1.251228E-03,6.66667E-04
2.849425,-5.332977E-03,1.319893E-03,-.001
2.850425,-.0052872,1.304634E-03,.004
2.851426,-5.264312E-03,1.022346E-03,-6.66667E-04
2.852426,-5.027801E-03,1.380928E-03,-6.66667E-04
2.853427,-4.859954E-03,1.647957E-03,-.002
2.854427,-4.90573E-03,1.518257E-03,-.001
2.855428,-5.126983E-03,1.136787E-03,-6.66667E-04
2.856428,-5.508453E-03,6.332435E-04,-.001
2.857429,-5.722076E-03,6.63761E-04,-.001
2.858429,-6.004363E-03,9.384193E-04,-.001
2.85943,-6.530792E-03,1.052864E-03,-6.66667E-04
2.86043,-7.194549E-03,8.468665E-04,-2.33333E-03
2.861431,-7.957518E-03,1.159675E-03,-.002
2.862431,-9.307921E-03,1.281746E-03,.001
2.863432,-1.152045E-02,1.10627E-03,-6.66667E-04
2.864432,-1.468664E-02,6.942786E-04,6.66667E-04
2.865433,-1.833355E-02,2.517719E-04,6.66667E-04
2.866433,-.0227586,6.866502E-05,-.002
2.867434,-2.861798E-02,-2.594013E-04,-.001
2.868434,-3.449273E-02,-8.392371E-04,6.66667E-04
2.869435,-4.059625E-02,-2.235427E-03,-6.66667E-04
2.870435,-4.848504E-02,-3.242508E-03,-6.66667E-04
2.871436,-5.715203E-02,-4.570037E-03,.002
2.872436,-6.474352E-02,-5.783111E-03,.001
2.873437,-7.019091E-02,-6.340057E-03,.002
2.874437,-7.258654E-02,-6.492645E-03,2.33333E-03
2.875438,-7.247972E-02,-5.989105E-03,.001
2.876438,-6.938982E-02,-4.936248E-03,-2.33333E-03
2.877439,-6.374407E-02,-4.196197E-03,-6.66667E-04
2.878439,-5.676293E-02,-3.295913E-03,.001
2.87944,-4.927087E-02,-2.311721E-03,6.66667E-04
2.88044,-.0406878,-1.449592E-03,-6.66667E-04
2.881441,-3.243279E-02,-6.179847E-04,-.001
2.882441,-.0256654,1.907358E-04,-.001
2.883442,-2.046216E-02,9.460486E-04,-.002
2.884442,-.0163728,1.747139E-03,6.66667E-04
2.885443,-1.367956E-02,2.105728E-03,.001
2.886443,-1.152807E-02,1.533516E-03,-6.66667E-04
2.887444,-1.012427E-02,1.495369E-03,6.66667E-04
2.888444,-8.766234E-03,1.579292E-03,.001
2.889445,-7.980406E-03,1.548775E-03,6.66667E-04
2.890445,-7.469207E-03,1.495369E-03,-.002
2.891446,-7.026702E-03,1.319893E-03,-.002
2.892446,-6.835967E-03,9.307899E-04,-2.33333E-03
2.893447,-7.026702E-03,9.079017E-04,6.66667E-04
2.894447,-7.522613E-03,7.40055E-04,-.002
2.895448,-7.835448E-03,4.88285E-04,-6.66667E-04
2.896448,-8.68994E-03,3.280658E-04,.001
2.897449,-9.956419E-03,-9.918259E-05,6.66667E-04
2.898449,-.0115357,-9.918259E-05,-6.66667E-04
2.89945,-1.403815E-02,7.629453E-06,6.66667E-04
2.90045,-1.747906E-02,1.06812E-04,-6.66667E-04
2.901451,-2.204144E-02,-2.670307E-04,-6.66667E-04
2.902451,-2.789319E-02,-9.841993E-04,.001
2.903452,-3.421807E-02,-1.747139E-03,6.66667E-04
2.904452,-4.083276E-02,-2.037063E-03,6.66667E-04
2.905453,-4.890466E-02,-2.883926E-03,6.66667E-04
2.906453,-5.737329E-02,-4.318267E-03,-.002
2.907454,-6.584978E-02,-5.79837E-03,-2.33333E-03
2.908454,-7.290697E-02,-6.820709E-03,.001
2.909455,-7.791948E-02,-7.728606E-03,-.001
2.910455,-8.023119E-02,-.0078049,.001
2.911456,-7.952166E-02,-7.55313E-03,-.002
2.912456,-.0761342,-6.622344E-03,6.66667E-04
2.913457,-7.071733E-02,-5.912811E-03,-.002
2.914457,-6.374407E-02,-4.890472E-03,6.66667E-04
2.915458,-5.544305E-02,-3.84523E-03,-6.66667E-04
2.916458,-4.640985E-02,-2.395645E-03,6.66667E-04
2.917459,-3.764367E-02,-1.045235E-03,-6.66667E-04
2.918459,-3.060162E-02,4.57766E-05,-.001
2.91946,-2.487195E-02,7.01908E-04,-.001
2.92046,-2.011883E-02,1.419075E-03,-6.66667E-04
2.921461,-1.714337E-02,1.968399E-03,6.66667E-04
2.922461,-1.495367E-02,1.945503E-03,-.001
2.923462,-1.313788E-02,1.808174E-03,-.002
2.924462,-1.168829E-02,1.754768E-03,-.001
2.925463,-1.008612E-02,1.945503E-03,-6.66667E-04
2.926463,-8.81964E-03,1.968399E-03,-6.66667E-04
2.927464,-8.277953E-03,1.968399E-03,-.001
2.928464,-7.667571E-03,1.174934E-03,-.001
2.929465,-7.072479E-03,7.247962E-04,-2.33333E-03
2.930465,-6.683379E-03,9.460486E-04,-.002
2.931466,-5.889922E-03,1.289375E-03,6.66667E-04
2.932466,-5.447417E-03,1.304634E-03,-.002
2.933467,-5.477935E-03,1.190193E-03,-6.66667E-04
2.934467,-5.592376E-03,1.060493E-03,6.66667E-04
2.935468,-5.729705E-03,1.365669E-03,.001
2.936468,-5.828887E-03,1.846321E-03,.001
2.937469,-6.088287E-03,2.037063E-03,6.66667E-04
2.938469,-6.126434E-03,2.372757E-03,-6.66667E-04
2.93947,-6.500274E-03,2.128616E-03,-6.66667E-04
2.94047,-6.515533E-03,2.120987E-03,-.001
2.941471,-7.080108E-03,2.044693E-03,.002
2.942471,-7.698089E-03,1.892097E-03,2.33333E-03
2.943472,-7.919371E-03,1.792915E-03,-.002
2.944472,-7.55313E-03,1.441963E-03,.001
2.945473,-7.476836E-03,1.457222E-03,6.66667E-04
2.946473,-7.576019E-03,1.876839E-03,.001
2.947474,-7.499725E-03,1.998916E-03,-3.66667E-03
2.948474,-7.843077E-03,1.838692E-03,2.33333E-03
2.949475,-8.239806E-03,1.777656E-03,-.002
2.950475,-8.674681E-03,1.564033E-03,-.001
2.951476,-9.040892E-03,1.403816E-03,.002
2.952476,-9.582579E-03,1.365669E-03,-.001
2.953477,-1.023871E-02,1.266487E-03,6.66667E-04
2.954477,-1.118475E-02,1.174934E-03,-6.66667E-04
2.955478,-1.254278E-02,1.304634E-03,-.001
2.956478,-.0140534,1.35041E-03,-.001
2.957479,-1.489264E-02,1.266487E-03,-.002
2.958479,-1.569378E-02,9.307899E-04,-.001
2.95948,-1.583111E-02,8.926429E-04,.001
2.96048,-1.557165E-02,8.850135E-04,6.66667E-04
2.961481,-1.495367E-02,1.083381E-03,.001
2.962481,-1.437384E-02,8.926429E-04,-.001
2.963482,-1.297766E-02,1.068123E-03,.001
2.964482,-1.124579E-02,9.384193E-04,-.001
2.965483,-9.452879E-03,9.231605E-04,.002
2.966483,-7.988036E-03,8.697547E-04,.001
2.967484,-6.912261E-03,8.392371E-04,.001
2.968484,-6.256133E-03,1.159675E-03,6.66667E-04
2.969485,-5.500823E-03,9.918287E-04,-6.66667E-04
2.970485,-4.79129E-03,8.850135E-04,-6.66667E-04
2.971486,-4.325897E-03,1.037605E-03,-.004
2.972486,-4.058868E-03,8.010902E-04,-6.66667E-04
2.973487,-3.860489E-03,8.239783E-04,-6.66667E-04
2.974487,-3.807083E-03,6.027259E-04,6.66667E-04
2.975488,-3.59346E-03,1.075752E-03,-.002
2.976488,-3.479019E-03,1.068123E-03,.001
2.977489,-3.59346E-03,1.22834E-03,-.002
2.978489,-3.547683E-03,1.365669E-03,-6.66667E-04
2.97949,-4.020721E-03,1.022346E-03,.001
2.98049,-4.509002E-03,1.060493E-03,-.002
2.981491,-4.936248E-03,1.525886E-03,-.001
2.982491,-5.409271E-03,1.48011E-03,.001
2.983492,-5.828887E-03,1.73188E-03,-6.66667E-04
2.984492,-7.240325E-03,1.594551E-03,-6.66667E-04
2.985493,-8.750975E-03,9.460486E-04,-6.66667E-04
2.986493,-1.042944E-02,5.035438E-04,6.66667E-04
2.987494,-1.184851E-02,4.730243E-04,-.001
2.988494,-1.288611E-02,4.27248E-04,-2.33333E-03
2.989495,-.0149079,2.670307E-04,-3.66667E-03
2.990495,-1.724255E-02,-1.449594E-04,-.002
2.991496,-1.908123E-02,-1.907358E-04,-2.33333E-03
2.992496,-2.055371E-02,-2.13624E-04,6.66667E-04
2.993497,-2.165234E-02,-9.918259E-05,-.001
2.994497,-2.176678E-02,1.907358E-04,-6.66667E-04
2.995498,-2.100384E-02,6.63761E-04,-.002
2.996498,-1.950085E-02,6.790198E-04,-6.66667E-04
2.997499,-1.752484E-02,6.485023E-04,-.001
2.998499,-.0154267,5.264319E-04,-.001
2.9995,-1.295477E-02,3.204364E-04,6.66667E-04
3.0005,-1.042944E-02,7.324256E-04,-2.33333E-03
3.001501,-8.720458E-03,1.068123E-03,-6.66667E-04
3.002501,-7.232696E-03,1.159675E-03,-6.66667E-04
3.003502,-5.958587E-03,1.22834E-03,.001
3.004502,-5.104095E-03,1.129158E-03,-6.66667E-04
3.005503,-4.577667E-03,1.159675E-03,6.66667E-04
3.006503,-4.142791E-03,1.380928E-03,.001
3.007504,-3.402725E-03,1.289375E-03,-3.66667E-03
3.008504,-2.983108E-03,1.197822E-03,-.002
3.009505,-2.944961E-03,1.121528E-03,-2.33333E-03
3.010505,-2.914444E-03,9.918287E-04,-6.66667E-04
3.011506,-2.906814E-03,1.35804E-03,-.001
3.012506,-2.777115E-03,1.190193E-03,-.001
3.013507,-3.021255E-03,9.7657E-04,-3.66667E-03
3.014507,-3.242508E-03,1.09864E-03,.001
3.015508,-3.097549E-03,1.007088E-03,-6.66667E-04
3.016508,-2.761856E-03,1.052864E-03,6.66667E-04
3.017509,-2.746597E-03,1.182564E-03,-6.66667E-04
3.018509,-2.906814E-03,1.136787E-03,6.66667E-04
3.01951,-2.998367E-03,1.129158E-03,-.002
3.02051,-3.08992E-03,1.327522E-03,-6.66667E-04
3.021511,-3.143325E-03,8.163489E-04,6.66667E-04
3.022511,-3.059402E-03,8.239783E-04,-6.66667E-04
3.023512,-3.013626E-03,8.544959E-04,6.66667E-04
3.024512,-2.822891E-03,6.942786E-04,-6.66667E-04
3.025513,-2.548233E-03,1.083381E-03,-.001
3.026513,-2.517715E-03,1.266487E-03,.001
3.027514,-2.647415E-03,1.167305E-03,-.002
3.028514,-2.319351E-03,1.182564E-03,.001
3.029515,-2.098098E-03,1.342781E-03,.001
3.030515,-1.983657E-03,1.159675E-03,-3.66667E-03
3.031516,-1.884468E-03,9.460486E-04,-.002
3.032516,-1.625068E-03,7.858314E-04,6.66667E-04
3.033517,-1.594551E-03,7.476844E-04,-6.66667E-04
3.034517,-1.686104E-03,6.485023E-04,6.66667E-04
3.035518,-1.373298E-03,6.561317E-04,.001
3.036518,-1.289375E-03,7.476844E-04,6.66667E-04
3.037519,-1.380928E-03,7.01908E-04,-.001
3.038519,-1.167305E-03,6.408729E-04,6.66667E-04
3.03952,-1.174934E-03,3.433246E-04,2.33333E-03
3.04052,-1.159675E-03,6.942786E-04,6.66667E-04
3.041521,-1.60218E-03,7.01908E-04,6.66667E-04
3.042521,-1.747139E-03,4.959144E-04,.001
3.043522,-1.281746E-03,6.408729E-04,.001
3.044522,-1.060493E-03,3.738422E-04,.001
3.045523,-1.083381E-03,3.12807E-04,-6.66667E-04
3.046523,-1.373298E-03,8.010902E-04,-.001
3.047524,-1.73188E-03,8.392371E-04,-.002
3.048524,-1.85395E-03,6.332435E-04,.001
3.049525,-1.922615E-03,6.332435E-04,-.001
3.050525,-2.006546E-03,7.171668E-04,-.001
3.051526,-2.120987E-03,6.408729E-04,-.001
3.052526,-2.342239E-03,5.264319E-04,-.001
3.053527,-2.395645E-03,4.425067E-04,-6.66667E-04
3.054527,-2.525344E-03,7.476844E-04,-6.66667E-04
3.055528,-3.036514E-03,5.035438E-04,6.66667E-04
3.056528,-3.860489E-03,7.705726E-04,.002
3.057529,-5.126983E-03,1.007088E-03,-6.66667E-04
3.058529,-6.523162E-03,7.553138E-04,-.001
3.05953,-8.430541E-03,8.392371E-04,.001
3.06053,-1.142126E-02,1.052864E-03,-.002
3.061531,-1.573956E-02,4.806537E-04,-.001
3.062531,-2.059948E-02,8.392381E-05,6.66667E-04
3.063532,-2.461255E-02,-5.798377E-04,-6.66667E-04
3.064532,-2.725995E-02,-6.408729E-04,-.002
3.065533,-.0280534,-2.822895E-04,-.002
3.066533,-2.761853E-02,-2.059946E-04,-.001
3.067534,-2.530682E-02,-5.874671E-04,-6.66667E-04
3.068534,-2.119458E-02,-2.899189E-04,-.002
3.069535,-1.669323E-02,1.525891E-05,.001
3.070535,-1.288611E-02,2.975482E-04,-.001
3.071536,-9.765685E-03,3.204364E-04,.001
3.072536,-7.05722E-03,2.899189E-04,-.002
3.073537,-5.447417E-03,7.324256E-04,-6.66667E-04
3.074537,-4.074126E-03,8.697547E-04,.001
3.075538,-2.906814E-03,8.773841E-04,.001
3.076538,-2.403274E-03,7.324256E-04,-.001
3.077539,-1.945503E-03,7.78202E-04,-.001
3.078539,-1.487739E-03,7.171668E-04,.001
3.07954,-1.220711E-03,4.959144E-04,-3.66667E-03
3.08054,-8.850135E-04,3.967304E-04,6.66667E-04
3.081541,-8.468665E-04,3.356952E-04,-2.33333E-03
3.082541,-5.416907E-04,5.645789E-04,-.002
3.083542,-4.959144E-04,3.814716E-04,-6.66667E-04
3.084542,-4.806537E-04,6.179847E-04,-2.33333E-03
3.085543,-6.332435E-04,5.950965E-04,2.33333E-03
3.086543,-5.340613E-04,4.730243E-04,-.002
3.087544,-1.75477E-04,6.561317E-04,.001
3.088544,-1.831064E-04,5.264319E-04,.002
3.089545,-3.204364E-04,4.577655E-04,-6.66667E-04
3.090545,-5.722083E-04,3.662128E-04,-6.66667E-04
3.091546,-7.247962E-04,2.441425E-04,-.001
3.092546,-7.858314E-04,3.738422E-04,-.002
3.093547,-7.01908E-04,2.517719E-04,-6.66667E-04
3.094547,-4.348774E-04,4.27248E-04,-.001
3.095548,-3.433246E-04,3.662128E-04,6.66667E-04
3.096548,-5.950965E-04,3.89101E-04,-6.66667E-04
3.097549,-8.621253E-04,6.256141E-04,-.001
3.098549,-7.705726E-04,6.332435E-04,6.66667E-04
3.09955,-7.324256E-04,4.806537E-04,-.001
3.10055,-3.662128E-04,5.950965E-04,-.001
3.101551,-3.967304E-04,8.926429E-04,.001
3.102551,-6.942786E-04,8.392371E-04,-6.66667E-04
3.103552,-9.002723E-04,7.629432E-04,-6.66667E-04
3.104552,-1.022346E-03,6.256141E-04,-.001
3.105553,-1.235969E-03,5.569495E-04,-.001
3.106553,-1.091011E-03,4.577655E-04,6.66667E-04
3.107554,-8.316077E-04,6.027259E-04,.001
3.108554,-6.713904E-04,4.119892E-04,-6.66667E-04
3.109555,-8.697547E-04,4.196186E-04,6.66667E-04
3.110555,-9.460486E-04,2.746601E-04,6.66667E-04
3.111556,-1.152046E-03,0,-.002
3.112556,-6.256141E-04,-2.212534E-04,6.66667E-04
3.113557,-7.01908E-04,1.525891E-05,-6.66667E-04
3.114557,-8.239783E-04,1.983652E-04,-.001
3.115558,-7.40055E-04,5.493201E-04,6.66667E-04
3.116558,-1.037605E-03,7.247962E-04,.001
3.117559,-1.289375E-03,8.316077E-04,-.001
3.118559,-1.380928E-03,9.460486E-04,-6.66667E-04
3.11956,-1.144417E-03,7.858314E-04,-6.66667E-04
3.12056,-8.621253E-04,2.059946E-04,-6.66667E-04
3.121561,-5.111732E-04,1.602182E-04,-.001
3.122561,-5.798377E-04,-9.15532E-05,.001
3.123562,-7.705726E-04,3.051781E-05,-6.66667E-04
3.124562,-4.425067E-04,2.212534E-04,-.002
3.125563,-4.577655E-04,4.27248E-04,.001
3.126563,-2.670307E-04,5.264319E-04,-3.66667E-03
3.127564,-4.806537E-04,5.264319E-04,-2.33333E-03
3.128564,-3.89101E-04,6.332435E-04,6.66667E-04
3.129565,-2.822895E-04,5.798377E-04,-.002
3.130565,-2.670307E-04,6.332435E-04,-.001
3.131566,-5.340613E-04,5.340613E-04,-.001
3.132566,-8.697547E-04,7.095374E-04,.001
3.133567,-1.167305E-03,7.78202E-04,-6.66667E-04
3.134567,-1.319893E-03,7.171668E-04,-.001
3.135568,-1.22834E-03,3.738422E-04,6.66667E-04
3.136568,-1.419075E-03,1.602182E-04,-6.66667E-04
3.137569,-1.113899E-03,2.517719E-04,.001
3.138569,-1.289375E-03,1.75477E-04,3.66667E-03
3.13957,-9.841993E-04,5.493201E-04,-.002
3.14057,-5.950965E-04,3.89101E-04,-.002
3.141571,-7.629432E-04,7.476844E-04,6.66667E-04
3.142571,-7.171668E-04,7.095374E-04,-.002
3.143572,-5.035438E-04,7.78202E-04,-6.66667E-04
3.144572,-3.356952E-04,4.88285E-04,-2.33333E-03
3.145573,-1.3733E-04,4.27248E-04,-.001
3.146573,-3.50954E-04,2.13624E-04,6.66667E-04
3.147574,-3.356952E-04,6.866502E-05,-6.66667E-04
3.148574,-5.340613E-04,4.425067E-04,-6.66667E-04
3.149575,-7.553138E-04,6.408729E-04,6.66667E-04
3.150575,-9.002723E-04,6.332435E-04,-.001
3.151576,-8.926429E-04,4.730243E-04,-.002
3.152576,-9.155311E-04,3.204364E-04,-.001
3.153577,-2.899189E-04,3.662128E-04,6.66667E-04
3.154577,-3.12807E-04,3.662128E-04,.001
3.155578,-1.602182E-04,5.493201E-04,-.002
3.156578,-1.3733E-04,5.035438E-04,.001
3.157579,-3.280658E-04,3.738422E-04,.001
3.158579,-1.983652E-04,7.629441E-05,-.001
3.15958,-9.15532E-05,2.594013E-04,6.66667E-04
3.16058,2.28883E-05,2.517719E-04,-.001
3.161581,-5.340599E-05,2.670307E-04,6.66667E-04
3.162581,4.119892E-04,1.831064E-04,-.001
3.163582,3.356952E-04,1.602182E-04,6.66667E-04
3.164582,1.907358E-04,2.746601E-04,-6.66667E-04
3.165583,-2.670307E-04,0,.001
3.166583,-1.297006E-04,1.907358E-04,-.001
3.167584,6.103562E-05,5.188026E-04,-.001
3.168584,-1.449594E-04,5.416907E-04,.002
3.169585,0,4.043598E-04,-6.66667E-04
3.170585,-1.3733E-04,2.899189E-04,-6.66667E-04
3.171586,-1.297006E-04,3.051776E-04,-6.66667E-04
3.172586,-3.051781E-05,1.678476E-04,.001
3.173587,-2.288828E-04,1.907358E-04,-.001
3.174587,-6.866492E-04,3.814716E-04,.001
3.175588,-7.78202E-04,3.204364E-04,.001
3.176588,-6.027259E-04,4.119892E-04,-6.66667E-04
3.177589,-6.332435E-04,1.220712E-04,-3.66667E-03
3.178589,-4.730243E-04,6.866502E-05,-.002
3.17959,-2.288828E-04,1.983652E-04,.001
3.18059,-2.059946E-04,-1.525891E-05,-.001
3.181591,-2.212534E-04,2.517719E-04,6.66667E-04
3.182591,-3.738422E-04,4.653949E-04,-.001
3.183592,-7.01908E-04,2.441425E-04,-.001
3.184592,-2.670307E-04,-2.13624E-04,-6.66667E-04
3.185593,-1.678476E-04,-6.103562E-05,6.66667E-04
3.186593,-1.220712E-04,0,-.001
3.187594,-3.204364E-04,-7.629441E-05,.001
3.188594,-6.561317E-04,-5.035438E-04,-.001
3.189595,-5.874671E-04,-2.594013E-04,6.66667E-04
3.190595,-6.713904E-04,-3.051781E-05,-.002
3.191596,-5.340613E-04,2.288828E-04,-6.66667E-04
3.192596,-1.75477E-04,2.975482E-04,-6.66667E-04
3.193597,-3.051781E-05,-1.06812E-04,-.002
3.194597,-2.975482E-04,-1.678476E-04,-6.66667E-04
3.195598,-2.670307E-04,-1.06812E-04,.001
3.196598,-2.28883E-05,1.678476E-04,6.66667E-04
3.197599,1.678476E-04,1.75477E-04,-.002
3.198599,1.297006E-04,4.501361E-04,6.66667E-04
3.1996,-6.866502E-05,-3.814721E-05,-.001
3.2006,-4.57766E-05,-2.975482E-04,-6.66667E-04
3.201601,1.525891E-05,-2.441425E-04,-6.66667E-04
3.202601,1.449594E-04,-5.340599E-05,-6.66667E-04
3.203602,-1.602182E-04,5.340599E-05,-6.66667E-04
3.204602,-8.392381E-05,2.365122E-04,-.001
3.205603,4.57766E-05,3.50954E-04,-6.66667E-04
3.206603,-9.15532E-05,3.12807E-04,-6.66667E-04
3.207604,-3.738422E-04,1.678476E-04,.001
3.208604,-8.621253E-04,1.602182E-04,6.66667E-04
3.209605,-6.790198E-04,1.525888E-04,-6.66667E-04
3.210605,-1.06812E-04,1.907358E-04,-6.66667E-04
3.211606,1.525891E-05,3.662128E-04,-.001
3.212606,-9.918259E-05,6.332435E-04,-6.66667E-04
3.213607,-3.051781E-05,4.577655E-04,-.001
3.214607,-7.629441E-05,5.645789E-04,6.66667E-04
3.215608,-1.220712E-04,2.594013E-04,.001
3.216608,-2.365122E-04,2.975482E-04,-.001
3.217609,-1.983652E-04,1.678476E-04,6.66667E-04
3.218609,1.220712E-04,7.629441E-05,-6.66667E-04
3.21961,3.585834E-04,0,-6.66667E-04
3.22061,3.89101E-04,4.57766E-05,6.66667E-04
3.221611,-5.340599E-05,1.831064E-04,-6.66667E-04
3.222611,-3.738422E-04,3.662128E-04,-6.66667E-04
3.223612,-3.280658E-04,7.629453E-06,-.001
3.224612,-5.264319E-04,-3.433246E-04,-3.66667E-03
3.225613,-7.934608E-04,-2.13624E-04,-.001
3.226614,-9.307899E-04,6.866502E-05,-6.66667E-04
3.227614,-8.163489E-04,1.525891E-05,6.66667E-04
3.228614,-3.89101E-04,0,-6.66667E-04
3.229615,2.365122E-04,-9.918259E-05,-.002
3.230615,2.28883E-05,-3.814721E-05,-3.66667E-03
3.231616,-1.678476E-04,6.866502E-05,.001
3.232616,-2.746601E-04,-1.06812E-04,6.66667E-04
3.233617,-4.27248E-04,2.13624E-04,-.002
3.234617,-3.204364E-04,2.13624E-04,-.002
3.235618,-3.662128E-04,2.288828E-04,-.001
3.236619,-2.517719E-04,4.730243E-04,6.66667E-04
3.237619,-4.501361E-04,3.967304E-04,-.001
3.238619,-3.967304E-04,1.831064E-04,-.002
3.23962,-3.967304E-04,1.06812E-04,6.66667E-04
3.24062,-2.670307E-04,2.746601E-04,-.001
3.241621,-2.441425E-04,9.918259E-05,-6.66667E-04
3.242621,-1.525888E-04,-1.983652E-04,-2.33333E-03
3.243622,1.983652E-04,-2.822895E-04,6.66667E-04
3.244622,1.525888E-04,-6.103562E-05,-6.66667E-04
3.245623,1.831064E-04,4.57766E-05,-.002
3.246624,1.06812E-04,2.28883E-05,-.001
3.247624,-6.866502E-05,-1.907358E-04,-6.66667E-04
3.248624,2.059946E-04,-2.13624E-04,6.66667E-04
3.249625,5.798377E-04,-9.918259E-05,-.001
3.250625,1.06812E-04,1.3733E-04,-.001
3.251626,-8.392381E-05,3.204364E-04,-6.66667E-04
3.252626,1.220712E-04,3.356952E-04,-.001
3.253627,1.525891E-05,3.89101E-04,-.002
3.254627,1.297006E-04,1.525888E-04,-.001
3.255628,5.188026E-04,-1.983652E-04,.001
3.256629,3.280658E-04,1.907358E-04,.001
3.257629,1.678476E-04,1.602182E-04,6.66667E-04
3.258629,-7.629441E-05,0,-.001
3.25963,-9.15532E-05,-7.629453E-06,2.33333E-03
3.26063,9.918259E-05,2.059946E-04,-.001
3.261631,0,4.27248E-04,-6.66667E-04
3.262631,-3.814721E-05,4.57766E-05,.001
3.263632,-4.57766E-05,-1.525891E-05,.001
3.264632,-6.103562E-05,3.662128E-04,.001
3.265633,-2.13624E-04,3.89101E-04,-.002
3.266634,-4.57766E-05,3.204364E-04,-6.66667E-04
3.267634,3.051781E-05,1.449594E-04,-6.66667E-04
3.268634,-9.918259E-05,1.907358E-04,-6.66667E-04
3.269635,1.144414E-04,1.525888E-04,.001
3.270635,3.89101E-04,9.15532E-05,6.66667E-04
3.271636,5.569495E-04,1.220712E-04,.001
3.272636,4.043598E-04,6.103562E-05,-.002
3.273637,3.738422E-04,3.051781E-05,-.001
3.274637,-2.365122E-04,1.75477E-04,-.002
3.275638,-3.356952E-04,-7.629441E-05,.001
3.276639,-5.111732E-04,1.449594E-04,-6.66667E-04
3.277639,-2.517719E-04,6.790198E-04,-.002
3.278639,2.975482E-04,5.188026E-04,.001
3.27964,3.433246E-04,3.12807E-04,-.001
3.28064,2.975482E-04,7.629441E-05,-6.66667E-04
3.281641,-2.13624E-04,-4.57766E-05,-.002
3.282641,-1.220712E-04,1.525888E-04,-.001
3.283642,-2.28883E-05,0,-.002
3.284642,-2.975482E-04,-1.220712E-04,6.66667E-04
3.285643,-6.103562E-05,-3.051781E-05,.001
3.286644,1.678476E-04,-3.89101E-04,-3.66667E-03
3.287644,-9.15532E-05,-1.831064E-04,.001
3.288644,-1.525891E-05,3.89101E-04,-3.66667E-03
3.289645,-3.12807E-04,4.806537E-04,-6.66667E-04
3.290645,-3.051776E-04,5.035438E-04,-6.66667E-04
3.291646,-1.525888E-04,3.585834E-04,.001
3.292646,-1.06812E-04,1.449594E-04,.001
3.293647,-2.670307E-04,-2.517719E-04,-6.66667E-04
3.294647,-4.653949E-04,-6.103562E-05,-.001
3.295648,-7.095374E-04,2.975482E-04,-6.66667E-04
3.296649,-2.288828E-04,2.822895E-04,-.002
3.297649,-2.746601E-04,-2.746601E-04,-.002
3.298649,-6.103562E-05,-5.340599E-05,6.66667E-04
3.29965,3.204364E-04,1.3733E-04,-.001
3.30065,2.059946E-04,1.525888E-04,.001
3.301651,3.051781E-05,-7.629441E-05,-.001
3.302651,1.06812E-04,-1.525888E-04,6.66667E-04
3.303652,3.051781E-05,-4.27248E-04,-6.66667E-04
3.304652,1.144414E-04,-1.907358E-04,-.001
3.305653,-2.288828E-04,0,-6.66667E-04
3.306653,-1.983652E-04,-1.06812E-04,-6.66667E-04
3.307654,0,-7.629453E-06,-6.66667E-04
3.308654,5.340599E-05,5.340599E-05,-.002
3.309655,6.103562E-05,1.3733E-04,6.66667E-04
3.310655,-7.629453E-06,3.12807E-04,-6.66667E-04
3.311656,-2.670307E-04,0,-6.66667E-04
3.312656,-7.629441E-05,-1.525888E-04,.001
3.313657,3.814721E-05,6.866502E-05,.001
3.314657,1.449594E-04,-1.297006E-04,6.66667E-04
3.315658,2.28883E-05,-3.662128E-04,6.66667E-04
3.316658,1.831064E-04,-9.918259E-05,6.66667E-04
3.317659,5.722083E-04,9.918259E-05,-2.33333E-03
3.318659,2.899189E-04,3.585834E-04,.002
3.31966,1.907358E-04,5.111732E-04,.001
3.32066,2.059946E-04,4.348774E-04,-2.33333E-03
3.321661,5.340599E-05,2.288828E-04,-.002
3.322661,-6.866502E-05,-3.814721E-05,-.002
3.323662,1.297006E-04,0,6.66667E-04
3.324662,3.662128E-04,1.144414E-04,-.001
3.325663,-1.06812E-04,3.204364E-04,-6.66667E-04
3.326663,-1.525891E-05,5.340613E-04,6.66667E-04
3.327664,-3.204364E-04,5.645789E-04,-.002
3.328664,-5.645789E-04,4.57766E-05,-6.66667E-04
3.329665,-7.629432E-04,-6.866502E-05,-6.66667E-04
3.330665,-7.171668E-04,-1.525888E-04,-6.66667E-04
3.331666,-8.316077E-04,-2.13624E-04,-2.33333E-03
3.332666,-5.645789E-04,-3.967304E-04,-.001
3.333667,-1.983652E-04,-3.967304E-04,.001
3.334667,9.918259E-05,-7.629453E-06,-6.66667E-04
3.335668,1.525888E-04,1.525888E-04,-3.66667E-03
3.336668,4.119892E-04,2.28883E-05,-.001
3.337669,2.670307E-04,2.517719E-04,-.001
3.338669,0,1.525888E-04,-.002
3.33967,0,1.06812E-04,-6.66667E-04
3.34067,3.051781E-05,4.57766E-05,.002
3.341671,-6.866502E-05,1.602182E-04,.001
3.342671,-5.340599E-05,2.059946E-04,.002
3.343672,-4.57766E-05,2.746601E-04,-.001
3.344672,1.525891E-05,5.798377E-04,.002
3.345673,1.525891E-05,7.171668E-04,-6.66667E-04
3.346673,-1.525891E-05,7.476844E-04,-6.66667E-04
3.347674,-1.678476E-04,3.356952E-04,-6.66667E-04
3.348674,-2.212534E-04,2.441425E-04,-.002
3.349675,-3.433246E-04,3.204364E-04,-6.66667E-04
3.350675,-1.449594E-04,3.356952E-04,-6.66667E-04
3.351676,-1.602182E-04,9.15532E-05,6.66667E-04
3.352676,2.975482E-04,-3.814721E-05,-2.33333E-03
3.353677,1.3733E-04,-2.212534E-04,6.66667E-04
3.354677,4.425067E-04,-3.204364E-04,6.66667E-04
3.355678,3.12807E-04,-2.670307E-04,.001
3.356678,5.340599E-05,-4.577655E-04,.001
3.357679,1.75477E-04,-5.798377E-04,-6.66667E-04
3.358679,3.051776E-04,-7.171668E-04,-.001
3.35968,3.433246E-04,-4.806537E-04,-.001
3.36068,-7.629453E-06,-3.738422E-04,6.66667E-04
3.361681,-2.975482E-04,0,-2.33333E-03
3.362681,-3.12807E-04,0,-6.66667E-04
3.363682,1.525888E-04,-1.525888E-04,6.66667E-04
3.364682,2.594013E-04,-2.441425E-04,-6.66667E-04
3.365683,7.629441E-05,-1.297006E-04,-6.66667E-04
3.366683,7.629453E-06,6.103562E-05,-.002
3.367684,5.340599E-05,-3.051781E-05,-6.66667E-04
3.368684,2.746601E-04,4.57766E-05,-.002
3.369685,5.340613E-04,-1.525891E-05,-.002
3.370685,6.713904E-04,-2.746601E-04,-6.66667E-04
3.371686,5.035438E-04,-2.441425E-04,-.002
3.372686,2.059946E-04,-2.28883E-05,-.001
3.373687,2.365122E-04,4.57766E-05,6.66667E-04
3.374687,8.392381E-05,1.220712E-04,-6.66667E-04
3.375688,4.57766E-05,6.103562E-05,.001
3.376688,3.814721E-05,6.103562E-05,6.66667E-04
3.377689,1.602182E-04,3.280658E-04,-6.66667E-04
3.378689,1.525888E-04,9.918259E-05,-6.66667E-04
3.37969,4.57766E-05,-2.365122E-04,6.66667E-04
3.38069,9.15532E-05,-1.220712E-04,-.002
3.381691,9.15532E-05,-1.831064E-04,-.001
3.382691,1.220712E-04,-2.975482E-04,.001
3.383692,2.517719E-04,1.525888E-04,-.001
3.384692,-7.629441E-05,-6.866502E-05,-.001
3.385693,-7.629453E-06,8.392381E-05,-6.66667E-04
3.386693,1.602182E-04,2.365122E-04,-6.66667E-04
3.387694,2.975482E-04,2.212534E-04,-6.66667E-04
3.388694,3.356952E-04,1.297006E-04,-.002
3.389695,1.75477E-04,2.059946E-04,-2.33333E-03
3.390696,2.975482E-04,4.348774E-04,6.66667E-04
3.391696,2.594013E-04,3.662128E-04,.002
3.392696,-7.629441E-05,2.822895E-04,6.66667E-04
3.393697,2.441425E-04,-3.967304E-04,-2.33333E-03
3.394697,4.196186E-04,-5.111732E-04,2.33333E-03
3.395698,5.111732E-04,-2.899189E-04,-.001
3.396698,2.594013E-04,-1.144414E-04,-.001
3.397699,1.831064E-04,-1.907358E-04,-2.33333E-03
3.398699,2.365122E-04,6.866502E-05,-3.66667E-03
3.3997,2.975482E-04,-3.051781E-05,-.001
3.400701,-1.525888E-04,-2.365122E-04,-6.66667E-04
3.401701,-3.051776E-04,-1.449594E-04,-2.33333E-03
3.402701,5.340599E-05,0,6.66667E-04
3.403702,4.501361E-04,3.662128E-04,-.002
3.404702,8.773841E-04,4.730243E-04,-6.66667E-04
3.405703,9.460486E-04,4.730243E-04,-2.33333E-03
3.406703,6.179847E-04,4.348774E-04,6.66667E-04
3.407704,6.866492E-04,2.059946E-04,-.001
3.408704,4.577655E-04,-1.297006E-04,6.66667E-04
3.409705,1.831064E-04,-3.814716E-04,.001
3.410706,2.365122E-04,-1.525888E-04,.001
3.411706,2.059946E-04,-1.144414E-04,.001
3.412706,3.051776E-04,-2.13624E-04,-2.33333E-03
3.413707,3.433246E-04,-1.449594E-04,-.002
3.414707,-2.517719E-04,-2.212534E-04,.001
3.415708,-3.738422E-04,-2.365122E-04,-.001
3.416708,3.814721E-05,-3.12807E-04,-6.66667E-04
3.417709,4.27248E-04,-2.670307E-04,-.002
3.418709,4.501361E-04,-1.983652E-04,-.001
3.41971,2.059946E-04,-1.678476E-04,-.002
3.420711,-2.13624E-04,-2.212534E-04,-.001
3.421711,-3.50954E-04,-1.144414E-04,.001
3.422711,-2.975482E-04,3.204364E-04,-6.66667E-04
3.423712,1.525888E-04,2.899189E-04,-3.66667E-03
3.424712,-7.629441E-05,9.918259E-05,6.66667E-04
3.425713,-3.356952E-04,3.662128E-04,-.001
3.426713,-6.866502E-05,6.561317E-04,-6.66667E-04
3.427714,-3.051781E-05,5.950965E-04,-.002
3.428714,-1.75477E-04,4.730243E-04,-.001
3.429715,-2.365122E-04,5.188026E-04,-6.66667E-04
3.430716,-5.340599E-05,5.340599E-05,-.002
3.431716,-1.525888E-04,-1.06812E-04,-.002
3.432716,-1.75477E-04,-9.918259E-05,6.66667E-04
3.433717,-1.602182E-04,-3.814721E-05,-.001
3.434717,3.051781E-05,9.15532E-05,-6.66667E-04
3.435718,3.662128E-04,-3.051781E-05,6.66667E-04
3.436718,6.561317E-04,-2.28883E-05,-6.66667E-04
3.437719,7.324256E-04,-4.57766E-05,.001
3.438719,5.569495E-04,-7.629453E-06,-.001
3.43972,6.866502E-05,-1.983652E-04,-.001
3.440721,-4.577655E-04,9.918259E-05,-6.66667E-04
3.441721,-5.188026E-04,4.57766E-05,-6.66667E-04
3.442721,-4.57766E-05,-1.3733E-04,-.002
3.443722,2.594013E-04,7.629453E-06,-.001
3.444722,4.730243E-04,4.57766E-05,.001
3.445723,4.27248E-04,-6.866502E-05,.001
3.446723,5.950965E-04,6.866502E-05,-.001
3.447724,4.196186E-04,6.103562E-05,-.002
3.448724,4.043598E-04,-5.340599E-05,-6.66667E-04
3.449725,2.822895E-04,1.525888E-04,-.001
3.450726,1.525888E-04,2.365122E-04,-6.66667E-04
3.451726,-6.103562E-05,9.15532E-05,.002
3.452726,9.15532E-05,2.441425E-04,-.002
3.453727,1.220712E-04,2.28883E-05,-.001
3.454727,3.051781E-05,-3.051781E-05,-.001
3.455728,-2.13624E-04,-3.12807E-04,-2.33333E-03
3.456728,-2.822895E-04,-1.525891E-05,3.66667E-03
3.457729,-3.204364E-04,-2.746601E-04,6.66667E-04
3.458729,-7.629453E-06,0,-.002
3.45973,3.051781E-05,3.280658E-04,-6.66667E-04
3.460731,-1.525891E-05,6.103562E-05,.002
3.461731,4.57766E-05,-4.57766E-05,-6.66667E-04
3.462731,3.814721E-05,2.441425E-04,.001
3.463732,2.899189E-04,4.119892E-04,.001
3.464732,1.144414E-04,1.449594E-04,6.66667E-04
3.465733,-2.28883E-05,-5.340599E-05,-.001
3.466733,-2.365122E-04,-2.899189E-04,.002
3.467734,0,-2.975482E-04,-6.66667E-04
3.468734,-7.629453E-06,-5.340599E-05,-2.33333E-03
3.469735,-5.340599E-05,1.449594E-04,-.001
3.470736,3.12807E-04,1.75477E-04,-.001
3.471736,8.392381E-05,2.13624E-04,.002
3.472736,-2.670307E-04,2.212534E-04,-.002
3.473737,-2.13624E-04,3.814716E-04,-2.33333E-03
3.474737,-3.204364E-04,4.730243E-04,-.001
3.475738,-4.196186E-04,6.332435E-04,.001
3.476738,-4.348774E-04,4.577655E-04,-3.66667E-03
3.477739,-2.899189E-04,2.594013E-04,6.66667E-04
3.478739,-1.602182E-04,7.629453E-06,-.001
3.47974,-7.629441E-05,-6.103562E-05,-.002
3.480741,4.57766E-05,-3.051776E-04,-.001
3.481741,-3.051781E-05,-2.441425E-04,-.001
3.482741,-2.212534E-04,0,-6.66667E-04
3.483742,1.525891E-05,0,6.66667E-04
3.484742,-2.28883E-05,4.57766E-05,-6.66667E-04
3.485743,-3.051781E-05,1.525888E-04,6.66667E-04
3.486743,2.746601E-04,2.212534E-04,-6.66667E-04
3.487744,3.662128E-04,-1.06812E-04,.001
3.488744,2.517719E-04,7.629441E-05,-.001
3.489745,1.525888E-04,0,-3.66667E-03
3.490746,1.144414E-04,-9.15532E-05,-.001
3.491746,-4.196186E-04,1.75477E-04,-.001
3.492746,-4.959144E-04,1.297006E-04,-.002
3.493747,-3.204364E-04,-5.340599E-05,6.66667E-04
3.494747,3.814716E-04,2.28883E-05,6.66667E-04
3.495748,3.204364E-04,-2.975482E-04,.001
3.496748,6.866502E-05,-1.75477E-04,6.66667E-04
3.497749,1.983652E-04,9.918259E-05,-5.33333E-03
3.498749,2.594013E-04,8.392381E-05,.001
3.49975,6.408729E-04,1.06812E-04,-.001
3.500751,4.043598E-04,-1.983652E-04,6.66667E-04
3.501751,7.629441E-05,-5.340599E-05,.001
3.502751,-1.297006E-04,1.144414E-04,-.001
3.503752,-2.746601E-04,1.831064E-04,-.001
3.504752,-9.15532E-05,1.220712E-04,-6.66667E-04
3.505753,-5.340599E-05,-2.28883E-05,-.002
3.506753,1.3733E-04,5.340599E-05,6.66667E-04
3.507754,3.738422E-04,1.06812E-04,.001
3.508754,2.822895E-04,6.103562E-05,6.66667E-04
3.509755,9.918259E-05,6.103562E-05,.001
3.510756,-5.340599E-05,1.297006E-04,.001
3.511756,-2.28883E-05,4.57766E-05,6.66667E-04
3.512756,1.525891E-05,1.831064E-04,-6.66667E-04
3.513757,9.918259E-05,-1.525891E-05,.001
3.514757,3.585834E-04,3.051776E-04,-6.66667E-04
3.515758,3.12807E-04,3.662128E-04,-6.66667E-04
3.516758,5.340599E-05,2.059946E-04,6.66667E-04
3.517759,2.059946E-04,3.738422E-04,-.002
3.518759,4.806537E-04,2.28883E-05,-.002
3.51976,5.722083E-04,1.678476E-04,6.66667E-04
3.520761,6.561317E-04,5.188026E-04,-.001
3.521761,7.171668E-04,2.822895E-04,-.001
3.522761,1.983652E-04,1.678476E-04,-.002
3.523762,-3.50954E-04,5.340599E-05,-.001
3.524762,-2.13624E-04,-1.983652E-04,.001
3.525763,-2.13624E-04,-3.50954E-04,6.66667E-04
3.526763,7.629441E-05,-1.602182E-04,-.002
3.527764,9.918259E-05,-2.212534E-04,.001
3.528764,-1.831064E-04,-3.814721E-05,6.66667E-04
3.529765,-4.348774E-04,-3.051776E-04,-.001
3.530766,-2.594013E-04,-2.517719E-04,.002
3.531766,1.220712E-04,-5.798377E-04,-2.33333E-03
3.532766,1.678476E-04,-6.561317E-04,6.66667E-04
3.533767,-1.449594E-04,-2.975482E-04,-.001
3.534767,-4.196186E-04,-3.356952E-04,-.002
3.535768,-4.27248E-04,-3.433246E-04,-6.66667E-04
3.536768,9.15532E-05,-5.340599E-05,-.002
3.537769,3.738422E-04,-1.831064E-04,-.001
3.538769,0,-3.204364E-04,-.001
3.53977,-1.75477E-04,-5.569495E-04,-.002
3.540771,-3.814716E-04,-4.196186E-04,-.002
3.541771,-9.15532E-05,-1.983652E-04,-.002
3.542771,-5.340599E-05,-3.738422E-04,-.002
3.543772,-6.866502E-05,-4.730243E-04,-6.66667E-04
3.544772,-4.57766E-05,-3.814721E-05,6.66667E-04
3.545773,3.12807E-04,3.738422E-04,6.66667E-04
3.546773,4.501361E-04,4.653949E-04,6.66667E-04
3.547774,3.204364E-04,-4.57766E-05,-.002
3.548774,-1.144414E-04,-5.493201E-04,-2.33333E-03
3.549775,-2.28883E-05,-7.247962E-04,-.002
3.550776,9.15532E-05,-4.577655E-04,2.33333E-03
3.551776,1.06812E-04,-1.602182E-04,6.66667E-04
3.552776,2.13624E-04,-2.517719E-04,-3.66667E-03
3.553777,2.975482E-04,1.678476E-04,.001
3.554777,2.441425E-04,3.280658E-04,-.001
3.555778,3.356952E-04,5.569495E-04,-6.66667E-04
3.556778,1.144414E-04,2.822895E-04,-.001
3.557779,-7.629453E-06,2.365122E-04,-.002
3.558779,-7.629453E-06,-1.449594E-04,6.66667E-04
3.55978,9.15532E-05,-1.297006E-04,-.001
3.560781,0,9.918259E-05,-.001
3.561781,2.822895E-04,-8.392381E-05,-6.66667E-04
3.562781,6.485023E-04,5.340599E-05,2.33333E-03
3.563782,2.059946E-04,-9.15532E-05,-6.66667E-04
3.564783,2.059946E-04,-6.103562E-05,-.001
3.565783,2.13624E-04,-2.059946E-04,-2.33333E-03
3.566783,2.594013E-04,-1.907358E-04,-.001
3.567784,2.28883E-05,-2.28883E-05,.001
3.568784,1.678476E-04,4.57766E-05,-2.33333E-03
3.569785,1.06812E-04,2.746601E-04,-2.33333E-03
3.570786,-1.297006E-04,2.517719E-04,-6.66667E-04
3.571786,-2.13624E-04,-2.288828E-04,-6.66667E-04
3.572786,-1.220712E-04,7.629453E-06,.001
3.573787,-3.204364E-04,1.3733E-04,-.001
3.574788,-1.983652E-04,2.670307E-04,-.002
3.575788,0,3.12807E-04,-6.66667E-04
3.576788,2.899189E-04,1.220712E-04,-6.66667E-04
3.577789,4.806537E-04,1.831064E-04,6.66667E-04
3.578789,5.416907E-04,1.983652E-04,-3.66667E-03
3.57979,6.103562E-05,2.059946E-04,-.002
3.580791,6.866502E-05,-1.449594E-04,.002
3.581791,5.798377E-04,-1.06812E-04,.001
3.582791,3.89101E-04,1.297006E-04,-3.66667E-03
3.583792,1.3733E-04,4.119892E-04,-6.66667E-04
3.584793,1.525888E-04,1.602182E-04,-6.66667E-04
3.585793,3.89101E-04,-3.280658E-04,-2.33333E-03
3.586793,6.485023E-04,-3.204364E-04,-6.66667E-04
3.587794,5.874671E-04,0,-.001
3.588794,4.196186E-04,9.918259E-05,6.66667E-04
3.589795,9.918259E-05,-1.449594E-04,6.66667E-04
3.590796,-5.340599E-05,-1.602182E-04,2.33333E-03
3.591796,-1.983652E-04,9.918259E-05,-.001
3.592796,-4.501361E-04,3.051781E-05,-6.66667E-04
3.593797,-6.408729E-04,2.594013E-04,-.002
3.594798,-4.806537E-04,4.577655E-04,6.66667E-04
3.595798,-3.89101E-04,5.340613E-04,-.001
3.596798,-1.907358E-04,2.746601E-04,-.001
3.597799,-1.144414E-04,-2.517719E-04,.001
3.598799,-5.340599E-05,7.629453E-06,-.002
3.5998,-1.06812E-04,-9.15532E-05,.001
3.600801,-1.602182E-04,-2.670307E-04,.001
3.601801,-4.57766E-05,-3.433246E-04,-.001
3.602801,-1.907358E-04,-1.75477E-04,6.66667E-04
3.603802,-9.918259E-05,-2.059946E-04,-.002
3.604803,0,-2.441425E-04,-3.66667E-03
3.605803,-1.907358E-04,-1.831064E-04,-.001
3.606803,-3.356952E-04,-9.918259E-05,2.33333E-03
3.607804,-4.577655E-04,-3.814721E-05,-.001
3.608804,-2.670307E-04,-9.918259E-05,-6.66667E-04
3.609805,-1.297006E-04,5.340613E-04,.001
3.610806,2.28883E-05,6.256141E-04,-.001
3.611806,1.297006E-04,2.441425E-04,.001
3.612806,3.585834E-04,3.50954E-04,6.66667E-04
3.613807,4.196186E-04,2.975482E-04,-6.66667E-04
3.614808,5.264319E-04,1.144414E-04,-6.66667E-04
3.615808,2.365122E-04,7.629453E-06,-6.66667E-04
3.616808,-1.602182E-04,-7.629453E-06,6.66667E-04
3.617809,-1.144414E-04,9.918259E-05,-6.66667E-04
3.618809,-3.280658E-04,1.525891E-05,-.001
3.61981,-5.416907E-04,-1.678476E-04,-.001
3.620811,-5.340613E-04,-8.392381E-05,-3.66667E-03
3.621811,-2.822895E-04,0,-.002
3.622811,-1.525888E-04,1.144414E-04,6.66667E-04
3.623812,7.629441E-05,1.144414E-04,-6.66667E-04
3.624813,2.441425E-04,6.027259E-04,-6.66667E-04
3.625813,3.356952E-04,5.569495E-04,6.66667E-04
3.626813,2.059946E-04,2.288828E-04,-.001
3.627814,1.525888E-04,-1.297006E-04,6.66667E-04
3.628814,2.670307E-04,-1.831064E-04,6.66667E-04
3.629815,5.035438E-04,1.3733E-04,6.66667E-04
3.630816,5.950965E-04,1.144414E-04,6.66667E-04
3.631816,2.365122E-04,-1.75477E-04,-6.66667E-04
3.632816,-5.340599E-05,1.06812E-04,-.001
3.633817,-6.103562E-05,2.059946E-04,-6.66667E-04
3.634818,-2.441425E-04,1.525888E-04,-6.66667E-04
3.635818,-3.356952E-04,-5.798377E-04,-6.66667E-04
3.636818,3.12807E-04,-4.119892E-04,.001
3.637819,4.577655E-04,0,-.001
3.638819,8.239783E-04,2.594013E-04,6.66667E-04
3.63982,3.433246E-04,3.967304E-04,-6.66667E-04
3.640821,3.12807E-04,3.814721E-05,-.002
3.641821,2.059946E-04,1.06812E-04,6.66667E-04
3.642821,4.57766E-05,-2.517719E-04,-.002
3.643822,0,-1.983652E-04,-.001
3.644823,9.918259E-05,-6.103562E-05,-.001
3.645823,6.103562E-05,9.918259E-05,-.002
3.646823,1.602182E-04,4.196186E-04,-.001
3.647824,2.13624E-04,9.918259E-05,-.002
3.648824,2.517719E-04,-2.212534E-04,.001
3.649825,9.918259E-05,-4.196186E-04,-.002
3.650826,2.670307E-04,-2.212534E-04,6.66667E-04
3.651826,2.059946E-04,1.525891E-05,-6.66667E-04
3.652826,1.525888E-04,1.678476E-04,-6.66667E-04
3.653827,4.501361E-04,8.392381E-05,6.66667E-04
3.654828,2.059946E-04,-3.814721E-05,6.66667E-04
3.655828,9.918259E-05,-2.441425E-04,6.66667E-04
3.656828,5.340599E-05,-4.27248E-04,-.002
3.657829,4.57766E-05,-1.525891E-05,-.002
3.658829,3.051776E-04,1.297006E-04,-.001
3.65983,4.57766E-05,2.517719E-04,-.002
3.66083,-2.975482E-04,6.866502E-05,-.002
3.661831,-6.408729E-04,-1.144414E-04,-6.66667E-04
3.662831,-6.408729E-04,-1.983652E-04,-6.66667E-04
3.663832,-3.738422E-04,-1.602182E-04,.001
3.664833,-4.425067E-04,2.517719E-04,-6.66667E-04
3.665833,-2.288828E-04,1.297006E-04,6.66667E-04
3.666833,1.75477E-04,1.06812E-04,-.001
3.667834,4.27248E-04,6.103562E-05,6.66667E-04
3.668834,5.493201E-04,4.043598E-04,-2.33333E-03
3.669835,4.57766E-05,3.051776E-04,6.66667E-04
3.670835,-1.602182E-04,8.392381E-05,-.001
3.671836,1.602182E-04,2.13624E-04,-.001
3.672836,4.043598E-04,2.212534E-04,6.66667E-04
3.673837,3.967304E-04,-2.28883E-05,.001
3.674838,2.13624E-04,1.220712E-04,-6.66667E-04
3.675838,-4.57766E-05,6.790198E-04,-.002
3.676838,-1.602182E-04,4.27248E-04,-.002
3.677839,-7.629441E-05,4.653949E-04,-6.66667E-04
3.678839,-2.670307E-04,1.907358E-04,-.002
3.67984,-3.204364E-04,7.629441E-05,-.001
3.68084,-1.525888E-04,2.822895E-04,-6.66667E-04
3.681841,2.746601E-04,-1.602182E-04,6.66667E-04
3.682841,2.670307E-04,-3.433246E-04,.001
3.683842,7.629453E-06,-2.13624E-04,-.001
3.684843,-4.501361E-04,1.907358E-04,-2.33333E-03
3.685843,-3.433246E-04,2.899189E-04,-.002
3.686843,-4.043598E-04,9.918259E-05,.001
3.687844,-2.288828E-04,9.15532E-05,.001
3.688844,-1.602182E-04,4.577655E-04,-.002
3.689845,1.525891E-05,2.059946E-04,-.001
3.690845,8.392381E-05,4.57766E-05,.001
3.691846,6.103562E-05,-3.738422E-04,-6.66667E-04
3.692847,1.220712E-04,-2.288828E-04,-6.66667E-04
3.693847,8.392381E-05,-5.111732E-04,-3.66667E-03
3.694848,1.06812E-04,-2.899189E-04,-6.66667E-04
3.695848,-1.06812E-04,-3.585834E-04,-6.66667E-04
3.696848,-3.204364E-04,-2.059946E-04,-6.66667E-04
3.697849,-4.806537E-04,8.392381E-05,6.66667E-04
3.698849,-5.340613E-04,4.196186E-04,-.002
3.69985,4.57766E-05,2.059946E-04,6.66667E-04
3.70085,2.517719E-04,9.15532E-05,.001
3.701851,-3.051781E-05,2.746601E-04,-6.66667E-04
3.702852,6.103562E-05,3.280658E-04,-6.66667E-04
3.703852,2.365122E-04,2.288828E-04,-.002
3.704853,-1.602182E-04,2.28883E-05,-6.66667E-04
3.705853,-2.517719E-04,-2.13624E-04,-.002
3.706853,-8.392381E-05,-3.738422E-04,.001
3.707854,-6.866502E-05,-5.493201E-04,-6.66667E-04
3.708854,1.75477E-04,-5.340613E-04,-.001
3.709855,2.13624E-04,-2.13624E-04,6.66667E-04
3.710855,3.662128E-04,-2.13624E-04,-6.66667E-04
3.711856,3.585834E-04,-1.297006E-04,-6.66667E-04
3.712857,2.594013E-04,-2.670307E-04,.001
3.713857,3.585834E-04,-3.280658E-04,-.001
3.714858,2.517719E-04,-3.738422E-04,6.66667E-04
3.715858,3.12807E-04,-2.822895E-04,-.001
3.716858,1.75477E-04,-7.629441E-05,-2.33333E-03
3.717859,1.449594E-04,-3.280658E-04,.001
3.718859,2.212534E-04,-3.051776E-04,-.002
3.71986,-7.629453E-06,-1.06812E-04,-6.66667E-04
3.72086,-1.3733E-04,-2.670307E-04,-.001
3.721861,-1.75477E-04,-1.525888E-04,-.001
3.722862,-2.670307E-04,2.28883E-05,.002
3.723862,1.602182E-04,5.035438E-04,6.66667E-04
3.724863,2.670307E-04,7.324256E-04,-2.33333E-03
3.725863,2.288828E-04,4.959144E-04,-6.66667E-04
3.726863,1.449594E-04,2.746601E-04,-6.66667E-04
3.727864,3.12807E-04,2.441425E-04,.001
3.728864,2.212534E-04,3.585834E-04,-6.66667E-04
3.729865,5.340599E-05,2.594013E-04,-.001
3.730865,-1.06812E-04,4.88285E-04,-6.66667E-04
3.731866,-6.103562E-05,6.561317E-04,-.002
3.732867,1.525888E-04,2.899189E-04,-.001
3.733867,1.602182E-04,1.983652E-04,.001
3.734868,9.15532E-05,0,-2.33333E-03
3.735868,8.392381E-05,-2.670307E-04,-.002
3.736868,1.297006E-04,-1.678476E-04,-5.33333E-03
3.737869,5.340599E-05,-7.629453E-06,-6.66667E-04
3.73887,1.144414E-04,1.220712E-04,-3.66667E-03
3.73987,0,8.392381E-05,-2.33333E-03
3.74087,2.28883E-05,4.57766E-05,-.002
3.741871,3.051781E-05,-1.3733E-04,-6.66667E-04
3.742872,5.340599E-05,-7.629453E-06,.001
3.743872,-6.103562E-05,4.348774E-04,-6.66667E-04
3.744873,-4.501361E-04,5.798377E-04,-.004
3.745873,-4.27248E-04,3.89101E-04,-6.66667E-04
3.746873,-1.831064E-04,3.280658E-04,-.001
3.747874,-4.119892E-04,3.356952E-04,-6.66667E-04
3.748875,-4.88285E-04,5.264319E-04,6.66667E-04
3.749875,-4.27248E-04,3.12807E-04,6.66667E-04
3.750875,-5.035438E-04,1.602182E-04,-.001
3.751876,-2.822895E-04,2.28883E-05,.001
3.752877,1.144414E-04,-3.204364E-04,-.001
3.753877,2.670307E-04,-3.204364E-04,-.001
3.754878,3.738422E-04,-2.670307E-04,-6.66667E-04
3.755878,4.959144E-04,1.907358E-04,-2.33333E-03
3.756878,5.035438E-04,1.678476E-04,-.002
3.757879,2.212534E-04,2.28883E-05,6.66667E-04
3.75888,-1.3733E-04,-1.602182E-04,-.001
3.75988,-2.594013E-04,1.3733E-04,-2.33333E-03
3.76088,-1.144414E-04,3.433246E-04,-.001
3.761881,6.103562E-05,9.918259E-05,-3.66667E-03
3.762882,-4.57766E-05,5.340599E-05,-.001
3.763882,-2.670307E-04,-4.57766E-05,6.66667E-04
3.764883,1.3733E-04,3.738422E-04,-2.33333E-03
3.765883,5.493201E-04,-2.28883E-05,6.66667E-04
3.766883,4.27248E-04,1.602182E-04,6.66667E-04
3.767884,1.525888E-04,4.57766E-05,-.001
3.768885,-4.730243E-04,9.918259E-05,.001
3.769885,-5.874671E-04,1.678476E-04,-.001
3.770885,-4.730243E-04,1.602182E-04,-2.33333E-03
3.771886,-3.967304E-04,1.602182E-04,.001
3.772887,0,-9.15532E-05,-3.66667E-03
3.773887,1.144414E-04,-1.144414E-04,-6.66667E-04
3.774888,2.13624E-04,-1.525891E-05,-.001
3.775888,2.594013E-04,8.392381E-05,-.001
3.776888,9.918259E-05,3.662128E-04,-.002
3.777889,1.907358E-04,4.88285E-04,-6.66667E-04
3.77889,9.918259E-05,6.485023E-04,-.001
3.77989,-1.220712E-04,7.324256E-04,-6.66667E-04
3.78089,-1.220712E-04,1.525888E-04,-6.66667E-04
3.781891,1.525888E-04,-7.629441E-05,.001
3.782892,2.670307E-04,1.831064E-04,6.66667E-04
3.783892,-1.983652E-04,4.57766E-05,-6.66667E-04
3.784893,0,2.059946E-04,.001
3.785893,3.433246E-04,-1.525891E-05,-6.66667E-04
3.786893,3.662128E-04,-6.866502E-05,-6.66667E-04
3.787894,5.722083E-04,-1.220712E-04,-.002
3.788895,5.340613E-04,-1.449594E-04,.001
3.789895,2.13624E-04,-9.918259E-05,-.002
3.790895,-2.517719E-04,2.059946E-04,-2.33333E-03
3.791896,-4.043598E-04,5.188026E-04,.001
3.792897,-4.119892E-04,1.983652E-04,-6.66667E-04
3.793897,1.06812E-04,-2.212534E-04,-6.66667E-04
3.794898,7.629441E-05,-4.577655E-04,-.002
3.795898,1.678476E-04,-4.043598E-04,6.66667E-04
3.796898,6.866502E-05,-1.983652E-04,.001
3.797899,1.602182E-04,-7.629441E-05,.001
3.7989,2.28883E-05,5.340599E-05,.002
3.7999,1.3733E-04,4.57766E-05,-6.66667E-04
3.8009,2.13624E-04,-1.06812E-04,6.66667E-04
3.801901,3.280658E-04,-2.212534E-04,.001
3.802902,1.75477E-04,-4.577655E-04,-6.66667E-04
3.803902,-1.525888E-04,-2.822895E-04,-.002
3.804903,-2.594013E-04,-2.899189E-04,-.002
3.805903,-1.06812E-04,-3.204364E-04,-6.66667E-04
3.806903,1.144414E-04,1.602182E-04,.002
3.807904,-1.983652E-04,1.525888E-04,-6.66667E-04
3.808905,-1.678476E-04,3.738422E-04,-.001
3.809905,2.822895E-04,3.280658E-04,-2.33333E-03
3.810905,3.12807E-04,3.662128E-04,.001
3.811906,6.103553E-04,4.57766E-05,6.66667E-04
3.812907,7.247962E-04,-2.517719E-04,-.002
3.813907,9.918259E-05,-3.814716E-04,.001
3.814908,-3.356952E-04,-3.204364E-04,-2.33333E-03
3.815908,-3.204364E-04,-3.204364E-04,.001
3.816908,-4.27248E-04,1.3733E-04,-.001
3.817909,-3.280658E-04,2.517719E-04,-.002
3.81891,-2.059946E-04,4.57766E-05,-.001
3.81991,-5.340599E-05,-5.340599E-05,-6.66667E-04
3.82091,-1.06812E-04,-3.738422E-04,6.66667E-04
3.821911,-6.866502E-05,-5.874671E-04,6.66667E-04
3.822912,1.297006E-04,-2.670307E-04,-.001
3.823912,-7.629453E-06,7.629453E-06,-.001
3.824913,-2.517719E-04,-6.866502E-05,.001
3.825913,-8.392381E-05,-3.967304E-04,-6.66667E-04
3.826913,-7.629441E-05,-5.340613E-04,2.33333E-03
3.827914,-3.051776E-04,-1.907358E-04,.001
3.828915,-2.594013E-04,9.918259E-05,-6.66667E-04
3.829915,-2.13624E-04,2.517719E-04,.002
3.830915,-5.340599E-05,3.814721E-05,-2.33333E-03
3.831916,1.831064E-04,4.57766E-05,-.002
3.832916,7.324256E-04,2.594013E-04,6.66667E-04
3.833917,1.045235E-03,6.103562E-05,-6.66667E-04
3.834918,8.316077E-04,1.907358E-04,-.001
3.835918,3.280658E-04,9.15532E-05,-6.66667E-04
3.836918,2.899189E-04,-1.220712E-04,-6.66667E-04
3.837919,4.959144E-04,-3.814721E-05,.001
3.83892,4.196186E-04,-6.866502E-05,-6.66667E-04
3.83992,6.866502E-05,-1.678476E-04,-6.66667E-04
3.84092,6.866502E-05,1.449594E-04,.001
3.841921,-9.15532E-05,3.662128E-04,.001
3.842921,5.340599E-05,8.392381E-05,.001
3.843922,-8.392381E-05,-2.517719E-04,-.002
3.844923,0,-2.059946E-04,.001
3.845923,4.27248E-04,-1.06812E-04,-6.66667E-04
3.846923,1.06812E-04,-9.15532E-05,-.001
3.847924,1.602182E-04,-2.746601E-04,-.002
3.848925,1.525888E-04,-2.670307E-04,-2.33333E-03
3.849925,-1.525891E-05,-2.13624E-04,-6.66667E-04
3.850925,-3.814721E-05,-2.441425E-04,-.001
3.851926,-1.220712E-04,-3.738422E-04,-.001
3.852926,-1.449594E-04,-1.144414E-04,-.001
3.853927,-5.340599E-05,1.144414E-04,-.002
3.854928,3.12807E-04,5.340599E-05,-.001
3.855928,1.220712E-04,6.103562E-05,-.001
3.856929,2.670307E-04,-1.75477E-04,-2.33333E-03
3.857929,2.212534E-04,-5.340599E-05,-6.66667E-04
3.85893,1.678476E-04,-4.27248E-04,-6.66667E-04
3.85993,1.602182E-04,-7.476844E-04,-6.66667E-04
3.86093,1.220712E-04,-5.874671E-04,3.66667E-03
3.861931,2.059946E-04,-4.119892E-04,.001
3.862931,4.196186E-04,-3.280658E-04,6.66667E-04
3.863932,1.907358E-04,-1.602182E-04,-6.66667E-04
3.864933,7.629453E-06,-2.670307E-04,.004
3.865933,-2.517719E-04,-2.212534E-04,-6.66667E-04
3.866934,-4.196186E-04,-4.043598E-04,6.66667E-04
3.867934,-4.196186E-04,-2.441425E-04,-.001
3.868935,-3.662128E-04,-3.50954E-04,-.002
3.869935,-3.89101E-04,-1.831064E-04,-.001
3.870935,1.983652E-04,-9.15532E-05,-6.66667E-04
3.871936,4.348774E-04,-2.13624E-04,-2.33333E-03
3.872936,2.594013E-04,3.051781E-05,-.001
3.873937,-1.525891E-05,1.907358E-04,6.66667E-04
3.874938,1.297006E-04,1.449594E-04,-.001
3.875938,-7.629441E-05,3.814721E-05,.002
3.876939,-1.449594E-04,1.144414E-04,-2.33333E-03
3.877939,-5.493201E-04,9.918259E-05,-.002
3.87894,-7.171668E-04,3.738422E-04,-.001
3.87994,-3.738422E-04,3.585834E-04,6.66667E-04
3.88094,2.059946E-04,4.043598E-04,.001
3.881941,1.831064E-04,3.738422E-04,-.002
3.882941,-1.602182E-04,8.392381E-05,6.66667E-04
3.883942,1.297006E-04,-3.814721E-05,-2.33333E-03
3.884943,5.264319E-04,-2.059946E-04,-.002
3.885943,6.485023E-04,-5.340599E-05,-.002
3.886944,4.88285E-04,-9.15532E-05,-.002
3.887944,5.188026E-04,-2.059946E-04,-3.66667E-03
3.888945,4.57766E-05,-7.629453E-06,-6.66667E-04
3.889945,4.57766E-05,0,6.66667E-04
3.890945,-6.866502E-05,1.220712E-04,-2.33333E-03
3.891946,3.051781E-05,-1.06812E-04,-.002
3.892946,1.449594E-04,-4.425067E-04,.001
3.893947,1.144414E-04,-6.485023E-04,-6.66667E-04
3.894948,-1.831064E-04,-4.653949E-04,-.001
3.895948,0,-2.746601E-04,-.001
3.896949,1.3733E-04,-1.831064E-04,2.33333E-03
3.897949,-4.57766E-05,-1.220712E-04,-6.66667E-04
3.89895,-2.822895E-04,6.103562E-05,.001
3.89995,-2.059946E-04,4.119892E-04,.001
3.90095,-3.738422E-04,3.662128E-04,6.66667E-04
3.901951,-1.602182E-04,-3.814721E-05,-.001
3.902952,7.629441E-05,2.288828E-04,-6.66667E-04
3.903952,-1.983652E-04,4.57766E-05,-.004
3.904953,-3.662128E-04,-1.449594E-04,-.002
3.905953,2.28883E-05,-3.356952E-04,-.002
3.906954,-3.051781E-05,1.525891E-05,-.001
3.907954,-8.392381E-05,1.602182E-04,-2.33333E-03
3.908955,7.629441E-05,7.629453E-06,-6.66667E-04
3.909955,-1.602182E-04,-4.57766E-05,.002
3.910955,-2.899189E-04,-1.602182E-04,.002
3.911956,-2.365122E-04,-2.899189E-04,-6.66667E-04
3.912957,-3.204364E-04,-2.594013E-04,-2.33333E-03
3.913957,-4.043598E-04,1.525891E-05,-6.66667E-04
3.914958,-3.433246E-04,1.75477E-04,-.001
3.915958,-7.629441E-05,0,-6.66667E-04
3.916959,3.12807E-04,1.525888E-04,6.66667E-04
3.917959,3.662128E-04,2.670307E-04,-.002
3.91896,2.365122E-04,6.866502E-05,-6.66667E-04
3.91996,4.730243E-04,-1.06812E-04,-.001
3.92096,2.594013E-04,-4.27248E-04,-6.66667E-04
3.921961,2.594013E-04,-4.043598E-04,6.66667E-04
3.922962,3.50954E-04,-5.340599E-05,-.001
3.923962,2.594013E-04,-1.449594E-04,-6.66667E-04
3.924963,2.746601E-04,4.57766E-05,-.001
3.925963,-1.3733E-04,3.662128E-04,-.002
3.926964,-4.196186E-04,3.738422E-04,.002
3.927964,-2.517719E-04,2.13624E-04,.001
3.928965,-5.340599E-05,2.365122E-04,-3.66667E-03
3.929965,1.06812E-04,7.629441E-05,-.002
3.930965,1.75477E-04,9.15532E-05,-2.33333E-03
3.931966,3.12807E-04,3.051776E-04,-.001
3.932967,3.662128E-04,4.959144E-04,-3.66667E-03
3.933967,1.144414E-04,2.975482E-04,.001
3.934968,-1.525891E-05,6.866502E-05,-.002
3.935968,-1.983652E-04,-2.288828E-04,-.002
3.936969,0,-8.392381E-05,-6.66667E-04
3.937969,3.50954E-04,-3.204364E-04,-6.66667E-04
3.93897,5.493201E-04,-4.806537E-04,6.66667E-04
3.93997,4.501361E-04,-1.220712E-04,6.66667E-04
3.94097,3.356952E-04,3.585834E-04,-.001
3.941971,1.525891E-05,-2.13624E-04,-.001
3.942972,1.525888E-04,-6.027259E-04,-6.66667E-04
3.943972,1.144414E-04,-5.569495E-04,-.001
3.944973,0,-3.50954E-04,6.66667E-04
3.945973,4.57766E-05,8.392381E-05,6.66667E-04
3.946974,-1.602182E-04,3.12807E-04,.001
3.947974,1.297006E-04,-2.28883E-05,-.001
3.948975,4.730243E-04,9.15532E-05,-6.66667E-04
3.949975,2.594013E-04,3.280658E-04,-2.33333E-03
3.950975,3.204364E-04,3.051776E-04,-.002
3.951976,-6.103562E-05,1.525891E-05,.001
3.952977,-1.983652E-04,0,6.66667E-04
3.953977,-4.27248E-04,-2.13624E-04,.001
3.954978,3.051781E-05,-1.602182E-04,-.001
3.955978,2.441425E-04,1.144414E-04,-2.33333E-03
3.956979,1.525888E-04,3.662128E-04,-.001
3.957979,2.365122E-04,2.822895E-04,-6.66667E-04
3.95898,2.441425E-04,3.814721E-05,-6.66667E-04
3.95998,3.051776E-04,-1.3733E-04,-2.33333E-03
3.96098,2.594013E-04,-4.806537E-04,.001
3.961981,2.365122E-04,-3.585834E-04,-6.66667E-04
3.962982,9.15532E-05,-1.297006E-04,-2.33333E-03
3.963982,-3.814721E-05,9.918259E-05,6.66667E-04
3.964983,2.288828E-04,1.3733E-04,-6.66667E-04
3.965983,4.196186E-04,4.57766E-05,-.001
3.966984,4.57766E-05,3.433246E-04,.002
3.967984,-3.051776E-04,2.670307E-04,-.002
3.968985,-1.678476E-04,1.525888E-04,6.66667E-04
3.969985,-2.212534E-04,0,-6.66667E-04
3.970985,-9.918259E-05,-3.280658E-04,2.33333E-03
3.971986,1.907358E-04,-4.348774E-04,6.66667E-04
3.972987,-8.392381E-05,-3.662128E-04,-.002
3.973987,-1.06812E-04,-2.441425E-04,.001
3.974988,-7.629441E-05,-1.831064E-04,-.002
3.975988,0,1.144414E-04,-.001
3.976989,-2.13624E-04,1.75477E-04,-.002
3.977989,1.06812E-04,-2.288828E-04,-.002
3.97899,6.866502E-05,-5.340599E-05,.002
3.97999,-1.525891E-05,-4.348774E-04,6.66667E-04
3.98099,-6.866502E-05,-8.010902E-04,6.66667E-04
3.981991,1.449594E-04,-7.705726E-04,-.002
3.982992,0,-3.280658E-04,-6.66667E-04
3.983992,-2.288828E-04,5.340599E-05,6.66667E-04
3.984993,-2.28883E-05,1.907358E-04,-6.66667E-04
3.985993,4.57766E-05,2.365122E-04,.001
3.986994,4.57766E-05,-1.220712E-04,.001
3.987994,-2.441425E-04,-5.340613E-04,6.66667E-04
3.988995,-1.297006E-04,-5.340613E-04,-6.66667E-04
3.989995,-2.059946E-04,-4.88285E-04,-3.66667E-03
3.990995,-3.12807E-04,-4.577655E-04,-.001
3.991996,-1.75477E-04,-5.645789E-04,6.66667E-04
3.992997,-3.12807E-04,-7.934608E-04,-.002
3.993997,-3.356952E-04,-3.356952E-04,-.001
3.994998,-2.746601E-04,-1.06812E-04,6.66667E-04
3.995998,-2.517719E-04,-1.907358E-04,-.001
3.996999,-3.204364E-04,-4.119892E-04,.001
3.997999,-2.670307E-04,-5.874671E-04,6.66667E-04
3.999,-1.602182E-04,-5.188026E-04,-6.66667E-04
4,2.13624E-04,-1.602182E-04,.001
