"c:\users\esrlabn1\desktop\bence\ir_spectroscopy\532nm_odmr\magnet_map_2_680nm\347.dat  ---  04-28-2026 04:52:54"
""
"cavityli 20 2 4 2000 1 0 0"
"                             ;                             ;seth_xesr_precise 115.99 1 0 0.895303326810176"
"setlockin 188.67 0.004 0 0.03 0.2"
4,2000
2,4.425067E-04,4.653949E-04,-6.66667E-04
2.001,6.332435E-04,5.645789E-04,-.001
2.002001,5.645789E-04,4.119892E-04,-2.33333E-03
2.003001,3.89101E-04,4.88285E-04,-.001
2.004002,3.204364E-04,2.212534E-04,-6.66667E-04
2.005002,-9.918259E-05,-2.822895E-04,.001
2.006003,-4.043598E-04,-6.332435E-04,-2.33333E-03
2.007004,-4.653949E-04,-3.356952E-04,6.66667E-04
2.008004,-2.288828E-04,-9.15532E-05,.001
2.009005,1.220712E-04,2.28883E-05,-.001
2.010005,1.3733E-04,-1.602182E-04,6.66667E-04
2.011005,-2.822895E-04,3.051781E-05,6.66667E-04
2.012006,-6.790198E-04,2.441425E-04,-.002
2.013006,-6.866492E-04,1.525891E-05,-6.66667E-04
2.014007,-6.561317E-04,2.975482E-04,-3.66667E-03
2.015007,-5.188026E-04,4.577655E-04,-6.66667E-04
2.016008,-3.204364E-04,4.501361E-04,-3.66667E-03
2.017009,-3.585834E-04,2.899189E-04,-.002
2.018009,2.059946E-04,5.340613E-04,2.33333E-03
2.01901,3.433246E-04,5.798377E-04,-6.66667E-04
2.02001,3.356952E-04,4.653949E-04,-6.66667E-04
2.02101,1.220712E-04,3.204364E-04,-.001
2.022011,-1.06812E-04,3.051776E-04,-6.66667E-04
2.023011,2.365122E-04,5.340599E-05,-3.66667E-03
2.024012,1.831064E-04,4.501361E-04,-6.66667E-04
2.025012,4.043598E-04,2.975482E-04,-6.66667E-04
2.026013,3.89101E-04,4.196186E-04,-6.66667E-04
2.027014,2.594013E-04,2.288828E-04,-6.66667E-04
2.028014,-3.662128E-04,5.340599E-05,-6.66667E-04
2.029015,-2.899189E-04,9.918259E-05,-6.66667E-04
2.030015,-7.629453E-06,-2.28883E-05,6.66667E-04
2.031015,1.06812E-04,-8.392381E-05,-6.66667E-04
2.032016,-2.13624E-04,3.814721E-05,-6.66667E-04
2.033016,-8.392381E-05,0,-.002
2.034017,-6.103562E-05,-1.3733E-04,-6.66667E-04
2.035017,-4.27248E-04,-5.340599E-05,-.002
2.036018,-3.50954E-04,1.3733E-04,6.66667E-04
2.037019,4.57766E-05,-3.814721E-05,6.66667E-04
2.038019,-9.15532E-05,2.670307E-04,-3.66667E-03
2.03902,-4.57766E-05,3.204364E-04,-.002
2.04002,2.059946E-04,1.525888E-04,-6.66667E-04
2.04102,2.517719E-04,-7.629453E-06,-2.33333E-03
2.042021,3.814716E-04,-3.662128E-04,-.002
2.043021,3.814721E-05,-3.204364E-04,-6.66667E-04
2.044022,-5.188026E-04,-1.983652E-04,.001
2.045022,-4.425067E-04,-2.517719E-04,6.66667E-04
2.046023,-2.822895E-04,-1.525888E-04,-6.66667E-04
2.047024,-3.738422E-04,6.103562E-05,6.66667E-04
2.048024,-3.662128E-04,3.662128E-04,-2.33333E-03
2.049025,-4.806537E-04,4.119892E-04,.001
2.050025,-3.738422E-04,1.75477E-04,-.001
2.051026,1.220712E-04,-1.525891E-05,-6.66667E-04
2.052026,2.13624E-04,-1.144414E-04,-.001
2.053026,3.50954E-04,-1.220712E-04,-2.33333E-03
2.054027,-7.629453E-06,4.57766E-05,-.001
2.055027,0,2.059946E-04,-6.66667E-04
2.056028,2.059946E-04,6.103562E-05,-6.66667E-04
2.057029,-7.629453E-06,-1.449594E-04,-6.66667E-04
2.058029,4.57766E-05,-2.899189E-04,-.001
2.05903,1.907358E-04,2.28883E-05,-.001
2.06003,5.798377E-04,-1.525888E-04,-2.33333E-03
2.061031,3.662128E-04,-3.738422E-04,-.001
2.062031,2.28883E-05,-2.441425E-04,-6.66667E-04
2.063031,-8.392381E-05,-1.907358E-04,-.002
2.064032,1.144414E-04,-3.12807E-04,-.001
2.065032,9.918259E-05,8.392381E-05,-6.66667E-04
2.066033,-2.670307E-04,6.103562E-05,-.001
2.067034,-2.365122E-04,-5.340599E-05,-.001
2.068034,-5.340599E-05,-2.28883E-05,-.001
2.069035,3.204364E-04,-1.831064E-04,-6.66667E-04
2.070035,2.28883E-05,-4.730243E-04,-.002
2.071036,1.75477E-04,-6.561317E-04,-.001
2.072036,-1.525888E-04,-4.27248E-04,2.33333E-03
2.073036,-2.441425E-04,-3.967304E-04,-.002
2.074037,-4.425067E-04,-2.746601E-04,-6.66667E-04
2.075037,-2.365122E-04,-2.13624E-04,-.002
2.076038,-3.051781E-05,5.340599E-05,-.002
2.077039,7.629453E-06,1.75477E-04,.001
2.078039,-3.051781E-05,2.594013E-04,-.001
2.07904,1.602182E-04,6.332435E-04,.001
2.08004,5.416907E-04,7.629432E-04,-.001
2.081041,2.212534E-04,6.942786E-04,-6.66667E-04
2.082041,0,3.204364E-04,-3.66667E-03
2.083041,-1.297006E-04,-7.629453E-06,-.002
2.084042,1.983652E-04,-3.204364E-04,-2.33333E-03
2.085042,2.975482E-04,-2.899189E-04,-6.66667E-04
2.086043,-2.975482E-04,-3.356952E-04,-6.66667E-04
2.087044,-5.645789E-04,1.525891E-05,6.66667E-04
2.088044,-6.179847E-04,6.103562E-05,-6.66667E-04
2.089045,-3.051776E-04,1.75477E-04,-2.33333E-03
2.090045,1.525891E-05,8.392381E-05,.001
2.091046,1.220712E-04,-1.06812E-04,-.001
2.092046,1.297006E-04,2.288828E-04,-3.66667E-03
2.093046,3.280658E-04,2.975482E-04,-6.66667E-04
2.094047,5.416907E-04,4.043598E-04,-6.66667E-04
2.095047,5.340613E-04,4.501361E-04,.002
2.096048,3.585834E-04,3.12807E-04,-.002
2.097049,2.059946E-04,3.12807E-04,-.001
2.098049,1.525888E-04,1.831064E-04,.001
2.09905,1.449594E-04,-1.06812E-04,-2.33333E-03
2.10005,-1.678476E-04,-2.13624E-04,-2.33333E-03
2.101051,-5.340599E-05,-2.670307E-04,-.002
2.102051,-1.525891E-05,-2.365122E-04,.001
2.103051,1.449594E-04,-1.220712E-04,6.66667E-04
2.104052,4.57766E-05,1.602182E-04,6.66667E-04
2.105052,1.75477E-04,2.517719E-04,-6.66667E-04
2.106053,3.738422E-04,-1.06812E-04,-.001
2.107054,4.196186E-04,-2.746601E-04,-6.66667E-04
2.108054,4.043598E-04,-1.525888E-04,-6.66667E-04
2.109055,3.051776E-04,9.918259E-05,.001
2.110055,6.866502E-05,-1.831064E-04,.001
2.111056,3.967304E-04,-2.28883E-05,.002
2.112056,3.50954E-04,-9.918259E-05,6.66667E-04
2.113056,1.06812E-04,-3.204364E-04,-.002
2.114057,1.525888E-04,-3.662128E-04,-.002
2.115057,-2.059946E-04,-4.119892E-04,-6.66667E-04
2.116058,-1.449594E-04,-5.874671E-04,6.66667E-04
2.117059,6.103562E-05,-8.697547E-04,.001
2.118059,-1.06812E-04,-9.15532E-05,-2.33333E-03
2.11906,-1.75477E-04,3.051776E-04,-.001
2.12006,-1.06812E-04,2.28883E-05,-.002
2.121061,-1.831064E-04,2.594013E-04,-.002
2.122061,-1.678476E-04,5.340599E-05,-6.66667E-04
2.123062,-4.57766E-05,3.814721E-05,-6.66667E-04
2.124062,2.441425E-04,3.051781E-05,-.001
2.125062,1.907358E-04,-1.831064E-04,.001
2.126063,4.57766E-05,-7.629441E-05,-.002
2.127064,-2.28883E-05,-3.814721E-05,-.002
2.128064,-8.392381E-05,-8.392381E-05,6.66667E-04
2.129065,-7.629453E-06,-2.975482E-04,-2.33333E-03
2.130065,-2.670307E-04,-5.111732E-04,6.66667E-04
2.131066,-1.831064E-04,-1.022346E-03,6.66667E-04
2.132066,-4.27248E-04,-7.553138E-04,-.001
2.133067,-6.485023E-04,-6.866502E-05,6.66667E-04
2.134067,-1.3733E-04,1.525891E-05,.001
2.135067,-4.57766E-05,-9.918259E-05,-.002
2.136068,3.662128E-04,-1.525888E-04,.001
2.137069,4.119892E-04,2.28883E-05,-2.33333E-03
2.138069,3.585834E-04,7.629441E-05,-6.66667E-04
2.13907,5.798377E-04,4.57766E-05,.001
2.14007,3.89101E-04,3.204364E-04,.002
2.141071,1.525891E-05,3.585834E-04,-.001
2.142071,-5.340599E-05,5.264319E-04,6.66667E-04
2.143072,-4.806537E-04,4.730243E-04,.001
2.144072,-5.340613E-04,2.212534E-04,.002
2.145072,-2.899189E-04,-2.365122E-04,-6.66667E-04
2.146073,1.525888E-04,-5.111732E-04,-6.66667E-04
2.147074,1.297006E-04,-6.63761E-04,-.001
2.148074,1.06812E-04,-6.179847E-04,6.66667E-04
2.149075,-2.059946E-04,-5.569495E-04,-2.33333E-03
2.150075,-1.678476E-04,-3.738422E-04,-6.66667E-04
2.151076,3.585834E-04,3.814721E-05,6.66667E-04
2.152076,2.822895E-04,8.392381E-05,-.001
2.153077,1.907358E-04,2.899189E-04,.001
2.154077,3.662128E-04,3.12807E-04,-6.66667E-04
2.155077,2.059946E-04,1.449594E-04,-.001
2.156078,2.212534E-04,-3.967304E-04,6.66667E-04
2.157079,-1.297006E-04,-7.40055E-04,-6.66667E-04
2.158079,-2.517719E-04,-6.790198E-04,.001
2.15908,-5.188026E-04,-5.111732E-04,.001
2.16008,-1.220712E-04,-4.959144E-04,-.001
2.161081,-2.212534E-04,-5.340613E-04,-6.66667E-04
2.162081,9.918259E-05,-3.433246E-04,-6.66667E-04
2.163082,2.822895E-04,-3.12807E-04,-6.66667E-04
2.164082,7.629453E-06,-2.059946E-04,.001
2.165082,-2.899189E-04,1.06812E-04,-.001
2.166083,-3.12807E-04,5.340599E-05,.001
2.167084,-2.822895E-04,2.517719E-04,-2.33333E-03
2.168084,-5.340599E-05,5.340599E-05,6.66667E-04
2.169085,0,-1.449594E-04,.001
2.170085,-9.15532E-05,-1.75477E-04,.001
2.171086,-1.983652E-04,-3.738422E-04,.001
2.172086,-4.119892E-04,-3.585834E-04,-.001
2.173087,-6.332435E-04,-1.144414E-04,-6.66667E-04
2.174087,-6.103553E-04,-1.06812E-04,6.66667E-04
2.175087,-6.027259E-04,-2.13624E-04,-.001
2.176088,-2.670307E-04,-1.75477E-04,2.33333E-03
2.177088,-2.13624E-04,-2.975482E-04,-6.66667E-04
2.178089,-1.907358E-04,-1.602182E-04,-.001
2.17909,-9.15532E-05,-7.629441E-05,.001
2.18009,-3.280658E-04,1.678476E-04,-3.66667E-03
2.181091,-5.340599E-05,4.043598E-04,-6.66667E-04
2.182091,-2.670307E-04,2.365122E-04,6.66667E-04
2.183092,-3.967304E-04,2.594013E-04,-6.66667E-04
2.184092,-3.433246E-04,7.629453E-06,6.66667E-04
2.185092,-2.670307E-04,-3.204364E-04,-6.66667E-04
2.186093,-3.356952E-04,-7.629441E-05,.001
2.187093,-2.288828E-04,0,-6.66667E-04
2.188094,-2.212534E-04,-3.814721E-05,-.001
2.189095,-6.866502E-05,-1.602182E-04,6.66667E-04
2.190095,0,-9.918259E-05,-.001
2.191096,1.525891E-05,-4.425067E-04,-.002
2.192096,-6.103562E-05,-5.111732E-04,6.66667E-04
2.193097,-2.059946E-04,-3.585834E-04,-.002
2.194097,4.57766E-05,7.629453E-06,-6.66667E-04
2.195097,1.525888E-04,4.57766E-05,6.66667E-04
2.196098,-7.629441E-05,-9.918259E-05,6.66667E-04
2.197098,-2.059946E-04,-1.525891E-05,-6.66667E-04
2.198099,1.907358E-04,1.602182E-04,.001
2.1991,3.433246E-04,0,-.001
2.2001,1.297006E-04,-1.525891E-05,-.002
2.201101,-6.103562E-05,-1.06812E-04,-.001
2.202101,-7.629441E-05,-1.678476E-04,.001
2.203102,3.051781E-05,-1.983652E-04,.001
2.204102,1.907358E-04,-1.602182E-04,-6.66667E-04
2.205102,2.594013E-04,-5.035438E-04,-.001
2.206103,-2.059946E-04,-4.043598E-04,6.66667E-04
2.207103,-3.967304E-04,-2.517719E-04,-.002
2.208104,6.103562E-05,-3.738422E-04,-6.66667E-04
2.209105,9.918259E-05,-6.866492E-04,.001
2.210105,4.57766E-05,-6.713904E-04,-6.66667E-04
2.211106,8.392381E-05,-4.119892E-04,6.66667E-04
2.212106,5.264319E-04,-4.501361E-04,.001
2.213107,3.967304E-04,-2.975482E-04,-.001
2.214107,3.12807E-04,-1.144414E-04,-6.66667E-04
2.215107,1.297006E-04,6.103562E-05,-6.66667E-04
2.216108,7.629441E-05,4.27248E-04,-.001
2.217108,6.866502E-05,1.3733E-04,.001
2.218109,4.196186E-04,-6.866502E-05,.001
2.21911,1.220712E-04,-2.288828E-04,-6.66667E-04
2.22011,1.983652E-04,-2.13624E-04,-.001
2.221111,1.907358E-04,4.57766E-05,-.001
2.222111,3.051781E-05,2.059946E-04,.001
2.223112,-1.3733E-04,2.594013E-04,-6.66667E-04
2.224112,-7.629441E-05,1.06812E-04,.001
2.225112,-1.602182E-04,6.866502E-05,-.001
2.226113,5.340599E-05,1.449594E-04,-.002
2.227113,3.814721E-05,3.814721E-05,-.002
2.228114,2.670307E-04,-2.28883E-05,-.001
2.229115,3.814716E-04,3.280658E-04,6.66667E-04
2.230115,1.75477E-04,3.662128E-04,-.002
2.231116,1.983652E-04,0,.002
2.232116,-1.220712E-04,1.525891E-05,-6.66667E-04
2.233117,-2.670307E-04,1.449594E-04,-.001
2.234117,2.13624E-04,6.866502E-05,.001
2.235118,2.594013E-04,1.06812E-04,-2.33333E-03
2.236118,-3.814721E-05,3.051776E-04,.001
2.237118,1.602182E-04,4.348774E-04,-.002
2.238119,2.670307E-04,9.15532E-05,-.002
2.23912,1.3733E-04,-3.89101E-04,.002
2.24012,1.525891E-05,-4.425067E-04,-.001
2.241121,-3.814721E-05,-5.874671E-04,6.66667E-04
2.242121,-1.525891E-05,-4.88285E-04,-.001
2.243122,-1.602182E-04,-6.866502E-05,-6.66667E-04
2.244122,-1.220712E-04,-6.103562E-05,-6.66667E-04
2.245123,-2.670307E-04,1.525888E-04,-6.66667E-04
2.246123,-2.365122E-04,-2.517719E-04,-.001
2.247123,-3.204364E-04,-4.196186E-04,-.001
2.248124,-4.88285E-04,-1.678476E-04,-6.66667E-04
2.249125,-5.722083E-04,5.340599E-05,-.001
2.250125,-4.043598E-04,0,-.002
2.251126,-3.280658E-04,-4.653949E-04,.001
2.252126,-6.179847E-04,-4.27248E-04,.001
2.253127,-3.50954E-04,-6.713904E-04,-.001
2.254127,-2.670307E-04,-1.3733E-04,-6.66667E-04
2.255128,-1.449594E-04,1.525891E-05,6.66667E-04
2.256128,-3.280658E-04,-1.525891E-05,-6.66667E-04
2.257128,-1.3733E-04,-1.220712E-04,6.66667E-04
2.258129,-4.27248E-04,-2.288828E-04,.001
2.25913,-3.356952E-04,-2.13624E-04,-6.66667E-04
2.26013,-2.517719E-04,-1.525888E-04,.001
2.261131,-1.525888E-04,-6.103562E-05,.001
2.262131,-2.899189E-04,9.918259E-05,6.66667E-04
2.263132,-2.288828E-04,1.75477E-04,-6.66667E-04
2.264132,-5.416907E-04,-1.678476E-04,-.002
2.265133,-4.196186E-04,-5.493201E-04,-.001
2.266133,-2.212534E-04,-4.806537E-04,-.001
2.267133,-9.918259E-05,-2.288828E-04,6.66667E-04
2.268134,2.975482E-04,2.975482E-04,6.66667E-04
2.269135,1.907358E-04,4.196186E-04,6.66667E-04
2.270135,6.027259E-04,1.678476E-04,.001
2.271136,6.713904E-04,-2.13624E-04,-.002
2.272136,4.501361E-04,-2.365122E-04,-.001
2.273137,3.204364E-04,-8.850135E-04,-2.33333E-03
2.274137,9.15532E-05,-5.493201E-04,-6.66667E-04
2.275138,-1.525891E-05,-1.449594E-04,-6.66667E-04
2.276138,-2.517719E-04,7.629441E-05,6.66667E-04
2.277139,-2.670307E-04,1.907358E-04,-6.66667E-04
2.278139,3.814721E-05,1.75477E-04,-.002
2.27914,-5.340599E-05,2.13624E-04,.001
2.28014,-8.392381E-05,2.059946E-04,-2.33333E-03
2.281141,9.15532E-05,8.392381E-05,-.002
2.282141,2.899189E-04,-9.918259E-05,-.002
2.283142,9.918259E-05,-4.348774E-04,-.001
2.284142,0,-7.171668E-04,-6.66667E-04
2.285143,0,-7.171668E-04,-.001
2.286143,-1.75477E-04,-3.50954E-04,-.001
2.287144,-6.103562E-05,-2.670307E-04,-2.33333E-03
2.288144,-3.814721E-05,-2.212534E-04,-6.66667E-04
2.289145,1.144414E-04,2.441425E-04,6.66667E-04
2.290145,-1.3733E-04,3.662128E-04,.001
2.291146,-2.288828E-04,3.051776E-04,-6.66667E-04
2.292146,-2.13624E-04,1.297006E-04,-.001
2.293147,-4.57766E-05,-1.907358E-04,-3.66667E-03
2.294147,1.525891E-05,-2.13624E-04,-6.66667E-04
2.295148,3.814721E-05,-5.340599E-05,-.001
2.296148,2.059946E-04,-2.670307E-04,.001
2.297149,-3.814721E-05,1.525888E-04,-.001
2.298149,-1.525888E-04,-1.06812E-04,-6.66667E-04
2.29915,3.051781E-05,-5.340599E-05,-.002
2.30015,-1.449594E-04,3.204364E-04,-6.66667E-04
2.301151,-3.662128E-04,3.12807E-04,-.001
2.302151,-4.119892E-04,3.204364E-04,6.66667E-04
2.303152,-1.144414E-04,1.06812E-04,.001
2.304152,1.297006E-04,-6.866502E-05,6.66667E-04
2.305153,2.822895E-04,-2.365122E-04,-.002
2.306153,6.866502E-05,-3.662128E-04,-6.66667E-04
2.307154,1.907358E-04,-3.585834E-04,-6.66667E-04
2.308154,3.356952E-04,6.103562E-05,-.002
2.309155,3.50954E-04,5.035438E-04,6.66667E-04
2.310155,1.678476E-04,3.356952E-04,-.001
2.311156,0,4.348774E-04,-6.66667E-04
2.312156,-2.670307E-04,4.196186E-04,-2.33333E-03
2.313157,-1.06812E-04,3.967304E-04,.001
2.314157,-2.28883E-05,1.449594E-04,-.001
2.315158,-2.212534E-04,1.06812E-04,-6.66667E-04
2.316158,7.629453E-06,4.196186E-04,-2.33333E-03
2.317159,1.678476E-04,4.959144E-04,-.001
2.318159,-2.13624E-04,2.212534E-04,-.002
2.31916,-3.50954E-04,1.525888E-04,6.66667E-04
2.32016,-6.256141E-04,9.918259E-05,-6.66667E-04
2.321161,-6.027259E-04,-1.220712E-04,-6.66667E-04
2.322161,-5.416907E-04,-8.392381E-05,-6.66667E-04
2.323162,-2.975482E-04,2.13624E-04,-.001
2.324162,-9.15532E-05,-3.051781E-05,-.001
2.325163,-1.678476E-04,-3.204364E-04,-6.66667E-04
2.326163,1.449594E-04,-4.27248E-04,-6.66667E-04
2.327164,5.493201E-04,-5.111732E-04,-.001
2.328164,3.50954E-04,-1.525888E-04,6.66667E-04
2.329165,-1.297006E-04,1.678476E-04,-.001
2.330165,-4.27248E-04,2.822895E-04,-.001
2.331166,-1.907358E-04,-8.392381E-05,-6.66667E-04
2.332166,-3.814721E-05,9.15532E-05,-.002
2.333167,-6.866502E-05,1.525888E-04,-.004
2.334167,-1.06812E-04,4.57766E-05,.001
2.335168,-3.814721E-05,-1.06812E-04,-.002
2.336168,-3.50954E-04,4.57766E-05,-.002
2.337169,8.392381E-05,1.220712E-04,-.002
2.338169,3.814721E-05,9.15532E-05,-.001
2.33917,4.57766E-05,4.27248E-04,-6.66667E-04
2.34017,2.441425E-04,6.790198E-04,-2.33333E-03
2.341171,5.493201E-04,5.111732E-04,.001
2.342171,2.670307E-04,1.602182E-04,.001
2.343172,2.594013E-04,-1.144414E-04,-.001
2.344172,1.907358E-04,-8.392381E-05,-.001
2.345173,-1.525891E-05,2.059946E-04,-.001
2.346173,-9.918259E-05,-1.3733E-04,-6.66667E-04
2.347174,-2.212534E-04,-3.204364E-04,-.002
2.348174,-3.738422E-04,-5.416907E-04,6.66667E-04
2.349174,-6.942786E-04,-5.340599E-05,-6.66667E-04
2.350175,-6.942786E-04,0,-.001
2.351176,-4.043598E-04,-1.144414E-04,-.001
2.352176,1.06812E-04,3.814721E-05,6.66667E-04
2.353177,-7.629453E-06,2.594013E-04,-.002
2.354177,1.907358E-04,2.212534E-04,.001
2.355178,-6.866502E-05,-2.288828E-04,-6.66667E-04
2.356178,-1.602182E-04,-4.653949E-04,-6.66667E-04
2.357179,-3.89101E-04,-3.204364E-04,6.66667E-04
2.358179,-2.594013E-04,-3.738422E-04,-.002
2.359179,-5.340599E-05,-3.204364E-04,-6.66667E-04
2.36018,-2.13624E-04,6.866502E-05,-.002
2.361181,3.12807E-04,-7.629453E-06,-.002
2.362181,3.662128E-04,2.899189E-04,-2.33333E-03
2.363182,2.059946E-04,3.738422E-04,.001
2.364182,9.15532E-05,2.975482E-04,-6.66667E-04
2.365183,-2.670307E-04,2.059946E-04,-.004
2.366183,7.629441E-05,2.059946E-04,-.001
2.367184,2.13624E-04,3.051776E-04,-6.66667E-04
2.368184,2.746601E-04,1.449594E-04,-.002
2.369184,-1.3733E-04,6.103562E-05,-.001
2.370185,-2.670307E-04,4.196186E-04,-6.66667E-04
2.371186,-1.983652E-04,2.365122E-04,-2.33333E-03
2.372186,1.983652E-04,-1.06812E-04,-.002
2.373187,1.983652E-04,-2.288828E-04,-6.66667E-04
2.374187,-1.602182E-04,-1.983652E-04,-6.66667E-04
2.375188,-1.678476E-04,-1.220712E-04,-.001
2.376188,6.103562E-05,-1.06812E-04,-6.66667E-04
2.377189,-6.103562E-05,1.220712E-04,-.002
2.378189,-3.585834E-04,4.119892E-04,6.66667E-04
2.379189,-4.27248E-04,3.280658E-04,6.66667E-04
2.38019,-3.12807E-04,-9.918259E-05,-.001
2.381191,-2.517719E-04,-9.918259E-05,6.66667E-04
2.382191,-3.051781E-05,1.525891E-05,.001
2.383192,-1.144414E-04,2.365122E-04,-.001
2.384192,-3.204364E-04,2.594013E-04,-.002
2.385193,1.525888E-04,2.13624E-04,6.66667E-04
2.386193,-1.525891E-05,4.730243E-04,-6.66667E-04
2.387194,4.57766E-05,6.027259E-04,-.001
2.388194,9.918259E-05,6.103562E-05,.002
2.389194,3.051781E-05,-3.967304E-04,6.66667E-04
2.390195,4.425067E-04,-5.188026E-04,-.001
2.391196,2.746601E-04,-1.602182E-04,.001
2.392196,2.059946E-04,1.678476E-04,2.33333E-03
2.393197,-1.449594E-04,-2.28883E-05,-6.66667E-04
2.394197,-2.288828E-04,1.525891E-05,-6.66667E-04
2.395198,4.57766E-05,5.340599E-05,6.66667E-04
2.396198,3.738422E-04,-1.220712E-04,.001
2.397199,0,-6.866502E-05,-.001
2.398199,-2.059946E-04,2.28883E-05,-6.66667E-04
2.399199,-1.525891E-05,-3.280658E-04,-6.66667E-04
2.4002,-1.983652E-04,-4.577655E-04,.001
2.401201,-3.50954E-04,-2.212534E-04,6.66667E-04
2.402201,-2.13624E-04,-2.594013E-04,2.33333E-03
2.403202,-1.525888E-04,-5.111732E-04,-6.66667E-04
2.404202,-1.06812E-04,-4.043598E-04,-6.66667E-04
2.405203,-1.220712E-04,-3.585834E-04,6.66667E-04
2.406203,1.678476E-04,-2.899189E-04,6.66667E-04
2.407204,3.585834E-04,-2.212534E-04,-6.66667E-04
2.408204,1.75477E-04,-3.50954E-04,.001
2.409204,-2.212534E-04,-3.967304E-04,.001
2.410205,-1.144414E-04,-2.822895E-04,-6.66667E-04
2.411206,9.918259E-05,-2.28883E-05,6.66667E-04
2.412206,2.975482E-04,-1.983652E-04,-6.66667E-04
2.413207,2.212534E-04,-1.525891E-05,-.001
2.414207,1.297006E-04,3.662128E-04,-.002
2.415208,1.525888E-04,2.822895E-04,6.66667E-04
2.416208,-2.822895E-04,-2.441425E-04,-6.66667E-04
2.417209,-3.967304E-04,-2.13624E-04,-6.66667E-04
2.418209,-2.822895E-04,-7.629441E-05,-6.66667E-04
2.41921,-1.144414E-04,0,-6.66667E-04
2.42021,-7.629441E-05,2.975482E-04,-6.66667E-04
2.421211,2.594013E-04,2.288828E-04,-6.66667E-04
2.422211,4.196186E-04,5.416907E-04,.001
2.423212,6.027259E-04,5.416907E-04,-3.66667E-03
2.424212,5.340613E-04,1.983652E-04,-6.66667E-04
2.425213,2.746601E-04,1.525888E-04,.001
2.426213,3.814716E-04,-5.340599E-05,6.66667E-04
2.427214,6.332435E-04,-7.629453E-06,-6.66667E-04
2.428214,2.13624E-04,1.75477E-04,-.001
2.429215,-6.103562E-05,5.264319E-04,-6.66667E-04
2.430215,-1.06812E-04,3.204364E-04,-.001
2.431216,2.28883E-05,1.678476E-04,-2.33333E-03
2.432216,-1.3733E-04,-1.525891E-05,-6.66667E-04
2.433217,-3.204364E-04,-4.57766E-05,-6.66667E-04
2.434217,-9.15532E-05,-3.204364E-04,-.001
2.435218,1.907358E-04,-4.27248E-04,6.66667E-04
2.436218,4.577655E-04,-9.15532E-05,6.66667E-04
2.437219,4.043598E-04,9.918259E-05,-6.66667E-04
2.438219,2.746601E-04,4.425067E-04,-6.66667E-04
2.43922,-1.3733E-04,5.493201E-04,6.66667E-04
2.44022,-3.051776E-04,5.340613E-04,-.001
2.441221,-5.111732E-04,4.043598E-04,-2.33333E-03
2.442221,-5.569495E-04,1.449594E-04,-.001
2.443222,-3.967304E-04,2.441425E-04,6.66667E-04
2.444222,9.918259E-05,2.365122E-04,.001
2.445223,5.340599E-05,4.425067E-04,.001
2.446223,1.831064E-04,9.002723E-04,-2.33333E-03
2.447224,-3.051781E-05,1.045235E-03,-.001
2.448224,4.27248E-04,7.476844E-04,-3.66667E-03
2.449225,5.264319E-04,4.730243E-04,-.002
2.450225,3.662128E-04,-1.678476E-04,6.66667E-04
2.451226,2.212534E-04,-3.051776E-04,-6.66667E-04
2.452226,0,-5.950965E-04,-.002
2.453227,-1.525888E-04,-2.441425E-04,6.66667E-04
2.454227,0,7.629453E-06,-6.66667E-04
2.455228,-1.06812E-04,-1.3733E-04,6.66667E-04
2.456228,-1.06812E-04,-1.525888E-04,6.66667E-04
2.457229,-2.28883E-05,-1.831064E-04,-6.66667E-04
2.458229,-2.059946E-04,-5.340599E-05,-6.66667E-04
2.45923,-4.959144E-04,3.814716E-04,.001
2.46023,-1.06812E-04,3.12807E-04,-6.66667E-04
2.461231,2.365122E-04,-6.866502E-05,-6.66667E-04
2.462231,2.441425E-04,-1.525888E-04,-6.66667E-04
2.463232,2.365122E-04,1.75477E-04,-.002
2.464232,2.28883E-05,2.975482E-04,6.66667E-04
2.465233,-1.907358E-04,4.348774E-04,-.001
2.466233,-1.602182E-04,3.433246E-04,-6.66667E-04
2.467234,-2.059946E-04,1.3733E-04,-.001
2.468234,-2.13624E-04,1.525888E-04,-6.66667E-04
2.469235,-2.365122E-04,-2.365122E-04,6.66667E-04
2.470235,-2.365122E-04,-4.348774E-04,-6.66667E-04
2.471236,-1.449594E-04,-1.907358E-04,6.66667E-04
2.472236,-1.907358E-04,-4.57766E-05,-6.66667E-04
2.473237,-2.212534E-04,-2.13624E-04,6.66667E-04
2.474237,2.13624E-04,-3.204364E-04,-.001
2.475238,2.975482E-04,-1.06812E-04,.001
2.476238,0,-2.441425E-04,6.66667E-04
2.477239,-2.441425E-04,-2.670307E-04,-6.66667E-04
2.478239,-1.525891E-05,3.662128E-04,-.002
2.47924,3.12807E-04,6.332435E-04,.001
2.48024,1.525888E-04,6.179847E-04,-.001
2.481241,-2.365122E-04,2.13624E-04,-2.33333E-03
2.482241,-3.051776E-04,3.433246E-04,-.002
2.483242,-4.043598E-04,5.188026E-04,-2.33333E-03
2.484242,-1.06812E-04,4.501361E-04,-.002
2.485243,2.059946E-04,1.297006E-04,6.66667E-04
2.486243,8.392381E-05,-1.3733E-04,-.002
2.487244,4.57766E-05,1.678476E-04,6.66667E-04
2.488244,-9.15532E-05,1.831064E-04,.001
2.489245,-4.501361E-04,9.918259E-05,6.66667E-04
2.490245,-3.204364E-04,1.220712E-04,-6.66667E-04
2.491246,1.220712E-04,4.57766E-05,6.66667E-04
2.492246,1.3733E-04,-9.918259E-05,-.001
2.493247,3.433246E-04,-1.907358E-04,6.66667E-04
2.494247,3.738422E-04,0,-6.66667E-04
2.495248,2.899189E-04,0,-.002
2.496248,2.517719E-04,4.425067E-04,-.001
2.497249,2.594013E-04,3.280658E-04,-6.66667E-04
2.498249,1.525891E-05,1.75477E-04,-6.66667E-04
2.49925,-1.06812E-04,-4.57766E-05,-.001
2.50025,-9.15532E-05,-3.738422E-04,.001
2.501251,-7.629453E-06,-3.280658E-04,.002
2.502251,-5.340599E-05,-4.119892E-04,-.001
2.503252,1.3733E-04,-2.059946E-04,6.66667E-04
2.504252,3.12807E-04,-3.585834E-04,6.66667E-04
2.505253,3.585834E-04,-4.196186E-04,-.004
2.506253,1.678476E-04,-2.899189E-04,6.66667E-04
2.507254,1.144414E-04,-3.814716E-04,-.002
2.508254,-1.678476E-04,-3.89101E-04,-.002
2.509255,1.602182E-04,-5.340613E-04,3.66667E-03
2.510255,3.204364E-04,-3.051776E-04,-6.66667E-04
2.511256,7.629453E-06,-1.06812E-04,-.002
2.512256,-2.746601E-04,7.629453E-06,-.001
2.513257,-2.746601E-04,9.918259E-05,-.001
2.514257,1.525888E-04,6.866502E-05,-6.66667E-04
2.515258,1.831064E-04,-7.629441E-05,6.66667E-04
2.516258,-1.06812E-04,1.297006E-04,6.66667E-04
2.517259,3.738422E-04,-2.28883E-05,.002
2.518259,3.433246E-04,2.28883E-05,-.002
2.51926,6.866502E-05,7.629453E-06,6.66667E-04
2.52026,-6.866502E-05,4.196186E-04,-.001
2.521261,-4.57766E-05,5.111732E-04,-2.33333E-03
2.522261,1.525891E-05,8.392371E-04,-.001
2.523262,-3.585834E-04,4.806537E-04,-2.33333E-03
2.524262,-2.975482E-04,1.525891E-05,6.66667E-04
2.525263,-1.525891E-05,-1.75477E-04,-6.66667E-04
2.526263,-7.629441E-05,-5.340599E-05,-.002
2.527264,-2.670307E-04,2.975482E-04,-6.66667E-04
2.528264,-4.577655E-04,4.577655E-04,-.001
2.529265,-1.449594E-04,6.179847E-04,-.001
2.530265,9.918259E-05,6.179847E-04,-.002
2.531266,-1.449594E-04,3.50954E-04,-.001
2.532266,-3.356952E-04,-7.629441E-05,-3.66667E-03
2.533267,-8.773841E-04,-7.629441E-05,-6.66667E-04
2.534267,-8.163489E-04,9.15532E-05,-.001
2.535268,-7.247962E-04,2.059946E-04,6.66667E-04
2.536268,-4.27248E-04,9.918259E-05,6.66667E-04
2.537269,-2.517719E-04,7.629441E-05,-.002
2.538269,-3.738422E-04,-3.814721E-05,.001
2.53927,-2.288828E-04,-4.57766E-05,-.001
2.54027,-3.50954E-04,-1.144414E-04,-6.66667E-04
2.541271,-5.188026E-04,1.678476E-04,-.001
2.542271,-6.103553E-04,4.730243E-04,-6.66667E-04
2.543272,-7.553138E-04,9.918259E-05,.001
2.544272,-6.713904E-04,3.814721E-05,-.001
2.545273,-1.144414E-04,2.28883E-05,.002
2.546273,-3.50954E-04,-8.392381E-05,-.002
2.547274,-6.179847E-04,-2.365122E-04,-.001
2.548274,-2.899189E-04,-4.27248E-04,-.002
2.549275,-6.866502E-05,-5.645789E-04,6.66667E-04
2.550275,9.15532E-05,-4.501361E-04,-6.66667E-04
2.551276,9.15532E-05,-1.907358E-04,-.002
2.552276,2.746601E-04,-1.907358E-04,-.001
2.553277,1.678476E-04,-2.670307E-04,.001
2.554277,2.28883E-05,-1.06812E-04,-3.66667E-03
2.555278,-2.28883E-05,1.220712E-04,6.66667E-04
2.556278,-3.585834E-04,6.866502E-05,6.66667E-04
2.557279,-3.204364E-04,-7.629441E-05,.001
2.558279,-1.220712E-04,-3.051781E-05,6.66667E-04
2.55928,1.831064E-04,-3.89101E-04,-6.66667E-04
2.56028,4.57766E-05,-5.111732E-04,-6.66667E-04
2.561281,-1.220712E-04,-3.738422E-04,-6.66667E-04
2.562281,-3.051776E-04,-3.662128E-04,.001
2.563282,-3.89101E-04,-2.670307E-04,-.001
2.564282,-2.517719E-04,3.738422E-04,.001
2.565283,-2.13624E-04,4.501361E-04,.002
2.566283,3.814721E-05,-3.814721E-05,.002
2.567284,1.75477E-04,-7.629453E-06,6.66667E-04
2.568284,3.814721E-05,4.959144E-04,-.001
2.569285,-9.15532E-05,-9.918259E-05,-.002
2.570285,-6.103562E-05,-6.103553E-04,-6.66667E-04
2.571286,1.525888E-04,1.220712E-04,-6.66667E-04
2.572286,2.13624E-04,3.662128E-04,-.001
2.573287,3.433246E-04,6.332435E-04,-.004
2.574287,2.441425E-04,5.264319E-04,-.001
2.575288,-2.670307E-04,6.179847E-04,-6.66667E-04
2.576288,-1.525888E-04,2.594013E-04,-6.66667E-04
2.577289,-1.297006E-04,3.814721E-05,.001
2.578289,-1.3733E-04,6.103562E-05,-6.66667E-04
2.57929,-9.918259E-05,-1.602182E-04,-.002
2.58029,6.103562E-05,-2.13624E-04,-6.66667E-04
2.581291,-1.06812E-04,1.831064E-04,-.002
2.582291,-2.670307E-04,6.103562E-05,-6.66667E-04
2.583292,-3.433246E-04,-3.12807E-04,-.001
2.584292,-9.307899E-04,-4.119892E-04,-.001
2.585293,-7.705726E-04,-4.88285E-04,-6.66667E-04
2.586293,-9.7657E-04,-6.866492E-04,-.001
2.587294,-1.464851E-03,-4.501361E-04,-6.66667E-04
2.588294,-2.479568E-03,-2.28883E-05,.001
2.589295,-3.204361E-03,2.059946E-04,6.66667E-04
2.590295,-4.005462E-03,2.441425E-04,-6.66667E-04
2.591296,-6.065398E-03,1.525891E-05,6.66667E-04
2.592296,-8.873045E-03,2.517719E-04,-.002
2.593297,-.0120545,5.722083E-04,-.001
2.594297,-1.452643E-02,6.408729E-04,-.001
2.595298,-1.600659E-02,5.798377E-04,-.001
2.596298,-1.646435E-02,1.449594E-04,6.66667E-04
2.597299,-.0157243,-7.629441E-05,.001
2.598299,-1.393896E-02,1.75477E-04,-.001
2.5993,-1.158148E-02,2.746601E-04,6.66667E-04
2.6003,-8.667052E-03,4.806537E-04,-6.66667E-04
2.601301,-5.950958E-03,6.179847E-04,-.001
2.602301,-3.921539E-03,6.103553E-04,.002
2.603302,-2.853408E-03,5.188026E-04,2.33333E-03
2.604302,-2.090469E-03,1.449594E-04,-.001
2.605303,-1.525886E-03,1.678476E-04,-6.66667E-04
2.606303,-9.079017E-04,-9.15532E-05,-.001
2.607304,-6.485023E-04,-1.678476E-04,-3.66667E-03
2.608304,-3.433246E-04,-1.525891E-05,-6.66667E-04
2.609305,4.653949E-04,0,-.002
2.610305,5.264319E-04,-1.06812E-04,.001
2.611306,6.790198E-04,-3.280658E-04,-6.66667E-04
2.612306,6.103553E-04,-3.585834E-04,-.002
2.613307,3.814716E-04,-1.602182E-04,-.001
2.614307,3.051781E-05,-1.449594E-04,-.001
2.615308,-1.06812E-04,8.392381E-05,.001
2.616308,-2.975482E-04,8.392381E-05,6.66667E-04
2.617309,-4.806537E-04,1.75477E-04,6.66667E-04
2.618309,-5.035438E-04,1.678476E-04,-6.66667E-04
2.61931,-1.907358E-04,1.06812E-04,-6.66667E-04
2.62031,1.525888E-04,1.3733E-04,-.001
2.621311,2.28883E-05,1.449594E-04,-2.33333E-03
2.622311,-3.204364E-04,4.57766E-05,-.002
2.623312,-2.059946E-04,-2.212534E-04,-.002
2.624312,0,2.28883E-05,-.001
2.625313,3.814721E-05,1.525888E-04,-.002
2.626313,5.340599E-05,7.629453E-06,-.001
2.627314,0,9.918259E-05,-.002
2.628314,1.06812E-04,-1.983652E-04,-6.66667E-04
2.629315,3.051781E-05,-3.814716E-04,-6.66667E-04
2.630315,4.57766E-05,-1.907358E-04,-.002
2.631316,3.662128E-04,1.3733E-04,6.66667E-04
2.632316,7.629441E-05,1.678476E-04,-2.33333E-03
2.633317,3.051781E-05,-4.348774E-04,.001
2.634317,5.340599E-05,-7.934608E-04,-6.66667E-04
2.635318,1.06812E-04,-4.806537E-04,.001
2.636318,1.525888E-04,-7.629441E-05,-6.66667E-04
2.637319,1.525891E-05,2.212534E-04,.001
2.638319,-3.356952E-04,1.220712E-04,6.66667E-04
2.63932,-3.12807E-04,7.629441E-05,-.001
2.64032,1.449594E-04,-1.220712E-04,-6.66667E-04
2.641321,2.670307E-04,-2.441425E-04,-6.66667E-04
2.642321,2.059946E-04,-7.629441E-05,-2.33333E-03
2.643322,-1.983652E-04,1.75477E-04,-6.66667E-04
2.644322,6.103562E-05,2.365122E-04,.002
2.645323,3.280658E-04,4.501361E-04,2.33333E-03
2.646323,3.433246E-04,4.806537E-04,-.001
2.647324,1.297006E-04,2.594013E-04,-.001
2.648324,-5.340599E-05,2.899189E-04,-.002
2.649325,-1.06812E-04,3.967304E-04,-.001
2.650325,0,-2.28883E-05,2.33333E-03
2.651326,2.899189E-04,-1.06812E-04,-.001
2.652326,2.288828E-04,-2.517719E-04,-.002
2.653327,9.15532E-05,-6.866502E-05,.001
2.654327,-5.340599E-05,7.629453E-06,-6.66667E-04
2.655328,3.814721E-05,-3.738422E-04,6.66667E-04
2.656328,-8.392381E-05,-6.027259E-04,-.001
2.657329,-5.722083E-04,-6.866492E-04,-6.66667E-04
2.658329,-5.035438E-04,-3.738422E-04,-6.66667E-04
2.65933,-4.501361E-04,3.662128E-04,6.66667E-04
2.66033,-3.662128E-04,3.585834E-04,-6.66667E-04
2.661331,-3.280658E-04,6.103562E-05,-6.66667E-04
2.662331,-5.035438E-04,8.392381E-05,6.66667E-04
2.663332,-7.934608E-04,2.059946E-04,.002
2.664332,-6.485023E-04,4.043598E-04,.002
2.665333,-5.340613E-04,4.806537E-04,-2.33333E-03
2.666333,-6.027259E-04,-7.629453E-06,6.66667E-04
2.667334,-5.645789E-04,-1.525888E-04,.001
2.668334,-1.983652E-04,1.449594E-04,-.001
2.669335,-1.75477E-04,3.814716E-04,-6.66667E-04
2.670335,-1.678476E-04,7.629441E-05,6.66667E-04
2.671336,-1.220712E-04,8.392381E-05,-2.33333E-03
2.672336,-2.059946E-04,-6.866502E-05,-6.66667E-04
2.673337,-1.602182E-04,-9.15532E-05,-.001
2.674337,-2.13624E-04,-3.051781E-05,-6.66667E-04
2.675338,-6.713904E-04,-1.449594E-04,-6.66667E-04
2.676338,-6.179847E-04,-1.525888E-04,-6.66667E-04
2.677339,-5.798377E-04,-2.288828E-04,-.001
2.678339,-5.798377E-04,-1.678476E-04,-.002
2.67934,-3.051776E-04,-1.678476E-04,-6.66667E-04
2.68034,-3.204364E-04,-2.212534E-04,6.66667E-04
2.681341,-2.13624E-04,-2.822895E-04,-.001
2.682341,-1.602182E-04,-2.28883E-05,-2.33333E-03
2.683342,-1.602182E-04,-5.340599E-05,-2.33333E-03
2.684342,1.75477E-04,1.06812E-04,6.66667E-04
2.685343,9.918259E-05,3.280658E-04,6.66667E-04
2.686343,-1.525891E-05,0,.001
2.687344,1.449594E-04,2.28883E-05,.001
2.688344,0,1.907358E-04,-6.66667E-04
2.689345,1.907358E-04,2.365122E-04,6.66667E-04
2.690345,9.15532E-05,5.340599E-05,.001
2.691346,-9.918259E-05,-3.204364E-04,6.66667E-04
2.692346,-6.103562E-05,-2.899189E-04,-.001
2.693347,-1.983652E-04,3.051781E-05,.001
2.694347,-4.196186E-04,-1.220712E-04,-.001
2.695348,-1.525888E-04,-3.280658E-04,-.002
2.696348,3.051781E-05,-4.806537E-04,-.001
2.697349,2.822895E-04,-3.89101E-04,-.001
2.698349,3.12807E-04,7.629453E-06,-.001
2.69935,-1.297006E-04,2.670307E-04,6.66667E-04
2.70035,-2.746601E-04,1.220712E-04,.001
2.701351,-2.670307E-04,-2.594013E-04,6.66667E-04
2.702351,-3.662128E-04,-4.959144E-04,.001
2.703352,-3.738422E-04,-3.12807E-04,-.002
2.704352,-2.288828E-04,4.57766E-05,-6.66667E-04
2.705353,-3.204364E-04,2.288828E-04,-.001
2.706353,-6.027259E-04,2.594013E-04,6.66667E-04
2.707354,-5.645789E-04,2.059946E-04,-.001
2.708354,-4.501361E-04,-1.525891E-05,-.001
2.709355,-5.111732E-04,-2.13624E-04,-.001
2.710355,-4.577655E-04,-4.27248E-04,-6.66667E-04
2.711356,-5.798377E-04,-1.220712E-04,6.66667E-04
2.712356,-6.713904E-04,-7.629453E-06,6.66667E-04
2.713357,-3.89101E-04,2.517719E-04,.002
2.714357,-2.746601E-04,6.027259E-04,.001
2.715358,-1.602182E-04,4.043598E-04,-.002
2.716358,-3.356952E-04,6.103553E-04,-6.66667E-04
2.717359,-5.950965E-04,7.171668E-04,.001
2.718359,-5.340613E-04,6.103553E-04,-6.66667E-04
2.71936,-2.365122E-04,6.408729E-04,-.001
2.72036,-8.392381E-05,4.730243E-04,6.66667E-04
2.721361,-3.204364E-04,-1.907358E-04,-6.66667E-04
2.722361,-5.264319E-04,-4.043598E-04,-.001
2.723362,-4.806537E-04,-3.814716E-04,.002
2.724362,-5.111732E-04,-5.340613E-04,6.66667E-04
2.725363,-3.204364E-04,-5.264319E-04,-.002
2.726363,-3.280658E-04,-1.983652E-04,.001
2.727364,-5.111732E-04,-3.356952E-04,-6.66667E-04
2.728364,-7.553138E-04,-1.907358E-04,-6.66667E-04
2.729365,-9.53678E-04,-3.662128E-04,-.002
2.730365,-1.258858E-03,-5.340613E-04,6.66667E-04
2.731366,-1.373298E-03,-1.831064E-04,2.33333E-03
2.732366,-1.380928E-03,6.866502E-05,6.66667E-04
2.733367,-1.457222E-03,-2.899189E-04,-.001
2.734367,-2.014175E-03,-1.602182E-04,6.66667E-04
2.735368,-2.502456E-03,4.196186E-04,-2.33333E-03
2.736368,-2.990738E-03,7.01908E-04,-.001
2.737369,-4.28012E-03,3.433246E-04,-6.66667E-04
2.738369,-5.561858E-03,4.119892E-04,.001
2.73937,-6.92752E-03,6.179847E-04,-6.66667E-04
2.74037,-8.323729E-03,4.730243E-04,-6.66667E-04
2.741371,-9.834349E-03,2.28883E-05,.001
2.742371,-1.165777E-02,-3.356952E-04,.001
2.743372,-1.368719E-02,-2.288828E-04,-.002
2.744372,-1.551062E-02,-4.653949E-04,6.66667E-04
2.745373,-1.660168E-02,-7.40055E-04,-.001
2.746373,-.0168153,-5.493201E-04,-3.66667E-03
2.747374,-.0166322,-5.416907E-04,6.66667E-04
2.748374,-.0161134,-6.103553E-04,6.66667E-04
2.749375,-1.521307E-02,-2.670307E-04,6.66667E-04
2.750375,-1.426703E-02,4.577655E-04,.001
2.751376,-1.293188E-02,4.196186E-04,-6.66667E-04
2.752376,-1.065069E-02,4.501361E-04,-.001
2.753377,-8.529723E-03,8.468665E-04,6.66667E-04
2.754377,-6.55368E-03,6.485023E-04,6.66667E-04
2.755378,-5.325347E-03,4.043598E-04,-.001
2.756378,-4.180938E-03,3.738422E-04,-.002
2.757379,-3.128067E-03,2.365122E-04,-.002
2.758379,-2.738968E-03,3.662128E-04,-6.66667E-04
2.75938,-2.418533E-03,4.425067E-04,-6.66667E-04
2.76038,-1.976028E-03,4.88285E-04,-.002
2.761381,-1.403816E-03,4.653949E-04,-6.66667E-04
2.762381,-1.220711E-03,9.918259E-05,6.66667E-04
2.763382,-5.722083E-04,2.288828E-04,-6.66667E-04
2.764382,-5.874671E-04,3.12807E-04,-.001
2.765383,-4.27248E-04,1.449594E-04,-6.66667E-04
2.766383,-5.035438E-04,4.57766E-05,6.66667E-04
2.767384,-4.806537E-04,1.602182E-04,-6.66667E-04
2.768384,-4.27248E-04,6.713904E-04,-6.66667E-04
2.769385,-9.994581E-04,5.493201E-04,6.66667E-04
2.770385,-1.426704E-03,3.356952E-04,-2.33333E-03
2.771386,-1.007088E-03,1.449594E-04,-.002
2.772386,-9.53678E-04,1.449594E-04,6.66667E-04
2.773387,-9.231605E-04,2.975482E-04,-6.66667E-04
2.774387,-1.182564E-03,2.059946E-04,-6.66667E-04
2.775388,-1.312263E-03,4.730243E-04,.002
2.776388,-1.426704E-03,5.416907E-04,-6.66667E-04
2.777389,-1.541145E-03,6.103553E-04,-.002
2.778389,-1.35804E-03,5.264319E-04,-6.66667E-04
2.77939,-1.029976E-03,6.179847E-04,-6.66667E-04
2.78039,-1.037605E-03,9.918287E-04,-6.66667E-04
2.781391,-3.967304E-04,7.324256E-04,-.001
2.782391,-3.50954E-04,7.629432E-04,6.66667E-04
2.783392,-6.408729E-04,8.544959E-04,-6.66667E-04
2.784392,-1.213081E-03,6.408729E-04,-3.66667E-03
2.785393,-1.327522E-03,2.594013E-04,-6.66667E-04
2.786393,-1.167305E-03,3.50954E-04,6.66667E-04
2.787394,-8.239783E-04,3.433246E-04,-.002
2.788394,-8.621253E-04,3.50954E-04,-.001
2.789395,-1.235969E-03,5.722083E-04,.001
2.790395,-1.594551E-03,5.722083E-04,.001
2.791396,-9.7657E-04,6.332435E-04,-6.66667E-04
2.792396,-5.264319E-04,6.332435E-04,-.001
2.793397,-5.950965E-04,3.433246E-04,-6.66667E-04
2.794397,-9.307899E-04,3.356952E-04,-6.66667E-04
2.795398,-1.029976E-03,3.662128E-04,-6.66667E-04
2.796398,-8.773841E-04,4.730243E-04,-6.66667E-04
2.797399,-1.007088E-03,5.493201E-04,-.002
2.798399,-1.510628E-03,4.88285E-04,-.002
2.7994,-1.922615E-03,6.713904E-04,-.001
2.8004,-2.494827E-03,1.083381E-03,-.001
2.801401,-3.250137E-03,8.697547E-04,6.66667E-04
2.802401,-3.524795E-03,9.53678E-04,-.001
2.803402,-4.188567E-03,7.247962E-04,-6.66667E-04
2.804402,-5.027801E-03,3.814716E-04,-.001
2.805403,-6.324798E-03,5.264319E-04,6.66667E-04
2.806403,-7.476836E-03,7.553138E-04,-.001
2.807404,-8.453429E-03,4.653949E-04,-.001
2.808404,-9.513915E-03,6.027259E-04,-.001
2.809405,-1.014715E-02,6.332435E-04,-.001
2.810405,-1.049048E-02,2.288828E-04,.002
2.811406,-1.072699E-02,3.967304E-04,-.001
2.812406,-.0108338,4.043598E-04,.002
2.813407,-1.015478E-02,1.220712E-04,-.001
2.814407,-9.582579E-03,-7.629453E-06,-6.66667E-04
2.815408,-8.857787E-03,-2.517719E-04,6.66667E-04
2.816408,-7.591277E-03,-1.220712E-04,-.001
2.817409,-6.401092E-03,2.670307E-04,6.66667E-04
2.818409,-5.477935E-03,5.874671E-04,.001
2.81941,-4.509002E-03,5.188026E-04,6.66667E-04
2.82041,-3.90628E-03,2.670307E-04,-2.33333E-03
2.821411,-2.983108E-03,5.569495E-04,6.66667E-04
2.822411,-2.32698E-03,6.256141E-04,-.001
2.823412,-2.120987E-03,6.63761E-04,-.002
2.824412,-1.747139E-03,5.035438E-04,-6.66667E-04
2.825413,-1.85395E-03,2.975482E-04,-6.66667E-04
2.826413,-2.014175E-03,4.196186E-04,-.001
2.827414,-1.800545E-03,4.043598E-04,2.33333E-03
2.828414,-1.495369E-03,5.111732E-04,-.001
2.829415,-1.449592E-03,5.493201E-04,-.002
2.830415,-1.525886E-03,1.449594E-04,-6.66667E-04
2.831416,-1.373298E-03,-3.051781E-05,-6.66667E-04
2.832416,-1.243599E-03,-5.340599E-05,-6.66667E-04
2.833417,-1.136787E-03,4.043598E-04,6.66667E-04
2.834417,-9.460486E-04,4.88285E-04,.001
2.835418,-5.950965E-04,4.730243E-04,-.002
2.836418,-5.340613E-04,3.12807E-04,-.001
2.837419,-5.874671E-04,5.340613E-04,-.001
2.838419,-8.773841E-04,2.517719E-04,.002
2.83942,-9.155311E-04,3.12807E-04,-2.33333E-03
2.84042,-9.841993E-04,7.247962E-04,-.001
2.841421,-1.060493E-03,5.950965E-04,-6.66667E-04
2.842421,-1.373298E-03,5.111732E-04,-.001
2.843422,-1.876839E-03,5.798377E-04,-.001
2.844422,-2.304092E-03,4.348774E-04,-.004
2.845423,-2.32698E-03,2.594013E-04,-6.66667E-04
2.846423,-2.33461E-03,5.340613E-04,-6.66667E-04
2.847424,-2.265945E-03,6.713904E-04,-6.66667E-04
2.848424,-2.296463E-03,4.196186E-04,-6.66667E-04
2.849425,-2.166763E-03,2.746601E-04,-.002
2.850425,-2.006546E-03,4.348774E-04,-6.66667E-04
2.851426,-1.85395E-03,3.814716E-04,-.001
2.852426,-1.785286E-03,3.967304E-04,-6.66667E-04
2.853427,-1.73188E-03,2.975482E-04,.002
2.854427,-1.571663E-03,3.662128E-04,-.002
2.855428,-1.815803E-03,5.264319E-04,-.001
2.856428,-1.678474E-03,5.569495E-04,-6.66667E-04
2.857429,-1.693733E-03,4.730243E-04,-.002
2.858429,-1.73188E-03,3.814716E-04,-.002
2.85943,-1.625068E-03,7.324256E-04,.001
2.86043,-1.502998E-03,2.670307E-04,6.66667E-04
2.861431,-1.716621E-03,-1.75477E-04,.002
2.862431,-1.693733E-03,-3.204364E-04,.001
2.863432,-1.899727E-03,-1.983652E-04,-.001
2.864432,-2.113357E-03,1.75477E-04,-.002
2.865433,-1.976028E-03,3.50954E-04,.002
2.866433,-2.212539E-03,6.332435E-04,-.001
2.867434,-2.380386E-03,5.874671E-04,-.001
2.868434,-2.395645E-03,8.316077E-04,.001
2.869435,-2.487198E-03,5.950965E-04,-.001
2.870435,-2.616897E-03,5.416907E-04,-.002
2.871436,-3.105178E-03,4.196186E-04,-.002
2.872436,-3.295913E-03,1.06812E-04,.001
2.873437,-3.807083E-03,-2.28883E-05,-2.33333E-03
2.874437,-4.570037E-03,3.051781E-05,-.001
2.875438,-6.271392E-03,2.059946E-04,-6.66667E-04
2.876438,-7.980406E-03,-1.831064E-04,-2.33333E-03
2.877439,-1.069647E-02,0,-6.66667E-04
2.878439,-1.420599E-02,1.525891E-05,-.001
2.87944,-1.832592E-02,-4.730243E-04,.001
2.88044,-2.310956E-02,-1.258858E-03,-.001
2.881441,-2.794659E-02,-1.73188E-03,-.001
2.882441,-3.398919E-02,-2.288833E-03,-2.33333E-03
2.883442,-4.086328E-02,-3.486648E-03,-.002
2.884442,-4.731011E-02,-4.432708E-03,-.001
2.885443,-5.210137E-02,-4.806548E-03,.001
2.886443,-5.503869E-02,-5.111724E-03,2.33333E-03
2.887444,-5.593896E-02,-4.859954E-03,6.66667E-04
2.888444,-5.427575E-02,-4.394561E-03,6.66667E-04
2.889445,-5.070519E-02,-3.524795E-03,6.66667E-04
2.890445,-4.500604E-02,-3.021255E-03,-.001
2.891446,-3.920007E-02,-2.723709E-03,-6.66667E-04
2.892446,-3.299737E-02,-1.998916E-03,-2.33333E-03
2.893447,-2.707684E-02,-1.060493E-03,-.001
2.894447,-2.176678E-02,-5.645789E-04,-.001
2.895448,-1.710522E-02,-1.678476E-04,.001
2.896448,-1.306158E-02,-6.103562E-05,-.004
2.897449,-1.016241E-02,4.88285E-04,-.001
2.898449,-8.255064E-03,7.858314E-04,-6.66667E-04
2.89945,-7.43106E-03,6.256141E-04,.001
2.90045,-6.538421E-03,6.256141E-04,6.66667E-04
2.901451,-5.836517E-03,9.918259E-05,-6.66667E-04
2.902451,-5.432159E-03,1.06812E-04,-6.66667E-04
2.903452,-5.096465E-03,7.171668E-04,-6.66667E-04
2.904452,-4.875213E-03,9.994581E-04,-2.33333E-03
2.905453,-4.829437E-03,7.78202E-04,-6.66667E-04
2.906453,-4.379302E-03,7.78202E-04,-6.66667E-04
2.907454,-3.814712E-03,9.918287E-04,.001
2.908454,-3.860489E-03,9.307899E-04,-6.66667E-04
2.909455,-3.71553E-03,9.002723E-04,.001
2.910455,-3.59346E-03,7.858314E-04,.001
2.911456,-3.59346E-03,7.324256E-04,-.002
2.912456,-2.975479E-03,9.231605E-04,-.002
2.913457,-2.784744E-03,8.316077E-04,.001
2.914457,-2.655044E-03,8.926429E-04,6.66667E-04
2.915458,-2.113357E-03,6.179847E-04,-6.66667E-04
2.916458,-2.067581E-03,7.324256E-04,2.33333E-03
2.917459,-1.983657E-03,9.460486E-04,-.001
2.918459,-1.838692E-03,6.942786E-04,-.001
2.91946,-2.044693E-03,7.247962E-04,-6.66667E-04
2.92046,-2.426162E-03,5.569495E-04,6.66667E-04
2.921461,-2.418533E-03,6.866492E-04,6.66667E-04
2.922461,-2.700821E-03,6.027259E-04,.002
2.923462,-3.59346E-03,5.722083E-04,-.001
2.924462,-3.791824E-03,6.713904E-04,-3.66667E-03
2.925463,-3.707901E-03,3.12807E-04,-.001
2.926463,-4.173309E-03,2.212534E-04,-.002
2.927464,-4.447967E-03,4.57766E-05,-.002
2.928464,-5.554229E-03,3.662128E-04,-.002
2.929465,-6.698638E-03,6.256141E-04,-.002
2.930465,-7.881224E-03,7.40055E-04,6.66667E-04
2.931466,-9.735167E-03,3.280658E-04,6.66667E-04
2.932466,-1.177222E-02,-1.297006E-04,-.001
2.933467,-1.466376E-02,-4.27248E-04,-.001
2.934467,-1.859295E-02,-8.697547E-04,-.001
2.935468,-2.346051E-02,-1.190193E-03,6.66667E-04
2.936468,-2.859509E-02,-1.884468E-03,.002
2.937469,-3.413415E-02,-2.372757E-03,.001
2.938469,-4.041314E-02,-2.937332E-03,-.001
2.93947,-4.754663E-02,-4.425079E-03,-6.66667E-04
2.94047,-5.428338E-02,-5.394012E-03,-6.66667E-04
2.941471,-6.021905E-02,-6.149322E-03,.002
2.942471,-6.418657E-02,-6.820709E-03,.001
2.943472,-6.586504E-02,-7.118255E-03,-.001
2.944472,-6.547594E-02,-6.752044E-03,-6.66667E-04
2.945473,-.0632863,-6.179839E-03,-2.33333E-03
2.946473,-5.946374E-02,-5.615264E-03,6.66667E-04
2.947474,-5.413842E-02,-4.882842E-03,.002
2.948474,-4.750848E-02,-3.59346E-03,.001
2.949475,-4.015374E-02,-2.296463E-03,-6.66667E-04
2.950475,-3.327966E-02,-1.304634E-03,6.66667E-04
2.951476,-2.713025E-02,-2.441425E-04,.001
2.952476,-2.162182E-02,3.051776E-04,-.002
2.953477,-1.735699E-02,4.196186E-04,-6.66667E-04
2.954477,-1.380163E-02,4.501361E-04,-6.66667E-04
2.955478,-1.136023E-02,4.348774E-04,6.66667E-04
2.956478,-9.483397E-03,5.035438E-04,6.66667E-04
2.957479,-8.102477E-03,7.171668E-04,.002
2.958479,-6.515533E-03,6.408729E-04,6.66667E-04
2.95948,-5.371124E-03,7.324256E-04,-6.66667E-04
2.96048,-4.638702E-03,8.010902E-04,-.001
2.961481,-4.058868E-03,9.689368E-04,-.001
2.962481,-3.677383E-03,4.959144E-04,2.33333E-03
2.963482,-3.448501E-03,4.806537E-04,.001
2.964482,-2.746597E-03,7.40055E-04,-6.66667E-04
2.965483,-2.136245E-03,7.095374E-04,6.66667E-04
2.966483,-2.098098E-03,1.907358E-04,6.66667E-04
2.967484,-2.32698E-03,1.983652E-04,-2.33333E-03
2.968484,-2.166763E-03,4.653949E-04,.001
2.969485,-2.433792E-03,5.188026E-04,2.33333E-03
2.970485,-2.723709E-03,5.874671E-04,.001
2.971486,-2.853408E-03,4.730243E-04,-6.66667E-04
2.972486,-2.738968E-03,2.517719E-04,.001
2.973487,-2.716079E-03,6.027259E-04,-.001
2.974487,-3.257766E-03,7.553138E-04,-6.66667E-04
2.975488,-3.707901E-03,7.705726E-04,6.66667E-04
2.976488,-3.417984E-03,1.029976E-03,.002
2.977489,-3.227249E-03,1.113899E-03,6.66667E-04
2.978489,-3.105178E-03,1.083381E-03,-.001
2.97949,-3.028885E-03,9.460486E-04,6.66667E-04
2.98049,-3.128067E-03,8.621253E-04,.002
2.981491,-3.028885E-03,5.798377E-04,.001
2.982491,-2.975479E-03,5.111732E-04,-.001
2.983492,-2.746597E-03,7.476844E-04,-6.66667E-04
2.984492,-2.563491E-03,7.476844E-04,-6.66667E-04
2.985493,-2.632156E-03,7.171668E-04,-.001
2.986493,-2.731338E-03,5.874671E-04,-2.33333E-03
2.987494,-2.45668E-03,7.40055E-04,-6.66667E-04
2.988494,-2.143875E-03,5.950965E-04,-6.66667E-04
2.989495,-2.044693E-03,4.730243E-04,-.001
2.990495,-2.006546E-03,3.356952E-04,-.002
2.991496,-2.304092E-03,6.103553E-04,-6.66667E-04
2.992496,-2.388015E-03,1.220712E-04,-6.66667E-04
2.993497,-2.273574E-03,-2.288828E-04,-.002
2.994497,-2.746597E-03,-2.670307E-04,-6.66667E-04
2.995498,-2.891555E-03,-7.629441E-05,.002
2.996498,-2.754226E-03,-7.629441E-05,-6.66667E-04
2.997499,-2.655044E-03,4.57766E-05,6.66667E-04
2.998499,-2.815261E-03,3.12807E-04,.001
2.9995,-3.242508E-03,3.967304E-04,-.002
3.0005,-3.891006E-03,1.297006E-04,.001
3.001501,-4.638702E-03,1.75477E-04,-.002
3.002501,-5.317718E-03,6.790198E-04,-6.66667E-04
3.003502,-5.889922E-03,5.798377E-04,-.001
3.004502,-6.79782E-03,7.934608E-04,-.001
3.005503,-8.06433E-03,1.045235E-03,6.66667E-04
3.006503,-9.132445E-03,8.010902E-04,-.002
3.007504,-9.796202E-03,4.425067E-04,.001
3.008504,-1.041418E-02,3.967304E-04,-.001
3.009505,-1.036078E-02,4.959144E-04,-.002
3.010505,-1.029211E-02,4.425067E-04,.001
3.011506,-9.994566E-03,3.356952E-04,-3.66667E-03
3.012506,-9.903014E-03,3.12807E-04,-.002
3.013507,-9.384215E-03,2.822895E-04,-.001
3.014507,-8.445799E-03,6.103562E-05,-6.66667E-04
3.015508,-7.583648E-03,4.730243E-04,.001
3.016508,-6.362945E-03,5.035438E-04,-.001
3.017509,-5.485564E-03,3.585834E-04,-.001
3.018509,-4.325897E-03,-3.814721E-05,-6.66667E-04
3.01951,-3.570572E-03,-9.918259E-05,-.002
3.02051,-3.265396E-03,-9.15532E-05,-.002
3.021511,-2.990738E-03,-1.220712E-04,-6.66667E-04
3.022511,-2.746597E-03,1.3733E-04,-.002
3.023512,-2.471939E-03,3.12807E-04,-6.66667E-04
3.024512,-2.403274E-03,3.89101E-04,6.66667E-04
3.025513,-2.449051E-03,5.950965E-04,6.66667E-04
3.026513,-1.960769E-03,6.103553E-04,-.001
3.027514,-1.663215E-03,5.798377E-04,-6.66667E-04
3.028514,-1.365669E-03,2.975482E-04,-2.33333E-03
3.029515,-1.243599E-03,4.196186E-04,-.001
3.030515,-1.243599E-03,4.959144E-04,-6.66667E-04
3.031516,-1.10627E-03,6.027259E-04,-6.66667E-04
3.032516,-1.121528E-03,7.858314E-04,-6.66667E-04
3.033517,-1.113899E-03,7.858314E-04,-.002
3.034517,-1.167305E-03,6.790198E-04,6.66667E-04
3.035518,-1.022346E-03,7.324256E-04,-.001
3.036518,-1.113899E-03,7.553138E-04,.001
3.037519,-1.243599E-03,6.179847E-04,-6.66667E-04
3.038519,-1.220711E-03,4.959144E-04,6.66667E-04
3.03952,-1.220711E-03,3.967304E-04,.001
3.04052,-1.281746E-03,3.12807E-04,-6.66667E-04
3.041521,-1.297005E-03,5.188026E-04,-6.66667E-04
3.042521,-1.640327E-03,7.324256E-04,-6.66667E-04
3.043522,-2.136245E-03,8.239783E-04,6.66667E-04
3.044522,-2.059951E-03,6.561317E-04,-6.66667E-04
3.045523,-1.945503E-03,5.874671E-04,.001
3.046523,-2.594009E-03,6.790198E-04,-6.66667E-04
3.047524,-3.074661E-03,9.7657E-04,-.001
3.048524,-3.433242E-03,5.798377E-04,-.002
3.049525,-4.066497E-03,1.525888E-04,-6.66667E-04
3.050525,-4.974395E-03,9.15532E-05,-6.66667E-04
3.051526,-6.446868E-03,-6.103562E-05,-2.33333E-03
3.052526,-.0078049,2.059946E-04,6.66667E-04
3.053527,-9.231627E-03,1.678476E-04,6.66667E-04
3.054527,-1.037604E-02,-5.340599E-05,6.66667E-04
3.055528,-1.199347E-02,-4.806537E-04,-.001
3.056528,-1.402289E-02,-4.806537E-04,-2.33333E-03
3.057529,-1.564801E-02,-6.332435E-04,6.66667E-04
3.058529,-1.687634E-02,-5.340613E-04,-.002
3.05953,-1.748669E-02,-5.035438E-04,-6.66667E-04
3.06053,-1.760113E-02,-2.594013E-04,.001
3.061531,-1.706707E-02,3.814721E-05,.001
3.062531,-1.643384E-02,2.517719E-04,.001
3.063532,-1.538855E-02,4.043598E-04,-.001
3.064532,-1.360327E-02,7.324256E-04,-6.66667E-04
3.065533,-.0114823,1.091011E-03,.002
3.066533,-9.147704E-03,9.460486E-04,6.66667E-04
3.067534,-7.438689E-03,1.129158E-03,6.66667E-04
3.068534,-6.034881E-03,1.205452E-03,.001
3.069535,-4.806548E-03,1.10627E-03,-.001
3.070535,-3.700271E-03,7.934608E-04,6.66667E-04
3.071536,-2.96022E-03,1.052864E-03,-6.66667E-04
3.072536,-2.632156E-03,1.083381E-03,.001
3.073537,-2.273574E-03,8.926429E-04,6.66667E-04
3.074537,-1.632698E-03,7.01908E-04,-2.33333E-03
3.075538,-1.144417E-03,6.63761E-04,-6.66667E-04
3.076538,-1.167305E-03,6.179847E-04,-.001
3.077539,-1.571663E-03,2.365122E-04,-.001
3.078539,-1.289375E-03,4.27248E-04,6.66667E-04
3.07954,-9.841993E-04,5.035438E-04,-2.33333E-03
3.08054,-1.220711E-03,3.433246E-04,-6.66667E-04
3.081541,-1.266487E-03,3.12807E-04,2.33333E-03
3.082541,-1.411445E-03,6.408729E-04,-.001
3.083542,-1.167305E-03,3.89101E-04,6.66667E-04
3.084542,-1.083381E-03,9.918259E-05,-.001
3.085543,-7.934608E-04,2.441425E-04,-.002
3.086543,-1.060493E-03,3.433246E-04,6.66667E-04
3.087544,-9.307899E-04,7.934608E-04,-.002
3.088544,-6.63761E-04,8.926429E-04,6.66667E-04
3.089545,-7.934608E-04,5.569495E-04,6.66667E-04
3.090545,-9.7657E-04,2.517719E-04,-.001
3.091546,-1.10627E-03,-5.340599E-05,-6.66667E-04
3.092546,-1.365669E-03,-1.144414E-04,-.001
3.093547,-1.426704E-03,2.28883E-05,6.66667E-04
3.094547,-1.785286E-03,1.144414E-04,-2.33333E-03
3.095548,-1.373298E-03,3.051776E-04,-6.66667E-04
3.096548,-1.068123E-03,3.967304E-04,.001
3.097549,-6.63761E-04,-2.28883E-05,-6.66667E-04
3.098549,-5.722083E-04,-8.392381E-05,-.001
3.09955,-4.501361E-04,9.15532E-05,-6.66667E-04
3.10055,-6.790198E-04,3.814721E-05,6.66667E-04
3.101551,-9.079017E-04,-1.525891E-05,-.002
3.102551,-1.35041E-03,9.15532E-05,6.66667E-04
3.103552,-1.464851E-03,1.449594E-04,-.002
3.104552,-1.48011E-03,3.738422E-04,-.002
3.105553,-1.007088E-03,4.348774E-04,.001
3.106553,-1.136787E-03,3.12807E-04,-6.66667E-04
3.107554,-1.373298E-03,-6.866502E-05,-.001
3.108554,-1.091011E-03,-8.392381E-05,-6.66667E-04
3.109555,-1.029976E-03,1.75477E-04,-.001
3.110555,-9.841993E-04,1.06812E-04,-6.66667E-04
3.111556,-9.155311E-04,3.051776E-04,-6.66667E-04
3.112556,-9.689368E-04,4.653949E-04,-.002
3.113557,-1.274116E-03,7.324256E-04,-.001
3.114557,-1.312263E-03,9.231605E-04,-3.66667E-03
3.115558,-8.163489E-04,1.068123E-03,.002
3.116558,-5.569495E-04,7.858314E-04,6.66667E-04
3.117559,-2.899189E-04,2.288828E-04,6.66667E-04
3.118559,-5.340613E-04,2.975482E-04,.002
3.11956,-9.002723E-04,3.12807E-04,-6.66667E-04
3.12056,-6.256141E-04,1.907358E-04,-6.66667E-04
3.121561,-2.822895E-04,2.594013E-04,.001
3.122561,-2.059946E-04,2.975482E-04,-.001
3.123562,-5.722083E-04,4.196186E-04,-.002
3.124562,-7.553138E-04,4.653949E-04,-6.66667E-04
3.125563,-7.40055E-04,4.653949E-04,-.001
3.126563,-7.858314E-04,2.059946E-04,6.66667E-04
3.127564,-5.416907E-04,3.356952E-04,-6.66667E-04
3.128564,-3.662128E-04,4.196186E-04,-.001
3.129565,-4.653949E-04,3.12807E-04,-.001
3.130565,-5.111732E-04,2.975482E-04,-.001
3.131566,-5.874671E-04,1.297006E-04,-.001
3.132566,-8.468665E-04,1.06812E-04,.001
3.133567,-9.307899E-04,4.57766E-05,6.66667E-04
3.134567,-6.63761E-04,2.441425E-04,6.66667E-04
3.135568,-8.010902E-04,6.103553E-04,-6.66667E-04
3.136568,-1.167305E-03,3.433246E-04,-.001
3.137569,-9.918287E-04,6.866502E-05,-.002
3.138569,-1.10627E-03,2.441425E-04,-.002
3.13957,-7.78202E-04,4.425067E-04,-.002
3.14057,-9.994581E-04,3.967304E-04,.001
3.141571,-1.060493E-03,4.88285E-04,-.002
3.142571,-1.281746E-03,5.416907E-04,.002
3.143572,-1.502998E-03,2.975482E-04,-.002
3.144572,-2.067581E-03,4.730243E-04,-.001
3.145573,-3.417984E-03,4.577655E-04,-.002
3.146573,-4.646331E-03,2.28883E-05,-.001
3.147574,-5.973846E-03,-4.57766E-05,-6.66667E-04
3.148574,-7.476836E-03,1.983652E-04,-3.66667E-03
3.149575,-9.758055E-03,1.907358E-04,-6.66667E-04
3.150575,-1.342779E-02,3.12807E-04,6.66667E-04
3.151576,-1.845562E-02,6.866502E-05,-.001
3.152576,-2.286541E-02,-2.670307E-04,-.001
3.153577,-.0254823,-4.806537E-04,6.66667E-04
3.154577,-2.680981E-02,-6.942786E-04,-.001
3.155578,-2.680218E-02,-8.468665E-04,.001
3.156578,-2.542126E-02,-5.950965E-04,.001
3.157579,-2.185071E-02,-3.051776E-04,-2.33333E-03
3.158579,-1.771557E-02,3.12807E-04,-6.66667E-04
3.15958,-1.390082E-02,6.790198E-04,-.002
3.16058,-1.053625E-02,9.231605E-04,6.66667E-04
3.161581,-7.56076E-03,4.196186E-04,-.001
3.162581,-5.767852E-03,4.501361E-04,6.66667E-04
3.163582,-4.40219E-03,5.188026E-04,-.002
3.164582,-3.189102E-03,6.408729E-04,6.66667E-04
3.165583,-2.571121E-03,6.256141E-04,6.66667E-04
3.166583,-1.678474E-03,6.485023E-04,-6.66667E-04
3.167584,-1.014717E-03,7.934608E-04,-6.66667E-04
3.168584,-5.874671E-04,6.332435E-04,-6.66667E-04
3.169585,-3.967304E-04,3.738422E-04,-6.66667E-04
3.170585,-5.874671E-04,5.340613E-04,-.001
3.171586,-5.569495E-04,5.340599E-05,.001
3.172586,-6.866492E-04,0,-6.66667E-04
3.173587,-7.40055E-04,3.50954E-04,-2.33333E-03
3.174587,-7.01908E-04,2.594013E-04,-.002
3.175588,-6.332435E-04,1.144414E-04,6.66667E-04
3.176588,-2.899189E-04,2.13624E-04,-6.66667E-04
3.177589,6.866502E-05,8.392381E-05,6.66667E-04
3.178589,1.3733E-04,-1.75477E-04,-.001
3.17959,2.517719E-04,1.525888E-04,-.002
3.18059,-3.051781E-05,2.670307E-04,-6.66667E-04
3.181591,-1.602182E-04,2.975482E-04,-3.66667E-03
3.182591,-2.899189E-04,9.918259E-05,-.002
3.183592,-5.340613E-04,3.967304E-04,-6.66667E-04
3.184592,-3.051781E-05,2.822895E-04,6.66667E-04
3.185593,3.738422E-04,4.57766E-05,-6.66667E-04
3.186593,-7.629441E-05,2.594013E-04,-.001
3.187594,-7.629441E-05,2.059946E-04,-6.66667E-04
3.188594,-5.035438E-04,2.13624E-04,-.001
3.189595,-7.171668E-04,1.75477E-04,-.001
3.190595,-6.408729E-04,1.831064E-04,2.33333E-03
3.191596,-4.119892E-04,-1.983652E-04,-.001
3.192596,-1.831064E-04,-1.678476E-04,-6.66667E-04
3.193597,-2.288828E-04,2.594013E-04,-6.66667E-04
3.194597,-4.806537E-04,3.356952E-04,.002
3.195598,-3.50954E-04,2.594013E-04,6.66667E-04
3.196598,1.75477E-04,3.50954E-04,-6.66667E-04
3.197599,0,3.12807E-04,-.002
3.198599,-1.907358E-04,1.678476E-04,-6.66667E-04
3.1996,-3.280658E-04,1.449594E-04,.002
3.2006,-3.433246E-04,8.392381E-05,-6.66667E-04
3.201601,-1.525888E-04,1.75477E-04,6.66667E-04
3.202601,-6.866502E-05,1.525891E-05,-.001
3.203602,-2.13624E-04,4.27248E-04,-.004
3.204602,-3.051776E-04,1.014717E-03,-2.33333E-03
3.205603,-5.264319E-04,1.121528E-03,6.66667E-04
3.206603,-4.730243E-04,8.468665E-04,-.001
3.207604,-3.204364E-04,2.670307E-04,-.002
3.208604,-2.975482E-04,2.746601E-04,-6.66667E-04
3.209605,-1.06812E-04,6.256141E-04,-.002
3.210605,-6.103562E-05,8.087195E-04,-.002
3.211606,-3.356952E-04,5.264319E-04,-6.66667E-04
3.212606,-6.485023E-04,4.730243E-04,-6.66667E-04
3.213607,-5.035438E-04,5.722083E-04,6.66667E-04
3.214607,-3.662128E-04,2.059946E-04,3.66667E-03
3.215608,-5.035438E-04,1.297006E-04,-6.66667E-04
3.216608,-6.866492E-04,7.629453E-06,-.002
3.217609,-7.247962E-04,-1.983652E-04,-6.66667E-04
3.218609,-4.806537E-04,-2.670307E-04,.001
3.21961,-2.365122E-04,4.57766E-05,-6.66667E-04
3.22061,-2.670307E-04,6.866502E-05,-6.66667E-04
3.221611,-3.12807E-04,2.594013E-04,-.002
3.222611,-3.89101E-04,2.28883E-05,-.002
3.223612,7.629453E-06,1.831064E-04,6.66667E-04
3.224612,2.28883E-05,4.653949E-04,-6.66667E-04
3.225613,-4.27248E-04,3.356952E-04,-.001
3.226614,-4.348774E-04,-3.051781E-05,-6.66667E-04
3.227614,-3.738422E-04,-2.13624E-04,6.66667E-04
3.228614,-7.324256E-04,-3.051781E-05,-6.66667E-04
3.229615,-6.942786E-04,3.50954E-04,-6.66667E-04
3.230615,-5.798377E-04,6.63761E-04,-.001
3.231616,-2.746601E-04,3.204364E-04,-6.66667E-04
3.232616,-1.75477E-04,1.831064E-04,-2.33333E-03
3.233617,-1.983652E-04,2.975482E-04,-.001
3.234617,-3.051776E-04,6.408729E-04,-.001
3.235618,-9.918259E-05,6.332435E-04,-2.33333E-03
3.236619,-3.433246E-04,2.365122E-04,.001
3.237619,-2.517719E-04,1.297006E-04,-6.66667E-04
3.238619,-2.441425E-04,1.75477E-04,6.66667E-04
3.23962,-3.738422E-04,-1.449594E-04,-6.66667E-04
3.24062,7.629441E-05,-5.340599E-05,-2.33333E-03
3.241621,3.12807E-04,-7.629441E-05,.001
3.242621,9.918259E-05,-3.204364E-04,6.66667E-04
3.243622,-9.918259E-05,-2.899189E-04,-.002
3.244622,4.57766E-05,-2.212534E-04,-6.66667E-04
3.245623,-3.814721E-05,-2.059946E-04,.001
3.246624,-1.525891E-05,-2.670307E-04,.001
3.247624,5.340599E-05,-2.13624E-04,-6.66667E-04
3.248624,4.57766E-05,2.822895E-04,.001
3.249625,0,4.348774E-04,-6.66667E-04
3.250625,3.814721E-05,1.3733E-04,-.002
3.251626,1.220712E-04,1.75477E-04,-.002
3.252626,1.831064E-04,1.602182E-04,-6.66667E-04
3.253627,-1.220712E-04,2.13624E-04,-.001
3.254627,-8.392381E-05,2.822895E-04,.001
3.255628,-3.814721E-05,-1.449594E-04,.002
3.256629,3.12807E-04,-2.288828E-04,-6.66667E-04
3.257629,4.730243E-04,1.75477E-04,-6.66667E-04
3.258629,6.256141E-04,3.967304E-04,-3.66667E-03
3.25963,5.950965E-04,3.280658E-04,-.002
3.26063,5.188026E-04,2.212534E-04,-.002
3.261631,-6.103562E-05,3.12807E-04,-.002
3.262631,-2.746601E-04,5.264319E-04,.001
3.263632,-2.594013E-04,4.196186E-04,-6.66667E-04
3.264632,-1.831064E-04,-5.340599E-05,-6.66667E-04
3.265633,-2.13624E-04,-3.814716E-04,-.002
3.266634,-2.517719E-04,1.297006E-04,-6.66667E-04
3.267634,-3.204364E-04,6.256141E-04,.002
3.268634,-4.043598E-04,5.264319E-04,-6.66667E-04
3.269635,-3.356952E-04,4.425067E-04,2.33333E-03
3.270635,-2.288828E-04,3.738422E-04,6.66667E-04
3.271636,3.814721E-05,2.670307E-04,-.001
3.272636,1.983652E-04,4.043598E-04,-6.66667E-04
3.273637,1.144414E-04,1.907358E-04,-6.66667E-04
3.274637,-3.814721E-05,1.602182E-04,6.66667E-04
3.275638,-2.670307E-04,2.594013E-04,-2.33333E-03
3.276639,2.28883E-05,5.035438E-04,.001
3.277639,-6.866502E-05,6.103553E-04,-.002
3.278639,-1.144414E-04,2.594013E-04,6.66667E-04
3.27964,-1.907358E-04,1.06812E-04,-6.66667E-04
3.28064,-1.525888E-04,8.392381E-05,-.002
3.281641,-1.831064E-04,-6.103562E-05,-6.66667E-04
3.282641,-1.983652E-04,9.918259E-05,.001
3.283642,-1.06812E-04,2.212534E-04,-2.33333E-03
3.284642,-3.051781E-05,3.585834E-04,-6.66667E-04
3.285643,-1.06812E-04,3.738422E-04,.001
3.286644,-3.051781E-05,3.89101E-04,-6.66667E-04
3.287644,4.27248E-04,6.866502E-05,-.001
3.288644,-1.06812E-04,-3.204364E-04,-6.66667E-04
3.289645,-4.348774E-04,-2.365122E-04,6.66667E-04
3.290645,-2.13624E-04,-1.06812E-04,2.33333E-03
3.291646,-2.059946E-04,9.15532E-05,.001
3.292646,-3.356952E-04,3.967304E-04,6.66667E-04
3.293647,-4.806537E-04,4.196186E-04,-6.66667E-04
3.294647,-3.585834E-04,3.433246E-04,-.001
3.295648,-9.918259E-05,2.517719E-04,-6.66667E-04
3.296649,7.629453E-06,7.629441E-05,-.001
3.297649,-1.678476E-04,1.831064E-04,-6.66667E-04
3.298649,-4.119892E-04,1.983652E-04,-6.66667E-04
3.29965,-4.27248E-04,3.12807E-04,6.66667E-04
3.30065,-3.280658E-04,3.967304E-04,-6.66667E-04
3.301651,1.297006E-04,1.907358E-04,-.001
3.302651,1.678476E-04,-3.814721E-05,.001
3.303652,4.196186E-04,3.738422E-04,-.001
3.304652,5.950965E-04,4.653949E-04,-.001
3.305653,3.814716E-04,5.188026E-04,.001
3.306653,-1.297006E-04,4.425067E-04,.002
3.307654,-7.629453E-06,2.059946E-04,6.66667E-04
3.308654,3.356952E-04,2.288828E-04,.001
3.309655,3.814721E-05,3.433246E-04,.001
3.310655,-3.051781E-05,6.866502E-05,-3.66667E-03
3.311656,-4.577655E-04,-4.57766E-05,-6.66667E-04
3.312656,-3.738422E-04,1.75477E-04,.002
3.313657,-3.814721E-05,2.594013E-04,.002
3.314657,3.12807E-04,5.493201E-04,-6.66667E-04
3.315658,1.297006E-04,7.095374E-04,6.66667E-04
3.316658,0,3.051776E-04,-.002
3.317659,3.280658E-04,1.75477E-04,-.001
3.318659,3.12807E-04,-5.340599E-05,-.001
3.31966,3.967304E-04,-3.051776E-04,-.001
3.32066,6.942786E-04,-1.75477E-04,-.002
3.321661,4.730243E-04,-3.814721E-05,-.002
3.322661,3.051781E-05,1.525888E-04,-6.66667E-04
3.323662,0,2.28883E-05,6.66667E-04
3.324662,-1.297006E-04,-1.449594E-04,.001
3.325663,-1.220712E-04,-1.907358E-04,-6.66667E-04
3.326663,-4.27248E-04,2.059946E-04,.002
3.327664,-2.899189E-04,2.212534E-04,6.66667E-04
3.328664,-1.525891E-05,-9.15532E-05,3.66667E-03
3.329665,-1.602182E-04,-9.918259E-05,-6.66667E-04
3.330665,9.918259E-05,-2.288828E-04,.001
3.331666,5.645789E-04,-3.204364E-04,-6.66667E-04
3.332666,6.942786E-04,-1.3733E-04,-.001
3.333667,4.959144E-04,-3.433246E-04,-.001
3.334667,1.678476E-04,-2.670307E-04,.001
3.335668,-8.392381E-05,-2.28883E-05,-.001
3.336668,4.57766E-05,0,-.001
3.337669,2.28883E-05,-2.28883E-05,-.001
3.338669,-2.670307E-04,2.517719E-04,-.002
3.33967,-2.822895E-04,3.967304E-04,-6.66667E-04
3.34067,-1.297006E-04,4.730243E-04,-6.66667E-04
3.341671,-7.629441E-05,1.907358E-04,-.001
3.342671,2.28883E-05,3.814721E-05,-6.66667E-04
3.343672,-1.983652E-04,2.594013E-04,-.002
3.344672,-2.441425E-04,1.06812E-04,6.66667E-04
3.345673,2.28883E-05,-1.449594E-04,-6.66667E-04
3.346673,9.918259E-05,-5.340599E-05,-.001
3.347674,-2.517719E-04,2.746601E-04,-.001
3.348674,-2.13624E-04,1.75477E-04,-.002
3.349675,-7.629441E-05,2.746601E-04,6.66667E-04
3.350675,2.059946E-04,4.348774E-04,6.66667E-04
3.351676,5.798377E-04,5.111732E-04,-.001
3.352676,6.103553E-04,3.204364E-04,-6.66667E-04
3.353677,1.831064E-04,2.13624E-04,-6.66667E-04
3.354677,1.449594E-04,1.297006E-04,-.002
3.355678,-4.57766E-05,2.517719E-04,6.66667E-04
3.356678,-3.50954E-04,-2.365122E-04,6.66667E-04
3.357679,-2.441425E-04,-3.204364E-04,-.002
3.358679,-3.280658E-04,-3.204364E-04,-3.66667E-03
3.35968,-5.340599E-05,-1.602182E-04,-.001
3.36068,3.738422E-04,-3.814721E-05,.001
3.361681,4.196186E-04,-6.866502E-05,6.66667E-04
3.362681,2.288828E-04,8.392381E-05,-.001
3.363682,5.340613E-04,1.525888E-04,-6.66667E-04
3.364682,5.798377E-04,-2.28883E-05,-.001
3.365683,6.408729E-04,-1.602182E-04,6.66667E-04
3.366683,2.899189E-04,2.288828E-04,-.001
3.367684,-1.297006E-04,2.13624E-04,-.002
3.368684,4.57766E-05,4.196186E-04,-.001
3.369685,1.220712E-04,6.103562E-05,-.001
3.370685,2.28883E-05,-9.918259E-05,-.001
3.371686,-1.678476E-04,-3.585834E-04,2.33333E-03
3.372686,-5.035438E-04,-1.220712E-04,6.66667E-04
3.373687,-8.468665E-04,-3.585834E-04,-.002
3.374687,-7.476844E-04,-1.983652E-04,-.001
3.375688,-4.577655E-04,9.918259E-05,.001
3.376688,-5.188026E-04,1.75477E-04,6.66667E-04
3.377689,-5.264319E-04,1.525891E-05,-6.66667E-04
3.378689,-3.585834E-04,-2.28883E-05,-6.66667E-04
3.37969,-1.831064E-04,2.746601E-04,-6.66667E-04
3.38069,-3.814721E-05,4.043598E-04,-6.66667E-04
3.381691,-1.75477E-04,3.50954E-04,-6.66667E-04
3.382691,-3.814721E-05,1.06812E-04,-6.66667E-04
3.383692,-1.602182E-04,-9.918259E-05,-.001
3.384692,-4.196186E-04,1.678476E-04,-.001
3.385693,-6.027259E-04,3.12807E-04,-6.66667E-04
3.386693,-5.264319E-04,2.594013E-04,.002
3.387694,-3.814716E-04,1.831064E-04,-.002
3.388694,-1.525891E-05,1.75477E-04,-2.33333E-03
3.389695,4.57766E-05,8.392381E-05,-.001
3.390696,3.051776E-04,2.517719E-04,.002
3.391696,3.356952E-04,3.12807E-04,-6.66667E-04
3.392696,1.907358E-04,-7.629441E-05,-2.33333E-03
3.393697,-2.288828E-04,-5.340599E-05,6.66667E-04
3.394697,-8.392381E-05,-1.678476E-04,.001
3.395698,2.059946E-04,4.57766E-05,-6.66667E-04
3.396698,1.678476E-04,-1.449594E-04,-3.66667E-03
3.397699,3.662128E-04,-3.356952E-04,-.002
3.398699,5.264319E-04,0,.001
3.3997,-2.28883E-05,1.75477E-04,-.002
3.400701,9.15532E-05,2.288828E-04,-2.33333E-03
3.401701,3.356952E-04,1.3733E-04,-.001
3.402701,3.433246E-04,5.340599E-05,-6.66667E-04
3.403702,6.103562E-05,4.57766E-05,-6.66667E-04
3.404702,2.212534E-04,-6.866502E-05,6.66667E-04
3.405703,5.416907E-04,-9.918259E-05,6.66667E-04
3.406703,5.493201E-04,-2.670307E-04,-2.33333E-03
3.407704,2.059946E-04,8.392381E-05,-6.66667E-04
3.408704,2.28883E-05,1.525888E-04,.002
3.409705,-1.297006E-04,3.50954E-04,.001
3.410706,8.392381E-05,2.365122E-04,-2.33333E-03
3.411706,-3.051781E-05,1.678476E-04,-6.66667E-04
3.412706,1.220712E-04,-2.28883E-05,-2.33333E-03
3.413707,-4.57766E-05,-1.297006E-04,6.66667E-04
3.414707,1.144414E-04,1.525891E-05,.001
3.415708,-2.28883E-05,7.629441E-05,6.66667E-04
3.416708,-1.525891E-05,1.144414E-04,.001
3.417709,2.212534E-04,2.059946E-04,6.66667E-04
3.418709,1.678476E-04,0,.001
3.41971,7.629453E-06,1.907358E-04,.001
3.420711,-5.340599E-05,2.975482E-04,-6.66667E-04
3.421711,-5.340599E-05,-3.814721E-05,-3.66667E-03
3.422711,-4.57766E-05,1.449594E-04,6.66667E-04
3.423712,-3.356952E-04,1.907358E-04,.001
3.424712,-2.441425E-04,2.899189E-04,-6.66667E-04
3.425713,-2.594013E-04,5.188026E-04,-.001
3.426713,-1.06812E-04,8.087195E-04,6.66667E-04
3.427714,-3.051776E-04,6.63761E-04,.001
3.428714,-1.678476E-04,2.212534E-04,-6.66667E-04
3.429715,-3.356952E-04,-7.629453E-06,.001
3.430716,-1.525888E-04,-2.288828E-04,6.66667E-04
3.431716,1.602182E-04,-2.594013E-04,6.66667E-04
3.432716,9.918259E-05,4.57766E-05,-.001
3.433717,0,8.392381E-05,-6.66667E-04
3.434717,3.814721E-05,4.425067E-04,-6.66667E-04
3.435718,2.746601E-04,6.561317E-04,-6.66667E-04
3.436718,1.75477E-04,5.798377E-04,-6.66667E-04
3.437719,3.051781E-05,1.678476E-04,-.002
3.438719,4.57766E-05,9.15532E-05,-.002
3.43972,5.035438E-04,4.57766E-05,-6.66667E-04
3.440721,4.425067E-04,1.525888E-04,-.002
3.441721,3.50954E-04,3.433246E-04,.001
3.442721,1.525888E-04,3.89101E-04,6.66667E-04
3.443722,7.629453E-06,2.441425E-04,-6.66667E-04
3.444722,5.340599E-05,1.678476E-04,6.66667E-04
3.445723,-1.602182E-04,2.365122E-04,-6.66667E-04
3.446723,-1.602182E-04,0,.001
3.447724,-2.746601E-04,-1.06812E-04,6.66667E-04
3.448724,-5.722083E-04,2.28883E-05,-6.66667E-04
3.449725,-4.806537E-04,3.89101E-04,.001
3.450726,-5.340599E-05,6.027259E-04,.001
3.451726,7.629441E-05,3.051776E-04,-6.66667E-04
3.452726,-2.670307E-04,2.594013E-04,-6.66667E-04
3.453727,-5.340613E-04,-1.06812E-04,-.001
3.454727,-3.89101E-04,4.57766E-05,-.001
3.455728,-9.15532E-05,1.983652E-04,6.66667E-04
3.456728,-3.280658E-04,6.103553E-04,6.66667E-04
3.457729,-3.12807E-04,4.653949E-04,-6.66667E-04
3.458729,-3.204364E-04,3.50954E-04,.001
3.45973,-3.280658E-04,4.88285E-04,6.66667E-04
3.460731,-8.392381E-05,5.493201E-04,-.001
3.461731,1.831064E-04,5.264319E-04,6.66667E-04
3.462731,2.288828E-04,5.874671E-04,-.001
3.463732,5.493201E-04,1.983652E-04,-6.66667E-04
3.464732,5.111732E-04,6.866502E-05,-.001
3.465733,6.103553E-04,5.340599E-05,6.66667E-04
3.466733,2.212534E-04,-1.525891E-05,-2.33333E-03
3.467734,-2.975482E-04,-4.57766E-05,6.66667E-04
3.468734,-8.392381E-05,2.28883E-05,-3.66667E-03
3.469735,-8.392381E-05,-2.212534E-04,6.66667E-04
3.470736,-2.059946E-04,-2.746601E-04,-2.33333E-03
3.471736,5.340599E-05,2.746601E-04,-.001
3.472736,4.959144E-04,6.332435E-04,-.001
3.473737,1.3733E-04,3.12807E-04,-6.66667E-04
3.474737,9.918259E-05,2.746601E-04,.001
3.475738,1.449594E-04,6.63761E-04,.002
3.476738,1.983652E-04,2.822895E-04,-2.33333E-03
3.477739,2.365122E-04,-9.15532E-05,-2.33333E-03
3.478739,1.220712E-04,-4.196186E-04,-.001
3.47974,1.06812E-04,-4.577655E-04,-.002
3.480741,3.12807E-04,-2.059946E-04,.001
3.481741,2.670307E-04,-8.392381E-05,-.002
3.482741,9.918259E-05,1.3733E-04,-6.66667E-04
3.483742,-7.629441E-05,1.449594E-04,-.001
3.484742,-2.517719E-04,3.12807E-04,6.66667E-04
3.485743,-2.13624E-04,2.059946E-04,-.001
3.486743,2.059946E-04,2.746601E-04,6.66667E-04
3.487744,2.365122E-04,2.288828E-04,-.001
3.488744,2.441425E-04,3.051781E-05,-6.66667E-04
3.489745,5.416907E-04,-2.365122E-04,-2.33333E-03
3.490746,3.585834E-04,-2.13624E-04,-.001
3.491746,1.602182E-04,-4.348774E-04,-6.66667E-04
3.492746,1.220712E-04,-4.196186E-04,-6.66667E-04
3.493747,1.907358E-04,-3.814716E-04,6.66667E-04
3.494747,1.525888E-04,-1.220712E-04,6.66667E-04
3.495748,5.340613E-04,1.75477E-04,-.002
3.496748,6.485023E-04,-7.629441E-05,-.001
3.497749,7.324256E-04,-4.27248E-04,.001
3.498749,5.035438E-04,-1.525888E-04,-.001
3.49975,4.119892E-04,4.57766E-05,-3.66667E-03
3.500751,1.983652E-04,8.392381E-05,-.001
3.501751,3.12807E-04,-5.340599E-05,-.002
3.502751,5.035438E-04,-1.75477E-04,.001
3.503752,2.059946E-04,-3.433246E-04,-.001
3.504752,1.525888E-04,-7.629441E-05,6.66667E-04
3.505753,2.822895E-04,-1.06812E-04,-.002
3.506753,4.57766E-05,2.212534E-04,-3.66667E-03
3.507754,-2.059946E-04,4.806537E-04,-.002
3.508754,-2.670307E-04,2.746601E-04,6.66667E-04
3.509755,-2.441425E-04,-9.918259E-05,-.001
3.510756,-6.866502E-05,9.918259E-05,-.001
3.511756,-1.525891E-05,4.57766E-05,6.66667E-04
3.512756,-1.602182E-04,3.204364E-04,.001
3.513757,-6.866492E-04,9.918259E-05,-.001
3.514757,-5.035438E-04,-1.449594E-04,-.002
3.515758,-2.13624E-04,-1.525891E-05,-3.66667E-03
3.516758,-3.12807E-04,9.15532E-05,6.66667E-04
3.517759,6.866502E-05,-1.297006E-04,2.33333E-03
3.518759,3.356952E-04,2.28883E-05,-.001
3.51976,3.50954E-04,1.525888E-04,.001
3.520761,1.06812E-04,3.89101E-04,-.002
3.521761,-1.06812E-04,4.806537E-04,6.66667E-04
3.522761,-1.06812E-04,2.975482E-04,.001
3.523762,-2.13624E-04,2.365122E-04,.001
3.524762,-1.144414E-04,5.035438E-04,-.002
3.525763,1.75477E-04,6.866502E-05,-6.66667E-04
3.526763,2.288828E-04,-3.356952E-04,-.001
3.527764,7.629453E-06,-1.449594E-04,.001
3.528764,4.27248E-04,-1.06812E-04,.001
3.529765,1.602182E-04,-1.525891E-05,.001
3.530766,9.15532E-05,-3.204364E-04,6.66667E-04
3.531766,2.746601E-04,-4.27248E-04,6.66667E-04
3.532766,3.662128E-04,-2.441425E-04,-6.66667E-04
3.533767,1.525891E-05,-2.212534E-04,-3.66667E-03
3.534767,-4.57766E-05,4.57766E-05,-3.66667E-03
3.535768,9.918259E-05,1.449594E-04,-6.66667E-04
3.536768,6.561317E-04,1.525891E-05,.002
3.537769,6.179847E-04,-1.983652E-04,6.66667E-04
3.538769,4.730243E-04,-3.662128E-04,-6.66667E-04
3.53977,2.28883E-05,-2.288828E-04,-6.66667E-04
3.540771,7.629441E-05,-1.678476E-04,-2.33333E-03
3.541771,-6.866502E-05,-1.06812E-04,.001
3.542771,-1.983652E-04,-4.57766E-05,-.001
3.543772,-1.449594E-04,3.051776E-04,-.001
3.544772,0,-1.449594E-04,-.002
3.545773,-8.392381E-05,-4.577655E-04,6.66667E-04
3.546773,-1.602182E-04,-3.738422E-04,-6.66667E-04
3.547774,7.629453E-06,7.629441E-05,-6.66667E-04
3.548774,-6.866502E-05,-1.525891E-05,6.66667E-04
3.549775,-3.204364E-04,1.602182E-04,6.66667E-04
3.550776,-1.907358E-04,2.365122E-04,-2.33333E-03
3.551776,-9.15532E-05,4.043598E-04,-.002
3.552776,1.06812E-04,4.730243E-04,-6.66667E-04
3.553777,-1.06812E-04,2.212534E-04,-6.66667E-04
3.554777,-4.196186E-04,1.144414E-04,.001
3.555778,-4.806537E-04,2.517719E-04,-.001
3.556778,-1.220712E-04,2.746601E-04,-6.66667E-04
3.557779,9.918259E-05,2.746601E-04,.001
3.558779,2.594013E-04,2.594013E-04,.001
3.55978,2.975482E-04,-6.103562E-05,.001
3.560781,0,-9.918259E-05,-6.66667E-04
3.561781,-1.144414E-04,1.297006E-04,-6.66667E-04
3.562781,-1.983652E-04,-5.340599E-05,-6.66667E-04
3.563782,-3.814721E-05,-3.738422E-04,-6.66667E-04
3.564783,7.629453E-06,-3.204364E-04,-.002
3.565783,-6.866502E-05,7.629441E-05,-.001
3.566783,1.678476E-04,3.585834E-04,6.66667E-04
3.567784,1.75477E-04,-1.3733E-04,-3.66667E-03
3.568784,7.629453E-06,-4.577655E-04,.002
3.569785,-3.814721E-05,-7.095374E-04,6.66667E-04
3.570786,-5.035438E-04,-6.942786E-04,.001
3.571786,-5.493201E-04,-2.899189E-04,-.001
3.572786,-3.814716E-04,-2.365122E-04,-6.66667E-04
3.573787,-2.365122E-04,-3.051781E-05,.001
3.574788,-1.297006E-04,-1.220712E-04,-.002
3.575788,-1.297006E-04,-7.629441E-05,-6.66667E-04
3.576788,-3.051781E-05,-2.594013E-04,.001
3.577789,-9.15532E-05,-2.13624E-04,.001
3.578789,-2.746601E-04,1.144414E-04,.001
3.57979,-1.602182E-04,9.918259E-05,-.001
3.580791,7.629453E-06,5.340599E-05,6.66667E-04
3.581791,-1.144414E-04,-3.814721E-05,-6.66667E-04
3.582791,0,-2.594013E-04,-.002
3.583792,1.525891E-05,-4.27248E-04,-.001
3.584793,-2.13624E-04,-2.975482E-04,-6.66667E-04
3.585793,-1.297006E-04,1.831064E-04,.002
3.586793,-3.051781E-05,5.188026E-04,-6.66667E-04
3.587794,-1.06812E-04,6.179847E-04,6.66667E-04
3.588794,2.975482E-04,2.899189E-04,.001
3.589795,2.594013E-04,0,6.66667E-04
3.590796,6.866502E-05,-4.348774E-04,-6.66667E-04
3.591796,-1.525891E-05,-1.525888E-04,-6.66667E-04
3.592796,-5.340599E-05,-1.220712E-04,-6.66667E-04
3.593797,-7.629453E-06,-5.340599E-05,.001
3.594798,-2.822895E-04,-2.212534E-04,6.66667E-04
3.595798,-3.662128E-04,-1.602182E-04,.001
3.596798,-4.57766E-05,1.983652E-04,-6.66667E-04
3.597799,6.103562E-05,7.629453E-06,.001
3.598799,-7.629453E-06,-1.449594E-04,6.66667E-04
3.5998,-3.585834E-04,4.57766E-05,-6.66667E-04
3.600801,-2.365122E-04,-1.06812E-04,-.001
3.601801,9.15532E-05,-2.059946E-04,-.001
3.602801,5.416907E-04,-5.340599E-05,-.001
3.603802,4.959144E-04,-7.629441E-05,-6.66667E-04
3.604803,-6.866502E-05,-2.13624E-04,-.001
3.605803,2.28883E-05,-1.06812E-04,-.001
3.606803,7.629441E-05,-3.204364E-04,6.66667E-04
3.607804,0,-2.670307E-04,-.002
3.608804,7.629441E-05,-4.425067E-04,.001
3.609805,-7.629441E-05,-2.288828E-04,-.001
3.610806,-3.89101E-04,-5.874671E-04,6.66667E-04
3.611806,4.57766E-05,-7.40055E-04,-.002
3.612806,2.975482E-04,-5.722083E-04,6.66667E-04
3.613807,9.15532E-05,-3.662128E-04,-.001
3.614808,4.57766E-05,1.220712E-04,-6.66667E-04
3.615808,-5.340599E-05,1.907358E-04,-.001
3.616808,2.059946E-04,2.288828E-04,-6.66667E-04
3.617809,3.051781E-05,1.75477E-04,-.001
3.618809,-1.06812E-04,0,-6.66667E-04
3.61981,-1.220712E-04,-4.043598E-04,6.66667E-04
3.620811,7.629441E-05,-4.27248E-04,-.004
3.621811,6.866502E-05,-1.220712E-04,-6.66667E-04
3.622811,-1.06812E-04,-5.340599E-05,-.002
3.623812,4.57766E-05,-2.822895E-04,-6.66667E-04
3.624813,1.983652E-04,-2.517719E-04,-.002
3.625813,-3.051781E-05,-5.340613E-04,-.001
3.626813,-2.975482E-04,-2.441425E-04,-3.66667E-03
3.627814,-2.212534E-04,-3.051781E-05,-.002
3.628814,-2.059946E-04,-7.629453E-06,-.002
3.629815,-3.50954E-04,-1.449594E-04,-.002
3.630816,-6.103553E-04,1.144414E-04,6.66667E-04
3.631816,-4.27248E-04,3.585834E-04,-.001
3.632816,-4.27248E-04,4.577655E-04,6.66667E-04
3.633817,-2.059946E-04,4.501361E-04,6.66667E-04
3.634818,1.983652E-04,1.525888E-04,-.001
3.635818,-4.57766E-05,1.525888E-04,-2.33333E-03
3.636818,9.918259E-05,1.144414E-04,-.001
3.637819,8.392381E-05,2.288828E-04,6.66667E-04
3.638819,1.297006E-04,8.392381E-05,-.002
3.63982,4.119892E-04,2.28883E-05,.001
3.640821,3.814716E-04,-3.051781E-05,-6.66667E-04
3.641821,4.57766E-05,-1.220712E-04,-3.66667E-03
3.642821,-1.449594E-04,-1.449594E-04,-.001
3.643822,1.06812E-04,4.57766E-05,-.001
3.644823,4.57766E-05,5.264319E-04,-6.66667E-04
3.645823,1.449594E-04,4.119892E-04,.001
3.646823,1.831064E-04,-1.449594E-04,-2.33333E-03
3.647824,8.392381E-05,-1.449594E-04,.001
3.648824,1.678476E-04,-3.738422E-04,-.001
3.649825,0,-5.035438E-04,-.002
3.650826,4.57766E-05,-3.433246E-04,-6.66667E-04
3.651826,0,5.340599E-05,-2.33333E-03
3.652826,-7.629453E-06,1.525888E-04,-.002
3.653827,0,4.196186E-04,-3.66667E-03
3.654828,-8.392381E-05,4.730243E-04,-6.66667E-04
3.655828,-7.629441E-05,3.12807E-04,-6.66667E-04
3.656828,9.918259E-05,-9.918259E-05,-6.66667E-04
3.657829,2.365122E-04,-2.13624E-04,-.001
3.658829,2.594013E-04,-5.340599E-05,.002
3.65983,3.738422E-04,-1.525891E-05,-.001
3.66083,3.280658E-04,-2.059946E-04,-6.66667E-04
3.661831,3.50954E-04,-1.602182E-04,-6.66667E-04
3.662831,2.746601E-04,-2.746601E-04,-6.66667E-04
3.663832,4.27248E-04,-2.517719E-04,6.66667E-04
3.664833,5.035438E-04,-1.06812E-04,.001
3.665833,6.408729E-04,4.57766E-05,-6.66667E-04
3.666833,3.662128E-04,1.220712E-04,-.002
3.667834,3.585834E-04,1.449594E-04,6.66667E-04
3.668834,1.75477E-04,4.27248E-04,-.002
3.669835,5.340599E-05,2.899189E-04,.002
3.670835,4.57766E-05,2.28883E-05,-6.66667E-04
3.671836,7.629441E-05,-1.297006E-04,-.001
3.672836,1.220712E-04,-5.264319E-04,2.33333E-03
3.673837,2.594013E-04,-4.806537E-04,-6.66667E-04
3.674838,2.746601E-04,-1.144414E-04,6.66667E-04
3.675838,3.051776E-04,8.392381E-05,-6.66667E-04
3.676838,6.103562E-05,-3.12807E-04,-.001
3.677839,-3.051776E-04,-1.678476E-04,-.002
3.678839,-2.441425E-04,-3.814721E-05,.001
3.67984,-5.340599E-05,1.678476E-04,-.001
3.68084,5.340599E-05,-1.602182E-04,6.66667E-04
3.681841,-5.340599E-05,-2.517719E-04,-6.66667E-04
3.682841,-8.392381E-05,0,-.001
3.683842,9.15532E-05,0,-.002
3.684843,2.670307E-04,1.144414E-04,-3.66667E-03
3.685843,1.3733E-04,1.525891E-05,-.001
3.686843,-1.525888E-04,2.059946E-04,-.001
3.687844,-3.051781E-05,2.13624E-04,.001
3.688844,-1.449594E-04,-3.356952E-04,-6.66667E-04
3.689845,3.814721E-05,4.57766E-05,-.002
3.690845,2.594013E-04,-8.392381E-05,6.66667E-04
3.691846,3.356952E-04,-2.288828E-04,-6.66667E-04
3.692847,-5.340599E-05,-3.433246E-04,.002
3.693847,6.103562E-05,-3.967304E-04,-6.66667E-04
3.694848,1.525891E-05,-1.907358E-04,6.66667E-04
3.695848,6.103562E-05,-3.051781E-05,-6.66667E-04
3.696848,-1.678476E-04,-1.75477E-04,-6.66667E-04
3.697849,1.144414E-04,-3.50954E-04,2.33333E-03
3.698849,6.103562E-05,-7.629453E-06,-6.66667E-04
3.69985,4.57766E-05,-1.525888E-04,2.33333E-03
3.70085,2.288828E-04,-3.738422E-04,-.002
3.701851,1.449594E-04,-6.866492E-04,-.004
3.702852,4.577655E-04,-8.468665E-04,-.002
3.703852,6.790198E-04,-8.926429E-04,6.66667E-04
3.704853,4.119892E-04,-8.010902E-04,-6.66667E-04
3.705853,1.831064E-04,-4.806537E-04,-.001
3.706853,2.212534E-04,-1.907358E-04,-.001
3.707854,1.525888E-04,1.297006E-04,-6.66667E-04
3.708854,1.220712E-04,2.13624E-04,2.33333E-03
3.709855,-9.15532E-05,4.653949E-04,6.66667E-04
3.710855,-2.517719E-04,3.051776E-04,-6.66667E-04
3.711856,-2.975482E-04,-9.15532E-05,-.002
3.712857,-4.88285E-04,-4.043598E-04,-6.66667E-04
3.713857,-2.28883E-05,-2.899189E-04,-6.66667E-04
3.714858,3.280658E-04,-1.602182E-04,.001
3.715858,4.196186E-04,-1.449594E-04,.002
3.716858,1.3733E-04,-1.144414E-04,.001
3.717859,-9.918259E-05,7.629453E-06,-.001
3.718859,-3.204364E-04,-1.75477E-04,6.66667E-04
3.71986,-4.730243E-04,-3.585834E-04,6.66667E-04
3.72086,-1.678476E-04,-3.662128E-04,.001
3.721861,4.57766E-05,-1.449594E-04,.001
3.722862,9.15532E-05,8.392381E-05,-6.66667E-04
3.723862,9.918259E-05,4.88285E-04,-6.66667E-04
3.724863,-1.06812E-04,2.594013E-04,-.001
3.725863,-1.983652E-04,-1.831064E-04,-6.66667E-04
3.726863,6.866502E-05,-5.569495E-04,-6.66667E-04
3.727864,5.111732E-04,-2.212534E-04,-.002
3.728864,6.256141E-04,-4.806537E-04,.002
3.729865,4.653949E-04,-3.585834E-04,.001
3.730865,4.88285E-04,1.144414E-04,-.001
3.731866,5.493201E-04,7.629453E-06,-.001
3.732867,2.13624E-04,-3.204364E-04,-6.66667E-04
3.733867,1.3733E-04,1.525891E-05,-6.66667E-04
3.734868,3.967304E-04,0,6.66667E-04
3.735868,-1.525891E-05,-2.28883E-05,6.66667E-04
3.736868,-2.670307E-04,1.602182E-04,-.001
3.737869,-2.670307E-04,2.746601E-04,-.002
3.73887,-3.204364E-04,-6.103562E-05,-.002
3.73987,-1.525888E-04,-1.602182E-04,-6.66667E-04
3.74087,-4.88285E-04,-3.280658E-04,-6.66667E-04
3.741871,-3.204364E-04,-1.602182E-04,-.002
3.742872,-5.874671E-04,1.144414E-04,-.001
3.743872,-5.874671E-04,3.662128E-04,-6.66667E-04
3.744873,-3.204364E-04,3.433246E-04,-.001
3.745873,-6.866492E-04,1.831064E-04,-.001
3.746873,-8.544959E-04,2.212534E-04,.001
3.747874,-4.577655E-04,1.449594E-04,6.66667E-04
3.748875,3.051781E-05,-1.06812E-04,.001
3.749875,4.57766E-05,-1.602182E-04,-2.33333E-03
3.750875,0,-7.629441E-05,-6.66667E-04
3.751876,2.059946E-04,6.866502E-05,6.66667E-04
3.752877,3.280658E-04,5.340599E-05,.001
3.753877,3.662128E-04,-2.365122E-04,-.001
3.754878,2.822895E-04,-2.13624E-04,6.66667E-04
3.755878,1.907358E-04,-1.678476E-04,-2.33333E-03
3.756878,6.103562E-05,6.866502E-05,-6.66667E-04
3.757879,-1.3733E-04,1.678476E-04,-.001
3.75888,-1.831064E-04,0,-.001
3.75988,1.525888E-04,-1.297006E-04,-.001
3.76088,2.899189E-04,-1.907358E-04,-.002
3.761881,2.059946E-04,-4.88285E-04,3.66667E-03
3.762882,-2.13624E-04,-5.874671E-04,-6.66667E-04
3.763882,2.28883E-05,-5.493201E-04,.001
3.764883,-1.144414E-04,-2.365122E-04,-6.66667E-04
3.765883,-6.866502E-05,-2.059946E-04,-.001
3.766883,1.3733E-04,-3.738422E-04,-.001
3.767884,-7.629453E-06,-1.525888E-04,-.001
3.768885,-1.449594E-04,-3.204364E-04,-6.66667E-04
3.769885,-1.297006E-04,-3.585834E-04,6.66667E-04
3.770885,0,-4.730243E-04,.001
3.771886,2.594013E-04,-2.288828E-04,-.001
3.772887,-3.814721E-05,2.28883E-05,-6.66667E-04
3.773887,3.814721E-05,7.629441E-05,-.001
3.774888,-3.051781E-05,2.212534E-04,-.002
3.775888,-1.144414E-04,6.103553E-04,6.66667E-04
3.776888,-3.280658E-04,6.561317E-04,.001
3.777889,-1.831064E-04,6.713904E-04,-.002
3.77889,-1.602182E-04,5.264319E-04,-.002
3.77989,-3.738422E-04,6.103562E-05,-.002
3.78089,-1.297006E-04,-5.340599E-05,-.001
3.781891,-1.144414E-04,8.392381E-05,.001
3.782892,3.814721E-05,3.12807E-04,-6.66667E-04
3.783892,4.57766E-05,3.814716E-04,-6.66667E-04
3.784893,-1.144414E-04,1.75477E-04,-.002
3.785893,-9.918259E-05,1.297006E-04,-.001
3.786893,1.525891E-05,2.059946E-04,.001
3.787894,1.525888E-04,-7.629453E-06,-.001
3.788895,2.28883E-05,-2.28883E-05,-6.66667E-04
3.789895,9.15532E-05,-6.866502E-05,.001
3.790895,-5.340599E-05,-1.525888E-04,-.001
3.791896,-2.288828E-04,-8.163489E-04,.001
3.792897,4.57766E-05,-5.874671E-04,-.001
3.793897,-1.144414E-04,-4.043598E-04,.001
3.794898,-3.814716E-04,-6.332435E-04,-6.66667E-04
3.795898,-1.525888E-04,-4.806537E-04,-6.66667E-04
3.796898,3.814721E-05,7.629453E-06,-.002
3.797899,3.662128E-04,-1.525888E-04,-.001
3.7989,9.15532E-05,-3.204364E-04,-.001
3.7999,-7.629453E-06,-1.297006E-04,-3.66667E-03
3.8009,9.918259E-05,-3.814721E-05,.001
3.801901,1.525891E-05,-2.288828E-04,-.001
3.802902,-8.392381E-05,-1.75477E-04,.001
3.803902,-2.975482E-04,1.3733E-04,6.66667E-04
3.804903,-2.899189E-04,1.831064E-04,6.66667E-04
3.805903,9.918259E-05,2.212534E-04,2.33333E-03
3.806903,3.356952E-04,3.738422E-04,-2.33333E-03
3.807904,4.88285E-04,5.493201E-04,-6.66667E-04
3.808905,6.103553E-04,8.773841E-04,-.001
3.809905,6.256141E-04,4.501361E-04,-6.66667E-04
3.810905,2.365122E-04,2.212534E-04,-6.66667E-04
3.811906,3.12807E-04,2.059946E-04,-6.66667E-04
3.812907,1.297006E-04,2.28883E-05,-6.66667E-04
3.813907,1.602182E-04,1.831064E-04,.001
3.814908,-7.629453E-06,1.449594E-04,.001
3.815908,2.059946E-04,7.629453E-06,-6.66667E-04
3.816908,4.57766E-05,1.525891E-05,-6.66667E-04
3.817909,-1.297006E-04,-1.220712E-04,.002
3.81891,-3.585834E-04,-8.392381E-05,-6.66667E-04
3.81991,-3.738422E-04,-2.059946E-04,-.001
3.82091,-1.678476E-04,-1.831064E-04,-.002
3.821911,-3.051781E-05,-1.525891E-05,-.001
3.822912,-6.866502E-05,1.678476E-04,-6.66667E-04
3.823912,-4.57766E-05,-1.907358E-04,.001
3.824913,-3.280658E-04,-2.13624E-04,-6.66667E-04
3.825913,-4.806537E-04,-6.866502E-05,.002
3.826913,-2.670307E-04,7.629441E-05,.001
3.827914,-2.059946E-04,4.043598E-04,6.66667E-04
3.828915,-1.297006E-04,5.340613E-04,2.33333E-03
3.829915,-1.983652E-04,1.831064E-04,.001
3.830915,-3.814716E-04,2.059946E-04,-.002
3.831916,-1.06812E-04,0,.001
3.832916,-2.975482E-04,-7.629453E-06,-.002
3.833917,-5.798377E-04,-7.629441E-05,-6.66667E-04
3.834918,-1.220712E-04,-1.06812E-04,-.002
3.835918,1.220712E-04,-5.340599E-05,-.002
3.836918,9.918259E-05,0,-.002
3.837919,1.907358E-04,2.059946E-04,-6.66667E-04
3.83892,2.28883E-05,1.525891E-05,-2.33333E-03
3.83992,-9.918259E-05,1.525891E-05,6.66667E-04
3.84092,-1.678476E-04,1.220712E-04,-2.33333E-03
3.841921,-2.059946E-04,-4.348774E-04,-.001
3.842921,-1.06812E-04,-5.188026E-04,6.66667E-04
3.843922,9.918259E-05,-3.967304E-04,-.001
3.844923,1.3733E-04,-4.959144E-04,-.001
3.845923,1.449594E-04,-3.814716E-04,-6.66667E-04
3.846923,2.13624E-04,-2.746601E-04,.004
3.847924,2.517719E-04,-5.340599E-05,-.001
3.848925,3.051781E-05,1.525888E-04,6.66667E-04
3.849925,1.144414E-04,2.13624E-04,-.002
3.850925,4.57766E-05,1.983652E-04,-.002
3.851926,0,1.144414E-04,6.66667E-04
3.852926,1.144414E-04,7.629453E-06,.001
3.853927,2.059946E-04,-8.392381E-05,6.66667E-04
3.854928,-1.525891E-05,-1.678476E-04,.001
3.855928,6.866502E-05,-2.212534E-04,6.66667E-04
3.856929,-7.629453E-06,2.28883E-05,-.002
3.857929,-1.220712E-04,1.144414E-04,6.66667E-04
3.85893,-9.15532E-05,2.212534E-04,.001
3.85993,1.525891E-05,2.517719E-04,6.66667E-04
3.86093,2.212534E-04,4.196186E-04,-.001
3.861931,2.059946E-04,3.356952E-04,-.001
3.862931,2.288828E-04,1.449594E-04,6.66667E-04
3.863932,3.585834E-04,1.297006E-04,-6.66667E-04
3.864933,1.525888E-04,2.059946E-04,-.002
3.865933,2.13624E-04,5.950965E-04,6.66667E-04
3.866934,5.340599E-05,5.188026E-04,-.001
3.867934,8.392381E-05,2.822895E-04,-6.66667E-04
3.868935,1.297006E-04,3.356952E-04,.001
3.869935,4.57766E-05,5.416907E-04,-.001
3.870935,-4.88285E-04,4.730243E-04,6.66667E-04
3.871936,-5.340613E-04,4.57766E-05,.001
3.872936,-9.15532E-05,1.983652E-04,-.001
3.873937,1.144414E-04,1.525891E-05,-.001
3.874938,1.75477E-04,-5.340599E-05,6.66667E-04
3.875938,3.356952E-04,-7.629453E-06,-.002
3.876939,2.594013E-04,7.629441E-05,-.001
3.877939,9.15532E-05,-7.629441E-05,-6.66667E-04
3.87894,9.918259E-05,-4.27248E-04,-.002
3.87994,-1.06812E-04,-9.918259E-05,-.001
3.88094,-3.738422E-04,6.866502E-05,6.66667E-04
3.881941,5.340599E-05,2.059946E-04,.001
3.882941,-2.28883E-05,3.12807E-04,.001
3.883942,-1.220712E-04,2.13624E-04,-3.66667E-03
3.884943,2.594013E-04,-3.051781E-05,6.66667E-04
3.885943,2.212534E-04,-1.220712E-04,-3.66667E-03
3.886944,1.75477E-04,-1.3733E-04,-6.66667E-04
3.887944,-2.899189E-04,-2.975482E-04,-6.66667E-04
3.888945,-2.975482E-04,-3.814721E-05,-6.66667E-04
3.889945,-2.441425E-04,-2.670307E-04,-6.66667E-04
3.890945,0,-1.75477E-04,-.001
3.891946,-1.678476E-04,-2.28883E-05,-.001
3.892946,-5.874671E-04,3.051781E-05,2.33333E-03
3.893947,-8.087195E-04,6.103562E-05,-.002
3.894948,-7.629432E-04,-3.814721E-05,-.001
3.895948,-4.119892E-04,0,-6.66667E-04
3.896949,1.144414E-04,2.594013E-04,-6.66667E-04
3.897949,1.06812E-04,1.831064E-04,-6.66667E-04
3.89895,-2.13624E-04,1.525888E-04,-2.33333E-03
3.89995,-3.738422E-04,1.907358E-04,-.001
3.90095,-2.288828E-04,9.15532E-05,.001
3.901951,-4.27248E-04,2.212534E-04,-.001
3.902952,-5.416907E-04,2.13624E-04,6.66667E-04
3.903952,-2.365122E-04,1.144414E-04,-.002
3.904953,-2.975482E-04,0,.001
3.905953,-2.13624E-04,6.103562E-05,-.001
3.906954,-3.280658E-04,7.629441E-05,.001
3.907954,-2.212534E-04,-2.28883E-05,-.001
3.908955,-2.13624E-04,-5.340599E-05,.001
3.909955,-3.280658E-04,3.738422E-04,.002
3.910955,-3.89101E-04,5.264319E-04,.001
3.911956,-4.806537E-04,5.264319E-04,.001
3.912957,-4.27248E-04,2.670307E-04,.001
3.913957,-4.043598E-04,9.918259E-05,6.66667E-04
3.914958,-1.3733E-04,3.585834E-04,-.002
3.915958,9.15532E-05,2.822895E-04,-6.66667E-04
3.916959,2.28883E-05,1.144414E-04,-3.66667E-03
3.917959,7.629441E-05,-6.103562E-05,-6.66667E-04
3.91896,-5.340599E-05,-1.983652E-04,6.66667E-04
3.91996,-1.602182E-04,-7.705726E-04,-.001
3.92096,-1.75477E-04,-9.53678E-04,-2.33333E-03
3.921961,3.662128E-04,-8.392371E-04,6.66667E-04
3.922962,5.874671E-04,-6.561317E-04,.001
3.923962,1.602182E-04,-4.501361E-04,-.002
3.924963,2.594013E-04,-5.035438E-04,-6.66667E-04
3.925963,1.144414E-04,-5.493201E-04,.001
3.926964,9.15532E-05,-6.179847E-04,-6.66667E-04
3.927964,3.204364E-04,0,-.001
3.928965,4.425067E-04,8.392381E-05,6.66667E-04
3.929965,2.441425E-04,2.594013E-04,-.001
3.930965,-1.525888E-04,4.27248E-04,-6.66667E-04
3.931966,-2.288828E-04,1.831064E-04,6.66667E-04
3.932967,-2.13624E-04,2.975482E-04,.002
3.933967,-5.035438E-04,1.525888E-04,6.66667E-04
3.934968,-4.348774E-04,1.06812E-04,6.66667E-04
3.935968,-2.13624E-04,2.212534E-04,-6.66667E-04
3.936969,-2.746601E-04,2.975482E-04,-6.66667E-04
3.937969,-1.75477E-04,-1.06812E-04,6.66667E-04
3.93897,2.365122E-04,-9.918259E-05,-6.66667E-04
3.93997,4.57766E-05,0,-6.66667E-04
3.94097,-2.899189E-04,7.629441E-05,.001
3.941971,-2.13624E-04,4.57766E-05,6.66667E-04
3.942972,-2.365122E-04,-1.602182E-04,6.66667E-04
3.943972,-3.433246E-04,-2.288828E-04,2.33333E-03
3.944973,-2.822895E-04,-4.425067E-04,-.002
3.945973,1.525888E-04,6.866502E-05,.002
3.946974,6.027259E-04,5.798377E-04,6.66667E-04
3.947974,4.730243E-04,3.738422E-04,-6.66667E-04
3.948975,4.196186E-04,2.441425E-04,6.66667E-04
3.949975,2.594013E-04,1.449594E-04,-.001
3.950975,2.899189E-04,3.12807E-04,6.66667E-04
3.951976,3.12807E-04,6.332435E-04,-.001
3.952977,-1.525891E-05,5.340613E-04,-.001
3.953977,0,3.814716E-04,-.002
3.954978,6.866502E-05,4.27248E-04,-.002
3.955978,-2.28883E-05,4.348774E-04,-.002
3.956979,-7.629441E-05,3.12807E-04,-.001
3.957979,-1.06812E-04,-7.629441E-05,6.66667E-04
3.95898,9.918259E-05,-3.585834E-04,6.66667E-04
3.95998,1.3733E-04,-3.433246E-04,-6.66667E-04
3.96098,4.196186E-04,-1.06812E-04,6.66667E-04
3.961981,4.425067E-04,-1.06812E-04,-.002
3.962982,3.814716E-04,8.392381E-05,-6.66667E-04
3.963982,5.645789E-04,1.678476E-04,6.66667E-04
3.964983,3.433246E-04,-3.051781E-05,-2.33333E-03
3.965983,1.525888E-04,2.28883E-05,-6.66667E-04
3.966984,1.983652E-04,1.678476E-04,-.001
3.967984,1.06812E-04,3.204364E-04,6.66667E-04
3.968985,-1.220712E-04,3.738422E-04,-.001
3.969985,-1.983652E-04,1.907358E-04,-.002
3.970985,3.814721E-05,7.629453E-06,-.002
3.971986,3.051781E-05,-1.06812E-04,6.66667E-04
3.972987,3.051781E-05,-2.517719E-04,-6.66667E-04
3.973987,-5.340599E-05,7.629453E-06,-.001
3.974988,-1.602182E-04,-1.907358E-04,-.001
3.975988,7.629441E-05,-1.297006E-04,-.002
3.976989,3.89101E-04,-4.043598E-04,3.66667E-03
3.977989,2.517719E-04,6.866502E-05,6.66667E-04
3.97899,0,1.678476E-04,-6.66667E-04
3.97999,1.144414E-04,1.06812E-04,-6.66667E-04
3.98099,1.907358E-04,2.288828E-04,-6.66667E-04
3.981991,1.831064E-04,8.392381E-05,-6.66667E-04
3.982992,-7.629453E-06,2.975482E-04,-.001
3.983992,2.288828E-04,5.493201E-04,.002
3.984993,3.433246E-04,3.280658E-04,-6.66667E-04
3.985993,3.204364E-04,2.059946E-04,.001
3.986994,3.89101E-04,-7.629453E-06,6.66667E-04
3.987994,2.13624E-04,-3.280658E-04,-.001
3.988995,4.57766E-05,-6.332435E-04,-2.33333E-03
3.989995,-2.13624E-04,-5.874671E-04,-.001
3.990995,-5.340599E-05,-3.50954E-04,-6.66667E-04
3.991996,-8.392381E-05,1.06812E-04,.001
3.992997,-1.907358E-04,3.12807E-04,6.66667E-04
3.993997,-5.645789E-04,4.196186E-04,-6.66667E-04
3.994998,-5.340613E-04,3.280658E-04,.001
3.995998,-2.670307E-04,4.806537E-04,-.002
3.996999,-3.204364E-04,4.88285E-04,-6.66667E-04
3.997999,-3.204364E-04,2.746601E-04,.001
3.999,0,7.629453E-06,-6.66667E-04
4,-1.525891E-05,3.814721E-05,2.33333E-03
