"c:\users\esrlabn1\desktop\bence\ir_spectroscopy\532nm_odmr\magnet_map_2_680nm\357.dat  ---  04-28-2026 05:10:03"
""
"cavityli 20 2 4 2000 1 0 0"
"                             ;                             ;seth_xesr_precise 127.74 1 0 0.9931506849315066"
"setlockin 188.67 0.004 0 0.03 0.2"
4,2000
2,1.678476E-04,-1.907358E-04,6.66667E-04
2.001,-2.670307E-04,-1.297006E-04,-6.66667E-04
2.002001,-3.662128E-04,-5.340599E-05,-2.33333E-03
2.003001,-2.670307E-04,-4.27248E-04,-3.66667E-03
2.004002,-1.525891E-05,-3.662128E-04,.001
2.005002,8.392381E-05,4.57766E-05,-6.66667E-04
2.006003,3.280658E-04,3.12807E-04,-.001
2.007004,2.365122E-04,1.907358E-04,-6.66667E-04
2.008004,4.348774E-04,-1.220712E-04,.001
2.009005,3.662128E-04,-4.501361E-04,-2.33333E-03
2.010005,8.392381E-05,-1.449594E-04,-.002
2.011005,1.831064E-04,9.918259E-05,6.66667E-04
2.012006,1.297006E-04,2.212534E-04,-6.66667E-04
2.013006,3.814721E-05,4.043598E-04,6.66667E-04
2.014007,-1.831064E-04,3.356952E-04,-6.66667E-04
2.015007,-6.027259E-04,6.866502E-05,-.001
2.016008,-7.705726E-04,3.051781E-05,6.66667E-04
2.017009,-7.171668E-04,-2.212534E-04,-6.66667E-04
2.018009,-3.89101E-04,-5.569495E-04,-6.66667E-04
2.01901,1.525891E-05,-3.12807E-04,-.002
2.02001,3.967304E-04,-2.670307E-04,.002
2.02101,2.288828E-04,-7.629453E-06,-.002
2.022011,-2.28883E-05,3.814721E-05,-.001
2.023011,9.918259E-05,-1.602182E-04,-.001
2.024012,1.983652E-04,8.392381E-05,-6.66667E-04
2.025012,1.75477E-04,-9.15532E-05,.001
2.026013,-2.822895E-04,-2.517719E-04,-.001
2.027014,-1.602182E-04,-7.629441E-05,-.002
2.028014,3.50954E-04,2.670307E-04,2.33333E-03
2.029015,5.798377E-04,3.356952E-04,-.001
2.030015,2.13624E-04,3.50954E-04,-.002
2.031015,6.103562E-05,2.670307E-04,6.66667E-04
2.032016,1.831064E-04,9.918259E-05,-6.66667E-04
2.033016,5.264319E-04,4.57766E-05,-6.66667E-04
2.034017,4.806537E-04,-9.918259E-05,-.001
2.035017,5.645789E-04,6.103562E-05,6.66667E-04
2.036018,3.433246E-04,2.594013E-04,.001
2.037019,2.441425E-04,1.831064E-04,.001
2.038019,1.983652E-04,1.831064E-04,-.001
2.03902,1.144414E-04,2.746601E-04,-6.66667E-04
2.04002,1.525888E-04,4.119892E-04,.001
2.04102,-3.814721E-05,5.722083E-04,.001
2.042021,6.866502E-05,5.340613E-04,-.002
2.043021,2.899189E-04,5.035438E-04,6.66667E-04
2.044022,4.196186E-04,3.662128E-04,-.002
2.045022,4.425067E-04,4.196186E-04,-.002
2.046023,3.967304E-04,2.975482E-04,-.002
2.047024,3.356952E-04,4.57766E-05,-.001
2.048024,2.975482E-04,-5.950965E-04,-.002
2.049025,4.119892E-04,-5.416907E-04,-6.66667E-04
2.050025,2.899189E-04,-5.035438E-04,-.001
2.051026,2.441425E-04,-4.119892E-04,-.002
2.052026,-1.297006E-04,-3.204364E-04,-6.66667E-04
2.053026,-8.392381E-05,0,-6.66667E-04
2.054027,-3.50954E-04,1.525888E-04,-6.66667E-04
2.055027,-2.441425E-04,1.525888E-04,-6.66667E-04
2.056028,-1.525891E-05,-2.822895E-04,-6.66667E-04
2.057029,-3.356952E-04,-2.899189E-04,.001
2.058029,-6.103562E-05,-5.340599E-05,-.001
2.05903,2.441425E-04,6.103562E-05,-.001
2.06003,2.594013E-04,1.297006E-04,-.002
2.061031,2.059946E-04,2.059946E-04,-6.66667E-04
2.062031,8.392381E-05,3.204364E-04,-6.66667E-04
2.063031,1.144414E-04,4.119892E-04,.002
2.064032,7.629441E-05,2.517719E-04,-6.66667E-04
2.065032,2.212534E-04,-6.866502E-05,.001
2.066033,5.722083E-04,-1.525888E-04,-2.33333E-03
2.067034,5.798377E-04,3.280658E-04,.002
2.068034,2.822895E-04,5.340613E-04,-.001
2.069035,2.441425E-04,2.441425E-04,-.001
2.070035,0,-9.15532E-05,-3.66667E-03
2.071036,1.525891E-05,-2.28883E-05,-6.66667E-04
2.072036,-2.365122E-04,-1.144414E-04,-6.66667E-04
2.073036,-3.356952E-04,-1.297006E-04,6.66667E-04
2.074037,-4.425067E-04,-6.866502E-05,.001
2.075037,-2.059946E-04,9.15532E-05,-6.66667E-04
2.076038,-7.629453E-06,-2.28883E-05,-.001
2.077039,2.212534E-04,-2.13624E-04,-6.66667E-04
2.078039,4.88285E-04,-3.051776E-04,-.001
2.07904,4.196186E-04,-1.449594E-04,.001
2.08004,4.57766E-05,-1.75477E-04,6.66667E-04
2.081041,-2.059946E-04,-3.051781E-05,6.66667E-04
2.082041,7.629453E-06,7.629453E-06,.001
2.083041,1.3733E-04,-6.103562E-05,.001
2.084042,8.392381E-05,0,-.001
2.085042,3.738422E-04,-2.899189E-04,6.66667E-04
2.086043,1.144414E-04,-3.662128E-04,.001
2.087044,2.059946E-04,-5.035438E-04,-.002
2.088044,1.525888E-04,-1.907358E-04,.001
2.089045,1.220712E-04,1.449594E-04,-.001
2.090045,-1.831064E-04,1.3733E-04,6.66667E-04
2.091046,-3.814721E-05,-2.670307E-04,-6.66667E-04
2.092046,-6.103562E-05,-8.392381E-05,-.001
2.093046,-9.15532E-05,-2.517719E-04,-.001
2.094047,9.918259E-05,-1.144414E-04,-3.66667E-03
2.095047,-1.602182E-04,-2.28883E-05,-.001
2.096048,-2.13624E-04,-7.629453E-06,.002
2.097049,8.392381E-05,-2.28883E-05,-6.66667E-04
2.098049,0,2.28883E-05,6.66667E-04
2.09905,-2.594013E-04,1.525891E-05,-6.66667E-04
2.10005,-4.806537E-04,3.051781E-05,-6.66667E-04
2.101051,-2.13624E-04,7.629453E-06,-6.66667E-04
2.102051,-1.525888E-04,-1.220712E-04,6.66667E-04
2.103051,3.051781E-05,-4.57766E-05,6.66667E-04
2.104052,-7.629453E-06,4.57766E-05,-3.66667E-03
2.105052,1.297006E-04,6.866502E-05,-6.66667E-04
2.106053,1.525888E-04,1.144414E-04,-6.66667E-04
2.107054,7.629453E-06,4.196186E-04,-.001
2.108054,2.28883E-05,1.144414E-04,.001
2.109055,1.525891E-05,1.144414E-04,-2.33333E-03
2.110055,-2.288828E-04,1.907358E-04,6.66667E-04
2.111056,-2.822895E-04,3.433246E-04,-.001
2.112056,-1.06812E-04,3.50954E-04,-.001
2.113056,1.831064E-04,1.220712E-04,-.001
2.114057,4.730243E-04,4.959144E-04,-6.66667E-04
2.115057,5.111732E-04,6.561317E-04,-.001
2.116058,1.06812E-04,2.594013E-04,-.001
2.117059,-5.340599E-05,2.746601E-04,-6.66667E-04
2.118059,-1.678476E-04,5.569495E-04,.001
2.11906,-1.144414E-04,4.806537E-04,6.66667E-04
2.12006,-1.525891E-05,6.103553E-04,-6.66667E-04
2.121061,-1.297006E-04,3.433246E-04,-6.66667E-04
2.122061,-1.831064E-04,6.103562E-05,-.001
2.123062,2.28883E-05,-1.831064E-04,-.002
2.124062,3.204364E-04,-1.678476E-04,-6.66667E-04
2.125062,1.831064E-04,-2.441425E-04,-.001
2.126063,3.967304E-04,-9.918259E-05,-.001
2.127064,4.88285E-04,1.525888E-04,6.66667E-04
2.128064,6.103562E-05,5.264319E-04,-.001
2.129065,-6.866502E-05,5.035438E-04,2.33333E-03
2.130065,1.06812E-04,-3.662128E-04,-2.33333E-03
2.131066,1.907358E-04,-4.653949E-04,-.002
2.132066,0,-1.525888E-04,.001
2.133067,7.629441E-05,1.525888E-04,6.66667E-04
2.134067,1.525888E-04,3.814721E-05,6.66667E-04
2.135067,4.57766E-05,3.051781E-05,-.002
2.136068,-7.629441E-05,1.75477E-04,-6.66667E-04
2.137069,-3.204364E-04,1.3733E-04,-.002
2.138069,-4.348774E-04,3.204364E-04,-2.33333E-03
2.13907,-3.12807E-04,4.806537E-04,6.66667E-04
2.14007,-1.525891E-05,5.798377E-04,-6.66667E-04
2.141071,1.3733E-04,1.907358E-04,-.001
2.142071,4.043598E-04,1.449594E-04,6.66667E-04
2.143072,4.577655E-04,-7.629453E-06,.001
2.144072,5.264319E-04,-3.738422E-04,.002
2.145072,1.525888E-04,-6.408729E-04,.001
2.146073,-7.629441E-05,-5.874671E-04,-.001
2.147074,-3.280658E-04,-1.907358E-04,-.001
2.148074,-4.425067E-04,9.918259E-05,6.66667E-04
2.149075,-5.188026E-04,-1.220712E-04,-3.66667E-03
2.150075,-3.356952E-04,0,-.001
2.151076,1.678476E-04,9.918259E-05,.001
2.152076,8.392381E-05,-4.57766E-05,-.001
2.153077,-1.602182E-04,7.629453E-06,-6.66667E-04
2.154077,-1.525888E-04,-1.602182E-04,-6.66667E-04
2.155077,-2.822895E-04,8.392381E-05,6.66667E-04
2.156078,-2.288828E-04,6.866502E-05,-6.66667E-04
2.157079,-1.06812E-04,9.15532E-05,-.001
2.158079,7.629453E-06,7.629441E-05,-.001
2.15908,7.629453E-06,1.678476E-04,-.002
2.16008,7.629453E-06,8.392381E-05,.001
2.161081,3.12807E-04,-7.629453E-06,-6.66667E-04
2.162081,3.967304E-04,-1.525888E-04,6.66667E-04
2.163082,4.653949E-04,-1.449594E-04,-.001
2.164082,5.645789E-04,-3.051776E-04,-.001
2.165082,6.332435E-04,-2.212534E-04,6.66667E-04
2.166083,1.983652E-04,-7.629453E-06,-.002
2.167084,4.806537E-04,2.212534E-04,-3.66667E-03
2.168084,5.111732E-04,2.670307E-04,-.001
2.169085,1.220712E-04,0,-.001
2.170085,5.340599E-05,-1.678476E-04,6.66667E-04
2.171086,5.340599E-05,-2.822895E-04,-.001
2.172086,-2.28883E-05,-3.204364E-04,-6.66667E-04
2.173087,-3.356952E-04,-4.425067E-04,-.002
2.174087,-2.746601E-04,-1.144414E-04,-.001
2.175087,-2.594013E-04,-2.288828E-04,-.002
2.176088,-1.983652E-04,-1.525888E-04,6.66667E-04
2.177088,-3.585834E-04,2.441425E-04,-6.66667E-04
2.178089,-1.449594E-04,4.653949E-04,-.002
2.17909,4.57766E-05,4.27248E-04,-6.66667E-04
2.18009,1.525891E-05,0,.001
2.181091,2.28883E-05,-1.602182E-04,-.001
2.182091,-8.392381E-05,-3.12807E-04,-.001
2.183092,-5.340599E-05,-1.06812E-04,-6.66667E-04
2.184092,-1.678476E-04,1.449594E-04,.002
2.185092,-9.15532E-05,1.525888E-04,-6.66667E-04
2.186093,0,3.585834E-04,6.66667E-04
2.187093,6.103562E-05,3.814716E-04,6.66667E-04
2.188094,-2.517719E-04,2.288828E-04,-6.66667E-04
2.189095,-2.365122E-04,9.918259E-05,-2.33333E-03
2.190095,-1.525888E-04,-3.585834E-04,-.001
2.191096,-2.975482E-04,-4.27248E-04,-6.66667E-04
2.192096,-1.06812E-04,-1.3733E-04,-.001
2.193097,4.043598E-04,-9.918259E-05,.001
2.194097,3.967304E-04,4.348774E-04,-3.66667E-03
2.195097,2.059946E-04,3.585834E-04,-6.66667E-04
2.196098,2.746601E-04,-1.144414E-04,-2.33333E-03
2.197098,3.12807E-04,3.585834E-04,6.66667E-04
2.198099,4.043598E-04,6.485023E-04,-2.33333E-03
2.1991,3.433246E-04,5.798377E-04,6.66667E-04
2.2001,2.746601E-04,4.730243E-04,-6.66667E-04
2.201101,2.594013E-04,1.678476E-04,6.66667E-04
2.202101,1.75477E-04,-2.975482E-04,-.001
2.203102,0,-3.356952E-04,-.001
2.204102,3.814721E-05,-3.738422E-04,-.001
2.205102,2.975482E-04,-1.983652E-04,-6.66667E-04
2.206103,2.365122E-04,-2.059946E-04,-.002
2.207103,2.746601E-04,-2.059946E-04,.001
2.208104,4.57766E-05,-2.365122E-04,-6.66667E-04
2.209105,1.678476E-04,-1.525891E-05,6.66667E-04
2.210105,6.103562E-05,-2.059946E-04,-.001
2.211106,2.212534E-04,-5.035438E-04,6.66667E-04
2.212106,6.332435E-04,-2.517719E-04,-6.66667E-04
2.213107,4.196186E-04,-8.392381E-05,6.66667E-04
2.214107,3.356952E-04,-8.392381E-05,-.002
2.215107,3.738422E-04,9.918259E-05,-6.66667E-04
2.216108,2.441425E-04,2.288828E-04,-.002
2.217108,2.365122E-04,2.899189E-04,-6.66667E-04
2.218109,2.059946E-04,3.662128E-04,-.001
2.21911,3.585834E-04,1.602182E-04,.001
2.22011,3.89101E-04,4.27248E-04,-.002
2.221111,1.983652E-04,7.705726E-04,-6.66667E-04
2.222111,1.602182E-04,4.806537E-04,-.001
2.223112,7.629453E-06,4.501361E-04,-6.66667E-04
2.224112,-3.051776E-04,4.196186E-04,-.002
2.225112,-3.356952E-04,1.983652E-04,6.66667E-04
2.226113,-3.204364E-04,3.50954E-04,.002
2.227113,-5.340613E-04,2.517719E-04,-6.66667E-04
2.228114,-5.188026E-04,3.12807E-04,-2.33333E-03
2.229115,-9.15532E-05,2.212534E-04,-6.66667E-04
2.230115,1.983652E-04,2.365122E-04,-.001
2.231116,1.75477E-04,4.119892E-04,6.66667E-04
2.232116,-8.392381E-05,9.918259E-05,.001
2.233117,-3.738422E-04,1.75477E-04,2.33333E-03
2.234117,-2.059946E-04,2.365122E-04,.001
2.235118,-2.212534E-04,-2.670307E-04,-6.66667E-04
2.236118,-2.746601E-04,-6.103562E-05,.001
2.237118,-3.738422E-04,-7.629441E-05,-.001
2.238119,-2.365122E-04,-9.918259E-05,-.002
2.23912,-1.75477E-04,-1.449594E-04,.001
2.24012,-2.28883E-05,4.57766E-05,-6.66667E-04
2.241121,3.814721E-05,9.918259E-05,-.002
2.242121,5.340599E-05,1.678476E-04,-.002
2.243122,1.525888E-04,-2.13624E-04,-6.66667E-04
2.244122,1.449594E-04,-2.517719E-04,-2.33333E-03
2.245123,1.3733E-04,-5.340599E-05,6.66667E-04
2.246123,1.449594E-04,-2.899189E-04,.002
2.247123,2.517719E-04,-6.561317E-04,-6.66667E-04
2.248124,2.441425E-04,-4.577655E-04,.002
2.249125,9.918259E-05,-4.57766E-05,.002
2.250125,2.441425E-04,1.525891E-05,-2.33333E-03
2.251126,3.662128E-04,3.051781E-05,-.001
2.252126,2.822895E-04,8.392381E-05,-.001
2.253127,2.746601E-04,2.212534E-04,-.002
2.254127,4.196186E-04,6.63761E-04,6.66667E-04
2.255128,3.356952E-04,7.858314E-04,-2.33333E-03
2.256128,-6.866502E-05,8.392371E-04,6.66667E-04
2.257128,1.525888E-04,9.307899E-04,6.66667E-04
2.258129,3.662128E-04,7.171668E-04,-6.66667E-04
2.25913,3.738422E-04,4.653949E-04,-.001
2.26013,5.416907E-04,2.059946E-04,-.004
2.261131,4.348774E-04,-1.907358E-04,-6.66667E-04
2.262131,2.594013E-04,-6.866502E-05,.002
2.263132,9.15532E-05,1.983652E-04,.001
2.264132,6.103562E-05,3.12807E-04,-6.66667E-04
2.265133,-2.28883E-05,4.119892E-04,6.66667E-04
2.266133,2.28883E-05,6.408729E-04,-.001
2.267133,2.365122E-04,4.88285E-04,.001
2.268134,-4.57766E-05,2.288828E-04,-.002
2.269135,9.918259E-05,1.602182E-04,-.002
2.270135,1.144414E-04,6.866502E-05,6.66667E-04
2.271136,1.3733E-04,-8.392381E-05,-.001
2.272136,3.051781E-05,-1.3733E-04,-.001
2.273137,1.144414E-04,-7.629453E-06,-.001
2.274137,3.662128E-04,3.814721E-05,-.002
2.275138,4.730243E-04,-6.103562E-05,-6.66667E-04
2.276138,7.629453E-06,-6.866502E-05,-3.66667E-03
2.277139,6.103562E-05,-4.57766E-05,.001
2.278139,1.3733E-04,-5.340599E-05,.001
2.27914,2.28883E-05,-1.602182E-04,-6.66667E-04
2.28014,-2.441425E-04,-1.297006E-04,.001
2.281141,-3.051781E-05,-1.449594E-04,-6.66667E-04
2.282141,1.831064E-04,-4.57766E-05,.001
2.283142,9.918259E-05,1.983652E-04,.001
2.284142,-9.15532E-05,-2.28883E-05,6.66667E-04
2.285143,3.814721E-05,-2.28883E-05,6.66667E-04
2.286143,-9.918259E-05,-1.983652E-04,6.66667E-04
2.287144,1.220712E-04,-7.629453E-06,-6.66667E-04
2.288144,3.585834E-04,5.340599E-05,-6.66667E-04
2.289145,2.212534E-04,7.629453E-06,.001
2.290145,-2.822895E-04,-2.212534E-04,6.66667E-04
2.291146,-1.983652E-04,-1.525888E-04,-.001
2.292146,-2.288828E-04,-1.602182E-04,-.001
2.293147,-2.517719E-04,-2.746601E-04,.001
2.294147,-4.348774E-04,-2.822895E-04,-6.66667E-04
2.295148,-2.365122E-04,-1.06812E-04,-.002
2.296148,-3.204364E-04,-1.525891E-05,-.001
2.297149,-1.678476E-04,1.678476E-04,-.001
2.298149,2.899189E-04,5.340599E-05,-.002
2.29915,4.501361E-04,1.449594E-04,-6.66667E-04
2.30015,8.392381E-05,-9.15532E-05,-6.66667E-04
2.301151,5.340599E-05,-1.297006E-04,-.002
2.302151,4.57766E-05,-1.602182E-04,6.66667E-04
2.303152,1.297006E-04,-1.3733E-04,-.001
2.304152,2.975482E-04,-4.57766E-05,-.001
2.305153,2.365122E-04,2.746601E-04,-.002
2.306153,6.103562E-05,4.348774E-04,-.002
2.307154,9.15532E-05,4.196186E-04,-6.66667E-04
2.308154,4.501361E-04,6.408729E-04,6.66667E-04
2.309155,3.662128E-04,4.88285E-04,-6.66667E-04
2.310155,4.425067E-04,3.814716E-04,-5.33333E-03
2.311156,5.264319E-04,1.144414E-04,-.001
2.312156,6.561317E-04,4.57766E-05,6.66667E-04
2.313157,4.196186E-04,1.75477E-04,-.002
2.314157,-6.866502E-05,1.678476E-04,-.001
2.315158,0,1.602182E-04,.001
2.316158,-5.340599E-05,-1.75477E-04,-.001
2.317159,-2.746601E-04,3.356952E-04,-6.66667E-04
2.318159,-2.670307E-04,6.179847E-04,-6.66667E-04
2.31916,-1.220712E-04,6.942786E-04,-6.66667E-04
2.32016,-1.907358E-04,5.035438E-04,-.001
2.321161,-1.602182E-04,3.051776E-04,-.001
2.322161,-1.144414E-04,1.3733E-04,-6.66667E-04
2.323162,-1.602182E-04,1.525888E-04,.001
2.324162,9.918259E-05,5.874671E-04,-.001
2.325163,1.06812E-04,4.348774E-04,-6.66667E-04
2.326163,-4.57766E-05,-2.28883E-05,-6.66667E-04
2.327164,-2.059946E-04,1.831064E-04,-.002
2.328164,-5.874671E-04,5.493201E-04,6.66667E-04
2.329165,-5.340613E-04,3.662128E-04,.001
2.330165,-3.204364E-04,1.3733E-04,-6.66667E-04
2.331166,-3.814716E-04,5.340599E-05,-.002
2.332166,-5.188026E-04,6.866502E-05,-.001
2.333167,-2.059946E-04,0,-6.66667E-04
2.334167,2.059946E-04,-5.188026E-04,-6.66667E-04
2.335168,3.12807E-04,-6.866492E-04,6.66667E-04
2.336168,1.144414E-04,-5.722083E-04,-.001
2.337169,0,-2.212534E-04,6.66667E-04
2.338169,-1.525891E-05,-6.866502E-05,-.002
2.33917,1.602182E-04,2.517719E-04,-6.66667E-04
2.34017,4.577655E-04,4.196186E-04,-.001
2.341171,7.095374E-04,2.594013E-04,-.002
2.342171,5.493201E-04,4.57766E-05,-2.33333E-03
2.343172,6.103553E-04,1.3733E-04,-6.66667E-04
2.344172,4.501361E-04,1.831064E-04,-.002
2.345173,-2.670307E-04,2.13624E-04,6.66667E-04
2.346173,-1.220712E-04,-7.629453E-06,6.66667E-04
2.347174,1.297006E-04,6.103562E-05,6.66667E-04
2.348174,3.738422E-04,1.602182E-04,2.33333E-03
2.349174,7.629441E-05,0,6.66667E-04
2.350175,1.525888E-04,-1.983652E-04,-.002
2.351176,2.594013E-04,1.525891E-05,-6.66667E-04
2.352176,3.433246E-04,2.212534E-04,.001
2.353177,3.12807E-04,1.907358E-04,-6.66667E-04
2.354177,3.738422E-04,1.602182E-04,-.001
2.355178,2.594013E-04,-1.602182E-04,-6.66667E-04
2.356178,3.051776E-04,-5.340599E-05,-3.66667E-03
2.357179,2.13624E-04,-3.50954E-04,-6.66667E-04
2.358179,3.280658E-04,-2.212534E-04,-6.66667E-04
2.359179,1.525888E-04,2.212534E-04,-.002
2.36018,-1.602182E-04,6.408729E-04,-6.66667E-04
2.361181,-3.433246E-04,1.167305E-03,6.66667E-04
2.362181,-2.594013E-04,6.561317E-04,-.002
2.363182,-2.899189E-04,1.907358E-04,-.001
2.364182,-2.975482E-04,1.983652E-04,.001
2.365183,-6.103562E-05,2.594013E-04,-6.66667E-04
2.366183,-2.28883E-05,4.043598E-04,.001
2.367184,-5.340599E-05,3.738422E-04,-6.66667E-04
2.368184,-2.28883E-05,2.288828E-04,-6.66667E-04
2.369184,-3.50954E-04,2.594013E-04,-6.66667E-04
2.370185,-3.89101E-04,2.670307E-04,6.66667E-04
2.371186,-9.15532E-05,1.220712E-04,-6.66667E-04
2.372186,1.75477E-04,1.220712E-04,-3.66667E-03
2.373187,-6.103562E-05,2.594013E-04,6.66667E-04
2.374187,-7.629441E-05,2.594013E-04,-6.66667E-04
2.375188,2.822895E-04,-1.220712E-04,-.002
2.376188,3.051781E-05,-2.746601E-04,-.001
2.377189,9.918259E-05,-4.27248E-04,.001
2.378189,3.814716E-04,-4.348774E-04,2.33333E-03
2.379189,3.433246E-04,-3.12807E-04,6.66667E-04
2.38019,1.907358E-04,-1.449594E-04,.001
2.381191,-5.340599E-05,-3.051781E-05,-6.66667E-04
2.382191,-2.13624E-04,-5.340599E-05,-6.66667E-04
2.383192,-1.06812E-04,6.866502E-05,6.66667E-04
2.384192,1.831064E-04,-7.629453E-06,-6.66667E-04
2.385193,9.15532E-05,1.525888E-04,.001
2.386193,6.103562E-05,-5.340599E-05,-6.66667E-04
2.387194,3.662128E-04,1.602182E-04,-3.66667E-03
2.388194,4.196186E-04,3.433246E-04,-.001
2.389194,3.051781E-05,3.50954E-04,.002
2.390195,7.629441E-05,4.348774E-04,-6.66667E-04
2.391196,-4.730243E-04,4.348774E-04,.001
2.392196,-6.103553E-04,2.517719E-04,-2.33333E-03
2.393197,-3.356952E-04,1.678476E-04,-6.66667E-04
2.394197,-2.517719E-04,3.967304E-04,-.001
2.395198,-2.517719E-04,1.678476E-04,-2.33333E-03
2.396198,-1.983652E-04,2.28883E-05,-.002
2.397199,-2.670307E-04,-8.392381E-05,-6.66667E-04
2.398199,-2.13624E-04,-2.288828E-04,-.002
2.399199,-3.662128E-04,-1.144414E-04,-.001
2.4002,-3.280658E-04,-1.06812E-04,-.001
2.401201,-2.28883E-05,6.103562E-05,6.66667E-04
2.402201,1.449594E-04,1.525888E-04,.002
2.403202,3.814721E-05,-2.212534E-04,.001
2.404202,5.340599E-05,-4.27248E-04,-6.66667E-04
2.405203,1.678476E-04,-5.111732E-04,-6.66667E-04
2.406203,4.043598E-04,-2.899189E-04,-.002
2.407204,1.602182E-04,0,6.66667E-04
2.408204,1.75477E-04,-9.918259E-05,-.002
2.409204,9.15532E-05,-5.340599E-05,-6.66667E-04
2.410205,2.517719E-04,2.212534E-04,-6.66667E-04
2.411206,2.746601E-04,1.983652E-04,-6.66667E-04
2.412206,3.50954E-04,3.967304E-04,-.001
2.413207,1.525888E-04,-5.340599E-05,-6.66667E-04
2.414207,7.629441E-05,-2.670307E-04,-.001
2.415208,-1.907358E-04,-3.356952E-04,-6.66667E-04
2.416208,-4.57766E-05,-2.670307E-04,-.001
2.417209,2.899189E-04,9.15532E-05,.001
2.418209,4.806537E-04,9.918259E-05,-.001
2.41921,3.204364E-04,9.15532E-05,-.002
2.42021,2.13624E-04,1.831064E-04,.001
2.421211,-4.57766E-05,6.103562E-05,.001
2.422211,-6.103562E-05,7.629441E-05,6.66667E-04
2.423212,-3.051781E-05,-1.297006E-04,-.001
2.424212,1.75477E-04,-2.746601E-04,-.001
2.425213,3.967304E-04,-1.602182E-04,-.002
2.426213,4.730243E-04,-2.746601E-04,-.002
2.427214,3.356952E-04,-1.06812E-04,-.002
2.428214,2.746601E-04,-3.280658E-04,-.002
2.429215,3.738422E-04,-2.670307E-04,6.66667E-04
2.430215,3.814716E-04,0,-.001
2.431216,2.746601E-04,1.3733E-04,.001
2.432216,5.111732E-04,-6.103562E-05,-6.66667E-04
2.433217,9.918259E-05,-2.365122E-04,-6.66667E-04
2.434217,-2.365122E-04,-4.501361E-04,.002
2.435218,-3.204364E-04,-2.670307E-04,-.001
2.436218,-2.517719E-04,-2.13624E-04,.001
2.437219,-1.525891E-05,-2.059946E-04,-6.66667E-04
2.438219,0,1.525888E-04,-.002
2.43922,0,2.288828E-04,-.001
2.44022,2.441425E-04,-1.3733E-04,-3.66667E-03
2.441221,4.043598E-04,-1.3733E-04,-.001
2.442221,5.416907E-04,-2.746601E-04,-.002
2.443222,2.670307E-04,-1.602182E-04,-.001
2.444222,-1.3733E-04,-1.525891E-05,-.001
2.445223,8.392381E-05,7.629453E-06,-.002
2.446223,4.57766E-05,1.06812E-04,-6.66667E-04
2.447224,1.525888E-04,2.899189E-04,6.66667E-04
2.448224,-9.918259E-05,2.288828E-04,-6.66667E-04
2.449225,0,-6.103562E-05,.001
2.450225,2.365122E-04,-6.866492E-04,.002
2.451226,9.918259E-05,-5.340613E-04,-.001
2.452226,1.831064E-04,-5.874671E-04,-6.66667E-04
2.453227,1.983652E-04,-4.57766E-05,.001
2.454227,-8.392381E-05,-2.13624E-04,-.001
2.455228,1.525891E-05,-7.629441E-05,-3.66667E-03
2.456228,1.144414E-04,-3.051781E-05,6.66667E-04
2.457229,1.983652E-04,5.340599E-05,6.66667E-04
2.458229,-5.340599E-05,-8.392381E-05,-3.66667E-03
2.45923,7.629453E-06,-1.06812E-04,-.002
2.46023,9.918259E-05,-2.059946E-04,-3.66667E-03
2.461231,-5.340599E-05,2.059946E-04,6.66667E-04
2.462231,-1.449594E-04,1.06812E-04,-.001
2.463232,-3.204364E-04,4.730243E-04,.001
2.464232,-2.288828E-04,6.332435E-04,6.66667E-04
2.465233,8.392381E-05,2.441425E-04,-.002
2.466233,2.288828E-04,9.918259E-05,.001
2.467234,1.220712E-04,1.525888E-04,-6.66667E-04
2.468234,1.220712E-04,2.746601E-04,6.66667E-04
2.469235,1.907358E-04,2.059946E-04,-.001
2.470235,3.738422E-04,2.899189E-04,-6.66667E-04
2.471236,3.280658E-04,1.831064E-04,.001
2.472236,2.899189E-04,1.525888E-04,.001
2.473237,3.89101E-04,1.525888E-04,-.002
2.474237,1.297006E-04,-2.288828E-04,-6.66667E-04
2.475238,-7.629453E-06,-2.670307E-04,-6.66667E-04
2.476238,-7.629441E-05,-1.06812E-04,-.001
2.477239,-1.602182E-04,-1.602182E-04,-.001
2.478239,1.75477E-04,4.57766E-05,-.001
2.47924,6.027259E-04,-2.28883E-05,-6.66667E-04
2.48024,1.449594E-04,-3.814721E-05,.001
2.481241,-2.670307E-04,-9.15532E-05,-.001
2.482241,-1.297006E-04,-3.814721E-05,-.001
2.483242,-4.119892E-04,9.918259E-05,-3.66667E-03
2.484242,-7.934608E-04,2.517719E-04,-.002
2.485243,-6.332435E-04,1.525888E-04,6.66667E-04
2.486243,-4.959144E-04,1.06812E-04,-3.66667E-03
2.487244,-2.670307E-04,2.594013E-04,-.001
2.488244,-3.585834E-04,3.89101E-04,6.66667E-04
2.489245,-7.629441E-05,4.653949E-04,-.001
2.490245,-1.449594E-04,6.866492E-04,6.66667E-04
2.491246,-1.602182E-04,3.89101E-04,-.002
2.492246,-2.670307E-04,3.204364E-04,-6.66667E-04
2.493247,-1.525888E-04,1.297006E-04,-.001
2.494247,-2.13624E-04,-6.103562E-05,-6.66667E-04
2.495248,-4.501361E-04,-4.88285E-04,-.002
2.496248,-3.814716E-04,-4.043598E-04,6.66667E-04
2.497249,-5.188026E-04,1.525888E-04,-6.66667E-04
2.498249,-6.790198E-04,5.493201E-04,-2.33333E-03
2.49925,-8.392371E-04,3.585834E-04,-.001
2.50025,-5.798377E-04,5.035438E-04,-.002
2.501251,-5.416907E-04,3.662128E-04,-6.66667E-04
2.502251,-1.083381E-03,3.814716E-04,6.66667E-04
2.503252,-8.850135E-04,6.103562E-05,-.002
2.504252,-2.594013E-04,0,6.66667E-04
2.505253,-6.103562E-05,1.525888E-04,-.001
2.506253,-1.220712E-04,4.57766E-05,-6.66667E-04
2.507254,-2.975482E-04,-1.983652E-04,6.66667E-04
2.508254,-1.831064E-04,3.051781E-05,-.002
2.509255,-8.392381E-05,8.392381E-05,-6.66667E-04
2.510255,-1.678476E-04,9.918259E-05,-.001
2.511256,-6.866502E-05,6.866502E-05,-6.66667E-04
2.512256,-2.13624E-04,2.059946E-04,.001
2.513257,-2.212534E-04,9.918259E-05,-6.66667E-04
2.514257,-4.348774E-04,1.525888E-04,.002
2.515258,-1.297006E-04,-5.340599E-05,-.002
2.516258,-1.449594E-04,-3.051781E-05,-6.66667E-04
2.517259,-2.365122E-04,-1.525888E-04,-6.66667E-04
2.518259,2.899189E-04,-3.12807E-04,-.001
2.51926,3.50954E-04,-2.670307E-04,-.001
2.52026,-6.103562E-05,-1.06812E-04,6.66667E-04
2.521261,-1.525891E-05,-9.918259E-05,-.001
2.522261,3.12807E-04,-3.204364E-04,6.66667E-04
2.523262,1.144414E-04,-2.822895E-04,6.66667E-04
2.524262,-1.525891E-05,-2.441425E-04,.002
2.525263,3.50954E-04,-4.27248E-04,-.001
2.526263,3.12807E-04,-4.27248E-04,-6.66667E-04
2.527264,4.57766E-05,-3.356952E-04,-3.66667E-03
2.528264,1.525891E-05,-1.602182E-04,-.001
2.529265,2.059946E-04,3.814721E-05,.001
2.530265,3.12807E-04,0,-6.66667E-04
2.531266,2.288828E-04,2.975482E-04,-6.66667E-04
2.532266,2.899189E-04,2.594013E-04,-.001
2.533267,1.525888E-04,1.678476E-04,-.001
2.534267,1.831064E-04,-4.57766E-05,-.001
2.535268,5.188026E-04,-1.3733E-04,-6.66667E-04
2.536268,4.577655E-04,-1.525888E-04,6.66667E-04
2.537269,4.730243E-04,-4.27248E-04,-.002
2.538269,3.204364E-04,-2.13624E-04,-3.66667E-03
2.53927,2.899189E-04,1.297006E-04,2.33333E-03
2.54027,1.678476E-04,-2.13624E-04,-.001
2.541271,4.57766E-05,-2.13624E-04,-.002
2.542271,4.57766E-05,-1.831064E-04,-6.66667E-04
2.543272,1.907358E-04,-1.06812E-04,-6.66667E-04
2.544272,2.13624E-04,-1.449594E-04,-6.66667E-04
2.545273,2.13624E-04,-3.12807E-04,.001
2.546273,6.866502E-05,-3.12807E-04,-.001
2.547274,-6.866502E-05,-3.585834E-04,.001
2.548274,-2.13624E-04,-1.983652E-04,-.001
2.549275,-4.959144E-04,-2.288828E-04,-6.66667E-04
2.550275,-4.425067E-04,-1.907358E-04,-.002
2.551276,-2.365122E-04,1.907358E-04,-.001
2.552276,-5.340613E-04,6.866502E-05,-6.66667E-04
2.553277,-1.48011E-03,3.051776E-04,-.001
2.554277,-2.662674E-03,4.730243E-04,6.66667E-04
2.555278,-3.372207E-03,3.051776E-04,6.66667E-04
2.556278,-4.547149E-03,1.525888E-04,-.002
2.557279,-6.835967E-03,1.449594E-04,-.002
2.558279,-1.036078E-02,2.746601E-04,.001
2.55928,-1.295477E-02,6.256141E-04,-6.66667E-04
2.56028,-1.480108E-02,5.722083E-04,-.002
2.561281,-1.607525E-02,4.196186E-04,.001
2.562281,-1.599896E-02,1.983652E-04,-.001
2.563282,-1.486212E-02,3.738422E-04,-6.66667E-04
2.564282,-1.251227E-02,5.798377E-04,-3.66667E-03
2.565283,-1.011664E-02,3.12807E-04,.001
2.566283,-7.766753E-03,-6.866502E-05,6.66667E-04
2.567284,-5.813628E-03,6.103562E-05,-6.66667E-04
2.568284,-4.364043E-03,4.57766E-05,-6.66667E-04
2.569285,-3.112808E-03,9.15532E-05,.002
2.570285,-2.304092E-03,1.220712E-04,-.001
2.571286,-1.403816E-03,3.814721E-05,-6.66667E-04
2.572286,-8.316077E-04,1.144414E-04,.001
2.573287,-8.468665E-04,3.738422E-04,-.001
2.574287,-6.103553E-04,1.3733E-04,-.002
2.575288,4.57766E-05,-2.13624E-04,-.001
2.576288,2.28883E-05,-1.678476E-04,-.001
2.577289,7.629453E-06,-8.392381E-05,-3.66667E-03
2.578289,1.831064E-04,-1.75477E-04,-6.66667E-04
2.57929,1.75477E-04,-3.356952E-04,-6.66667E-04
2.58029,9.918259E-05,-2.746601E-04,-6.66667E-04
2.581291,9.15532E-05,-1.144414E-04,-6.66667E-04
2.582291,1.983652E-04,-3.814716E-04,-2.33333E-03
2.583292,4.119892E-04,-6.256141E-04,-6.66667E-04
2.584292,1.06812E-04,-5.493201E-04,-6.66667E-04
2.585293,-5.340599E-05,-8.392381E-05,.001
2.586293,7.629441E-05,-3.204364E-04,-6.66667E-04
2.587294,-1.907358E-04,-4.043598E-04,-.002
2.588294,-2.212534E-04,-3.356952E-04,-.001
2.589295,9.15532E-05,-4.425067E-04,-.001
2.590295,3.585834E-04,-3.738422E-04,-3.66667E-03
2.591296,6.103562E-05,-2.594013E-04,6.66667E-04
2.592296,-2.670307E-04,-2.28883E-05,.001
2.593297,-3.738422E-04,-1.525888E-04,-.001
2.594297,-2.517719E-04,-3.738422E-04,6.66667E-04
2.595298,1.678476E-04,-4.501361E-04,-.002
2.596298,-1.831064E-04,-1.75477E-04,-6.66667E-04
2.597299,1.525891E-05,-6.256141E-04,.001
2.598299,2.822895E-04,-8.697547E-04,-6.66667E-04
2.5993,4.043598E-04,-2.13624E-04,-6.66667E-04
2.6003,2.28883E-05,-1.06812E-04,-3.66667E-03
2.601301,6.866502E-05,2.059946E-04,-.002
2.602301,-3.356952E-04,4.730243E-04,-6.66667E-04
2.603302,-4.88285E-04,2.517719E-04,-2.33333E-03
2.604302,-5.340613E-04,1.3733E-04,-6.66667E-04
2.605303,-6.103562E-05,-4.577655E-04,.001
2.606303,3.12807E-04,-3.433246E-04,-.001
2.607304,3.12807E-04,-3.50954E-04,-.001
2.608304,-2.28883E-05,-5.798377E-04,6.66667E-04
2.609305,-1.06812E-04,-3.280658E-04,.001
2.610305,-1.831064E-04,-2.28883E-05,-6.66667E-04
2.611306,-3.585834E-04,-7.629441E-05,-.002
2.612306,-1.525891E-05,-6.866502E-05,-.002
2.613307,-7.629453E-06,1.220712E-04,-6.66667E-04
2.614307,2.670307E-04,3.051776E-04,6.66667E-04
2.615308,1.525888E-04,5.035438E-04,-.001
2.616308,-9.15532E-05,1.678476E-04,2.33333E-03
2.617309,-2.13624E-04,4.57766E-05,6.66667E-04
2.618309,-3.585834E-04,1.3733E-04,-6.66667E-04
2.61931,-2.822895E-04,-6.866502E-05,-.001
2.62031,-1.678476E-04,-4.57766E-05,.002
2.621311,-2.594013E-04,2.365122E-04,.001
2.622311,-3.204364E-04,3.12807E-04,-.001
2.623312,-1.3733E-04,4.730243E-04,.002
2.624312,-6.332435E-04,2.746601E-04,6.66667E-04
2.625313,-6.866492E-04,-2.28883E-05,2.33333E-03
2.626313,-2.13624E-04,8.392381E-05,6.66667E-04
2.627314,-1.449594E-04,1.220712E-04,-.001
2.628314,-3.204364E-04,4.57766E-05,-2.33333E-03
2.629315,1.525891E-05,1.449594E-04,-.001
2.630315,4.57766E-05,2.059946E-04,-.002
2.631316,1.144414E-04,7.629453E-06,6.66667E-04
2.632316,9.918259E-05,0,-.001
2.633317,-3.12807E-04,2.059946E-04,-.001
2.634317,-2.594013E-04,3.585834E-04,-.002
2.635318,-2.13624E-04,1.449594E-04,-.001
2.636318,-1.449594E-04,7.629441E-05,.001
2.637319,-2.594013E-04,3.662128E-04,-6.66667E-04
2.638319,-2.365122E-04,9.15532E-05,-.002
2.63932,-2.288828E-04,1.983652E-04,-6.66667E-04
2.64032,-2.13624E-04,3.051781E-05,.001
2.641321,-1.449594E-04,-1.449594E-04,-.001
2.642321,-3.738422E-04,-1.907358E-04,-.001
2.643322,-6.866492E-04,-1.525891E-05,-2.33333E-03
2.644322,-7.247962E-04,5.340599E-05,-6.66667E-04
2.645323,-6.332435E-04,-7.629453E-06,-.001
2.646323,-1.831064E-04,9.15532E-05,-.002
2.647324,2.059946E-04,6.103562E-05,-.001
2.648324,1.678476E-04,6.866502E-05,-.001
2.649325,1.297006E-04,1.220712E-04,-.001
2.650325,1.983652E-04,2.594013E-04,-6.66667E-04
2.651326,-8.392381E-05,1.907358E-04,-6.66667E-04
2.652326,-4.27248E-04,2.212534E-04,6.66667E-04
2.653327,-6.103553E-04,4.730243E-04,-6.66667E-04
2.654327,-3.738422E-04,6.866492E-04,-.002
2.655328,-2.13624E-04,3.967304E-04,-2.33333E-03
2.656328,0,2.517719E-04,-.002
2.657329,1.449594E-04,9.918259E-05,6.66667E-04
2.658329,-1.678476E-04,-2.441425E-04,-.002
2.65933,-2.13624E-04,-3.204364E-04,-.001
2.66033,-1.525888E-04,-4.577655E-04,.002
2.661331,-1.907358E-04,-7.629441E-05,-6.66667E-04
2.662331,-2.365122E-04,1.3733E-04,6.66667E-04
2.663332,-1.449594E-04,-1.220712E-04,-6.66667E-04
2.664332,-1.3733E-04,-4.577655E-04,-2.33333E-03
2.665333,-5.874671E-04,-4.577655E-04,-.002
2.666333,-6.408729E-04,-4.57766E-05,-.002
2.667334,-2.822895E-04,-4.57766E-05,.001
2.668334,-2.670307E-04,1.525888E-04,-2.33333E-03
2.669335,-1.831064E-04,2.059946E-04,-3.66667E-03
2.670335,-1.525888E-04,1.449594E-04,6.66667E-04
2.671336,-2.13624E-04,4.348774E-04,-.002
2.672336,-1.06812E-04,4.88285E-04,6.66667E-04
2.673337,-9.918259E-05,3.12807E-04,.001
2.674337,-3.12807E-04,1.144414E-04,.001
2.675338,-4.653949E-04,1.525888E-04,.002
2.676338,-2.594013E-04,0,.002
2.677339,9.918259E-05,6.103562E-05,-6.66667E-04
2.678339,3.356952E-04,2.365122E-04,2.33333E-03
2.67934,-5.340599E-05,5.340599E-05,.001
2.68034,-2.746601E-04,2.059946E-04,-6.66667E-04
2.681341,-3.585834E-04,1.144414E-04,-6.66667E-04
2.682341,-6.027259E-04,1.449594E-04,6.66667E-04
2.683342,-2.670307E-04,2.975482E-04,.001
2.684342,2.517719E-04,1.525888E-04,-.001
2.685343,4.043598E-04,4.57766E-05,-6.66667E-04
2.686343,5.111732E-04,-3.280658E-04,-6.66667E-04
2.687344,1.449594E-04,-2.975482E-04,-.001
2.688344,3.814721E-05,-7.629453E-06,-3.66667E-03
2.689345,-1.297006E-04,2.13624E-04,6.66667E-04
2.690345,-1.3733E-04,1.144414E-04,-.002
2.691346,-4.57766E-05,-1.06812E-04,-6.66667E-04
2.692346,4.57766E-05,5.340599E-05,-2.33333E-03
2.693347,-2.746601E-04,2.517719E-04,-.001
2.694347,-4.959144E-04,2.670307E-04,-.002
2.695348,-6.713904E-04,2.212534E-04,-6.66667E-04
2.696348,-6.561317E-04,-1.144414E-04,-.001
2.697349,-2.899189E-04,-5.340599E-05,-.001
2.698349,-9.918259E-05,4.57766E-05,2.33333E-03
2.69935,-1.831064E-04,1.983652E-04,-.001
2.70035,-3.738422E-04,4.730243E-04,-.001
2.701351,-2.288828E-04,6.103553E-04,-2.33333E-03
2.702351,5.340599E-05,2.517719E-04,-.002
2.703352,-7.629453E-06,1.525888E-04,.001
2.704352,-3.814721E-05,-2.28883E-05,.001
2.705353,2.212534E-04,5.340599E-05,-.002
2.706353,3.814721E-05,2.822895E-04,-6.66667E-04
2.707354,2.28883E-05,5.035438E-04,-6.66667E-04
2.708354,9.918259E-05,3.280658E-04,-.002
2.709355,2.059946E-04,7.629441E-05,-.002
2.710355,1.75477E-04,-1.144414E-04,-.001
2.711356,-1.602182E-04,-1.602182E-04,-.001
2.712356,-5.340613E-04,3.662128E-04,.001
2.713357,-5.416907E-04,3.89101E-04,-6.66667E-04
2.714357,-3.280658E-04,5.035438E-04,-6.66667E-04
2.715358,-3.204364E-04,4.653949E-04,.001
2.716358,-4.043598E-04,3.204364E-04,-2.33333E-03
2.717359,-5.569495E-04,2.365122E-04,.001
2.718359,-7.40055E-04,1.297006E-04,-3.66667E-03
2.71936,-9.155311E-04,2.899189E-04,6.66667E-04
2.72036,-1.052864E-03,4.57766E-05,-.002
2.721361,-1.457222E-03,-3.814721E-05,-6.66667E-04
2.722361,-1.823433E-03,4.57766E-05,-.002
2.723362,-2.288833E-03,7.629453E-06,-2.33333E-03
2.724362,-2.525344E-03,0,-6.66667E-04
2.725363,-3.34169E-03,7.629453E-06,-6.66667E-04
2.726363,-4.386932E-03,-4.57766E-05,-.001
2.727364,-5.973846E-03,-3.814721E-05,-6.66667E-04
2.728364,-7.247955E-03,1.297006E-04,-.001
2.729365,-8.110106E-03,3.12807E-04,-6.66667E-04
2.730365,-9.468138E-03,1.907358E-04,.002
2.731366,-1.160437E-02,1.3733E-04,-3.66667E-03
2.732366,-1.367956E-02,1.983652E-04,-.002
2.733367,-1.521307E-02,-2.212534E-04,.001
2.734367,-1.593792E-02,9.15532E-05,6.66667E-04
2.735368,-1.647961E-02,7.629453E-06,-.002
2.736368,-1.621258E-02,6.103562E-05,.001
2.737369,-1.562512E-02,4.653949E-04,6.66667E-04
2.738369,-1.430517E-02,5.188026E-04,-6.66667E-04
2.73937,-.0128327,2.288828E-04,-.001
2.74037,-1.130682E-02,-1.525891E-05,-.002
2.741371,-9.285033E-03,0,-.001
2.742371,-7.064849E-03,8.392381E-05,-6.66667E-04
2.743372,-.0055466,3.585834E-04,-.001
2.744372,-4.455596E-03,2.822895E-04,6.66667E-04
2.745373,-3.242508E-03,2.441425E-04,2.33333E-03
2.746373,-2.647415E-03,3.12807E-04,6.66667E-04
2.747374,-2.616897E-03,5.798377E-04,2.33333E-03
2.748374,-2.349868E-03,3.585834E-04,-.001
2.749375,-1.907356E-03,5.493201E-04,-.001
2.750375,-1.434334E-03,4.57766E-05,-6.66667E-04
2.751376,-8.163489E-04,-2.822895E-04,.001
2.752376,-7.78202E-04,-1.06812E-04,-6.66667E-04
2.753377,-8.697547E-04,-1.831064E-04,.001
2.754377,-7.324256E-04,-1.602182E-04,-2.33333E-03
2.755378,-6.790198E-04,-3.204364E-04,.001
2.756378,-5.416907E-04,-2.975482E-04,-6.66667E-04
2.757379,-2.822895E-04,-2.441425E-04,.002
2.758379,-5.416907E-04,9.15532E-05,-.001
2.75938,-6.179847E-04,5.874671E-04,.001
2.76038,-6.408729E-04,7.171668E-04,-.002
2.761381,-7.934608E-04,3.051776E-04,6.66667E-04
2.762381,-8.468665E-04,6.866502E-05,-6.66667E-04
2.763382,-6.713904E-04,1.297006E-04,-.001
2.764382,-7.324256E-04,1.75477E-04,.001
2.765383,-6.256141E-04,2.13624E-04,.001
2.766383,-5.722083E-04,6.713904E-04,-6.66667E-04
2.767384,-7.858314E-04,8.468665E-04,-.002
2.768384,-7.40055E-04,5.264319E-04,-.002
2.769385,-7.629432E-04,0,-6.66667E-04
2.770385,-9.079017E-04,2.365122E-04,-.002
2.771386,-9.7657E-04,2.059946E-04,-.002
2.772386,-1.007088E-03,2.059946E-04,-2.33333E-03
2.773387,-1.037605E-03,3.814716E-04,-.001
2.774387,-1.152046E-03,5.035438E-04,-.001
2.775388,-8.773841E-04,3.967304E-04,6.66667E-04
2.776388,-1.190193E-03,4.119892E-04,-2.33333E-03
2.777389,-9.155311E-04,1.297006E-04,6.66667E-04
2.778389,-5.188026E-04,-7.629453E-06,-6.66667E-04
2.77939,-6.790198E-04,1.297006E-04,.001
2.78039,-6.942786E-04,3.12807E-04,-.002
2.781391,-7.247962E-04,2.288828E-04,-.002
2.782391,-7.934608E-04,3.814721E-05,6.66667E-04
2.783392,-8.773841E-04,0,-.001
2.784392,-8.392371E-04,2.13624E-04,.001
2.785393,-7.247962E-04,5.645789E-04,.001
2.786393,-8.239783E-04,5.645789E-04,-6.66667E-04
2.787394,-8.392371E-04,3.585834E-04,-.001
2.788394,-9.994581E-04,5.722083E-04,-.002
2.789395,-1.174934E-03,2.288828E-04,-.001
2.790395,-8.316077E-04,9.918259E-05,.002
2.791396,-8.926429E-04,3.585834E-04,6.66667E-04
2.792396,-1.289375E-03,0,6.66667E-04
2.793397,-1.449592E-03,-1.602182E-04,6.66667E-04
2.794397,-1.808174E-03,-1.983652E-04,-.001
2.795398,-1.647957E-03,1.3733E-04,.002
2.796398,-1.693733E-03,3.89101E-04,-.002
2.797399,-2.304092E-03,2.517719E-04,-.001
2.798399,-2.540603E-03,3.585834E-04,-3.66667E-03
2.7994,-2.899185E-03,6.63761E-04,6.66667E-04
2.8004,-3.456131E-03,6.790198E-04,-.001
2.801401,-4.303008E-03,1.907358E-04,-.001
2.802401,-4.65396E-03,9.15532E-05,-.001
2.803402,-5.180389E-03,1.525888E-04,6.66667E-04
2.804402,-6.027251E-03,3.356952E-04,-6.66667E-04
2.805403,-7.278472E-03,4.501361E-04,-.001
2.806403,-8.155882E-03,1.678476E-04,.001
2.807404,-8.613646E-03,-2.365122E-04,-.002
2.808404,-9.079039E-03,-2.517719E-04,-2.33333E-03
2.809405,-9.094298E-03,-2.441425E-04,-3.66667E-03
2.810405,-8.880675E-03,7.629441E-05,.001
2.811406,-8.400023E-03,3.585834E-04,.001
2.812406,-8.194029E-03,4.57766E-05,-2.33333E-03
2.813407,-7.530242E-03,3.662128E-04,6.66667E-04
2.814407,-6.813079E-03,4.119892E-04,-6.66667E-04
2.815408,-5.516082E-03,1.525888E-04,-.001
2.816408,-4.28012E-03,2.670307E-04,6.66667E-04
2.817409,-3.723159E-03,3.356952E-04,.001
2.818409,-2.96022E-03,3.051776E-04,-.001
2.81941,-2.571121E-03,2.059946E-04,-.001
2.82041,-2.700821E-03,2.441425E-04,6.66667E-04
2.821411,-2.647415E-03,3.814721E-05,6.66667E-04
2.822411,-2.433792E-03,7.629441E-05,-.001
2.823412,-1.747139E-03,-2.28883E-05,-.002
2.824412,-1.441963E-03,2.212534E-04,6.66667E-04
2.825413,-1.174934E-03,9.918259E-05,-2.33333E-03
2.826413,-9.307899E-04,3.051781E-05,-2.33333E-03
2.827414,-4.577655E-04,1.907358E-04,-.002
2.828414,-6.256141E-04,9.15532E-05,.001
2.829415,-7.01908E-04,7.629453E-06,-6.66667E-04
2.830415,-6.713904E-04,-2.288828E-04,-6.66667E-04
2.831416,-6.866492E-04,3.051781E-05,-2.33333E-03
2.832416,-7.247962E-04,2.059946E-04,.001
2.833417,-5.188026E-04,5.340613E-04,-.002
2.834417,-7.40055E-04,3.280658E-04,-6.66667E-04
2.835418,-1.007088E-03,2.059946E-04,6.66667E-04
2.836418,-1.159675E-03,4.27248E-04,-6.66667E-04
2.837419,-1.129158E-03,2.288828E-04,.001
2.838419,-9.613074E-04,4.425067E-04,-6.66667E-04
2.83942,-8.773841E-04,1.75477E-04,-6.66667E-04
2.84042,-7.705726E-04,2.365122E-04,-6.66667E-04
2.841421,-8.392371E-04,3.051776E-04,6.66667E-04
2.842421,-7.095374E-04,3.12807E-04,-6.66667E-04
2.843422,-5.569495E-04,2.441425E-04,-.002
2.844422,-6.713904E-04,2.13624E-04,-6.66667E-04
2.845423,-6.103553E-04,3.738422E-04,6.66667E-04
2.846423,-8.697547E-04,2.822895E-04,3.66667E-03
2.847424,-9.231605E-04,5.340599E-05,-2.33333E-03
2.848424,-1.113899E-03,2.975482E-04,6.66667E-04
2.849425,-1.365669E-03,2.212534E-04,.001
2.850425,-1.541145E-03,1.220712E-04,.001
2.851426,-1.35041E-03,1.06812E-04,-.002
2.852426,-1.281746E-03,1.525888E-04,6.66667E-04
2.853427,-1.502998E-03,3.051781E-05,-6.66667E-04
2.854427,-1.770027E-03,6.103562E-05,-2.33333E-03
2.855428,-1.907356E-03,4.57766E-05,.001
2.856428,-1.846321E-03,1.525888E-04,-6.66667E-04
2.857429,-1.976028E-03,4.196186E-04,.001
2.858429,-1.968399E-03,7.324256E-04,.001
2.85943,-1.495369E-03,6.63761E-04,-2.33333E-03
2.86043,-1.319893E-03,6.790198E-04,-.002
2.861431,-1.335151E-03,1.297006E-04,-.001
2.862431,-1.625068E-03,1.297006E-04,6.66667E-04
2.863432,-1.640327E-03,3.356952E-04,-.002
2.864432,-1.770027E-03,6.485023E-04,-6.66667E-04
2.865433,-1.411445E-03,7.476844E-04,-.001
2.866433,-1.197822E-03,6.485023E-04,-6.66667E-04
2.867434,-1.258858E-03,6.332435E-04,6.66667E-04
2.868434,-1.10627E-03,3.967304E-04,-6.66667E-04
2.869435,-9.613074E-04,2.28883E-05,.001
2.870435,-1.121528E-03,-1.3733E-04,-2.33333E-03
2.871436,-1.052864E-03,7.629441E-05,-2.33333E-03
2.872436,-1.380928E-03,2.13624E-04,-6.66667E-04
2.873437,-1.777656E-03,1.3733E-04,-.001
2.874437,-1.747139E-03,3.051781E-05,-.002
2.875438,-1.747139E-03,-2.517719E-04,6.66667E-04
2.876438,-2.044693E-03,-6.332435E-04,-.001
2.877439,-2.555862E-03,-4.577655E-04,-6.66667E-04
2.878439,-2.777115E-03,-2.441425E-04,-.002
2.87944,-3.21199E-03,-1.678476E-04,-2.33333E-03
2.88044,-3.761306E-03,-2.13624E-04,-.001
2.881441,-4.226714E-03,-1.75477E-04,6.66667E-04
2.882441,-5.073577E-03,-9.15532E-05,-6.66667E-04
2.883442,-6.385833E-03,-2.594013E-04,-.001
2.884442,-8.239806E-03,-4.119892E-04,-.002
2.885443,-1.113135E-02,-4.043598E-04,6.66667E-04
2.886443,-1.476294E-02,-6.027259E-04,-.001
2.887444,-1.888287E-02,-1.190193E-03,-.001
2.888444,-2.297986E-02,-1.808174E-03,-.001
2.889445,-2.804577E-02,-2.220169E-03,-6.66667E-04
2.890445,-3.399682E-02,-2.792373E-03,-.002
2.891446,-3.979516E-02,-3.34169E-03,.001
2.892446,-4.452538E-02,-4.173309E-03,-6.66667E-04
2.893447,-.0475924,-4.577667E-03,-.001
2.894447,-4.938531E-02,-4.203826E-03,-6.66667E-04
2.895448,-4.847741E-02,-3.891006E-03,-.002
2.896448,-4.525781E-02,-3.372207E-03,-.001
2.897449,-4.098535E-02,-2.731338E-03,-6.66667E-04
2.898449,-3.616357E-02,-2.197281E-03,.001
2.89945,-3.095257E-02,-1.190193E-03,-6.66667E-04
2.90045,-2.568066E-02,-4.959144E-04,6.66667E-04
2.901451,-.0203172,-3.051781E-05,-.002
2.902451,-1.605999E-02,-1.220712E-04,-.002
2.903452,-1.232153E-02,-2.517719E-04,-6.66667E-04
2.904452,-9.300292E-03,-1.983652E-04,-.002
2.905453,-7.080108E-03,2.975482E-04,-6.66667E-04
2.906453,-5.676299E-03,3.280658E-04,6.66667E-04
2.907454,-4.180938E-03,2.212534E-04,.002
2.908454,-3.021255E-03,2.28883E-05,.001
2.909455,-2.319351E-03,1.525891E-05,.001
2.910455,-1.800545E-03,-1.678476E-04,6.66667E-04
2.911456,-1.800545E-03,9.918259E-05,6.66667E-04
2.912456,-1.678474E-03,-2.28883E-05,6.66667E-04
2.913457,-1.693733E-03,0,.002
2.914457,-1.770027E-03,-2.670307E-04,-.002
2.915458,-2.128616E-03,-1.75477E-04,-.002
2.916458,-2.433792E-03,9.15532E-05,.001
2.917459,-2.685562E-03,2.822895E-04,6.66667E-04
2.918459,-2.761856E-03,1.831064E-04,-6.66667E-04
2.91946,-2.815261E-03,2.13624E-04,.001
2.92046,-2.70845E-03,3.204364E-04,.001
2.921461,-2.891555E-03,5.722083E-04,-.001
2.922461,-3.166214E-03,2.594013E-04,-.002
2.923462,-3.067032E-03,2.288828E-04,6.66667E-04
2.924462,-2.746597E-03,5.035438E-04,-6.66667E-04
2.925463,-2.761856E-03,6.790198E-04,-.002
2.926463,-2.532974E-03,5.569495E-04,-.002
2.927464,-2.159134E-03,4.043598E-04,-6.66667E-04
2.928464,-2.08284E-03,5.340613E-04,.001
2.929465,-2.021804E-03,6.942786E-04,-.002
2.930465,-2.059951E-03,1.174934E-03,.001
2.931466,-2.143875E-03,9.994581E-04,.001
2.932466,-1.838692E-03,7.40055E-04,-6.66667E-04
2.933467,-1.831062E-03,5.264319E-04,-6.66667E-04
2.934467,-1.625068E-03,3.814716E-04,-2.33333E-03
2.935468,-1.472481E-03,2.517719E-04,.001
2.936468,-1.487739E-03,8.392381E-05,-.001
2.937469,-1.655586E-03,9.15532E-05,6.66667E-04
2.938469,-2.014175E-03,2.899189E-04,.001
2.93947,-2.502456E-03,3.585834E-04,.001
2.94047,-3.227249E-03,2.28883E-05,.001
2.941471,-3.326431E-03,-1.220712E-04,.001
2.942471,-3.623977E-03,-3.280658E-04,-.001
2.943472,-4.142791E-03,-7.629441E-05,-6.66667E-04
2.944472,-5.065948E-03,-9.15532E-05,.001
2.945473,-5.752593E-03,-1.297006E-04,2.33333E-03
2.946473,-6.919891E-03,-1.602182E-04,-.001
2.947474,-8.926451E-03,-2.670307E-04,6.66667E-04
2.948474,-1.120001E-02,-5.188026E-04,-.001
2.949475,-1.417547E-02,-8.926429E-04,-.002
2.950475,-1.811993E-02,-1.174934E-03,-6.66667E-04
2.951476,-2.297986E-02,-1.335151E-03,.001
2.952476,-.0284425,-1.670845E-03,.001
2.953477,-3.376031E-02,-2.670303E-03,-3.66667E-03
2.954477,-3.921533E-02,-3.58583E-03,-3.66667E-03
2.955478,-4.534936E-02,-4.40219E-03,-.002
2.956478,-5.122399E-02,-5.050689E-03,-6.66667E-04
2.957479,-5.630517E-02,-5.828887E-03,6.66667E-04
2.958479,-5.936456E-02,-6.446868E-03,.001
2.95948,-6.037164E-02,-6.446868E-03,-.001
2.96048,-5.942559E-02,-6.55368E-03,-.002
2.961481,-5.651879E-02,-6.080657E-03,-.001
2.962481,-5.226159E-02,-5.592376E-03,-.002
2.963482,-4.701257E-02,-4.600555E-03,6.66667E-04
2.964482,-4.083276E-02,-3.646865E-03,-.002
2.965483,-3.450799E-02,-3.013626E-03,6.66667E-04
2.966483,-.0287019,-2.273574E-03,.001
2.967484,-2.313244E-02,-1.464851E-03,.002
2.968484,-1.866162E-02,-9.7657E-04,-6.66667E-04
2.969485,-1.499945E-02,-5.035438E-04,-.001
2.970485,-1.183325E-02,-1.602182E-04,.002
2.971486,-9.582579E-03,3.356952E-04,-.001
2.972486,-7.865965E-03,5.950965E-04,-6.66667E-04
2.973487,-6.568938E-03,7.858314E-04,6.66667E-04
2.974487,-5.394012E-03,8.392371E-04,-.002
2.975488,-4.28012E-03,8.621253E-04,-6.66667E-04
2.976488,-.0038376,5.798377E-04,-.001
2.977489,-3.379837E-03,7.095374E-04,-6.66667E-04
2.978489,-2.861038E-03,3.50954E-04,-.001
2.97949,-2.441421E-03,4.348774E-04,-.002
2.98049,-2.174392E-03,5.798377E-04,-6.66667E-04
2.981491,-2.067581E-03,6.561317E-04,-.001
2.982491,-2.136245E-03,4.425067E-04,.001
2.983492,-1.838692E-03,9.15532E-05,-.001
2.984492,-1.693733E-03,7.629441E-05,-.002
2.985493,-1.808174E-03,2.365122E-04,6.66667E-04
2.986493,-1.747139E-03,5.569495E-04,6.66667E-04
2.987494,-1.968399E-03,6.103553E-04,-2.33333E-03
2.988494,-2.594009E-03,5.188026E-04,-.001
2.989495,-2.670303E-03,6.713904E-04,.002
2.990495,-2.677932E-03,4.959144E-04,-6.66667E-04
2.991496,-2.182022E-03,3.662128E-04,-6.66667E-04
2.992496,-2.250686E-03,1.220712E-04,6.66667E-04
2.993497,-2.349868E-03,1.678476E-04,6.66667E-04
2.994497,-2.563491E-03,3.051776E-04,-.002
2.995498,-2.983108E-03,3.662128E-04,.001
2.996498,-2.792373E-03,2.975482E-04,-.001
2.997499,-2.410904E-03,3.12807E-04,6.66667E-04
2.998499,-2.433792E-03,4.88285E-04,.001
2.9995,-2.052322E-03,6.027259E-04,6.66667E-04
3.0005,-2.265945E-03,6.179847E-04,-.001
3.001501,-2.510086E-03,4.653949E-04,-6.66667E-04
3.002501,-2.380386E-03,6.332435E-04,.001
3.003502,-2.197281E-03,4.959144E-04,.001
3.004502,-1.747139E-03,6.103553E-04,6.66667E-04
3.005503,-1.274116E-03,4.196186E-04,.001
3.006503,-1.48011E-03,4.577655E-04,-6.66667E-04
3.007504,-1.297005E-03,5.493201E-04,-6.66667E-04
3.008504,-1.571663E-03,5.722083E-04,6.66667E-04
3.009505,-1.556404E-03,3.356952E-04,.001
3.010505,-1.846321E-03,3.433246E-04,-.002
3.011506,-1.693733E-03,9.15532E-05,-.001
3.012506,-1.640327E-03,2.28883E-05,6.66667E-04
3.013507,-1.95314E-03,2.441425E-04,6.66667E-04
3.014507,-1.777656E-03,5.874671E-04,-6.66667E-04
3.015508,-1.571663E-03,5.035438E-04,.001
3.016508,-1.533516E-03,4.425067E-04,.001
3.017509,-1.647957E-03,2.441425E-04,-.001
3.018509,-1.815803E-03,5.264319E-04,-6.66667E-04
3.01951,-1.930244E-03,4.425067E-04,-6.66667E-04
3.02051,-2.227798E-03,2.975482E-04,-.001
3.021511,-2.182022E-03,1.449594E-04,.001
3.022511,-2.479568E-03,-9.15532E-05,.002
3.023512,-2.83052E-03,2.059946E-04,-.002
3.024512,-3.486648E-03,4.196186E-04,-.001
3.025513,-4.02835E-03,5.264319E-04,6.66667E-04
3.026513,-4.65396E-03,6.332435E-04,-.002
3.027514,-5.867034E-03,7.095374E-04,-6.66667E-04
3.028514,-7.080108E-03,3.433246E-04,6.66667E-04
3.029515,-8.148253E-03,4.57766E-05,-2.33333E-03
3.030515,-9.407103E-03,-1.602182E-04,-.002
3.031516,-9.834349E-03,-3.280658E-04,-6.66667E-04
3.032516,-9.986937E-03,-1.678476E-04,.001
3.033517,-9.704649E-03,2.28883E-05,-.001
3.034517,-9.498656E-03,2.899189E-04,-6.66667E-04
3.035518,-9.246886E-03,3.814721E-05,.001
3.036518,-8.667052E-03,2.13624E-04,-6.66667E-04
3.037519,-7.949889E-03,4.57766E-05,-6.66667E-04
3.038519,-7.026702E-03,-1.831064E-04,-6.66667E-04
3.03952,-6.073028E-03,-5.264319E-04,-.001
3.04052,-4.966766E-03,-2.441425E-04,.002
3.041521,-4.379302E-03,9.15532E-05,-.001
3.042521,-3.501907E-03,2.288828E-04,-.001
3.043522,-2.952591E-03,1.983652E-04,2.33333E-03
3.044522,-2.769485E-03,-9.15532E-05,6.66667E-04
3.045523,-2.464309E-03,-1.3733E-04,-.001
3.046523,-2.510086E-03,-2.975482E-04,-.002
3.047524,-2.220169E-03,-3.204364E-04,.001
3.048524,-2.136245E-03,-2.13624E-04,.002
3.049525,-2.037063E-03,-2.670307E-04,-6.66667E-04
3.050525,-1.800545E-03,-3.204364E-04,-.002
3.051526,-1.533516E-03,7.629453E-06,.001
3.052526,-1.426704E-03,3.967304E-04,.001
3.053527,-1.205452E-03,3.967304E-04,2.33333E-03
3.054527,-1.274116E-03,1.144414E-04,-.002
3.055528,-1.411445E-03,-1.525891E-05,-6.66667E-04
3.056528,-1.441963E-03,3.051781E-05,-3.66667E-03
3.057529,-1.487739E-03,1.297006E-04,2.33333E-03
3.058529,-1.327522E-03,1.75477E-04,-.002
3.05953,-7.247962E-04,2.288828E-04,-6.66667E-04
3.06053,-4.27248E-04,2.13624E-04,-.001
3.061531,-4.730243E-04,2.746601E-04,-6.66667E-04
3.062531,-6.027259E-04,5.188026E-04,-.004
3.063532,-8.773841E-04,1.144414E-04,-.002
3.064532,-8.621253E-04,1.3733E-04,.001
3.065533,-9.002723E-04,3.662128E-04,-6.66667E-04
3.066533,-6.256141E-04,2.288828E-04,-6.66667E-04
3.067534,-8.926429E-04,4.806537E-04,-6.66667E-04
3.068534,-1.029976E-03,4.730243E-04,.001
3.069535,-7.934608E-04,6.103553E-04,6.66667E-04
3.070535,-9.231605E-04,5.416907E-04,-.001
3.071536,-1.129158E-03,8.392371E-04,-6.66667E-04
3.072536,-1.182564E-03,9.460486E-04,-.002
3.073537,-1.289375E-03,5.111732E-04,-3.66667E-03
3.074537,-2.151504E-03,4.730243E-04,.001
3.075538,-2.487198E-03,5.264319E-04,-.002
3.076538,-2.906814E-03,1.983652E-04,-.001
3.077539,-3.311172E-03,6.103562E-05,-.001
3.078539,-4.455596E-03,6.103562E-05,6.66667E-04
3.07954,-5.760223E-03,1.3733E-04,.001
3.08054,-7.194549E-03,-2.746601E-04,.001
3.081541,-8.491576E-03,-3.738422E-04,-.001
3.082541,-9.582579E-03,-5.493201E-04,-.001
3.083542,-1.146704E-02,-3.356952E-04,-.001
3.084542,-1.336676E-02,-4.119892E-04,.001
3.085543,-1.496893E-02,-4.119892E-04,-6.66667E-04
3.086543,-1.578534E-02,-3.585834E-04,.001
3.087544,-.0165025,-6.866502E-05,-.001
3.088544,-1.701367E-02,-1.06812E-04,-.001
3.089545,-1.672375E-02,-4.57766E-05,-.001
3.090545,-1.546484E-02,1.449594E-04,-.001
3.091546,-1.387793E-02,1.525888E-04,-6.66667E-04
3.092546,-1.237494E-02,7.629453E-06,-6.66667E-04
3.093547,-1.009375E-02,2.13624E-04,-2.33333E-03
3.094547,-8.346617E-03,0,-.001
3.095548,-6.393462E-03,-5.340599E-05,6.66667E-04
3.096548,-4.982024E-03,4.348774E-04,-6.66667E-04
3.097549,-3.913909E-03,3.50954E-04,-2.33333E-03
3.098549,-2.899185E-03,5.645789E-04,6.66667E-04
3.09955,-2.426162E-03,6.408729E-04,-.001
3.10055,-2.113357E-03,4.119892E-04,.001
3.101551,-1.876839E-03,-3.814721E-05,-.001
3.102551,-1.533516E-03,-1.75477E-04,-6.66667E-04
3.103552,-1.235969E-03,1.525888E-04,-.001
3.104552,-1.060493E-03,1.602182E-04,-.001
3.105553,-8.926429E-04,-2.212534E-04,-6.66667E-04
3.106553,-1.525888E-04,1.220712E-04,6.66667E-04
3.107554,0,-1.449594E-04,6.66667E-04
3.108554,7.629441E-05,-2.212534E-04,-2.33333E-03
3.109555,-5.340599E-05,9.918259E-05,-6.66667E-04
3.110555,-4.27248E-04,2.746601E-04,-2.33333E-03
3.111556,-4.043598E-04,1.831064E-04,.001
3.112556,-4.806537E-04,-3.814721E-05,-6.66667E-04
3.113557,-4.806537E-04,-4.57766E-05,-6.66667E-04
3.114557,-8.010902E-04,-3.814721E-05,6.66667E-04
3.115558,-8.621253E-04,-1.3733E-04,6.66667E-04
3.116558,-9.002723E-04,-1.144414E-04,.001
3.117559,-7.705726E-04,-2.28883E-05,2.33333E-03
3.118559,-9.613074E-04,2.746601E-04,-.001
3.11956,-9.460486E-04,3.967304E-04,-.001
3.12056,-1.037605E-03,8.316077E-04,.001
3.121561,-1.045235E-03,1.007088E-03,-.001
3.122561,-9.7657E-04,6.942786E-04,6.66667E-04
3.123562,-9.689368E-04,4.425067E-04,-6.66667E-04
3.124562,-9.841993E-04,7.324256E-04,-.002
3.125563,-9.53678E-04,8.392371E-04,-.002
3.126563,-1.159675E-03,5.340613E-04,-2.33333E-03
3.127564,-1.129158E-03,3.50954E-04,-.002
3.128564,-1.380928E-03,3.204364E-04,-6.66667E-04
3.129565,-1.327522E-03,7.095374E-04,-.001
3.130565,-1.159675E-03,2.594013E-04,-6.66667E-04
3.131566,-9.613074E-04,1.297006E-04,.002
3.132566,-7.78202E-04,3.814716E-04,-.001
3.133567,-5.950965E-04,2.594013E-04,-6.66667E-04
3.134567,-4.806537E-04,4.577655E-04,-.002
3.135568,-7.78202E-04,4.959144E-04,.001
3.136568,-9.918287E-04,5.188026E-04,.001
3.137569,-9.53678E-04,1.602182E-04,.001
3.138569,-1.190193E-03,-7.629453E-06,6.66667E-04
3.13957,-1.258858E-03,1.06812E-04,-6.66667E-04
3.14057,-1.136787E-03,2.517719E-04,-.001
3.141571,-1.052864E-03,5.950965E-04,.001
3.142571,-1.045235E-03,3.738422E-04,.001
3.143572,-1.060493E-03,2.594013E-04,.002
3.144572,-1.426704E-03,4.196186E-04,-6.66667E-04
3.145573,-1.312263E-03,5.340599E-05,2.33333E-03
3.146573,-9.994581E-04,1.831064E-04,6.66667E-04
3.147574,-7.705726E-04,2.975482E-04,-.002
3.148574,-3.967304E-04,4.806537E-04,-6.66667E-04
3.149575,-5.111732E-04,5.798377E-04,-.001
3.150575,-6.790198E-04,5.874671E-04,.001
3.151576,-8.468665E-04,4.27248E-04,.001
3.152576,-9.384193E-04,3.814716E-04,-.001
3.153577,-9.918287E-04,4.043598E-04,.002
3.154577,-9.079017E-04,2.899189E-04,-.002
3.155578,-7.934608E-04,4.730243E-04,.001
3.156578,-8.468665E-04,4.88285E-04,-2.33333E-03
3.157579,-7.934608E-04,5.798377E-04,-.002
3.158579,-7.095374E-04,7.324256E-04,6.66667E-04
3.15958,-5.798377E-04,6.332435E-04,-6.66667E-04
3.16058,-2.594013E-04,4.043598E-04,6.66667E-04
3.161581,-2.517719E-04,3.204364E-04,6.66667E-04
3.162581,-1.75477E-04,1.907358E-04,6.66667E-04
3.163582,-3.051776E-04,1.144414E-04,2.33333E-03
3.164582,-6.027259E-04,-1.602182E-04,-.001
3.165583,-3.204364E-04,3.814716E-04,.001
3.166583,1.06812E-04,4.501361E-04,.001
3.167584,3.662128E-04,4.119892E-04,3.66667E-03
3.168584,2.517719E-04,2.746601E-04,6.66667E-04
3.169585,7.629441E-05,1.602182E-04,-.001
3.170585,-3.814716E-04,9.918259E-05,-2.33333E-03
3.171586,-7.40055E-04,-1.983652E-04,-.001
3.172586,-6.942786E-04,3.814721E-05,-.001
3.173587,-2.899189E-04,-1.602182E-04,-6.66667E-04
3.174587,-4.959144E-04,-1.220712E-04,-6.66667E-04
3.175588,-6.485023E-04,-7.629441E-05,6.66667E-04
3.176588,-7.324256E-04,-3.051781E-05,-6.66667E-04
3.177589,-1.014717E-03,0,-.002
3.178589,-1.266487E-03,3.051781E-05,-6.66667E-04
3.17959,-1.396187E-03,-8.392381E-05,.001
3.18059,-1.762398E-03,1.907358E-04,-.001
3.181591,-2.891555E-03,9.918259E-05,-.001
3.182591,-3.860489E-03,3.662128E-04,-2.33333E-03
3.183592,-4.989654E-03,4.196186E-04,-6.66667E-04
3.184592,-6.233245E-03,6.179847E-04,-.001
3.185593,-8.209288E-03,5.798377E-04,-6.66667E-04
3.186593,-1.191717E-02,5.416907E-04,-6.66667E-04
3.187594,-1.634991E-02,0,.001
3.188594,-2.047741E-02,-5.416907E-04,-6.66667E-04
3.189595,-2.344525E-02,-7.01908E-04,-2.33333E-03
3.190595,-2.472699E-02,-9.079017E-04,.001
3.191596,-2.508557E-02,-6.63761E-04,.001
3.192596,-.0241853,-3.662128E-04,-6.66667E-04
3.193597,-2.130902E-02,-3.051776E-04,-6.66667E-04
3.194597,-1.719677E-02,-1.06812E-04,-.001
3.195598,-1.316077E-02,9.918259E-05,.001
3.196598,-9.338439E-03,7.629441E-05,-6.66667E-04
3.197599,-6.591827E-03,3.356952E-04,-.001
3.198599,-5.088836E-03,2.975482E-04,6.66667E-04
3.1996,-3.685012E-03,2.13624E-04,-6.66667E-04
3.2006,-2.662674E-03,6.103562E-05,-.002
3.201601,-1.815803E-03,1.297006E-04,-6.66667E-04
3.202601,-1.182564E-03,6.866502E-05,-6.66667E-04
3.203602,-1.129158E-03,2.212534E-04,6.66667E-04
3.204602,-9.307899E-04,4.806537E-04,.001
3.205603,-9.002723E-04,3.814716E-04,2.33333E-03
3.206603,-6.561317E-04,4.959144E-04,-.002
3.207604,-4.425067E-04,5.798377E-04,.001
3.208604,-1.449594E-04,4.577655E-04,6.66667E-04
3.209605,-2.746601E-04,3.967304E-04,6.66667E-04
3.210605,-2.13624E-04,6.63761E-04,-.002
3.211606,-3.433246E-04,7.553138E-04,6.66667E-04
3.212606,-6.790198E-04,7.858314E-04,-.001
3.213607,-6.408729E-04,6.63761E-04,.001
3.214607,-3.50954E-04,6.027259E-04,6.66667E-04
3.215608,-2.594013E-04,5.722083E-04,-6.66667E-04
3.216608,-3.814721E-05,5.035438E-04,-6.66667E-04
3.217609,-6.103562E-05,6.790198E-04,.001
3.218609,-4.119892E-04,7.934608E-04,-6.66667E-04
3.21961,-1.983652E-04,6.485023E-04,-.001
3.22061,1.449594E-04,8.316077E-04,-.002
3.221611,1.3733E-04,9.079017E-04,6.66667E-04
3.222611,0,6.942786E-04,-3.66667E-03
3.223612,-5.340599E-05,4.730243E-04,6.66667E-04
3.224612,1.3733E-04,3.280658E-04,-.001
3.225613,9.918259E-05,1.525888E-04,-6.66667E-04
3.226614,-4.57766E-05,0,2.33333E-03
3.227614,-3.814721E-05,6.866502E-05,-.002
3.228614,-7.629453E-06,3.280658E-04,.001
3.229615,-2.670307E-04,4.348774E-04,.001
3.230615,-1.06812E-04,1.525888E-04,6.66667E-04
3.231616,1.831064E-04,2.288828E-04,-.002
3.232616,3.051776E-04,2.899189E-04,6.66667E-04
3.233617,2.288828E-04,-2.28883E-05,6.66667E-04
3.234617,1.525888E-04,3.585834E-04,-.002
3.235618,-3.12807E-04,9.918259E-05,.001
3.236619,-6.408729E-04,1.75477E-04,-6.66667E-04
3.237619,-6.103553E-04,2.059946E-04,-3.66667E-03
3.238619,-5.111732E-04,1.907358E-04,-3.66667E-03
3.23962,-3.662128E-04,3.12807E-04,6.66667E-04
3.24062,-3.204364E-04,2.365122E-04,-.001
3.241621,-2.441425E-04,-1.220712E-04,.001
3.242621,-1.75477E-04,1.525888E-04,-.001
3.243622,-2.288828E-04,5.798377E-04,-6.66667E-04
3.244622,-2.975482E-04,4.348774E-04,.001
3.245623,-1.525891E-05,5.340613E-04,-.001
3.246624,-7.629453E-06,5.264319E-04,-.001
3.247624,-2.899189E-04,6.866502E-05,.002
3.248624,-2.441425E-04,2.212534E-04,-.001
3.249625,-2.746601E-04,1.75477E-04,-.001
3.250625,-8.544959E-04,4.27248E-04,-.002
3.251626,-1.091011E-03,-7.629453E-06,6.66667E-04
3.252626,-1.266487E-03,3.814721E-05,.001
3.253627,-1.205452E-03,4.57766E-05,-6.66667E-04
3.254627,-9.384193E-04,1.06812E-04,-3.66667E-03
3.255628,-1.037605E-03,-2.594013E-04,-6.66667E-04
3.256629,-8.087195E-04,-3.12807E-04,-6.66667E-04
3.257629,-5.722083E-04,6.103562E-05,-.001
3.258629,-6.332435E-04,1.75477E-04,6.66667E-04
3.25963,-7.629432E-04,-6.866502E-05,-6.66667E-04
3.26063,-3.280658E-04,-2.899189E-04,-6.66667E-04
3.261631,-3.738422E-04,-3.356952E-04,-.002
3.262631,-9.15532E-05,-4.653949E-04,.001
3.263632,1.983652E-04,-2.899189E-04,-6.66667E-04
3.264632,2.28883E-05,-2.594013E-04,-6.66667E-04
3.265633,-2.594013E-04,-1.831064E-04,2.33333E-03
3.266634,-7.553138E-04,-3.051776E-04,-.001
3.267634,-2.975482E-04,-1.602182E-04,-.001
3.268634,-1.297006E-04,1.525888E-04,-.002
3.269635,-6.027259E-04,-1.3733E-04,-.001
3.270635,-7.629432E-04,-4.577655E-04,.001
3.271636,-7.476844E-04,-6.332435E-04,-6.66667E-04
3.272636,-1.678476E-04,-4.577655E-04,.001
3.273637,2.212534E-04,-1.831064E-04,6.66667E-04
3.274637,3.814716E-04,-1.06812E-04,.002
3.275638,1.678476E-04,-3.814721E-05,6.66667E-04
3.276639,3.280658E-04,-2.13624E-04,-.001
3.277639,2.822895E-04,-7.629441E-05,-.001
3.278639,7.629441E-05,2.822895E-04,6.66667E-04
3.27964,-1.525888E-04,3.662128E-04,-.002
3.28064,-2.822895E-04,3.814721E-05,-6.66667E-04
3.281641,-4.653949E-04,5.340599E-05,-6.66667E-04
3.282641,-2.746601E-04,-1.75477E-04,.001
3.283642,9.918259E-05,-5.722083E-04,-.001
3.284642,-1.831064E-04,-3.280658E-04,-6.66667E-04
3.285643,-2.746601E-04,7.629441E-05,-6.66667E-04
3.286644,-2.212534E-04,5.493201E-04,.001
3.287644,2.28883E-05,5.264319E-04,.001
3.288644,-1.06812E-04,5.722083E-04,-.001
3.289645,-1.75477E-04,7.01908E-04,-6.66667E-04
3.290645,-8.392381E-05,4.27248E-04,.001
3.291646,3.814721E-05,4.57766E-05,-.001
3.292646,1.525888E-04,1.678476E-04,.004
3.293647,3.814716E-04,1.220712E-04,.001
3.294647,3.12807E-04,2.441425E-04,-6.66667E-04
3.295648,5.340613E-04,3.50954E-04,-2.33333E-03
3.296649,3.051776E-04,2.288828E-04,-.001
3.297649,-1.602182E-04,0,-.002
3.298649,-1.678476E-04,-1.525888E-04,-.001
3.29965,1.144414E-04,1.602182E-04,-.002
3.30065,2.899189E-04,1.983652E-04,-.001
3.301651,2.670307E-04,1.3733E-04,-.001
3.302651,9.15532E-05,-1.525891E-05,6.66667E-04
3.303652,1.06812E-04,3.814721E-05,.002
3.304652,5.340599E-05,9.918259E-05,-.001
3.305653,8.392381E-05,9.15532E-05,-.001
3.306653,-2.13624E-04,2.28883E-05,-.001
3.307654,-1.3733E-04,3.814721E-05,-6.66667E-04
3.308654,-2.670307E-04,-8.392381E-05,6.66667E-04
3.309655,-1.144414E-04,6.103562E-05,-6.66667E-04
3.310655,2.288828E-04,2.975482E-04,-.002
3.311656,1.525891E-05,5.111732E-04,.001
3.312656,-2.975482E-04,3.356952E-04,-.001
3.313657,-4.196186E-04,1.678476E-04,-6.66667E-04
3.314657,-4.806537E-04,-9.918259E-05,.001
3.315658,-4.043598E-04,-5.340613E-04,-.002
3.316658,-4.119892E-04,-3.433246E-04,-6.66667E-04
3.317659,-3.204364E-04,1.449594E-04,-.001
3.318659,-2.13624E-04,5.798377E-04,-.001
3.31966,-1.525888E-04,3.967304E-04,.002
3.32066,-1.678476E-04,3.204364E-04,-.001
3.321661,-4.27248E-04,1.525891E-05,6.66667E-04
3.322661,-6.408729E-04,-1.297006E-04,-.002
3.323662,-7.247962E-04,-1.449594E-04,.001
3.324662,-2.670307E-04,-1.907358E-04,-6.66667E-04
3.325663,-1.06812E-04,2.28883E-05,-6.66667E-04
3.326663,-3.814716E-04,-3.051781E-05,2.33333E-03
3.327664,-4.501361E-04,-2.899189E-04,-6.66667E-04
3.328664,-3.585834E-04,-5.645789E-04,.001
3.329665,-3.12807E-04,-6.866492E-04,6.66667E-04
3.330665,-9.918259E-05,-4.88285E-04,6.66667E-04
3.331666,1.220712E-04,-2.059946E-04,6.66667E-04
3.332666,1.602182E-04,-3.967304E-04,6.66667E-04
3.333667,-1.144414E-04,-7.629441E-05,.001
3.334667,-2.13624E-04,-9.15532E-05,-.001
3.335668,4.57766E-05,1.983652E-04,-6.66667E-04
3.336668,1.525888E-04,2.594013E-04,-.001
3.337669,1.602182E-04,1.983652E-04,-.001
3.338669,-5.340599E-05,3.738422E-04,-6.66667E-04
3.33967,1.525891E-05,4.348774E-04,.001
3.34067,-2.13624E-04,3.12807E-04,.001
3.341671,-4.577655E-04,2.899189E-04,-.001
3.342671,-4.119892E-04,3.051776E-04,6.66667E-04
3.343672,-2.212534E-04,-1.297006E-04,.001
3.344672,-2.670307E-04,-3.814716E-04,6.66667E-04
3.345673,-5.874671E-04,-1.449594E-04,-.002
3.346673,-5.264319E-04,7.629453E-06,-.001
3.347674,-2.746601E-04,-4.57766E-05,-.002
3.348674,-1.907358E-04,-4.577655E-04,-6.66667E-04
3.349675,2.899189E-04,-2.594013E-04,-6.66667E-04
3.350675,4.196186E-04,-5.340599E-05,-2.33333E-03
3.351676,1.525888E-04,-2.822895E-04,-.002
3.352676,-1.602182E-04,-2.517719E-04,.001
3.353677,1.144414E-04,-1.602182E-04,-6.66667E-04
3.354677,9.15532E-05,-2.670307E-04,.001
3.355678,-2.059946E-04,-2.441425E-04,-3.66667E-03
3.356678,-6.866502E-05,-2.059946E-04,-.002
3.357679,-1.449594E-04,9.918259E-05,6.66667E-04
3.358679,2.822895E-04,1.75477E-04,-6.66667E-04
3.35968,2.594013E-04,3.280658E-04,.001
3.36068,-5.340599E-05,-5.340599E-05,-.001
3.361681,-8.392381E-05,-8.392381E-05,-.001
3.362681,-3.12807E-04,2.28883E-05,-.001
3.363682,-1.831064E-04,-1.3733E-04,-6.66667E-04
3.364682,-2.059946E-04,3.814721E-05,-2.33333E-03
3.365683,-1.525888E-04,-1.525888E-04,-.002
3.366683,-1.06812E-04,-2.441425E-04,-2.33333E-03
3.367684,-1.144414E-04,4.57766E-05,6.66667E-04
3.368684,-1.144414E-04,2.594013E-04,.001
3.369685,2.975482E-04,3.356952E-04,-.001
3.370685,6.332435E-04,-1.06812E-04,-2.33333E-03
3.371686,4.501361E-04,-6.866502E-05,-.001
3.372686,2.899189E-04,7.629453E-06,-.001
3.373687,4.196186E-04,1.220712E-04,-6.66667E-04
3.374687,1.449594E-04,-1.678476E-04,-2.33333E-03
3.375688,-7.629453E-06,-3.204364E-04,-6.66667E-04
3.376688,-1.602182E-04,-1.525888E-04,-6.66667E-04
3.377689,-1.602182E-04,1.06812E-04,6.66667E-04
3.378689,-1.144414E-04,1.831064E-04,-.002
3.37969,5.493201E-04,3.12807E-04,-.001
3.38069,6.408729E-04,5.416907E-04,-.002
3.381691,6.256141E-04,7.858314E-04,-.002
3.382691,2.670307E-04,4.577655E-04,-.002
3.383692,2.594013E-04,2.288828E-04,-.002
3.384692,-3.814721E-05,-1.525888E-04,-.002
3.385693,4.57766E-05,-1.678476E-04,-6.66667E-04
3.386693,2.288828E-04,-3.204364E-04,.002
3.387694,1.831064E-04,-8.392381E-05,-.001
3.388694,1.907358E-04,-8.392381E-05,-2.33333E-03
3.389695,-1.220712E-04,-1.297006E-04,.001
3.390696,-2.975482E-04,2.28883E-05,-.001
3.391696,-1.144414E-04,1.449594E-04,.001
3.392696,0,3.12807E-04,-.001
3.393697,3.967304E-04,5.188026E-04,.001
3.394697,4.27248E-04,3.356952E-04,-.001
3.395698,2.517719E-04,1.3733E-04,-.001
3.396698,4.577655E-04,7.629441E-05,-6.66667E-04
3.397699,7.629441E-05,-3.051781E-05,-.002
3.398699,-1.3733E-04,1.525888E-04,-.001
3.3997,6.866502E-05,3.585834E-04,-.002
3.400701,1.907358E-04,8.239783E-04,-.001
3.401701,-1.144414E-04,6.332435E-04,-.002
3.402701,-4.57766E-05,5.111732E-04,-6.66667E-04
3.403702,4.196186E-04,3.433246E-04,6.66667E-04
3.404702,5.493201E-04,3.967304E-04,-6.66667E-04
3.405703,8.926429E-04,4.196186E-04,-.002
3.406703,8.926429E-04,1.525888E-04,.002
3.407704,4.043598E-04,2.28883E-05,-.001
3.408704,4.501361E-04,-1.983652E-04,-.001
3.409705,3.204364E-04,-3.051776E-04,6.66667E-04
3.410706,1.831064E-04,-2.28883E-05,-2.33333E-03
3.411706,-3.12807E-04,-5.340599E-05,.002
3.412706,-1.220712E-04,-2.13624E-04,.002
3.413707,1.602182E-04,-4.57766E-05,-.002
3.414707,2.670307E-04,-2.441425E-04,6.66667E-04
3.415708,3.89101E-04,1.678476E-04,6.66667E-04
3.416708,6.790198E-04,3.12807E-04,2.33333E-03
3.417709,8.163489E-04,3.051776E-04,-.002
3.418709,9.53678E-04,1.678476E-04,-6.66667E-04
3.41971,4.730243E-04,1.3733E-04,-6.66667E-04
3.420711,2.288828E-04,3.814721E-05,-6.66667E-04
3.421711,-9.918259E-05,-1.144414E-04,.001
3.422711,-5.340599E-05,-2.822895E-04,.001
3.423712,9.918259E-05,-5.340599E-05,-6.66667E-04
3.424712,2.28883E-05,-9.918259E-05,-.001
3.425713,-1.983652E-04,2.28883E-05,.001
3.426713,-2.517719E-04,4.57766E-05,-6.66667E-04
3.427714,-9.918259E-05,-7.629453E-06,-2.33333E-03
3.428714,-9.15532E-05,-1.06812E-04,.001
3.429715,7.629453E-06,-2.28883E-05,6.66667E-04
3.430716,-7.629453E-06,1.06812E-04,-.001
3.431716,-1.75477E-04,1.449594E-04,-6.66667E-04
3.432716,-3.738422E-04,1.449594E-04,6.66667E-04
3.433717,-1.678476E-04,4.57766E-05,-.002
3.434717,-2.13624E-04,3.356952E-04,6.66667E-04
3.435718,-2.594013E-04,2.28883E-05,6.66667E-04
3.436718,-2.822895E-04,-1.983652E-04,-.001
3.437719,9.918259E-05,-3.12807E-04,.001
3.438719,3.433246E-04,-3.814716E-04,6.66667E-04
3.43972,1.525888E-04,-1.220712E-04,.001
3.440721,-3.12807E-04,1.220712E-04,-.002
3.441721,-2.670307E-04,-2.899189E-04,-3.66667E-03
3.442721,-9.15532E-05,-2.059946E-04,-6.66667E-04
3.443722,2.13624E-04,-7.629441E-05,2.33333E-03
3.444722,5.111732E-04,4.57766E-05,.002
3.445723,3.89101E-04,-3.814721E-05,-6.66667E-04
3.446723,1.602182E-04,3.051776E-04,-.001
3.447724,4.57766E-05,3.662128E-04,-6.66667E-04
3.448724,1.297006E-04,4.196186E-04,-3.66667E-03
3.449725,9.918259E-05,2.670307E-04,-6.66667E-04
3.450726,-2.288828E-04,6.866502E-05,-.001
3.451726,-2.822895E-04,-1.449594E-04,.001
3.452726,-1.220712E-04,-3.12807E-04,-.001
3.453727,-9.918259E-05,-1.220712E-04,-6.66667E-04
3.454727,5.340599E-05,-2.594013E-04,-.002
3.455728,0,-9.15532E-05,-3.66667E-03
3.456728,-2.13624E-04,-1.907358E-04,.002
3.457729,-2.13624E-04,6.103562E-05,-6.66667E-04
3.458729,-2.441425E-04,2.594013E-04,.001
3.45973,-2.13624E-04,1.220712E-04,-.004
3.460731,-2.13624E-04,-6.866502E-05,-3.66667E-03
3.461731,-6.103562E-05,-5.340599E-05,6.66667E-04
3.462731,-3.814716E-04,-7.629441E-05,-2.33333E-03
3.463732,-1.831064E-04,3.051781E-05,.001
3.464732,-5.340599E-05,-1.449594E-04,-6.66667E-04
3.465733,-6.866502E-05,-5.340599E-05,-.004
3.466733,-7.629453E-06,-6.103562E-05,-6.66667E-04
3.467734,-3.051781E-05,1.144414E-04,-.001
3.468734,-1.678476E-04,2.746601E-04,2.33333E-03
3.469735,-2.670307E-04,2.212534E-04,.001
3.470736,9.15532E-05,1.75477E-04,-.001
3.471736,-6.103562E-05,-1.297006E-04,-.001
3.472736,-5.340613E-04,1.525891E-05,-6.66667E-04
3.473737,-5.874671E-04,-2.975482E-04,-.002
3.474737,-4.577655E-04,-2.059946E-04,.002
3.475738,-2.288828E-04,-1.449594E-04,-.001
3.476738,-2.670307E-04,-9.15532E-05,-.001
3.477739,-3.814716E-04,-1.06812E-04,.001
3.478739,-4.959144E-04,6.103562E-05,-6.66667E-04
3.47974,-3.738422E-04,0,-.001
3.480741,-1.831064E-04,-8.392381E-05,-.001
3.481741,2.059946E-04,3.814721E-05,-.001
3.482741,2.212534E-04,2.441425E-04,-.002
3.483742,8.392381E-05,3.280658E-04,6.66667E-04
3.484742,-4.577655E-04,1.449594E-04,-3.66667E-03
3.485743,-7.171668E-04,-6.866502E-05,-.001
3.486743,-5.645789E-04,-1.3733E-04,-6.66667E-04
3.487744,-1.602182E-04,-1.907358E-04,-6.66667E-04
3.488744,0,-4.27248E-04,-.002
3.489745,6.866502E-05,-1.3733E-04,-6.66667E-04
3.490746,0,3.280658E-04,.001
3.491746,-1.525888E-04,7.629441E-05,-.002
3.492746,-2.899189E-04,6.103562E-05,-6.66667E-04
3.493747,9.15532E-05,-1.297006E-04,-6.66667E-04
3.494747,4.959144E-04,1.449594E-04,6.66667E-04
3.495748,6.63761E-04,2.517719E-04,-6.66667E-04
3.496748,3.585834E-04,3.814716E-04,-.001
3.497749,4.730243E-04,3.204364E-04,6.66667E-04
3.498749,9.918259E-05,2.28883E-05,-6.66667E-04
3.49975,2.059946E-04,-3.662128E-04,-.002
3.500751,1.831064E-04,-5.950965E-04,-6.66667E-04
3.501751,9.918259E-05,-7.171668E-04,-.001
3.502751,-1.144414E-04,-2.059946E-04,-2.33333E-03
3.503752,-1.678476E-04,2.28883E-05,-6.66667E-04
3.504752,9.918259E-05,1.3733E-04,-3.66667E-03
3.505753,2.899189E-04,-5.340599E-05,-2.33333E-03
3.506753,3.50954E-04,1.525891E-05,-2.33333E-03
3.507754,2.441425E-04,1.983652E-04,.001
3.508754,2.594013E-04,2.594013E-04,-6.66667E-04
3.509755,-2.13624E-04,6.103562E-05,-.001
3.510756,-8.392381E-05,7.629441E-05,-.001
3.511756,-4.57766E-05,1.75477E-04,-6.66667E-04
3.512756,-5.264319E-04,5.035438E-04,-.001
3.513757,-2.288828E-04,4.653949E-04,-6.66667E-04
3.514757,2.746601E-04,-1.525888E-04,2.33333E-03
3.515758,1.3733E-04,-5.569495E-04,.001
3.516758,2.746601E-04,-5.874671E-04,-.001
3.517759,1.983652E-04,-2.059946E-04,-2.33333E-03
3.518759,2.670307E-04,2.594013E-04,-6.66667E-04
3.51976,1.297006E-04,7.629441E-05,6.66667E-04
3.520761,-1.3733E-04,3.814721E-05,.002
3.521761,-4.27248E-04,-6.103562E-05,.001
3.522761,-1.75477E-04,2.13624E-04,-6.66667E-04
3.523762,1.831064E-04,9.918259E-05,-6.66667E-04
3.524762,3.204364E-04,5.340599E-05,-.001
3.525763,2.517719E-04,-1.297006E-04,6.66667E-04
3.526763,1.297006E-04,-1.525891E-05,3.66667E-03
3.527764,1.06812E-04,6.866502E-05,-.001
3.528764,-2.28883E-05,-1.525888E-04,-.001
3.529765,-2.517719E-04,3.051776E-04,-6.66667E-04
3.530766,1.449594E-04,2.441425E-04,.002
3.531766,2.594013E-04,1.525888E-04,-2.33333E-03
3.532766,3.433246E-04,-1.297006E-04,6.66667E-04
3.533767,4.730243E-04,-1.144414E-04,-6.66667E-04
3.534767,3.585834E-04,1.525891E-05,-3.66667E-03
3.535768,-1.3733E-04,1.144414E-04,-.001
3.536768,-2.13624E-04,2.059946E-04,-.002
3.537769,1.297006E-04,2.212534E-04,-6.66667E-04
3.538769,2.059946E-04,1.220712E-04,-6.66667E-04
3.53977,-9.15532E-05,1.678476E-04,6.66667E-04
3.540771,-1.907358E-04,9.15532E-05,.001
3.541771,-4.806537E-04,7.629453E-06,-.002
3.542771,-3.204364E-04,-1.525891E-05,6.66667E-04
3.543772,-6.866502E-05,9.15532E-05,.001
3.544772,-1.75477E-04,5.874671E-04,-.001
3.545773,2.288828E-04,4.88285E-04,-.001
3.546773,2.594013E-04,1.220712E-04,-.001
3.547774,3.12807E-04,-3.280658E-04,-.001
3.548774,3.280658E-04,1.602182E-04,-.001
3.549775,3.967304E-04,4.730243E-04,.001
3.550776,4.348774E-04,4.806537E-04,-.001
3.551776,4.730243E-04,4.806537E-04,-2.33333E-03
3.552776,4.88285E-04,4.577655E-04,6.66667E-04
3.553777,2.13624E-04,1.75477E-04,6.66667E-04
3.554777,-6.103562E-05,9.918259E-05,-.001
3.555778,-4.27248E-04,-1.983652E-04,6.66667E-04
3.556778,-6.027259E-04,-1.144414E-04,-.001
3.557779,-4.425067E-04,-2.975482E-04,6.66667E-04
3.558779,-3.585834E-04,-9.15532E-05,6.66667E-04
3.55978,6.866502E-05,5.340599E-05,-6.66667E-04
3.560781,3.433246E-04,6.103562E-05,-.002
3.561781,2.517719E-04,-1.449594E-04,-6.66667E-04
3.562781,1.449594E-04,-1.3733E-04,-6.66667E-04
3.563782,2.746601E-04,-7.629441E-05,-.001
3.564783,1.525888E-04,3.814721E-05,-6.66667E-04
3.565783,1.525888E-04,5.340599E-05,6.66667E-04
3.566783,-1.06812E-04,1.525888E-04,6.66667E-04
3.567784,-3.662128E-04,-7.629453E-06,-.002
3.568784,-6.103553E-04,0,6.66667E-04
3.569785,-6.179847E-04,1.525888E-04,-.001
3.570786,-2.975482E-04,-3.50954E-04,.001
3.571786,-6.866502E-05,-3.051781E-05,-.001
3.572786,8.392381E-05,-6.103562E-05,2.33333E-03
3.573787,5.340599E-05,-2.975482E-04,6.66667E-04
3.574788,1.831064E-04,-6.790198E-04,-.002
3.575788,9.918259E-05,-6.790198E-04,.002
3.576788,1.907358E-04,-2.670307E-04,-6.66667E-04
3.577789,2.441425E-04,1.525888E-04,.001
3.578789,1.525888E-04,9.918259E-05,-.001
3.57979,4.653949E-04,-3.051781E-05,.001
3.580791,3.12807E-04,5.340599E-05,-.002
3.581791,1.983652E-04,6.103562E-05,.001
3.582791,8.392381E-05,1.983652E-04,-6.66667E-04
3.583792,-2.594013E-04,3.433246E-04,-6.66667E-04
3.584793,2.13624E-04,2.670307E-04,6.66667E-04
3.585793,4.043598E-04,-1.297006E-04,-.002
3.586793,1.144414E-04,1.75477E-04,-.001
3.587794,-3.356952E-04,1.525888E-04,6.66667E-04
3.588794,-4.501361E-04,-5.340599E-05,-6.66667E-04
3.589795,6.866502E-05,2.059946E-04,6.66667E-04
3.590796,2.13624E-04,5.264319E-04,6.66667E-04
3.591796,2.059946E-04,2.822895E-04,-.001
3.592796,1.06812E-04,7.629441E-05,-.002
3.593797,1.831064E-04,-3.12807E-04,-6.66667E-04
3.594798,0,-3.738422E-04,6.66667E-04
3.595798,-1.06812E-04,-3.356952E-04,-3.66667E-03
3.596798,-1.602182E-04,-1.983652E-04,.002
3.597799,2.365122E-04,-5.340599E-05,-3.66667E-03
3.598799,4.88285E-04,7.629441E-05,-3.66667E-03
3.5998,3.89101E-04,-1.144414E-04,-.001
3.600801,2.670307E-04,-3.738422E-04,.001
3.601801,1.678476E-04,-1.525891E-05,.001
3.602801,2.28883E-05,1.449594E-04,6.66667E-04
3.603802,1.75477E-04,-1.220712E-04,6.66667E-04
3.604803,3.433246E-04,-2.746601E-04,-6.66667E-04
3.605803,9.918259E-05,-2.288828E-04,-6.66667E-04
3.606803,-9.15532E-05,-2.059946E-04,-6.66667E-04
3.607804,-3.89101E-04,-1.06812E-04,-.001
3.608804,-3.814716E-04,2.28883E-05,-.001
3.609805,-3.585834E-04,4.043598E-04,.001
3.610806,9.15532E-05,4.577655E-04,.002
3.611806,-3.051781E-05,-5.340599E-05,6.66667E-04
3.612806,-3.814716E-04,-1.602182E-04,.001
3.613807,-2.594013E-04,7.629441E-05,.001
3.614808,0,3.12807E-04,-.001
3.615808,1.831064E-04,2.594013E-04,-6.66667E-04
3.616808,2.059946E-04,-9.918259E-05,-.002
3.617809,2.822895E-04,-2.975482E-04,-6.66667E-04
3.618809,9.15532E-05,0,-.002
3.61981,-1.602182E-04,-5.340599E-05,.001
3.620811,-1.297006E-04,-1.602182E-04,-2.33333E-03
3.621811,7.629441E-05,-4.425067E-04,.002
3.622811,-7.629453E-06,-2.13624E-04,-2.33333E-03
3.623812,-1.3733E-04,-1.144414E-04,.001
3.624813,-3.051776E-04,6.866502E-05,.001
3.625813,-2.746601E-04,2.975482E-04,-.002
3.626813,-1.602182E-04,4.730243E-04,6.66667E-04
3.627814,-7.629453E-06,4.730243E-04,-6.66667E-04
3.628814,9.918259E-05,2.670307E-04,-.001
3.629815,1.297006E-04,4.57766E-05,-.001
3.630816,3.814721E-05,4.57766E-05,.001
3.631816,-5.340599E-05,-6.103562E-05,-6.66667E-04
3.632816,1.678476E-04,-6.866502E-05,-.001
3.633817,1.525888E-04,0,-.002
3.634818,1.602182E-04,4.57766E-05,6.66667E-04
3.635818,1.831064E-04,3.967304E-04,-6.66667E-04
3.636818,-1.06812E-04,2.28883E-05,-.004
3.637819,2.670307E-04,-1.525888E-04,-.001
3.638819,5.264319E-04,-2.28883E-05,-2.33333E-03
3.63982,4.27248E-04,4.57766E-05,-6.66667E-04
3.640821,2.365122E-04,1.3733E-04,-6.66667E-04
3.641821,1.75477E-04,-1.75477E-04,-6.66667E-04
3.642821,5.264319E-04,-3.051776E-04,6.66667E-04
3.643822,6.561317E-04,-1.602182E-04,6.66667E-04
3.644823,3.662128E-04,4.57766E-05,.002
3.645823,-5.340599E-05,1.983652E-04,.001
3.646823,-3.051776E-04,5.340599E-05,.001
3.647824,-9.918259E-05,2.975482E-04,-.001
3.648824,-1.525891E-05,1.983652E-04,-6.66667E-04
3.649825,9.918259E-05,-1.297006E-04,-6.66667E-04
3.650826,1.525888E-04,-1.144414E-04,-6.66667E-04
3.651826,-1.831064E-04,-5.340599E-05,-6.66667E-04
3.652826,1.525891E-05,2.28883E-05,.001
3.653827,-2.28883E-05,-3.280658E-04,.002
3.654828,-7.629441E-05,-4.043598E-04,.001
3.655828,1.449594E-04,-6.103553E-04,-.002
3.656828,-3.12807E-04,-8.087195E-04,6.66667E-04
3.657829,-4.348774E-04,-8.468665E-04,-.002
3.658829,-3.662128E-04,-2.822895E-04,-.002
3.65983,-1.678476E-04,-4.57766E-05,6.66667E-04
3.66083,-1.06812E-04,2.212534E-04,.001
3.661831,-3.051781E-05,1.297006E-04,-.002
3.662831,1.3733E-04,7.629453E-06,.001
3.663832,9.15532E-05,7.629441E-05,6.66667E-04
3.664833,-2.28883E-05,2.594013E-04,6.66667E-04
3.665833,-1.06812E-04,1.220712E-04,6.66667E-04
3.666833,-1.602182E-04,1.3733E-04,-6.66667E-04
3.667834,-1.678476E-04,7.629441E-05,-3.66667E-03
3.668834,-9.918259E-05,8.392381E-05,-.001
3.669835,2.746601E-04,1.602182E-04,.001
3.670835,1.525888E-04,0,-6.66667E-04
3.671836,1.525888E-04,-1.06812E-04,.001
3.672836,1.449594E-04,-4.730243E-04,-6.66667E-04
3.673837,3.12807E-04,-4.425067E-04,-3.66667E-03
3.674838,2.594013E-04,-3.814721E-05,.001
3.675838,2.212534E-04,-5.340599E-05,-2.33333E-03
3.676838,-1.220712E-04,-1.220712E-04,-.001
3.677839,3.051781E-05,-1.144414E-04,-6.66667E-04
3.678839,-6.866502E-05,-2.212534E-04,-2.33333E-03
3.67984,1.449594E-04,-2.059946E-04,-6.66667E-04
3.68084,3.12807E-04,-3.814721E-05,-.002
3.681841,1.602182E-04,-3.12807E-04,-6.66667E-04
3.682841,1.144414E-04,-4.348774E-04,-.002
3.683842,1.449594E-04,-3.051776E-04,.002
3.684843,1.06812E-04,-5.493201E-04,-.001
3.685843,9.918259E-05,-4.806537E-04,.001
3.686843,2.594013E-04,-4.88285E-04,-6.66667E-04
3.687844,1.75477E-04,-3.585834E-04,-.002
3.688844,-9.918259E-05,7.629441E-05,.001
3.689845,3.051781E-05,2.13624E-04,-6.66667E-04
3.690845,-9.15532E-05,1.06812E-04,-.001
3.691846,-2.822895E-04,3.662128E-04,-.001
3.692847,-1.220712E-04,2.899189E-04,-.002
3.693847,-1.06812E-04,4.806537E-04,6.66667E-04
3.694848,6.103562E-05,2.059946E-04,6.66667E-04
3.695848,-1.602182E-04,-1.525888E-04,6.66667E-04
3.696848,-2.975482E-04,-5.264319E-04,-6.66667E-04
3.697849,-8.392381E-05,-5.340613E-04,.001
3.698849,1.525888E-04,-6.103553E-04,-.002
3.69985,-5.340599E-05,-6.485023E-04,-6.66667E-04
3.70085,-3.814716E-04,-5.035438E-04,-6.66667E-04
3.701851,-3.585834E-04,-9.15532E-05,-6.66667E-04
3.702852,-8.392381E-05,-7.629441E-05,.001
3.703852,1.831064E-04,-1.983652E-04,-.002
3.704853,4.57766E-05,-2.746601E-04,-6.66667E-04
3.705853,1.831064E-04,-4.196186E-04,-6.66667E-04
3.706853,3.585834E-04,-5.340613E-04,-6.66667E-04
3.707854,3.814716E-04,-4.119892E-04,6.66667E-04
3.708854,1.602182E-04,-3.50954E-04,-.004
3.709855,-2.288828E-04,-3.051781E-05,-6.66667E-04
3.710855,-4.27248E-04,2.822895E-04,-.002
3.711856,-3.814716E-04,1.06812E-04,-.004
3.712857,-4.043598E-04,-3.051781E-05,-.001
3.713857,-4.043598E-04,-8.392381E-05,6.66667E-04
3.714858,-1.525888E-04,1.983652E-04,-6.66667E-04
3.715858,-2.28883E-05,4.348774E-04,.001
3.716858,-6.866502E-05,2.059946E-04,-6.66667E-04
3.717859,-1.602182E-04,-5.340599E-05,-.002
3.718859,9.918259E-05,-3.051781E-05,-.002
3.71986,2.746601E-04,2.212534E-04,-6.66667E-04
3.72086,2.28883E-05,6.103553E-04,-6.66667E-04
3.721861,3.280658E-04,6.790198E-04,-6.66667E-04
3.722862,1.983652E-04,6.103562E-05,-6.66667E-04
3.723862,9.918259E-05,4.57766E-05,-.002
3.724863,3.051781E-05,9.918259E-05,-6.66667E-04
3.725863,-3.051781E-05,3.12807E-04,-.002
3.726863,-3.738422E-04,4.806537E-04,6.66667E-04
3.727864,-2.13624E-04,3.433246E-04,-.001
3.728864,1.06812E-04,3.814716E-04,-6.66667E-04
3.729865,5.340599E-05,3.051776E-04,-.001
3.730865,-2.13624E-04,3.051776E-04,-6.66667E-04
3.731866,-5.340599E-05,2.594013E-04,6.66667E-04
3.732867,2.28883E-05,1.75477E-04,-.001
3.733867,7.629441E-05,6.103562E-05,6.66667E-04
3.734868,-7.629441E-05,2.899189E-04,.001
3.735868,-1.3733E-04,-1.144414E-04,-6.66667E-04
3.736868,-2.28883E-05,-2.899189E-04,-6.66667E-04
3.737869,-1.678476E-04,-2.517719E-04,.001
3.73887,7.629441E-05,-5.950965E-04,.001
3.73987,-2.28883E-05,-7.171668E-04,-.001
3.74087,-1.525891E-05,-2.365122E-04,-.002
3.741871,7.629441E-05,9.918259E-05,.001
3.742872,1.06812E-04,3.433246E-04,-.001
3.743872,-2.28883E-05,5.645789E-04,-6.66667E-04
3.744873,-2.13624E-04,4.88285E-04,.001
3.745873,3.814716E-04,2.288828E-04,-.002
3.746873,6.179847E-04,5.111732E-04,-2.33333E-03
3.747874,3.12807E-04,4.730243E-04,-.001
3.748875,-3.814721E-05,2.746601E-04,.001
3.749875,-2.441425E-04,3.12807E-04,-6.66667E-04
3.750875,-4.501361E-04,1.144414E-04,-2.33333E-03
3.751876,-3.50954E-04,-6.866502E-05,-.001
3.752877,-1.525891E-05,-4.730243E-04,.002
3.753877,9.918259E-05,-2.288828E-04,6.66667E-04
3.754878,-1.297006E-04,-1.144414E-04,-.002
3.755878,-8.392381E-05,2.13624E-04,-.002
3.756878,-3.12807E-04,1.144414E-04,6.66667E-04
3.757879,-2.365122E-04,3.12807E-04,-3.66667E-03
3.75888,3.12807E-04,1.602182E-04,-6.66667E-04
3.75988,4.88285E-04,-2.594013E-04,6.66667E-04
3.76088,3.814721E-05,-2.670307E-04,6.66667E-04
3.761881,1.602182E-04,-1.831064E-04,-.001
3.762882,-6.103562E-05,1.525891E-05,.002
3.763882,-3.433246E-04,-9.15532E-05,6.66667E-04
3.764883,1.831064E-04,9.918259E-05,-.001
3.765883,2.365122E-04,1.75477E-04,-.002
3.766883,2.059946E-04,2.594013E-04,-.001
3.767884,2.28883E-05,4.653949E-04,6.66667E-04
3.768885,9.918259E-05,5.188026E-04,-6.66667E-04
3.769885,-3.051781E-05,3.662128E-04,-.002
3.770885,-4.577655E-04,1.907358E-04,-2.33333E-03
3.771886,-2.746601E-04,3.433246E-04,.001
3.772887,-2.441425E-04,4.119892E-04,-.001
3.773887,2.28883E-05,2.594013E-04,6.66667E-04
3.774888,1.449594E-04,3.356952E-04,-6.66667E-04
3.775888,-1.449594E-04,1.907358E-04,-.002
3.776888,-1.602182E-04,-2.365122E-04,-.001
3.777889,-1.907358E-04,-5.493201E-04,-.002
3.77889,-7.629453E-06,-5.874671E-04,-6.66667E-04
3.77989,2.28883E-05,-9.15532E-05,-.002
3.78089,-1.525891E-05,6.866502E-05,-.001
3.781891,-7.629441E-05,1.907358E-04,-6.66667E-04
3.782892,-4.043598E-04,-2.517719E-04,-6.66667E-04
3.783892,-4.425067E-04,-2.212534E-04,-6.66667E-04
3.784893,-3.433246E-04,-1.602182E-04,-6.66667E-04
3.785893,-1.144414E-04,-1.831064E-04,-.001
3.786893,-5.340599E-05,-1.75477E-04,-.002
3.787894,1.983652E-04,-3.280658E-04,5.33333E-03
3.788895,2.517719E-04,-2.13624E-04,6.66667E-04
3.789895,5.264319E-04,3.12807E-04,-.001
3.790895,1.525888E-04,5.798377E-04,-.001
3.791896,-1.220712E-04,4.119892E-04,6.66667E-04
3.792897,-2.670307E-04,1.144414E-04,6.66667E-04
3.793897,-1.75477E-04,-3.051781E-05,-3.66667E-03
3.794898,1.983652E-04,-9.15532E-05,-6.66667E-04
3.795898,3.204364E-04,-1.06812E-04,-.001
3.796898,4.425067E-04,-3.89101E-04,-.002
3.797899,3.433246E-04,-4.806537E-04,-.001
3.7989,-9.918259E-05,-8.468665E-04,6.66667E-04
3.7999,-5.874671E-04,-5.340613E-04,-.001
3.8009,-1.449594E-04,-6.027259E-04,-.001
3.801901,1.220712E-04,-4.348774E-04,-2.33333E-03
3.802902,3.967304E-04,-1.449594E-04,-6.66667E-04
3.803902,5.645789E-04,-3.356952E-04,-.001
3.804903,5.035438E-04,-2.517719E-04,-.001
3.805903,5.035438E-04,-2.28883E-05,-.002
3.806903,2.899189E-04,8.392381E-05,-.001
3.807904,5.798377E-04,1.449594E-04,-6.66667E-04
3.808905,2.899189E-04,-4.57766E-05,-.002
3.809905,8.392381E-05,-1.831064E-04,.001
3.810905,-9.15532E-05,1.525891E-05,-.001
3.811906,-2.594013E-04,3.967304E-04,6.66667E-04
3.812907,3.051781E-05,1.907358E-04,6.66667E-04
3.813907,4.959144E-04,-1.602182E-04,-2.33333E-03
3.814908,5.264319E-04,-1.297006E-04,-6.66667E-04
3.815908,9.918259E-05,-1.525891E-05,-.004
3.816908,9.918259E-05,1.983652E-04,-.002
3.817909,1.297006E-04,2.28883E-05,-6.66667E-04
3.81891,2.517719E-04,3.051776E-04,-.002
3.81991,1.602182E-04,3.814716E-04,-6.66667E-04
3.82091,2.441425E-04,2.365122E-04,-.002
3.821911,6.103562E-05,-8.392381E-05,-.002
3.822912,2.822895E-04,-2.288828E-04,-.002
3.823912,1.75477E-04,-2.13624E-04,.001
3.824913,6.866502E-05,-2.28883E-05,-.001
3.825913,6.103562E-05,2.746601E-04,-.001
3.826913,2.746601E-04,4.959144E-04,-6.66667E-04
3.827914,2.517719E-04,8.392381E-05,-.001
3.828915,1.3733E-04,4.57766E-05,-6.66667E-04
3.829915,2.365122E-04,2.288828E-04,-6.66667E-04
3.830915,2.059946E-04,1.144414E-04,-.002
3.831916,4.88285E-04,-7.629441E-05,-6.66667E-04
3.832916,4.730243E-04,1.525891E-05,.002
3.833917,1.525888E-04,5.340599E-05,-6.66667E-04
3.834918,7.629453E-06,3.814721E-05,6.66667E-04
3.835918,2.594013E-04,-1.06812E-04,-.002
3.836918,2.517719E-04,-3.738422E-04,-.001
3.837919,9.15532E-05,-3.967304E-04,-.002
3.83892,1.297006E-04,-5.493201E-04,.001
3.83992,2.13624E-04,-3.433246E-04,-.001
3.84092,-7.629441E-05,-1.678476E-04,.001
3.841921,-1.144414E-04,-2.975482E-04,-6.66667E-04
3.842921,7.629453E-06,-1.3733E-04,-.001
3.843922,1.75477E-04,9.15532E-05,-.002
3.844923,3.967304E-04,-8.392381E-05,-6.66667E-04
3.845923,3.89101E-04,-2.13624E-04,-.001
3.846923,2.059946E-04,-1.75477E-04,-.002
3.847924,3.89101E-04,-6.103562E-05,-3.66667E-03
3.848925,-2.441425E-04,-3.051781E-05,6.66667E-04
3.849925,-2.746601E-04,6.866502E-05,6.66667E-04
3.850925,-2.517719E-04,-1.75477E-04,-.001
3.851926,-9.918259E-05,1.907358E-04,-6.66667E-04
3.852926,-8.392381E-05,4.730243E-04,-6.66667E-04
3.853927,-6.103562E-05,4.88285E-04,-.001
3.854928,9.15532E-05,9.918259E-05,-.001
3.855928,1.525888E-04,-1.907358E-04,-.001
3.856929,3.50954E-04,-6.103562E-05,-6.66667E-04
3.857929,2.594013E-04,2.13624E-04,2.33333E-03
3.85893,1.678476E-04,1.220712E-04,.001
3.85993,-5.340599E-05,9.918259E-05,6.66667E-04
3.86093,-2.13624E-04,2.28883E-05,6.66667E-04
3.861931,-3.051781E-05,-9.15532E-05,-.002
3.862931,-4.57766E-05,1.831064E-04,-.002
3.863932,3.280658E-04,3.204364E-04,6.66667E-04
3.864933,-7.629441E-05,2.975482E-04,-.001
3.865933,-2.899189E-04,2.594013E-04,6.66667E-04
3.866934,-8.697547E-04,1.220712E-04,-6.66667E-04
3.867934,-8.392371E-04,3.204364E-04,-3.66667E-03
3.868935,-8.392371E-04,9.918259E-05,6.66667E-04
3.869935,-5.874671E-04,-3.967304E-04,-6.66667E-04
3.870935,-2.670307E-04,-1.220712E-04,-2.33333E-03
3.871936,2.28883E-05,2.670307E-04,-.002
3.872936,1.449594E-04,8.392381E-05,6.66667E-04
3.873937,3.814716E-04,0,-6.66667E-04
3.874938,3.967304E-04,4.57766E-05,-6.66667E-04
3.875938,1.831064E-04,-3.50954E-04,-.002
3.876939,7.629453E-06,-4.27248E-04,3.66667E-03
3.877939,-6.866502E-05,-4.043598E-04,.002
3.87894,-3.12807E-04,-3.738422E-04,-.001
3.87994,-2.517719E-04,-2.822895E-04,6.66667E-04
3.88094,-2.212534E-04,-1.907358E-04,-6.66667E-04
3.881941,-1.06812E-04,-5.340599E-05,.001
3.882941,1.75477E-04,1.678476E-04,6.66667E-04
3.883942,4.27248E-04,-3.814721E-05,6.66667E-04
3.884943,3.051776E-04,3.356952E-04,-.002
3.885943,1.678476E-04,3.662128E-04,-6.66667E-04
3.886944,1.525888E-04,2.594013E-04,.001
3.887944,-7.629453E-06,-1.449594E-04,6.66667E-04
3.888945,-2.28883E-05,6.866502E-05,-.001
3.889945,-4.57766E-05,-8.392381E-05,6.66667E-04
3.890945,1.144414E-04,2.28883E-05,6.66667E-04
3.891946,4.57766E-05,1.297006E-04,-6.66667E-04
3.892946,4.57766E-05,6.332435E-04,.001
3.893947,-1.678476E-04,5.569495E-04,-.001
3.894948,1.449594E-04,4.196186E-04,-.001
3.895948,2.517719E-04,3.50954E-04,.001
3.896949,4.88285E-04,1.525891E-05,-.001
3.897949,6.027259E-04,1.983652E-04,-6.66667E-04
3.89895,3.814716E-04,4.348774E-04,6.66667E-04
3.89995,-3.051781E-05,1.907358E-04,-6.66667E-04
3.90095,-2.594013E-04,-1.75477E-04,-6.66667E-04
3.901951,-3.204364E-04,-3.051781E-05,.001
3.902952,-2.822895E-04,-1.602182E-04,-.002
3.903952,3.814721E-05,-4.653949E-04,6.66667E-04
3.904953,9.918259E-05,1.06812E-04,.001
3.905953,-3.051781E-05,2.670307E-04,-6.66667E-04
3.906954,-2.441425E-04,-2.28883E-05,-2.33333E-03
3.907954,-4.806537E-04,-3.280658E-04,2.33333E-03
3.908955,-3.204364E-04,-3.814721E-05,-6.66667E-04
3.909955,-2.594013E-04,4.57766E-05,6.66667E-04
3.910955,-1.297006E-04,4.57766E-05,-6.66667E-04
3.911956,-5.340599E-05,2.899189E-04,-2.33333E-03
3.912957,-1.06812E-04,4.730243E-04,6.66667E-04
3.913957,6.103562E-05,2.594013E-04,6.66667E-04
3.914958,-1.144414E-04,8.392381E-05,-.001
3.915958,-1.75477E-04,-1.144414E-04,.001
3.916959,-6.866502E-05,-2.822895E-04,2.33333E-03
3.917959,-1.678476E-04,2.28883E-05,6.66667E-04
3.91896,-4.806537E-04,1.678476E-04,.001
3.91996,-1.907358E-04,3.662128E-04,6.66667E-04
3.92096,-1.525891E-05,2.594013E-04,.001
3.921961,1.678476E-04,1.3733E-04,.002
3.922962,3.204364E-04,-5.340599E-05,-6.66667E-04
3.923962,1.144414E-04,4.57766E-05,-6.66667E-04
3.924963,-7.629441E-05,2.746601E-04,-2.33333E-03
3.925963,-3.433246E-04,1.144414E-04,-.001
3.926964,-3.967304E-04,-2.059946E-04,6.66667E-04
3.927964,-4.348774E-04,6.103562E-05,.001
3.928965,-4.119892E-04,2.212534E-04,-6.66667E-04
3.929965,-1.3733E-04,-5.340599E-05,-.002
3.930965,2.746601E-04,1.602182E-04,-6.66667E-04
3.931966,2.822895E-04,4.043598E-04,.001
3.932967,-1.602182E-04,1.907358E-04,6.66667E-04
3.933967,-1.602182E-04,1.144414E-04,.001
3.934968,7.629441E-05,4.57766E-05,6.66667E-04
3.935968,2.288828E-04,1.220712E-04,6.66667E-04
3.936969,5.340599E-05,-1.602182E-04,-.002
3.937969,1.831064E-04,-2.822895E-04,-.001
3.93897,-2.28883E-05,1.75477E-04,.001
3.93997,1.144414E-04,2.288828E-04,2.33333E-03
3.94097,1.678476E-04,3.280658E-04,-.001
3.941971,2.28883E-05,2.822895E-04,-6.66667E-04
3.942972,1.297006E-04,5.645789E-04,-3.66667E-03
3.943972,2.212534E-04,5.035438E-04,.002
3.944973,5.264319E-04,4.196186E-04,-2.33333E-03
3.945973,3.585834E-04,2.365122E-04,6.66667E-04
3.946974,2.288828E-04,-2.28883E-05,-.002
3.947974,4.577655E-04,-1.907358E-04,-.001
3.948975,5.722083E-04,0,-2.33333E-03
3.949975,1.75477E-04,4.196186E-04,.001
3.950975,3.662128E-04,4.806537E-04,.001
3.951976,5.264319E-04,4.57766E-05,-.001
3.952977,4.653949E-04,-1.907358E-04,-.001
3.953977,2.975482E-04,-1.602182E-04,-.002
3.954978,-7.629441E-05,-3.204364E-04,-6.66667E-04
3.955978,-1.983652E-04,-3.738422E-04,-6.66667E-04
3.956979,-2.28883E-05,-4.27248E-04,.001
3.957979,-4.57766E-05,-4.806537E-04,-2.33333E-03
3.95898,8.392381E-05,-5.340613E-04,-.001
3.95998,1.75477E-04,-4.653949E-04,-6.66667E-04
3.96098,3.814721E-05,-2.594013E-04,-6.66667E-04
3.961981,-2.059946E-04,-1.525891E-05,6.66667E-04
3.962982,-2.670307E-04,-1.3733E-04,-.002
3.963982,-3.967304E-04,-4.57766E-05,-6.66667E-04
3.964983,-2.594013E-04,-4.119892E-04,.001
3.965983,-1.525888E-04,-3.585834E-04,-.002
3.966984,6.866502E-05,-4.730243E-04,-6.66667E-04
3.967984,3.12807E-04,-2.059946E-04,-.001
3.968985,3.585834E-04,4.196186E-04,-6.66667E-04
3.969985,2.059946E-04,4.119892E-04,-.001
3.970985,5.722083E-04,2.975482E-04,-6.66667E-04
3.971986,1.983652E-04,2.059946E-04,-6.66667E-04
3.972987,-2.746601E-04,-2.059946E-04,-.002
3.973987,-1.602182E-04,-2.441425E-04,-.001
3.974988,-4.043598E-04,2.822895E-04,.002
3.975988,-5.340613E-04,5.264319E-04,6.66667E-04
3.976989,-2.13624E-04,4.196186E-04,-6.66667E-04
3.977989,-1.525891E-05,6.103562E-05,.002
3.97899,-1.06812E-04,-7.629453E-06,6.66667E-04
3.97999,-1.220712E-04,9.918259E-05,.001
3.98099,2.288828E-04,2.365122E-04,-6.66667E-04
3.981991,4.730243E-04,4.57766E-05,-2.33333E-03
3.982992,3.662128E-04,-2.13624E-04,-.001
3.983992,3.12807E-04,-7.171668E-04,-.002
3.984993,3.12807E-04,-4.425067E-04,.001
3.985993,2.441425E-04,-2.670307E-04,-2.33333E-03
3.986994,6.103562E-05,-1.983652E-04,-.001
3.987994,7.629453E-06,-8.392381E-05,-.001
3.988995,3.89101E-04,-3.051776E-04,6.66667E-04
3.989995,3.356952E-04,-2.822895E-04,-6.66667E-04
3.990995,1.3733E-04,-7.629453E-06,-6.66667E-04
3.991996,-2.13624E-04,1.983652E-04,-.001
3.992997,-4.27248E-04,-3.814721E-05,.001
3.993997,-4.806537E-04,8.392381E-05,-.001
3.994998,-1.907358E-04,-3.051781E-05,-2.33333E-03
3.995998,1.525888E-04,-3.814716E-04,6.66667E-04
3.996999,1.525888E-04,-1.907358E-04,-3.66667E-03
3.997999,6.866502E-05,-5.569495E-04,-6.66667E-04
3.999,-3.280658E-04,-6.942786E-04,-.002
4,-4.196186E-04,-5.874671E-04,-.001
