"c:\users\esrlabn1\desktop\bence\ir_spectroscopy\532nm_odmr\magnet_map_2_680nm\408.dat  ---  04-28-2026 06:37:29"
""
"cavityli 20 2 4 2000 1 0 0"
"                             ;                             ;seth_xesr_precise 191.3 1 0 1.4921722113502933"
"setlockin 188.67 0.004 0 0.03 0.2"
4,2000
2,2.441425E-04,4.653949E-04,-6.66667E-04
2.001,7.629441E-05,3.662128E-04,.001
2.002001,-4.57766E-05,1.525888E-04,.001
2.003001,-1.449594E-04,2.822895E-04,-6.66667E-04
2.004002,-3.814721E-05,1.907358E-04,-.001
2.005002,1.907358E-04,1.831064E-04,-6.66667E-04
2.006003,-1.907358E-04,2.441425E-04,-.002
2.007004,-1.144414E-04,1.831064E-04,-6.66667E-04
2.008004,-2.28883E-05,1.525891E-05,-.001
2.009005,-1.144414E-04,7.629441E-05,6.66667E-04
2.010005,1.602182E-04,2.822895E-04,-6.66667E-04
2.011005,-1.907358E-04,2.517719E-04,6.66667E-04
2.012006,-2.059946E-04,3.280658E-04,-6.66667E-04
2.013006,1.602182E-04,4.043598E-04,-2.33333E-03
2.014007,3.50954E-04,2.594013E-04,-.002
2.015007,8.392381E-05,1.297006E-04,-.001
2.016008,-3.051781E-05,1.220712E-04,6.66667E-04
2.017009,-5.340599E-05,3.662128E-04,-6.66667E-04
2.018009,-9.918259E-05,1.297006E-04,.001
2.01901,-3.585834E-04,-1.525891E-05,-.001
2.02001,-6.561317E-04,-1.983652E-04,.001
2.02101,-6.485023E-04,-3.50954E-04,-.002
2.022011,-5.111732E-04,-1.907358E-04,6.66667E-04
2.023011,-4.27248E-04,3.814721E-05,-6.66667E-04
2.024012,-3.585834E-04,-1.983652E-04,-6.66667E-04
2.025012,-3.433246E-04,-1.602182E-04,-6.66667E-04
2.026013,-2.899189E-04,-4.57766E-05,6.66667E-04
2.027014,-2.28883E-05,5.798377E-04,-.002
2.028014,9.918259E-05,2.975482E-04,-6.66667E-04
2.029015,-1.144414E-04,1.144414E-04,-.001
2.030015,-8.392381E-05,-3.051781E-05,.001
2.031015,9.918259E-05,0,6.66667E-04
2.032016,9.918259E-05,6.103562E-05,-.002
2.033016,9.918259E-05,-2.28883E-05,-.001
2.034017,8.392381E-05,-4.57766E-05,-6.66667E-04
2.035017,-1.06812E-04,-1.525891E-05,-2.33333E-03
2.036018,3.814721E-05,0,6.66667E-04
2.037019,-6.866502E-05,1.525888E-04,.001
2.038019,-9.918259E-05,3.585834E-04,-6.66667E-04
2.03902,-1.220712E-04,9.918259E-05,-.001
2.04002,1.525888E-04,2.441425E-04,-.001
2.04102,9.15532E-05,2.594013E-04,6.66667E-04
2.042021,6.103562E-05,1.449594E-04,-6.66667E-04
2.043021,-1.144414E-04,0,6.66667E-04
2.044022,3.814721E-05,-2.13624E-04,.001
2.045022,-1.983652E-04,2.212534E-04,-6.66667E-04
2.046023,2.28883E-05,4.27248E-04,-.001
2.047024,3.356952E-04,3.738422E-04,2.33333E-03
2.048024,3.662128E-04,2.822895E-04,6.66667E-04
2.049025,9.15532E-05,5.874671E-04,-.002
2.050025,-5.340599E-05,3.12807E-04,.001
2.051026,9.15532E-05,4.57766E-05,-.002
2.052026,2.059946E-04,-2.059946E-04,-.002
2.053026,-3.814721E-05,-1.983652E-04,-.001
2.054027,-4.348774E-04,2.13624E-04,6.66667E-04
2.055027,-5.111732E-04,0,-6.66667E-04
2.056028,-2.365122E-04,-3.814721E-05,-.002
2.057029,4.57766E-05,-3.051781E-05,6.66667E-04
2.058029,6.103562E-05,-9.15532E-05,-6.66667E-04
2.05903,-1.983652E-04,-3.051781E-05,-6.66667E-04
2.06003,-1.75477E-04,-6.103562E-05,-.001
2.061031,-2.517719E-04,1.75477E-04,-6.66667E-04
2.062031,-1.06812E-04,6.103562E-05,-.001
2.063031,1.602182E-04,2.28883E-05,.001
2.064032,-1.525891E-05,9.918259E-05,2.33333E-03
2.065032,-2.13624E-04,-1.75477E-04,6.66667E-04
2.066033,-1.602182E-04,-6.866502E-05,-.002
2.067034,-3.433246E-04,4.57766E-05,6.66667E-04
2.068034,-1.907358E-04,9.918259E-05,.001
2.069035,2.594013E-04,-2.746601E-04,-.002
2.070035,2.212534E-04,-5.340599E-05,-6.66667E-04
2.071036,-2.28883E-05,-6.866502E-05,-.001
2.072036,1.602182E-04,2.899189E-04,-.002
2.073036,4.196186E-04,1.983652E-04,6.66667E-04
2.074037,5.035438E-04,2.288828E-04,-.001
2.075037,4.119892E-04,3.051776E-04,-.002
2.076038,1.678476E-04,3.662128E-04,.001
2.077039,9.918259E-05,6.790198E-04,-2.33333E-03
2.078039,9.15532E-05,5.645789E-04,.001
2.07904,-1.06812E-04,1.831064E-04,-.004
2.08004,-1.449594E-04,4.043598E-04,-6.66667E-04
2.081041,-1.449594E-04,3.585834E-04,-.002
2.082041,-6.866502E-05,5.188026E-04,-2.33333E-03
2.083041,-6.103562E-05,3.433246E-04,-.001
2.084042,-2.28883E-05,-7.629441E-05,-6.66667E-04
2.085042,2.594013E-04,-2.822895E-04,-.001
2.086043,2.288828E-04,-3.662128E-04,-.002
2.087044,6.103562E-05,-5.035438E-04,.001
2.088044,-7.629453E-06,2.212534E-04,-.002
2.089045,6.103562E-05,4.348774E-04,-3.66667E-03
2.090045,1.06812E-04,3.662128E-04,6.66667E-04
2.091046,3.051781E-05,-1.75477E-04,-6.66667E-04
2.092046,-6.866502E-05,-1.75477E-04,-.001
2.093046,2.594013E-04,-2.059946E-04,6.66667E-04
2.094047,5.645789E-04,-3.738422E-04,-6.66667E-04
2.095047,7.553138E-04,5.340599E-05,6.66667E-04
2.096048,1.907358E-04,6.103562E-05,-6.66667E-04
2.097049,1.220712E-04,9.918259E-05,.001
2.098049,-5.340599E-05,3.585834E-04,6.66667E-04
2.09905,3.814721E-05,1.525888E-04,-6.66667E-04
2.10005,-3.814721E-05,4.57766E-05,-3.66667E-03
2.101051,-1.297006E-04,1.3733E-04,-.001
2.102051,-1.449594E-04,-2.28883E-05,.001
2.103051,1.831064E-04,0,-.002
2.104052,3.204364E-04,0,6.66667E-04
2.105052,5.111732E-04,-4.348774E-04,-6.66667E-04
2.106053,2.517719E-04,-6.179847E-04,-.001
2.107054,6.866502E-05,-6.179847E-04,-.001
2.108054,7.629441E-05,-3.280658E-04,6.66667E-04
2.109055,6.103562E-05,-7.629453E-06,-.002
2.110055,-6.103562E-05,3.585834E-04,-.001
2.111056,-2.059946E-04,3.967304E-04,.001
2.112056,-2.288828E-04,3.051781E-05,-.002
2.113056,-3.814721E-05,-5.340599E-05,.001
2.114057,2.212534E-04,1.144414E-04,-2.33333E-03
2.115057,3.50954E-04,-2.13624E-04,-3.66667E-03
2.116058,2.594013E-04,-1.06812E-04,-2.33333E-03
2.117059,8.392381E-05,2.517719E-04,-.001
2.118059,-1.602182E-04,9.918259E-05,-6.66667E-04
2.11906,6.103562E-05,-8.392381E-05,-6.66667E-04
2.12006,3.12807E-04,-3.967304E-04,-6.66667E-04
2.121061,4.57766E-05,4.57766E-05,-3.66667E-03
2.122061,-3.051781E-05,1.297006E-04,-6.66667E-04
2.123062,-4.57766E-05,3.051781E-05,2.33333E-03
2.124062,0,0,6.66667E-04
2.125062,-7.629453E-06,-3.585834E-04,-6.66667E-04
2.126063,1.297006E-04,-4.196186E-04,-6.66667E-04
2.127064,3.662128E-04,-2.288828E-04,6.66667E-04
2.128064,4.27248E-04,5.340599E-05,-2.33333E-03
2.129065,2.059946E-04,9.918259E-05,6.66667E-04
2.130065,-1.983652E-04,2.670307E-04,.001
2.131066,-2.670307E-04,1.449594E-04,-.001
2.132066,-4.730243E-04,-3.814721E-05,6.66667E-04
2.133067,-3.204364E-04,-1.06812E-04,6.66667E-04
2.134067,-3.585834E-04,3.50954E-04,-6.66667E-04
2.135067,5.340599E-05,3.662128E-04,.002
2.136068,-8.392381E-05,2.059946E-04,-6.66667E-04
2.137069,-2.517719E-04,2.059946E-04,-6.66667E-04
2.138069,-4.119892E-04,-9.918259E-05,-6.66667E-04
2.13907,-6.485023E-04,1.449594E-04,-.001
2.14007,-5.950965E-04,2.746601E-04,-6.66667E-04
2.141071,-1.75477E-04,3.051781E-05,-.002
2.142071,2.28883E-05,-1.525891E-05,-.001
2.143072,1.831064E-04,-3.356952E-04,-2.33333E-03
2.144072,2.975482E-04,-7.095374E-04,6.66667E-04
2.145072,6.256141E-04,-6.408729E-04,6.66667E-04
2.146073,3.662128E-04,-5.340613E-04,-6.66667E-04
2.147074,1.525891E-05,-4.27248E-04,-.002
2.148074,-5.340599E-05,-3.280658E-04,-6.66667E-04
2.149075,3.814721E-05,-8.392381E-05,.001
2.150075,1.525888E-04,-1.06812E-04,-6.66667E-04
2.151076,4.57766E-05,2.059946E-04,-.001
2.152076,-1.06812E-04,-6.866502E-05,6.66667E-04
2.153077,-2.670307E-04,1.525888E-04,.002
2.154077,-1.983652E-04,3.433246E-04,-.001
2.155077,3.051781E-05,2.059946E-04,-6.66667E-04
2.156078,9.15532E-05,1.831064E-04,6.66667E-04
2.157079,-6.103562E-05,1.3733E-04,6.66667E-04
2.158079,-3.051781E-05,1.06812E-04,-6.66667E-04
2.15908,-1.144414E-04,2.975482E-04,-6.66667E-04
2.16008,-4.57766E-05,3.433246E-04,.001
2.161081,-2.365122E-04,4.425067E-04,6.66667E-04
2.162081,-2.365122E-04,3.50954E-04,-.001
2.163082,1.678476E-04,0,6.66667E-04
2.164082,3.585834E-04,-6.866502E-05,-.002
2.165082,1.525888E-04,4.57766E-05,6.66667E-04
2.166083,-2.517719E-04,3.433246E-04,-.002
2.167084,-3.12807E-04,1.144414E-04,2.33333E-03
2.168084,-2.441425E-04,-9.15532E-05,6.66667E-04
2.169085,-1.831064E-04,-1.06812E-04,6.66667E-04
2.170085,-7.629441E-05,0,.001
2.171086,3.814721E-05,6.866502E-05,-.001
2.172086,-9.15532E-05,-1.220712E-04,-6.66667E-04
2.173087,-3.585834E-04,-2.288828E-04,-6.66667E-04
2.174087,-3.356952E-04,-3.50954E-04,-6.66667E-04
2.175087,-1.297006E-04,-5.264319E-04,.001
2.176088,2.441425E-04,-6.103553E-04,-6.66667E-04
2.177088,3.662128E-04,-4.730243E-04,-.001
2.178089,3.585834E-04,-3.204364E-04,2.33333E-03
2.17909,-5.340599E-05,1.525891E-05,.001
2.18009,-1.983652E-04,4.57766E-05,-.002
2.181091,-4.577655E-04,1.3733E-04,-2.33333E-03
2.182091,-5.950965E-04,1.525888E-04,.001
2.183092,-9.918259E-05,6.103562E-05,-6.66667E-04
2.184092,1.06812E-04,2.517719E-04,6.66667E-04
2.185092,4.043598E-04,3.12807E-04,-6.66667E-04
2.186093,4.806537E-04,-1.06812E-04,-6.66667E-04
2.187093,2.594013E-04,4.57766E-05,-6.66667E-04
2.188094,1.983652E-04,-1.144414E-04,6.66667E-04
2.189095,1.831064E-04,-2.822895E-04,.001
2.190095,3.814721E-05,-2.212534E-04,-6.66667E-04
2.191096,-1.678476E-04,-4.119892E-04,-.001
2.192096,-2.13624E-04,-2.365122E-04,6.66667E-04
2.193097,-1.907358E-04,-3.89101E-04,.002
2.194097,0,-4.57766E-05,-.001
2.195097,-2.212534E-04,5.340599E-05,.001
2.196098,-2.13624E-04,9.15532E-05,-3.66667E-03
2.197098,-4.577655E-04,3.433246E-04,.001
2.198099,-4.043598E-04,3.662128E-04,-3.66667E-03
2.1991,0,5.340613E-04,-6.66667E-04
2.2001,-1.3733E-04,6.179847E-04,.001
2.201101,-7.629441E-05,4.730243E-04,-.001
2.202101,-7.629441E-05,4.501361E-04,.001
2.203102,-1.602182E-04,1.06812E-04,-.001
2.204102,-3.12807E-04,-1.983652E-04,-2.33333E-03
2.205102,-2.975482E-04,-3.738422E-04,-3.66667E-03
2.206103,-9.918259E-05,-3.433246E-04,-.001
2.207103,2.975482E-04,-2.28883E-05,.001
2.208104,5.798377E-04,2.899189E-04,-6.66667E-04
2.209105,7.324256E-04,3.585834E-04,6.66667E-04
2.210105,6.103553E-04,1.525888E-04,-3.66667E-03
2.211106,4.196186E-04,-3.051781E-05,-6.66667E-04
2.212106,4.57766E-05,-1.06812E-04,.002
2.213107,4.57766E-05,-6.866502E-05,-6.66667E-04
2.214107,-4.57766E-05,-5.340599E-05,-3.66667E-03
2.215107,4.57766E-05,2.059946E-04,.001
2.216108,-6.103562E-05,3.585834E-04,-.002
2.217108,3.814721E-05,4.730243E-04,-6.66667E-04
2.218109,-1.144414E-04,1.831064E-04,.002
2.21911,-1.983652E-04,1.525891E-05,-.002
2.22011,2.28883E-05,1.983652E-04,-3.66667E-03
2.221111,3.814721E-05,8.392381E-05,-.001
2.222111,1.75477E-04,-2.365122E-04,.001
2.223112,1.525888E-04,-4.119892E-04,-6.66667E-04
2.224112,-7.629453E-06,-1.220712E-04,-.002
2.225112,-2.288828E-04,0,6.66667E-04
2.226113,-2.746601E-04,-1.602182E-04,-.002
2.227113,-2.441425E-04,-4.27248E-04,6.66667E-04
2.228114,2.28883E-05,-2.13624E-04,-.001
2.229115,-5.340599E-05,1.525891E-05,6.66667E-04
2.230115,-2.670307E-04,1.297006E-04,6.66667E-04
2.231116,-1.983652E-04,-7.629441E-05,6.66667E-04
2.232116,-2.899189E-04,2.13624E-04,-2.33333E-03
2.233117,-2.365122E-04,2.059946E-04,.001
2.234117,-2.13624E-04,3.814721E-05,-.001
2.235118,1.297006E-04,7.629453E-06,-.001
2.236118,-1.144414E-04,5.340599E-05,6.66667E-04
2.237118,-8.392381E-05,-5.340599E-05,-6.66667E-04
2.238119,8.392381E-05,6.103562E-05,.001
2.23912,1.907358E-04,2.517719E-04,-3.66667E-03
2.24012,2.670307E-04,-5.340599E-05,6.66667E-04
2.241121,5.798377E-04,6.103562E-05,-.001
2.242121,5.493201E-04,-2.212534E-04,-.002
2.243122,4.730243E-04,-9.15532E-05,-6.66667E-04
2.244122,2.212534E-04,-3.051781E-05,-.001
2.245123,2.059946E-04,-7.629441E-05,.001
2.246123,4.57766E-05,6.866502E-05,.001
2.247123,-5.340599E-05,1.297006E-04,.001
2.248124,-6.866502E-05,3.280658E-04,.002
2.249125,-3.051776E-04,1.907358E-04,6.66667E-04
2.250125,-2.822895E-04,3.051776E-04,6.66667E-04
2.251126,-2.670307E-04,2.212534E-04,.001
2.252126,-2.670307E-04,3.738422E-04,.001
2.253127,-3.051776E-04,6.332435E-04,.001
2.254127,-1.06812E-04,7.934608E-04,6.66667E-04
2.255128,1.525888E-04,5.188026E-04,-6.66667E-04
2.256128,1.220712E-04,-1.449594E-04,6.66667E-04
2.257128,2.899189E-04,-5.340613E-04,-.001
2.258129,2.594013E-04,-3.967304E-04,-6.66667E-04
2.25913,1.525888E-04,-2.059946E-04,-6.66667E-04
2.26013,2.059946E-04,-3.051781E-05,.001
2.261131,-1.06812E-04,9.918259E-05,-.001
2.262131,-1.602182E-04,1.06812E-04,-6.66667E-04
2.263132,-9.918259E-05,1.220712E-04,-6.66667E-04
2.264132,-2.28883E-05,3.662128E-04,-.001
2.265133,1.831064E-04,4.653949E-04,-6.66667E-04
2.266133,2.059946E-04,2.594013E-04,-6.66667E-04
2.267133,2.13624E-04,-3.814721E-05,6.66667E-04
2.268134,2.059946E-04,-2.28883E-05,-.001
2.269135,5.111732E-04,-2.28883E-05,6.66667E-04
2.270135,3.12807E-04,9.15532E-05,.002
2.271136,2.441425E-04,-1.06812E-04,-6.66667E-04
2.272136,-6.103562E-05,-3.204364E-04,2.33333E-03
2.273137,-1.831064E-04,-3.967304E-04,-6.66667E-04
2.274137,-1.220712E-04,-4.043598E-04,.001
2.275138,6.103562E-05,3.50954E-04,.001
2.276138,1.907358E-04,5.111732E-04,6.66667E-04
2.277139,2.899189E-04,4.730243E-04,-.001
2.278139,1.678476E-04,3.280658E-04,6.66667E-04
2.27914,-2.28883E-05,9.918259E-05,.001
2.28014,-7.629441E-05,3.12807E-04,.001
2.281141,7.629441E-05,1.525888E-04,.001
2.282141,1.75477E-04,1.06812E-04,.001
2.283142,2.365122E-04,-7.629453E-06,-.002
2.284142,1.831064E-04,4.57766E-05,.001
2.285143,3.738422E-04,2.365122E-04,.002
2.286143,1.907358E-04,1.831064E-04,6.66667E-04
2.287144,1.525888E-04,1.144414E-04,6.66667E-04
2.288144,-1.75477E-04,-1.06812E-04,-.002
2.289145,-2.365122E-04,2.441425E-04,2.33333E-03
2.290145,4.57766E-05,1.831064E-04,-6.66667E-04
2.291146,-3.051781E-05,-8.392381E-05,-6.66667E-04
2.292146,2.517719E-04,-2.365122E-04,-.001
2.293147,2.670307E-04,-3.50954E-04,-6.66667E-04
2.294147,2.288828E-04,-4.043598E-04,6.66667E-04
2.295148,8.392381E-05,-3.12807E-04,-6.66667E-04
2.296148,-6.866502E-05,-5.340599E-05,-.002
2.297149,-4.501361E-04,-9.918259E-05,6.66667E-04
2.298149,-6.485023E-04,-3.433246E-04,.001
2.29915,-3.738422E-04,-1.220712E-04,-6.66667E-04
2.30015,-4.27248E-04,7.629453E-06,-6.66667E-04
2.301151,-6.866492E-04,2.288828E-04,-6.66667E-04
2.302151,-3.585834E-04,2.746601E-04,6.66667E-04
2.303152,-2.899189E-04,2.594013E-04,-6.66667E-04
2.304152,-3.051781E-05,1.06812E-04,-6.66667E-04
2.305153,1.678476E-04,-5.340599E-05,.002
2.306153,-9.15532E-05,-1.525891E-05,-.001
2.307154,3.051781E-05,-8.392381E-05,-.002
2.308154,2.441425E-04,-1.983652E-04,2.33333E-03
2.309155,7.629441E-05,-1.06812E-04,.001
2.310155,2.594013E-04,-3.051781E-05,-.001
2.311156,9.918259E-05,-1.831064E-04,-6.66667E-04
2.312156,2.28883E-05,-3.967304E-04,-.001
2.313157,1.144414E-04,-2.441425E-04,6.66667E-04
2.314157,3.051781E-05,1.525888E-04,-.002
2.315158,9.918259E-05,3.814721E-05,-6.66667E-04
2.316158,-9.918259E-05,-1.75477E-04,.002
2.317159,-3.662128E-04,-2.28883E-05,-6.66667E-04
2.318159,-2.13624E-04,2.059946E-04,-.001
2.31916,-1.75477E-04,4.27248E-04,2.33333E-03
2.32016,-2.441425E-04,4.196186E-04,-.001
2.321161,-2.899189E-04,4.119892E-04,-.002
2.322161,-2.059946E-04,3.356952E-04,-.002
2.323162,-5.264319E-04,9.918259E-05,-.001
2.324162,-5.111732E-04,-6.866502E-05,-.001
2.325163,-5.340613E-04,-3.204364E-04,-.001
2.326163,-6.561317E-04,-3.280658E-04,-.002
2.327164,-4.196186E-04,7.629453E-06,-6.66667E-04
2.328164,-2.975482E-04,5.188026E-04,-6.66667E-04
2.329165,-1.06812E-04,6.866492E-04,6.66667E-04
2.330165,-1.525888E-04,3.662128E-04,-.001
2.331166,-4.806537E-04,3.12807E-04,-.002
2.332166,-3.204364E-04,1.3733E-04,.001
2.333167,-2.822895E-04,1.220712E-04,.002
2.334167,2.899189E-04,3.662128E-04,-6.66667E-04
2.335168,2.746601E-04,1.525888E-04,-.002
2.336168,1.144414E-04,-1.525891E-05,.001
2.337169,1.525888E-04,-1.602182E-04,.002
2.338169,4.501361E-04,1.525891E-05,-6.66667E-04
2.33917,1.449594E-04,-7.629453E-06,.001
2.34017,1.297006E-04,1.06812E-04,-.002
2.341171,-1.983652E-04,3.814721E-05,-.001
2.342171,-4.425067E-04,4.57766E-05,-.001
2.343172,-3.738422E-04,3.814721E-05,-6.66667E-04
2.344172,-3.356952E-04,1.602182E-04,-6.66667E-04
2.345173,-2.517719E-04,1.06812E-04,-.001
2.346173,-1.678476E-04,1.907358E-04,-.002
2.347174,-2.517719E-04,-1.297006E-04,-6.66667E-04
2.348174,-4.348774E-04,-1.831064E-04,-.001
2.349174,-6.027259E-04,4.57766E-05,-.001
2.350175,-3.50954E-04,-5.340599E-05,-6.66667E-04
2.351176,-4.196186E-04,1.525891E-05,-6.66667E-04
2.352176,-2.746601E-04,0,-.001
2.353177,-3.051781E-05,3.50954E-04,6.66667E-04
2.354177,-1.3733E-04,5.798377E-04,-2.33333E-03
2.355178,1.449594E-04,2.365122E-04,-.001
2.356178,-1.220712E-04,-1.3733E-04,.001
2.357179,-4.57766E-05,-1.602182E-04,-6.66667E-04
2.358179,1.602182E-04,-2.288828E-04,-.001
2.359179,2.670307E-04,-1.449594E-04,-6.66667E-04
2.36018,4.57766E-05,-9.918259E-05,-.001
2.361181,-7.629441E-05,1.983652E-04,.001
2.362181,9.918259E-05,-1.525891E-05,.001
2.363182,1.144414E-04,-1.602182E-04,-6.66667E-04
2.364182,-2.441425E-04,-2.13624E-04,6.66667E-04
2.365183,-9.15532E-05,-4.043598E-04,-6.66667E-04
2.366183,2.212534E-04,-1.831064E-04,-3.66667E-03
2.367184,1.602182E-04,1.525891E-05,-6.66667E-04
2.368184,0,1.525891E-05,-6.66667E-04
2.369184,-1.75477E-04,-5.340599E-05,-6.66667E-04
2.370185,-3.433246E-04,3.12807E-04,6.66667E-04
2.371186,-2.670307E-04,1.297006E-04,-6.66667E-04
2.372186,-1.220712E-04,2.059946E-04,-.002
2.373187,-4.577655E-04,2.365122E-04,-3.66667E-03
2.374187,-5.111732E-04,-1.525891E-05,6.66667E-04
2.375188,-7.934608E-04,2.212534E-04,-.001
2.376188,-9.460486E-04,1.983652E-04,-6.66667E-04
2.377189,-9.613074E-04,-7.629453E-06,-.002
2.378189,-1.09864E-03,-2.13624E-04,-6.66667E-04
2.379189,-1.73188E-03,-6.866502E-05,-6.66667E-04
2.38019,-3.013626E-03,4.57766E-05,-.002
2.381191,-4.745513E-03,3.12807E-04,.002
2.382191,-6.446868E-03,5.111732E-04,.001
2.383192,-8.079588E-03,7.40055E-04,6.66667E-04
2.384192,-9.376585E-03,5.340613E-04,-6.66667E-04
2.385193,-1.186377E-02,2.365122E-04,-.001
2.386193,-1.580822E-02,7.629453E-06,-6.66667E-04
2.387194,-1.985943E-02,-3.738422E-04,-6.66667E-04
2.388194,-2.321637E-02,-5.950965E-04,2.33333E-03
2.389194,-2.570355E-02,-7.247962E-04,-6.66667E-04
2.390195,-2.632916E-02,-8.010902E-04,-6.66667E-04
2.391196,-2.596295E-02,-7.171668E-04,-.001
2.392196,-2.425396E-02,-6.408729E-04,-2.33333E-03
2.393197,-2.145398E-02,-3.738422E-04,-.002
2.394197,-.0177995,6.866502E-05,.001
2.395198,-1.419836E-02,1.831064E-04,-6.66667E-04
2.396198,-1.084906E-02,4.88285E-04,6.66667E-04
2.397199,-7.972777E-03,1.06812E-04,6.66667E-04
2.398199,-5.729705E-03,3.204364E-04,-.001
2.399199,-4.180938E-03,3.433246E-04,-6.66667E-04
2.4002,-3.067032E-03,5.722083E-04,-6.66667E-04
2.401201,-2.159134E-03,3.662128E-04,-.002
2.402201,-1.48011E-03,2.517719E-04,-2.33333E-03
2.403202,-1.029976E-03,2.28883E-05,-.001
2.404202,-6.256141E-04,1.525891E-05,.001
2.405203,-4.959144E-04,1.602182E-04,-.001
2.406203,-5.188026E-04,3.89101E-04,.001
2.407204,-1.449594E-04,2.975482E-04,-3.66667E-03
2.408204,9.918259E-05,7.629441E-05,-.001
2.409204,9.918259E-05,-7.629441E-05,-6.66667E-04
2.410205,1.449594E-04,-2.517719E-04,.001
2.411206,4.57766E-05,-5.340599E-05,-6.66667E-04
2.412206,-8.392381E-05,4.653949E-04,-3.66667E-03
2.413207,1.75477E-04,2.975482E-04,.001
2.414207,-2.670307E-04,1.449594E-04,.001
2.415208,-2.13624E-04,2.212534E-04,6.66667E-04
2.416208,-2.212534E-04,3.12807E-04,-.001
2.417209,-3.280658E-04,2.822895E-04,-.001
2.418209,-1.831064E-04,4.57766E-05,-2.33333E-03
2.41921,9.15532E-05,-2.059946E-04,6.66667E-04
2.42021,-1.3733E-04,-1.678476E-04,6.66667E-04
2.421211,-2.288828E-04,6.103562E-05,-.001
2.422211,-1.75477E-04,9.15532E-05,-6.66667E-04
2.423212,-1.06812E-04,5.874671E-04,-6.66667E-04
2.424212,-6.103562E-05,7.324256E-04,-.001
2.425213,-3.814721E-05,6.103553E-04,-.001
2.426213,-9.918259E-05,4.043598E-04,-.001
2.427214,-8.392381E-05,3.662128E-04,-6.66667E-04
2.428214,-4.196186E-04,2.822895E-04,.002
2.429215,-1.983652E-04,-2.670307E-04,-.002
2.430215,-2.212534E-04,-6.866502E-05,6.66667E-04
2.431216,-2.212534E-04,1.983652E-04,6.66667E-04
2.432216,-1.144414E-04,9.15532E-05,-6.66667E-04
2.433217,1.831064E-04,2.822895E-04,6.66667E-04
2.434217,3.814721E-05,1.220712E-04,-2.33333E-03
2.435218,-3.433246E-04,-1.678476E-04,.001
2.436218,-7.171668E-04,1.525888E-04,.002
2.437219,-8.316077E-04,2.594013E-04,-.001
2.438219,-3.662128E-04,-4.119892E-04,-.001
2.43922,-2.594013E-04,-4.806537E-04,-.002
2.44022,-2.899189E-04,-3.433246E-04,-.002
2.441221,-1.525891E-05,-1.06812E-04,.001
2.442221,1.3733E-04,-2.212534E-04,6.66667E-04
2.443222,7.629453E-06,-2.288828E-04,-6.66667E-04
2.444222,-3.585834E-04,-2.288828E-04,-.001
2.445223,-3.12807E-04,-1.602182E-04,-.002
2.446223,-1.525891E-05,-2.059946E-04,6.66667E-04
2.447224,1.449594E-04,-9.918259E-05,-.002
2.448224,-3.051781E-05,3.280658E-04,6.66667E-04
2.449225,-7.629441E-05,3.662128E-04,-.001
2.450225,-3.662128E-04,4.196186E-04,.001
2.451226,-4.196186E-04,5.188026E-04,-.002
2.452226,-1.525888E-04,1.602182E-04,-6.66667E-04
2.453227,-1.602182E-04,2.059946E-04,.001
2.454227,-2.13624E-04,9.918259E-05,.001
2.455228,-2.594013E-04,4.57766E-05,.001
2.456228,0,1.525888E-04,-.002
2.457229,3.585834E-04,7.629441E-05,-.002
2.458229,4.196186E-04,-7.629453E-06,-.001
2.45923,2.059946E-04,-4.119892E-04,-.001
2.46023,1.831064E-04,-2.441425E-04,-6.66667E-04
2.461231,8.392381E-05,6.866502E-05,6.66667E-04
2.462231,1.983652E-04,1.220712E-04,-.001
2.463232,1.75477E-04,-1.06812E-04,-.002
2.464232,1.907358E-04,-2.288828E-04,6.66667E-04
2.465233,2.594013E-04,-3.89101E-04,-6.66667E-04
2.466233,3.051781E-05,-5.111732E-04,.001
2.467234,-3.051776E-04,-5.340613E-04,6.66667E-04
2.468234,-5.645789E-04,-6.103562E-05,-.001
2.469235,-4.27248E-04,-2.746601E-04,-.002
2.470235,-1.678476E-04,-2.594013E-04,.001
2.471236,-1.525891E-05,-1.907358E-04,-2.33333E-03
2.472236,-3.204364E-04,-2.670307E-04,6.66667E-04
2.473237,-2.059946E-04,-3.814721E-05,-.001
2.474237,3.814721E-05,1.3733E-04,-.001
2.475238,9.918259E-05,-7.629441E-05,-6.66667E-04
2.476238,-7.629453E-06,2.28883E-05,6.66667E-04
2.477239,1.297006E-04,1.525888E-04,-6.66667E-04
2.478239,3.585834E-04,-1.06812E-04,.001
2.47924,3.051781E-05,-3.50954E-04,.001
2.48024,-2.059946E-04,-7.629441E-05,-.001
2.481241,1.525891E-05,1.525888E-04,6.66667E-04
2.482241,-2.28883E-05,1.220712E-04,-.001
2.483242,4.577655E-04,9.918259E-05,.001
2.484242,4.730243E-04,-4.57766E-05,-.001
2.485243,9.15532E-05,-6.103562E-05,-.001
2.486243,-2.28883E-05,7.629453E-06,6.66667E-04
2.487244,-5.340599E-05,-1.06812E-04,-6.66667E-04
2.488244,5.340599E-05,-1.602182E-04,.001
2.489245,4.196186E-04,-2.28883E-05,.001
2.490245,1.678476E-04,1.3733E-04,6.66667E-04
2.491246,-1.3733E-04,8.392381E-05,-.001
2.492246,-3.814721E-05,6.103562E-05,-6.66667E-04
2.493247,-7.629441E-05,-3.204364E-04,-.001
2.494247,1.449594E-04,-3.814716E-04,-.001
2.495248,1.525888E-04,-3.280658E-04,-.002
2.496248,-1.297006E-04,-1.220712E-04,-2.33333E-03
2.497249,-6.866502E-05,-3.204364E-04,-3.66667E-03
2.498249,7.629453E-06,-4.425067E-04,-.001
2.49925,-3.814721E-05,-6.027259E-04,-.002
2.50025,-9.15532E-05,-2.13624E-04,-6.66667E-04
2.501251,1.449594E-04,-5.340599E-05,-6.66667E-04
2.502251,5.264319E-04,1.06812E-04,-6.66667E-04
2.503252,4.577655E-04,4.501361E-04,.001
2.504252,3.051776E-04,5.035438E-04,-.001
2.505253,3.051781E-05,1.3733E-04,-6.66667E-04
2.506253,1.06812E-04,-1.831064E-04,-.001
2.507254,-1.297006E-04,1.602182E-04,-.001
2.508254,-4.27248E-04,1.3733E-04,-.001
2.509255,-5.111732E-04,6.866502E-05,-6.66667E-04
2.510255,-4.88285E-04,9.15532E-05,.001
2.511256,-2.822895E-04,-1.06812E-04,-.002
2.512256,-2.288828E-04,-2.13624E-04,-.001
2.513257,3.051781E-05,3.585834E-04,-6.66667E-04
2.514257,2.28883E-05,-6.103562E-05,.001
2.515258,-3.50954E-04,-9.918259E-05,-.001
2.516258,-4.119892E-04,0,-6.66667E-04
2.517259,-4.348774E-04,6.103562E-05,-.001
2.518259,-2.13624E-04,-1.75477E-04,-2.33333E-03
2.51926,-1.983652E-04,-4.043598E-04,-6.66667E-04
2.52026,-3.204364E-04,7.629441E-05,-.001
2.521261,-1.678476E-04,5.340599E-05,.001
2.522261,1.678476E-04,-2.441425E-04,6.66667E-04
2.523262,2.441425E-04,-3.738422E-04,6.66667E-04
2.524262,2.212534E-04,-1.678476E-04,-.001
2.525263,-1.144414E-04,4.57766E-05,6.66667E-04
2.526263,-5.722083E-04,-2.517719E-04,-.002
2.527264,-3.585834E-04,-2.822895E-04,.001
2.528264,-1.06812E-04,-4.501361E-04,-2.33333E-03
2.529265,-3.814721E-05,-9.918259E-05,-6.66667E-04
2.530265,-2.594013E-04,1.525888E-04,-.002
2.531266,-9.918259E-05,0,-6.66667E-04
2.532266,6.103562E-05,4.57766E-05,-6.66667E-04
2.533267,-5.340599E-05,0,-6.66667E-04
2.534267,-5.340599E-05,-1.525888E-04,.001
2.535268,7.629441E-05,-1.831064E-04,-6.66667E-04
2.536268,1.831064E-04,-1.983652E-04,-2.33333E-03
2.537269,1.06812E-04,6.866502E-05,-2.33333E-03
2.538269,3.814716E-04,-2.13624E-04,-.001
2.53927,1.831064E-04,-4.501361E-04,.001
2.54027,3.433246E-04,-2.822895E-04,-.001
2.541271,-1.831064E-04,-1.602182E-04,-6.66667E-04
2.542271,-4.653949E-04,-1.75477E-04,-6.66667E-04
2.543272,-3.662128E-04,3.051781E-05,.001
2.544272,-6.866492E-04,3.738422E-04,-6.66667E-04
2.545273,-5.874671E-04,4.653949E-04,-6.66667E-04
2.546273,-5.188026E-04,1.449594E-04,6.66667E-04
2.547274,-4.27248E-04,1.144414E-04,.001
2.548274,-3.50954E-04,4.653949E-04,-6.66667E-04
2.549275,0,3.433246E-04,-.002
2.550275,-1.06812E-04,7.629441E-05,-6.66667E-04
2.551276,-1.297006E-04,7.629441E-05,-.002
2.552276,-1.3733E-04,1.06812E-04,.001
2.553277,-2.441425E-04,1.220712E-04,-6.66667E-04
2.554277,-1.907358E-04,9.918259E-05,.001
2.555278,-4.043598E-04,1.907358E-04,.001
2.556278,-5.950965E-04,1.525888E-04,.001
2.557279,-4.119892E-04,0,-.002
2.558279,-2.594013E-04,1.449594E-04,-6.66667E-04
2.55928,-2.365122E-04,1.525891E-05,6.66667E-04
2.56028,-4.88285E-04,2.746601E-04,-.002
2.561281,-5.035438E-04,1.678476E-04,-2.33333E-03
2.562281,-2.059946E-04,-2.288828E-04,-6.66667E-04
2.563282,4.57766E-05,-1.907358E-04,.001
2.564282,-6.866502E-05,-1.525891E-05,6.66667E-04
2.565283,-3.433246E-04,2.059946E-04,-.002
2.566283,-3.738422E-04,1.220712E-04,-6.66667E-04
2.567284,-4.653949E-04,2.28883E-05,.001
2.568284,-3.051776E-04,-1.602182E-04,.002
2.569285,6.866502E-05,2.28883E-05,-.001
2.570285,-8.392381E-05,1.297006E-04,-.001
2.571286,-5.340599E-05,2.365122E-04,-2.33333E-03
2.572286,-5.340599E-05,4.57766E-05,-.002
2.573287,-6.103562E-05,1.449594E-04,-.001
2.574287,1.06812E-04,3.814721E-05,-.001
2.575288,2.288828E-04,1.449594E-04,-.002
2.576288,3.204364E-04,5.340613E-04,-.002
2.577289,1.525888E-04,3.356952E-04,.001
2.578289,-1.602182E-04,1.983652E-04,.001
2.57929,-1.983652E-04,-7.629453E-06,-.001
2.58029,-1.907358E-04,7.629453E-06,-.002
2.581291,-9.918259E-05,-1.602182E-04,6.66667E-04
2.582291,-3.585834E-04,-3.967304E-04,6.66667E-04
2.583292,-1.06812E-04,-2.517719E-04,-3.66667E-03
2.584292,1.3733E-04,2.822895E-04,.001
2.585293,-7.629453E-06,2.594013E-04,-6.66667E-04
2.586293,4.043598E-04,-7.629441E-05,-.001
2.587294,3.204364E-04,3.356952E-04,-.002
2.588294,2.517719E-04,2.975482E-04,-.001
2.589295,9.15532E-05,1.831064E-04,.001
2.590295,-3.051776E-04,3.12807E-04,6.66667E-04
2.591296,-3.814716E-04,8.392381E-05,-.002
2.592296,-2.746601E-04,1.525891E-05,-6.66667E-04
2.593297,-3.356952E-04,9.918259E-05,6.66667E-04
2.594297,-5.035438E-04,2.746601E-04,-6.66667E-04
2.595298,-2.670307E-04,-6.866502E-05,-.002
2.596298,-1.525891E-05,5.340599E-05,-6.66667E-04
2.597299,2.28883E-05,2.594013E-04,-6.66667E-04
2.598299,3.051781E-05,4.57766E-05,.001
2.5993,2.28883E-05,-1.602182E-04,-6.66667E-04
2.6003,1.525888E-04,-4.196186E-04,-6.66667E-04
2.601301,4.27248E-04,-2.594013E-04,.002
2.602301,4.348774E-04,-1.144414E-04,6.66667E-04
2.603302,1.220712E-04,-2.670307E-04,-6.66667E-04
2.604302,-7.629453E-06,-2.13624E-04,-6.66667E-04
2.605303,1.525888E-04,-2.746601E-04,-.001
2.606303,-6.866502E-05,-3.89101E-04,-.001
2.607304,1.297006E-04,-2.975482E-04,-.001
2.608304,-1.449594E-04,7.629453E-06,-3.66667E-03
2.609305,-1.449594E-04,-7.629453E-06,6.66667E-04
2.610305,-3.204364E-04,-2.822895E-04,-6.66667E-04
2.611306,-6.63761E-04,-2.13624E-04,-.002
2.612306,-6.179847E-04,-4.196186E-04,.001
2.613307,-6.256141E-04,-6.408729E-04,.002
2.614307,-4.806537E-04,-5.874671E-04,-6.66667E-04
2.615308,-3.89101E-04,-4.196186E-04,-.002
2.616308,-3.280658E-04,-1.602182E-04,.001
2.617309,9.918259E-05,8.392381E-05,-6.66667E-04
2.618309,7.629441E-05,2.212534E-04,-.001
2.61931,1.678476E-04,1.449594E-04,-2.33333E-03
2.62031,-2.28883E-05,4.119892E-04,-.002
2.621311,-6.103562E-05,0,-6.66667E-04
2.622311,7.629453E-06,-2.212534E-04,.001
2.623312,-2.899189E-04,-2.899189E-04,.002
2.624312,-4.57766E-05,-2.13624E-04,-6.66667E-04
2.625313,2.822895E-04,6.103562E-05,-.002
2.626313,3.051776E-04,2.441425E-04,-.001
2.627314,2.059946E-04,4.730243E-04,6.66667E-04
2.628314,6.103562E-05,5.111732E-04,-.001
2.629315,1.983652E-04,2.594013E-04,6.66667E-04
2.630315,9.918259E-05,0,-6.66667E-04
2.631316,-1.06812E-04,6.866502E-05,-6.66667E-04
2.632316,-3.50954E-04,1.602182E-04,.001
2.633317,-5.416907E-04,3.50954E-04,.002
2.634317,-3.204364E-04,5.645789E-04,-.002
2.635318,-1.907358E-04,4.196186E-04,.001
2.636318,-3.051781E-05,1.831064E-04,-6.66667E-04
2.637319,1.525888E-04,5.340599E-05,-.001
2.638319,-5.340599E-05,-9.918259E-05,-6.66667E-04
2.63932,-1.449594E-04,-2.670307E-04,-.002
2.64032,-2.288828E-04,-2.670307E-04,6.66667E-04
2.641321,-5.340599E-05,-2.059946E-04,-.001
2.642321,6.103562E-05,-4.57766E-05,-6.66667E-04
2.643322,4.57766E-05,3.051781E-05,-.002
2.644322,1.06812E-04,1.525888E-04,.001
2.645323,7.629441E-05,3.051776E-04,.001
2.646323,-4.57766E-05,3.051781E-05,-.001
2.647324,-2.13624E-04,-1.525891E-05,6.66667E-04
2.648324,9.15532E-05,5.340599E-05,6.66667E-04
2.649325,3.89101E-04,-1.525888E-04,.001
2.650325,4.043598E-04,-3.12807E-04,6.66667E-04
2.651326,8.392381E-05,-9.15532E-05,-6.66667E-04
2.652326,1.220712E-04,6.866502E-05,-.001
2.653327,2.899189E-04,9.918259E-05,-6.66667E-04
2.654327,2.059946E-04,1.449594E-04,-.001
2.655328,-1.525891E-05,6.408729E-04,-6.66667E-04
2.656328,-3.738422E-04,7.476844E-04,-.001
2.657329,-3.12807E-04,8.010902E-04,-.002
2.658329,-4.57766E-05,7.324256E-04,6.66667E-04
2.65933,-1.449594E-04,7.476844E-04,6.66667E-04
2.66033,-3.204364E-04,8.544959E-04,-6.66667E-04
2.661331,-2.822895E-04,4.119892E-04,-6.66667E-04
2.662331,-2.594013E-04,1.907358E-04,.001
2.663332,-1.831064E-04,-3.738422E-04,-.002
2.664332,4.57766E-05,-2.13624E-04,-2.33333E-03
2.665333,-1.06812E-04,-3.814721E-05,-.001
2.666333,-2.13624E-04,-9.918259E-05,-6.66667E-04
2.667334,-1.297006E-04,-1.75477E-04,6.66667E-04
2.668334,1.75477E-04,6.103562E-05,-.001
2.669335,3.433246E-04,-1.75477E-04,-6.66667E-04
2.670335,4.501361E-04,-3.356952E-04,-.002
2.671336,6.561317E-04,-3.814721E-05,6.66667E-04
2.672336,6.790198E-04,0,-.002
2.673337,4.577655E-04,-8.392381E-05,.001
2.674337,3.051781E-05,1.983652E-04,-.002
2.675338,-1.449594E-04,2.975482E-04,6.66667E-04
2.676338,-5.340599E-05,3.051781E-05,-6.66667E-04
2.677339,3.814721E-05,-5.340599E-05,.001
2.678339,-8.392381E-05,-6.103562E-05,-6.66667E-04
2.67934,-5.950965E-04,1.831064E-04,-.002
2.68034,-3.814716E-04,4.348774E-04,-.002
2.681341,-4.425067E-04,4.348774E-04,-6.66667E-04
2.682341,-8.163489E-04,2.441425E-04,-.002
2.683342,-1.571663E-03,7.629441E-05,-6.66667E-04
2.684342,-2.288833E-03,8.392381E-05,-.002
2.685343,-3.036514E-03,2.975482E-04,-3.66667E-03
2.686343,-3.21199E-03,2.441425E-04,-.001
2.687344,-3.486648E-03,2.288828E-04,6.66667E-04
2.688344,-4.310638E-03,-7.629453E-06,-.001
2.689345,-5.332977E-03,-4.425067E-04,.001
2.690345,-6.111175E-03,-4.959144E-04,-6.66667E-04
2.691346,-6.782562E-03,-2.13624E-04,.002
2.692346,-7.125884E-03,-1.06812E-04,6.66667E-04
2.693347,-6.813079E-03,-9.15532E-05,-.001
2.694347,-6.744415E-03,-7.629441E-05,-.002
2.695348,-6.340057E-03,7.629441E-05,.001
2.696348,-5.828887E-03,2.28883E-05,2.33333E-03
2.697349,-5.050689E-03,2.517719E-04,-.002
2.698349,-4.180938E-03,2.059946E-04,-2.33333E-03
2.69935,-3.051773E-03,3.204364E-04,-.002
2.70035,-2.441421E-03,2.441425E-04,-.001
2.701351,-2.098098E-03,5.188026E-04,-.001
2.702351,-2.07521E-03,3.662128E-04,.001
2.703352,-1.800545E-03,3.204364E-04,.002
2.704352,-1.113899E-03,3.12807E-04,-6.66667E-04
2.705353,-5.722083E-04,2.288828E-04,-3.66667E-03
2.706353,-3.738422E-04,9.918259E-05,6.66667E-04
2.707354,-5.340599E-05,1.602182E-04,-.002
2.708354,-2.288828E-04,4.57766E-05,-3.66667E-03
2.709355,-1.06812E-04,3.204364E-04,-3.66667E-03
2.710355,-8.392381E-05,5.035438E-04,-.002
2.711356,-3.204364E-04,3.356952E-04,-.001
2.712356,-2.670307E-04,2.517719E-04,-6.66667E-04
2.713357,-3.12807E-04,2.13624E-04,-.001
2.714357,-4.730243E-04,4.730243E-04,-.002
2.715358,-5.416907E-04,3.814716E-04,-.001
2.716358,-7.324256E-04,6.256141E-04,-6.66667E-04
2.717359,-3.356952E-04,9.918287E-04,-.001
2.718359,-3.50954E-04,8.468665E-04,-5.33333E-03
2.71936,2.28883E-05,8.392371E-04,6.66667E-04
2.72036,1.983652E-04,7.324256E-04,.001
2.721361,3.814721E-05,5.188026E-04,-2.33333E-03
2.722361,-4.57766E-05,3.738422E-04,-6.66667E-04
2.723362,-1.602182E-04,4.501361E-04,-.002
2.724362,8.392381E-05,1.831064E-04,6.66667E-04
2.725363,-2.059946E-04,3.051776E-04,-.001
2.726363,-2.365122E-04,5.264319E-04,6.66667E-04
2.727364,-1.831064E-04,6.561317E-04,.001
2.728364,-3.356952E-04,4.577655E-04,-.001
2.729365,-5.645789E-04,3.356952E-04,-6.66667E-04
2.730365,-5.111732E-04,1.75477E-04,-.001
2.731366,-5.874671E-04,1.602182E-04,.001
2.732366,-5.722083E-04,-1.144414E-04,.001
2.733367,-5.874671E-04,-1.678476E-04,2.33333E-03
2.734367,-7.171668E-04,-2.212534E-04,.001
2.735368,-7.247962E-04,-1.75477E-04,-.001
2.736368,-4.806537E-04,-3.051776E-04,-6.66667E-04
2.737369,-2.13624E-04,-3.738422E-04,6.66667E-04
2.738369,-1.525888E-04,-3.585834E-04,-6.66667E-04
2.73937,-9.918259E-05,-1.602182E-04,-.002
2.74037,-3.738422E-04,4.196186E-04,-.001
2.741371,-3.12807E-04,7.095374E-04,6.66667E-04
2.742371,8.392381E-05,4.88285E-04,.001
2.743372,-6.103562E-05,1.297006E-04,-.002
2.744372,6.866502E-05,6.103562E-05,-.002
2.745373,-1.907358E-04,0,.001
2.746373,-1.75477E-04,1.525891E-05,-.002
2.747374,-1.449594E-04,-2.822895E-04,-6.66667E-04
2.748374,-2.670307E-04,-4.348774E-04,6.66667E-04
2.749375,-1.831064E-04,-2.594013E-04,-.002
2.750375,-1.831064E-04,2.288828E-04,-.001
2.751376,-5.264319E-04,2.441425E-04,.001
2.752376,-3.89101E-04,1.449594E-04,-.002
2.753377,-5.340599E-05,-1.525888E-04,-.001
2.754377,1.525888E-04,2.28883E-05,.001
2.755378,1.678476E-04,-1.831064E-04,-6.66667E-04
2.756378,-6.103562E-05,-4.27248E-04,-3.66667E-03
2.757379,-1.75477E-04,-5.798377E-04,.001
2.758379,-2.365122E-04,-4.959144E-04,-.001
2.75938,-3.433246E-04,-2.28883E-05,.001
2.76038,-1.144414E-04,-5.340599E-05,-.001
2.761381,-1.525891E-05,-1.06812E-04,-.001
2.762381,-1.06812E-04,-1.75477E-04,6.66667E-04
2.763382,-5.340599E-05,-2.13624E-04,.001
2.764382,-7.629453E-06,1.907358E-04,-.002
2.765383,5.340599E-05,3.356952E-04,6.66667E-04
2.766383,-2.975482E-04,3.433246E-04,-6.66667E-04
2.767384,-3.433246E-04,4.196186E-04,-.001
2.768384,-3.204364E-04,5.111732E-04,-6.66667E-04
2.769385,3.051776E-04,5.569495E-04,-.002
2.770385,1.831064E-04,3.662128E-04,6.66667E-04
2.771386,7.629441E-05,4.196186E-04,-6.66667E-04
2.772386,9.918259E-05,4.043598E-04,-6.66667E-04
2.773387,-2.441425E-04,2.975482E-04,-.002
2.774387,-1.602182E-04,4.501361E-04,-6.66667E-04
2.775388,-1.983652E-04,4.730243E-04,-6.66667E-04
2.776388,-3.814716E-04,1.06812E-04,.001
2.777389,-4.959144E-04,2.365122E-04,.001
2.778389,-5.416907E-04,2.594013E-04,-6.66667E-04
2.77939,-3.89101E-04,9.15532E-05,-.001
2.78039,-2.670307E-04,1.297006E-04,.001
2.781391,-3.738422E-04,-1.983652E-04,6.66667E-04
2.782391,-1.907358E-04,0,6.66667E-04
2.783392,-3.051776E-04,2.822895E-04,-6.66667E-04
2.784392,-2.670307E-04,1.144414E-04,.001
2.785393,-5.874671E-04,9.918259E-05,6.66667E-04
2.786393,-9.079017E-04,4.043598E-04,-2.33333E-03
2.787394,-5.416907E-04,9.918259E-05,-6.66667E-04
2.788394,-2.059946E-04,3.051781E-05,6.66667E-04
2.789395,9.15532E-05,3.814721E-05,-.002
2.790395,1.983652E-04,9.15532E-05,-3.66667E-03
2.791396,7.629441E-05,-1.525891E-05,-.001
2.792396,5.340599E-05,6.103562E-05,-.002
2.793397,-6.256141E-04,-2.441425E-04,-6.66667E-04
2.794397,-5.188026E-04,-2.441425E-04,6.66667E-04
2.795398,-1.907358E-04,-9.918259E-05,-2.33333E-03
2.796398,4.57766E-05,1.907358E-04,-3.66667E-03
2.797399,1.75477E-04,3.738422E-04,.001
2.798399,1.525888E-04,5.188026E-04,.001
2.7994,3.814721E-05,2.594013E-04,-6.66667E-04
2.8004,-3.204364E-04,5.340599E-05,.001
2.801401,-7.705726E-04,1.144414E-04,-2.33333E-03
2.802401,-1.052864E-03,1.525888E-04,-6.66667E-04
2.803402,-1.258858E-03,8.239783E-04,-.002
2.804402,-1.243599E-03,8.239783E-04,6.66667E-04
2.805403,-1.770027E-03,3.12807E-04,-.001
2.806403,-2.006546E-03,-2.441425E-04,-.001
2.807404,-2.441421E-03,-3.433246E-04,.001
2.808404,-3.280655E-03,-3.433246E-04,-.002
2.809405,-3.860489E-03,-3.585834E-04,2.33333E-03
2.810405,-4.28775E-03,-1.602182E-04,.001
2.811406,-4.78366E-03,-2.13624E-04,-.001
2.812406,-5.03543E-03,1.525888E-04,.001
2.813407,-5.447417E-03,1.983652E-04,-.001
2.814407,-5.744964E-03,0,-.001
2.815408,-5.592376E-03,-1.525888E-04,.001
2.816408,-5.180389E-03,-3.738422E-04,.001
2.817409,-5.088836E-03,-3.738422E-04,-.002
2.818409,-4.974395E-03,-5.340613E-04,-.002
2.81941,-4.386932E-03,-3.356952E-04,-.002
2.82041,-3.654495E-03,-6.866502E-05,-6.66667E-04
2.821411,-2.601638E-03,3.051781E-05,.001
2.822411,-1.85395E-03,3.356952E-04,-.001
2.823412,-1.73188E-03,4.501361E-04,2.33333E-03
2.824412,-1.640327E-03,6.790198E-04,-.002
2.825413,-1.396187E-03,7.476844E-04,6.66667E-04
2.826413,-9.384193E-04,3.585834E-04,-.001
2.827414,-4.730243E-04,1.678476E-04,-.001
2.828414,-3.814716E-04,-7.629453E-06,-.001
2.829415,-6.103553E-04,2.059946E-04,.001
2.830415,-7.324256E-04,9.15532E-05,3.66667E-03
2.831416,-5.798377E-04,2.822895E-04,.001
2.832416,-7.095374E-04,6.103562E-05,-.002
2.833417,-7.324256E-04,-9.918259E-05,-6.66667E-04
2.834417,-8.621253E-04,2.594013E-04,-.002
2.835418,-7.934608E-04,2.13624E-04,-.001
2.836418,-6.485023E-04,-1.220712E-04,-6.66667E-04
2.837419,-3.280658E-04,-5.340599E-05,2.33333E-03
2.838419,-4.501361E-04,-5.340599E-05,2.33333E-03
2.83942,-7.01908E-04,1.525891E-05,-.002
2.84042,-5.950965E-04,9.918259E-05,-6.66667E-04
2.841421,-5.188026E-04,0,-3.66667E-03
2.842421,-1.907358E-04,1.3733E-04,-.001
2.843422,1.3733E-04,4.196186E-04,-.001
2.844422,1.678476E-04,6.713904E-04,-6.66667E-04
2.845423,1.220712E-04,5.798377E-04,.001
2.846423,6.103562E-05,5.645789E-04,-6.66667E-04
2.847424,-2.594013E-04,1.3733E-04,.002
2.848424,-1.297006E-04,-9.15532E-05,-6.66667E-04
2.849425,-8.392381E-05,-1.75477E-04,.001
2.850425,-2.365122E-04,-1.907358E-04,-6.66667E-04
2.851426,-4.27248E-04,-3.051781E-05,-.002
2.852426,-6.942786E-04,-7.629453E-06,-6.66667E-04
2.853427,-8.010902E-04,0,-.001
2.854427,-6.408729E-04,2.822895E-04,-.002
2.855428,-4.27248E-04,2.594013E-04,-.002
2.856428,-3.433246E-04,6.866502E-05,6.66667E-04
2.857429,-5.950965E-04,-9.918259E-05,.001
2.858429,-6.408729E-04,-2.365122E-04,-2.33333E-03
2.85943,-7.78202E-04,-3.051776E-04,6.66667E-04
2.86043,-5.645789E-04,-1.983652E-04,-6.66667E-04
2.861431,-1.297006E-04,-3.204364E-04,.001
2.862431,-3.051781E-05,9.918259E-05,-.001
2.863432,-6.103562E-05,-1.3733E-04,6.66667E-04
2.864432,-5.340599E-05,-2.517719E-04,-.002
2.865433,-5.874671E-04,1.220712E-04,-2.33333E-03
2.866433,-7.01908E-04,4.043598E-04,-.002
2.867434,-5.874671E-04,9.918259E-05,-.001
2.868434,-7.553138E-04,4.57766E-05,-.002
2.869435,-8.239783E-04,-8.392381E-05,-.002
2.870435,-5.493201E-04,-4.119892E-04,6.66667E-04
2.871436,-3.280658E-04,-2.212534E-04,-.001
2.872436,-1.602182E-04,-3.051776E-04,-.002
2.873437,-1.602182E-04,-3.814721E-05,-2.33333E-03
2.874437,3.814721E-05,2.899189E-04,-.002
2.875438,-1.297006E-04,3.433246E-04,.001
2.876438,-1.907358E-04,3.12807E-04,-6.66667E-04
2.877439,-7.629453E-06,3.12807E-04,6.66667E-04
2.878439,7.629453E-06,-7.629453E-06,-.001
2.87944,3.12807E-04,-3.814721E-05,-.001
2.88044,2.670307E-04,1.983652E-04,-6.66667E-04
2.881441,0,3.662128E-04,-.001
2.882441,-1.678476E-04,3.814716E-04,-.001
2.883442,-2.822895E-04,2.975482E-04,-.002
2.884442,-1.06812E-04,4.57766E-05,-.001
2.885443,0,1.831064E-04,-.001
2.886443,-6.866502E-05,-6.103562E-05,-6.66667E-04
2.887444,6.103562E-05,-2.13624E-04,-6.66667E-04
2.888444,2.059946E-04,-3.356952E-04,6.66667E-04
2.889445,3.967304E-04,-1.06812E-04,-.001
2.890445,2.288828E-04,-2.441425E-04,-.001
2.891446,1.525888E-04,0,-6.66667E-04
2.892446,9.15532E-05,-1.75477E-04,-2.33333E-03
2.893447,-2.13624E-04,-2.670307E-04,-.001
2.894447,-6.332435E-04,9.918259E-05,-.002
2.895448,-8.926429E-04,-8.392381E-05,.002
2.896448,-6.485023E-04,3.051781E-05,.001
2.897449,3.051781E-05,-2.594013E-04,6.66667E-04
2.898449,3.50954E-04,-4.88285E-04,-6.66667E-04
2.89945,2.212534E-04,-2.670307E-04,-.001
2.90045,2.899189E-04,-2.899189E-04,-6.66667E-04
2.901451,2.059946E-04,-3.50954E-04,-6.66667E-04
2.902451,1.06812E-04,-1.06812E-04,-.001
2.903452,-1.75477E-04,-6.103562E-05,-6.66667E-04
2.904452,-3.50954E-04,4.57766E-05,-.002
2.905453,-2.288828E-04,4.730243E-04,-.001
2.906453,7.629453E-06,4.806537E-04,.001
2.907454,-9.15532E-05,3.50954E-04,-6.66667E-04
2.908454,-4.959144E-04,4.57766E-05,-.002
2.909455,-8.468665E-04,-1.220712E-04,-.002
2.910455,-8.850135E-04,-5.340599E-05,-.001
2.911456,-8.392371E-04,5.340599E-05,-.002
2.912456,-4.501361E-04,-9.918259E-05,-.002
2.913457,-3.814721E-05,-3.50954E-04,-2.33333E-03
2.914457,-1.602182E-04,-1.907358E-04,.001
2.915458,-3.814721E-05,-1.602182E-04,.001
2.916458,-4.501361E-04,-6.866502E-05,-.002
2.917459,-7.858314E-04,1.525891E-05,-3.66667E-03
2.918459,-6.408729E-04,1.75477E-04,.002
2.91946,-4.119892E-04,1.06812E-04,-6.66667E-04
2.92046,-6.103553E-04,2.059946E-04,-.002
2.921461,-4.577655E-04,3.12807E-04,-5.33333E-03
2.922461,-4.425067E-04,3.12807E-04,-.001
2.923462,-5.950965E-04,4.196186E-04,-6.66667E-04
2.924462,-5.416907E-04,4.57766E-05,-.002
2.925463,-5.340613E-04,-9.15532E-05,-.002
2.926463,-7.01908E-04,2.212534E-04,.001
2.927464,-1.083381E-03,4.425067E-04,-.002
2.928464,-1.136787E-03,2.899189E-04,-6.66667E-04
2.929465,-1.411445E-03,7.629453E-06,-6.66667E-04
2.930465,-1.983657E-03,-2.441425E-04,-.001
2.931466,-2.601638E-03,-3.967304E-04,-.001
2.932466,-3.250137E-03,-3.12807E-04,-.001
2.933467,-4.600555E-03,-1.525888E-04,-6.66667E-04
2.934467,-6.156951E-03,-3.356952E-04,-.001
2.935468,-7.865965E-03,-5.264319E-04,-.002
2.936468,-1.017767E-02,-4.806537E-04,.001
2.937469,-1.248175E-02,-8.544959E-04,6.66667E-04
2.938469,-1.533514E-02,-1.045235E-03,-.002
2.93947,-1.873028E-02,-1.449592E-03,-.001
2.94047,-2.196515E-02,-1.579292E-03,6.66667E-04
2.941471,-.0248872,-2.044693E-03,.002
2.942471,-2.755749E-02,-2.723709E-03,-6.66667E-04
2.943472,-2.872479E-02,-2.70845E-03,-.001
2.944472,-2.767956E-02,-2.304092E-03,6.66667E-04
2.945473,-2.520764E-02,-2.059951E-03,-.002
2.946473,-2.243054E-02,-1.747139E-03,-6.66667E-04
2.947474,-1.936352E-02,-1.693733E-03,-.002
2.948474,-1.608288E-02,-1.579292E-03,.001
2.949475,-1.297003E-02,-1.007088E-03,.001
2.950475,-1.002508E-02,-6.408729E-04,6.66667E-04
2.951476,-7.919371E-03,-2.899189E-04,-.002
2.952476,-5.805999E-03,-4.653949E-04,-5.33333E-03
2.953477,-3.868118E-03,-6.408729E-04,-.001
2.954477,-2.601638E-03,-6.866492E-04,-2.33333E-03
2.955478,-1.892097E-03,-5.569495E-04,-.002
2.956478,-1.380928E-03,-5.340613E-04,.002
2.957479,-9.994581E-04,-4.425067E-04,.002
2.958479,-1.029976E-03,-9.918259E-05,-6.66667E-04
2.95948,-9.231605E-04,1.525888E-04,6.66667E-04
2.96048,-6.790198E-04,1.831064E-04,-.001
2.961481,-2.13624E-04,2.670307E-04,-.004
2.962481,-2.288828E-04,3.12807E-04,.001
2.963482,-5.493201E-04,3.204364E-04,-.001
2.964482,-5.188026E-04,2.212534E-04,-.002
2.965483,-2.670307E-04,2.059946E-04,.002
2.966483,-1.449594E-04,4.425067E-04,6.66667E-04
2.967484,-1.449594E-04,4.57766E-05,6.66667E-04
2.968484,-1.3733E-04,-3.814721E-05,6.66667E-04
2.969485,-2.517719E-04,7.629441E-05,-6.66667E-04
2.970485,-5.798377E-04,1.525888E-04,-.002
2.971486,-5.874671E-04,4.57766E-05,-.002
2.972486,-3.204364E-04,-6.103562E-05,-.002
2.973487,-2.365122E-04,-1.602182E-04,-.001
2.974487,-1.220712E-04,-1.75477E-04,6.66667E-04
2.975488,-1.06812E-04,-7.629441E-05,6.66667E-04
2.976488,-9.15532E-05,7.629453E-06,-.002
2.977489,-1.907358E-04,-3.662128E-04,-.002
2.978489,-3.89101E-04,-3.280658E-04,6.66667E-04
2.97949,-5.188026E-04,-4.57766E-05,-.001
2.98049,8.392381E-05,7.629453E-06,-6.66667E-04
2.981491,5.340599E-05,2.670307E-04,-.001
2.982491,-5.188026E-04,4.119892E-04,-.001
2.983492,-5.264319E-04,2.670307E-04,-.002
2.984492,-2.975482E-04,7.629441E-05,-6.66667E-04
2.985493,-1.06812E-04,7.629441E-05,-6.66667E-04
2.986493,0,1.678476E-04,6.66667E-04
2.987494,2.746601E-04,3.280658E-04,.001
2.988494,6.103562E-05,1.3733E-04,-.001
2.989495,-1.602182E-04,9.15532E-05,.001
2.990495,-3.356952E-04,2.441425E-04,-6.66667E-04
2.991496,-1.831064E-04,3.433246E-04,6.66667E-04
2.992496,-3.967304E-04,2.746601E-04,6.66667E-04
2.993497,-4.88285E-04,-5.340599E-05,-.001
2.994497,-2.670307E-04,-3.738422E-04,6.66667E-04
2.995498,-1.220712E-04,-3.738422E-04,6.66667E-04
2.996498,-2.594013E-04,-2.517719E-04,-.002
2.997499,-3.662128E-04,-4.501361E-04,-6.66667E-04
2.998499,-6.027259E-04,-2.822895E-04,-6.66667E-04
2.9995,-6.103553E-04,-1.220712E-04,-.001
3.0005,-4.348774E-04,-3.738422E-04,-.001
3.001501,-2.670307E-04,-6.179847E-04,-.001
3.002501,-6.866502E-05,-8.163489E-04,-6.66667E-04
3.003502,-3.280658E-04,-4.806537E-04,-2.33333E-03
3.004502,-5.340599E-05,-1.220712E-04,-6.66667E-04
3.005503,-1.525888E-04,1.144414E-04,.001
3.006503,-1.907358E-04,1.525888E-04,-6.66667E-04
3.007504,-3.738422E-04,-1.525888E-04,-.001
3.008504,-8.087195E-04,-2.899189E-04,-6.66667E-04
3.009505,-6.103553E-04,-3.814721E-05,-.001
3.010505,-5.874671E-04,-8.392381E-05,-6.66667E-04
3.011506,-7.324256E-04,-2.517719E-04,-6.66667E-04
3.012506,-7.01908E-04,1.525891E-05,-6.66667E-04
3.013507,-6.790198E-04,4.57766E-05,.001
3.014507,-5.798377E-04,2.059946E-04,-.001
3.015508,-5.035438E-04,4.196186E-04,6.66667E-04
3.016508,-4.577655E-04,9.15532E-05,6.66667E-04
3.017509,-6.866492E-04,1.144414E-04,-6.66667E-04
3.018509,-6.408729E-04,2.517719E-04,.001
3.01951,-7.476844E-04,2.059946E-04,.001
3.02051,-7.171668E-04,2.517719E-04,-.001
3.021511,-6.63761E-04,4.959144E-04,-.002
3.022511,-4.119892E-04,7.858314E-04,-.001
3.023512,-3.814721E-05,7.476844E-04,6.66667E-04
3.024512,9.918259E-05,3.12807E-04,-6.66667E-04
3.025513,-4.653949E-04,1.525888E-04,-.001
3.026513,-7.934608E-04,-6.103562E-05,6.66667E-04
3.027514,-3.89101E-04,-3.814721E-05,6.66667E-04
3.028514,-4.196186E-04,9.918259E-05,-6.66667E-04
3.029515,-5.722083E-04,2.670307E-04,6.66667E-04
3.030515,-7.40055E-04,5.874671E-04,-6.66667E-04
3.031516,-3.967304E-04,8.392371E-04,-2.33333E-03
3.032516,-8.239783E-04,6.256141E-04,-6.66667E-04
3.033517,-7.476844E-04,3.89101E-04,-6.66667E-04
3.034517,-9.231605E-04,3.738422E-04,-.002
3.035518,-7.629432E-04,-1.602182E-04,6.66667E-04
3.036518,-5.950965E-04,-2.822895E-04,-.002
3.037519,-9.841993E-04,-1.525891E-05,-.002
3.038519,-1.052864E-03,-1.449594E-04,2.33333E-03
3.03952,-1.007088E-03,-6.866502E-05,-6.66667E-04
3.04052,-1.083381E-03,1.525888E-04,-6.66667E-04
3.041521,-1.182564E-03,1.602182E-04,-6.66667E-04
3.042521,-1.182564E-03,-2.28883E-05,6.66667E-04
3.043522,-1.426704E-03,-9.918259E-05,-6.66667E-04
3.044522,-1.693733E-03,-3.356952E-04,-.002
3.045523,-1.907356E-03,-3.662128E-04,-.002
3.046523,-2.349868E-03,-1.144414E-04,6.66667E-04
3.047524,-2.220169E-03,-2.13624E-04,6.66667E-04
3.048524,-2.510086E-03,-2.13624E-04,-.002
3.049525,-3.08992E-03,-1.525888E-04,-.002
3.050525,-3.486648E-03,-3.051776E-04,-.001
3.051526,-3.944427E-03,-6.103562E-05,-.001
3.052526,-4.53952E-03,-6.866502E-05,.002
3.053527,-5.699188E-03,-5.340599E-05,-.002
3.054527,-7.225066E-03,-2.059946E-04,-.001
3.055528,-8.918822E-03,-5.264319E-04,6.66667E-04
3.056528,-1.117712E-02,-8.850135E-04,-6.66667E-04
3.057529,-1.373297E-02,-1.686104E-03,6.66667E-04
3.058529,-1.703656E-02,-2.113357E-03,-6.66667E-04
3.05953,-2.046978E-02,-2.45668E-03,6.66667E-04
3.06053,-2.408612E-02,-2.754226E-03,-.002
3.061531,-2.835095E-02,-3.219619E-03,.001
3.062531,-3.218865E-02,-3.784195E-03,.001
3.063532,-3.521752E-02,-3.967315E-03,-.002
3.064532,-3.719354E-02,-4.211456E-03,-.001
3.065533,-3.787255E-02,-4.608184E-03,-.002
3.066533,-3.750634E-02,-4.165679E-03,6.66667E-04
3.067534,-3.574395E-02,-3.707901E-03,-6.66667E-04
3.068534,-3.321862E-02,-3.669754E-03,6.66667E-04
3.069535,-3.005993E-02,-3.158584E-03,.001
3.070535,-2.655041E-02,-2.479568E-03,.001
3.071536,-2.303326E-02,-1.800545E-03,6.66667E-04
3.072536,-1.932538E-02,-1.48011E-03,-.001
3.073537,-1.576245E-02,-9.307899E-04,-2.33333E-03
3.074537,-.012909,-5.035438E-04,-6.66667E-04
3.075538,-1.051337E-02,-1.449594E-04,.001
3.076538,-8.331358E-03,1.525888E-04,-.002
3.077539,-6.393462E-03,2.28883E-05,-.002
3.078539,-4.928619E-03,1.678476E-04,6.66667E-04
3.07954,-4.440337E-03,2.288828E-04,6.66667E-04
3.08054,-3.509536E-03,4.653949E-04,-.001
3.081541,-2.96022E-03,8.392371E-04,.001
3.082541,-2.32698E-03,8.087195E-04,.002
3.083542,-2.319351E-03,6.561317E-04,.001
3.084542,-2.037063E-03,5.111732E-04,6.66667E-04
3.085543,-1.785286E-03,4.57766E-05,-.002
3.086543,-1.655586E-03,5.340599E-05,-.002
3.087544,-1.312263E-03,2.28883E-05,6.66667E-04
3.088544,-1.029976E-03,-4.57766E-05,-.002
3.089545,-1.22834E-03,-7.629441E-05,-.001
3.090545,-1.403816E-03,6.103562E-05,-.002
3.091546,-9.841993E-04,1.75477E-04,6.66667E-04
3.092546,-7.247962E-04,2.059946E-04,-.001
3.093547,-7.01908E-04,3.662128E-04,-.001
3.094547,-5.416907E-04,1.06812E-04,-.001
3.095548,-7.934608E-04,2.594013E-04,-6.66667E-04
3.096548,-1.007088E-03,2.822895E-04,-2.33333E-03
3.097549,-1.419075E-03,2.28883E-05,-6.66667E-04
3.098549,-1.663215E-03,3.051781E-05,-.001
3.09955,-1.419075E-03,1.3733E-04,-.002
3.10055,-1.586922E-03,3.12807E-04,-.001
3.101551,-1.594551E-03,9.155311E-04,-6.66667E-04
3.102551,-1.327522E-03,9.079017E-04,-6.66667E-04
3.103552,-1.403816E-03,7.476844E-04,-6.66667E-04
3.104552,-1.327522E-03,5.416907E-04,6.66667E-04
3.105553,-1.220711E-03,2.517719E-04,.002
3.106553,-1.113899E-03,-1.06812E-04,-.002
3.107554,-9.7657E-04,-7.629441E-05,.001
3.108554,-6.866492E-04,2.746601E-04,-.001
3.109555,-8.468665E-04,4.806537E-04,-.002
3.110555,-4.119892E-04,9.15532E-05,-.001
3.111556,-3.585834E-04,9.918259E-05,6.66667E-04
3.112556,-3.12807E-04,3.12807E-04,-.002
3.113557,-3.89101E-04,2.594013E-04,6.66667E-04
3.114557,-2.288828E-04,4.653949E-04,6.66667E-04
3.115558,-1.831064E-04,5.950965E-04,.001
3.116558,-2.822895E-04,5.416907E-04,-.002
3.117559,-2.822895E-04,2.441425E-04,-6.66667E-04
3.118559,-3.280658E-04,3.814721E-05,-.001
3.11956,-4.577655E-04,2.13624E-04,6.66667E-04
3.12056,-5.264319E-04,2.746601E-04,-6.66667E-04
3.121561,-4.348774E-04,3.662128E-04,-6.66667E-04
3.122561,-5.798377E-04,3.738422E-04,-6.66667E-04
3.123562,-2.746601E-04,3.051776E-04,.001
3.124562,-3.50954E-04,4.730243E-04,.001
3.125563,-5.188026E-04,1.297006E-04,.001
3.126563,-4.119892E-04,-3.814721E-05,-6.66667E-04
3.127564,-4.348774E-04,2.594013E-04,6.66667E-04
3.128564,-4.27248E-04,3.967304E-04,-6.66667E-04
3.129565,-3.662128E-04,2.594013E-04,-.001
3.130565,-6.790198E-04,-8.392381E-05,-6.66667E-04
3.131566,-5.416907E-04,-2.441425E-04,-6.66667E-04
3.132566,-2.899189E-04,-1.144414E-04,-6.66667E-04
3.133567,-4.043598E-04,-2.13624E-04,-6.66667E-04
3.134567,-2.212534E-04,-5.340599E-05,-6.66667E-04
3.135568,-2.059946E-04,1.831064E-04,-6.66667E-04
3.136568,-1.06812E-04,3.204364E-04,.001
3.137569,7.629453E-06,3.433246E-04,6.66667E-04
3.138569,-3.051781E-05,2.594013E-04,-.002
3.13957,-1.297006E-04,2.517719E-04,-6.66667E-04
3.14057,-2.899189E-04,1.678476E-04,6.66667E-04
3.141571,-2.441425E-04,2.059946E-04,-6.66667E-04
3.142571,-4.806537E-04,2.28883E-05,-6.66667E-04
3.143572,-6.256141E-04,6.866502E-05,-.002
3.144572,-7.247962E-04,1.831064E-04,.001
3.145573,-8.773841E-04,8.392381E-05,-.002
3.146573,-7.858314E-04,-2.28883E-05,-.001
3.147574,-1.113899E-03,1.144414E-04,-.001
3.148574,-9.079017E-04,1.831064E-04,6.66667E-04
3.149575,-5.874671E-04,4.043598E-04,-3.66667E-03
3.150575,-6.561317E-04,-3.814721E-05,-6.66667E-04
3.151576,-9.231605E-04,-5.493201E-04,-.001
3.152576,-1.235969E-03,-5.340613E-04,6.66667E-04
3.153577,-1.197822E-03,-2.13624E-04,-3.66667E-03
3.154577,-1.136787E-03,1.449594E-04,-6.66667E-04
3.155578,-1.586922E-03,4.196186E-04,-.002
3.156578,-1.876839E-03,4.501361E-04,-.001
3.157579,-2.014175E-03,6.408729E-04,-2.33333E-03
3.158579,-2.45668E-03,6.256141E-04,-6.66667E-04
3.15958,-2.906814E-03,1.75477E-04,6.66667E-04
3.16058,-3.120437E-03,-2.670307E-04,-6.66667E-04
3.161581,-3.395095E-03,-3.12807E-04,6.66667E-04
3.162581,-3.807083E-03,-2.212534E-04,-6.66667E-04
3.163582,-4.592925E-03,-3.204364E-04,-.001
3.164582,-.0052872,-5.035438E-04,-6.66667E-04
3.165583,-5.752593E-03,-1.449594E-04,-.001
3.166583,-6.019622E-03,2.059946E-04,-6.66667E-04
3.167584,-6.385833E-03,2.594013E-04,-.002
3.168584,-6.385833E-03,1.3733E-04,-.002
3.169585,-6.080657E-03,-1.678476E-04,-.002
3.170585,-5.905181E-03,-6.866502E-05,-6.66667E-04
3.171586,-5.310088E-03,4.57766E-05,6.66667E-04
3.172586,-4.65396E-03,-1.831064E-04,6.66667E-04
3.173587,-3.967315E-03,-4.57766E-05,-6.66667E-04
3.174587,-3.166214E-03,4.57766E-05,-.002
3.175588,-2.548233E-03,2.670307E-04,-6.66667E-04
3.176588,-1.846321E-03,4.501361E-04,6.66667E-04
3.177589,-1.380928E-03,2.441425E-04,6.66667E-04
3.178589,-1.014717E-03,1.831064E-04,-.002
3.17959,-9.994581E-04,2.288828E-04,-6.66667E-04
3.18059,-8.392371E-04,6.866502E-05,-2.33333E-03
3.181591,-1.060493E-03,1.3733E-04,-6.66667E-04
3.182591,-8.621253E-04,3.814716E-04,.001
3.183592,-7.476844E-04,2.899189E-04,.001
3.184592,-9.079017E-04,1.75477E-04,6.66667E-04
3.185593,-6.561317E-04,1.907358E-04,.001
3.186593,-6.713904E-04,2.288828E-04,-6.66667E-04
3.187594,-4.27248E-04,2.365122E-04,6.66667E-04
3.188594,-1.602182E-04,0,6.66667E-04
3.189595,-2.28883E-05,-2.13624E-04,-.001
3.190595,-6.866502E-05,-3.051776E-04,-6.66667E-04
3.191596,-3.585834E-04,9.918259E-05,-6.66667E-04
3.192596,-7.40055E-04,3.585834E-04,6.66667E-04
3.193597,-6.63761E-04,3.814716E-04,-2.33333E-03
3.194597,-5.188026E-04,2.13624E-04,6.66667E-04
3.195598,-2.365122E-04,0,.001
3.196598,-2.670307E-04,3.12807E-04,.001
3.197599,-3.280658E-04,6.256141E-04,-6.66667E-04
3.198599,-4.577655E-04,5.264319E-04,.001
3.1996,-2.975482E-04,1.297006E-04,-6.66667E-04
3.2006,-7.629432E-04,-1.525891E-05,.001
3.201601,-1.037605E-03,3.204364E-04,2.33333E-03
3.202601,-1.022346E-03,3.280658E-04,6.66667E-04
3.203602,-8.087195E-04,2.594013E-04,-.002
3.204602,-7.171668E-04,5.340613E-04,6.66667E-04
3.205603,-7.476844E-04,4.730243E-04,-6.66667E-04
3.206603,-8.621253E-04,1.602182E-04,-6.66667E-04
3.207604,-7.78202E-04,2.059946E-04,.001
3.208604,-6.408729E-04,-1.602182E-04,.002
3.209605,-5.645789E-04,-1.06812E-04,-6.66667E-04
3.210605,-4.501361E-04,2.899189E-04,-6.66667E-04
3.211606,-5.340613E-04,2.594013E-04,6.66667E-04
3.212606,-7.553138E-04,3.280658E-04,-6.66667E-04
3.213607,-1.014717E-03,3.433246E-04,6.66667E-04
3.214607,-1.220711E-03,1.907358E-04,-.001
3.215608,-1.144417E-03,9.918259E-05,-.002
3.216608,-7.40055E-04,1.525888E-04,-.001
3.217609,-8.544959E-04,1.525888E-04,-6.66667E-04
3.218609,-1.007088E-03,1.06812E-04,.002
3.21961,-8.087195E-04,1.983652E-04,.002
3.22061,-6.485023E-04,2.059946E-04,-6.66667E-04
3.221611,-7.324256E-04,2.594013E-04,-.001
3.222611,-7.40055E-04,2.594013E-04,-.001
3.223612,-5.264319E-04,3.50954E-04,-.001
3.224612,-4.653949E-04,7.629441E-05,6.66667E-04
3.225613,-6.103553E-04,-6.103562E-05,-.002
3.226614,-3.738422E-04,1.220712E-04,-2.33333E-03
3.227614,-4.27248E-04,2.822895E-04,-.002
3.228614,-7.858314E-04,1.525888E-04,-6.66667E-04
3.229615,-1.327522E-03,4.27248E-04,-.001
3.230615,-1.625068E-03,5.722083E-04,-.001
3.231616,-1.739509E-03,4.043598E-04,.001
3.232616,-2.159134E-03,2.059946E-04,-.001
3.233617,-2.70845E-03,5.340599E-05,.001
3.234617,-3.479019E-03,-8.392381E-05,-.001
3.235618,-4.127532E-03,1.144414E-04,.001
3.236619,-4.585296E-03,-1.525888E-04,.001
3.237619,-5.485564E-03,-5.111732E-04,-6.66667E-04
3.238619,-6.416351E-03,-5.111732E-04,6.66667E-04
3.23962,-7.728606E-03,-4.730243E-04,6.66667E-04
3.24062,-9.353697E-03,-5.416907E-04,-.001
3.241621,-1.047522E-02,-5.569495E-04,-6.66667E-04
3.242621,-1.086432E-02,-6.790198E-04,.001
3.243622,-1.098639E-02,-7.858314E-04,.001
3.244622,-1.125342E-02,-6.866492E-04,-6.66667E-04
3.245623,-1.073462E-02,-6.561317E-04,.001
3.246624,-1.027685E-02,-6.408729E-04,-6.66667E-04
3.247624,-9.651244E-03,-4.043598E-04,.001
3.248624,-8.506835E-03,-1.06812E-04,-.001
3.249625,-7.240325E-03,-9.15532E-05,-.001
3.250625,-6.118804E-03,6.866502E-05,-3.66667E-03
3.251626,-5.088836E-03,1.678476E-04,-.001
3.252626,-4.089385E-03,2.212534E-04,-.002
3.253627,-3.273025E-03,4.88285E-04,-.002
3.254627,-2.540603E-03,5.798377E-04,6.66667E-04
3.255628,-1.777656E-03,6.790198E-04,-.002
3.256629,-1.426704E-03,9.918259E-05,-.002
3.257629,-1.327522E-03,-1.3733E-04,-6.66667E-04
3.258629,-7.629432E-04,-1.525888E-04,6.66667E-04
3.25963,-2.365122E-04,-2.670307E-04,.001
3.26063,-2.594013E-04,-1.220712E-04,-6.66667E-04
3.261631,-4.196186E-04,-9.15532E-05,6.66667E-04
3.262631,-1.06812E-04,-1.831064E-04,-.001
3.263632,-1.06812E-04,-2.212534E-04,-6.66667E-04
3.264632,1.144414E-04,8.392381E-05,-2.33333E-03
3.265633,2.365122E-04,6.866502E-05,-6.66667E-04
3.266634,3.051781E-05,3.585834E-04,-6.66667E-04
3.267634,-2.28883E-05,2.899189E-04,-6.66667E-04
3.268634,-2.212534E-04,1.06812E-04,6.66667E-04
3.269635,-1.06812E-04,-3.051781E-05,-.002
3.270635,6.866502E-05,1.602182E-04,-6.66667E-04
3.271636,2.288828E-04,3.814721E-05,-6.66667E-04
3.272636,3.585834E-04,1.525891E-05,-2.33333E-03
3.273637,2.975482E-04,1.525888E-04,-6.66667E-04
3.274637,1.525891E-05,-9.15532E-05,-6.66667E-04
3.275638,-3.356952E-04,-2.059946E-04,-.002
3.276639,-4.27248E-04,-2.13624E-04,-.001
3.277639,1.678476E-04,-1.602182E-04,-.001
3.278639,1.297006E-04,1.449594E-04,2.33333E-03
3.27964,1.449594E-04,9.15532E-05,-6.66667E-04
3.28064,8.392381E-05,2.13624E-04,.001
3.281641,-1.220712E-04,1.602182E-04,-6.66667E-04
3.282641,-1.831064E-04,3.204364E-04,-6.66667E-04
3.283642,5.340599E-05,3.50954E-04,-6.66667E-04
3.284642,2.28883E-05,3.356952E-04,-.001
3.285643,-2.288828E-04,3.280658E-04,-.002
3.286644,-3.585834E-04,2.28883E-05,-.002
3.287644,-2.670307E-04,-3.433246E-04,6.66667E-04
3.288644,-2.594013E-04,-1.678476E-04,-.002
3.289645,-1.831064E-04,-1.602182E-04,6.66667E-04
3.290645,5.340599E-05,-2.594013E-04,-3.66667E-03
3.291646,-1.525888E-04,-1.220712E-04,-2.33333E-03
3.292646,-4.653949E-04,-5.340599E-05,-.001
3.293647,-4.425067E-04,0,6.66667E-04
3.294647,-2.517719E-04,-8.392381E-05,-.001
3.295648,7.629453E-06,2.594013E-04,6.66667E-04
3.296649,-3.051781E-05,-2.28883E-05,-6.66667E-04
3.297649,-6.866502E-05,-1.3733E-04,-.001
3.298649,-2.670307E-04,7.629453E-06,-.002
3.29965,-2.746601E-04,9.15532E-05,-6.66667E-04
3.30065,-5.722083E-04,-1.602182E-04,.002
3.301651,-6.027259E-04,-2.28883E-05,-.001
3.302651,-5.645789E-04,2.746601E-04,-.001
3.303652,-8.010902E-04,6.485023E-04,-.002
3.304652,-1.060493E-03,6.942786E-04,-.001
3.305653,-9.53678E-04,6.332435E-04,-6.66667E-04
3.306653,-6.408729E-04,7.934608E-04,-6.66667E-04
3.307654,-4.196186E-04,6.561317E-04,6.66667E-04
3.308654,-2.975482E-04,2.13624E-04,6.66667E-04
3.309655,-3.051776E-04,2.059946E-04,6.66667E-04
3.310655,-4.119892E-04,3.051781E-05,.001
3.311656,-7.171668E-04,-1.06812E-04,6.66667E-04
3.312656,-1.007088E-03,9.918259E-05,.001
3.313657,-4.959144E-04,2.059946E-04,-6.66667E-04
3.314657,-3.585834E-04,1.525888E-04,-6.66667E-04
3.315658,-2.365122E-04,-6.103562E-05,-6.66667E-04
3.316658,-2.28883E-05,-5.340599E-05,-.001
3.317659,1.983652E-04,4.57766E-05,-3.66667E-03
3.318659,1.525891E-05,3.356952E-04,-.001
3.31966,9.15532E-05,-5.340599E-05,6.66667E-04
3.32066,1.525888E-04,1.75477E-04,-.002
3.321661,2.517719E-04,1.678476E-04,-6.66667E-04
3.322661,4.348774E-04,4.57766E-05,-.001
3.323662,8.392381E-05,-4.043598E-04,-6.66667E-04
3.324662,-5.340599E-05,-4.501361E-04,-.002
3.325663,2.28883E-05,-8.392381E-05,-.002
3.326663,-1.525891E-05,-1.75477E-04,-.002
3.327664,-3.662128E-04,7.629453E-06,-3.66667E-03
3.328664,-5.645789E-04,9.15532E-05,6.66667E-04
3.329665,-4.501361E-04,1.297006E-04,-.002
3.330665,-2.670307E-04,-1.449594E-04,.001
3.331666,-3.051776E-04,-6.866502E-05,.002
3.332666,-3.204364E-04,-1.06812E-04,-3.66667E-03
3.333667,-3.204364E-04,0,-6.66667E-04
3.334667,-7.629441E-05,1.449594E-04,-2.33333E-03
3.335668,-1.220712E-04,1.297006E-04,-.002
3.336668,-1.983652E-04,2.594013E-04,-.001
3.337669,4.57766E-05,1.3733E-04,6.66667E-04
3.338669,6.866502E-05,-1.220712E-04,-6.66667E-04
3.33967,1.525888E-04,-3.204364E-04,-6.66667E-04
3.34067,6.866502E-05,-4.806537E-04,-.002
3.341671,-9.918259E-05,-2.670307E-04,-.001
3.342671,2.822895E-04,1.144414E-04,-6.66667E-04
3.343672,1.3733E-04,9.15532E-05,-6.66667E-04
3.344672,3.814721E-05,7.629453E-06,-6.66667E-04
3.345673,4.57766E-05,9.918259E-05,-2.33333E-03
3.346673,6.866502E-05,1.678476E-04,-6.66667E-04
3.347674,2.975482E-04,2.212534E-04,-.002
3.348674,1.75477E-04,-1.525891E-05,6.66667E-04
3.349675,1.983652E-04,2.059946E-04,-.001
3.350675,1.525888E-04,2.365122E-04,-3.66667E-03
3.351676,1.983652E-04,1.75477E-04,-6.66667E-04
3.352676,2.059946E-04,7.629453E-06,-.002
3.353677,-1.907358E-04,4.57766E-05,.001
3.354677,-5.493201E-04,-8.392381E-05,-6.66667E-04
3.355678,-6.63761E-04,-3.280658E-04,.001
3.356678,-5.645789E-04,-4.730243E-04,6.66667E-04
3.357679,-5.722083E-04,-3.89101E-04,.001
3.358679,-4.806537E-04,-4.806537E-04,-6.66667E-04
3.35968,-3.814716E-04,-1.983652E-04,-.002
3.36068,-3.662128E-04,1.297006E-04,-.002
3.361681,-4.730243E-04,2.28883E-05,-2.33333E-03
3.362681,-1.091011E-03,4.119892E-04,6.66667E-04
3.363682,-1.426704E-03,1.907358E-04,.002
3.364682,-1.747139E-03,1.831064E-04,-.002
3.365683,-2.166763E-03,2.899189E-04,.001
3.366683,-2.845779E-03,3.662128E-04,-6.66667E-04
3.367684,-3.639236E-03,4.806537E-04,-.002
3.368684,-5.088836E-03,5.722083E-04,-6.66667E-04
3.369685,-6.385833E-03,7.934608E-04,-6.66667E-04
3.370685,-8.026183E-03,5.569495E-04,-.001
3.371686,-1.061255E-02,3.89101E-04,-.001
3.372686,-1.437384E-02,1.525888E-04,6.66667E-04
3.373687,-1.843274E-02,-2.746601E-04,-.001
3.374687,-2.081311E-02,-2.899189E-04,-.001
3.375688,-.0222398,-7.324256E-04,-6.66667E-04
3.376688,-2.242291E-02,-4.88285E-04,-6.66667E-04
3.377689,-2.146161E-02,-5.264319E-04,-2.33333E-03
3.378689,-1.893628E-02,-4.425067E-04,-.001
3.37969,-1.589978E-02,-1.75477E-04,-6.66667E-04
3.38069,-1.307684E-02,-8.392381E-05,-6.66667E-04
3.381691,-1.014715E-02,1.983652E-04,-6.66667E-04
3.382691,-7.606536E-03,1.75477E-04,-.001
3.383692,-5.409271E-03,2.13624E-04,.001
3.384692,-3.707901E-03,2.212534E-04,-.002
3.385693,-2.311721E-03,3.280658E-04,.001
3.386693,-1.487739E-03,9.15532E-05,6.66667E-04
3.387694,-8.697547E-04,1.525891E-05,-.001
3.388694,-4.196186E-04,1.449594E-04,-6.66667E-04
3.389695,-2.212534E-04,1.144414E-04,.001
3.390696,-3.051781E-05,1.297006E-04,-6.66667E-04
3.391696,2.670307E-04,7.629441E-05,-6.66667E-04
3.392696,9.15532E-05,1.449594E-04,-.002
3.393697,3.814721E-05,3.967304E-04,-.002
3.394697,-3.204364E-04,0,6.66667E-04
3.395698,-4.577655E-04,-6.866502E-05,-6.66667E-04
3.396698,-4.959144E-04,9.15532E-05,-6.66667E-04
3.397699,-4.348774E-04,0,-.001
3.398699,2.28883E-05,9.15532E-05,6.66667E-04
3.3997,2.746601E-04,0,-6.66667E-04
3.400701,1.06812E-04,4.425067E-04,.001
3.401701,-1.449594E-04,7.553138E-04,-.001
3.402701,-3.280658E-04,3.662128E-04,2.33333E-03
3.403702,-1.06812E-04,1.983652E-04,-6.66667E-04
3.404702,3.12807E-04,1.75477E-04,-6.66667E-04
3.405703,4.27248E-04,9.918259E-05,6.66667E-04
3.406703,-1.525891E-05,-4.57766E-05,.002
3.407704,-2.594013E-04,1.525888E-04,-6.66667E-04
3.408704,-3.12807E-04,3.50954E-04,-6.66667E-04
3.409705,-2.594013E-04,4.57766E-05,6.66667E-04
3.410706,-3.280658E-04,-1.907358E-04,-.001
3.411706,-5.340599E-05,-3.585834E-04,6.66667E-04
3.412706,-4.27248E-04,-3.814721E-05,.001
3.413707,1.525891E-05,2.288828E-04,6.66667E-04
3.414707,-1.525891E-05,2.594013E-04,-.001
3.415708,1.220712E-04,2.594013E-04,.001
3.416708,1.220712E-04,0,.002
3.417709,2.517719E-04,-2.975482E-04,-.001
3.418709,3.204364E-04,-6.408729E-04,-6.66667E-04
3.41971,5.416907E-04,-4.501361E-04,-3.66667E-03
3.420711,2.594013E-04,-2.365122E-04,6.66667E-04
3.421711,-9.918259E-05,-7.629441E-05,6.66667E-04
3.422711,-3.814721E-05,-3.204364E-04,-.002
3.423712,3.356952E-04,-2.13624E-04,6.66667E-04
3.424712,2.975482E-04,6.866502E-05,-.001
3.425713,1.678476E-04,3.814721E-05,6.66667E-04
3.426713,0,4.57766E-05,6.66667E-04
3.427714,-1.144414E-04,1.831064E-04,-6.66667E-04
3.428714,-2.594013E-04,-7.629441E-05,-6.66667E-04
3.429715,-6.027259E-04,4.425067E-04,.001
3.430716,-5.035438E-04,4.27248E-04,2.33333E-03
3.431716,-2.212534E-04,2.441425E-04,-.001
3.432716,-4.501361E-04,1.06812E-04,-.001
3.433717,-4.730243E-04,-2.746601E-04,2.33333E-03
3.434717,-4.577655E-04,-3.585834E-04,.001
3.435718,4.57766E-05,-1.06812E-04,.001
3.436718,1.75477E-04,7.629441E-05,.002
3.437719,1.3733E-04,-6.866502E-05,-6.66667E-04
3.438719,2.822895E-04,-1.06812E-04,-6.66667E-04
3.43972,2.13624E-04,1.525891E-05,-.004
3.440721,1.525891E-05,1.831064E-04,6.66667E-04
3.441721,2.441425E-04,-1.144414E-04,-6.66667E-04
3.442721,-6.103562E-05,6.866502E-05,-6.66667E-04
3.443722,-7.629441E-05,8.392381E-05,-.001
3.444722,3.433246E-04,1.907358E-04,-.001
3.445723,-1.602182E-04,8.392381E-05,-6.66667E-04
3.446723,-3.662128E-04,-1.06812E-04,.002
3.447724,-4.043598E-04,-3.814716E-04,.001
3.448724,-5.950965E-04,-6.179847E-04,6.66667E-04
3.449725,-3.204364E-04,-4.348774E-04,.001
3.450726,-1.602182E-04,-5.416907E-04,-.002
3.451726,-2.670307E-04,-1.602182E-04,-.001
3.452726,-5.340613E-04,2.670307E-04,-.001
3.453727,-4.806537E-04,1.602182E-04,6.66667E-04
3.454727,-5.111732E-04,9.15532E-05,-.002
3.455728,-3.204364E-04,-5.340599E-05,-.001
3.456728,-1.525891E-05,-6.103562E-05,.001
3.457729,7.629453E-06,9.918259E-05,.002
3.458729,-6.103562E-05,3.433246E-04,-.001
3.45973,-5.340599E-05,3.585834E-04,-6.66667E-04
3.460731,-1.907358E-04,3.89101E-04,-6.66667E-04
3.461731,-4.27248E-04,2.365122E-04,6.66667E-04
3.462731,-5.111732E-04,1.983652E-04,-6.66667E-04
3.463732,-3.356952E-04,4.57766E-05,.001
3.464732,-2.212534E-04,-3.280658E-04,-6.66667E-04
3.465733,-6.866502E-05,4.57766E-05,6.66667E-04
3.466733,-1.525888E-04,1.525888E-04,-.002
3.467734,-2.822895E-04,-9.918259E-05,-6.66667E-04
3.468734,-3.814716E-04,0,-6.66667E-04
3.469735,6.866502E-05,-8.392381E-05,-3.66667E-03
3.470736,-9.918259E-05,-1.75477E-04,6.66667E-04
3.471736,-1.831064E-04,-1.449594E-04,6.66667E-04
3.472736,-9.918259E-05,-1.602182E-04,-.001
3.473737,4.57766E-05,-2.975482E-04,-.002
3.474737,-2.441425E-04,-1.3733E-04,-6.66667E-04
3.475738,-2.975482E-04,6.866502E-05,-.001
3.476738,-5.340599E-05,1.449594E-04,-.002
3.477739,3.967304E-04,-5.340599E-05,6.66667E-04
3.478739,2.059946E-04,-1.06812E-04,-.001
3.47974,6.103562E-05,4.57766E-05,-.001
3.480741,1.831064E-04,2.899189E-04,-.001
3.481741,2.746601E-04,7.629441E-05,-6.66667E-04
3.482741,-1.525891E-05,1.06812E-04,.001
3.483742,0,3.12807E-04,-6.66667E-04
3.484742,-6.103562E-05,2.594013E-04,-6.66667E-04
3.485743,-4.57766E-05,0,-6.66667E-04
3.486743,1.3733E-04,-1.220712E-04,-.001
3.487744,3.814721E-05,-1.525888E-04,-6.66667E-04
3.488744,2.059946E-04,-2.822895E-04,-.002
3.489745,1.831064E-04,-2.288828E-04,-.002
3.490746,3.280658E-04,1.144414E-04,6.66667E-04
3.491746,4.043598E-04,5.340613E-04,-6.66667E-04
3.492746,7.01908E-04,3.433246E-04,.001
3.493747,3.585834E-04,6.866502E-05,6.66667E-04
3.494747,1.449594E-04,1.907358E-04,-.001
3.495748,2.899189E-04,6.866502E-05,-.001
3.496748,1.3733E-04,1.144414E-04,-2.33333E-03
3.497749,-1.449594E-04,2.28883E-05,-.001
3.498749,-4.196186E-04,3.967304E-04,-.002
3.49975,-2.822895E-04,3.50954E-04,3.66667E-03
3.500751,-7.629453E-06,1.220712E-04,3.66667E-03
3.501751,3.662128E-04,-2.059946E-04,6.66667E-04
3.502751,5.798377E-04,-7.629453E-06,-6.66667E-04
3.503752,7.553138E-04,3.814721E-05,.002
3.504752,3.585834E-04,2.13624E-04,-6.66667E-04
3.505753,2.28883E-05,8.163489E-04,-6.66667E-04
3.506753,3.051781E-05,5.035438E-04,-3.66667E-03
3.507754,7.629441E-05,3.280658E-04,-.001
3.508754,0,6.866502E-05,-.001
3.509755,-5.340599E-05,3.12807E-04,.001
3.510756,-6.103562E-05,4.27248E-04,-6.66667E-04
3.511756,-1.449594E-04,2.059946E-04,-3.66667E-03
3.512756,5.340599E-05,5.340599E-05,-.002
3.513757,2.365122E-04,1.525891E-05,-2.33333E-03
3.514757,4.730243E-04,7.629441E-05,.002
3.515758,4.730243E-04,-2.517719E-04,-6.66667E-04
3.516758,4.730243E-04,1.3733E-04,-.001
3.517759,2.670307E-04,1.525888E-04,.001
3.518759,2.059946E-04,-1.602182E-04,-.002
3.51976,-1.144414E-04,-1.831064E-04,.001
3.520761,-2.899189E-04,-4.730243E-04,-6.66667E-04
3.521761,-2.441425E-04,-9.15532E-05,-.001
3.522761,-7.629441E-05,-4.57766E-05,6.66667E-04
3.523762,3.051781E-05,3.814721E-05,2.33333E-03
3.524762,4.119892E-04,1.3733E-04,-6.66667E-04
3.525763,3.662128E-04,8.392381E-05,.001
3.526763,2.059946E-04,-9.918259E-05,6.66667E-04
3.527764,2.13624E-04,-2.212534E-04,-.001
3.528764,1.983652E-04,-1.602182E-04,-.002
3.529765,3.662128E-04,-1.602182E-04,-.001
3.530766,2.975482E-04,2.822895E-04,-3.66667E-03
3.531766,3.814721E-05,3.433246E-04,-.002
3.532766,-1.602182E-04,8.468665E-04,-.001
3.533767,-1.525888E-04,7.553138E-04,6.66667E-04
3.534767,-2.13624E-04,3.356952E-04,6.66667E-04
3.535768,1.144414E-04,3.356952E-04,-.002
3.536768,1.678476E-04,5.950965E-04,6.66667E-04
3.537769,9.918259E-05,4.043598E-04,6.66667E-04
3.538769,3.662128E-04,-6.103562E-05,-6.66667E-04
3.53977,2.517719E-04,-2.822895E-04,.002
3.540771,3.12807E-04,-2.288828E-04,.002
3.541771,2.594013E-04,-3.204364E-04,6.66667E-04
3.542771,3.12807E-04,-3.280658E-04,-6.66667E-04
3.543772,0,-1.3733E-04,.001
3.544772,-1.525891E-05,-5.340599E-05,-6.66667E-04
3.545773,-6.103562E-05,3.356952E-04,2.33333E-03
3.546773,2.212534E-04,3.12807E-04,6.66667E-04
3.547774,3.89101E-04,1.525888E-04,-.001
3.548774,4.196186E-04,1.525891E-05,.001
3.549775,0,1.525888E-04,-.001
3.550776,-5.340599E-05,-7.629441E-05,-.002
3.551776,-4.57766E-05,-5.340613E-04,-6.66667E-04
3.552776,-1.06812E-04,-6.561317E-04,.001
3.553777,-2.746601E-04,-4.043598E-04,-.001
3.554777,-3.280658E-04,-9.918259E-05,-.002
3.555778,-1.06812E-04,1.602182E-04,.001
3.556778,5.340599E-05,-1.449594E-04,.002
3.557779,-1.525891E-05,-2.670307E-04,-.001
3.558779,3.814716E-04,-2.594013E-04,-6.66667E-04
3.55978,2.517719E-04,-3.356952E-04,.001
3.560781,1.449594E-04,-4.577655E-04,-.002
3.561781,-2.059946E-04,-6.103553E-04,-.001
3.562781,-2.822895E-04,-2.746601E-04,.002
3.563782,-1.06812E-04,-9.15532E-05,.002
3.564783,-8.392381E-05,-3.051776E-04,-6.66667E-04
3.565783,1.678476E-04,-3.814721E-05,.001
3.566783,2.670307E-04,-2.288828E-04,-.001
3.567784,2.822895E-04,-2.365122E-04,6.66667E-04
3.568784,6.103562E-05,-3.585834E-04,6.66667E-04
3.569785,6.103562E-05,-1.3733E-04,.001
3.570786,-7.629441E-05,9.15532E-05,.001
3.571786,-5.340599E-05,7.629441E-05,-6.66667E-04
3.572786,-1.525891E-05,4.57766E-05,6.66667E-04
3.573787,7.629453E-06,7.629453E-06,-2.33333E-03
3.574788,7.629453E-06,2.212534E-04,-.001
3.575788,-1.907358E-04,2.059946E-04,-.002
3.576788,-9.918259E-05,9.918259E-05,.001
3.577789,-4.653949E-04,-1.06812E-04,6.66667E-04
3.578789,-3.967304E-04,-2.594013E-04,-.002
3.57979,7.629453E-06,-1.678476E-04,-.001
3.580791,3.280658E-04,-1.907358E-04,-.002
3.581791,2.212534E-04,-8.392381E-05,-2.33333E-03
3.582791,3.433246E-04,7.629453E-06,.001
3.583792,0,1.06812E-04,-.001
3.584793,-2.059946E-04,1.144414E-04,-.002
3.585793,-5.340599E-05,1.3733E-04,-6.66667E-04
3.586793,1.75477E-04,3.051776E-04,.001
3.587794,1.297006E-04,5.035438E-04,-.002
3.588794,9.918259E-05,5.264319E-04,-.001
3.589795,-1.06812E-04,3.204364E-04,-.001
3.590796,1.831064E-04,9.918259E-05,6.66667E-04
3.591796,1.297006E-04,-1.06812E-04,-2.33333E-03
3.592796,3.051781E-05,-3.204364E-04,-.001
3.593797,3.738422E-04,-1.144414E-04,-.002
3.594798,6.790198E-04,4.57766E-05,-.002
3.595798,4.806537E-04,1.525888E-04,-6.66667E-04
3.596798,4.653949E-04,2.13624E-04,-.001
3.597799,3.280658E-04,-1.220712E-04,6.66667E-04
3.598799,4.57766E-05,-2.288828E-04,-2.33333E-03
3.5998,8.392381E-05,1.907358E-04,-6.66667E-04
3.600801,6.332435E-04,7.629441E-05,.001
3.601801,4.806537E-04,1.525888E-04,-6.66667E-04
3.602801,2.365122E-04,2.594013E-04,-.002
3.603802,6.866502E-05,5.340613E-04,-6.66667E-04
3.604803,1.06812E-04,3.12807E-04,-.002
3.605803,3.585834E-04,6.103562E-05,-6.66667E-04
3.606803,2.288828E-04,8.392381E-05,.002
3.607804,-1.220712E-04,4.043598E-04,.002
3.608804,-3.814721E-05,5.874671E-04,-6.66667E-04
3.609805,2.13624E-04,2.441425E-04,6.66667E-04
3.610806,2.899189E-04,-9.918259E-05,-6.66667E-04
3.611806,2.822895E-04,1.3733E-04,-2.33333E-03
3.612806,4.730243E-04,6.866502E-05,-6.66667E-04
3.613807,-5.340599E-05,3.051781E-05,6.66667E-04
3.614808,-1.3733E-04,1.602182E-04,-.001
3.615808,-1.144414E-04,-4.57766E-05,.002
3.616808,-6.866502E-05,-1.602182E-04,-.001
3.617809,1.449594E-04,-1.831064E-04,6.66667E-04
3.618809,2.670307E-04,-2.13624E-04,-.002
3.61981,9.918259E-05,-2.365122E-04,6.66667E-04
3.620811,7.629441E-05,-3.204364E-04,-.002
3.621811,-1.678476E-04,-2.822895E-04,-.001
3.622811,-5.035438E-04,-1.75477E-04,-6.66667E-04
3.623812,-1.983652E-04,-5.340599E-05,-3.66667E-03
3.624813,-5.340599E-05,5.340599E-05,.001
3.625813,-8.392381E-05,6.103562E-05,6.66667E-04
3.626813,2.441425E-04,9.918259E-05,-.001
3.627814,4.730243E-04,1.983652E-04,.001
3.628814,1.831064E-04,3.814721E-05,-3.66667E-03
3.629815,5.111732E-04,-1.06812E-04,2.33333E-03
3.630816,8.239783E-04,-1.220712E-04,-.001
3.631816,6.332435E-04,-7.629453E-06,-.002
3.632816,6.866492E-04,-1.602182E-04,.001
3.633817,3.356952E-04,2.059946E-04,-6.66667E-04
3.634818,-8.392381E-05,3.051776E-04,-.001
3.635818,-1.144414E-04,2.594013E-04,-6.66667E-04
3.636818,-1.525891E-05,3.814721E-05,-.002
3.637819,6.103562E-05,-1.220712E-04,-6.66667E-04
3.638819,9.918259E-05,-4.348774E-04,-.002
3.63982,-4.196186E-04,-5.645789E-04,-.001
3.640821,-3.662128E-04,-3.433246E-04,6.66667E-04
3.641821,-1.449594E-04,-2.28883E-05,-6.66667E-04
3.642821,-1.06812E-04,-3.051781E-05,-.001
3.643822,1.3733E-04,9.15532E-05,.001
3.644823,2.670307E-04,1.75477E-04,-2.33333E-03
3.645823,2.288828E-04,2.365122E-04,-.001
3.646823,1.678476E-04,3.12807E-04,6.66667E-04
3.647824,-6.103562E-05,3.280658E-04,-.001
3.648824,-8.392381E-05,3.280658E-04,-6.66667E-04
3.649825,-1.220712E-04,-1.06812E-04,-6.66667E-04
3.650826,-2.594013E-04,-1.678476E-04,.001
3.651826,-5.264319E-04,-2.13624E-04,2.33333E-03
3.652826,-7.171668E-04,-2.594013E-04,-6.66667E-04
3.653827,-8.163489E-04,-2.441425E-04,-6.66667E-04
3.654828,-4.119892E-04,-1.06812E-04,.001
3.655828,-1.602182E-04,2.365122E-04,-.002
3.656828,-1.602182E-04,3.814716E-04,-6.66667E-04
3.657829,-3.738422E-04,5.493201E-04,6.66667E-04
3.658829,-4.043598E-04,6.256141E-04,-.002
3.65983,-3.738422E-04,2.13624E-04,-6.66667E-04
3.66083,-3.356952E-04,-5.340599E-05,-6.66667E-04
3.661831,-2.517719E-04,1.525888E-04,-.001
3.662831,-1.297006E-04,3.814716E-04,.002
3.663832,-5.722083E-04,5.722083E-04,.002
3.664833,-3.585834E-04,3.204364E-04,2.33333E-03
3.665833,2.28883E-05,8.392381E-05,-.001
3.666833,3.814716E-04,1.75477E-04,-6.66667E-04
3.667834,3.051781E-05,1.602182E-04,-2.33333E-03
3.668834,-4.57766E-05,1.06812E-04,-6.66667E-04
3.669835,-1.525891E-05,1.525891E-05,-.001
3.670835,2.594013E-04,2.746601E-04,-.002
3.671836,3.051776E-04,3.12807E-04,-6.66667E-04
3.672836,1.525888E-04,1.525888E-04,-.002
3.673837,7.629441E-05,2.059946E-04,-.001
3.674838,-2.365122E-04,9.918259E-05,.001
3.675838,0,3.12807E-04,-.002
3.676838,1.220712E-04,2.975482E-04,6.66667E-04
3.677839,-1.449594E-04,2.746601E-04,.001
3.678839,-1.602182E-04,2.975482E-04,-6.66667E-04
3.67984,-1.907358E-04,3.204364E-04,-6.66667E-04
3.68084,-1.144414E-04,1.144414E-04,-6.66667E-04
3.681841,-1.449594E-04,-1.678476E-04,-6.66667E-04
3.682841,-2.059946E-04,-2.288828E-04,-.002
3.683842,-9.918259E-05,-1.297006E-04,-6.66667E-04
3.684843,-2.212534E-04,1.678476E-04,-6.66667E-04
3.685843,-1.983652E-04,1.144414E-04,-.001
3.686843,6.103562E-05,-2.212534E-04,-.001
3.687844,-1.144414E-04,-3.051776E-04,-6.66667E-04
3.688844,3.814721E-05,-6.866502E-05,-.001
3.689845,-3.356952E-04,1.449594E-04,-2.33333E-03
3.690845,-1.602182E-04,2.059946E-04,.001
3.691846,3.814721E-05,2.746601E-04,-.002
3.692847,4.57766E-05,2.441425E-04,-6.66667E-04
3.693847,3.204364E-04,5.340599E-05,.001
3.694848,4.730243E-04,-9.918259E-05,.001
3.695848,-1.220712E-04,-1.602182E-04,6.66667E-04
3.696848,-2.059946E-04,-3.051781E-05,-.002
3.697849,-1.220712E-04,0,-.001
3.698849,-9.918259E-05,-3.051781E-05,-.002
3.69985,-2.441425E-04,1.525891E-05,-6.66667E-04
3.70085,-1.983652E-04,-1.220712E-04,-.001
3.701851,-3.051781E-05,-2.059946E-04,-2.33333E-03
3.702852,1.525888E-04,1.3733E-04,6.66667E-04
3.703852,2.441425E-04,2.441425E-04,.001
3.704853,1.525888E-04,7.629441E-05,-.001
3.705853,4.57766E-05,0,-3.66667E-03
3.706853,-2.517719E-04,7.629441E-05,-.002
3.707854,-3.814721E-05,-3.814721E-05,6.66667E-04
3.708854,1.449594E-04,-1.297006E-04,6.66667E-04
3.709855,4.348774E-04,9.918259E-05,.001
3.710855,2.594013E-04,2.212534E-04,.001
3.711856,3.051781E-05,-1.3733E-04,-6.66667E-04
3.712857,-2.670307E-04,-2.365122E-04,-6.66667E-04
3.713857,-2.899189E-04,-3.051781E-05,-6.66667E-04
3.714858,-4.27248E-04,2.441425E-04,-6.66667E-04
3.715858,-4.959144E-04,-5.340599E-05,-.001
3.716858,-3.204364E-04,-2.059946E-04,-3.66667E-03
3.717859,-2.822895E-04,-1.602182E-04,-.002
3.718859,-3.738422E-04,-8.392381E-05,-.001
3.71986,-1.907358E-04,-2.059946E-04,6.66667E-04
3.72086,-1.525891E-05,-9.15532E-05,-6.66667E-04
3.721861,4.57766E-05,-3.051776E-04,-6.66667E-04
3.722862,0,-3.356952E-04,.001
3.723862,-3.204364E-04,9.918259E-05,-.001
3.724863,-1.602182E-04,6.256141E-04,.001
3.725863,-4.043598E-04,6.332435E-04,.001
3.726863,-4.27248E-04,2.365122E-04,-.002
3.727864,-1.602182E-04,1.831064E-04,-.001
3.728864,4.57766E-05,1.06812E-04,-6.66667E-04
3.729865,9.15532E-05,9.15532E-05,-6.66667E-04
3.730865,5.340599E-05,6.103562E-05,-.002
3.731866,2.746601E-04,3.662128E-04,-.002
3.732867,-8.392381E-05,2.059946E-04,-.001
3.733867,-1.75477E-04,9.918259E-05,6.66667E-04
3.734868,-1.297006E-04,2.822895E-04,.001
3.735868,2.28883E-05,2.899189E-04,6.66667E-04
3.736868,-3.814721E-05,1.144414E-04,.001
3.737869,7.629441E-05,6.103562E-05,-.002
3.73887,-3.814721E-05,3.356952E-04,-3.66667E-03
3.73987,-1.602182E-04,1.831064E-04,.001
3.74087,1.983652E-04,-5.340599E-05,-.001
3.741871,1.449594E-04,-6.866502E-05,-.002
3.742872,-1.602182E-04,2.28883E-05,.001
3.743872,1.06812E-04,-7.629453E-06,.001
3.744873,2.28883E-05,-1.449594E-04,2.33333E-03
3.745873,1.144414E-04,-3.280658E-04,-6.66667E-04
3.746873,2.28883E-05,-3.585834E-04,-.001
3.747874,-1.678476E-04,-1.602182E-04,-2.33333E-03
3.748875,-1.297006E-04,9.918259E-05,-6.66667E-04
3.749875,-1.449594E-04,3.814721E-05,-6.66667E-04
3.750875,-2.28883E-05,5.111732E-04,6.66667E-04
3.751876,-6.866502E-05,4.501361E-04,-.001
3.752877,-1.831064E-04,-7.629441E-05,-.002
3.753877,-1.75477E-04,-1.75477E-04,-6.66667E-04
3.754878,-1.3733E-04,-1.220712E-04,-.001
3.755878,-7.629453E-06,-1.297006E-04,-.002
3.756878,3.051781E-05,-3.814716E-04,6.66667E-04
3.757879,-1.220712E-04,-2.059946E-04,-.002
3.75888,-3.662128E-04,-1.06812E-04,-6.66667E-04
3.75988,-1.449594E-04,5.340599E-05,-6.66667E-04
3.76088,1.831064E-04,1.449594E-04,-6.66667E-04
3.761881,4.348774E-04,6.103562E-05,-6.66667E-04
3.762882,3.12807E-04,7.629453E-06,-2.33333E-03
3.763882,1.907358E-04,-3.814721E-05,-6.66667E-04
3.764883,2.212534E-04,-2.212534E-04,.001
3.765883,8.392381E-05,-2.212534E-04,6.66667E-04
3.766883,1.449594E-04,6.103562E-05,6.66667E-04
3.767884,4.196186E-04,3.967304E-04,-6.66667E-04
3.768885,4.27248E-04,6.103553E-04,.001
3.769885,1.06812E-04,4.501361E-04,6.66667E-04
3.770885,0,2.594013E-04,.001
3.771886,-9.918259E-05,0,-2.33333E-03
3.772887,-4.57766E-05,-2.13624E-04,.001
3.773887,2.13624E-04,-6.63761E-04,-6.66667E-04
3.774888,3.50954E-04,-6.408729E-04,6.66667E-04
3.775888,-5.340599E-05,-3.433246E-04,-.002
3.776888,-4.577655E-04,-2.670307E-04,-3.66667E-03
3.777889,-3.738422E-04,-4.119892E-04,-.001
3.77889,-9.918259E-05,-5.340599E-05,-.001
3.77989,-5.340599E-05,1.220712E-04,-6.66667E-04
3.78089,-1.449594E-04,2.441425E-04,-.001
3.781891,-2.594013E-04,3.204364E-04,-6.66667E-04
3.782892,-2.365122E-04,1.449594E-04,-.001
3.783892,-1.907358E-04,1.3733E-04,-.002
3.784893,-9.918259E-05,2.059946E-04,.001
3.785893,-2.594013E-04,1.602182E-04,.001
3.786893,1.297006E-04,1.525888E-04,-.001
3.787894,2.288828E-04,-3.051776E-04,6.66667E-04
3.788895,1.297006E-04,-2.059946E-04,-.002
3.789895,3.738422E-04,-2.441425E-04,-.002
3.790895,4.577655E-04,-1.06812E-04,-.002
3.791896,1.144414E-04,-9.15532E-05,-6.66667E-04
3.792897,-1.144414E-04,-1.525891E-05,-3.66667E-03
3.793897,-1.297006E-04,-1.678476E-04,-.002
3.794898,-5.722083E-04,-3.738422E-04,-.002
3.795898,-3.12807E-04,-1.983652E-04,-2.33333E-03
3.796898,-6.103562E-05,-3.738422E-04,.001
3.797899,-1.449594E-04,-1.602182E-04,-.001
3.7989,-3.738422E-04,-2.670307E-04,-.002
3.7999,-3.356952E-04,-9.15532E-05,-.002
3.8009,4.57766E-05,-5.340599E-05,-6.66667E-04
3.801901,3.051776E-04,-8.392381E-05,6.66667E-04
3.802902,1.602182E-04,1.06812E-04,-.002
3.803902,-1.144414E-04,-2.365122E-04,-6.66667E-04
3.804903,-9.918259E-05,-2.288828E-04,-6.66667E-04
3.805903,4.57766E-05,1.525891E-05,6.66667E-04
3.806903,1.06812E-04,9.15532E-05,-.001
3.807904,1.983652E-04,1.75477E-04,-.001
3.808905,2.594013E-04,8.392381E-05,6.66667E-04
3.809905,2.594013E-04,2.594013E-04,-6.66667E-04
3.810905,-5.340599E-05,7.629453E-06,-6.66667E-04
3.811906,-9.15532E-05,-1.220712E-04,.001
3.812907,-3.738422E-04,4.57766E-05,-6.66667E-04
3.813907,-5.340599E-05,1.678476E-04,-.002
3.814908,0,-2.28883E-05,-.001
3.815908,-2.670307E-04,-1.678476E-04,.001
3.816908,-1.220712E-04,-3.356952E-04,6.66667E-04
3.817909,-4.043598E-04,-5.722083E-04,.001
3.81891,-3.585834E-04,-4.806537E-04,.001
3.81991,-3.433246E-04,-5.264319E-04,-6.66667E-04
3.82091,-2.212534E-04,-1.525891E-05,-.001
3.821911,0,4.27248E-04,-.002
3.822912,2.441425E-04,4.730243E-04,-6.66667E-04
3.823912,3.585834E-04,5.569495E-04,-.002
3.824913,1.983652E-04,4.043598E-04,-6.66667E-04
3.825913,9.918259E-05,2.975482E-04,-2.33333E-03
3.826913,3.12807E-04,-4.196186E-04,-6.66667E-04
3.827914,1.831064E-04,-4.959144E-04,-6.66667E-04
3.828915,2.746601E-04,-4.196186E-04,6.66667E-04
3.829915,3.12807E-04,-2.288828E-04,-6.66667E-04
3.830915,3.433246E-04,-1.297006E-04,6.66667E-04
3.831916,1.831064E-04,-3.433246E-04,-.001
3.832916,-1.907358E-04,-5.722083E-04,-.002
3.833917,-1.75477E-04,-4.577655E-04,-6.66667E-04
3.834918,-4.57766E-05,-2.822895E-04,6.66667E-04
3.835918,-2.899189E-04,-1.144414E-04,-6.66667E-04
3.836918,-9.918259E-05,-2.517719E-04,6.66667E-04
3.837919,-2.288828E-04,-3.433246E-04,6.66667E-04
3.83892,-5.493201E-04,-3.433246E-04,-6.66667E-04
3.83992,-2.899189E-04,-3.585834E-04,-.002
3.84092,2.288828E-04,-2.212534E-04,-.001
3.841921,4.88285E-04,-3.204364E-04,.001
3.842921,5.111732E-04,-4.959144E-04,-.001
3.843922,5.722083E-04,-1.831064E-04,-6.66667E-04
3.844923,4.653949E-04,-5.340599E-05,6.66667E-04
3.845923,-1.220712E-04,-2.517719E-04,-.001
3.846923,-3.051776E-04,-5.340599E-05,-.001
3.847924,5.340599E-05,-3.662128E-04,-6.66667E-04
3.848925,3.89101E-04,-3.585834E-04,-.002
3.849925,1.525888E-04,-2.28883E-05,6.66667E-04
3.850925,-2.746601E-04,-1.449594E-04,-2.33333E-03
3.851926,-5.722083E-04,-2.13624E-04,.001
3.852926,-2.670307E-04,-2.059946E-04,.001
3.853927,-1.297006E-04,-4.806537E-04,-.001
3.854928,-3.12807E-04,-1.297006E-04,-6.66667E-04
3.855928,-1.06812E-04,1.525888E-04,6.66667E-04
3.856929,-9.918259E-05,-3.433246E-04,-.002
3.857929,4.57766E-05,-2.13624E-04,.001
3.85893,1.144414E-04,-1.525888E-04,-6.66667E-04
3.85993,9.918259E-05,-2.746601E-04,-.001
3.86093,4.27248E-04,-3.356952E-04,6.66667E-04
3.861931,4.730243E-04,-2.441425E-04,-6.66667E-04
3.862931,-7.629453E-06,-3.12807E-04,-.001
3.863932,6.866502E-05,-7.629432E-04,.001
3.864933,2.441425E-04,-5.645789E-04,-6.66667E-04
3.865933,4.27248E-04,-1.678476E-04,6.66667E-04
3.866934,1.831064E-04,-9.918259E-05,-2.33333E-03
3.867934,3.662128E-04,3.89101E-04,-.001
3.868935,5.188026E-04,-6.866502E-05,6.66667E-04
3.869935,8.392381E-05,-3.051776E-04,6.66667E-04
3.870935,6.866502E-05,-3.814716E-04,.001
3.871936,-4.57766E-05,-1.144414E-04,-.001
3.872936,6.103562E-05,-3.12807E-04,6.66667E-04
3.873937,3.89101E-04,4.57766E-05,-.001
3.874938,4.653949E-04,-4.57766E-05,-.001
3.875938,4.57766E-05,-8.392381E-05,-6.66667E-04
3.876939,3.051781E-05,-3.433246E-04,-6.66667E-04
3.877939,1.983652E-04,-2.746601E-04,-.002
3.87894,1.06812E-04,-1.907358E-04,.002
3.87994,1.983652E-04,-6.103553E-04,6.66667E-04
3.88094,3.280658E-04,-4.730243E-04,-6.66667E-04
3.881941,6.485023E-04,-4.196186E-04,-6.66667E-04
3.882941,2.288828E-04,-2.822895E-04,.001
3.883942,0,-1.525891E-05,-3.66667E-03
3.884943,-2.822895E-04,4.57766E-05,-3.66667E-03
3.885943,-6.561317E-04,-1.602182E-04,-6.66667E-04
3.886944,-5.722083E-04,-6.103562E-05,.001
3.887944,-2.13624E-04,-4.119892E-04,-.002
3.888945,-3.280658E-04,-4.959144E-04,-.001
3.889945,-9.918259E-05,-4.119892E-04,-3.66667E-03
3.890945,-1.525891E-05,-2.746601E-04,-3.66667E-03
3.891946,-1.983652E-04,-2.13624E-04,6.66667E-04
3.892946,-1.602182E-04,0,6.66667E-04
3.893947,-1.220712E-04,6.103562E-05,-.001
3.894948,-1.602182E-04,3.814721E-05,.001
3.895948,-1.602182E-04,-4.57766E-05,-6.66667E-04
3.896949,-1.144414E-04,9.918259E-05,-6.66667E-04
3.897949,3.814721E-05,-1.06812E-04,-6.66667E-04
3.89895,2.517719E-04,-1.144414E-04,-.001
3.89995,3.356952E-04,2.28883E-05,6.66667E-04
3.90095,-1.525888E-04,1.525891E-05,6.66667E-04
3.901951,-3.12807E-04,1.449594E-04,-3.66667E-03
3.902952,-1.144414E-04,1.907358E-04,-.001
3.903952,-2.517719E-04,1.525891E-05,-.002
3.904953,-3.738422E-04,-1.3733E-04,-.001
3.905953,-3.12807E-04,-7.629441E-05,6.66667E-04
3.906954,-5.340599E-05,0,-.002
3.907954,9.918259E-05,9.918259E-05,-.002
3.908955,-1.831064E-04,1.525891E-05,-.001
3.909955,-1.144414E-04,-8.392381E-05,-.002
3.910955,1.831064E-04,6.103562E-05,-.002
3.911956,9.15532E-05,2.441425E-04,-.002
3.912957,-2.594013E-04,1.449594E-04,6.66667E-04
3.913957,-4.959144E-04,6.866502E-05,-6.66667E-04
3.914958,-9.918259E-05,-8.392381E-05,-3.66667E-03
3.915958,-5.340599E-05,-7.629441E-05,-.001
3.916959,-3.814721E-05,-2.13624E-04,.001
3.917959,3.662128E-04,-1.525891E-05,-.002
3.91896,2.441425E-04,4.196186E-04,-6.66667E-04
3.91996,-4.57766E-05,3.967304E-04,6.66667E-04
3.92096,6.866502E-05,2.365122E-04,-.001
3.921961,2.212534E-04,2.059946E-04,-6.66667E-04
3.922962,9.15532E-05,1.06812E-04,-6.66667E-04
3.923962,9.918259E-05,1.983652E-04,-.002
3.924963,-7.629453E-06,1.983652E-04,.001
3.925963,-9.15532E-05,9.15532E-05,.002
3.926964,-1.831064E-04,-3.12807E-04,6.66667E-04
3.927964,-1.983652E-04,-1.602182E-04,-.001
3.928965,-1.449594E-04,-5.035438E-04,-.001
3.929965,-1.983652E-04,-4.425067E-04,-.001
3.930965,-4.501361E-04,-3.662128E-04,-.002
3.931966,-3.814716E-04,-3.356952E-04,-.002
3.932967,1.449594E-04,-1.06812E-04,.001
3.933967,3.585834E-04,5.340599E-05,6.66667E-04
3.934968,-2.28883E-05,-2.059946E-04,6.66667E-04
3.935968,-2.28883E-05,-4.27248E-04,-.001
3.936969,-1.602182E-04,-4.88285E-04,.001
3.937969,-7.629441E-05,-5.645789E-04,6.66667E-04
3.93897,0,-2.365122E-04,-6.66667E-04
3.93997,1.449594E-04,-7.629441E-05,-.001
3.94097,-9.15532E-05,-1.602182E-04,-.001
3.941971,8.392381E-05,-1.602182E-04,-6.66667E-04
3.942972,-3.051781E-05,-1.06812E-04,6.66667E-04
3.943972,-1.678476E-04,9.15532E-05,-.002
3.944973,1.525891E-05,6.103562E-05,-6.66667E-04
3.945973,2.28883E-05,3.051781E-05,-6.66667E-04
3.946974,4.57766E-05,1.06812E-04,6.66667E-04
3.947974,3.12807E-04,2.670307E-04,-.001
3.948975,7.629441E-05,3.051781E-05,-6.66667E-04
3.949975,2.059946E-04,3.204364E-04,.001
3.950975,-8.392381E-05,2.059946E-04,-.001
3.951976,-1.75477E-04,3.280658E-04,.001
3.952977,-2.212534E-04,5.569495E-04,6.66667E-04
3.953977,-2.441425E-04,-1.525891E-05,-.002
3.954978,-5.569495E-04,7.629441E-05,-.002
3.955978,-7.171668E-04,5.111732E-04,6.66667E-04
3.956979,-3.814716E-04,3.662128E-04,-.002
3.957979,-4.27248E-04,-9.918259E-05,-6.66667E-04
3.95898,-5.569495E-04,-1.983652E-04,.001
3.95998,-4.196186E-04,3.051781E-05,-.001
3.96098,-1.602182E-04,9.918259E-05,-2.33333E-03
3.961981,-3.051776E-04,9.918259E-05,.001
3.962982,-1.3733E-04,-6.103562E-05,.001
3.963982,-2.28883E-05,-3.738422E-04,-3.66667E-03
3.964983,-1.06812E-04,-4.043598E-04,-.001
3.965983,-1.907358E-04,-2.517719E-04,-6.66667E-04
3.966984,-3.814721E-05,0,-.002
3.967984,2.365122E-04,1.297006E-04,-6.66667E-04
3.968985,2.365122E-04,3.967304E-04,-.001
3.969985,4.57766E-05,4.119892E-04,-.002
3.970985,-5.340599E-05,5.645789E-04,-2.33333E-03
3.971986,-5.340599E-05,3.89101E-04,-.002
3.972987,-2.441425E-04,3.051781E-05,-6.66667E-04
3.973987,0,3.051776E-04,-.001
3.974988,3.738422E-04,4.57766E-05,6.66667E-04
3.975988,1.983652E-04,-1.3733E-04,6.66667E-04
3.976989,1.525888E-04,-6.866492E-04,-.002
3.977989,2.594013E-04,-4.806537E-04,-6.66667E-04
3.97899,3.50954E-04,-4.577655E-04,-6.66667E-04
3.97999,2.594013E-04,-3.662128E-04,6.66667E-04
3.98099,1.144414E-04,-1.06812E-04,-6.66667E-04
3.981991,-1.525891E-05,1.06812E-04,-6.66667E-04
3.982992,-2.13624E-04,2.899189E-04,6.66667E-04
3.983992,-2.899189E-04,6.103562E-05,.001
3.984993,-3.814716E-04,1.06812E-04,-.001
3.985993,-2.365122E-04,1.983652E-04,-.002
3.986994,-1.449594E-04,2.288828E-04,-.001
3.987994,1.907358E-04,3.585834E-04,-.002
3.988995,4.57766E-05,3.967304E-04,6.66667E-04
3.989995,-1.525888E-04,1.831064E-04,-.001
3.990995,-7.629453E-06,1.525888E-04,6.66667E-04
3.991996,2.899189E-04,1.06812E-04,-.002
3.992997,4.119892E-04,7.629453E-06,-.001
3.993997,4.57766E-05,-2.746601E-04,6.66667E-04
3.994998,-1.06812E-04,-3.356952E-04,-.001
3.995998,-3.814721E-05,-3.280658E-04,.001
3.996999,8.392381E-05,-5.340599E-05,.001
3.997999,5.645789E-04,3.12807E-04,.001
3.999,4.88285E-04,5.950965E-04,-.002
4,2.670307E-04,4.577655E-04,6.66667E-04
