"c:\users\esrlabn1\desktop\bence\ir_spectroscopy\532nm_odmr\magnet_map_2_680nm\411.dat  ---  04-28-2026 06:42:38"
""
"cavityli 20 2 4 2000 1 0 0"
"                             ;                             ;seth_xesr_precise 195.09 1 0 1.5215264187866921"
"setlockin 188.67 0.004 0 0.03 0.2"
4,2000
2,1.525888E-04,1.525891E-05,.001
2.001,-1.449594E-04,2.670307E-04,6.66667E-04
2.002001,0,4.196186E-04,-.001
2.003001,3.051781E-05,2.517719E-04,.001
2.004002,9.15532E-05,7.629453E-06,.001
2.005002,2.28883E-05,1.3733E-04,-.002
2.006003,-1.297006E-04,-3.814721E-05,-6.66667E-04
2.007004,0,0,-6.66667E-04
2.008004,-1.678476E-04,7.629441E-05,-6.66667E-04
2.009005,-6.103562E-05,7.629441E-05,-.001
2.010005,-6.103562E-05,1.144414E-04,-.002
2.011005,-6.866502E-05,1.525888E-04,-6.66667E-04
2.012006,-2.594013E-04,4.806537E-04,6.66667E-04
2.013006,-2.746601E-04,3.50954E-04,.002
2.014007,-4.501361E-04,3.585834E-04,.001
2.015007,-3.967304E-04,3.356952E-04,-.001
2.016008,-4.27248E-04,2.899189E-04,-6.66667E-04
2.017009,-2.746601E-04,1.602182E-04,-2.33333E-03
2.018009,9.918259E-05,2.28883E-05,-6.66667E-04
2.01901,1.220712E-04,3.204364E-04,-.002
2.02001,1.220712E-04,4.730243E-04,6.66667E-04
2.02101,-1.525891E-05,3.051776E-04,.001
2.022011,1.525891E-05,3.356952E-04,.001
2.023011,0,3.738422E-04,-6.66667E-04
2.024012,3.12807E-04,3.12807E-04,.002
2.025012,1.449594E-04,3.356952E-04,-.002
2.026013,-4.57766E-05,2.594013E-04,-.002
2.027014,-7.629453E-06,2.288828E-04,-6.66667E-04
2.028014,-2.212534E-04,1.75477E-04,-.002
2.029015,-2.28883E-05,3.280658E-04,-.002
2.030015,1.525888E-04,4.196186E-04,6.66667E-04
2.031015,-6.103562E-05,2.594013E-04,-6.66667E-04
2.032016,-3.280658E-04,1.06812E-04,.001
2.033016,-6.63761E-04,-7.629441E-05,-6.66667E-04
2.034017,-2.670307E-04,-2.441425E-04,-.002
2.035017,-7.629453E-06,-2.975482E-04,-6.66667E-04
2.036018,4.57766E-05,-2.13624E-04,.001
2.037019,-1.525888E-04,-1.3733E-04,-6.66667E-04
2.038019,1.220712E-04,4.57766E-05,-.001
2.03902,1.75477E-04,1.983652E-04,-6.66667E-04
2.04002,0,-4.57766E-05,-.001
2.04102,2.899189E-04,-9.15532E-05,6.66667E-04
2.042021,3.433246E-04,9.918259E-05,-6.66667E-04
2.043021,2.822895E-04,1.525888E-04,-6.66667E-04
2.044022,2.28883E-05,0,-6.66667E-04
2.045022,-1.525891E-05,-7.629453E-06,-6.66667E-04
2.046023,1.907358E-04,9.918259E-05,-.001
2.047024,1.06812E-04,6.103562E-05,-2.33333E-03
2.048024,-7.629453E-06,1.06812E-04,-3.66667E-03
2.049025,1.449594E-04,1.3733E-04,-3.66667E-03
2.050025,-5.340599E-05,2.13624E-04,-.001
2.051026,-1.3733E-04,1.144414E-04,-6.66667E-04
2.052026,-6.103562E-05,-2.517719E-04,-.002
2.053026,-2.670307E-04,-5.416907E-04,6.66667E-04
2.054027,-4.043598E-04,-1.220712E-04,-.001
2.055027,-5.798377E-04,1.06812E-04,-6.66667E-04
2.056028,-1.297006E-04,-7.629441E-05,-6.66667E-04
2.057029,1.678476E-04,6.866502E-05,-.002
2.058029,2.670307E-04,-9.15532E-05,-6.66667E-04
2.05903,9.918259E-05,-2.822895E-04,-.001
2.06003,5.340599E-05,-9.15532E-05,-2.33333E-03
2.061031,-2.13624E-04,-3.814721E-05,-6.66667E-04
2.062031,-1.144414E-04,-1.602182E-04,-6.66667E-04
2.063031,-1.144414E-04,-2.517719E-04,-.002
2.064032,3.051781E-05,-3.356952E-04,-.002
2.065032,1.525888E-04,-2.517719E-04,-.002
2.066033,-2.28883E-05,-3.356952E-04,-.001
2.067034,-6.866502E-05,-6.103562E-05,-.001
2.068034,6.103562E-05,1.831064E-04,-6.66667E-04
2.069035,-3.814721E-05,2.517719E-04,-6.66667E-04
2.070035,0,3.662128E-04,-.002
2.071036,8.392381E-05,2.670307E-04,.002
2.072036,5.340599E-05,-7.629453E-06,-.002
2.073036,2.059946E-04,-5.340599E-05,.001
2.074037,2.13624E-04,1.220712E-04,6.66667E-04
2.075037,2.441425E-04,1.525888E-04,-.001
2.076038,-1.449594E-04,2.822895E-04,-.001
2.077039,-4.043598E-04,2.365122E-04,-6.66667E-04
2.078039,-5.340613E-04,-6.866502E-05,-.001
2.07904,-3.89101E-04,1.602182E-04,-6.66667E-04
2.08004,-1.06812E-04,3.204364E-04,6.66667E-04
2.081041,-1.602182E-04,3.433246E-04,-6.66667E-04
2.082041,9.918259E-05,2.059946E-04,-.001
2.083041,2.517719E-04,1.602182E-04,-.001
2.084042,3.051776E-04,1.449594E-04,6.66667E-04
2.085042,2.13624E-04,3.814721E-05,-.001
2.086043,-2.28883E-05,-2.822895E-04,-.002
2.087044,-3.204364E-04,-2.13624E-04,6.66667E-04
2.088044,-3.738422E-04,-2.13624E-04,6.66667E-04
2.089045,-6.103562E-05,1.220712E-04,-6.66667E-04
2.090045,-1.3733E-04,1.525891E-05,-.002
2.091046,-1.602182E-04,-3.051776E-04,6.66667E-04
2.092046,-2.288828E-04,-2.746601E-04,-.002
2.093046,-2.13624E-04,-3.433246E-04,-.001
2.094047,-6.103562E-05,-7.629441E-05,-.001
2.095047,3.051781E-05,-1.220712E-04,-6.66667E-04
2.096048,1.525888E-04,-3.12807E-04,.002
2.097049,2.822895E-04,-5.340599E-05,-6.66667E-04
2.098049,1.3733E-04,3.051781E-05,-.002
2.09905,1.3733E-04,-2.594013E-04,-6.66667E-04
2.10005,2.365122E-04,-6.103562E-05,-6.66667E-04
2.101051,9.15532E-05,-1.297006E-04,-6.66667E-04
2.102051,-7.629441E-05,-4.88285E-04,-.001
2.103051,-3.051781E-05,-4.27248E-04,-.002
2.104052,-7.629441E-05,-1.831064E-04,-6.66667E-04
2.105052,-5.340599E-05,-1.678476E-04,.001
2.106053,-1.220712E-04,1.525888E-04,.002
2.107054,-1.525888E-04,-7.629453E-06,.001
2.108054,-2.746601E-04,-2.059946E-04,.001
2.109055,-1.3733E-04,-1.144414E-04,-.001
2.110055,-7.629453E-06,-3.051781E-05,.002
2.111056,1.525888E-04,-1.525891E-05,-6.66667E-04
2.112056,-3.051781E-05,-1.3733E-04,6.66667E-04
2.113056,4.57766E-05,-2.212534E-04,6.66667E-04
2.114057,7.629441E-05,6.866502E-05,-.001
2.115057,2.13624E-04,1.144414E-04,-2.33333E-03
2.116058,2.13624E-04,-1.678476E-04,-6.66667E-04
2.117059,-1.678476E-04,-2.288828E-04,-.001
2.118059,-2.13624E-04,-8.392381E-05,6.66667E-04
2.11906,-2.13624E-04,2.441425E-04,-.001
2.12006,-8.392381E-05,1.75477E-04,6.66667E-04
2.121061,-1.3733E-04,3.814721E-05,-.002
2.122061,7.629453E-06,2.365122E-04,-.001
2.123062,6.866502E-05,9.15532E-05,.001
2.124062,-3.051781E-05,3.051781E-05,6.66667E-04
2.125062,-1.907358E-04,2.899189E-04,-3.66667E-03
2.126063,-1.06812E-04,3.662128E-04,-6.66667E-04
2.127064,-1.06812E-04,-1.06812E-04,-.001
2.128064,-1.602182E-04,-2.212534E-04,-.001
2.129065,-4.27248E-04,-2.441425E-04,.002
2.130065,-3.814716E-04,-4.043598E-04,6.66667E-04
2.131066,-3.738422E-04,-3.967304E-04,6.66667E-04
2.132066,-5.340599E-05,-1.678476E-04,.001
2.133067,-3.051781E-05,-4.57766E-05,-.002
2.134067,-2.212534E-04,4.57766E-05,-6.66667E-04
2.135067,-2.28883E-05,4.730243E-04,-.002
2.136068,5.340599E-05,7.553138E-04,6.66667E-04
2.137069,-2.441425E-04,4.88285E-04,.001
2.138069,-2.670307E-04,5.722083E-04,6.66667E-04
2.13907,-3.433246E-04,2.517719E-04,-6.66667E-04
2.14007,-1.06812E-04,-2.746601E-04,-.001
2.141071,-2.13624E-04,-2.517719E-04,.001
2.142071,-1.678476E-04,-7.629441E-05,-.001
2.143072,2.28883E-05,-7.629441E-05,.001
2.144072,1.3733E-04,9.15532E-05,-.002
2.145072,-1.525891E-05,6.103562E-05,.001
2.146073,-5.340599E-05,7.629453E-06,-.001
2.147074,5.340599E-05,-5.340599E-05,-.001
2.148074,-2.13624E-04,-6.103562E-05,-.001
2.149075,-6.866502E-05,-5.340599E-05,-.001
2.150075,-6.866502E-05,-3.051781E-05,6.66667E-04
2.151076,-1.602182E-04,2.441425E-04,-.002
2.152076,-3.051781E-05,2.822895E-04,-.001
2.153077,2.365122E-04,4.196186E-04,.001
2.154077,1.220712E-04,7.247962E-04,-.001
2.155077,-5.340599E-05,4.27248E-04,-.001
2.156078,-2.670307E-04,4.27248E-04,-2.33333E-03
2.157079,-3.051776E-04,5.264319E-04,6.66667E-04
2.158079,2.594013E-04,3.433246E-04,-6.66667E-04
2.15908,3.662128E-04,4.57766E-05,2.33333E-03
2.16008,7.095374E-04,-1.602182E-04,.001
2.161081,6.332435E-04,-3.356952E-04,-6.66667E-04
2.162081,3.356952E-04,-5.340599E-05,-.002
2.163082,1.144414E-04,-7.629453E-06,-.001
2.164082,2.670307E-04,7.629453E-06,6.66667E-04
2.165082,5.874671E-04,-6.866502E-05,6.66667E-04
2.166083,4.043598E-04,-4.196186E-04,-.002
2.167084,2.288828E-04,-5.340599E-05,-.001
2.168084,9.918259E-05,-2.975482E-04,-3.66667E-03
2.169085,-1.3733E-04,-3.051776E-04,-.002
2.170085,-1.06812E-04,9.918259E-05,-.001
2.171086,-2.517719E-04,9.918259E-05,6.66667E-04
2.172086,-3.814716E-04,-1.3733E-04,.001
2.173087,-1.144414E-04,-1.449594E-04,.001
2.174087,-3.051776E-04,-2.13624E-04,-6.66667E-04
2.175087,-3.12807E-04,-5.874671E-04,-.001
2.176088,-2.594013E-04,-4.88285E-04,-6.66667E-04
2.177088,7.629441E-05,-4.425067E-04,6.66667E-04
2.178089,1.06812E-04,-4.959144E-04,-.002
2.17909,2.975482E-04,-5.188026E-04,-2.33333E-03
2.18009,3.738422E-04,-2.746601E-04,-.001
2.181091,2.13624E-04,-1.525888E-04,-6.66667E-04
2.182091,2.441425E-04,5.340599E-05,-.002
2.183092,2.441425E-04,2.28883E-05,-.002
2.184092,3.967304E-04,-9.15532E-05,.001
2.185092,2.059946E-04,2.13624E-04,-.001
2.186093,1.220712E-04,1.525888E-04,-.001
2.187093,1.144414E-04,-3.662128E-04,.001
2.188094,9.918259E-05,-4.348774E-04,-.001
2.189095,1.144414E-04,-1.75477E-04,-.004
2.190095,2.670307E-04,-1.525891E-05,6.66667E-04
2.191096,2.441425E-04,3.051781E-05,-.001
2.192096,-5.340599E-05,1.220712E-04,-.002
2.193097,-2.13624E-04,1.525888E-04,6.66667E-04
2.194097,-9.918259E-05,-3.204364E-04,-.001
2.195097,4.57766E-05,-2.899189E-04,2.33333E-03
2.196098,-2.441425E-04,2.594013E-04,6.66667E-04
2.197098,-9.15532E-05,3.204364E-04,6.66667E-04
2.198099,-4.348774E-04,1.983652E-04,-.002
2.1991,-2.899189E-04,3.738422E-04,-6.66667E-04
2.2001,-4.57766E-05,2.746601E-04,-.001
2.201101,2.13624E-04,2.899189E-04,.001
2.202101,1.06812E-04,4.57766E-05,-.002
2.203102,9.918259E-05,-1.525891E-05,-.002
2.204102,3.356952E-04,-1.3733E-04,-.002
2.205102,3.585834E-04,-1.983652E-04,6.66667E-04
2.206103,1.831064E-04,-7.629441E-05,-.002
2.207103,-2.975482E-04,3.50954E-04,6.66667E-04
2.208104,-7.629441E-05,3.50954E-04,-.002
2.209105,-1.06812E-04,4.501361E-04,.002
2.210105,-2.975482E-04,1.831064E-04,.001
2.211106,-2.670307E-04,-3.50954E-04,-.001
2.212106,-3.814721E-05,-3.204364E-04,-.002
2.213107,6.103562E-05,4.57766E-05,-.001
2.214107,2.517719E-04,-4.119892E-04,-6.66667E-04
2.215107,5.264319E-04,-6.713904E-04,.001
2.216108,3.585834E-04,-4.577655E-04,-6.66667E-04
2.217108,2.899189E-04,-3.433246E-04,-6.66667E-04
2.218109,1.678476E-04,-4.043598E-04,6.66667E-04
2.21911,9.918259E-05,-4.27248E-04,-.001
2.22011,-1.907358E-04,-2.365122E-04,-6.66667E-04
2.221111,-5.874671E-04,6.866502E-05,6.66667E-04
2.222111,-2.822895E-04,9.918259E-05,6.66667E-04
2.223112,1.525891E-05,3.814721E-05,-.002
2.224112,0,-9.918259E-05,.001
2.225112,2.670307E-04,-4.043598E-04,6.66667E-04
2.226113,2.670307E-04,-2.975482E-04,.001
2.227113,7.629453E-06,-4.119892E-04,6.66667E-04
2.228114,-2.28883E-05,-3.738422E-04,-6.66667E-04
2.229115,1.220712E-04,-2.975482E-04,-.002
2.230115,1.449594E-04,1.525891E-05,-.004
2.231116,9.15532E-05,7.629441E-05,.001
2.232116,2.288828E-04,2.441425E-04,-2.33333E-03
2.233117,1.602182E-04,4.57766E-05,-6.66667E-04
2.234117,1.602182E-04,9.15532E-05,-6.66667E-04
2.235118,-2.746601E-04,-5.340599E-05,-.002
2.236118,-3.89101E-04,-3.051781E-05,-6.66667E-04
2.237118,-1.220712E-04,-6.103562E-05,-6.66667E-04
2.238119,-7.629453E-06,-3.12807E-04,-.001
2.23912,1.525888E-04,-4.425067E-04,-.001
2.24012,7.629441E-05,-4.806537E-04,-.002
2.241121,0,-1.831064E-04,-.001
2.242121,-6.103562E-05,1.220712E-04,-2.33333E-03
2.243122,-4.043598E-04,4.577655E-04,-6.66667E-04
2.244122,-1.3733E-04,5.340599E-05,-.001
2.245123,-9.15532E-05,-9.15532E-05,6.66667E-04
2.246123,-1.602182E-04,-9.15532E-05,-6.66667E-04
2.247123,-2.746601E-04,3.814721E-05,6.66667E-04
2.248124,-8.392381E-05,-5.340599E-05,6.66667E-04
2.249125,-3.50954E-04,-3.433246E-04,6.66667E-04
2.250125,-2.441425E-04,-2.365122E-04,6.66667E-04
2.251126,-1.75477E-04,-1.678476E-04,-.001
2.252126,4.57766E-05,0,-.001
2.253127,-1.525888E-04,-2.899189E-04,-6.66667E-04
2.254127,1.144414E-04,-2.746601E-04,-.001
2.255128,2.365122E-04,3.051781E-05,.001
2.256128,3.814716E-04,0,-.002
2.257128,3.356952E-04,7.629453E-06,-.001
2.258129,1.297006E-04,5.111732E-04,-6.66667E-04
2.25913,1.678476E-04,5.188026E-04,-6.66667E-04
2.26013,1.06812E-04,6.103553E-04,-.001
2.261131,-1.907358E-04,4.27248E-04,-.001
2.262131,-2.441425E-04,4.57766E-05,-6.66667E-04
2.263132,-1.06812E-04,-1.449594E-04,-.001
2.264132,-2.441425E-04,-2.28883E-05,-6.66667E-04
2.265133,-2.670307E-04,-1.06812E-04,.002
2.266133,-4.577655E-04,-1.220712E-04,6.66667E-04
2.267133,-5.645789E-04,-3.204364E-04,6.66667E-04
2.268134,-3.280658E-04,-2.746601E-04,-.001
2.269135,-3.12807E-04,-1.678476E-04,-.001
2.270135,-6.866502E-05,-7.629441E-05,-6.66667E-04
2.271136,1.525888E-04,1.678476E-04,-6.66667E-04
2.272136,4.043598E-04,-9.15532E-05,-.001
2.273137,3.12807E-04,-2.975482E-04,-.001
2.274137,3.814721E-05,-1.75477E-04,6.66667E-04
2.275138,-1.678476E-04,1.297006E-04,6.66667E-04
2.276138,-9.918259E-05,5.340599E-05,.001
2.277139,1.983652E-04,1.297006E-04,-6.66667E-04
2.278139,3.051781E-05,1.449594E-04,.001
2.27914,1.831064E-04,-2.212534E-04,.001
2.28014,3.280658E-04,-2.746601E-04,-6.66667E-04
2.281141,4.57766E-05,-2.441425E-04,-6.66667E-04
2.282141,-2.059946E-04,-1.449594E-04,-6.66667E-04
2.283142,-7.629453E-06,2.059946E-04,-6.66667E-04
2.284142,2.517719E-04,2.059946E-04,6.66667E-04
2.285143,1.449594E-04,4.27248E-04,-6.66667E-04
2.286143,-3.051781E-05,1.983652E-04,-6.66667E-04
2.287144,2.441425E-04,-1.525891E-05,-.001
2.288144,4.57766E-05,-6.103562E-05,-.002
2.289145,-6.866502E-05,-1.831064E-04,-3.66667E-03
2.290145,-6.408729E-04,-1.297006E-04,.001
2.291146,-6.027259E-04,-3.433246E-04,.002
2.292146,-3.12807E-04,-3.12807E-04,-.001
2.293147,-3.738422E-04,-2.670307E-04,-6.66667E-04
2.294147,-3.738422E-04,-2.594013E-04,6.66667E-04
2.295148,-1.602182E-04,-1.525891E-05,6.66667E-04
2.296148,-6.866502E-05,2.13624E-04,-.001
2.297149,-7.629441E-05,-1.297006E-04,-2.33333E-03
2.298149,-3.204364E-04,-4.425067E-04,-.002
2.29915,-5.340599E-05,-2.441425E-04,-.001
2.30015,2.594013E-04,-1.983652E-04,.001
2.301151,1.297006E-04,-2.517719E-04,-.002
2.302151,1.297006E-04,-5.264319E-04,-.002
2.303152,8.392381E-05,-6.561317E-04,-.002
2.304152,2.13624E-04,-6.103553E-04,6.66667E-04
2.305153,4.348774E-04,-5.188026E-04,.002
2.306153,4.348774E-04,-1.144414E-04,-.001
2.307154,2.441425E-04,2.288828E-04,6.66667E-04
2.308154,-6.103562E-05,9.15532E-05,-.001
2.309155,-1.75477E-04,1.449594E-04,-6.66667E-04
2.310155,-1.602182E-04,1.144414E-04,-.002
2.311156,4.57766E-05,-3.051781E-05,6.66667E-04
2.312156,3.814721E-05,9.918259E-05,-.001
2.313157,0,3.738422E-04,-.001
2.314157,-1.144414E-04,2.670307E-04,-.001
2.315158,-4.806537E-04,3.50954E-04,-6.66667E-04
2.316158,-5.188026E-04,-7.629441E-05,-6.66667E-04
2.317159,-1.907358E-04,-4.425067E-04,-6.66667E-04
2.318159,-2.670307E-04,-7.171668E-04,-6.66667E-04
2.31916,-5.493201E-04,-3.662128E-04,-6.66667E-04
2.32016,-3.204364E-04,-1.144414E-04,.001
2.321161,-5.035438E-04,-2.975482E-04,-.001
2.322161,-6.027259E-04,-5.874671E-04,-6.66667E-04
2.323162,-4.806537E-04,-3.814716E-04,6.66667E-04
2.324162,-2.212534E-04,-1.831064E-04,-6.66667E-04
2.325163,1.06812E-04,-1.06812E-04,-.001
2.326163,2.059946E-04,-1.06812E-04,-6.66667E-04
2.327164,3.280658E-04,-1.525888E-04,6.66667E-04
2.328164,2.28883E-05,-3.50954E-04,-6.66667E-04
2.329165,-7.40055E-04,-4.425067E-04,6.66667E-04
2.330165,-9.994581E-04,-2.746601E-04,.002
2.331166,-5.722083E-04,-2.365122E-04,.001
2.332166,-3.50954E-04,-2.594013E-04,-6.66667E-04
2.333167,-4.196186E-04,-5.340599E-05,.002
2.334167,-5.874671E-04,2.441425E-04,.001
2.335168,-3.814716E-04,1.602182E-04,-.002
2.336168,-2.746601E-04,3.814721E-05,6.66667E-04
2.337169,-3.967304E-04,-5.340599E-05,2.33333E-03
2.338169,-1.907358E-04,-5.340599E-05,.001
2.33917,-1.3733E-04,-6.63761E-04,-6.66667E-04
2.34017,1.06812E-04,-8.316077E-04,-.002
2.341171,1.602182E-04,-5.950965E-04,2.33333E-03
2.342171,-2.212534E-04,-4.806537E-04,-6.66667E-04
2.343172,-1.983652E-04,-4.501361E-04,6.66667E-04
2.344172,-3.280658E-04,-1.602182E-04,.001
2.345173,-1.525891E-05,-9.918259E-05,6.66667E-04
2.346173,2.899189E-04,-3.051781E-05,-.002
2.347174,4.196186E-04,0,6.66667E-04
2.348174,1.525888E-04,-7.629453E-06,6.66667E-04
2.349174,2.13624E-04,0,6.66667E-04
2.350175,9.15532E-05,6.103562E-05,-6.66667E-04
2.351176,1.525888E-04,6.103562E-05,-6.66667E-04
2.352176,-3.051781E-05,9.15532E-05,-.001
2.353177,-1.602182E-04,8.392381E-05,-.001
2.354177,-7.629453E-06,1.678476E-04,.001
2.355178,1.983652E-04,3.204364E-04,6.66667E-04
2.356178,1.525888E-04,1.983652E-04,6.66667E-04
2.357179,5.340599E-05,3.356952E-04,2.33333E-03
2.358179,2.28883E-05,6.485023E-04,6.66667E-04
2.359179,1.525888E-04,6.179847E-04,6.66667E-04
2.36018,9.15532E-05,4.196186E-04,6.66667E-04
2.361181,3.814721E-05,2.670307E-04,-6.66667E-04
2.362181,-1.75477E-04,4.196186E-04,6.66667E-04
2.363182,-2.975482E-04,2.746601E-04,.001
2.364182,-4.806537E-04,-1.449594E-04,.002
2.365183,-6.866492E-04,-1.907358E-04,-6.66667E-04
2.366183,-2.670307E-04,-3.12807E-04,-3.66667E-03
2.367184,-4.119892E-04,-2.059946E-04,-2.33333E-03
2.368184,-9.231605E-04,3.814721E-05,-.002
2.369184,-1.792915E-03,-9.918259E-05,.001
2.370185,-2.464309E-03,-1.602182E-04,-6.66667E-04
2.371186,-3.730789E-03,1.144414E-04,-6.66667E-04
2.372186,-5.508453E-03,4.57766E-05,-6.66667E-04
2.373187,-7.04959E-03,2.288828E-04,6.66667E-04
2.374187,-8.766234E-03,2.594013E-04,-6.66667E-04
2.375188,-1.129156E-02,1.907358E-04,-6.66667E-04
2.376188,-1.512152E-02,-7.629441E-05,-6.66667E-04
2.377189,-1.934063E-02,6.866502E-05,-6.66667E-04
2.378189,-2.272046E-02,-2.670307E-04,.001
2.379189,-.0248872,-5.111732E-04,3.66667E-03
2.38019,-2.574933E-02,-3.814716E-04,2.33333E-03
2.381191,-2.567303E-02,-6.332435E-04,-6.66667E-04
2.382191,-2.401745E-02,-7.78202E-04,-6.66667E-04
2.383192,-.020836,-8.850135E-04,-.002
2.384192,-1.783001E-02,-4.348774E-04,-6.66667E-04
2.385193,-1.474005E-02,-1.75477E-04,.001
2.386193,-1.111609E-02,-6.103562E-05,-2.33333E-03
2.387194,-8.140624E-03,4.57766E-05,.001
2.388194,-6.095916E-03,-7.629453E-06,-.001
2.389194,-4.806548E-03,2.212534E-04,-6.66667E-04
2.390195,-3.631607E-03,2.594013E-04,-.002
2.391196,-2.563491E-03,3.433246E-04,-.001
2.392196,-1.869209E-03,5.111732E-04,-3.66667E-03
2.393197,-1.205452E-03,2.975482E-04,6.66667E-04
2.394197,-8.773841E-04,3.738422E-04,-6.66667E-04
2.395198,-4.806537E-04,2.517719E-04,-.002
2.396198,-5.264319E-04,-2.212534E-04,6.66667E-04
2.397199,-5.111732E-04,0,-.002
2.398199,-4.806537E-04,-1.75477E-04,.001
2.399199,-4.653949E-04,-2.365122E-04,-.002
2.4002,-4.959144E-04,9.918259E-05,6.66667E-04
2.401201,-4.806537E-04,4.57766E-05,-6.66667E-04
2.402201,-7.247962E-04,3.051776E-04,6.66667E-04
2.403202,-6.485023E-04,3.50954E-04,-.001
2.404202,-2.594013E-04,1.06812E-04,6.66667E-04
2.405203,-2.899189E-04,-9.918259E-05,-.001
2.406203,-3.204364E-04,-7.629441E-05,.001
2.407204,-4.959144E-04,3.433246E-04,-6.66667E-04
2.408204,-5.569495E-04,5.798377E-04,-2.33333E-03
2.409204,-6.561317E-04,1.525888E-04,-.001
2.410205,-8.163489E-04,-3.051781E-05,.002
2.411206,-8.239783E-04,6.103562E-05,-6.66667E-04
2.412206,-6.790198E-04,2.13624E-04,-6.66667E-04
2.413207,-4.806537E-04,2.746601E-04,-2.33333E-03
2.414207,-4.27248E-04,1.525891E-05,-.001
2.415208,-4.043598E-04,-3.204364E-04,.001
2.416208,-2.670307E-04,0,-.001
2.417209,1.297006E-04,1.907358E-04,-.002
2.418209,3.662128E-04,2.441425E-04,-2.33333E-03
2.41921,2.746601E-04,0,-6.66667E-04
2.42021,1.525888E-04,-6.866502E-05,6.66667E-04
2.421211,1.75477E-04,-2.212534E-04,.001
2.422211,2.670307E-04,1.525891E-05,-.001
2.423212,3.204364E-04,-2.670307E-04,-.001
2.424212,-9.918259E-05,-5.798377E-04,-6.66667E-04
2.425213,-1.75477E-04,-3.585834E-04,6.66667E-04
2.426213,-8.392381E-05,-1.06812E-04,-.001
2.427214,-2.28883E-05,-4.043598E-04,-.001
2.428214,-2.670307E-04,-4.501361E-04,.001
2.429215,-2.13624E-04,-6.027259E-04,-.001
2.430215,-1.449594E-04,-4.27248E-04,-.002
2.431216,-6.866502E-05,-1.983652E-04,6.66667E-04
2.432216,-2.13624E-04,-2.899189E-04,-2.33333E-03
2.433217,-1.3733E-04,-2.670307E-04,-6.66667E-04
2.434217,1.3733E-04,-5.340599E-05,6.66667E-04
2.435218,-5.340599E-05,-4.57766E-05,-.001
2.436218,-3.12807E-04,4.57766E-05,-.001
2.437219,-6.027259E-04,4.27248E-04,-.001
2.438219,-9.002723E-04,3.585834E-04,-.001
2.43922,-7.40055E-04,4.27248E-04,2.33333E-03
2.44022,-1.831064E-04,3.89101E-04,6.66667E-04
2.441221,2.28883E-05,1.220712E-04,-.001
2.442221,0,4.57766E-05,6.66667E-04
2.443222,-6.866502E-05,3.12807E-04,6.66667E-04
2.444222,-3.585834E-04,3.662128E-04,-.002
2.445223,-4.806537E-04,5.340599E-05,-.002
2.446223,-4.806537E-04,1.449594E-04,6.66667E-04
2.447224,-4.27248E-04,3.50954E-04,-6.66667E-04
2.448224,-5.340599E-05,1.220712E-04,6.66667E-04
2.449225,-1.3733E-04,2.746601E-04,-6.66667E-04
2.450225,-9.15532E-05,2.517719E-04,-6.66667E-04
2.451226,3.280658E-04,-1.525891E-05,-2.33333E-03
2.452226,2.28883E-05,1.75477E-04,-.002
2.453227,-6.790198E-04,1.907358E-04,-.001
2.454227,-6.790198E-04,-1.602182E-04,6.66667E-04
2.455228,-5.264319E-04,-2.822895E-04,.001
2.456228,-4.88285E-04,-3.204364E-04,6.66667E-04
2.457229,-4.959144E-04,-3.585834E-04,-6.66667E-04
2.458229,-3.585834E-04,-2.288828E-04,6.66667E-04
2.45923,-1.3733E-04,6.866502E-05,6.66667E-04
2.46023,-4.043598E-04,2.365122E-04,-6.66667E-04
2.461231,-2.13624E-04,1.449594E-04,-6.66667E-04
2.462231,-1.06812E-04,9.918259E-05,-.002
2.463232,-3.356952E-04,-2.13624E-04,-6.66667E-04
2.464232,-2.288828E-04,-2.365122E-04,.001
2.465233,-3.585834E-04,-3.814716E-04,.001
2.466233,-1.678476E-04,-2.746601E-04,-6.66667E-04
2.467234,8.392381E-05,-2.288828E-04,6.66667E-04
2.468234,1.525888E-04,-2.594013E-04,-6.66667E-04
2.469235,-2.288828E-04,-1.06812E-04,-2.33333E-03
2.470235,-2.212534E-04,1.525891E-05,-6.66667E-04
2.471236,-1.602182E-04,-5.340599E-05,-.002
2.472236,-1.678476E-04,1.06812E-04,6.66667E-04
2.473237,-1.678476E-04,7.629441E-05,-.002
2.474237,0,0,-6.66667E-04
2.475238,2.13624E-04,-1.297006E-04,-6.66667E-04
2.476238,2.212534E-04,-1.907358E-04,-.002
2.477239,7.629441E-05,-2.212534E-04,-.002
2.478239,-1.297006E-04,-1.06812E-04,.001
2.47924,-1.220712E-04,5.340599E-05,.001
2.48024,-3.12807E-04,-3.280658E-04,-2.33333E-03
2.481241,-3.814721E-05,-1.831064E-04,.001
2.482241,1.983652E-04,-4.196186E-04,6.66667E-04
2.483242,-3.051781E-05,-6.561317E-04,-.002
2.484242,1.525888E-04,-3.12807E-04,-.001
2.485243,4.959144E-04,1.06812E-04,6.66667E-04
2.486243,4.043598E-04,1.525888E-04,.001
2.487244,2.365122E-04,1.75477E-04,-.001
2.488244,6.103562E-05,1.297006E-04,-6.66667E-04
2.489245,3.051781E-05,2.365122E-04,.001
2.490245,-1.983652E-04,-3.814721E-05,6.66667E-04
2.491246,-5.340599E-05,3.051781E-05,.001
2.492246,1.525888E-04,-1.525888E-04,.001
2.493247,2.594013E-04,-1.678476E-04,-6.66667E-04
2.494247,1.144414E-04,-1.06812E-04,-.001
2.495248,1.220712E-04,-3.814721E-05,-.001
2.496248,3.204364E-04,-9.15532E-05,-.001
2.497249,1.3733E-04,-9.918259E-05,-6.66667E-04
2.498249,-1.06812E-04,-7.553138E-04,-2.33333E-03
2.49925,-1.525891E-05,-7.934608E-04,-.001
2.50025,1.678476E-04,-3.356952E-04,6.66667E-04
2.501251,1.907358E-04,-1.983652E-04,6.66667E-04
2.502251,-2.441425E-04,-2.746601E-04,.002
2.503252,-3.204364E-04,2.212534E-04,.001
2.504252,-1.144414E-04,1.06812E-04,6.66667E-04
2.505253,1.525891E-05,1.602182E-04,-.001
2.506253,-8.392381E-05,6.866502E-05,-.002
2.507254,-9.15532E-05,9.918259E-05,-.001
2.508254,1.06812E-04,9.15532E-05,-.001
2.509255,1.06812E-04,2.28883E-05,-.001
2.510255,2.059946E-04,-1.831064E-04,-.001
2.511256,1.3733E-04,7.629441E-05,-6.66667E-04
2.512256,0,1.907358E-04,6.66667E-04
2.513257,-3.356952E-04,2.899189E-04,-2.33333E-03
2.514257,-1.907358E-04,3.12807E-04,.002
2.515258,9.918259E-05,1.525888E-04,.002
2.516258,7.629453E-06,-5.340599E-05,-6.66667E-04
2.517259,-2.059946E-04,-3.89101E-04,.002
2.518259,-3.738422E-04,-3.204364E-04,6.66667E-04
2.51926,-6.866502E-05,-1.907358E-04,6.66667E-04
2.52026,8.392381E-05,3.12807E-04,-.002
2.521261,4.57766E-05,3.356952E-04,-.001
2.522261,-9.15532E-05,1.602182E-04,6.66667E-04
2.523262,-1.525888E-04,9.15532E-05,-6.66667E-04
2.524262,0,1.678476E-04,-.001
2.525263,-1.144414E-04,-7.629441E-05,-.002
2.526263,-1.678476E-04,-1.602182E-04,-.001
2.527264,-2.899189E-04,1.525891E-05,6.66667E-04
2.528264,-5.340599E-05,2.288828E-04,-.001
2.529265,1.449594E-04,5.264319E-04,-.001
2.530265,9.918259E-05,5.493201E-04,-6.66667E-04
2.531266,-2.288828E-04,1.602182E-04,-6.66667E-04
2.532266,-2.670307E-04,-7.629441E-05,-2.33333E-03
2.533267,-1.144414E-04,3.662128E-04,6.66667E-04
2.534267,-1.220712E-04,7.01908E-04,6.66667E-04
2.535268,-2.288828E-04,4.806537E-04,-.001
2.536268,-1.525891E-05,2.13624E-04,6.66667E-04
2.537269,2.059946E-04,3.50954E-04,6.66667E-04
2.538269,-5.340599E-05,2.746601E-04,-.002
2.53927,4.57766E-05,0,-.002
2.54027,3.814721E-05,2.365122E-04,-6.66667E-04
2.541271,-3.051781E-05,2.365122E-04,-.001
2.542271,1.06812E-04,3.738422E-04,-.002
2.543272,-1.907358E-04,-8.392381E-05,-.001
2.544272,-1.220712E-04,-1.75477E-04,-.001
2.545273,2.28883E-05,-1.06812E-04,-.001
2.546273,-8.392381E-05,-3.204364E-04,-.002
2.547274,-8.392381E-05,-2.975482E-04,-.001
2.548274,-2.288828E-04,-3.051776E-04,-6.66667E-04
2.549275,-2.28883E-05,-1.297006E-04,-.001
2.550275,8.392381E-05,-2.288828E-04,6.66667E-04
2.551276,2.059946E-04,-2.517719E-04,-6.66667E-04
2.552276,6.103562E-05,-3.967304E-04,-2.33333E-03
2.553277,0,-4.425067E-04,.001
2.554277,-2.517719E-04,-4.425067E-04,-.002
2.555278,-2.28883E-05,-1.525891E-05,-6.66667E-04
2.556278,-3.814721E-05,-1.983652E-04,6.66667E-04
2.557279,-1.678476E-04,-1.144414E-04,-3.66667E-03
2.558279,-8.392381E-05,-6.866502E-05,-.002
2.55928,4.653949E-04,2.059946E-04,-6.66667E-04
2.56028,5.264319E-04,1.06812E-04,2.33333E-03
2.561281,3.356952E-04,-1.449594E-04,-.002
2.562281,4.57766E-05,-4.043598E-04,-6.66667E-04
2.563282,6.103562E-05,-2.822895E-04,-6.66667E-04
2.564282,0,-4.57766E-05,-6.66667E-04
2.565283,-9.918259E-05,9.918259E-05,6.66667E-04
2.566283,-3.051781E-05,1.3733E-04,-6.66667E-04
2.567284,-2.822895E-04,1.220712E-04,.001
2.568284,-7.01908E-04,1.525891E-05,6.66667E-04
2.569285,-5.035438E-04,-2.899189E-04,-2.33333E-03
2.570285,-5.188026E-04,-5.035438E-04,-6.66667E-04
2.571286,-5.950965E-04,-3.50954E-04,6.66667E-04
2.572286,-2.670307E-04,-3.50954E-04,-.001
2.573287,5.340599E-05,-2.28883E-05,-6.66667E-04
2.574287,-1.983652E-04,0,-.001
2.575288,-5.340599E-05,-1.297006E-04,.001
2.576288,1.525888E-04,-5.035438E-04,-6.66667E-04
2.577289,4.57766E-05,-4.88285E-04,-.001
2.578289,1.297006E-04,-2.288828E-04,-6.66667E-04
2.57929,1.678476E-04,-2.441425E-04,-.001
2.58029,1.75477E-04,-1.602182E-04,.001
2.581291,9.918259E-05,-2.288828E-04,.001
2.582291,3.12807E-04,-3.12807E-04,-2.33333E-03
2.583292,1.525888E-04,-1.907358E-04,-6.66667E-04
2.584292,1.75477E-04,-1.220712E-04,.001
2.585293,-5.340599E-05,-4.57766E-05,.001
2.586293,-1.297006E-04,-7.629453E-06,-6.66667E-04
2.587294,-2.441425E-04,2.28883E-05,6.66667E-04
2.588294,-2.13624E-04,4.57766E-05,.001
2.589295,-1.525891E-05,1.525888E-04,.002
2.590295,-1.297006E-04,9.15532E-05,6.66667E-04
2.591296,1.3733E-04,4.57766E-05,-6.66667E-04
2.592296,4.959144E-04,9.918259E-05,-6.66667E-04
2.593297,3.89101E-04,-1.602182E-04,-.002
2.594297,1.220712E-04,-1.907358E-04,6.66667E-04
2.595298,1.831064E-04,-1.3733E-04,-.001
2.596298,1.449594E-04,-4.043598E-04,6.66667E-04
2.597299,-4.119892E-04,-2.746601E-04,6.66667E-04
2.598299,-4.348774E-04,1.983652E-04,-6.66667E-04
2.5993,0,1.06812E-04,.001
2.6003,3.662128E-04,1.983652E-04,-6.66667E-04
2.601301,6.485023E-04,2.13624E-04,-6.66667E-04
2.602301,2.746601E-04,-6.103562E-05,-6.66667E-04
2.603302,-5.340599E-05,2.746601E-04,6.66667E-04
2.604302,4.57766E-05,2.975482E-04,-6.66667E-04
2.605303,6.103562E-05,-1.297006E-04,-.001
2.606303,1.831064E-04,-2.670307E-04,-.002
2.607304,1.602182E-04,-3.433246E-04,-.002
2.608304,1.144414E-04,-1.602182E-04,.001
2.609305,-2.594013E-04,-2.670307E-04,-3.66667E-03
2.610305,-6.866502E-05,3.814721E-05,6.66667E-04
2.611306,-1.831064E-04,2.13624E-04,-3.66667E-03
2.612306,-1.297006E-04,1.75477E-04,6.66667E-04
2.613307,-7.629441E-05,1.75477E-04,-.001
2.614307,-1.678476E-04,-2.28883E-05,6.66667E-04
2.615308,-3.738422E-04,1.449594E-04,-.001
2.616308,-5.416907E-04,-9.15532E-05,-2.33333E-03
2.617309,-1.220712E-04,-2.975482E-04,.001
2.618309,1.525888E-04,1.75477E-04,-3.66667E-03
2.61931,6.103562E-05,-2.28883E-05,6.66667E-04
2.62031,4.653949E-04,-1.75477E-04,-.002
2.621311,1.831064E-04,-2.212534E-04,.002
2.622311,-1.144414E-04,-5.874671E-04,-.002
2.623312,-2.212534E-04,-4.88285E-04,-2.33333E-03
2.624312,4.57766E-05,-2.365122E-04,-6.66667E-04
2.625313,7.629441E-05,-4.806537E-04,-.002
2.626313,-2.059946E-04,-4.730243E-04,6.66667E-04
2.627314,-5.111732E-04,-2.746601E-04,-.002
2.628314,-4.88285E-04,-1.06812E-04,-6.66667E-04
2.629315,-1.983652E-04,1.678476E-04,6.66667E-04
2.630315,-2.441425E-04,3.662128E-04,-6.66667E-04
2.631316,-3.662128E-04,3.12807E-04,6.66667E-04
2.632316,-3.50954E-04,4.653949E-04,-.002
2.633317,1.525891E-05,3.89101E-04,6.66667E-04
2.634317,1.3733E-04,6.179847E-04,-.001
2.635318,2.212534E-04,3.280658E-04,-.001
2.636318,-6.866502E-05,5.111732E-04,.001
2.637319,-1.06812E-04,4.730243E-04,-.002
2.638319,1.678476E-04,3.967304E-04,-.002
2.63932,1.907358E-04,2.517719E-04,-6.66667E-04
2.64032,-3.051781E-05,3.356952E-04,-6.66667E-04
2.641321,-7.629453E-06,4.806537E-04,.001
2.642321,-6.103562E-05,2.059946E-04,-.002
2.643322,-1.06812E-04,-7.629453E-06,-.002
2.644322,1.525888E-04,-6.866502E-05,.001
2.645323,-6.866502E-05,-6.103562E-05,-.002
2.646323,6.866502E-05,3.051781E-05,-.002
2.647324,-4.57766E-05,1.75477E-04,-.001
2.648324,-1.144414E-04,2.365122E-04,-6.66667E-04
2.649325,-1.602182E-04,3.12807E-04,6.66667E-04
2.650325,-4.119892E-04,4.119892E-04,-.001
2.651326,-6.561317E-04,1.3733E-04,6.66667E-04
2.652326,-5.416907E-04,-1.06812E-04,-.002
2.653327,-1.525888E-04,-6.103562E-05,6.66667E-04
2.654327,1.220712E-04,-1.06812E-04,.001
2.655328,2.059946E-04,6.866502E-05,-3.66667E-03
2.656328,3.433246E-04,7.629441E-05,-.001
2.657329,-1.3733E-04,-1.525891E-05,.002
2.658329,-4.57766E-05,9.15532E-05,6.66667E-04
2.65933,-3.89101E-04,6.103562E-05,-3.66667E-03
2.66033,-4.425067E-04,3.814721E-05,.001
2.661331,-6.103562E-05,1.06812E-04,-6.66667E-04
2.662331,3.12807E-04,1.831064E-04,.001
2.663332,2.822895E-04,3.280658E-04,-6.66667E-04
2.664332,4.57766E-05,4.196186E-04,-6.66667E-04
2.665333,-2.822895E-04,-9.15532E-05,-.001
2.666333,1.220712E-04,1.602182E-04,-6.66667E-04
2.667334,-1.06812E-04,1.525888E-04,-6.66667E-04
2.668334,-1.449594E-04,4.577655E-04,-.001
2.669335,-3.585834E-04,5.111732E-04,-.001
2.670335,-4.196186E-04,1.983652E-04,-.001
2.671336,-3.204364E-04,3.814716E-04,-.001
2.672336,-6.256141E-04,5.111732E-04,-.002
2.673337,-4.425067E-04,1.602182E-04,-.001
2.674337,-2.28883E-05,-1.220712E-04,-.001
2.675338,2.212534E-04,-9.918259E-05,-.002
2.676338,2.822895E-04,-2.28883E-05,-6.66667E-04
2.677339,-4.57766E-05,1.983652E-04,-.001
2.678339,-3.50954E-04,3.051781E-05,-.002
2.67934,-8.544959E-04,3.051781E-05,.001
2.68034,-1.060493E-03,2.288828E-04,.001
2.681341,-9.460486E-04,5.493201E-04,-.002
2.682341,-1.113899E-03,7.324256E-04,-6.66667E-04
2.683342,-1.586922E-03,4.653949E-04,-.002
2.684342,-2.090469E-03,6.866502E-05,.001
2.685343,-3.036514E-03,-2.441425E-04,-6.66667E-04
2.686343,-3.707901E-03,-3.356952E-04,6.66667E-04
2.687344,-4.348785E-03,-3.280658E-04,-.002
2.688344,-5.485564E-03,-3.662128E-04,-6.66667E-04
2.689345,-6.401092E-03,-5.188026E-04,-2.33333E-03
2.690345,-6.660491E-03,-4.27248E-04,6.66667E-04
2.691346,-6.210357E-03,-1.602182E-04,-3.66667E-03
2.692346,-5.729705E-03,-2.28883E-05,-.001
2.693347,-5.592376E-03,-8.392381E-05,6.66667E-04
2.694347,-5.233794E-03,-1.831064E-04,-.002
2.695348,-4.814178E-03,4.57766E-05,-6.66667E-04
2.696348,-4.272491E-03,1.297006E-04,-.004
2.697349,-3.761306E-03,-2.365122E-04,-6.66667E-04
2.698349,-2.845779E-03,-3.89101E-04,6.66667E-04
2.69935,-2.044693E-03,-1.525888E-04,-.002
2.70035,-1.739509E-03,3.051776E-04,6.66667E-04
2.701351,-1.266487E-03,0,-6.66667E-04
2.702351,-9.689368E-04,7.629453E-06,.001
2.703352,-8.316077E-04,-1.144414E-04,-.002
2.704352,-3.204364E-04,2.441425E-04,2.33333E-03
2.705353,-8.392371E-04,3.356952E-04,-2.33333E-03
2.706353,-8.239783E-04,2.365122E-04,-.001
2.707354,-5.111732E-04,-2.212534E-04,-6.66667E-04
2.708354,-3.814721E-05,-1.983652E-04,-.001
2.709355,-1.525891E-05,0,-3.66667E-03
2.710355,8.392381E-05,-7.629441E-05,-.001
2.711356,-1.06812E-04,-2.517719E-04,-6.66667E-04
2.712356,-3.433246E-04,-1.06812E-04,-6.66667E-04
2.713357,-2.746601E-04,1.06812E-04,6.66667E-04
2.714357,-2.288828E-04,1.525891E-05,.001
2.715358,-7.629441E-05,5.340599E-05,-6.66667E-04
2.716358,-1.144414E-04,1.75477E-04,-6.66667E-04
2.717359,-3.89101E-04,3.051781E-05,-6.66667E-04
2.718359,-4.196186E-04,-6.866502E-05,-.002
2.71936,-3.738422E-04,-1.525888E-04,2.33333E-03
2.72036,-1.449594E-04,-1.449594E-04,-6.66667E-04
2.721361,4.57766E-05,-3.12807E-04,-6.66667E-04
2.722361,9.15532E-05,-4.577655E-04,-.001
2.723362,-1.678476E-04,-1.602182E-04,6.66667E-04
2.724362,-1.983652E-04,-3.051781E-05,.001
2.725363,-2.212534E-04,1.831064E-04,6.66667E-04
2.726363,-5.493201E-04,3.356952E-04,.001
2.727364,-5.416907E-04,2.822895E-04,-6.66667E-04
2.728364,-7.095374E-04,2.975482E-04,-.002
2.729365,-1.075752E-03,3.662128E-04,-6.66667E-04
2.730365,-9.689368E-04,4.043598E-04,-6.66667E-04
2.731366,-7.40055E-04,4.577655E-04,-.002
2.732366,-4.425067E-04,4.196186E-04,-.001
2.733367,-6.332435E-04,-1.525891E-05,-6.66667E-04
2.734367,-6.866492E-04,8.392381E-05,-2.33333E-03
2.735368,-9.002723E-04,3.662128E-04,-6.66667E-04
2.736368,-3.89101E-04,1.449594E-04,6.66667E-04
2.737369,-1.831064E-04,1.3733E-04,-.001
2.738369,-1.3733E-04,1.983652E-04,.001
2.73937,-6.103562E-05,4.043598E-04,-.001
2.74037,1.144414E-04,4.806537E-04,6.66667E-04
2.741371,1.75477E-04,4.577655E-04,.001
2.742371,9.918259E-05,4.959144E-04,-2.33333E-03
2.743372,-3.051781E-05,3.662128E-04,.002
2.744372,-2.670307E-04,-2.13624E-04,.001
2.745373,-5.950965E-04,-3.967304E-04,-.002
2.746373,-5.722083E-04,-4.425067E-04,.002
2.747374,-5.798377E-04,-3.356952E-04,-.002
2.748374,-4.27248E-04,-5.340613E-04,-.001
2.749375,-3.50954E-04,-3.967304E-04,-.001
2.750375,6.866502E-05,9.918259E-05,-6.66667E-04
2.751376,6.866502E-05,1.3733E-04,-6.66667E-04
2.752376,-1.525891E-05,-1.144414E-04,6.66667E-04
2.753377,-7.629453E-06,-2.288828E-04,-.002
2.754377,-6.103562E-05,-5.340599E-05,-6.66667E-04
2.755378,7.629441E-05,2.670307E-04,-.001
2.756378,3.12807E-04,4.043598E-04,.002
2.757379,6.103562E-05,2.059946E-04,.001
2.758379,-1.525888E-04,-1.449594E-04,-.002
2.75938,-5.188026E-04,-3.814721E-05,-.002
2.76038,-4.119892E-04,7.629441E-05,-6.66667E-04
2.761381,-2.059946E-04,3.12807E-04,6.66667E-04
2.762381,7.629441E-05,1.983652E-04,6.66667E-04
2.763382,-3.814716E-04,-2.365122E-04,-.002
2.764382,-3.204364E-04,-4.196186E-04,-.002
2.765383,-3.051776E-04,-8.392381E-05,6.66667E-04
2.766383,-4.577655E-04,-1.525891E-05,-.001
2.767384,-1.75477E-04,-2.365122E-04,-.002
2.768384,-2.28883E-05,-1.983652E-04,6.66667E-04
2.769385,-1.831064E-04,-2.288828E-04,-.001
2.770385,-1.297006E-04,-9.15532E-05,-.002
2.771386,-2.670307E-04,3.280658E-04,-6.66667E-04
2.772386,-6.179847E-04,3.967304E-04,-6.66667E-04
2.773387,-9.002723E-04,4.196186E-04,-.001
2.774387,-5.645789E-04,2.288828E-04,6.66667E-04
2.775388,-2.365122E-04,-2.288828E-04,-.002
2.776388,-2.975482E-04,-4.577655E-04,-.001
2.777389,-1.3733E-04,-2.441425E-04,6.66667E-04
2.778389,1.602182E-04,-1.983652E-04,-6.66667E-04
2.77939,1.831064E-04,-2.670307E-04,-.001
2.78039,4.57766E-05,-1.449594E-04,-.001
2.781391,-2.746601E-04,-5.340599E-05,.001
2.782391,-5.950965E-04,6.866502E-05,-.001
2.783392,-6.561317E-04,-1.907358E-04,-6.66667E-04
2.784392,-5.874671E-04,-3.585834E-04,-.001
2.785393,-3.356952E-04,-1.3733E-04,.001
2.786393,-2.441425E-04,-7.629441E-05,6.66667E-04
2.787394,-3.051776E-04,-7.629453E-06,-.002
2.788394,-6.561317E-04,-6.866502E-05,-6.66667E-04
2.789395,-8.239783E-04,-2.517719E-04,-6.66667E-04
2.790395,-1.007088E-03,-5.416907E-04,.001
2.791396,-7.553138E-04,-4.043598E-04,-6.66667E-04
2.792396,-7.78202E-04,-5.340599E-05,6.66667E-04
2.793397,-6.103553E-04,-5.340599E-05,-.001
2.794397,-2.746601E-04,7.629453E-06,.001
2.795398,-5.340599E-05,0,-6.66667E-04
2.796398,2.594013E-04,9.15532E-05,-6.66667E-04
2.797399,3.814721E-05,7.629441E-05,-6.66667E-04
2.798399,-2.13624E-04,-1.602182E-04,-.001
2.7994,-1.525888E-04,-2.975482E-04,-6.66667E-04
2.8004,1.06812E-04,-1.602182E-04,.001
2.801401,-1.525891E-05,-1.144414E-04,.002
2.802401,-3.356952E-04,1.831064E-04,-2.33333E-03
2.803402,-6.103553E-04,-5.340599E-05,-.002
2.804402,-5.722083E-04,5.340599E-05,.001
2.805403,-5.722083E-04,1.525888E-04,-6.66667E-04
2.806403,-1.235969E-03,6.866502E-05,-6.66667E-04
2.807404,-2.151504E-03,-1.297006E-04,6.66667E-04
2.808404,-2.792373E-03,-2.594013E-04,6.66667E-04
2.809405,-3.280655E-03,-3.12807E-04,-6.66667E-04
2.810405,-3.471389E-03,-2.670307E-04,-.001
2.811406,-3.776565E-03,-1.144414E-04,-6.66667E-04
2.812406,-4.333526E-03,1.678476E-04,6.66667E-04
2.813407,-5.073577E-03,2.822895E-04,6.66667E-04
2.814407,-5.523711E-03,9.15532E-05,-2.33333E-03
2.815408,-5.889922E-03,1.678476E-04,-6.66667E-04
2.816408,-5.92044E-03,0,-2.33333E-03
2.817409,-5.516082E-03,-4.119892E-04,-.001
2.818409,-4.699737E-03,-3.50954E-04,-.001
2.81941,-4.463226E-03,-1.983652E-04,-6.66667E-04
2.82041,-4.40219E-03,9.15532E-05,-2.33333E-03
2.821411,-3.891006E-03,0,-.001
2.822411,-3.143325E-03,-1.525891E-05,-6.66667E-04
2.823412,-2.273574E-03,2.288828E-04,6.66667E-04
2.824412,-1.663215E-03,1.907358E-04,6.66667E-04
2.825413,-1.144417E-03,2.822895E-04,-.001
2.826413,-8.773841E-04,1.297006E-04,.001
2.827414,-7.171668E-04,1.06812E-04,6.66667E-04
2.828414,-8.010902E-04,2.28883E-05,-.002
2.829415,-9.994581E-04,-1.831064E-04,.001
2.830415,-5.874671E-04,-9.918259E-05,-6.66667E-04
2.831416,-3.12807E-04,-9.15532E-05,-2.33333E-03
2.832416,-9.918259E-05,7.629441E-05,-6.66667E-04
2.833417,-3.967304E-04,3.738422E-04,-.002
2.834417,-4.27248E-04,3.89101E-04,-6.66667E-04
2.835418,-3.738422E-04,4.119892E-04,-6.66667E-04
2.836418,-3.738422E-04,1.449594E-04,6.66667E-04
2.837419,-2.365122E-04,-1.75477E-04,-.001
2.838419,-1.602182E-04,1.525891E-05,-.001
2.83942,-1.983652E-04,1.144414E-04,2.33333E-03
2.84042,-4.425067E-04,-2.441425E-04,-.002
2.841421,-6.866502E-05,-1.983652E-04,-.001
2.842421,4.57766E-05,-1.144414E-04,-.001
2.843422,-1.525888E-04,-3.585834E-04,.001
2.844422,-3.89101E-04,-5.340613E-04,-.001
2.845423,-5.188026E-04,-4.425067E-04,-.002
2.846423,-2.365122E-04,-3.738422E-04,-2.33333E-03
2.847424,9.918259E-05,-4.196186E-04,6.66667E-04
2.848424,3.433246E-04,-8.392381E-05,-.001
2.849425,1.831064E-04,1.525891E-05,-.001
2.850425,7.629441E-05,-1.144414E-04,6.66667E-04
2.851426,-1.602182E-04,-4.57766E-05,6.66667E-04
2.852426,-1.144414E-04,-2.212534E-04,-6.66667E-04
2.853427,3.204364E-04,-1.449594E-04,-3.66667E-03
2.854427,3.738422E-04,-4.57766E-05,-2.33333E-03
2.855428,2.822895E-04,-1.06812E-04,6.66667E-04
2.856428,-6.866502E-05,-1.449594E-04,.001
2.857429,-5.645789E-04,6.103562E-05,-6.66667E-04
2.858429,-4.959144E-04,-1.525888E-04,-.002
2.85943,-4.806537E-04,5.340599E-05,6.66667E-04
2.86043,-5.950965E-04,3.12807E-04,.002
2.861431,-5.722083E-04,-9.918259E-05,-6.66667E-04
2.862431,-7.247962E-04,-3.662128E-04,.001
2.863432,-9.613074E-04,-4.119892E-04,6.66667E-04
2.864432,-9.7657E-04,-2.822895E-04,-6.66667E-04
2.865433,-7.247962E-04,-1.220712E-04,.002
2.866433,-7.553138E-04,-1.144414E-04,.001
2.867434,-8.010902E-04,6.103562E-05,-.001
2.868434,-9.002723E-04,1.831064E-04,-2.33333E-03
2.869435,-4.043598E-04,2.059946E-04,.001
2.870435,-1.220712E-04,0,-.001
2.871436,-9.918259E-05,-1.449594E-04,-6.66667E-04
2.872436,-3.204364E-04,7.629453E-06,-.001
2.873437,-6.408729E-04,1.525891E-05,-6.66667E-04
2.874437,-4.653949E-04,-1.983652E-04,-6.66667E-04
2.875438,0,-7.629441E-05,-.001
2.876438,8.392381E-05,2.594013E-04,6.66667E-04
2.877439,3.051781E-05,4.043598E-04,6.66667E-04
2.878439,3.051781E-05,4.119892E-04,.001
2.87944,8.392381E-05,1.3733E-04,-.001
2.88044,-1.220712E-04,-7.629441E-05,-.001
2.881441,-2.975482E-04,-1.297006E-04,-.002
2.882441,-2.517719E-04,-2.670307E-04,.001
2.883442,-1.75477E-04,-1.144414E-04,-.002
2.884442,8.392381E-05,-2.441425E-04,-2.33333E-03
2.885443,0,-2.212534E-04,-6.66667E-04
2.886443,-1.525891E-05,3.051781E-05,-.001
2.887444,9.918259E-05,-2.28883E-05,2.33333E-03
2.888444,1.06812E-04,-2.28883E-05,6.66667E-04
2.889445,1.144414E-04,1.449594E-04,-.002
2.890445,1.525888E-04,-1.602182E-04,-6.66667E-04
2.891446,0,-3.89101E-04,-.001
2.892446,-3.356952E-04,-5.188026E-04,6.66667E-04
2.893447,-4.88285E-04,-2.822895E-04,-.001
2.894447,-3.738422E-04,-6.866502E-05,6.66667E-04
2.895448,-2.059946E-04,-1.220712E-04,6.66667E-04
2.896448,0,-1.06812E-04,-6.66667E-04
2.897449,-1.449594E-04,9.918259E-05,-6.66667E-04
2.898449,-3.356952E-04,1.75477E-04,-6.66667E-04
2.89945,-4.27248E-04,-6.866502E-05,-3.66667E-03
2.90045,-2.899189E-04,-1.220712E-04,.001
2.901451,-1.06812E-04,1.297006E-04,.001
2.902451,-2.899189E-04,1.602182E-04,6.66667E-04
2.903452,-2.670307E-04,1.831064E-04,-.001
2.904452,-5.340613E-04,1.449594E-04,-.002
2.905453,-7.40055E-04,-1.06812E-04,6.66667E-04
2.906453,-5.340613E-04,-1.525888E-04,-.002
2.907454,-4.653949E-04,-1.06812E-04,6.66667E-04
2.908454,-3.89101E-04,-1.983652E-04,-6.66667E-04
2.909455,-5.111732E-04,-5.340599E-05,-.001
2.910455,-5.645789E-04,2.746601E-04,6.66667E-04
2.911456,-6.790198E-04,3.280658E-04,.001
2.912456,-5.264319E-04,3.051781E-05,-6.66667E-04
2.913457,-8.163489E-04,-1.449594E-04,-.001
2.914457,-7.40055E-04,-3.585834E-04,-6.66667E-04
2.915458,-5.035438E-04,-1.06812E-04,-.002
2.916458,-8.010902E-04,3.585834E-04,.002
2.917459,-8.697547E-04,5.416907E-04,6.66667E-04
2.918459,-5.264319E-04,5.035438E-04,-6.66667E-04
2.91946,-4.501361E-04,3.89101E-04,.001
2.92046,-4.653949E-04,4.425067E-04,-.001
2.921461,-2.746601E-04,3.738422E-04,6.66667E-04
2.922461,-3.50954E-04,4.57766E-05,-6.66667E-04
2.923462,-6.866502E-05,0,-.001
2.924462,-8.392381E-05,-8.392381E-05,-.002
2.925463,-3.738422E-04,9.15532E-05,-6.66667E-04
2.926463,-6.866492E-04,1.75477E-04,-6.66667E-04
2.927464,-9.002723E-04,-2.441425E-04,.001
2.928464,-8.163489E-04,6.866502E-05,-2.33333E-03
2.929465,-5.188026E-04,5.645789E-04,-.001
2.930465,-6.256141E-04,3.814716E-04,6.66667E-04
2.931466,-1.205452E-03,1.449594E-04,-6.66667E-04
2.932466,-1.655586E-03,-8.392381E-05,-.001
2.933467,-1.693733E-03,1.525888E-04,-.001
2.934467,-2.105728E-03,-8.392381E-05,-.001
2.935468,-2.792373E-03,-4.27248E-04,-6.66667E-04
2.936468,-3.761306E-03,-2.13624E-04,-2.33333E-03
2.937469,-4.547149E-03,-1.144414E-04,.001
2.938469,-5.752593E-03,-1.297006E-04,-6.66667E-04
2.93947,-7.621795E-03,-5.416907E-04,-.002
2.94047,-9.910643E-03,-6.408729E-04,-.001
2.941471,-1.273352E-02,-5.950965E-04,-.001
2.942471,-1.539618E-02,-9.53678E-04,-.002
2.943472,-1.875317E-02,-1.235969E-03,-6.66667E-04
2.944472,-2.240002E-02,-1.991287E-03,-6.66667E-04
2.945473,-.0253526,-2.32698E-03,-.001
2.946473,-2.720654E-02,-2.517715E-03,-.002
2.947474,-.0277406,-2.594009E-03,-6.66667E-04
2.948474,-2.698529E-02,-2.525344E-03,.002
2.949475,-2.445996E-02,-2.113357E-03,-.001
2.950475,-2.123272E-02,-1.777656E-03,6.66667E-04
2.951476,-1.819623E-02,-1.678474E-03,-.001
2.952476,-1.512915E-02,-1.533516E-03,-.001
2.953477,-1.207739E-02,-1.243599E-03,-.002
2.954477,-9.269774E-03,-8.850135E-04,-6.66667E-04
2.955478,-6.835967E-03,-3.738422E-04,.002
2.956478,-4.760772E-03,7.629453E-06,-.002
2.957479,-3.33406E-03,1.525888E-04,-.001
2.958479,-2.700821E-03,-4.57766E-05,-.001
2.95948,-1.876839E-03,-1.678476E-04,6.66667E-04
2.96048,-1.373298E-03,-2.13624E-04,-.001
2.961481,-9.079017E-04,2.746601E-04,-.001
2.962481,-8.773841E-04,2.517719E-04,-.002
2.963482,-2.670307E-04,-5.340599E-05,-6.66667E-04
2.964482,-1.831064E-04,1.525888E-04,-2.33333E-03
2.965483,-7.629441E-05,3.12807E-04,-6.66667E-04
2.966483,-4.501361E-04,2.212534E-04,6.66667E-04
2.967484,-9.155311E-04,1.75477E-04,-.001
2.968484,-1.037605E-03,-4.57766E-05,-.002
2.969485,-9.002723E-04,-1.144414E-04,.002
2.970485,-8.163489E-04,-1.449594E-04,-6.66667E-04
2.971486,-5.188026E-04,1.449594E-04,6.66667E-04
2.972486,-5.416907E-04,2.13624E-04,-.001
2.973487,-3.280658E-04,-5.340599E-05,.001
2.974487,-6.866502E-05,-6.866502E-05,-6.66667E-04
2.975488,6.103562E-05,-1.678476E-04,-6.66667E-04
2.976488,-8.392381E-05,-1.831064E-04,-6.66667E-04
2.977489,-1.678476E-04,-1.602182E-04,-6.66667E-04
2.978489,-3.12807E-04,2.28883E-05,.001
2.97949,-3.356952E-04,2.28883E-05,.001
2.98049,-3.356952E-04,-2.670307E-04,-.002
2.981491,-6.866502E-05,-2.975482E-04,-6.66667E-04
2.982491,-2.975482E-04,-2.28883E-05,-6.66667E-04
2.983492,-1.06812E-04,2.13624E-04,-6.66667E-04
2.984492,4.57766E-05,-1.06812E-04,-6.66667E-04
2.985493,-6.866502E-05,-1.3733E-04,-6.66667E-04
2.986493,-2.441425E-04,-1.678476E-04,-6.66667E-04
2.987494,-6.103553E-04,3.051776E-04,-.001
2.988494,-5.493201E-04,3.433246E-04,-.001
2.989495,-3.89101E-04,7.629441E-05,6.66667E-04
2.990495,-3.051776E-04,-3.051781E-05,6.66667E-04
2.991496,-2.28883E-05,-1.144414E-04,-6.66667E-04
2.992496,3.12807E-04,-2.670307E-04,-.002
2.993497,3.967304E-04,-4.57766E-05,-6.66667E-04
2.994497,1.75477E-04,3.12807E-04,6.66667E-04
2.995498,-5.340599E-05,4.196186E-04,-.001
2.996498,-3.585834E-04,1.983652E-04,2.33333E-03
2.997499,-2.059946E-04,3.12807E-04,6.66667E-04
2.998499,-4.119892E-04,2.975482E-04,-.001
2.9995,-6.408729E-04,2.28883E-05,6.66667E-04
3.0005,-3.738422E-04,-1.144414E-04,-.002
3.001501,-2.975482E-04,-4.57766E-05,6.66667E-04
3.002501,-3.662128E-04,2.212534E-04,.002
3.003502,-3.89101E-04,2.441425E-04,6.66667E-04
3.004502,-1.75477E-04,7.629441E-05,-.002
3.005503,-3.814721E-05,2.212534E-04,-3.66667E-03
3.006503,8.392381E-05,9.918259E-05,.002
3.007504,1.06812E-04,2.899189E-04,.001
3.008504,1.525888E-04,1.525888E-04,-.001
3.009505,-1.3733E-04,-1.220712E-04,-.001
3.010505,-2.13624E-04,-3.967304E-04,-6.66667E-04
3.011506,-2.212534E-04,-1.75477E-04,-2.33333E-03
3.012506,-6.866492E-04,-6.103562E-05,-.001
3.013507,-6.63761E-04,-2.13624E-04,.001
3.014507,-3.585834E-04,0,.002
3.015508,-1.3733E-04,3.12807E-04,-.002
3.016508,-1.297006E-04,2.441425E-04,-6.66667E-04
3.017509,-2.899189E-04,2.594013E-04,.001
3.018509,-7.629453E-06,7.629453E-06,-.002
3.01951,-5.340599E-05,-2.288828E-04,-.002
3.02051,-2.288828E-04,-2.212534E-04,-.001
3.021511,-4.806537E-04,-4.196186E-04,-.001
3.022511,-5.798377E-04,-2.822895E-04,-2.33333E-03
3.023512,-3.12807E-04,-1.220712E-04,.001
3.024512,-1.144414E-04,-6.103562E-05,.001
3.025513,-2.212534E-04,2.28883E-05,.002
3.026513,-8.468665E-04,3.051776E-04,-6.66667E-04
3.027514,-9.002723E-04,5.035438E-04,.001
3.028514,-9.002723E-04,5.645789E-04,.001
3.029515,-7.858314E-04,3.12807E-04,6.66667E-04
3.030515,-6.256141E-04,1.449594E-04,-.001
3.031516,-2.441425E-04,-1.06812E-04,-6.66667E-04
3.032516,-4.501361E-04,-6.866502E-05,.001
3.033517,-8.544959E-04,1.525888E-04,6.66667E-04
3.034517,-9.460486E-04,2.899189E-04,-.001
3.035518,-9.689368E-04,2.975482E-04,6.66667E-04
3.036518,-8.926429E-04,6.866502E-05,-.002
3.037519,-1.159675E-03,1.3733E-04,-6.66667E-04
3.038519,-9.231605E-04,3.738422E-04,6.66667E-04
3.03952,-8.468665E-04,1.831064E-04,2.33333E-03
3.04052,-7.553138E-04,6.866502E-05,-.002
3.041521,-7.934608E-04,5.340599E-05,-6.66667E-04
3.042521,-6.408729E-04,3.12807E-04,6.66667E-04
3.043522,-4.959144E-04,2.670307E-04,.001
3.044522,-7.934608E-04,2.288828E-04,-.002
3.045523,-9.079017E-04,1.831064E-04,6.66667E-04
3.046523,-9.079017E-04,8.392381E-05,-6.66667E-04
3.047524,-9.7657E-04,6.103562E-05,.001
3.048524,-1.060493E-03,1.525888E-04,-6.66667E-04
3.049525,-1.159675E-03,2.441425E-04,.001
3.050525,-1.281746E-03,5.264319E-04,-.001
3.051526,-1.174934E-03,3.814716E-04,-.001
3.052526,-1.457222E-03,-7.629453E-06,.002
3.053527,-1.747139E-03,-6.866502E-05,-6.66667E-04
3.054527,-1.815803E-03,-9.15532E-05,-.002
3.055528,-2.014175E-03,3.051781E-05,-6.66667E-04
3.056528,-2.738968E-03,6.103562E-05,6.66667E-04
3.057529,-2.807632E-03,-3.585834E-04,-.002
3.058529,-3.044143E-03,-6.866502E-05,-.001
3.05953,-3.364578E-03,-7.629441E-05,2.33333E-03
3.06053,-4.226714E-03,-1.449594E-04,.001
3.061531,-5.683929E-03,-3.356952E-04,-6.66667E-04
3.062531,-7.041961E-03,-6.485023E-04,-.001
3.063532,-8.766234E-03,-9.002723E-04,.001
3.064532,-1.103216E-02,-1.426704E-03,-6.66667E-04
3.065533,-1.389319E-02,-1.564033E-03,-3.66667E-03
3.066533,-1.731884E-02,-1.95314E-03,-.001
3.067534,-2.091992E-02,-2.418533E-03,-6.66667E-04
3.068534,-.0244447,-2.922073E-03,.001
3.069535,-2.808392E-02,-3.166214E-03,6.66667E-04
3.070535,-3.153253E-02,-3.486648E-03,.001
3.071536,-3.401971E-02,-4.03598E-03,.001
3.072536,-3.607965E-02,-4.394561E-03,.002
3.073537,-3.689599E-02,-4.478484E-03,-6.66667E-04
3.074537,-3.649926E-02,-4.226714E-03,-.001
3.075538,-.0345614,-3.959686E-03,-.002
3.076538,-3.174615E-02,-3.433242E-03,-6.66667E-04
3.077539,-2.850354E-02,-2.929702E-03,-.002
3.078539,-2.508557E-02,-2.380386E-03,-.002
3.07954,-2.146924E-02,-2.006546E-03,-6.66667E-04
3.08054,-1.778424E-02,-1.327522E-03,.001
3.081541,-1.434332E-02,-7.934608E-04,-.002
3.082541,-1.149756E-02,-4.348774E-04,-.001
3.083542,-9.300292E-03,-4.27248E-04,.001
3.084542,-7.30899E-03,-1.3733E-04,.002
3.085543,-5.79837E-03,-5.874671E-04,-6.66667E-04
3.086543,-4.547149E-03,-7.171668E-04,-.002
3.087544,-4.005462E-03,-4.196186E-04,-.001
3.088544,-3.494278E-03,3.814721E-05,6.66667E-04
3.089545,-2.914444E-03,8.392381E-05,-.002
3.090545,-2.220169E-03,9.15532E-05,.001
3.091546,-1.892097E-03,5.340599E-05,-3.66667E-03
3.092546,-1.716621E-03,4.57766E-05,.002
3.093547,-1.586922E-03,-1.06812E-04,-6.66667E-04
3.094547,-1.518257E-03,-5.950965E-04,6.66667E-04
3.095548,-1.434334E-03,-6.63761E-04,.002
3.096548,-1.373298E-03,-4.88285E-04,-.002
3.097549,-1.647957E-03,-3.50954E-04,6.66667E-04
3.098549,-1.686104E-03,-3.50954E-04,6.66667E-04
3.09955,-1.373298E-03,-1.06812E-04,-6.66667E-04
3.10055,-1.068123E-03,9.918259E-05,.001
3.101551,-1.159675E-03,6.103562E-05,2.33333E-03
3.102551,-1.243599E-03,1.144414E-04,-2.33333E-03
3.103552,-1.159675E-03,4.959144E-04,-6.66667E-04
3.104552,-1.48011E-03,2.746601E-04,.001
3.105553,-1.556404E-03,2.899189E-04,-3.66667E-03
3.106553,-1.403816E-03,4.27248E-04,6.66667E-04
3.107554,-1.266487E-03,1.220712E-04,-.001
3.108554,-9.079017E-04,9.918259E-05,-6.66667E-04
3.109555,-6.256141E-04,2.365122E-04,6.66667E-04
3.110555,-8.544959E-04,4.730243E-04,-.002
3.111556,-9.841993E-04,1.525888E-04,-.002
3.112556,-8.544959E-04,9.918259E-05,.001
3.113557,-6.866492E-04,9.918259E-05,.002
3.114557,-8.468665E-04,1.3733E-04,-.001
3.115558,-9.53678E-04,1.297006E-04,-.001
3.116558,-1.045235E-03,3.662128E-04,-6.66667E-04
3.117559,-1.022346E-03,1.449594E-04,6.66667E-04
3.118559,-1.029976E-03,2.594013E-04,-.002
3.11956,-4.806537E-04,3.204364E-04,-.002
3.12056,-3.585834E-04,5.340599E-05,-6.66667E-04
3.121561,-5.569495E-04,1.220712E-04,6.66667E-04
3.122561,-7.095374E-04,5.798377E-04,-6.66667E-04
3.123562,-3.738422E-04,4.730243E-04,-6.66667E-04
3.124562,-3.814716E-04,3.12807E-04,-.001
3.125563,-3.662128E-04,9.918259E-05,-.002
3.126563,-1.297006E-04,7.629453E-06,-.001
3.127564,-2.13624E-04,2.594013E-04,.001
3.128564,-2.13624E-04,3.738422E-04,.001
3.129565,-1.297006E-04,1.907358E-04,-6.66667E-04
3.130565,-2.899189E-04,1.831064E-04,-.001
3.131566,-3.433246E-04,3.051776E-04,-.002
3.132566,-4.959144E-04,3.12807E-04,-6.66667E-04
3.133567,-5.188026E-04,6.103562E-05,.001
3.134567,-3.280658E-04,2.059946E-04,-.002
3.135568,-4.27248E-04,2.594013E-04,-6.66667E-04
3.136568,-3.204364E-04,4.119892E-04,-.001
3.137569,-1.831064E-04,3.89101E-04,6.66667E-04
3.138569,-1.983652E-04,3.967304E-04,-.001
3.13957,-1.75477E-04,4.653949E-04,-2.33333E-03
3.14057,-1.831064E-04,3.585834E-04,-6.66667E-04
3.141571,-3.738422E-04,2.594013E-04,-6.66667E-04
3.142571,-5.340599E-05,1.831064E-04,-.001
3.143572,2.517719E-04,3.204364E-04,-.002
3.144572,6.866502E-05,2.899189E-04,6.66667E-04
3.145573,-2.13624E-04,1.678476E-04,-2.33333E-03
3.146573,-2.822895E-04,-3.814721E-05,-6.66667E-04
3.147574,-2.212534E-04,1.449594E-04,-2.33333E-03
3.148574,-3.814721E-05,3.738422E-04,-.001
3.149575,-2.059946E-04,3.204364E-04,6.66667E-04
3.150575,-5.645789E-04,3.662128E-04,-.001
3.151576,-3.967304E-04,-2.059946E-04,6.66667E-04
3.152576,-6.103553E-04,-1.297006E-04,-6.66667E-04
3.153577,-7.40055E-04,4.577655E-04,-.001
3.154577,-5.264319E-04,8.697547E-04,-6.66667E-04
3.155578,-4.806537E-04,3.12807E-04,-6.66667E-04
3.156578,-4.119892E-04,-3.814721E-05,-2.33333E-03
3.157579,-6.332435E-04,-3.051776E-04,-6.66667E-04
3.158579,-7.171668E-04,-2.899189E-04,-6.66667E-04
3.15958,-7.553138E-04,-7.247962E-04,-.001
3.16058,-6.942786E-04,-6.408729E-04,-6.66667E-04
3.161581,-8.621253E-04,-2.059946E-04,.001
3.162581,-9.7657E-04,1.449594E-04,-.001
3.163582,-9.7657E-04,2.670307E-04,6.66667E-04
3.164582,-1.319893E-03,3.356952E-04,-6.66667E-04
3.165583,-1.426704E-03,2.441425E-04,-6.66667E-04
3.166583,-1.777656E-03,3.12807E-04,-.002
3.167584,-2.349868E-03,4.577655E-04,-.001
3.168584,-2.594009E-03,9.918259E-05,-.002
3.169585,-3.227249E-03,8.392381E-05,-6.66667E-04
3.170585,-4.165679E-03,3.814721E-05,-6.66667E-04
3.171586,-4.509002E-03,4.57766E-05,-6.66667E-04
3.172586,-4.844695E-03,-1.75477E-04,-.002
3.173587,-5.340606E-03,-3.051776E-04,-6.66667E-04
3.174587,-5.447417E-03,-1.525888E-04,-6.66667E-04
3.175588,-5.600005E-03,-1.907358E-04,-6.66667E-04
3.176588,-5.905181E-03,-2.441425E-04,-.002
3.177589,-5.676299E-03,-3.051781E-05,2.33333E-03
3.178589,-5.653411E-03,1.525891E-05,.001
3.17959,-5.355865E-03,-4.501361E-04,-6.66667E-04
3.18059,-4.859954E-03,-6.103562E-05,-3.66667E-03
3.181591,-4.241973E-03,7.629453E-06,-6.66667E-04
3.182591,-3.807083E-03,-1.06812E-04,-6.66667E-04
3.183592,-3.417984E-03,-2.594013E-04,-6.66667E-04
3.184592,-2.861038E-03,-2.822895E-04,-3.66667E-03
3.185593,-2.113357E-03,-4.425067E-04,6.66667E-04
3.186593,-1.670845E-03,-2.13624E-04,.001
3.187594,-1.487739E-03,-1.144414E-04,.001
3.188594,-9.994581E-04,-5.340599E-05,-.002
3.189595,-9.307899E-04,-3.204364E-04,-6.66667E-04
3.190595,-8.850135E-04,-3.12807E-04,.001
3.191596,-5.950965E-04,1.525891E-05,6.66667E-04
3.192596,-1.144414E-04,1.3733E-04,-6.66667E-04
3.193597,-1.678476E-04,3.051776E-04,.001
3.194597,-5.569495E-04,3.204364E-04,6.66667E-04
3.195598,-5.264319E-04,-1.449594E-04,.001
3.196598,-8.773841E-04,-7.629453E-06,-.001
3.197599,-6.866492E-04,6.103562E-05,-6.66667E-04
3.198599,-3.662128E-04,-7.629441E-05,-6.66667E-04
3.1996,-2.13624E-04,-2.517719E-04,6.66667E-04
3.2006,1.678476E-04,9.918259E-05,.001
3.201601,9.918259E-05,1.983652E-04,-.002
3.202601,-5.493201E-04,4.57766E-05,-6.66667E-04
3.203602,-8.468665E-04,3.12807E-04,-.002
3.204602,-6.713904E-04,4.653949E-04,-.001
3.205603,-4.730243E-04,4.730243E-04,-6.66667E-04
3.206603,-2.059946E-04,3.662128E-04,.001
3.207604,-2.822895E-04,2.28883E-05,-.001
3.208604,-1.75477E-04,6.103562E-05,-.002
3.209605,1.907358E-04,7.629441E-05,-6.66667E-04
3.210605,1.525888E-04,1.75477E-04,-6.66667E-04
3.211606,-2.28883E-05,1.75477E-04,-.002
3.212606,-2.746601E-04,4.730243E-04,-6.66667E-04
3.213607,-3.967304E-04,6.332435E-04,-.001
3.214607,-4.959144E-04,6.408729E-04,-5.33333E-03
3.215608,-4.88285E-04,3.12807E-04,-.001
3.216608,-2.670307E-04,2.517719E-04,-.002
3.217609,-3.204364E-04,3.662128E-04,.001
3.218609,-5.416907E-04,4.88285E-04,-.002
3.21961,-4.959144E-04,-1.602182E-04,-.002
3.22061,-3.738422E-04,-5.493201E-04,-.001
3.221611,-5.569495E-04,-3.356952E-04,.001
3.222611,-6.103553E-04,6.103562E-05,-.001
3.223612,-5.493201E-04,9.918259E-05,-6.66667E-04
3.224612,-3.738422E-04,4.57766E-05,.001
3.225613,-3.204364E-04,3.662128E-04,-.002
3.226614,-4.196186E-04,4.730243E-04,-.002
3.227614,-3.814716E-04,3.051776E-04,-6.66667E-04
3.228614,5.340599E-05,2.288828E-04,.001
3.229615,-7.629441E-05,9.15532E-05,-6.66667E-04
3.230615,-1.144414E-04,-4.57766E-05,6.66667E-04
3.231616,-7.324256E-04,0,-6.66667E-04
3.232616,-7.934608E-04,-7.629441E-05,6.66667E-04
3.233617,-1.007088E-03,-2.517719E-04,-6.66667E-04
3.234617,-9.307899E-04,-2.594013E-04,-.001
3.235618,-8.087195E-04,-1.678476E-04,-2.33333E-03
3.236619,-8.773841E-04,-1.831064E-04,-.001
3.237619,-9.155311E-04,-5.340599E-05,6.66667E-04
3.238619,-1.251228E-03,1.525888E-04,-2.33333E-03
3.23962,-1.518257E-03,3.051776E-04,.002
3.24062,-1.647957E-03,1.220712E-04,.001
3.241621,-1.823433E-03,2.059946E-04,6.66667E-04
3.242621,-1.777656E-03,4.348774E-04,-6.66667E-04
3.243622,-2.044693E-03,4.577655E-04,-.001
3.244622,-2.845779E-03,5.645789E-04,6.66667E-04
3.245623,-3.761306E-03,1.602182E-04,-6.66667E-04
3.246624,-4.608184E-03,1.678476E-04,.001
3.247624,-5.233794E-03,-7.629453E-06,-6.66667E-04
3.248624,-5.905181E-03,6.103562E-05,-.002
3.249625,-7.217437E-03,-2.670307E-04,-.002
3.250625,-8.491576E-03,-6.408729E-04,.002
3.251626,-9.544432E-03,-3.50954E-04,-.001
3.252626,-1.045233E-02,-1.602182E-04,6.66667E-04
3.253627,-1.053625E-02,4.57766E-05,-.002
3.254627,-1.074225E-02,-2.288828E-04,-2.33333E-03
3.255628,-1.039892E-02,-4.653949E-04,-3.66667E-03
3.256629,-9.552062E-03,-4.806537E-04,-.001
3.257629,-8.529723E-03,-3.662128E-04,-.002
3.258629,-7.736236E-03,-3.738422E-04,6.66667E-04
3.25963,-6.721526E-03,-2.517719E-04,-.002
3.26063,-5.470306E-03,-5.340599E-05,.001
3.261631,-4.386932E-03,1.06812E-04,-6.66667E-04
3.262631,-3.532425E-03,4.348774E-04,6.66667E-04
3.263632,-2.540603E-03,3.662128E-04,-.001
3.264632,-1.373298E-03,1.75477E-04,6.66667E-04
3.265633,-7.553138E-04,1.144414E-04,6.66667E-04
3.266634,-8.621253E-04,2.059946E-04,-6.66667E-04
3.267634,-9.613074E-04,-9.15532E-05,-.001
3.268634,-7.171668E-04,-1.449594E-04,.001
3.269635,-3.814716E-04,1.75477E-04,-6.66667E-04
3.270635,-3.12807E-04,2.517719E-04,-6.66667E-04
3.271636,-3.967304E-04,0,-.001
3.272636,-3.051781E-05,-1.144414E-04,-6.66667E-04
3.273637,3.814721E-05,-2.746601E-04,6.66667E-04
3.274637,1.907358E-04,-9.15532E-05,-.001
3.275638,-1.602182E-04,4.57766E-05,6.66667E-04
3.276639,-2.13624E-04,1.144414E-04,-.001
3.277639,-6.103562E-05,-4.57766E-05,-.001
3.278639,-2.517719E-04,1.75477E-04,2.33333E-03
3.27964,-2.13624E-04,1.983652E-04,-6.66667E-04
3.28064,1.220712E-04,-1.602182E-04,-6.66667E-04
3.281641,1.449594E-04,-4.653949E-04,-.001
3.282641,2.28883E-05,-6.866502E-05,-2.33333E-03
3.283642,-3.50954E-04,-4.57766E-05,-6.66667E-04
3.284642,-5.111732E-04,-3.051781E-05,-.001
3.285643,-5.416907E-04,0,-.002
3.286644,-4.348774E-04,5.340599E-05,-6.66667E-04
3.287644,-4.501361E-04,-2.670307E-04,.001
3.288644,-2.670307E-04,2.28883E-05,-.002
3.289645,-1.907358E-04,6.866502E-05,-.001
3.290645,0,9.918259E-05,.001
3.291646,-6.103562E-05,8.392381E-05,-2.33333E-03
3.292646,-3.738422E-04,2.822895E-04,-3.66667E-03
3.293647,-7.934608E-04,-1.602182E-04,-.001
3.294647,-1.907358E-04,-5.416907E-04,-.001
3.295648,-5.340599E-05,-5.722083E-04,-.002
3.296649,1.144414E-04,-3.280658E-04,-6.66667E-04
3.297649,5.340599E-05,-4.196186E-04,-.002
3.298649,5.340599E-05,-4.348774E-04,6.66667E-04
3.29965,-3.814721E-05,-6.866502E-05,-.002
3.30065,-2.975482E-04,5.798377E-04,6.66667E-04
3.301651,-2.746601E-04,4.196186E-04,6.66667E-04
3.302651,-1.678476E-04,6.103562E-05,.002
3.303652,-2.365122E-04,6.866502E-05,-6.66667E-04
3.304652,-2.822895E-04,2.517719E-04,-.001
3.305653,-3.433246E-04,-1.75477E-04,6.66667E-04
3.306653,-3.433246E-04,-2.288828E-04,-6.66667E-04
3.307654,4.57766E-05,-6.103562E-05,6.66667E-04
3.308654,2.059946E-04,-1.75477E-04,-6.66667E-04
3.309655,0,2.594013E-04,-.001
3.310655,-1.144414E-04,4.730243E-04,6.66667E-04
3.311656,-2.288828E-04,2.441425E-04,-.001
3.312656,-5.874671E-04,4.196186E-04,6.66667E-04
3.313657,-5.416907E-04,1.525888E-04,-.001
3.314657,-4.348774E-04,-1.220712E-04,.001
3.315658,-2.288828E-04,2.28883E-05,-6.66667E-04
3.316658,-2.441425E-04,6.866502E-05,-6.66667E-04
3.317659,-4.88285E-04,-2.670307E-04,.001
3.318659,-8.544959E-04,6.866502E-05,-.001
3.31966,-6.408729E-04,2.059946E-04,-6.66667E-04
3.32066,-2.822895E-04,2.059946E-04,6.66667E-04
3.321661,-5.874671E-04,6.866502E-05,6.66667E-04
3.322661,-2.746601E-04,1.525891E-05,-.002
3.323662,1.144414E-04,5.340599E-05,.001
3.324662,3.814716E-04,8.392381E-05,.002
3.325663,2.975482E-04,1.907358E-04,-2.33333E-03
3.326663,0,2.212534E-04,2.33333E-03
3.327664,-2.670307E-04,1.75477E-04,.001
3.328664,-3.204364E-04,-1.220712E-04,-2.33333E-03
3.329665,-4.88285E-04,2.822895E-04,.002
3.330665,-2.365122E-04,6.408729E-04,-.002
3.331666,1.220712E-04,3.280658E-04,.001
3.332666,2.288828E-04,4.806537E-04,-.002
3.333667,1.831064E-04,2.441425E-04,6.66667E-04
3.334667,2.670307E-04,1.983652E-04,-6.66667E-04
3.335668,2.670307E-04,-7.629441E-05,-6.66667E-04
3.336668,6.866502E-05,-3.738422E-04,-6.66667E-04
3.337669,3.814721E-05,-5.264319E-04,-6.66667E-04
3.338669,-2.517719E-04,-2.594013E-04,-6.66667E-04
3.33967,-4.806537E-04,3.814721E-05,-.002
3.34067,-3.051776E-04,3.967304E-04,-3.66667E-03
3.341671,-3.051781E-05,3.814716E-04,-6.66667E-04
3.342671,1.525888E-04,2.670307E-04,6.66667E-04
3.343672,-9.15532E-05,3.051776E-04,.001
3.344672,-4.119892E-04,4.577655E-04,6.66667E-04
3.345673,-1.06812E-04,5.493201E-04,-6.66667E-04
3.346673,-9.15532E-05,2.441425E-04,-.002
3.347674,-3.967304E-04,3.50954E-04,-6.66667E-04
3.348674,-1.220712E-04,2.288828E-04,-2.33333E-03
3.349675,-6.866502E-05,-1.220712E-04,6.66667E-04
3.350675,-2.899189E-04,-3.814721E-05,-.002
3.351676,-3.356952E-04,-2.28883E-05,-.001
3.352676,-2.288828E-04,-8.392381E-05,-.002
3.353677,2.670307E-04,5.340599E-05,.001
3.354677,4.501361E-04,-9.15532E-05,.002
3.355678,3.12807E-04,4.57766E-05,6.66667E-04
3.356678,3.738422E-04,2.975482E-04,-.001
3.357679,2.212534E-04,7.629441E-05,.001
3.358679,2.059946E-04,3.814721E-05,.001
3.35968,3.204364E-04,9.918259E-05,-.002
3.36068,4.806537E-04,4.57766E-05,-6.66667E-04
3.361681,3.356952E-04,5.340599E-05,-.001
3.362681,1.907358E-04,2.594013E-04,.001
3.363682,-1.06812E-04,2.670307E-04,-.001
3.364682,-1.983652E-04,1.525888E-04,.002
3.365683,3.814721E-05,-5.340599E-05,.001
3.366683,-3.662128E-04,1.297006E-04,-.002
3.367684,-1.907358E-04,5.340599E-05,-.001
3.368684,2.822895E-04,-1.831064E-04,6.66667E-04
3.369685,9.15532E-05,-2.288828E-04,6.66667E-04
3.370685,-2.288828E-04,-3.50954E-04,-.002
3.371686,-6.256141E-04,3.051781E-05,-6.66667E-04
3.372686,-8.468665E-04,4.959144E-04,-6.66667E-04
3.373687,-9.155311E-04,4.196186E-04,-.001
3.374687,-1.182564E-03,2.594013E-04,6.66667E-04
3.375688,-1.449592E-03,7.247962E-04,-6.66667E-04
3.376688,-2.052322E-03,5.264319E-04,-6.66667E-04
3.377689,-2.738968E-03,4.043598E-04,-.001
3.378689,-3.967315E-03,4.653949E-04,-.001
3.37969,-5.264312E-03,4.119892E-04,-.002
3.38069,-6.134063E-03,7.629441E-05,-.001
3.381691,-7.911742E-03,2.212534E-04,-.001
3.382691,-1.093298E-02,-2.212534E-04,-6.66667E-04
3.383692,-1.482397E-02,-3.50954E-04,.001
3.384692,-1.849377E-02,-3.12807E-04,-2.33333E-03
3.385693,-2.105725E-02,-8.544959E-04,-6.66667E-04
3.386693,-.0222398,-1.243599E-03,-.001
3.387694,-2.230847E-02,-1.380928E-03,-6.66667E-04
3.388694,-2.129376E-02,-1.075752E-03,6.66667E-04
3.389695,-1.898205E-02,-6.63761E-04,-3.66667E-03
3.390696,-1.577008E-02,-3.280658E-04,-.002
3.391696,-1.281744E-02,-4.57766E-05,-.001
3.392696,-9.81909E-03,2.899189E-04,-.002
3.393697,-7.171661E-03,2.365122E-04,.001
3.394697,-5.241424E-03,5.264319E-04,-.002
3.395698,-3.662124E-03,4.653949E-04,6.66667E-04
3.396698,-2.601638E-03,1.525888E-04,-6.66667E-04
3.397699,-2.052322E-03,-8.392381E-05,-.002
3.398699,-1.678474E-03,-2.28883E-05,-6.66667E-04
3.3997,-1.037605E-03,7.629453E-06,.001
3.400701,-5.950965E-04,-2.670307E-04,6.66667E-04
3.401701,-4.653949E-04,-1.831064E-04,-2.33333E-03
3.402701,-4.425067E-04,3.738422E-04,6.66667E-04
3.403702,-3.967304E-04,3.280658E-04,-.001
3.404702,-1.75477E-04,4.27248E-04,.002
3.405703,-1.06812E-04,2.670307E-04,6.66667E-04
3.406703,3.051776E-04,2.517719E-04,.001
3.407704,6.103553E-04,-6.866502E-05,-6.66667E-04
3.408704,3.204364E-04,-1.602182E-04,.002
3.409705,1.449594E-04,4.57766E-05,-3.66667E-03
3.410706,9.15532E-05,-2.28883E-05,6.66667E-04
3.411706,-3.051781E-05,-9.918259E-05,-6.66667E-04
3.412706,-1.602182E-04,0,-.002
3.413707,-1.75477E-04,-6.866502E-05,6.66667E-04
3.414707,-2.899189E-04,-5.340599E-05,.002
3.415708,-1.144414E-04,8.392381E-05,-.002
3.416708,-3.50954E-04,-9.918259E-05,.002
3.417709,-3.051776E-04,-4.57766E-05,-.001
3.418709,4.57766E-05,4.57766E-05,-.002
3.41971,-7.629441E-05,3.814721E-05,-.002
3.420711,-5.874671E-04,-2.975482E-04,-.001
3.421711,-4.196186E-04,-2.365122E-04,6.66667E-04
3.422711,-1.678476E-04,-2.13624E-04,-6.66667E-04
3.423712,2.28883E-05,4.57766E-05,-.002
3.424712,1.525888E-04,-3.814721E-05,6.66667E-04
3.425713,5.188026E-04,-4.57766E-05,-2.33333E-03
3.426713,7.01908E-04,9.918259E-05,-.001
3.427714,2.059946E-04,-6.866502E-05,-.002
3.428714,3.051781E-05,-2.28883E-05,.001
3.429715,3.280658E-04,4.57766E-05,-.001
3.430716,4.806537E-04,-1.297006E-04,-.001
3.431716,4.196186E-04,-4.806537E-04,6.66667E-04
3.432716,1.525891E-05,-4.043598E-04,6.66667E-04
3.433717,9.918259E-05,-6.027259E-04,-.001
3.434717,-9.15532E-05,-5.722083E-04,.002
3.435718,-6.866502E-05,-3.814716E-04,-.001
3.436718,-7.629441E-05,-1.3733E-04,6.66667E-04
3.437719,2.28883E-05,3.051781E-05,-2.33333E-03
3.438719,-8.392381E-05,1.06812E-04,-6.66667E-04
3.43972,-3.814721E-05,2.594013E-04,-.001
3.440721,1.297006E-04,1.297006E-04,-.001
3.441721,9.15532E-05,-1.602182E-04,-.002
3.442721,0,1.3733E-04,-.002
3.443722,-2.365122E-04,1.525888E-04,-5.33333E-03
3.444722,-5.493201E-04,2.212534E-04,6.66667E-04
3.445723,-6.713904E-04,1.983652E-04,-6.66667E-04
3.446723,-7.476844E-04,-4.57766E-05,-.001
3.447724,-3.204364E-04,1.525891E-05,-.001
3.448724,-1.220712E-04,-1.449594E-04,-6.66667E-04
3.449725,1.297006E-04,-7.629453E-06,-6.66667E-04
3.450726,4.348774E-04,1.144414E-04,.001
3.451726,5.950965E-04,2.594013E-04,-.001
3.452726,7.629441E-05,2.288828E-04,-6.66667E-04
3.453727,2.059946E-04,-2.365122E-04,-.002
3.454727,2.975482E-04,-3.433246E-04,.001
3.455728,4.119892E-04,-2.28883E-05,-.001
3.456728,3.50954E-04,1.678476E-04,.001
3.457729,3.12807E-04,6.866502E-05,-6.66667E-04
3.458729,-8.392381E-05,-1.678476E-04,.002
3.45973,-2.365122E-04,-2.059946E-04,-6.66667E-04
3.460731,-1.3733E-04,-4.57766E-05,.001
3.461731,-1.831064E-04,2.059946E-04,-.002
3.462731,-2.288828E-04,8.392381E-05,6.66667E-04
3.463732,-4.043598E-04,1.525888E-04,-.001
3.464732,-5.188026E-04,1.75477E-04,6.66667E-04
3.465733,-2.13624E-04,-5.340599E-05,-.002
3.466733,6.103562E-05,-1.449594E-04,-6.66667E-04
3.467734,-2.13624E-04,-2.212534E-04,-6.66667E-04
3.468734,-2.212534E-04,-3.738422E-04,-.001
3.469735,-7.629453E-06,-1.3733E-04,-.002
3.470736,-3.051781E-05,6.866502E-05,.002
3.471736,-7.629441E-05,1.678476E-04,-.002
3.472736,4.57766E-05,-2.13624E-04,-6.66667E-04
3.473737,1.75477E-04,-3.814716E-04,-.001
3.474737,1.831064E-04,-4.959144E-04,-.002
3.475738,3.051776E-04,-3.662128E-04,.001
3.476738,1.525891E-05,-2.28883E-05,-6.66667E-04
3.477739,-8.392381E-05,6.866502E-05,-6.66667E-04
3.478739,-1.602182E-04,1.525891E-05,-.002
3.47974,1.220712E-04,-1.3733E-04,.001
3.480741,2.365122E-04,-1.525891E-05,.001
3.481741,-2.594013E-04,1.3733E-04,.002
3.482741,-6.408729E-04,7.01908E-04,-.002
3.483742,-1.831064E-04,7.705726E-04,-.001
3.484742,-1.907358E-04,5.798377E-04,-2.33333E-03
3.485743,-3.738422E-04,2.059946E-04,-6.66667E-04
3.486743,-2.899189E-04,1.525888E-04,6.66667E-04
3.487744,1.144414E-04,7.629453E-06,-.001
3.488744,2.975482E-04,-1.06812E-04,6.66667E-04
3.489745,4.653949E-04,-8.392381E-05,-.001
3.490746,3.433246E-04,-5.340599E-05,-6.66667E-04
3.491746,2.13624E-04,6.103562E-05,6.66667E-04
3.492746,1.449594E-04,-2.594013E-04,6.66667E-04
3.493747,1.678476E-04,-4.27248E-04,-.001
3.494747,-1.297006E-04,-4.88285E-04,.001
3.495748,-1.3733E-04,-5.950965E-04,-6.66667E-04
3.496748,-9.15532E-05,-5.569495E-04,.001
3.497749,-8.392381E-05,-1.602182E-04,.001
3.498749,-5.340599E-05,6.866502E-05,-6.66667E-04
3.49975,-9.15532E-05,5.493201E-04,-.001
3.500751,-5.340599E-05,3.12807E-04,-.002
3.501751,1.144414E-04,-8.392381E-05,-.001
3.502751,3.50954E-04,-1.449594E-04,-6.66667E-04
3.503752,3.051776E-04,-1.297006E-04,-.002
3.504752,3.12807E-04,-9.15532E-05,-6.66667E-04
3.505753,6.103562E-05,-2.975482E-04,-.002
3.506753,-1.144414E-04,-7.705726E-04,-.001
3.507754,-3.204364E-04,-8.544959E-04,-.001
3.508754,-2.899189E-04,-5.340613E-04,.001
3.509755,-1.449594E-04,-2.594013E-04,-.002
3.510756,3.814721E-05,1.525891E-05,-.002
3.511756,2.670307E-04,0,-.002
3.512756,5.493201E-04,-2.441425E-04,-.001
3.513757,2.517719E-04,-2.670307E-04,-6.66667E-04
3.514757,-1.525891E-05,-7.629441E-05,.001
3.515758,7.629441E-05,-5.340599E-05,-.001
3.516758,2.13624E-04,2.059946E-04,-.001
3.517759,9.918259E-05,4.57766E-05,.001
3.518759,-2.28883E-05,-1.525891E-05,.001
3.51976,-4.119892E-04,2.28883E-05,-.002
3.520761,-5.645789E-04,-2.899189E-04,-.002
3.521761,-1.144414E-04,-2.212534E-04,6.66667E-04
3.522761,1.06812E-04,-1.525891E-05,-6.66667E-04
3.523762,9.15532E-05,1.220712E-04,6.66667E-04
3.524762,3.051781E-05,-5.340599E-05,.001
3.525763,3.204364E-04,-1.220712E-04,-6.66667E-04
3.526763,1.907358E-04,0,6.66667E-04
3.527764,2.594013E-04,-2.212534E-04,-6.66667E-04
3.528764,-1.907358E-04,-3.12807E-04,6.66667E-04
3.529765,-3.204364E-04,-4.806537E-04,-.002
3.530766,-1.06812E-04,-3.356952E-04,-6.66667E-04
3.531766,9.918259E-05,1.297006E-04,-.001
3.532766,-4.57766E-05,6.179847E-04,6.66667E-04
3.533767,3.814721E-05,3.738422E-04,-6.66667E-04
3.534767,-3.051781E-05,4.57766E-05,-6.66667E-04
3.535768,-3.051781E-05,2.975482E-04,-.001
3.536768,-2.059946E-04,3.356952E-04,6.66667E-04
3.537769,-1.525888E-04,0,-.001
3.538769,-2.13624E-04,-3.814721E-05,.001
3.53977,-9.15532E-05,-2.212534E-04,-6.66667E-04
3.540771,-2.670307E-04,-5.722083E-04,.001
3.541771,-2.365122E-04,-3.12807E-04,6.66667E-04
3.542771,6.103562E-05,-3.738422E-04,6.66667E-04
3.543772,2.670307E-04,-2.670307E-04,6.66667E-04
3.544772,1.525891E-05,-1.831064E-04,-6.66667E-04
3.545773,-6.103562E-05,9.918259E-05,-2.33333E-03
3.546773,-1.678476E-04,6.866502E-05,-.002
3.547774,2.670307E-04,9.15532E-05,-6.66667E-04
3.548774,2.059946E-04,2.059946E-04,-6.66667E-04
3.549775,-2.059946E-04,1.907358E-04,-.001
3.550776,-2.899189E-04,-2.288828E-04,6.66667E-04
3.551776,-2.365122E-04,-2.13624E-04,-6.66667E-04
3.552776,-3.814716E-04,-5.645789E-04,-2.33333E-03
3.553777,-4.27248E-04,-4.653949E-04,-.002
3.554777,-6.713904E-04,-3.433246E-04,6.66667E-04
3.555778,-8.392371E-04,3.051781E-05,6.66667E-04
3.556778,-6.103553E-04,3.433246E-04,.001
3.557779,-6.332435E-04,6.103562E-05,.001
3.558779,-5.340613E-04,-2.13624E-04,-6.66667E-04
3.55978,-2.13624E-04,-5.340613E-04,-6.66667E-04
3.560781,-3.967304E-04,-2.288828E-04,-6.66667E-04
3.561781,-5.264319E-04,9.918259E-05,6.66667E-04
3.562781,-5.111732E-04,-1.525888E-04,-6.66667E-04
3.563782,-4.425067E-04,-2.517719E-04,.001
3.564783,7.629441E-05,-3.814721E-05,-.001
3.565783,2.13624E-04,-3.051781E-05,-3.66667E-03
3.566783,9.918259E-05,7.629453E-06,-.002
3.567784,-6.103562E-05,-3.051781E-05,-.002
3.568784,-3.662128E-04,6.866502E-05,-3.66667E-03
3.569785,-2.746601E-04,4.348774E-04,.001
3.570786,-1.602182E-04,4.119892E-04,-6.66667E-04
3.571786,-2.28883E-05,7.629441E-05,-.001
3.572786,-7.629453E-06,-2.517719E-04,.002
3.573787,-3.12807E-04,-2.746601E-04,.002
3.574788,-4.348774E-04,2.594013E-04,-.002
3.575788,-4.501361E-04,2.594013E-04,-.001
3.576788,-5.340599E-05,9.918259E-05,6.66667E-04
3.577789,1.678476E-04,-1.06812E-04,-6.66667E-04
3.578789,2.059946E-04,6.103562E-05,-6.66667E-04
3.57979,2.059946E-04,9.15532E-05,6.66667E-04
3.580791,1.525888E-04,2.059946E-04,-6.66667E-04
3.581791,3.051781E-05,1.220712E-04,-6.66667E-04
3.582791,1.678476E-04,-1.297006E-04,6.66667E-04
3.583792,9.918259E-05,-1.907358E-04,-6.66667E-04
3.584793,-2.059946E-04,1.678476E-04,6.66667E-04
3.585793,-2.670307E-04,2.517719E-04,-.002
3.586793,-2.059946E-04,2.746601E-04,.001
3.587794,-1.75477E-04,3.280658E-04,-6.66667E-04
3.588794,-4.57766E-05,4.653949E-04,-3.66667E-03
3.589795,3.814721E-05,3.051776E-04,6.66667E-04
3.590796,-1.144414E-04,-2.28883E-05,-.001
3.591796,-6.027259E-04,-1.75477E-04,.002
3.592796,-4.501361E-04,-1.983652E-04,-.002
3.593797,-3.662128E-04,-6.866502E-05,.001
3.594798,-5.111732E-04,2.594013E-04,-.002
3.595798,-5.950965E-04,3.662128E-04,-6.66667E-04
3.596798,-4.806537E-04,4.730243E-04,-6.66667E-04
3.597799,-2.670307E-04,3.12807E-04,-.001
3.598799,-1.602182E-04,2.13624E-04,-6.66667E-04
3.5998,4.57766E-05,2.594013E-04,-6.66667E-04
3.600801,-6.866502E-05,2.13624E-04,6.66667E-04
3.601801,-5.340599E-05,-1.983652E-04,-.001
3.602801,2.594013E-04,-3.662128E-04,-.001
3.603802,2.059946E-04,-3.12807E-04,-.002
3.604803,3.738422E-04,-3.967304E-04,-2.33333E-03
3.605803,3.662128E-04,-3.738422E-04,-.001
3.606803,2.594013E-04,-7.629453E-06,-2.33333E-03
3.607804,9.918259E-05,1.75477E-04,-6.66667E-04
3.608804,-2.594013E-04,2.059946E-04,-.001
3.609805,-7.629441E-05,-9.918259E-05,-6.66667E-04
3.610806,1.525888E-04,-3.738422E-04,-6.66667E-04
3.611806,5.340599E-05,-8.392381E-05,-.002
3.612806,2.28883E-05,1.525888E-04,-.001
3.613807,2.13624E-04,1.525888E-04,-.002
3.614808,7.629453E-06,2.28883E-05,-3.66667E-03
3.615808,-2.441425E-04,-1.678476E-04,-6.66667E-04
3.616808,-2.441425E-04,-7.629453E-06,.002
3.617809,-1.907358E-04,2.059946E-04,.001
3.618809,7.629453E-06,7.629441E-05,.001
3.61981,3.051781E-05,4.57766E-05,2.33333E-03
3.620811,-1.602182E-04,-6.866502E-05,-.002
3.621811,-2.365122E-04,3.051776E-04,-6.66667E-04
3.622811,-2.594013E-04,3.12807E-04,6.66667E-04
3.623812,-2.517719E-04,-2.28883E-05,.001
3.624813,2.28883E-05,2.28883E-05,.002
3.625813,-1.983652E-04,3.967304E-04,-6.66667E-04
3.626813,-2.059946E-04,3.50954E-04,-.002
3.627814,-9.15532E-05,2.594013E-04,-6.66667E-04
3.628814,1.983652E-04,3.662128E-04,6.66667E-04
3.629815,2.059946E-04,4.88285E-04,-6.66667E-04
3.630816,1.144414E-04,1.3733E-04,-.001
3.631816,9.918259E-05,-2.594013E-04,6.66667E-04
3.632816,-7.629453E-06,-2.746601E-04,-2.33333E-03
3.633817,2.594013E-04,-6.179847E-04,-.002
3.634818,4.196186E-04,-7.40055E-04,-2.33333E-03
3.635818,3.814716E-04,-5.722083E-04,-.002
3.636818,6.866502E-05,-3.204364E-04,6.66667E-04
3.637819,1.525891E-05,7.629453E-06,.002
3.638819,-3.50954E-04,-5.340599E-05,-6.66667E-04
3.63982,-1.06812E-04,-3.051781E-05,-.002
3.640821,3.051781E-05,4.57766E-05,.001
3.641821,1.907358E-04,-9.918259E-05,-6.66667E-04
3.642821,2.288828E-04,-2.670307E-04,6.66667E-04
3.643822,3.662128E-04,-5.340599E-05,.002
3.644823,3.662128E-04,1.525891E-05,6.66667E-04
3.645823,1.220712E-04,-9.918259E-05,-.001
3.646823,5.340599E-05,-2.365122E-04,.001
3.647824,-2.288828E-04,-4.88285E-04,-.001
3.648824,-3.738422E-04,-3.814721E-05,.001
3.649825,-4.806537E-04,-6.103562E-05,-6.66667E-04
3.650826,-6.866502E-05,-3.204364E-04,-.002
3.651826,-6.103562E-05,-5.950965E-04,2.33333E-03
3.652826,-1.602182E-04,-4.959144E-04,-6.66667E-04
3.653827,-1.678476E-04,9.918259E-05,-.004
3.654828,-2.517719E-04,4.27248E-04,-.001
3.655828,-1.678476E-04,2.059946E-04,-6.66667E-04
3.656828,1.525888E-04,-6.866502E-05,.001
3.657829,2.441425E-04,-1.06812E-04,-.001
3.658829,2.059946E-04,-1.75477E-04,-6.66667E-04
3.65983,1.907358E-04,-4.27248E-04,-.002
3.66083,2.059946E-04,-3.967304E-04,6.66667E-04
3.661831,1.602182E-04,-2.594013E-04,-6.66667E-04
3.662831,4.27248E-04,-3.967304E-04,-6.66667E-04
3.663832,4.577655E-04,-5.340613E-04,-.001
3.664833,1.678476E-04,-4.043598E-04,.001
3.665833,1.602182E-04,-6.103562E-05,-.001
3.666833,-5.340599E-05,9.15532E-05,-.002
3.667834,0,4.88285E-04,.001
3.668834,3.280658E-04,8.697547E-04,-.001
3.669835,3.12807E-04,6.561317E-04,6.66667E-04
3.670835,2.441425E-04,5.188026E-04,.001
3.671836,2.28883E-05,-6.866502E-05,-.002
3.672836,2.822895E-04,-1.602182E-04,-.001
3.673837,3.051776E-04,1.525888E-04,.001
3.674838,2.594013E-04,-1.449594E-04,-6.66667E-04
3.675838,2.212534E-04,-2.517719E-04,-6.66667E-04
3.676838,1.678476E-04,-4.27248E-04,.001
3.677839,-1.602182E-04,-1.220712E-04,-6.66667E-04
3.678839,-1.602182E-04,3.814721E-05,-.001
3.67984,-2.822895E-04,6.103562E-05,.001
3.68084,-1.144414E-04,4.57766E-05,-6.66667E-04
3.681841,1.525891E-05,2.594013E-04,-.004
3.682841,7.629453E-06,3.12807E-04,2.33333E-03
3.683842,2.594013E-04,1.831064E-04,6.66667E-04
3.684843,7.629441E-05,1.75477E-04,-.001
3.685843,-1.602182E-04,1.678476E-04,-.002
3.686843,-1.3733E-04,2.594013E-04,.002
3.687844,-2.365122E-04,9.918259E-05,-2.33333E-03
3.688844,-4.119892E-04,7.629453E-06,.001
3.689845,7.629453E-06,-7.629453E-06,.001
3.690845,3.051776E-04,-6.103562E-05,-.001
3.691846,3.280658E-04,-7.629453E-06,-6.66667E-04
3.692847,1.525888E-04,4.501361E-04,-.001
3.693847,2.822895E-04,5.188026E-04,-.002
3.694848,3.280658E-04,7.01908E-04,-6.66667E-04
3.695848,5.416907E-04,1.907358E-04,-.002
3.696848,2.517719E-04,1.144414E-04,6.66667E-04
3.697849,1.831064E-04,2.365122E-04,-.002
3.698849,1.678476E-04,2.975482E-04,.001
3.69985,3.280658E-04,2.441425E-04,-6.66667E-04
3.70085,4.425067E-04,-2.28883E-05,-6.66667E-04
3.701851,-3.814721E-05,-5.340599E-05,-.001
3.702852,-7.629441E-05,1.831064E-04,-2.33333E-03
3.703852,1.678476E-04,3.662128E-04,6.66667E-04
3.704853,1.525888E-04,3.89101E-04,.001
3.705853,2.365122E-04,3.50954E-04,-6.66667E-04
3.706853,-1.75477E-04,1.983652E-04,-6.66667E-04
3.707854,3.051781E-05,1.75477E-04,-.001
3.708854,-1.144414E-04,0,-.001
3.709855,-2.059946E-04,7.629441E-05,6.66667E-04
3.710855,-1.75477E-04,6.103562E-05,-.002
3.711856,2.059946E-04,2.288828E-04,-.001
3.712857,9.918259E-05,3.051776E-04,6.66667E-04
3.713857,-5.340599E-05,3.356952E-04,-6.66667E-04
3.714858,-2.899189E-04,6.103553E-04,-.002
3.715858,-3.356952E-04,3.662128E-04,-.002
3.716858,-2.975482E-04,1.297006E-04,6.66667E-04
3.717859,-1.602182E-04,-3.051776E-04,-.001
3.718859,2.28883E-05,-6.866492E-04,-6.66667E-04
3.71986,1.525888E-04,-5.264319E-04,-6.66667E-04
3.72086,9.918259E-05,0,-.002
3.721861,-5.340599E-05,3.051781E-05,-6.66667E-04
3.722862,-1.602182E-04,8.392381E-05,-6.66667E-04
3.723862,-3.738422E-04,-1.220712E-04,-.001
3.724863,-2.13624E-04,-5.340613E-04,6.66667E-04
3.725863,-4.27248E-04,-3.204364E-04,.001
3.726863,1.297006E-04,-3.814721E-05,6.66667E-04
3.727864,2.746601E-04,1.602182E-04,-.002
3.728864,3.051781E-05,0,-.001
3.729865,3.051776E-04,-2.670307E-04,-2.33333E-03
3.730865,4.577655E-04,-4.653949E-04,-.002
3.731866,3.50954E-04,-4.27248E-04,-.001
3.732867,1.907358E-04,-4.653949E-04,-.002
3.733867,3.356952E-04,-5.340613E-04,-6.66667E-04
3.734868,2.670307E-04,-5.645789E-04,-2.33333E-03
3.735868,1.525888E-04,-3.433246E-04,-2.33333E-03
3.736868,3.051781E-05,-1.831064E-04,-.002
3.737869,-2.441425E-04,-3.433246E-04,-3.66667E-03
3.73887,-2.13624E-04,2.517719E-04,-.001
3.73987,-2.670307E-04,7.629441E-05,-.001
3.74087,-2.975482E-04,-2.212534E-04,-.001
3.741871,-4.119892E-04,-2.594013E-04,-.001
3.742872,-6.103562E-05,-9.15532E-05,-.002
3.743872,2.059946E-04,-9.918259E-05,.001
3.744873,3.356952E-04,-1.983652E-04,-6.66667E-04
3.745873,4.27248E-04,9.918259E-05,6.66667E-04
3.746873,6.63761E-04,2.822895E-04,6.66667E-04
3.747874,4.27248E-04,3.051781E-05,-.001
3.748875,2.365122E-04,1.06812E-04,-3.66667E-03
3.749875,3.814721E-05,3.89101E-04,-.001
3.750875,4.27248E-04,3.89101E-04,6.66667E-04
3.751876,4.730243E-04,-6.103562E-05,-.002
3.752877,2.746601E-04,4.57766E-05,-6.66667E-04
3.753877,-3.814721E-05,2.059946E-04,6.66667E-04
3.754878,9.918259E-05,0,-.002
3.755878,2.288828E-04,-1.449594E-04,-6.66667E-04
3.756878,6.332435E-04,-6.103562E-05,.001
3.757879,6.332435E-04,-2.899189E-04,-6.66667E-04
3.75888,1.3733E-04,-1.907358E-04,-2.33333E-03
3.75988,1.06812E-04,-1.75477E-04,.001
3.76088,9.918259E-05,-1.525888E-04,-2.33333E-03
3.761881,5.340599E-05,1.06812E-04,-.002
3.762882,2.28883E-05,1.3733E-04,-6.66667E-04
3.763882,1.3733E-04,4.730243E-04,-.001
3.764883,2.059946E-04,2.975482E-04,6.66667E-04
3.765883,2.822895E-04,2.28883E-05,-6.66667E-04
3.766883,0,-6.866502E-05,-6.66667E-04
3.767884,-1.220712E-04,-1.678476E-04,-.001
3.768885,6.103562E-05,-4.348774E-04,3.66667E-03
3.769885,4.425067E-04,-3.662128E-04,.001
3.770885,4.196186E-04,-2.441425E-04,.002
3.771886,-1.983652E-04,-4.119892E-04,-.002
3.772887,-8.392381E-05,-2.288828E-04,-.001
3.773887,1.220712E-04,1.3733E-04,-6.66667E-04
3.774888,6.866502E-05,5.493201E-04,-.001
3.775888,2.288828E-04,3.89101E-04,6.66667E-04
3.776888,3.356952E-04,4.501361E-04,-6.66667E-04
3.777889,3.433246E-04,2.441425E-04,-6.66667E-04
3.77889,3.814721E-05,1.678476E-04,-6.66667E-04
3.77989,-1.678476E-04,1.144414E-04,-.001
3.78089,-1.525888E-04,4.806537E-04,-6.66667E-04
3.781891,-2.212534E-04,3.50954E-04,-.001
3.782892,-2.822895E-04,-1.525888E-04,-3.66667E-03
3.783892,-1.75477E-04,-1.297006E-04,-.002
3.784893,-1.3733E-04,-1.220712E-04,-.002
3.785893,-1.525891E-05,-1.983652E-04,-.001
3.786893,2.13624E-04,-5.340599E-05,6.66667E-04
3.787894,2.594013E-04,-3.814721E-05,6.66667E-04
3.788895,-7.629441E-05,3.50954E-04,-6.66667E-04
3.789895,-2.746601E-04,3.89101E-04,-.001
3.790895,-6.256141E-04,6.866502E-05,-.001
3.791896,-2.288828E-04,-6.103562E-05,6.66667E-04
3.792897,4.57766E-05,4.57766E-05,6.66667E-04
3.793897,-1.449594E-04,2.899189E-04,-6.66667E-04
3.794898,-9.918259E-05,5.645789E-04,-.002
3.795898,-2.28883E-05,4.196186E-04,.002
3.796898,0,3.051776E-04,-3.66667E-03
3.797899,-3.051781E-05,7.629441E-05,6.66667E-04
3.7989,-1.602182E-04,2.441425E-04,-.002
3.7999,-4.653949E-04,1.3733E-04,6.66667E-04
3.8009,-4.653949E-04,4.88285E-04,-.001
3.801901,-3.89101E-04,5.111732E-04,-6.66667E-04
3.802902,-2.594013E-04,4.653949E-04,-6.66667E-04
3.803902,-3.051781E-05,3.051781E-05,-6.66667E-04
3.804903,1.06812E-04,-1.06812E-04,-.001
3.805903,-3.051781E-05,-3.967304E-04,-6.66667E-04
3.806903,-1.220712E-04,-5.340613E-04,.001
3.807904,-1.75477E-04,-5.950965E-04,-.002
3.808905,-4.57766E-05,-8.392381E-05,-.001
3.809905,1.831064E-04,3.280658E-04,-.001
3.810905,-4.57766E-05,2.594013E-04,-6.66667E-04
3.811906,-7.629441E-05,1.525888E-04,-.001
3.812907,-1.220712E-04,1.602182E-04,-6.66667E-04
3.813907,3.356952E-04,3.967304E-04,6.66667E-04
3.814908,3.12807E-04,7.01908E-04,-.002
3.815908,-1.602182E-04,4.043598E-04,-.002
3.816908,-1.3733E-04,3.12807E-04,-.002
3.817909,2.059946E-04,2.059946E-04,-2.33333E-03
3.81891,4.043598E-04,1.144414E-04,-.002
3.81991,3.89101E-04,0,-.001
3.82091,1.907358E-04,-1.831064E-04,6.66667E-04
3.821911,-3.814716E-04,-2.365122E-04,.001
3.822912,-1.220712E-04,-2.13624E-04,.002
3.823912,-3.814721E-05,-3.204364E-04,-.002
3.824913,-1.297006E-04,-6.256141E-04,6.66667E-04
3.825913,3.585834E-04,-5.111732E-04,6.66667E-04
3.826913,4.577655E-04,-1.220712E-04,6.66667E-04
3.827914,5.111732E-04,2.822895E-04,-.001
3.828915,1.144414E-04,2.059946E-04,-.001
3.829915,-3.814721E-05,2.899189E-04,-.002
3.830915,1.449594E-04,-9.15532E-05,.001
3.831916,6.103562E-05,4.57766E-05,2.33333E-03
3.832916,9.918259E-05,1.144414E-04,-.002
3.833917,-6.866502E-05,1.602182E-04,-6.66667E-04
3.834918,-3.585834E-04,2.670307E-04,-.001
3.835918,-1.3733E-04,3.280658E-04,6.66667E-04
3.836918,4.57766E-05,6.866502E-05,-.001
3.837919,1.06812E-04,-2.975482E-04,-.002
3.83892,-3.051781E-05,-4.653949E-04,6.66667E-04
3.83992,6.103562E-05,-3.89101E-04,-.002
3.84092,3.051781E-05,0,.002
3.841921,-1.220712E-04,-5.340599E-05,-6.66667E-04
3.842921,-2.899189E-04,-1.06812E-04,.001
3.843922,-3.662128E-04,-1.525891E-05,-.001
3.844923,-3.738422E-04,1.907358E-04,.001
3.845923,-3.433246E-04,2.212534E-04,.001
3.846923,-9.918259E-05,3.814716E-04,-6.66667E-04
3.847924,2.822895E-04,7.629453E-06,6.66667E-04
3.848925,3.662128E-04,-1.75477E-04,6.66667E-04
3.849925,2.365122E-04,-2.059946E-04,.001
3.850925,2.594013E-04,-4.57766E-05,-2.33333E-03
3.851926,2.441425E-04,7.629441E-05,-.001
3.852926,2.517719E-04,-2.899189E-04,-6.66667E-04
3.853927,4.196186E-04,-3.051776E-04,-.001
3.854928,3.738422E-04,2.594013E-04,6.66667E-04
3.855928,3.967304E-04,3.280658E-04,-6.66667E-04
3.856929,5.264319E-04,9.384193E-04,6.66667E-04
3.857929,1.449594E-04,5.798377E-04,6.66667E-04
3.85893,9.918259E-05,4.57766E-05,-.002
3.85993,1.449594E-04,-1.06812E-04,.001
3.86093,-6.103562E-05,9.15532E-05,-.001
3.861931,9.918259E-05,1.06812E-04,-3.66667E-03
3.862931,9.918259E-05,-3.814721E-05,-.001
3.863932,-1.831064E-04,7.629453E-06,-2.33333E-03
3.864933,-1.907358E-04,1.3733E-04,-.001
3.865933,-2.365122E-04,-3.051781E-05,.002
3.866934,-4.57766E-05,9.918259E-05,-6.66667E-04
3.867934,-1.678476E-04,1.3733E-04,-6.66667E-04
3.868935,-4.348774E-04,2.746601E-04,.002
3.869935,-1.3733E-04,8.392381E-05,-.002
3.870935,-3.585834E-04,1.144414E-04,-.002
3.871936,-5.874671E-04,0,-3.66667E-03
3.872936,-5.264319E-04,-2.899189E-04,.001
3.873937,-3.12807E-04,-5.493201E-04,.001
3.874938,-3.814721E-05,-4.348774E-04,-6.66667E-04
3.875938,0,-2.28883E-05,-6.66667E-04
3.876939,-2.670307E-04,4.57766E-05,.001
3.877939,0,7.629453E-06,2.33333E-03
3.87894,-1.602182E-04,5.340599E-05,6.66667E-04
3.87994,-1.75477E-04,1.297006E-04,6.66667E-04
3.88094,-9.15532E-05,3.967304E-04,2.33333E-03
3.881941,2.13624E-04,3.738422E-04,-6.66667E-04
3.882941,1.907358E-04,2.822895E-04,6.66667E-04
3.883942,2.441425E-04,2.212534E-04,.001
3.884943,9.15532E-05,4.57766E-05,3.66667E-03
3.885943,-1.525888E-04,-7.629453E-06,-6.66667E-04
3.886944,-1.144414E-04,-3.051781E-05,.002
3.887944,-1.75477E-04,-3.433246E-04,-.002
3.888945,-2.975482E-04,-6.713904E-04,-.001
3.889945,-2.28883E-05,-5.874671E-04,.002
3.890945,3.356952E-04,-1.525891E-05,.001
3.891946,2.365122E-04,-1.3733E-04,-2.33333E-03
3.892946,7.629441E-05,-4.043598E-04,-6.66667E-04
3.893947,3.280658E-04,-6.408729E-04,-.002
3.894948,4.501361E-04,-3.89101E-04,-6.66667E-04
3.895948,1.06812E-04,-2.975482E-04,-.002
3.896949,-1.3733E-04,-4.119892E-04,-6.66667E-04
3.897949,-5.340599E-05,-2.975482E-04,-6.66667E-04
3.89895,1.525888E-04,-1.678476E-04,.001
3.89995,-1.678476E-04,-1.06812E-04,-.001
3.90095,-6.103562E-05,-9.15532E-05,-.002
3.901951,9.918259E-05,-1.3733E-04,-6.66667E-04
3.902952,1.525888E-04,4.57766E-05,-6.66667E-04
3.903952,1.525888E-04,-1.144414E-04,-.001
3.904953,1.3733E-04,1.983652E-04,-6.66667E-04
3.905953,1.602182E-04,8.392381E-05,.001
3.906954,3.814721E-05,-1.525888E-04,-.002
3.907954,6.866502E-05,-3.204364E-04,-.002
3.908955,-7.629453E-06,-1.06812E-04,-.002
3.909955,-7.629441E-05,9.918259E-05,-.001
3.910955,-3.967304E-04,-1.907358E-04,6.66667E-04
3.911956,1.06812E-04,5.340599E-05,-6.66667E-04
3.912957,4.88285E-04,3.12807E-04,-.001
3.913957,0,1.75477E-04,-.001
3.914958,-3.280658E-04,-1.06812E-04,-.001
3.915958,-4.27248E-04,-4.27248E-04,.001
3.916959,-2.365122E-04,-5.264319E-04,-6.66667E-04
3.917959,2.28883E-05,-4.577655E-04,-.001
3.91896,-5.340599E-05,0,-.001
3.91996,6.103562E-05,2.594013E-04,-3.66667E-03
3.92096,6.103562E-05,2.059946E-04,-.001
3.921961,2.059946E-04,1.144414E-04,-6.66667E-04
3.922962,6.103562E-05,-1.525891E-05,6.66667E-04
3.923962,9.918259E-05,-1.983652E-04,-6.66667E-04
3.924963,2.517719E-04,-2.670307E-04,-6.66667E-04
3.925963,2.517719E-04,-2.517719E-04,-.001
3.926964,1.678476E-04,-2.288828E-04,-3.66667E-03
3.927964,-7.629441E-05,2.28883E-05,-.002
3.928965,-1.144414E-04,-7.629453E-06,-6.66667E-04
3.929965,2.365122E-04,-6.103562E-05,2.33333E-03
3.930965,2.365122E-04,-6.103562E-05,-6.66667E-04
3.931966,-3.814721E-05,-2.441425E-04,-.002
3.932967,-2.594013E-04,-1.06812E-04,-.002
3.933967,-3.204364E-04,1.144414E-04,-6.66667E-04
3.934968,-5.798377E-04,-2.212534E-04,-.002
3.935968,-5.416907E-04,-1.144414E-04,-.002
3.936969,-5.264319E-04,-1.220712E-04,-.001
3.937969,-2.670307E-04,-2.13624E-04,.001
3.93897,-6.103562E-05,-1.3733E-04,-6.66667E-04
3.93997,1.525888E-04,7.629453E-06,-6.66667E-04
3.94097,2.594013E-04,1.907358E-04,-6.66667E-04
3.941971,5.798377E-04,2.365122E-04,-6.66667E-04
3.942972,4.88285E-04,8.392381E-05,6.66667E-04
3.943972,2.746601E-04,1.220712E-04,-6.66667E-04
3.944973,4.577655E-04,4.57766E-05,-6.66667E-04
3.945973,4.119892E-04,1.449594E-04,.002
3.946974,5.569495E-04,-1.06812E-04,-.002
3.947974,2.059946E-04,-1.907358E-04,.001
3.948975,-2.746601E-04,-3.738422E-04,6.66667E-04
3.949975,-3.89101E-04,-6.866502E-05,-3.66667E-03
3.950975,-4.27248E-04,1.525891E-05,-.001
3.951976,9.918259E-05,-1.220712E-04,-.001
3.952977,2.517719E-04,7.629441E-05,-.001
3.953977,5.569495E-04,1.3733E-04,-6.66667E-04
3.954978,3.433246E-04,4.57766E-05,-.001
3.955978,1.06812E-04,-1.525891E-05,-.002
3.956979,-1.525888E-04,-5.340599E-05,-.002
3.957979,-1.220712E-04,3.051781E-05,.001
3.95898,-1.678476E-04,-3.50954E-04,-6.66667E-04
3.95998,2.059946E-04,-1.144414E-04,.001
3.96098,3.585834E-04,-5.340599E-05,6.66667E-04
3.961981,1.06812E-04,-2.212534E-04,-.001
3.962982,-2.594013E-04,-1.602182E-04,-6.66667E-04
3.963982,-1.144414E-04,-2.059946E-04,.002
3.964983,-1.602182E-04,1.831064E-04,-6.66667E-04
3.965983,-2.288828E-04,-1.602182E-04,-.002
3.966984,-4.806537E-04,-2.365122E-04,-.001
3.967984,-3.356952E-04,-2.517719E-04,-2.33333E-03
3.968985,-1.831064E-04,-4.425067E-04,.002
3.969985,-3.12807E-04,-2.28883E-05,-.001
3.970985,-3.50954E-04,-5.340599E-05,-6.66667E-04
3.971986,-1.297006E-04,-8.392381E-05,.001
3.972987,-8.392381E-05,7.629453E-06,-.001
3.973987,-1.144414E-04,-5.340599E-05,.001
3.974988,-1.525888E-04,-2.899189E-04,-6.66667E-04
3.975988,-2.746601E-04,-1.144414E-04,6.66667E-04
3.976989,-2.059946E-04,-4.57766E-05,-.002
3.977989,-2.670307E-04,-2.365122E-04,.002
3.97899,-5.340613E-04,4.57766E-05,2.33333E-03
3.97999,-4.27248E-04,1.06812E-04,-.001
3.98099,-7.629453E-06,-3.662128E-04,6.66667E-04
3.981991,4.27248E-04,-4.043598E-04,-6.66667E-04
3.982992,7.171668E-04,2.28883E-05,-.001
3.983992,5.722083E-04,2.059946E-04,-6.66667E-04
3.984993,2.670307E-04,9.15532E-05,6.66667E-04
3.985993,-3.814721E-05,-1.144414E-04,-2.33333E-03
3.986994,-3.433246E-04,-7.629453E-06,6.66667E-04
3.987994,-4.653949E-04,2.822895E-04,-.001
3.988995,-2.746601E-04,9.918259E-05,-.002
3.989995,3.814721E-05,-8.392381E-05,-6.66667E-04
3.990995,1.983652E-04,-2.517719E-04,-2.33333E-03
3.991996,1.06812E-04,-3.585834E-04,.001
3.992997,1.3733E-04,-1.06812E-04,.001
3.993997,7.629453E-06,4.57766E-05,-.002
3.994998,7.629441E-05,1.907358E-04,-6.66667E-04
3.995998,2.670307E-04,1.75477E-04,-.002
3.996999,-5.340599E-05,1.831064E-04,6.66667E-04
3.997999,7.629453E-06,2.822895E-04,-.002
3.999,2.975482E-04,1.831064E-04,-6.66667E-04
4,3.280658E-04,-1.297006E-04,-6.66667E-04
