"c:\users\esrlabn1\desktop\bence\ir_spectroscopy\532nm_odmr\magnet_map_2_680nm\425.dat  ---  04-28-2026 07:06:38"
""
"cavityli 20 2 4 2000 1 0 0"
"                             ;                             ;seth_xesr_precise 212.89 1 0 1.6585127201565557"
"setlockin 188.67 0.004 0 0.03 0.2"
4,2000
2,1.297006E-04,-4.501361E-04,-.001
2.001,2.594013E-04,-3.662128E-04,.001
2.002001,1.06812E-04,-8.392381E-05,-.001
2.003001,4.57766E-05,2.28883E-05,6.66667E-04
2.004002,2.746601E-04,2.594013E-04,-.002
2.005002,3.738422E-04,2.975482E-04,-.002
2.006003,1.525888E-04,1.06812E-04,-.002
2.007004,-3.204364E-04,-7.629441E-05,6.66667E-04
2.008004,-5.340613E-04,-3.051781E-05,-6.66667E-04
2.009005,-1.525888E-04,-1.3733E-04,-.002
2.010005,-7.629441E-05,-2.13624E-04,-.001
2.011005,-1.602182E-04,-3.280658E-04,-3.66667E-03
2.012006,-3.662128E-04,-2.059946E-04,-.002
2.013006,-3.12807E-04,1.220712E-04,6.66667E-04
2.014007,-2.746601E-04,1.525888E-04,.001
2.015007,1.525888E-04,9.15532E-05,.001
2.016008,2.594013E-04,1.831064E-04,-.001
2.017009,1.602182E-04,5.264319E-04,6.66667E-04
2.018009,-5.340599E-05,3.89101E-04,-3.66667E-03
2.01901,-6.866502E-05,3.051776E-04,-.001
2.02001,-1.831064E-04,5.874671E-04,6.66667E-04
2.02101,-9.918259E-05,5.264319E-04,-.001
2.022011,-2.670307E-04,1.449594E-04,-.004
2.023011,-2.288828E-04,-1.06812E-04,-.002
2.024012,3.89101E-04,-4.88285E-04,.001
2.025012,5.111732E-04,-6.256141E-04,-2.33333E-03
2.026013,6.103553E-04,-2.670307E-04,-.002
2.027014,2.975482E-04,1.602182E-04,6.66667E-04
2.028014,4.88285E-04,4.730243E-04,-.001
2.029015,2.670307E-04,1.297006E-04,-.002
2.030015,1.907358E-04,2.441425E-04,6.66667E-04
2.031015,2.441425E-04,6.103562E-05,.001
2.032016,3.967304E-04,-4.57766E-05,-6.66667E-04
2.033016,1.75477E-04,5.340599E-05,-6.66667E-04
2.034017,2.212534E-04,1.144414E-04,6.66667E-04
2.035017,9.918259E-05,9.918259E-05,-.002
2.036018,7.629441E-05,-1.678476E-04,-.002
2.037019,2.28883E-05,-1.06812E-04,-2.33333E-03
2.038019,8.392381E-05,6.103562E-05,-.002
2.03902,-1.75477E-04,1.678476E-04,-.001
2.04002,-2.13624E-04,1.525891E-05,-6.66667E-04
2.04102,7.629453E-06,1.06812E-04,-.001
2.042021,-3.12807E-04,-5.340599E-05,-6.66667E-04
2.043021,-4.806537E-04,-3.12807E-04,-.001
2.044022,-2.975482E-04,-4.806537E-04,-6.66667E-04
2.045022,-4.653949E-04,-1.449594E-04,-6.66667E-04
2.046023,-3.204364E-04,-1.678476E-04,-6.66667E-04
2.047024,3.280658E-04,-1.983652E-04,-.002
2.048024,2.670307E-04,-9.918259E-05,6.66667E-04
2.049025,-6.866502E-05,3.356952E-04,6.66667E-04
2.050025,-3.356952E-04,4.730243E-04,.001
2.051026,-3.814716E-04,2.594013E-04,-.001
2.052026,-2.288828E-04,0,-.001
2.053026,-1.06812E-04,1.297006E-04,-6.66667E-04
2.054027,4.57766E-05,9.918259E-05,-.001
2.055027,8.392381E-05,2.059946E-04,-6.66667E-04
2.056028,3.738422E-04,2.822895E-04,2.33333E-03
2.057029,2.059946E-04,2.594013E-04,6.66667E-04
2.058029,-1.602182E-04,4.57766E-05,6.66667E-04
2.05903,0,-2.212534E-04,.001
2.06003,2.594013E-04,-2.441425E-04,-.001
2.061031,2.594013E-04,1.144414E-04,-6.66667E-04
2.062031,1.983652E-04,-2.28883E-05,.001
2.063031,2.13624E-04,7.629441E-05,-6.66667E-04
2.064032,5.722083E-04,3.814716E-04,-.004
2.065032,2.975482E-04,2.288828E-04,.001
2.066033,4.57766E-05,-1.525891E-05,-.001
2.067034,-3.50954E-04,-1.449594E-04,.001
2.068034,-5.645789E-04,-1.602182E-04,-.004
2.069035,-5.340613E-04,-6.103562E-05,-6.66667E-04
2.070035,-5.340599E-05,-3.814716E-04,6.66667E-04
2.071036,1.144414E-04,-5.493201E-04,.002
2.072036,6.103562E-05,-2.822895E-04,6.66667E-04
2.073036,2.212534E-04,-1.220712E-04,-6.66667E-04
2.074037,3.12807E-04,-2.13624E-04,-6.66667E-04
2.075037,-5.340599E-05,-2.365122E-04,-2.33333E-03
2.076038,-2.670307E-04,-2.288828E-04,-6.66667E-04
2.077039,-1.297006E-04,-3.662128E-04,-.001
2.078039,1.907358E-04,-2.822895E-04,-.002
2.07904,-2.059946E-04,-4.653949E-04,2.33333E-03
2.08004,-3.814716E-04,-3.814716E-04,-6.66667E-04
2.081041,1.525888E-04,-5.340599E-05,-6.66667E-04
2.082041,-2.441425E-04,4.57766E-05,6.66667E-04
2.083041,-3.051776E-04,3.051781E-05,-.002
2.084042,-3.280658E-04,1.525888E-04,.001
2.085042,-6.332435E-04,1.983652E-04,-.001
2.086043,-7.553138E-04,5.340599E-05,-.002
2.087044,-1.831064E-04,7.629441E-05,-3.66667E-03
2.088044,-2.059946E-04,1.525888E-04,.001
2.089045,-4.806537E-04,4.57766E-05,.001
2.090045,-4.119892E-04,9.918259E-05,.002
2.091046,-2.441425E-04,2.517719E-04,-.002
2.092046,-9.15532E-05,2.059946E-04,6.66667E-04
2.093046,-6.866502E-05,4.57766E-05,-6.66667E-04
2.094047,1.525891E-05,-7.629453E-06,-6.66667E-04
2.095047,-1.525888E-04,-7.629453E-06,-.001
2.096048,-1.907358E-04,1.525888E-04,-6.66667E-04
2.097049,-1.525891E-05,3.738422E-04,-.001
2.098049,1.907358E-04,6.103562E-05,-.002
2.09905,3.280658E-04,-4.730243E-04,-.001
2.10005,1.678476E-04,-4.806537E-04,-6.66667E-04
2.101051,-6.103562E-05,-4.501361E-04,-.002
2.102051,0,-4.653949E-04,.001
2.103051,-7.629453E-06,-3.662128E-04,-.001
2.104052,1.525891E-05,-1.220712E-04,2.33333E-03
2.105052,-4.196186E-04,-2.28883E-05,-.002
2.106053,-4.806537E-04,1.831064E-04,-6.66667E-04
2.107054,-4.27248E-04,3.12807E-04,-.002
2.108054,-2.365122E-04,2.670307E-04,-.001
2.109055,-1.831064E-04,4.119892E-04,-.001
2.110055,-2.670307E-04,9.460486E-04,-6.66667E-04
2.111056,-2.670307E-04,9.002723E-04,6.66667E-04
2.112056,-1.831064E-04,5.111732E-04,-.002
2.113056,1.678476E-04,9.918259E-05,-.001
2.114057,6.103562E-05,-1.297006E-04,.001
2.115057,-5.874671E-04,-3.738422E-04,-.001
2.116058,-5.874671E-04,-8.392381E-05,.002
2.117059,-4.348774E-04,0,.002
2.118059,-3.814716E-04,1.06812E-04,-2.33333E-03
2.11906,-2.365122E-04,3.12807E-04,-2.33333E-03
2.12006,-9.15532E-05,3.738422E-04,6.66667E-04
2.121061,9.918259E-05,3.50954E-04,.002
2.122061,9.15532E-05,2.746601E-04,-6.66667E-04
2.123062,7.629453E-06,2.746601E-04,.001
2.124062,-7.629441E-05,1.525891E-05,-.002
2.125062,-7.629441E-05,1.525888E-04,-.001
2.126063,1.3733E-04,4.57766E-05,-6.66667E-04
2.127064,2.059946E-04,-7.629453E-06,-.001
2.128064,3.356952E-04,9.918259E-05,-6.66667E-04
2.129065,7.629441E-05,6.866502E-05,6.66667E-04
2.130065,-1.602182E-04,-4.57766E-05,-2.33333E-03
2.131066,-3.738422E-04,-5.340599E-05,-.002
2.132066,-1.983652E-04,-1.525891E-05,-6.66667E-04
2.133067,2.28883E-05,4.57766E-05,-6.66667E-04
2.134067,-9.15532E-05,-2.594013E-04,.001
2.135067,-2.288828E-04,-3.585834E-04,-6.66667E-04
2.136068,-8.392381E-05,-4.57766E-05,-6.66667E-04
2.137069,-5.340599E-05,1.907358E-04,-.001
2.138069,-2.28883E-05,-7.629441E-05,-.001
2.13907,-2.594013E-04,-4.425067E-04,-.002
2.14007,-1.220712E-04,-2.899189E-04,6.66667E-04
2.141071,3.814721E-05,-4.27248E-04,-.002
2.142071,-3.051776E-04,-3.814716E-04,-6.66667E-04
2.143072,-1.525891E-05,-1.525891E-05,-.002
2.144072,1.983652E-04,1.907358E-04,-6.66667E-04
2.145072,1.449594E-04,-6.866502E-05,.001
2.146073,1.220712E-04,-1.3733E-04,-.001
2.147074,-6.103562E-05,-4.57766E-05,6.66667E-04
2.148074,4.57766E-05,3.051781E-05,-.002
2.149075,1.75477E-04,3.051781E-05,-6.66667E-04
2.150075,2.28883E-05,-9.15532E-05,-.001
2.151076,0,-2.059946E-04,-.002
2.152076,0,-4.653949E-04,.002
2.153077,9.15532E-05,-4.425067E-04,.001
2.154077,-1.297006E-04,-1.678476E-04,6.66667E-04
2.155077,-1.602182E-04,3.12807E-04,-.001
2.156078,1.144414E-04,6.027259E-04,6.66667E-04
2.157079,-1.06812E-04,1.983652E-04,6.66667E-04
2.158079,-4.57766E-05,-6.103562E-05,-.002
2.15908,1.3733E-04,-1.602182E-04,-6.66667E-04
2.16008,-5.340599E-05,2.059946E-04,-.002
2.161081,2.670307E-04,1.831064E-04,-6.66667E-04
2.162081,6.942786E-04,-2.594013E-04,-.002
2.163082,5.188026E-04,-6.027259E-04,-2.33333E-03
2.164082,2.975482E-04,-3.738422E-04,-2.33333E-03
2.165082,2.212534E-04,-3.738422E-04,.002
2.166083,1.75477E-04,-3.738422E-04,6.66667E-04
2.167084,4.88285E-04,-1.602182E-04,.001
2.168084,4.501361E-04,-6.866502E-05,-.001
2.169085,7.629441E-05,9.918259E-05,.001
2.170085,7.629441E-05,2.288828E-04,-6.66667E-04
2.171086,-1.220712E-04,-7.629453E-06,6.66667E-04
2.172086,8.392381E-05,-1.297006E-04,-6.66667E-04
2.173087,4.043598E-04,-3.814721E-05,-6.66667E-04
2.174087,4.196186E-04,0,-.002
2.175087,1.525888E-04,2.822895E-04,-.002
2.176088,1.983652E-04,4.88285E-04,-6.66667E-04
2.177088,1.06812E-04,7.476844E-04,-.002
2.178089,2.441425E-04,9.079017E-04,6.66667E-04
2.17909,1.144414E-04,7.553138E-04,.002
2.18009,-2.517719E-04,6.103553E-04,-6.66667E-04
2.181091,1.525891E-05,4.501361E-04,6.66667E-04
2.182091,2.28883E-05,4.348774E-04,-.001
2.183092,-1.449594E-04,4.730243E-04,-.002
2.184092,-2.13624E-04,2.594013E-04,-6.66667E-04
2.185092,2.059946E-04,2.28883E-05,.002
2.186093,-1.525888E-04,9.918259E-05,.001
2.187093,-3.204364E-04,1.983652E-04,.001
2.188094,-6.866502E-05,2.975482E-04,-3.66667E-03
2.189095,1.831064E-04,-3.051781E-05,-6.66667E-04
2.190095,6.103562E-05,-3.89101E-04,-.001
2.191096,-1.06812E-04,-1.449594E-04,-.002
2.192096,-1.983652E-04,-3.738422E-04,6.66667E-04
2.193097,-1.525891E-05,-4.043598E-04,-.002
2.194097,2.365122E-04,-1.525891E-05,-.001
2.195097,1.525888E-04,-7.629453E-06,-.001
2.196098,1.75477E-04,3.585834E-04,-6.66667E-04
2.197098,1.06812E-04,3.280658E-04,-.002
2.198099,9.918259E-05,-6.103562E-05,.001
2.1991,1.983652E-04,-2.670307E-04,-6.66667E-04
2.2001,3.814721E-05,1.75477E-04,.001
2.201101,-9.15532E-05,3.280658E-04,6.66667E-04
2.202101,-9.15532E-05,3.967304E-04,-.002
2.203102,6.103562E-05,4.348774E-04,-.002
2.204102,3.280658E-04,1.907358E-04,6.66667E-04
2.205102,1.907358E-04,4.57766E-05,-6.66667E-04
2.206103,-3.662128E-04,-9.918259E-05,-6.66667E-04
2.207103,-3.356952E-04,2.975482E-04,6.66667E-04
2.208104,-1.983652E-04,3.50954E-04,-.002
2.209105,-4.653949E-04,2.975482E-04,-6.66667E-04
2.210105,-4.27248E-04,3.12807E-04,-2.33333E-03
2.211106,-1.297006E-04,3.814716E-04,-.001
2.212106,5.340599E-05,2.899189E-04,-6.66667E-04
2.213107,3.051781E-05,3.967304E-04,-.001
2.214107,1.831064E-04,5.416907E-04,-.001
2.215107,-1.907358E-04,5.874671E-04,.001
2.216108,-3.50954E-04,-1.75477E-04,6.66667E-04
2.217108,-5.111732E-04,-4.88285E-04,-6.66667E-04
2.218109,-4.196186E-04,-2.059946E-04,.001
2.21911,-4.501361E-04,1.449594E-04,-6.66667E-04
2.22011,-1.602182E-04,3.50954E-04,2.33333E-03
2.221111,-1.06812E-04,4.425067E-04,-.001
2.222111,-1.831064E-04,5.798377E-04,-.002
2.223112,-3.662128E-04,2.975482E-04,-2.33333E-03
2.224112,-3.585834E-04,4.425067E-04,-.002
2.225112,-9.918259E-05,3.738422E-04,-6.66667E-04
2.226113,3.433246E-04,2.441425E-04,-6.66667E-04
2.227113,-3.814721E-05,3.051776E-04,-.002
2.228114,-2.059946E-04,3.814721E-05,-6.66667E-04
2.229115,-2.13624E-04,-2.365122E-04,-6.66667E-04
2.230115,1.75477E-04,-1.220712E-04,.001
2.231116,4.196186E-04,3.051781E-05,-6.66667E-04
2.232116,3.280658E-04,-2.670307E-04,6.66667E-04
2.233117,1.3733E-04,-3.738422E-04,6.66667E-04
2.234117,-1.75477E-04,-3.738422E-04,.001
2.235118,-3.433246E-04,-2.746601E-04,-.001
2.236118,-3.738422E-04,-3.051781E-05,-.002
2.237118,-2.670307E-04,-2.059946E-04,-.001
2.238119,-3.50954E-04,-3.738422E-04,-6.66667E-04
2.23912,-2.899189E-04,-1.602182E-04,-.002
2.24012,-4.425067E-04,-2.13624E-04,-.002
2.241121,-3.585834E-04,-2.899189E-04,-6.66667E-04
2.242121,-3.051776E-04,7.629453E-06,.001
2.243122,-9.15532E-05,-2.822895E-04,.001
2.244122,-9.15532E-05,-2.746601E-04,.001
2.245123,-3.356952E-04,-3.738422E-04,-.002
2.246123,-6.713904E-04,-7.629441E-05,-6.66667E-04
2.247123,-3.051776E-04,1.907358E-04,-.002
2.248124,-1.06812E-04,2.28883E-05,-6.66667E-04
2.249125,-9.15532E-05,-3.204364E-04,6.66667E-04
2.250125,2.365122E-04,-2.975482E-04,6.66667E-04
2.251126,4.425067E-04,-1.144414E-04,-.001
2.252126,3.585834E-04,-1.144414E-04,6.66667E-04
2.253127,3.12807E-04,-5.340599E-05,.001
2.254127,-7.629453E-06,-5.340599E-05,.001
2.255128,1.983652E-04,-2.975482E-04,-.001
2.256128,3.433246E-04,-1.983652E-04,-.002
2.257128,1.3733E-04,2.059946E-04,-.001
2.258129,-1.3733E-04,3.50954E-04,6.66667E-04
2.25913,-3.204364E-04,-3.814721E-05,-6.66667E-04
2.26013,-2.212534E-04,1.297006E-04,-.002
2.261131,2.13624E-04,2.822895E-04,-6.66667E-04
2.262131,2.899189E-04,-9.918259E-05,-.001
2.263132,2.059946E-04,-2.746601E-04,-.001
2.264132,-4.196186E-04,-1.144414E-04,-.001
2.265133,-5.340613E-04,-3.204364E-04,-.001
2.266133,-7.553138E-04,-1.525888E-04,-2.33333E-03
2.267133,-8.468665E-04,-1.297006E-04,-6.66667E-04
2.268134,-5.874671E-04,-1.983652E-04,-6.66667E-04
2.269135,-4.959144E-04,-4.730243E-04,6.66667E-04
2.270135,-3.738422E-04,-5.035438E-04,.002
2.271136,-5.340599E-05,-5.798377E-04,.001
2.272136,-3.051781E-05,-3.50954E-04,-6.66667E-04
2.273137,9.15532E-05,-1.06812E-04,-.001
2.274137,4.57766E-05,-7.629441E-05,6.66667E-04
2.275138,-1.144414E-04,-2.212534E-04,-.002
2.276138,-1.75477E-04,-5.340599E-05,6.66667E-04
2.277139,-2.059946E-04,-8.392381E-05,-.002
2.278139,4.57766E-05,4.57766E-05,-.002
2.27914,-2.288828E-04,5.111732E-04,-.002
2.28014,-9.918259E-05,1.907358E-04,-6.66667E-04
2.281141,-1.75477E-04,2.13624E-04,-6.66667E-04
2.282141,-3.051776E-04,3.585834E-04,-.001
2.283142,-3.814721E-05,-1.525891E-05,-6.66667E-04
2.284142,1.602182E-04,-1.449594E-04,.002
2.285143,-1.3733E-04,-2.670307E-04,-.001
2.286143,-4.119892E-04,-9.15532E-05,-6.66667E-04
2.287144,-2.746601E-04,1.144414E-04,6.66667E-04
2.288144,-3.433246E-04,4.57766E-05,-6.66667E-04
2.289145,-3.356952E-04,2.059946E-04,-.002
2.290145,-2.822895E-04,5.035438E-04,-6.66667E-04
2.291146,-4.806537E-04,5.416907E-04,6.66667E-04
2.292146,-5.874671E-04,3.051781E-05,.001
2.293147,-5.416907E-04,-4.27248E-04,-.001
2.294147,-2.13624E-04,-5.493201E-04,-.002
2.295148,-2.899189E-04,-1.907358E-04,-6.66667E-04
2.296148,-3.967304E-04,6.103562E-05,-.001
2.297149,-2.670307E-04,3.814721E-05,-.002
2.298149,1.525891E-05,-1.06812E-04,-6.66667E-04
2.29915,-2.288828E-04,-7.629453E-06,.001
2.30015,-3.12807E-04,8.392381E-05,-3.66667E-03
2.301151,2.517719E-04,2.441425E-04,.001
2.302151,1.525888E-04,2.059946E-04,-.002
2.303152,0,4.27248E-04,.002
2.304152,2.28883E-05,5.569495E-04,.001
2.305153,3.585834E-04,3.662128E-04,.001
2.306153,1.831064E-04,3.89101E-04,.001
2.307154,1.678476E-04,0,.001
2.308154,1.525888E-04,-3.814716E-04,-.002
2.309155,2.441425E-04,-3.280658E-04,-.002
2.310155,2.746601E-04,9.918259E-05,.001
2.311156,1.678476E-04,3.662128E-04,6.66667E-04
2.312156,1.907358E-04,1.831064E-04,-.001
2.313157,-1.75477E-04,2.899189E-04,-6.66667E-04
2.314157,-1.525888E-04,1.602182E-04,.001
2.315158,-4.577655E-04,-3.051781E-05,3.66667E-03
2.316158,-6.63761E-04,1.144414E-04,-.001
2.317159,-5.722083E-04,3.738422E-04,.001
2.318159,-6.561317E-04,6.103553E-04,-.001
2.31916,-6.63761E-04,4.653949E-04,.001
2.32016,-5.950965E-04,1.525888E-04,.001
2.321161,-6.713904E-04,3.204364E-04,-6.66667E-04
2.322161,-1.060493E-03,9.918259E-05,.001
2.323162,-2.113357E-03,6.103562E-05,-.001
2.324162,-3.448501E-03,4.57766E-05,-.002
2.325163,-4.844695E-03,-7.629453E-06,-2.33333E-03
2.326163,-6.248504E-03,4.806537E-04,.001
2.327164,-7.614166E-03,7.858314E-04,-.002
2.328164,-9.933531E-03,5.264319E-04,-6.66667E-04
2.329165,-1.312262E-02,1.144414E-04,-2.33333E-03
2.330165,-1.699078E-02,-3.738422E-04,6.66667E-04
2.331166,-.0205766,-7.934608E-04,-.001
2.332166,-2.295697E-02,-9.689368E-04,.001
2.333167,-.024315,-1.09864E-03,.001
2.334167,-2.491009E-02,-1.190193E-03,-6.66667E-04
2.335168,-2.452862E-02,-1.136787E-03,-.002
2.336168,-2.274334E-02,-8.544959E-04,-6.66667E-04
2.337169,-1.960003E-02,-6.866492E-04,-.002
2.338169,-1.627362E-02,-4.730243E-04,.001
2.33917,-1.320654E-02,-3.662128E-04,-.002
2.34017,-9.857237E-03,-3.204364E-04,-6.66667E-04
2.341171,-7.072479E-03,-2.13624E-04,-2.33333E-03
2.342171,-5.149871E-03,-3.814721E-05,2.33333E-03
2.343172,-3.753677E-03,-4.425067E-04,6.66667E-04
2.344172,-2.937332E-03,-2.13624E-04,-6.66667E-04
2.345173,-2.098098E-03,-3.280658E-04,-.001
2.346173,-1.182564E-03,-3.433246E-04,6.66667E-04
2.347174,-7.40055E-04,-1.525891E-05,-.002
2.348174,-7.705726E-04,-2.441425E-04,.001
2.349174,-4.348774E-04,9.15532E-05,-6.66667E-04
2.350175,-6.866502E-05,3.662128E-04,6.66667E-04
2.351176,1.983652E-04,4.730243E-04,-.001
2.352176,2.822895E-04,2.975482E-04,6.66667E-04
2.353177,2.212534E-04,3.12807E-04,-.001
2.354177,-3.814721E-05,2.670307E-04,-.002
2.355178,2.13624E-04,-3.814721E-05,-.001
2.356178,3.433246E-04,-5.340599E-05,-6.66667E-04
2.357179,2.594013E-04,2.899189E-04,-2.33333E-03
2.358179,1.449594E-04,1.831064E-04,-6.66667E-04
2.359179,5.340599E-05,-5.340599E-05,6.66667E-04
2.36018,3.051781E-05,3.662128E-04,-3.66667E-03
2.361181,1.144414E-04,7.324256E-04,-.002
2.362181,4.501361E-04,4.730243E-04,-.002
2.363182,4.57766E-05,1.525888E-04,6.66667E-04
2.364182,-4.119892E-04,-2.670307E-04,-2.33333E-03
2.365183,-1.220712E-04,-3.051776E-04,6.66667E-04
2.366183,-1.525888E-04,-3.662128E-04,-6.66667E-04
2.367184,-6.408729E-04,-3.662128E-04,-6.66667E-04
2.368184,-3.585834E-04,-5.874671E-04,6.66667E-04
2.369184,-3.356952E-04,-3.433246E-04,.001
2.370185,-3.051776E-04,-1.75477E-04,6.66667E-04
2.371186,3.051781E-05,-3.204364E-04,-6.66667E-04
2.372186,0,-1.06812E-04,-.002
2.373187,1.220712E-04,-1.3733E-04,-.001
2.374187,-1.144414E-04,-2.670307E-04,-6.66667E-04
2.375188,-1.06812E-04,-2.517719E-04,-6.66667E-04
2.376188,3.814721E-05,-1.449594E-04,-.001
2.377189,1.907358E-04,2.28883E-05,.001
2.378189,-2.28883E-05,1.525888E-04,-2.33333E-03
2.379189,-4.806537E-04,2.670307E-04,-6.66667E-04
2.38019,-5.035438E-04,1.220712E-04,-.002
2.381191,-3.051781E-05,2.059946E-04,-6.66667E-04
2.382191,1.678476E-04,-9.15532E-05,-.001
2.383192,1.678476E-04,3.051781E-05,-.002
2.384192,9.918259E-05,-2.212534E-04,-6.66667E-04
2.385193,-5.340599E-05,-2.212534E-04,6.66667E-04
2.386193,4.57766E-05,8.392381E-05,-6.66667E-04
2.387194,2.059946E-04,1.75477E-04,-2.33333E-03
2.388194,2.13624E-04,1.06812E-04,-6.66667E-04
2.389194,3.051781E-05,3.12807E-04,.001
2.390195,3.12807E-04,1.297006E-04,-.002
2.391196,-1.06812E-04,1.831064E-04,6.66667E-04
2.392196,-2.28883E-05,2.28883E-05,-.002
2.393197,-2.975482E-04,-6.866502E-05,-.004
2.394197,-4.806537E-04,-5.340599E-05,-.002
2.395198,-4.730243E-04,1.3733E-04,6.66667E-04
2.396198,-3.433246E-04,1.525888E-04,.001
2.397199,4.57766E-05,3.204364E-04,-.001
2.398199,-1.907358E-04,7.553138E-04,-.001
2.399199,-1.602182E-04,6.942786E-04,-.001
2.4002,-1.75477E-04,5.798377E-04,-6.66667E-04
2.401201,-1.602182E-04,4.119892E-04,-.001
2.402201,2.365122E-04,-1.144414E-04,-.001
2.403202,2.899189E-04,-2.670307E-04,-.001
2.404202,0,1.144414E-04,.001
2.405203,-1.297006E-04,1.75477E-04,6.66667E-04
2.406203,-1.144414E-04,3.12807E-04,-.002
2.407204,-1.602182E-04,5.264319E-04,-.002
2.408204,6.103562E-05,2.517719E-04,6.66667E-04
2.409204,-2.288828E-04,1.831064E-04,6.66667E-04
2.410205,-1.144414E-04,-1.525891E-05,2.33333E-03
2.411206,-2.365122E-04,-2.13624E-04,-6.66667E-04
2.412206,-5.264319E-04,-4.043598E-04,-6.66667E-04
2.413207,-6.485023E-04,-5.111732E-04,-6.66667E-04
2.414207,-3.89101E-04,-3.814716E-04,-6.66667E-04
2.415208,-1.449594E-04,1.831064E-04,-.001
2.416208,-6.866502E-05,1.220712E-04,6.66667E-04
2.417209,-7.629453E-06,-5.340613E-04,.001
2.418209,1.220712E-04,-1.907358E-04,-6.66667E-04
2.41921,1.983652E-04,3.356952E-04,-6.66667E-04
2.42021,9.918259E-05,2.670307E-04,6.66667E-04
2.421211,3.051781E-05,0,.001
2.422211,-3.662128E-04,-2.13624E-04,-.002
2.423212,-6.027259E-04,-4.806537E-04,-.002
2.424212,-2.822895E-04,-5.264319E-04,-.002
2.425213,9.918259E-05,-4.27248E-04,6.66667E-04
2.426213,-4.119892E-04,-5.111732E-04,-.001
2.427214,-5.264319E-04,-4.196186E-04,6.66667E-04
2.428214,-4.806537E-04,-2.365122E-04,6.66667E-04
2.429215,-6.63761E-04,-9.15532E-05,-.002
2.430215,-5.569495E-04,-2.13624E-04,-6.66667E-04
2.431216,-1.06812E-04,-5.340599E-05,-.001
2.432216,-5.340599E-05,1.525888E-04,-.001
2.433217,6.866502E-05,1.449594E-04,6.66667E-04
2.434217,2.212534E-04,7.629441E-05,.001
2.435218,9.15532E-05,-4.119892E-04,-.001
2.436218,4.57766E-05,-3.204364E-04,-.001
2.437219,0,-4.425067E-04,-.002
2.438219,-1.220712E-04,-5.340613E-04,-6.66667E-04
2.43922,-1.297006E-04,-4.425067E-04,-.002
2.44022,1.297006E-04,3.051781E-05,6.66667E-04
2.441221,2.594013E-04,3.738422E-04,-6.66667E-04
2.442221,-2.28883E-05,5.264319E-04,-.001
2.443222,-5.340599E-05,2.594013E-04,.001
2.444222,-1.3733E-04,1.297006E-04,-.001
2.445223,-9.15532E-05,-1.06812E-04,-.002
2.446223,2.594013E-04,-2.517719E-04,-.001
2.447224,2.059946E-04,-2.670307E-04,-.001
2.448224,-2.28883E-05,-3.280658E-04,-6.66667E-04
2.449225,-1.220712E-04,2.594013E-04,6.66667E-04
2.450225,-5.340599E-05,3.280658E-04,.001
2.451226,-1.06812E-04,1.297006E-04,-.001
2.452226,-6.866502E-05,4.57766E-05,-6.66667E-04
2.453227,0,-1.75477E-04,-6.66667E-04
2.454227,3.814721E-05,-3.051776E-04,-6.66667E-04
2.455228,-1.525891E-05,-1.678476E-04,6.66667E-04
2.456228,-8.392381E-05,7.629441E-05,6.66667E-04
2.457229,-1.907358E-04,2.28883E-05,-.002
2.458229,-4.577655E-04,-1.3733E-04,-2.33333E-03
2.45923,-5.188026E-04,6.866502E-05,.001
2.46023,-2.670307E-04,1.525888E-04,-.001
2.461231,-1.297006E-04,1.75477E-04,-2.33333E-03
2.462231,3.051781E-05,1.06812E-04,-6.66667E-04
2.463232,-1.525891E-05,-1.449594E-04,-.001
2.464232,1.525891E-05,-1.602182E-04,.001
2.465233,2.594013E-04,-1.907358E-04,-6.66667E-04
2.466233,-9.918259E-05,-3.280658E-04,-6.66667E-04
2.467234,-1.831064E-04,-3.50954E-04,6.66667E-04
2.468234,-1.602182E-04,-2.899189E-04,-.001
2.469235,4.57766E-05,-7.629441E-05,.001
2.470235,8.392381E-05,-2.746601E-04,-3.66667E-03
2.471236,0,-6.866502E-05,6.66667E-04
2.472236,-1.06812E-04,2.28883E-05,-.001
2.473237,-3.738422E-04,-5.340599E-05,-.002
2.474237,-3.814716E-04,-1.907358E-04,-6.66667E-04
2.475238,-5.493201E-04,-1.449594E-04,-.001
2.476238,-5.569495E-04,1.831064E-04,-.002
2.477239,-3.89101E-04,1.983652E-04,-.001
2.478239,9.918259E-05,2.059946E-04,-.001
2.47924,3.89101E-04,1.678476E-04,-.002
2.48024,3.280658E-04,3.738422E-04,.001
2.481241,1.831064E-04,5.950965E-04,-2.33333E-03
2.482241,7.629441E-05,4.119892E-04,-6.66667E-04
2.483242,-5.340599E-05,1.831064E-04,-6.66667E-04
2.484242,-1.06812E-04,2.365122E-04,-.001
2.485243,3.051781E-05,2.670307E-04,-.001
2.486243,3.814721E-05,1.220712E-04,-.001
2.487244,0,-1.678476E-04,.002
2.488244,5.340599E-05,-2.13624E-04,.001
2.489245,-1.297006E-04,-3.204364E-04,-6.66667E-04
2.490245,-1.06812E-04,-3.356952E-04,-6.66667E-04
2.491246,-2.288828E-04,-1.831064E-04,.002
2.492246,-8.392381E-05,-3.051776E-04,.001
2.493247,0,-4.653949E-04,-.001
2.494247,2.517719E-04,-5.111732E-04,-3.66667E-03
2.495248,-9.918259E-05,-5.340599E-05,-.002
2.496248,-3.738422E-04,2.441425E-04,-.001
2.497249,-2.746601E-04,6.103562E-05,-.001
2.498249,-1.525888E-04,-1.297006E-04,2.33333E-03
2.49925,-2.670307E-04,-3.738422E-04,.001
2.50025,-5.340599E-05,-3.738422E-04,.001
2.501251,9.918259E-05,-3.738422E-04,-.001
2.502251,3.814721E-05,-3.051781E-05,-.001
2.503252,-3.814721E-05,7.629441E-05,-3.66667E-03
2.504252,-4.119892E-04,9.918259E-05,-6.66667E-04
2.505253,-4.806537E-04,3.12807E-04,.001
2.506253,1.525891E-05,2.746601E-04,-6.66667E-04
2.507254,-1.220712E-04,4.501361E-04,-6.66667E-04
2.508254,-3.585834E-04,6.866492E-04,-.001
2.509255,-4.653949E-04,7.247962E-04,-6.66667E-04
2.510255,-4.806537E-04,4.501361E-04,-.001
2.511256,-6.866502E-05,2.746601E-04,6.66667E-04
2.512256,1.06812E-04,3.12807E-04,-6.66667E-04
2.513257,2.746601E-04,3.051776E-04,-.001
2.514257,5.264319E-04,3.662128E-04,-.001
2.515258,5.035438E-04,1.525888E-04,.001
2.516258,3.204364E-04,-1.678476E-04,-6.66667E-04
2.517259,1.983652E-04,-4.57766E-05,6.66667E-04
2.518259,2.28883E-05,-2.594013E-04,-6.66667E-04
2.51926,-4.196186E-04,-2.212534E-04,-6.66667E-04
2.52026,-4.043598E-04,-3.814721E-05,-3.66667E-03
2.521261,-4.577655E-04,9.918259E-05,6.66667E-04
2.522261,-2.975482E-04,1.907358E-04,.001
2.523262,-1.75477E-04,-4.57766E-05,-.002
2.524262,-6.103562E-05,-1.678476E-04,6.66667E-04
2.525263,0,-1.602182E-04,-6.66667E-04
2.526263,1.525888E-04,-5.340613E-04,-.002
2.527264,4.57766E-05,-4.653949E-04,-6.66667E-04
2.528264,-1.907358E-04,-5.264319E-04,-6.66667E-04
2.529265,-2.822895E-04,-3.204364E-04,-.002
2.530265,-1.525888E-04,7.629453E-06,-.001
2.531266,-1.06812E-04,3.89101E-04,-6.66667E-04
2.532266,1.144414E-04,3.280658E-04,-6.66667E-04
2.533267,2.822895E-04,1.525888E-04,-6.66667E-04
2.534267,4.196186E-04,3.051776E-04,-.001
2.535268,2.594013E-04,9.15532E-05,-.002
2.536268,1.983652E-04,-2.13624E-04,-6.66667E-04
2.537269,-3.585834E-04,-4.653949E-04,6.66667E-04
2.538269,-7.629453E-06,-3.967304E-04,.001
2.53927,3.814721E-05,-3.814716E-04,-.001
2.54027,2.517719E-04,-3.356952E-04,-.001
2.541271,5.264319E-04,-1.220712E-04,6.66667E-04
2.542271,1.983652E-04,-2.594013E-04,-6.66667E-04
2.543272,2.288828E-04,-6.103562E-05,.002
2.544272,0,2.13624E-04,-.001
2.545273,-6.103562E-05,1.449594E-04,6.66667E-04
2.546273,2.28883E-05,4.119892E-04,6.66667E-04
2.547274,-4.57766E-05,2.899189E-04,.001
2.548274,1.06812E-04,-3.051776E-04,-.001
2.549275,3.280658E-04,-3.051776E-04,-.001
2.550275,4.196186E-04,-9.15532E-05,-2.33333E-03
2.551276,5.111732E-04,9.15532E-05,-6.66667E-04
2.552276,2.13624E-04,1.983652E-04,-.002
2.553277,3.051781E-05,5.188026E-04,-6.66667E-04
2.554277,0,3.814716E-04,-.002
2.555278,9.918259E-05,1.678476E-04,-2.33333E-03
2.556278,0,4.57766E-05,6.66667E-04
2.557279,4.57766E-05,2.899189E-04,-6.66667E-04
2.558279,0,6.485023E-04,-.001
2.55928,-1.06812E-04,5.874671E-04,6.66667E-04
2.56028,-1.907358E-04,2.13624E-04,.001
2.561281,-1.449594E-04,-9.15532E-05,-.001
2.562281,4.57766E-05,-1.602182E-04,.001
2.563282,-4.043598E-04,-1.831064E-04,-6.66667E-04
2.564282,-2.975482E-04,-2.822895E-04,.002
2.565283,6.103562E-05,-6.713904E-04,-.002
2.566283,1.220712E-04,-5.874671E-04,-.001
2.567284,3.814716E-04,-3.433246E-04,-.001
2.568284,1.602182E-04,-1.297006E-04,6.66667E-04
2.569285,-3.50954E-04,1.3733E-04,.001
2.570285,-6.866492E-04,2.899189E-04,6.66667E-04
2.571286,-4.348774E-04,1.602182E-04,.001
2.572286,1.75477E-04,-2.365122E-04,6.66667E-04
2.573287,1.525891E-05,-1.678476E-04,6.66667E-04
2.574287,1.678476E-04,1.678476E-04,-6.66667E-04
2.575288,2.059946E-04,1.75477E-04,-.001
2.576288,1.75477E-04,1.75477E-04,-3.66667E-03
2.577289,-5.340599E-05,3.051781E-05,6.66667E-04
2.578289,-1.678476E-04,-2.13624E-04,.001
2.57929,-2.822895E-04,-2.288828E-04,-6.66667E-04
2.58029,-1.75477E-04,0,-.001
2.581291,2.594013E-04,3.051776E-04,.001
2.582291,0,3.50954E-04,.001
2.583292,-7.629441E-05,3.433246E-04,6.66667E-04
2.584292,-4.27248E-04,4.196186E-04,6.66667E-04
2.585293,-6.408729E-04,1.678476E-04,6.66667E-04
2.586293,-2.975482E-04,-1.602182E-04,6.66667E-04
2.587294,1.602182E-04,-1.75477E-04,-.001
2.588294,3.204364E-04,-2.746601E-04,-6.66667E-04
2.589295,1.602182E-04,-9.15532E-05,.001
2.590295,3.12807E-04,-6.103562E-05,-.001
2.591296,2.822895E-04,-2.212534E-04,-6.66667E-04
2.592296,4.88285E-04,-1.525888E-04,6.66667E-04
2.593297,5.264319E-04,-1.831064E-04,-.001
2.594297,2.212534E-04,-2.670307E-04,6.66667E-04
2.595298,-1.525891E-05,1.602182E-04,-.001
2.596298,-1.144414E-04,2.212534E-04,6.66667E-04
2.597299,9.918259E-05,5.340599E-05,.001
2.598299,-1.144414E-04,0,-.001
2.5993,-3.89101E-04,1.06812E-04,-3.66667E-03
2.6003,-4.806537E-04,2.594013E-04,-6.66667E-04
2.601301,-2.288828E-04,2.746601E-04,-.001
2.602301,-3.204364E-04,4.57766E-05,6.66667E-04
2.603302,-2.28883E-05,-2.28883E-05,-2.33333E-03
2.604302,0,2.441425E-04,-.001
2.605303,-9.918259E-05,-3.433246E-04,-6.66667E-04
2.606303,1.525888E-04,-8.468665E-04,.001
2.607304,2.746601E-04,-7.247962E-04,-.001
2.608304,-2.517719E-04,-4.806537E-04,6.66667E-04
2.609305,-6.561317E-04,-1.297006E-04,-.002
2.610305,-5.798377E-04,-4.57766E-05,-6.66667E-04
2.611306,-3.051776E-04,1.602182E-04,6.66667E-04
2.612306,2.28883E-05,2.28883E-05,-6.66667E-04
2.613307,9.918259E-05,1.525891E-05,-.002
2.614307,2.899189E-04,5.340599E-05,-.002
2.615308,4.88285E-04,2.746601E-04,-6.66667E-04
2.616308,3.662128E-04,2.822895E-04,-.001
2.617309,7.629441E-05,1.75477E-04,.002
2.618309,-1.3733E-04,1.602182E-04,-6.66667E-04
2.61931,-1.831064E-04,3.204364E-04,-.002
2.62031,-2.365122E-04,1.297006E-04,-.002
2.621311,3.051781E-05,-2.28883E-05,6.66667E-04
2.622311,-5.340599E-05,2.059946E-04,-6.66667E-04
2.623312,4.653949E-04,-1.220712E-04,-.002
2.624312,4.577655E-04,-6.103562E-05,.001
2.625313,2.288828E-04,9.918259E-05,.001
2.626313,-2.288828E-04,1.220712E-04,-.002
2.627314,-6.103553E-04,-2.28883E-05,-.001
2.628314,-5.493201E-04,-1.831064E-04,.001
2.629315,-3.12807E-04,2.059946E-04,-.001
2.630315,-2.28883E-05,6.103562E-05,-6.66667E-04
2.631316,2.288828E-04,2.28883E-05,-.001
2.632316,3.814716E-04,1.220712E-04,-6.66667E-04
2.633317,6.103562E-05,2.517719E-04,-6.66667E-04
2.634317,-1.144414E-04,1.06812E-04,-6.66667E-04
2.635318,-1.525891E-05,1.06812E-04,.002
2.636318,-1.525891E-05,-3.433246E-04,6.66667E-04
2.637319,-1.144414E-04,-4.88285E-04,.001
2.638319,-1.06812E-04,-2.670307E-04,-.001
2.63932,-4.348774E-04,-4.806537E-04,-.002
2.64032,-4.653949E-04,-3.051776E-04,-.001
2.641321,-3.356952E-04,-1.449594E-04,-.002
2.642321,-1.06812E-04,-2.28883E-05,-6.66667E-04
2.643322,-6.103562E-05,-3.814721E-05,-.002
2.644322,-2.059946E-04,-9.15532E-05,-.002
2.645323,-4.27248E-04,4.57766E-05,-6.66667E-04
2.646323,-4.119892E-04,1.3733E-04,-2.33333E-03
2.647324,-3.89101E-04,2.288828E-04,-6.66667E-04
2.648324,-1.525888E-04,5.264319E-04,.001
2.649325,-4.501361E-04,3.280658E-04,-.002
2.650325,-4.806537E-04,-3.814721E-05,-6.66667E-04
2.651326,-3.662128E-04,-2.822895E-04,-6.66667E-04
2.652326,-2.517719E-04,-1.525888E-04,-6.66667E-04
2.653327,-3.662128E-04,-1.06812E-04,-.001
2.654327,-5.111732E-04,7.629453E-06,-6.66667E-04
2.655328,-3.204364E-04,2.822895E-04,-.001
2.656328,-3.814716E-04,2.059946E-04,-6.66667E-04
2.657329,-3.89101E-04,3.814721E-05,-6.66667E-04
2.658329,-3.662128E-04,9.918259E-05,.001
2.65933,-4.577655E-04,-2.28883E-05,-6.66667E-04
2.66033,-4.501361E-04,8.392381E-05,-.002
2.661331,-3.12807E-04,1.75477E-04,-.001
2.662331,-9.918259E-05,-1.983652E-04,-.002
2.663332,-2.28883E-05,-2.822895E-04,-.001
2.664332,3.051781E-05,-2.28883E-05,-.001
2.665333,1.220712E-04,1.525888E-04,6.66667E-04
2.666333,2.28883E-05,1.06812E-04,-.002
2.667334,-3.738422E-04,4.577655E-04,-6.66667E-04
2.668334,-3.662128E-04,5.645789E-04,-.001
2.669335,-1.06812E-04,2.212534E-04,6.66667E-04
2.670335,0,6.866502E-05,6.66667E-04
2.671336,-9.918259E-05,7.629441E-05,-6.66667E-04
2.672336,-2.441425E-04,4.730243E-04,-6.66667E-04
2.673337,-6.332435E-04,6.179847E-04,-6.66667E-04
2.674337,-1.182564E-03,3.356952E-04,-.001
2.675338,-1.60218E-03,1.525891E-05,-.001
2.676338,-2.365127E-03,1.220712E-04,-.001
2.677339,-2.57875E-03,1.907358E-04,-.001
2.678339,-2.845779E-03,7.629453E-06,-6.66667E-04
2.67934,-3.242508E-03,6.103562E-05,.001
2.68034,-3.997833E-03,3.280658E-04,-.001
2.681341,-4.943877E-03,2.822895E-04,-2.33333E-03
2.682341,-5.218536E-03,9.918259E-05,-6.66667E-04
2.683342,-5.66867E-03,-1.678476E-04,-6.66667E-04
2.684342,-.0054169,-4.119892E-04,.001
2.685343,-5.119354E-03,-3.814716E-04,.001
2.686343,-5.020171E-03,-4.501361E-04,-.001
2.687344,-4.882842E-03,-3.12807E-04,-6.66667E-04
2.688344,-4.547149E-03,-7.629441E-05,.001
2.689345,-3.974944E-03,-1.144414E-04,-2.33333E-03
2.690345,-3.166214E-03,4.57766E-05,-6.66667E-04
2.691346,-2.555862E-03,4.730243E-04,.001
2.692346,-1.815803E-03,5.035438E-04,-.001
2.693347,-1.274116E-03,3.051781E-05,-.002
2.694347,-1.014717E-03,-1.525891E-05,.001
2.695348,-7.171668E-04,9.15532E-05,-6.66667E-04
2.696348,-5.111732E-04,9.15532E-05,-6.66667E-04
2.697349,-6.256141E-04,-1.525891E-05,-.001
2.698349,-6.179847E-04,-7.629441E-05,-.001
2.69935,-7.171668E-04,-2.365122E-04,-.001
2.70035,-1.983652E-04,-2.13624E-04,6.66667E-04
2.701351,3.051776E-04,-2.365122E-04,2.33333E-03
2.702351,-1.06812E-04,-2.517719E-04,-2.33333E-03
2.703352,-3.814721E-05,-5.569495E-04,-.002
2.704352,-5.340599E-05,-5.493201E-04,-6.66667E-04
2.705353,-1.3733E-04,-4.119892E-04,6.66667E-04
2.706353,-1.75477E-04,-2.517719E-04,-.001
2.707354,-2.441425E-04,-2.059946E-04,-6.66667E-04
2.708354,-3.204364E-04,-1.678476E-04,6.66667E-04
2.709355,-3.280658E-04,-6.103562E-05,-6.66667E-04
2.710355,-3.738422E-04,1.983652E-04,-6.66667E-04
2.711356,-2.975482E-04,6.485023E-04,-.002
2.712356,-1.06812E-04,7.01908E-04,-2.33333E-03
2.713357,-9.918259E-05,2.594013E-04,-.002
2.714357,-3.204364E-04,-6.866502E-05,-.001
2.715358,-3.356952E-04,-2.670307E-04,-6.66667E-04
2.716358,-1.602182E-04,5.340599E-05,-.001
2.717359,-2.670307E-04,2.746601E-04,6.66667E-04
2.718359,-6.103562E-05,6.790198E-04,-6.66667E-04
2.71936,-4.57766E-05,6.179847E-04,-.002
2.72036,1.06812E-04,3.814716E-04,.001
2.721361,1.525888E-04,3.814716E-04,6.66667E-04
2.722361,-1.602182E-04,3.738422E-04,-.001
2.723362,-1.525888E-04,1.907358E-04,-6.66667E-04
2.724362,-9.15532E-05,5.874671E-04,.002
2.725363,9.918259E-05,4.959144E-04,.001
2.726363,1.75477E-04,1.144414E-04,-.001
2.727364,-1.75477E-04,9.918259E-05,-6.66667E-04
2.728364,-5.264319E-04,6.866502E-05,-.002
2.729365,-2.13624E-04,2.441425E-04,.001
2.730365,-5.340613E-04,1.831064E-04,-.001
2.731366,-4.806537E-04,-5.340599E-05,6.66667E-04
2.732366,-5.569495E-04,-1.907358E-04,-.001
2.733367,-4.425067E-04,-2.365122E-04,-.001
2.734367,-3.967304E-04,-2.059946E-04,-.002
2.735368,-4.425067E-04,-2.212534E-04,-.001
2.736368,-6.942786E-04,-2.28883E-05,-6.66667E-04
2.737369,-6.713904E-04,1.220712E-04,-.001
2.738369,-6.866492E-04,1.297006E-04,-.001
2.73937,-5.340613E-04,4.57766E-05,-6.66667E-04
2.74037,-5.035438E-04,-2.13624E-04,6.66667E-04
2.741371,-3.89101E-04,1.220712E-04,.001
2.742371,-1.525888E-04,2.059946E-04,6.66667E-04
2.743372,-7.629441E-05,1.525888E-04,-.001
2.744372,-9.15532E-05,3.814721E-05,.001
2.745373,1.297006E-04,1.831064E-04,-.001
2.746373,3.280658E-04,6.866502E-05,-6.66667E-04
2.747374,2.059946E-04,1.06812E-04,.001
2.748374,3.814716E-04,-6.103562E-05,-.002
2.749375,3.662128E-04,-4.806537E-04,.001
2.750375,2.059946E-04,-3.585834E-04,6.66667E-04
2.751376,9.15532E-05,-6.866502E-05,.001
2.752376,7.629453E-06,-1.3733E-04,6.66667E-04
2.753377,1.678476E-04,-9.918259E-05,6.66667E-04
2.754377,7.629441E-05,-1.144414E-04,6.66667E-04
2.755378,9.15532E-05,-1.449594E-04,.001
2.756378,1.220712E-04,-4.57766E-05,6.66667E-04
2.757379,1.3733E-04,0,-.001
2.758379,6.103562E-05,3.051776E-04,-.001
2.75938,-2.822895E-04,-3.051781E-05,-.002
2.76038,1.297006E-04,-1.983652E-04,-6.66667E-04
2.761381,2.670307E-04,-2.212534E-04,-.002
2.762381,1.144414E-04,-5.188026E-04,-6.66667E-04
2.763382,4.806537E-04,-3.051776E-04,-6.66667E-04
2.764382,4.27248E-04,3.051781E-05,.002
2.765383,1.75477E-04,9.918259E-05,-.002
2.766383,-2.13624E-04,-1.525891E-05,6.66667E-04
2.767384,-3.051776E-04,-5.340599E-05,-3.66667E-03
2.768384,-2.670307E-04,-2.13624E-04,6.66667E-04
2.769385,-2.288828E-04,-3.814721E-05,-6.66667E-04
2.770385,-4.57766E-05,-1.907358E-04,-.001
2.771386,2.28883E-05,-1.220712E-04,.001
2.772386,-2.822895E-04,2.365122E-04,-6.66667E-04
2.773387,-1.06812E-04,4.57766E-05,.001
2.774387,9.918259E-05,7.629453E-06,.001
2.775388,1.602182E-04,-8.392381E-05,.001
2.776388,2.288828E-04,9.15532E-05,-6.66667E-04
2.777389,1.983652E-04,1.983652E-04,-.001
2.778389,1.907358E-04,2.899189E-04,-6.66667E-04
2.77939,2.059946E-04,2.517719E-04,-2.33333E-03
2.78039,1.144414E-04,-1.525888E-04,-6.66667E-04
2.781391,-1.449594E-04,-1.06812E-04,.001
2.782391,-3.50954E-04,6.866502E-05,-.002
2.783392,0,1.602182E-04,.001
2.784392,1.525888E-04,1.75477E-04,-.002
2.785393,2.059946E-04,1.449594E-04,-.002
2.786393,2.594013E-04,-3.738422E-04,-6.66667E-04
2.787394,1.831064E-04,-2.594013E-04,6.66667E-04
2.788394,2.288828E-04,-5.340599E-05,.002
2.789395,-5.340599E-05,1.220712E-04,-.001
2.790395,-2.212534E-04,-6.103562E-05,.001
2.791396,-2.059946E-04,3.50954E-04,-.001
2.792396,-4.577655E-04,5.645789E-04,-.001
2.793397,-4.806537E-04,3.967304E-04,-.001
2.794397,-4.577655E-04,2.212534E-04,-.004
2.795398,-5.874671E-04,-1.3733E-04,-6.66667E-04
2.796398,-6.63761E-04,-3.12807E-04,-6.66667E-04
2.797399,-3.89101E-04,-2.670307E-04,-.002
2.798399,-4.043598E-04,0,.001
2.7994,-3.12807E-04,-1.525888E-04,-.001
2.8004,-1.907358E-04,-1.220712E-04,-6.66667E-04
2.801401,4.57766E-05,4.57766E-05,-6.66667E-04
2.802401,3.814721E-05,9.15532E-05,6.66667E-04
2.803402,-3.051781E-05,1.3733E-04,-2.33333E-03
2.804402,-2.365122E-04,-1.3733E-04,-.002
2.805403,-3.204364E-04,1.525888E-04,.001
2.806403,-3.204364E-04,2.441425E-04,.001
2.807404,-4.806537E-04,2.059946E-04,-.001
2.808404,-1.007088E-03,-8.392381E-05,-.001
2.809405,-1.129158E-03,-3.738422E-04,-3.66667E-03
2.810405,-8.544959E-04,-2.13624E-04,-6.66667E-04
2.811406,-1.007088E-03,7.629441E-05,-6.66667E-04
2.812406,-1.045235E-03,3.50954E-04,6.66667E-04
2.813407,-1.510628E-03,1.449594E-04,-6.66667E-04
2.814407,-1.785286E-03,-2.365122E-04,-.001
2.815408,-1.976028E-03,-1.06812E-04,-.002
2.816408,-2.372757E-03,2.441425E-04,6.66667E-04
2.817409,-3.021255E-03,2.746601E-04,-.002
2.818409,-3.59346E-03,4.57766E-05,-6.66667E-04
2.81941,-4.089385E-03,-5.874671E-04,-6.66667E-04
2.82041,-4.547149E-03,-8.239783E-04,-.002
2.821411,-4.730254E-03,-6.790198E-04,6.66667E-04
2.822411,-4.425079E-03,-4.730243E-04,6.66667E-04
2.823412,-4.547149E-03,-5.874671E-04,.001
2.824412,-4.623443E-03,-5.798377E-04,-.002
2.825413,-4.386932E-03,-2.670307E-04,-.001
2.826413,-3.997833E-03,1.525891E-05,.001
2.827414,-3.517166E-03,3.12807E-04,-6.66667E-04
2.828414,-2.96022E-03,2.822895E-04,-.002
2.829415,-2.227798E-03,4.57766E-05,-.001
2.830415,-1.472481E-03,2.441425E-04,-.001
2.831416,-1.35804E-03,2.594013E-04,.001
2.832416,-1.419075E-03,-3.051781E-05,-.002
2.833417,-1.426704E-03,9.918259E-05,-6.66667E-04
2.834417,-1.22834E-03,2.822895E-04,-.001
2.835418,-1.060493E-03,2.212534E-04,-6.66667E-04
2.836418,-6.866492E-04,1.3733E-04,.001
2.837419,-9.002723E-04,3.051781E-05,-6.66667E-04
2.838419,-9.613074E-04,1.831064E-04,-.001
2.83942,-5.111732E-04,-2.899189E-04,6.66667E-04
2.84042,-1.831064E-04,-5.874671E-04,-.002
2.841421,-3.204364E-04,-3.662128E-04,6.66667E-04
2.842421,-3.50954E-04,-2.13624E-04,.001
2.843422,-2.517719E-04,-3.585834E-04,6.66667E-04
2.844422,-2.670307E-04,-3.50954E-04,-.002
2.845423,-2.822895E-04,-3.204364E-04,-.002
2.846423,-3.585834E-04,-2.441425E-04,-.001
2.847424,-6.256141E-04,-1.06812E-04,-6.66667E-04
2.848424,-4.88285E-04,2.059946E-04,-2.33333E-03
2.849425,-2.059946E-04,3.814716E-04,.002
2.850425,-2.288828E-04,1.983652E-04,.001
2.851426,-2.746601E-04,2.365122E-04,-6.66667E-04
2.852426,-4.577655E-04,3.814721E-05,-.002
2.853427,-1.06812E-04,-1.525891E-05,-.002
2.854427,-9.15532E-05,-1.3733E-04,.001
2.855428,1.831064E-04,-2.13624E-04,6.66667E-04
2.856428,1.907358E-04,-2.28883E-05,-6.66667E-04
2.857429,-1.449594E-04,5.340599E-05,-.001
2.858429,-5.569495E-04,-1.831064E-04,-.001
2.85943,-4.501361E-04,-2.13624E-04,-6.66667E-04
2.86043,-3.12807E-04,-7.629453E-06,-.001
2.861431,-5.340613E-04,-1.06812E-04,-.002
2.862431,-4.653949E-04,-6.866502E-05,-6.66667E-04
2.863432,-4.27248E-04,2.670307E-04,.002
2.864432,-2.212534E-04,4.577655E-04,-2.33333E-03
2.865433,-1.525888E-04,3.12807E-04,-6.66667E-04
2.866433,9.15532E-05,5.493201E-04,.001
2.867434,1.06812E-04,4.043598E-04,-.001
2.868434,-3.356952E-04,9.15532E-05,-.002
2.869435,-4.196186E-04,-5.340599E-05,6.66667E-04
2.870435,-4.57766E-05,-7.629453E-06,-6.66667E-04
2.871436,-3.814721E-05,-3.051776E-04,-.001
2.872436,6.103562E-05,-2.822895E-04,-.001
2.873437,3.814721E-05,9.918259E-05,-.001
2.874437,4.57766E-05,1.831064E-04,.001
2.875438,-7.629453E-06,1.06812E-04,-6.66667E-04
2.876438,1.602182E-04,3.12807E-04,6.66667E-04
2.877439,1.220712E-04,3.051781E-05,-.001
2.878439,-2.28883E-05,-9.918259E-05,-6.66667E-04
2.87944,-2.288828E-04,-2.975482E-04,-.001
2.88044,-5.264319E-04,-3.585834E-04,-.002
2.881441,-3.356952E-04,-4.119892E-04,-.001
2.882441,-3.738422E-04,-1.983652E-04,-6.66667E-04
2.883442,-3.051776E-04,-1.144414E-04,.001
2.884442,-3.662128E-04,2.670307E-04,-2.33333E-03
2.885443,-4.653949E-04,2.059946E-04,-.001
2.886443,-6.256141E-04,4.501361E-04,-.002
2.887444,-6.332435E-04,3.433246E-04,-.002
2.888444,-4.577655E-04,1.449594E-04,-6.66667E-04
2.889445,-4.653949E-04,-4.57766E-05,6.66667E-04
2.890445,-6.408729E-04,-1.525888E-04,-.002
2.891446,-5.722083E-04,0,.001
2.892446,-4.806537E-04,3.662128E-04,-.001
2.893447,-4.806537E-04,4.653949E-04,3.66667E-03
2.894447,-5.416907E-04,4.501361E-04,-6.66667E-04
2.895448,-4.425067E-04,3.50954E-04,6.66667E-04
2.896448,-2.13624E-04,5.035438E-04,-3.66667E-03
2.897449,-1.3733E-04,6.179847E-04,-6.66667E-04
2.898449,-2.975482E-04,6.332435E-04,-6.66667E-04
2.89945,-3.662128E-04,3.204364E-04,6.66667E-04
2.90045,-2.13624E-04,4.730243E-04,-3.66667E-03
2.901451,-2.517719E-04,2.212534E-04,-3.66667E-03
2.902451,-1.907358E-04,-1.220712E-04,6.66667E-04
2.903452,-1.06812E-04,2.059946E-04,-6.66667E-04
2.904452,-1.449594E-04,1.983652E-04,-.002
2.905453,1.831064E-04,3.967304E-04,-6.66667E-04
2.906453,2.059946E-04,6.103562E-05,.001
2.907454,-1.144414E-04,3.814716E-04,.001
2.908454,-4.119892E-04,5.493201E-04,-.002
2.909455,-3.12807E-04,9.918259E-05,-6.66667E-04
2.910455,-4.043598E-04,1.449594E-04,6.66667E-04
2.911456,-5.874671E-04,2.670307E-04,-.001
2.912456,-1.678476E-04,-2.365122E-04,-2.33333E-03
2.913457,-2.441425E-04,-5.111732E-04,6.66667E-04
2.914457,-2.517719E-04,-5.950965E-04,.002
2.915458,-3.433246E-04,-6.866492E-04,-6.66667E-04
2.916458,-3.356952E-04,-6.027259E-04,-.002
2.917459,1.525891E-05,-1.06812E-04,6.66667E-04
2.918459,-8.392381E-05,6.866502E-05,-.001
2.91946,-5.188026E-04,1.449594E-04,.002
2.92046,-7.934608E-04,-2.365122E-04,-.001
2.921461,-7.858314E-04,-3.433246E-04,-.002
2.922461,-6.561317E-04,-2.13624E-04,-6.66667E-04
2.923462,-4.043598E-04,-3.814716E-04,.001
2.924462,-5.035438E-04,-2.746601E-04,6.66667E-04
2.925463,-6.866492E-04,-1.602182E-04,-6.66667E-04
2.926463,-5.645789E-04,2.059946E-04,-.001
2.927464,-4.959144E-04,1.983652E-04,-.002
2.928464,-4.88285E-04,9.15532E-05,-6.66667E-04
2.929465,4.57766E-05,-2.441425E-04,.001
2.930465,1.983652E-04,-1.602182E-04,6.66667E-04
2.931466,1.3733E-04,-2.059946E-04,6.66667E-04
2.932466,-6.103562E-05,-3.50954E-04,-2.33333E-03
2.933467,-1.983652E-04,-3.967304E-04,-2.33333E-03
2.934467,-2.975482E-04,-1.907358E-04,-.001
2.935468,-1.983652E-04,-3.814721E-05,-.001
2.936468,-6.408729E-04,0,-6.66667E-04
2.937469,-6.179847E-04,-1.06812E-04,-.001
2.938469,-5.035438E-04,-1.907358E-04,-.001
2.93947,-4.043598E-04,-1.75477E-04,-.001
2.94047,-5.569495E-04,-3.967304E-04,6.66667E-04
2.941471,-5.645789E-04,-1.831064E-04,-.002
2.942471,-3.051776E-04,-1.297006E-04,-.001
2.943472,-1.678476E-04,-2.13624E-04,6.66667E-04
2.944472,4.57766E-05,-2.13624E-04,.002
2.945473,-9.918259E-05,-1.3733E-04,6.66667E-04
2.946473,-7.40055E-04,8.392381E-05,6.66667E-04
2.947474,-1.022346E-03,3.814721E-05,.001
2.948474,-1.075752E-03,4.57766E-05,-.001
2.949475,-1.167305E-03,-1.297006E-04,6.66667E-04
2.950475,-1.449592E-03,-2.28883E-05,6.66667E-04
2.951476,-1.869209E-03,6.103562E-05,-.001
2.952476,-2.098098E-03,8.392381E-05,-.002
2.953477,-2.410904E-03,-1.983652E-04,-.001
2.954477,-3.067032E-03,-2.746601E-04,.001
2.955478,-4.386932E-03,-1.525888E-04,6.66667E-04
2.956478,-5.958587E-03,-1.06812E-04,-6.66667E-04
2.957479,-7.766753E-03,-3.204364E-04,6.66667E-04
2.958479,-9.56732E-03,-5.340613E-04,6.66667E-04
2.95948,-1.171881E-02,-7.324256E-04,-6.66667E-04
2.96048,-1.428229E-02,-1.571663E-03,-3.66667E-03
2.961481,-1.730359E-02,-2.182022E-03,.002
2.962481,-2.043164E-02,-2.403274E-03,-6.66667E-04
2.963482,-2.305615E-02,-2.800003E-03,-.002
2.964482,-2.456677E-02,-2.937332E-03,-6.66667E-04
2.965483,-2.446759E-02,-2.540603E-03,-.001
2.966483,-2.302563E-02,-2.380386E-03,6.66667E-04
2.967484,-2.079022E-02,-2.105728E-03,-.001
2.968484,-1.827252E-02,-1.632698E-03,-.001
2.969485,-1.580822E-02,-1.373298E-03,6.66667E-04
2.970485,-1.323706E-02,-9.384193E-04,-.001
2.971486,-1.079565E-02,-7.705726E-04,-.001
2.972486,-8.583128E-03,-4.730243E-04,-2.33333E-03
2.973487,-6.324798E-03,1.907358E-04,-.002
2.974487,-4.440337E-03,2.517719E-04,-.001
2.975488,-3.013626E-03,-8.392381E-05,-.001
2.976488,-2.182022E-03,-1.06812E-04,-6.66667E-04
2.977489,-1.846321E-03,2.212534E-04,-.002
2.978489,-1.495369E-03,3.051776E-04,-2.33333E-03
2.97949,-1.144417E-03,5.035438E-04,-6.66667E-04
2.98049,-6.942786E-04,3.12807E-04,-.002
2.981491,-2.746601E-04,-1.907358E-04,6.66667E-04
2.982491,-6.103562E-05,-1.06812E-04,-.002
2.983492,-2.28883E-05,-9.918259E-05,6.66667E-04
2.984492,-7.629453E-06,2.212534E-04,.001
2.985493,-3.356952E-04,6.866502E-05,-2.33333E-03
2.986493,-3.50954E-04,-7.629441E-05,-.001
2.987494,1.525891E-05,3.814721E-05,.001
2.988494,-2.670307E-04,3.12807E-04,-.001
2.989495,-1.907358E-04,4.043598E-04,.001
2.990495,-7.629453E-06,3.356952E-04,-.002
2.991496,2.28883E-05,4.196186E-04,-6.66667E-04
2.992496,6.866502E-05,1.983652E-04,6.66667E-04
2.993497,-6.866502E-05,6.256141E-04,.002
2.994497,-1.297006E-04,4.730243E-04,-3.66667E-03
2.995498,-1.449594E-04,4.425067E-04,-.002
2.996498,-1.983652E-04,4.88285E-04,-6.66667E-04
2.997499,-2.13624E-04,4.501361E-04,-.001
2.998499,-1.525888E-04,6.485023E-04,-.002
2.9995,1.602182E-04,5.798377E-04,-.002
3.0005,2.059946E-04,2.822895E-04,-.001
3.001501,1.907358E-04,-2.594013E-04,.001
3.002501,5.340599E-05,-2.441425E-04,-.001
3.003502,2.28883E-05,2.594013E-04,-.001
3.004502,1.06812E-04,7.171668E-04,-5.33333E-03
3.005503,2.441425E-04,7.934608E-04,-.002
3.006503,2.441425E-04,5.416907E-04,-.002
3.007504,4.043598E-04,4.501361E-04,6.66667E-04
3.008504,3.662128E-04,4.730243E-04,-6.66667E-04
3.009505,9.15532E-05,5.264319E-04,-.002
3.010505,-3.051781E-05,5.874671E-04,-.002
3.011506,-1.983652E-04,4.043598E-04,-.001
3.012506,-2.670307E-04,2.059946E-04,-.002
3.013507,-1.907358E-04,-3.051781E-05,-6.66667E-04
3.014507,-2.975482E-04,-1.220712E-04,.001
3.015508,-1.983652E-04,-2.365122E-04,-6.66667E-04
3.016508,-1.678476E-04,-1.907358E-04,.001
3.017509,-2.594013E-04,-1.983652E-04,-.001
3.018509,-1.983652E-04,-3.433246E-04,-6.66667E-04
3.01951,3.051781E-05,-5.340599E-05,-.002
3.02051,-3.051781E-05,-6.103562E-05,-.001
3.021511,-1.06812E-04,4.57766E-05,-.002
3.022511,-2.13624E-04,3.814721E-05,-.002
3.023512,-5.493201E-04,1.3733E-04,-.001
3.024512,-3.433246E-04,1.06812E-04,-6.66667E-04
3.025513,7.629453E-06,9.15532E-05,-.001
3.026513,9.15532E-05,6.866502E-05,-.001
3.027514,-7.629453E-06,-7.629441E-05,2.33333E-03
3.028514,3.814721E-05,-6.866502E-05,-.002
3.029515,-2.517719E-04,-2.13624E-04,-.001
3.030515,-4.57766E-05,-4.730243E-04,.001
3.031516,-7.629441E-05,-4.806537E-04,-6.66667E-04
3.032516,-1.449594E-04,-1.144414E-04,.001
3.033517,4.57766E-05,-5.340599E-05,-.001
3.034517,-1.907358E-04,3.662128E-04,.001
3.035518,-4.806537E-04,6.866502E-05,-6.66667E-04
3.036518,-6.408729E-04,2.594013E-04,6.66667E-04
3.037519,-6.485023E-04,1.449594E-04,6.66667E-04
3.038519,-3.814716E-04,-3.814721E-05,6.66667E-04
3.03952,-2.517719E-04,2.059946E-04,-6.66667E-04
3.04052,-1.06812E-04,3.662128E-04,.001
3.041521,-1.297006E-04,3.12807E-04,-6.66667E-04
3.042521,7.629453E-06,4.27248E-04,-.001
3.043522,-4.57766E-05,2.594013E-04,-6.66667E-04
3.044522,-3.662128E-04,1.75477E-04,-.002
3.045523,-6.866502E-05,0,-.001
3.046523,-2.899189E-04,-1.06812E-04,-6.66667E-04
3.047524,-3.204364E-04,-5.340599E-05,-2.33333E-03
3.048524,-3.280658E-04,-5.340599E-05,-.002
3.049525,-3.12807E-04,-4.959144E-04,-6.66667E-04
3.050525,-3.50954E-04,-5.950965E-04,.001
3.051526,-3.12807E-04,-2.746601E-04,.002
3.052526,-3.738422E-04,-3.967304E-04,.001
3.053527,-6.103553E-04,-6.408729E-04,-.001
3.054527,-6.713904E-04,-2.594013E-04,6.66667E-04
3.055528,-2.288828E-04,-7.629453E-06,-6.66667E-04
3.056528,-4.425067E-04,1.525888E-04,-.002
3.057529,-5.188026E-04,3.204364E-04,-6.66667E-04
3.058529,-3.585834E-04,2.899189E-04,-6.66667E-04
3.05953,-6.027259E-04,-1.75477E-04,.001
3.06053,-7.247962E-04,-5.188026E-04,.001
3.061531,-8.392371E-04,-2.975482E-04,-6.66667E-04
3.062531,-7.476844E-04,-3.50954E-04,-.001
3.063532,-6.485023E-04,-1.06812E-04,-2.33333E-03
3.064532,-9.918287E-04,4.57766E-05,3.66667E-03
3.065533,-9.002723E-04,-1.06812E-04,-6.66667E-04
3.066533,-9.002723E-04,-9.15532E-05,.002
3.067534,-7.40055E-04,-1.525888E-04,-2.33333E-03
3.068534,-7.01908E-04,-3.051781E-05,-.002
3.069535,-6.713904E-04,1.907358E-04,-6.66667E-04
3.070535,-8.773841E-04,3.280658E-04,6.66667E-04
3.071536,-8.468665E-04,2.517719E-04,-6.66667E-04
3.072536,-7.247962E-04,-1.06812E-04,-.001
3.073537,-8.010902E-04,-2.212534E-04,-.001
3.074537,-1.007088E-03,-1.06812E-04,2.33333E-03
3.075538,-7.78202E-04,-4.501361E-04,-.001
3.076538,-2.594013E-04,-1.220712E-04,-.002
3.077539,-1.678476E-04,3.051781E-05,-6.66667E-04
3.078539,-4.196186E-04,1.525888E-04,-6.66667E-04
3.07954,-6.866492E-04,2.13624E-04,6.66667E-04
3.08054,-1.045235E-03,1.144414E-04,.001
3.081541,-1.007088E-03,-2.670307E-04,6.66667E-04
3.082541,-1.266487E-03,-9.15532E-05,.002
3.083542,-1.205452E-03,1.3733E-04,-.001
3.084542,-5.416907E-04,8.392381E-05,6.66667E-04
3.085543,-6.179847E-04,6.866502E-05,-.001
3.086543,-8.468665E-04,-1.3733E-04,-.002
3.087544,-1.213081E-03,5.340599E-05,-.002
3.088544,-1.396187E-03,2.441425E-04,-.001
3.089545,-1.815803E-03,3.204364E-04,6.66667E-04
3.090545,-1.541145E-03,2.670307E-04,-6.66667E-04
3.091546,-1.419075E-03,-1.220712E-04,6.66667E-04
3.092546,-1.449592E-03,-5.188026E-04,.001
3.093547,-1.625068E-03,-6.179847E-04,-.001
3.094547,-2.342239E-03,-3.738422E-04,-6.66667E-04
3.095548,-3.074661E-03,-7.629441E-05,-.001
3.096548,-3.623977E-03,-9.918259E-05,-.001
3.097549,-4.272491E-03,0,-6.66667E-04
3.098549,-5.104095E-03,1.297006E-04,6.66667E-04
3.09955,-6.324798E-03,-4.57766E-05,2.33333E-03
3.10055,-7.896483E-03,-3.204364E-04,-6.66667E-04
3.101551,-9.941161E-03,-8.239783E-04,.001
3.102551,-1.253515E-02,-1.22834E-03,.001
3.103552,-1.548773E-02,-1.632698E-03,6.66667E-04
3.104552,-1.880658E-02,-2.105728E-03,.001
3.105553,-2.200329E-02,-2.349868E-03,-2.33333E-03
3.106553,-2.482617E-02,-2.563491E-03,.001
3.107554,-2.798474E-02,-3.120437E-03,-.001
3.108554,-3.095257E-02,-3.738418E-03,-6.66667E-04
3.109555,-3.259301E-02,-4.074126E-03,6.66667E-04
3.110555,-3.266931E-02,-4.272491E-03,-.002
3.111556,-3.163934E-02,-3.913909E-03,6.66667E-04
3.112556,-3.005993E-02,-3.486648E-03,-6.66667E-04
3.113557,-2.764142E-02,-3.166214E-03,-2.33333E-03
3.114557,-2.471936E-02,-2.96022E-03,-.002
3.115558,-2.183545E-02,-2.540603E-03,6.66667E-04
3.116558,-1.857007E-02,-1.930244E-03,-6.66667E-04
3.117559,-1.556402E-02,-1.380928E-03,-.002
3.118559,-.0125199,-7.705726E-04,-.002
3.11956,-9.880126E-03,-1.983652E-04,-6.66667E-04
3.12056,-7.55313E-03,2.288828E-04,.001
3.121561,-5.966216E-03,4.730243E-04,-6.66667E-04
3.122561,-4.867584E-03,2.13624E-04,6.66667E-04
3.123562,-3.669754E-03,1.602182E-04,2.33333E-03
3.124562,-2.853408E-03,1.3733E-04,-2.33333E-03
3.125563,-2.693191E-03,3.280658E-04,-.002
3.126563,-2.540603E-03,2.441425E-04,-.002
3.127564,-2.029434E-03,3.814721E-05,-2.33333E-03
3.128564,-2.029434E-03,3.662128E-04,.001
3.129565,-2.044693E-03,2.594013E-04,.001
3.130565,-1.831062E-03,2.28883E-05,-6.66667E-04
3.131566,-1.640327E-03,-2.28883E-05,6.66667E-04
3.132566,-1.380928E-03,-6.866502E-05,6.66667E-04
3.133567,-1.373298E-03,6.866502E-05,-2.33333E-03
3.134567,-1.319893E-03,1.3733E-04,-6.66667E-04
3.135568,-1.281746E-03,1.831064E-04,-.002
3.136568,-1.022346E-03,3.204364E-04,-.002
3.137569,-7.01908E-04,2.13624E-04,-.001
3.138569,-9.689368E-04,2.059946E-04,6.66667E-04
3.13957,-1.075752E-03,2.975482E-04,6.66667E-04
3.14057,-1.312263E-03,3.051781E-05,-.001
3.141571,-1.48011E-03,-1.602182E-04,-.001
3.142571,-1.518257E-03,8.392381E-05,-.001
3.143572,-1.274116E-03,0,-.001
3.144572,-9.689368E-04,-1.144414E-04,-.001
3.145573,-7.934608E-04,4.57766E-05,6.66667E-04
3.146573,-9.384193E-04,-2.212534E-04,-6.66667E-04
3.147574,-1.060493E-03,7.629441E-05,-.001
3.148574,-1.152046E-03,2.517719E-04,.002
3.149575,-9.689368E-04,4.119892E-04,.001
3.150575,-5.722083E-04,4.043598E-04,-.002
3.151576,-3.738422E-04,4.577655E-04,-6.66667E-04
3.152576,-3.89101E-04,5.874671E-04,-6.66667E-04
3.153577,-9.307899E-04,2.899189E-04,-2.33333E-03
3.154577,-7.858314E-04,2.059946E-04,-.001
3.155578,-5.264319E-04,2.899189E-04,-.001
3.156578,-2.899189E-04,1.3733E-04,-.001
3.157579,2.28883E-05,2.13624E-04,-.001
3.158579,-3.738422E-04,2.28883E-05,6.66667E-04
3.15958,-5.493201E-04,3.356952E-04,-6.66667E-04
3.16058,-6.561317E-04,4.196186E-04,-2.33333E-03
3.161581,-5.340613E-04,2.899189E-04,6.66667E-04
3.162581,-8.392381E-05,1.06812E-04,-.001
3.163582,-7.629441E-05,3.814721E-05,-.001
3.164582,-4.730243E-04,-3.051781E-05,6.66667E-04
3.165583,-4.653949E-04,-9.15532E-05,-6.66667E-04
3.166583,-3.738422E-04,-9.918259E-05,-6.66667E-04
3.167584,-2.059946E-04,3.12807E-04,-.001
3.168584,-2.746601E-04,7.629441E-05,-6.66667E-04
3.169585,-1.449594E-04,-4.57766E-05,-6.66667E-04
3.170585,-7.629441E-05,1.525891E-05,-.001
3.171586,-1.75477E-04,-2.13624E-04,.001
3.172586,-1.06812E-04,-1.602182E-04,6.66667E-04
3.173587,-6.103562E-05,-3.051781E-05,-6.66667E-04
3.174587,-2.059946E-04,-1.220712E-04,-.002
3.175588,-4.196186E-04,-3.204364E-04,-6.66667E-04
3.176588,-3.356952E-04,-1.220712E-04,2.33333E-03
3.177589,-1.983652E-04,1.525891E-05,-6.66667E-04
3.178589,-2.13624E-04,3.280658E-04,6.66667E-04
3.17959,-2.975482E-04,4.806537E-04,2.33333E-03
3.18059,-1.75477E-04,4.043598E-04,-6.66667E-04
3.181591,7.629441E-05,4.196186E-04,.001
3.182591,-1.144414E-04,2.899189E-04,-.001
3.183592,-1.831064E-04,6.866502E-05,.002
3.184592,-1.678476E-04,1.907358E-04,-6.66667E-04
3.185593,-1.525888E-04,4.730243E-04,.002
3.186593,-1.907358E-04,8.316077E-04,-.001
3.187594,-6.103562E-05,8.926429E-04,6.66667E-04
3.188594,-1.75477E-04,7.78202E-04,-2.33333E-03
3.189595,-3.280658E-04,6.485023E-04,-.001
3.190595,-3.50954E-04,2.670307E-04,6.66667E-04
3.191596,-2.212534E-04,2.517719E-04,.001
3.192596,3.814721E-05,3.814721E-05,.001
3.193597,9.918259E-05,1.525888E-04,-.002
3.194597,1.525891E-05,7.247962E-04,6.66667E-04
3.195598,-1.983652E-04,7.705726E-04,-.001
3.196598,-4.730243E-04,5.340613E-04,-.002
3.197599,-6.713904E-04,2.899189E-04,6.66667E-04
3.198599,-8.087195E-04,6.866502E-05,-3.66667E-03
3.1996,-6.866492E-04,2.899189E-04,-6.66667E-04
3.2006,-3.738422E-04,1.602182E-04,.001
3.201601,-3.738422E-04,3.585834E-04,6.66667E-04
3.202601,-4.577655E-04,3.50954E-04,-6.66667E-04
3.203602,-5.569495E-04,2.059946E-04,-6.66667E-04
3.204602,-9.994581E-04,-6.103562E-05,-.002
3.205603,-5.340613E-04,4.57766E-05,-6.66667E-04
3.206603,-1.007088E-03,1.525888E-04,-6.66667E-04
3.207604,-1.541145E-03,2.670307E-04,-.001
3.208604,-1.60981E-03,3.051781E-05,-6.66667E-04
3.209605,-1.770027E-03,4.57766E-05,.001
3.210605,-1.960769E-03,2.517719E-04,-2.33333E-03
3.211606,-2.006546E-03,3.12807E-04,6.66667E-04
3.212606,-2.380386E-03,3.662128E-04,6.66667E-04
3.213607,-3.044143E-03,4.043598E-04,.001
3.214607,-3.753677E-03,4.57766E-05,-6.66667E-04
3.215608,-4.386932E-03,-1.75477E-04,-6.66667E-04
3.216608,-5.157501E-03,-3.738422E-04,6.66667E-04
3.217609,-5.889922E-03,-2.441425E-04,-.001
3.218609,-5.996734E-03,-2.212534E-04,-6.66667E-04
3.21961,-5.92044E-03,-1.75477E-04,-.002
3.22061,-5.394012E-03,-3.814721E-05,6.66667E-04
3.221611,-5.378753E-03,-3.051781E-05,.001
3.222611,-5.279571E-03,-1.602182E-04,-6.66667E-04
3.223612,-4.806548E-03,-1.75477E-04,6.66667E-04
3.224612,-4.615813E-03,2.441425E-04,.002
3.225613,-3.921539E-03,3.967304E-04,-.001
3.226614,-3.219619E-03,2.059946E-04,-2.33333E-03
3.227614,-2.723709E-03,1.75477E-04,-6.66667E-04
3.228614,-2.113357E-03,1.525891E-05,6.66667E-04
3.229615,-1.708992E-03,-3.051781E-05,.001
3.230615,-1.502998E-03,1.06812E-04,-.002
3.231616,-1.167305E-03,-3.051781E-05,-.001
3.232616,-1.045235E-03,-7.629441E-05,-.002
3.233617,-7.476844E-04,-5.340599E-05,6.66667E-04
3.234617,-8.392371E-04,-2.28883E-05,-2.33333E-03
3.235618,-5.340613E-04,-9.15532E-05,-.002
3.236619,-2.059946E-04,1.525888E-04,-6.66667E-04
3.237619,-3.585834E-04,1.3733E-04,-2.33333E-03
3.238619,-7.629441E-05,3.051781E-05,-6.66667E-04
3.23962,-1.3733E-04,-1.831064E-04,-6.66667E-04
3.24062,-2.975482E-04,2.594013E-04,6.66667E-04
3.241621,-2.212534E-04,3.50954E-04,-3.66667E-03
3.242621,1.75477E-04,5.111732E-04,-.002
3.243622,2.822895E-04,2.594013E-04,-.001
3.244622,9.918259E-05,3.356952E-04,-6.66667E-04
3.245623,-2.13624E-04,2.13624E-04,-.001
3.246624,-3.204364E-04,3.814716E-04,-6.66667E-04
3.247624,-1.144414E-04,5.340613E-04,6.66667E-04
3.248624,-1.525888E-04,5.416907E-04,-.001
3.249625,-1.678476E-04,1.144414E-04,-.001
3.250625,-3.051781E-05,-2.517719E-04,-.002
3.251626,1.525888E-04,-2.13624E-04,.001
3.252626,-2.212534E-04,-5.340599E-05,-6.66667E-04
3.253627,-6.256141E-04,-6.866502E-05,-6.66667E-04
3.254627,-9.002723E-04,-5.340599E-05,-.002
3.255628,-6.942786E-04,-2.365122E-04,-6.66667E-04
3.256629,-4.27248E-04,-4.348774E-04,-.001
3.257629,-4.425067E-04,-2.975482E-04,6.66667E-04
3.258629,-2.670307E-04,-1.3733E-04,-.002
3.25963,6.866502E-05,6.866502E-05,-.001
3.26063,1.525891E-05,-9.15532E-05,-6.66667E-04
3.261631,2.594013E-04,-3.280658E-04,-.001
3.262631,5.798377E-04,-1.220712E-04,-6.66667E-04
3.263632,6.103562E-05,-3.12807E-04,6.66667E-04
3.264632,1.449594E-04,-2.822895E-04,-.002
3.265633,-4.57766E-05,-3.662128E-04,.001
3.266634,-2.517719E-04,-6.103553E-04,-.001
3.267634,1.831064E-04,-3.662128E-04,6.66667E-04
3.268634,1.06812E-04,-2.594013E-04,-6.66667E-04
3.269635,1.602182E-04,-7.629453E-06,6.66667E-04
3.270635,1.220712E-04,9.918259E-05,6.66667E-04
3.271636,5.340599E-05,2.441425E-04,-.002
3.272636,-5.340599E-05,3.12807E-04,-.002
3.273637,4.119892E-04,2.059946E-04,-.001
3.274637,4.730243E-04,-1.525891E-05,6.66667E-04
3.275638,6.408729E-04,-2.899189E-04,-.002
3.276639,3.89101E-04,-1.983652E-04,-.002
3.277639,2.594013E-04,-1.678476E-04,.001
3.278639,3.051781E-05,-4.196186E-04,.001
3.27964,4.196186E-04,-3.204364E-04,-.001
3.28064,2.212534E-04,-4.653949E-04,6.66667E-04
3.281641,-1.3733E-04,-6.027259E-04,-6.66667E-04
3.282641,-5.340613E-04,-5.722083E-04,-.001
3.283642,-5.416907E-04,-3.433246E-04,-6.66667E-04
3.284642,-1.983652E-04,-5.340599E-05,-.002
3.285643,-2.670307E-04,5.340599E-05,2.33333E-03
3.286644,-4.425067E-04,-7.629441E-05,-.001
3.287644,-5.493201E-04,-1.602182E-04,-.001
3.288644,-9.079017E-04,-1.06812E-04,-6.66667E-04
3.289645,-1.075752E-03,2.13624E-04,-.002
3.290645,-1.556404E-03,2.517719E-04,-.002
3.291646,-2.235427E-03,1.3733E-04,-.002
3.292646,-2.784744E-03,-2.059946E-04,-.001
3.293647,-3.379837E-03,-7.629441E-05,-6.66667E-04
3.294647,-4.104644E-03,5.340599E-05,-.001
3.295648,-4.91336E-03,1.678476E-04,6.66667E-04
3.296649,-6.027251E-03,4.57766E-05,-6.66667E-04
3.297649,-7.545501E-03,-1.297006E-04,-.002
3.298649,-8.735716E-03,-1.220712E-04,-2.33333E-03
3.29965,-9.460509E-03,-2.670307E-04,.001
3.30065,-9.933531E-03,-2.670307E-04,-6.66667E-04
3.301651,-1.009375E-02,-2.365122E-04,-6.66667E-04
3.302651,-9.918272E-03,-5.264319E-04,-.002
3.303652,-9.407103E-03,-4.653949E-04,6.66667E-04
3.304652,-8.842528E-03,-3.356952E-04,-6.66667E-04
3.305653,-8.087218E-03,-4.119892E-04,-6.66667E-04
3.306653,-6.996185E-03,-3.433246E-04,-.001
3.307654,-6.217986E-03,-9.918259E-05,-.002
3.308654,-5.027801E-03,-1.678476E-04,-.001
3.309655,-3.829971E-03,-5.340599E-05,-6.66667E-04
3.310655,-3.158584E-03,-4.57766E-05,-.001
3.311656,-2.502456E-03,7.629453E-06,6.66667E-04
3.312656,-1.876839E-03,-2.28883E-05,6.66667E-04
3.313657,-1.792915E-03,1.907358E-04,-.001
3.314657,-1.510628E-03,2.670307E-04,.001
3.315658,-1.022346E-03,-5.340599E-05,6.66667E-04
3.316658,-7.01908E-04,-1.06812E-04,-.002
3.317659,-5.111732E-04,-4.043598E-04,-.001
3.318659,-5.416907E-04,-1.907358E-04,-6.66667E-04
3.31966,-4.653949E-04,-2.517719E-04,6.66667E-04
3.32066,-5.111732E-04,-2.059946E-04,-6.66667E-04
3.321661,-5.722083E-04,7.629441E-05,-.002
3.322661,-2.670307E-04,3.662128E-04,.001
3.323662,-2.670307E-04,4.501361E-04,-.001
3.324662,-3.280658E-04,6.332435E-04,-.002
3.325663,-3.280658E-04,1.831064E-04,.001
3.326663,-3.50954E-04,-1.3733E-04,-2.33333E-03
3.327664,-1.449594E-04,-1.602182E-04,.001
3.328664,7.629441E-05,-2.441425E-04,-.002
3.329665,1.297006E-04,-9.918259E-05,-.002
3.330665,-5.340599E-05,2.288828E-04,-2.33333E-03
3.331666,-4.501361E-04,2.594013E-04,-.002
3.332666,-3.738422E-04,1.983652E-04,6.66667E-04
3.333667,-2.288828E-04,9.918259E-05,-.001
3.334667,-1.220712E-04,2.212534E-04,-6.66667E-04
3.335668,-2.746601E-04,3.12807E-04,.001
3.336668,-5.722083E-04,4.57766E-05,-.002
3.337669,-3.585834E-04,9.918259E-05,-2.33333E-03
3.338669,-2.822895E-04,-1.449594E-04,-.001
3.33967,-5.416907E-04,-2.746601E-04,-.002
3.34067,-5.493201E-04,-2.059946E-04,-.001
3.341671,-3.50954E-04,-2.13624E-04,-.004
3.342671,-3.89101E-04,-3.051776E-04,6.66667E-04
3.343672,-3.50954E-04,-2.13624E-04,.001
3.344672,-1.3733E-04,-1.525888E-04,-.001
3.345673,-3.433246E-04,-8.392381E-05,.001
3.346673,-3.662128E-04,0,-6.66667E-04
3.347674,-3.89101E-04,1.602182E-04,-.001
3.348674,-3.814716E-04,2.441425E-04,-.002
3.349675,-4.27248E-04,1.525888E-04,6.66667E-04
3.350675,-2.975482E-04,0,6.66667E-04
3.351676,-2.899189E-04,2.746601E-04,6.66667E-04
3.352676,-2.822895E-04,6.103562E-05,6.66667E-04
3.353677,-3.12807E-04,-7.629441E-05,-2.33333E-03
3.354677,-3.051781E-05,-2.975482E-04,-6.66667E-04
3.355678,-3.814721E-05,-1.983652E-04,6.66667E-04
3.356678,-1.297006E-04,-1.525891E-05,.001
3.357679,-4.57766E-05,2.670307E-04,.001
3.358679,4.806537E-04,3.280658E-04,-.002
3.35968,5.264319E-04,1.144414E-04,-6.66667E-04
3.36068,5.798377E-04,1.144414E-04,-.002
3.361681,2.288828E-04,3.89101E-04,-2.33333E-03
3.362681,-2.212534E-04,4.88285E-04,-.002
3.363682,-4.043598E-04,3.433246E-04,-6.66667E-04
3.364682,-5.798377E-04,-1.525888E-04,-.002
3.365683,-2.899189E-04,-1.06812E-04,-.001
3.366683,-6.866502E-05,-7.629441E-05,-6.66667E-04
3.367684,9.15532E-05,0,.002
3.368684,-2.975482E-04,-4.57766E-05,-6.66667E-04
3.369685,-2.517719E-04,-5.340599E-05,.001
3.370685,-3.12807E-04,1.525888E-04,.002
3.371686,-5.645789E-04,2.517719E-04,.001
3.372686,-3.738422E-04,4.501361E-04,-2.33333E-03
3.373687,-1.602182E-04,7.247962E-04,-.001
3.374687,-3.12807E-04,4.653949E-04,-6.66667E-04
3.375688,-3.89101E-04,4.043598E-04,6.66667E-04
3.376688,-4.653949E-04,1.06812E-04,-6.66667E-04
3.377689,-2.288828E-04,9.15532E-05,-6.66667E-04
3.378689,-1.907358E-04,4.57766E-05,-.002
3.37969,-9.918259E-05,-5.340599E-05,-6.66667E-04
3.38069,0,-7.629453E-06,6.66667E-04
3.381691,5.340599E-05,3.50954E-04,6.66667E-04
3.382691,-1.678476E-04,9.460486E-04,-6.66667E-04
3.383692,-3.280658E-04,7.171668E-04,-6.66667E-04
3.384692,-2.288828E-04,6.790198E-04,.001
3.385693,-1.75477E-04,4.501361E-04,-6.66667E-04
3.386693,-3.662128E-04,3.204364E-04,.001
3.387694,-6.103562E-05,1.449594E-04,-6.66667E-04
3.388694,1.449594E-04,-2.517719E-04,-.002
3.389695,3.051781E-05,-2.670307E-04,-.001
3.390696,-2.212534E-04,-5.035438E-04,6.66667E-04
3.391696,-3.738422E-04,-3.204364E-04,-.001
3.392696,-3.814716E-04,-7.629441E-05,-.001
3.393697,-4.57766E-05,6.866502E-05,-6.66667E-04
3.394697,0,3.051781E-05,-6.66667E-04
3.395698,9.918259E-05,4.119892E-04,.001
3.396698,3.50954E-04,5.416907E-04,6.66667E-04
3.397699,3.12807E-04,5.264319E-04,.001
3.398699,0,1.525888E-04,-.002
3.3997,-1.907358E-04,-5.340599E-05,-6.66667E-04
3.400701,-4.27248E-04,0,.001
3.401701,-5.340613E-04,0,-.001
3.402701,-3.89101E-04,-2.441425E-04,-.002
3.403702,-2.059946E-04,-1.831064E-04,-.001
3.404702,-1.983652E-04,-1.831064E-04,-6.66667E-04
3.405703,-2.365122E-04,1.525891E-05,6.66667E-04
3.406703,2.059946E-04,-3.280658E-04,6.66667E-04
3.407704,7.629441E-05,-3.738422E-04,-.002
3.408704,2.059946E-04,-1.144414E-04,-6.66667E-04
3.409705,9.15532E-05,3.356952E-04,-2.33333E-03
3.410706,4.57766E-05,3.662128E-04,6.66667E-04
3.411706,3.814721E-05,3.662128E-04,.001
3.412706,-6.103562E-05,2.13624E-04,-.001
3.413707,-5.340599E-05,3.967304E-04,-.001
3.414707,0,4.119892E-04,-.001
3.415708,-2.212534E-04,2.594013E-04,-6.66667E-04
3.416708,-4.348774E-04,-3.051781E-05,6.66667E-04
3.417709,-2.13624E-04,-1.75477E-04,-.002
3.418709,-1.449594E-04,1.297006E-04,-6.66667E-04
3.41971,-2.28883E-05,2.13624E-04,-.002
3.420711,-9.15532E-05,4.348774E-04,6.66667E-04
3.421711,-1.220712E-04,2.594013E-04,-.001
3.422711,-2.670307E-04,-4.425067E-04,-.002
3.423712,-4.577655E-04,-5.645789E-04,-6.66667E-04
3.424712,-4.806537E-04,-1.3733E-04,.001
3.425713,-5.874671E-04,1.907358E-04,-.002
3.426713,-8.621253E-04,4.425067E-04,-6.66667E-04
3.427714,-1.365669E-03,4.348774E-04,-6.66667E-04
3.428714,-2.059951E-03,2.975482E-04,-6.66667E-04
3.429715,-2.868667E-03,3.204364E-04,-3.66667E-03
3.430716,-4.272491E-03,3.662128E-04,.001
3.431716,-5.661041E-03,3.433246E-04,6.66667E-04
3.432716,-7.087737E-03,2.212534E-04,.001
3.433717,-9.399474E-03,2.441425E-04,-3.66667E-03
3.434717,-1.325995E-02,-1.602182E-04,6.66667E-04
3.435718,-1.706707E-02,-6.408729E-04,.001
3.436718,-1.973736E-02,-1.060493E-03,2.33333E-03
3.437719,-2.129376E-02,-1.35041E-03,-.001
3.438719,-2.149975E-02,-9.53678E-04,6.66667E-04
3.43972,-.0207597,-7.40055E-04,.001
3.440721,-1.883709E-02,-7.705726E-04,.001
3.441721,-1.599133E-02,-2.746601E-04,-.001
3.442721,-1.310736E-02,-1.602182E-04,-6.66667E-04
3.443722,-1.039892E-02,-2.594013E-04,.001
3.444722,-7.843077E-03,-2.365122E-04,6.66667E-04
3.445723,-5.569488E-03,-1.3733E-04,-6.66667E-04
3.446723,-4.15805E-03,2.13624E-04,-6.66667E-04
3.447724,-3.196731E-03,4.577655E-04,-3.66667E-03
3.448724,-2.021804E-03,2.746601E-04,.001
3.449725,-1.373298E-03,1.678476E-04,-.002
3.450726,-6.561317E-04,1.06812E-04,-6.66667E-04
3.451726,-3.967304E-04,9.918259E-05,-.001
3.452726,-4.653949E-04,2.13624E-04,-6.66667E-04
3.453727,-2.899189E-04,2.212534E-04,-.001
3.454727,-3.12807E-04,2.594013E-04,.001
3.455728,1.525891E-05,-4.57766E-05,6.66667E-04
3.456728,3.814721E-05,1.75477E-04,.001
3.457729,1.525891E-05,-3.814721E-05,-6.66667E-04
3.458729,-1.602182E-04,-2.517719E-04,-.002
3.45973,-1.75477E-04,-4.043598E-04,-6.66667E-04
3.460731,-1.75477E-04,-2.517719E-04,6.66667E-04
3.461731,3.051781E-05,1.75477E-04,.001
3.462731,-8.392381E-05,4.730243E-04,-6.66667E-04
3.463732,-3.051781E-05,3.50954E-04,-6.66667E-04
3.464732,4.57766E-05,6.866502E-05,-3.66667E-03
3.465733,4.57766E-05,-1.144414E-04,-6.66667E-04
3.466733,-1.06812E-04,3.051781E-05,-6.66667E-04
3.467734,3.051776E-04,-7.629441E-05,-6.66667E-04
3.468734,-9.15532E-05,-2.670307E-04,-3.66667E-03
3.469735,-4.653949E-04,0,-.001
3.470736,-3.433246E-04,2.670307E-04,.001
3.471736,-2.13624E-04,4.27248E-04,-6.66667E-04
3.472736,-2.365122E-04,2.670307E-04,-.002
3.473737,4.57766E-05,8.392381E-05,-3.66667E-03
3.474737,4.27248E-04,-1.525891E-05,-.002
3.475738,1.297006E-04,1.75477E-04,-6.66667E-04
3.476738,1.831064E-04,3.50954E-04,-.002
3.477739,8.392381E-05,2.13624E-04,-.001
3.478739,-2.365122E-04,-1.602182E-04,-6.66667E-04
3.47974,-9.918259E-05,2.28883E-05,6.66667E-04
3.480741,-5.340599E-05,2.441425E-04,-6.66667E-04
3.481741,1.06812E-04,-2.28883E-05,6.66667E-04
3.482741,2.212534E-04,-5.340599E-05,-2.33333E-03
3.483742,2.670307E-04,-5.340599E-05,-.001
3.484742,3.967304E-04,7.629453E-06,.002
3.485743,5.569495E-04,-9.15532E-05,.001
3.486743,6.332435E-04,-1.75477E-04,6.66667E-04
3.487744,3.356952E-04,3.356952E-04,-2.33333E-03
3.488744,-3.051781E-05,2.822895E-04,6.66667E-04
3.489745,4.57766E-05,1.525888E-04,-.002
3.490746,-1.220712E-04,-9.918259E-05,-.002
3.491746,-1.449594E-04,8.392381E-05,2.33333E-03
3.492746,-3.356952E-04,9.918259E-05,.002
3.493747,-2.13624E-04,-2.28883E-05,.001
3.494747,-2.441425E-04,-1.525888E-04,-6.66667E-04
3.495748,-1.220712E-04,-2.13624E-04,.001
3.496748,-2.441425E-04,-4.730243E-04,-6.66667E-04
3.497749,-1.831064E-04,-6.256141E-04,-6.66667E-04
3.498749,-2.441425E-04,-4.27248E-04,-2.33333E-03
3.49975,-1.06812E-04,-2.212534E-04,-.001
3.500751,-2.28883E-05,-2.059946E-04,.001
3.501751,2.288828E-04,-3.051776E-04,-.001
3.502751,1.525891E-05,-5.340599E-05,6.66667E-04
3.503752,-9.918259E-05,9.918259E-05,-.001
3.504752,-1.75477E-04,2.288828E-04,.001
3.505753,-5.340599E-05,2.212534E-04,6.66667E-04
3.506753,1.983652E-04,-1.602182E-04,6.66667E-04
3.507754,1.06812E-04,-4.043598E-04,-6.66667E-04
3.508754,0,-5.340613E-04,-6.66667E-04
3.509755,-4.57766E-05,-2.670307E-04,-6.66667E-04
3.510756,-1.3733E-04,1.525891E-05,-.001
3.511756,-1.220712E-04,-2.13624E-04,.001
3.512756,0,-3.204364E-04,-.001
3.513757,1.525888E-04,-2.28883E-05,-.002
3.514757,3.356952E-04,-1.144414E-04,.001
3.515758,2.517719E-04,3.204364E-04,-6.66667E-04
3.516758,5.340613E-04,1.75477E-04,-.001
3.517759,1.3733E-04,7.629453E-06,.002
3.518759,-7.629453E-06,5.340599E-05,.002
3.51976,7.629453E-06,2.822895E-04,-.001
3.520761,1.144414E-04,1.525888E-04,-.002
3.521761,4.730243E-04,1.144414E-04,-.002
3.522761,4.501361E-04,2.441425E-04,.002
3.523762,2.441425E-04,2.28883E-05,-.002
3.524762,-1.983652E-04,-3.662128E-04,-.001
3.525763,-1.983652E-04,-2.13624E-04,-.002
3.526763,-2.441425E-04,0,-6.66667E-04
3.527764,-2.28883E-05,-5.340599E-05,-.002
3.528764,-2.746601E-04,1.525891E-05,.001
3.529765,-2.365122E-04,-1.831064E-04,-.001
3.530766,-3.50954E-04,3.12807E-04,-6.66667E-04
3.531766,-2.517719E-04,4.959144E-04,-.001
3.532766,1.06812E-04,5.111732E-04,-.001
3.533767,1.678476E-04,7.629453E-06,.001
3.534767,-2.670307E-04,-1.220712E-04,-6.66667E-04
3.535768,-2.975482E-04,-1.75477E-04,.001
3.536768,-4.730243E-04,3.051781E-05,.001
3.537769,-4.043598E-04,1.983652E-04,6.66667E-04
3.538769,-2.822895E-04,0,.001
3.53977,-7.629441E-05,1.75477E-04,-.001
3.540771,2.212534E-04,2.288828E-04,-6.66667E-04
3.541771,1.144414E-04,1.907358E-04,.001
3.542771,1.220712E-04,1.983652E-04,-.002
3.543772,0,3.967304E-04,-6.66667E-04
3.544772,2.28883E-05,3.814721E-05,.001
3.545773,-3.12807E-04,-2.517719E-04,-.002
3.546773,-2.899189E-04,-5.645789E-04,-.002
3.547774,-9.15532E-05,-6.790198E-04,.002
3.548774,-1.06812E-04,-7.247962E-04,-6.66667E-04
3.549775,-5.340599E-05,-3.738422E-04,-6.66667E-04
3.550776,1.297006E-04,-1.602182E-04,-.002
3.551776,-1.144414E-04,-1.449594E-04,6.66667E-04
3.552776,-1.144414E-04,1.525891E-05,-.001
3.553777,-1.06812E-04,-1.3733E-04,.001
3.554777,-3.204364E-04,-2.746601E-04,6.66667E-04
3.555778,-2.670307E-04,-3.738422E-04,-.002
3.556778,-1.525891E-05,-1.297006E-04,.001
3.557779,-1.144414E-04,-4.57766E-05,6.66667E-04
3.558779,-1.220712E-04,-3.051776E-04,.001
3.55978,-2.441425E-04,-3.051776E-04,-6.66667E-04
3.560781,1.144414E-04,-3.967304E-04,-6.66667E-04
3.561781,6.103562E-05,-3.204364E-04,-6.66667E-04
3.562781,-1.449594E-04,-4.043598E-04,-2.33333E-03
3.563782,-3.280658E-04,-4.27248E-04,.001
3.564783,-3.204364E-04,-6.027259E-04,6.66667E-04
3.565783,-1.06812E-04,-6.256141E-04,6.66667E-04
3.566783,1.831064E-04,-1.220712E-04,.001
3.567784,9.918259E-05,1.3733E-04,6.66667E-04
3.568784,3.12807E-04,1.525888E-04,-.001
3.569785,3.204364E-04,2.594013E-04,-6.66667E-04
3.570786,3.662128E-04,3.89101E-04,-6.66667E-04
3.571786,2.365122E-04,2.441425E-04,6.66667E-04
3.572786,3.12807E-04,-8.392381E-05,2.33333E-03
3.573787,-1.831064E-04,-3.204364E-04,-.002
3.574788,-1.907358E-04,-1.75477E-04,-.001
3.575788,1.220712E-04,-2.975482E-04,-6.66667E-04
3.576788,6.103562E-05,-3.051776E-04,-.001
3.577789,7.629453E-06,-3.433246E-04,-6.66667E-04
3.578789,-1.907358E-04,-4.806537E-04,-.001
3.57979,2.28883E-05,-1.220712E-04,-.001
3.580791,4.501361E-04,-1.06812E-04,-6.66667E-04
3.581791,1.525888E-04,1.144414E-04,6.66667E-04
3.582791,-3.051781E-05,1.525888E-04,-6.66667E-04
3.583792,-1.602182E-04,9.918259E-05,-.001
3.584793,-4.57766E-05,9.918259E-05,-6.66667E-04
3.585793,-2.517719E-04,1.831064E-04,.001
3.586793,-1.983652E-04,0,.001
3.587794,-1.831064E-04,4.57766E-05,6.66667E-04
3.588794,-2.28883E-05,1.449594E-04,-6.66667E-04
3.589795,2.059946E-04,6.103562E-05,6.66667E-04
3.590796,3.12807E-04,-1.220712E-04,.001
3.591796,4.730243E-04,-1.06812E-04,-.002
3.592796,2.746601E-04,-5.340599E-05,6.66667E-04
3.593797,9.15532E-05,-3.051776E-04,6.66667E-04
3.594798,-9.15532E-05,-1.525888E-04,.001
3.595798,-3.051776E-04,-2.28883E-05,-6.66667E-04
3.596798,-4.043598E-04,4.57766E-05,.001
3.597799,-1.525888E-04,-6.103562E-05,-6.66667E-04
3.598799,-5.340599E-05,1.525888E-04,6.66667E-04
3.5998,8.392381E-05,4.196186E-04,-.002
3.600801,-7.629441E-05,5.798377E-04,-.001
3.601801,-3.814721E-05,6.332435E-04,-6.66667E-04
3.602801,-1.06812E-04,5.798377E-04,-6.66667E-04
3.603802,-5.340599E-05,5.722083E-04,-.001
3.604803,1.831064E-04,7.01908E-04,-.001
3.605803,-1.06812E-04,4.88285E-04,-6.66667E-04
3.606803,-1.75477E-04,5.035438E-04,.001
3.607804,-6.866502E-05,5.264319E-04,-.002
3.608804,-1.602182E-04,2.059946E-04,.001
3.609805,-2.517719E-04,-2.13624E-04,-6.66667E-04
3.610806,-3.50954E-04,-1.831064E-04,.001
3.611806,-4.806537E-04,3.204364E-04,-3.66667E-03
3.612806,-5.493201E-04,4.196186E-04,-6.66667E-04
3.613807,-5.722083E-04,5.264319E-04,.001
3.614808,-2.13624E-04,3.662128E-04,-6.66667E-04
3.615808,-5.340599E-05,-6.866502E-05,-6.66667E-04
3.616808,-5.874671E-04,-1.144414E-04,.001
3.617809,-4.501361E-04,3.051781E-05,6.66667E-04
3.618809,-1.06812E-04,1.220712E-04,6.66667E-04
3.61981,-1.220712E-04,3.814721E-05,6.66667E-04
3.620811,-2.059946E-04,-3.12807E-04,-6.66667E-04
3.621811,-1.602182E-04,-4.959144E-04,-.001
3.622811,2.212534E-04,-6.103553E-04,-6.66667E-04
3.623812,9.918259E-05,-3.204364E-04,.001
3.624813,-4.501361E-04,-6.027259E-04,-6.66667E-04
3.625813,-5.493201E-04,-2.822895E-04,-.002
3.626813,-3.204364E-04,-1.449594E-04,-.002
3.627814,-2.13624E-04,-4.57766E-05,6.66667E-04
3.628814,-2.899189E-04,2.288828E-04,-6.66667E-04
3.629815,0,2.365122E-04,-.002
3.630816,-6.866502E-05,-2.28883E-05,-.001
3.631816,2.28883E-05,3.814721E-05,-6.66667E-04
3.632816,2.517719E-04,3.051781E-05,6.66667E-04
3.633817,3.89101E-04,-7.629441E-05,-.001
3.634818,1.297006E-04,-3.814721E-05,6.66667E-04
3.635818,3.89101E-04,1.678476E-04,-.001
3.636818,2.288828E-04,2.441425E-04,.002
3.637819,-1.602182E-04,-7.629453E-06,-.001
3.638819,-5.035438E-04,-1.144414E-04,-.001
3.63982,-1.525888E-04,-1.525888E-04,.001
3.640821,7.629441E-05,4.57766E-05,-2.33333E-03
3.641821,3.051781E-05,3.967304E-04,6.66667E-04
3.642821,-1.602182E-04,7.324256E-04,-6.66667E-04
3.643822,-2.670307E-04,7.629432E-04,-6.66667E-04
3.644823,-8.392381E-05,5.416907E-04,6.66667E-04
3.645823,1.144414E-04,9.918259E-05,-6.66667E-04
3.646823,-1.297006E-04,1.525888E-04,6.66667E-04
3.647824,-6.63761E-04,3.280658E-04,-.001
3.648824,-5.874671E-04,1.06812E-04,-.001
3.649825,-2.212534E-04,1.602182E-04,.001
3.650826,-3.051781E-05,1.525891E-05,-.001
3.651826,-2.975482E-04,-3.051776E-04,-.002
3.652826,6.866502E-05,-2.594013E-04,6.66667E-04
3.653827,1.75477E-04,-3.585834E-04,-.004
3.654828,-2.365122E-04,-5.340613E-04,6.66667E-04
3.655828,-5.340613E-04,-4.806537E-04,.001
3.656828,-3.738422E-04,0,-.001
3.657829,-4.425067E-04,1.525888E-04,.002
3.658829,-4.806537E-04,2.746601E-04,-2.33333E-03
3.65983,-5.493201E-04,1.907358E-04,-6.66667E-04
3.66083,-1.75477E-04,0,.001
3.661831,2.517719E-04,1.525891E-05,-.001
3.662831,6.332435E-04,-4.119892E-04,.001
3.663832,8.392371E-04,-3.433246E-04,-2.33333E-03
3.664833,4.577655E-04,5.340599E-05,-6.66667E-04
3.665833,1.75477E-04,1.907358E-04,-.001
3.666833,8.392381E-05,3.280658E-04,6.66667E-04
3.667834,2.212534E-04,3.12807E-04,-3.66667E-03
3.668834,2.594013E-04,1.75477E-04,2.33333E-03
3.669835,3.662128E-04,-2.746601E-04,-.001
3.670835,2.822895E-04,-4.501361E-04,6.66667E-04
3.671836,6.332435E-04,-2.899189E-04,-.001
3.672836,4.043598E-04,-3.280658E-04,.001
3.673837,2.212534E-04,6.103562E-05,2.33333E-03
3.674838,3.89101E-04,3.814716E-04,-.001
3.675838,5.035438E-04,3.814716E-04,-.002
3.676838,-1.525891E-05,7.629441E-05,-2.33333E-03
3.677839,-7.629453E-06,3.051781E-05,-.002
3.678839,1.602182E-04,1.220712E-04,-.001
3.67984,3.051781E-05,4.57766E-05,-2.33333E-03
3.68084,2.365122E-04,-4.57766E-05,.001
3.681841,-9.918259E-05,4.57766E-05,-.001
3.682841,-5.340613E-04,1.449594E-04,.001
3.683842,-4.27248E-04,2.441425E-04,-6.66667E-04
3.684843,-4.806537E-04,3.356952E-04,-.002
3.685843,-9.918259E-05,4.57766E-05,-6.66667E-04
3.686843,6.103562E-05,-3.204364E-04,-2.33333E-03
3.687844,-2.441425E-04,5.340599E-05,.001
3.688844,-2.517719E-04,4.57766E-05,-6.66667E-04
3.689845,-9.918259E-05,-7.629453E-06,.001
3.690845,9.918259E-05,5.340599E-05,-.001
3.691846,2.28883E-05,2.822895E-04,-6.66667E-04
3.692847,-1.3733E-04,3.50954E-04,-6.66667E-04
3.693847,-4.57766E-05,3.051776E-04,.002
3.694848,2.28883E-05,1.831064E-04,-.001
3.695848,1.831064E-04,4.730243E-04,-.002
3.696848,1.220712E-04,2.594013E-04,-6.66667E-04
3.697849,3.738422E-04,1.75477E-04,-2.33333E-03
3.698849,4.653949E-04,2.441425E-04,-6.66667E-04
3.69985,2.822895E-04,3.356952E-04,.001
3.70085,3.051781E-05,9.15532E-05,-.001
3.701851,1.678476E-04,-6.866502E-05,.001
3.702852,3.89101E-04,3.051781E-05,-.002
3.703852,6.332435E-04,6.866502E-05,-.001
3.704853,4.577655E-04,-5.340599E-05,.002
3.705853,-9.918259E-05,-1.06812E-04,-.001
3.706853,-3.585834E-04,-2.670307E-04,.001
3.707854,-2.517719E-04,-3.12807E-04,-.002
3.708854,1.220712E-04,-5.340599E-05,-3.66667E-03
3.709855,1.220712E-04,-1.525891E-05,6.66667E-04
3.710855,-7.629441E-05,-6.103562E-05,6.66667E-04
3.711856,-1.983652E-04,2.28883E-05,-6.66667E-04
3.712857,7.629453E-06,2.746601E-04,.001
3.713857,-1.602182E-04,9.918259E-05,-6.66667E-04
3.714858,-2.975482E-04,2.975482E-04,6.66667E-04
3.715858,-1.525891E-05,5.264319E-04,6.66667E-04
3.716858,1.06812E-04,4.730243E-04,-6.66667E-04
3.717859,9.15532E-05,3.585834E-04,-6.66667E-04
3.718859,3.814721E-05,-4.57766E-05,-3.66667E-03
3.71986,1.525888E-04,-1.449594E-04,.001
3.72086,1.525888E-04,-1.525888E-04,6.66667E-04
3.721861,1.525891E-05,-2.822895E-04,-6.66667E-04
3.722862,-1.907358E-04,-8.392381E-05,-.001
3.723862,2.822895E-04,-1.75477E-04,.001
3.724863,4.348774E-04,-3.814721E-05,-6.66667E-04
3.725863,4.959144E-04,2.13624E-04,-6.66667E-04
3.726863,1.449594E-04,2.441425E-04,-.001
3.727864,4.196186E-04,-2.28883E-05,-2.33333E-03
3.728864,2.975482E-04,8.392381E-05,-.001
3.729865,2.822895E-04,4.27248E-04,-.001
3.730865,3.814716E-04,1.449594E-04,-6.66667E-04
3.731866,2.899189E-04,5.188026E-04,.002
3.732867,4.653949E-04,2.059946E-04,-.001
3.733867,3.204364E-04,3.585834E-04,.001
3.734868,9.15532E-05,4.196186E-04,6.66667E-04
3.735868,4.119892E-04,3.433246E-04,6.66667E-04
3.736868,3.051776E-04,3.051776E-04,-6.66667E-04
3.737869,1.983652E-04,1.678476E-04,-.002
3.73887,2.288828E-04,1.602182E-04,-3.66667E-03
3.73987,9.918259E-05,-4.57766E-05,-6.66667E-04
3.74087,2.441425E-04,-5.340599E-05,.001
3.741871,4.730243E-04,8.392381E-05,6.66667E-04
3.742872,5.569495E-04,-5.340599E-05,-.001
3.743872,4.501361E-04,-5.340599E-05,-6.66667E-04
3.744873,5.798377E-04,-1.983652E-04,-.001
3.745873,6.332435E-04,-2.288828E-04,-.002
3.746873,6.027259E-04,-1.602182E-04,-6.66667E-04
3.747874,3.662128E-04,-1.144414E-04,-6.66667E-04
3.748875,1.144414E-04,-2.594013E-04,-2.33333E-03
3.749875,0,-2.517719E-04,6.66667E-04
3.750875,-1.06812E-04,4.57766E-05,-.001
3.751876,1.06812E-04,4.57766E-05,-.002
3.752877,4.043598E-04,-2.28883E-05,-6.66667E-04
3.753877,9.15532E-05,-1.525891E-05,-6.66667E-04
3.754878,-4.57766E-05,4.57766E-05,-.001
3.755878,-1.602182E-04,3.585834E-04,6.66667E-04
3.756878,1.525891E-05,2.28883E-05,-.001
3.757879,4.57766E-05,-2.28883E-05,-6.66667E-04
3.75888,-3.051781E-05,-3.051776E-04,-.001
3.75988,9.918259E-05,-2.822895E-04,-.001
3.76088,4.196186E-04,5.340599E-05,6.66667E-04
3.761881,5.493201E-04,1.602182E-04,-.001
3.762882,9.918259E-05,9.918259E-05,-.002
3.763882,-6.103562E-05,-3.051776E-04,-.001
3.764883,-3.50954E-04,-1.907358E-04,6.66667E-04
3.765883,-4.196186E-04,-2.365122E-04,.001
3.766883,-2.441425E-04,-2.13624E-04,-6.66667E-04
3.767884,7.629441E-05,-9.15532E-05,3.66667E-03
3.768885,2.212534E-04,3.051781E-05,-.001
3.769885,2.517719E-04,0,-6.66667E-04
3.770885,3.280658E-04,-1.06812E-04,-6.66667E-04
3.771886,3.89101E-04,-4.043598E-04,.001
3.772887,1.220712E-04,-2.670307E-04,6.66667E-04
3.773887,-1.678476E-04,-1.220712E-04,-6.66667E-04
3.774888,-1.75477E-04,1.525888E-04,-.002
3.775888,-2.517719E-04,2.746601E-04,-.002
3.776888,-3.967304E-04,1.525891E-05,-6.66667E-04
3.777889,1.983652E-04,-3.433246E-04,-.001
3.77889,5.188026E-04,-1.602182E-04,-6.66667E-04
3.77989,3.814716E-04,3.662128E-04,-.001
3.78089,1.983652E-04,5.722083E-04,.001
3.781891,5.493201E-04,2.594013E-04,-6.66667E-04
3.782892,6.103553E-04,5.111732E-04,-.002
3.783892,2.212534E-04,1.602182E-04,.002
3.784893,2.517719E-04,1.75477E-04,-6.66667E-04
3.785893,-2.822895E-04,5.569495E-04,-.001
3.786893,-5.874671E-04,1.983652E-04,6.66667E-04
3.787894,-1.831064E-04,-3.204364E-04,6.66667E-04
3.788895,1.525888E-04,-5.645789E-04,-.001
3.789895,1.983652E-04,-4.653949E-04,-.002
3.790895,5.264319E-04,-8.239783E-04,-6.66667E-04
3.791896,3.433246E-04,-4.88285E-04,-2.33333E-03
3.792897,2.059946E-04,-4.577655E-04,-.002
3.793897,3.051776E-04,-4.501361E-04,.001
3.794898,-2.594013E-04,-2.28883E-05,-2.33333E-03
3.795898,-5.035438E-04,1.449594E-04,6.66667E-04
3.796898,-3.280658E-04,2.670307E-04,.001
3.797899,-2.441425E-04,1.3733E-04,-.001
3.7989,-2.441425E-04,-3.051781E-05,-.002
3.7999,-1.06812E-04,6.866502E-05,-6.66667E-04
3.8009,-9.15532E-05,-5.340599E-05,-.002
3.801901,-5.340599E-05,-9.15532E-05,-6.66667E-04
3.802902,-1.602182E-04,-1.907358E-04,6.66667E-04
3.803902,-2.365122E-04,-7.629453E-06,-6.66667E-04
3.804903,-1.831064E-04,2.594013E-04,.001
3.805903,-2.13624E-04,4.57766E-05,.001
3.806903,3.814721E-05,2.28883E-05,.001
3.807904,3.814721E-05,3.585834E-04,-.002
3.808905,-8.392381E-05,5.950965E-04,-.001
3.809905,1.525888E-04,6.027259E-04,-.002
3.810905,3.204364E-04,3.280658E-04,6.66667E-04
3.811906,1.144414E-04,4.57766E-05,6.66667E-04
3.812907,-5.340599E-05,-5.340599E-05,-.002
3.813907,-1.678476E-04,1.06812E-04,-6.66667E-04
3.814908,1.220712E-04,3.356952E-04,6.66667E-04
3.815908,9.918259E-05,4.043598E-04,-2.33333E-03
3.816908,3.12807E-04,3.356952E-04,.001
3.817909,2.059946E-04,2.13624E-04,-3.66667E-03
3.81891,3.051781E-05,1.3733E-04,-.001
3.81991,-5.340599E-05,3.738422E-04,6.66667E-04
3.82091,6.866502E-05,3.356952E-04,6.66667E-04
3.821911,8.392381E-05,-4.501361E-04,.001
3.822912,3.280658E-04,-5.340613E-04,-.002
3.823912,3.814721E-05,-5.340613E-04,6.66667E-04
3.824913,3.051781E-05,-5.264319E-04,.001
3.825913,-1.525888E-04,-1.525888E-04,-6.66667E-04
3.826913,-3.814721E-05,-3.204364E-04,3.66667E-03
3.827914,5.340599E-05,-3.051781E-05,-6.66667E-04
3.828915,3.051776E-04,4.119892E-04,-6.66667E-04
3.829915,3.662128E-04,1.525888E-04,-.002
3.830915,1.297006E-04,-1.06812E-04,-2.33333E-03
3.831916,1.449594E-04,7.629441E-05,.001
3.832916,2.28883E-05,2.288828E-04,3.66667E-03
3.833917,5.340599E-05,2.822895E-04,-6.66667E-04
3.834918,5.340599E-05,2.594013E-04,6.66667E-04
3.835918,2.517719E-04,-1.525891E-05,.001
3.836918,-6.103562E-05,1.220712E-04,-6.66667E-04
3.837919,-2.13624E-04,5.340599E-05,-.001
3.83892,-9.15532E-05,2.28883E-05,-6.66667E-04
3.83992,2.594013E-04,-3.051781E-05,-.001
3.84092,-7.629453E-06,1.220712E-04,.002
3.841921,-5.340599E-05,3.433246E-04,-2.33333E-03
3.842921,1.144414E-04,-1.602182E-04,-.002
3.843922,3.356952E-04,-4.196186E-04,-.001
3.844923,1.831064E-04,-4.27248E-04,-6.66667E-04
3.845923,-4.27248E-04,-3.814721E-05,-6.66667E-04
3.846923,-3.814716E-04,1.525891E-05,-.002
3.847924,6.103562E-05,2.13624E-04,-.001
3.848925,9.15532E-05,2.670307E-04,-.001
3.849925,1.983652E-04,9.15532E-05,.001
3.850925,-1.525891E-05,1.144414E-04,6.66667E-04
3.851926,-1.144414E-04,-3.051781E-05,6.66667E-04
3.852926,-1.525888E-04,3.433246E-04,-6.66667E-04
3.853927,5.340599E-05,9.079017E-04,-6.66667E-04
3.854928,4.196186E-04,5.645789E-04,-.001
3.855928,3.204364E-04,-9.918259E-05,.001
3.856929,2.594013E-04,-1.06812E-04,-6.66667E-04
3.857929,4.577655E-04,-7.629441E-05,-.002
3.85893,6.790198E-04,-1.144414E-04,.001
3.85993,7.629432E-04,-5.035438E-04,6.66667E-04
3.86093,6.866492E-04,-1.144414E-04,.001
3.861931,5.416907E-04,-1.602182E-04,6.66667E-04
3.862931,1.525888E-04,-2.13624E-04,-2.33333E-03
3.863932,4.57766E-05,-9.918259E-05,-.001
3.864933,3.814721E-05,-1.831064E-04,-.002
3.865933,-2.212534E-04,-9.15532E-05,-6.66667E-04
3.866934,-5.874671E-04,1.831064E-04,-2.33333E-03
3.867934,-2.441425E-04,-1.220712E-04,-6.66667E-04
3.868935,-6.103562E-05,2.28883E-05,-6.66667E-04
3.869935,-6.103562E-05,-1.831064E-04,-.002
3.870935,1.983652E-04,-3.662128E-04,-.001
3.871936,2.288828E-04,-6.103562E-05,-.001
3.872936,1.75477E-04,2.594013E-04,-.001
3.873937,-3.738422E-04,2.594013E-04,-.002
3.874938,-8.773841E-04,2.365122E-04,-.001
3.875938,-4.196186E-04,2.899189E-04,-.002
3.876939,-5.035438E-04,3.814721E-05,-2.33333E-03
3.877939,-6.485023E-04,-6.103562E-05,.001
3.87894,-4.043598E-04,1.75477E-04,.001
3.87994,-3.738422E-04,1.525888E-04,-.001
3.88094,-3.967304E-04,2.594013E-04,-2.33333E-03
3.881941,-3.356952E-04,1.75477E-04,6.66667E-04
3.882941,-4.425067E-04,9.918259E-05,-.001
3.883942,-4.425067E-04,6.103562E-05,-.002
3.884943,3.814721E-05,2.059946E-04,-.002
3.885943,3.738422E-04,2.670307E-04,-.001
3.886944,4.196186E-04,2.746601E-04,-6.66667E-04
3.887944,3.12807E-04,-7.629453E-06,-.002
3.888945,0,-3.814716E-04,-2.33333E-03
3.889945,9.15532E-05,-3.204364E-04,-6.66667E-04
3.890945,3.662128E-04,-1.75477E-04,-.002
3.891946,1.983652E-04,-2.28883E-05,-.002
3.892946,3.12807E-04,2.517719E-04,-6.66667E-04
3.893947,2.365122E-04,0,.001
3.894948,-1.449594E-04,-5.340599E-05,6.66667E-04
3.895948,-2.594013E-04,-2.746601E-04,-.002
3.896949,-1.525891E-05,-3.12807E-04,.001
3.897949,-5.340599E-05,-1.75477E-04,-.001
3.89895,5.340599E-05,-4.57766E-05,6.66667E-04
3.89995,-2.517719E-04,9.918259E-05,.002
3.90095,-2.975482E-04,1.06812E-04,-.002
3.901951,-1.983652E-04,1.678476E-04,-.001
3.902952,-1.144414E-04,0,.001
3.903952,2.28883E-05,-4.043598E-04,-2.33333E-03
3.904953,-1.220712E-04,-3.280658E-04,-.001
3.905953,-6.866502E-05,-2.059946E-04,-.002
3.906954,1.525888E-04,1.3733E-04,-.002
3.907954,1.144414E-04,1.144414E-04,-.001
3.908955,-2.28883E-05,3.814721E-05,.002
3.909955,1.06812E-04,7.629453E-06,-6.66667E-04
3.910955,-2.822895E-04,1.449594E-04,-6.66667E-04
3.911956,2.28883E-05,-3.051781E-05,-6.66667E-04
3.912957,7.629453E-06,-1.907358E-04,-.001
3.913957,1.144414E-04,-2.059946E-04,-3.66667E-03
3.914958,3.12807E-04,-3.204364E-04,-.001
3.915958,-5.340599E-05,-4.501361E-04,6.66667E-04
3.916959,-2.441425E-04,-7.553138E-04,6.66667E-04
3.917959,-2.822895E-04,-6.713904E-04,-6.66667E-04
3.91896,-2.059946E-04,-2.517719E-04,-6.66667E-04
3.91996,1.602182E-04,7.629441E-05,-.001
3.92096,3.433246E-04,1.297006E-04,-6.66667E-04
3.921961,2.594013E-04,9.15532E-05,6.66667E-04
3.922962,2.13624E-04,3.204364E-04,6.66667E-04
3.923962,-1.220712E-04,3.814721E-05,-.001
3.924963,-1.144414E-04,0,-.001
3.925963,-3.356952E-04,-2.059946E-04,6.66667E-04
3.926964,-2.899189E-04,-4.425067E-04,-.001
3.927964,-9.15532E-05,-6.63761E-04,-.001
3.928965,-1.220712E-04,-6.485023E-04,-6.66667E-04
3.929965,-2.28883E-05,-4.425067E-04,6.66667E-04
3.930965,7.629453E-06,-4.27248E-04,-6.66667E-04
3.931966,6.866502E-05,-1.907358E-04,-.001
3.932967,3.280658E-04,7.629453E-06,-.002
3.933967,1.602182E-04,1.525891E-05,-2.33333E-03
3.934968,1.678476E-04,-9.918259E-05,.001
3.935968,2.059946E-04,-1.297006E-04,6.66667E-04
3.936969,5.798377E-04,4.57766E-05,-6.66667E-04
3.937969,3.738422E-04,4.119892E-04,6.66667E-04
3.93897,3.89101E-04,2.059946E-04,.001
3.93997,2.517719E-04,-9.15532E-05,-.002
3.94097,2.594013E-04,-2.13624E-04,.001
3.941971,9.918259E-05,7.629453E-06,-2.33333E-03
3.942972,1.983652E-04,1.220712E-04,-.002
3.943972,2.28883E-05,2.822895E-04,.001
3.944973,1.983652E-04,2.822895E-04,6.66667E-04
3.945973,3.585834E-04,9.918259E-05,-6.66667E-04
3.946974,9.918259E-05,0,-6.66667E-04
3.947974,3.814721E-05,-9.15532E-05,6.66667E-04
3.948975,-7.629441E-05,-1.297006E-04,-6.66667E-04
3.949975,-1.525891E-05,-1.06812E-04,-.001
3.950975,2.365122E-04,-9.918259E-05,-3.66667E-03
3.951976,2.594013E-04,4.57766E-05,-.001
3.952977,-7.629441E-05,5.493201E-04,6.66667E-04
3.953977,-9.918259E-05,4.501361E-04,-.001
3.954978,-1.06812E-04,6.866502E-05,-6.66667E-04
3.955978,-1.220712E-04,6.866502E-05,-2.33333E-03
3.956979,-2.288828E-04,-1.220712E-04,-.002
3.957979,-2.212534E-04,-2.670307E-04,6.66667E-04
3.95898,-4.57766E-05,-1.06812E-04,6.66667E-04
3.95998,1.144414E-04,1.525888E-04,-6.66667E-04
3.96098,2.28883E-05,1.3733E-04,-2.33333E-03
3.961981,1.06812E-04,1.297006E-04,-6.66667E-04
3.962982,1.678476E-04,2.059946E-04,-6.66667E-04
3.963982,-1.297006E-04,-6.866502E-05,-3.66667E-03
3.964983,-4.27248E-04,-3.051776E-04,-.002
3.965983,-3.738422E-04,-3.12807E-04,.004
3.966984,-2.13624E-04,-3.12807E-04,-.001
3.967984,-9.15532E-05,2.28883E-05,6.66667E-04
3.968985,-2.059946E-04,2.13624E-04,.001
3.969985,-1.831064E-04,5.188026E-04,-6.66667E-04
3.970985,-5.340599E-05,7.095374E-04,6.66667E-04
3.971986,4.57766E-05,4.806537E-04,6.66667E-04
3.972987,3.50954E-04,3.204364E-04,-6.66667E-04
3.973987,1.525888E-04,2.212534E-04,6.66667E-04
3.974988,4.57766E-05,5.569495E-04,-.001
3.975988,-4.57766E-05,3.89101E-04,.001
3.976989,7.629441E-05,1.06812E-04,-6.66667E-04
3.977989,1.297006E-04,-1.907358E-04,-6.66667E-04
3.97899,1.75477E-04,3.051781E-05,-.001
3.97999,-7.629441E-05,9.918259E-05,6.66667E-04
3.98099,-1.144414E-04,1.75477E-04,-.001
3.981991,3.814721E-05,1.3733E-04,.001
3.982992,-4.730243E-04,6.103562E-05,-.001
3.983992,-6.256141E-04,1.75477E-04,-6.66667E-04
3.984993,-2.13624E-04,6.103562E-05,6.66667E-04
3.985993,3.051781E-05,-2.28883E-05,.001
3.986994,0,2.594013E-04,-.002
3.987994,-1.297006E-04,2.441425E-04,-.002
3.988995,-2.13624E-04,1.3733E-04,-.002
3.989995,4.57766E-05,8.392381E-05,-.001
3.990995,9.918259E-05,3.814721E-05,6.66667E-04
3.991996,3.814716E-04,6.866502E-05,6.66667E-04
3.992997,-8.392381E-05,9.918259E-05,-.001
3.993997,-1.602182E-04,5.264319E-04,-.002
3.994998,-1.297006E-04,4.730243E-04,-.001
3.995998,-3.051781E-05,1.983652E-04,-6.66667E-04
3.996999,9.15532E-05,-3.051781E-05,.001
3.997999,1.525888E-04,0,6.66667E-04
3.999,-5.340599E-05,-2.288828E-04,-6.66667E-04
4,-2.212534E-04,-3.89101E-04,-.001
