"c:\users\esrlabn1\desktop\bence\ir_spectroscopy\532nm_odmr\magnet_map_2_680nm\444.dat  ---  04-28-2026 07:39:12"
""
"cavityli 20 2 4 2000 1 0 0"
"                             ;                             ;seth_xesr_precise 236.78 1 0 1.8444227005870841"
"setlockin 188.67 0.004 0 0.03 0.2"
4,2000
2,2.594013E-04,-5.340599E-05,-6.66667E-04
2.001,-6.103562E-05,2.746601E-04,-6.66667E-04
2.002001,-2.899189E-04,3.814716E-04,.001
2.003001,-2.212534E-04,5.264319E-04,-.001
2.004002,8.392381E-05,2.13624E-04,-.001
2.005002,1.75477E-04,-1.983652E-04,2.33333E-03
2.006003,5.340599E-05,-2.670307E-04,6.66667E-04
2.007004,-1.602182E-04,-1.297006E-04,-6.66667E-04
2.008004,-3.204364E-04,-9.918259E-05,-.002
2.009005,-5.340599E-05,-3.051781E-05,-.002
2.010005,2.365122E-04,1.831064E-04,6.66667E-04
2.011005,2.899189E-04,2.822895E-04,6.66667E-04
2.012006,1.449594E-04,2.670307E-04,.001
2.013006,-1.297006E-04,-3.051776E-04,-.001
2.014007,-1.983652E-04,-4.730243E-04,.001
2.015007,-6.103562E-05,-3.204364E-04,-2.33333E-03
2.016008,1.144414E-04,-2.594013E-04,-6.66667E-04
2.017009,2.059946E-04,-2.517719E-04,-6.66667E-04
2.018009,3.204364E-04,-1.75477E-04,.001
2.01901,1.831064E-04,-1.907358E-04,-.001
2.02001,7.629453E-06,-3.12807E-04,-6.66667E-04
2.02101,-3.356952E-04,-4.27248E-04,.002
2.022011,-6.408729E-04,-2.441425E-04,-.002
2.023011,-5.722083E-04,-2.13624E-04,.002
2.024012,-3.967304E-04,-1.297006E-04,-.002
2.025012,-1.75477E-04,-2.517719E-04,-.002
2.026013,-1.144414E-04,-8.392381E-05,-.001
2.027014,-2.365122E-04,-7.629441E-05,6.66667E-04
2.028014,0,-1.297006E-04,-6.66667E-04
2.029015,1.678476E-04,-6.103562E-05,-.002
2.030015,-2.13624E-04,-3.814721E-05,2.33333E-03
2.031015,-1.3733E-04,-3.12807E-04,6.66667E-04
2.032016,-3.662128E-04,-4.806537E-04,-6.66667E-04
2.033016,-4.501361E-04,-3.585834E-04,-.001
2.034017,-2.365122E-04,-2.899189E-04,-6.66667E-04
2.035017,1.449594E-04,-2.441425E-04,-6.66667E-04
2.036018,3.585834E-04,1.06812E-04,.001
2.037019,4.043598E-04,2.670307E-04,6.66667E-04
2.038019,1.144414E-04,1.983652E-04,-.002
2.03902,7.629441E-05,8.392381E-05,-6.66667E-04
2.04002,3.662128E-04,-2.28883E-05,-.001
2.04102,1.525888E-04,-9.15532E-05,2.33333E-03
2.042021,6.103562E-05,1.525891E-05,-3.66667E-03
2.043021,1.983652E-04,1.144414E-04,6.66667E-04
2.044022,3.662128E-04,2.899189E-04,.001
2.045022,2.059946E-04,3.280658E-04,.001
2.046023,1.525891E-05,1.3733E-04,-6.66667E-04
2.047024,3.051776E-04,2.594013E-04,.001
2.048024,3.967304E-04,7.629441E-05,-.001
2.049025,3.89101E-04,-2.13624E-04,-.002
2.050025,3.12807E-04,-5.340599E-05,6.66667E-04
2.051026,3.12807E-04,-1.06812E-04,.002
2.052026,3.12807E-04,-3.051776E-04,-.002
2.053026,5.569495E-04,-5.111732E-04,-6.66667E-04
2.054027,7.324256E-04,-7.78202E-04,-.001
2.055027,7.247962E-04,-3.356952E-04,-3.66667E-03
2.056028,4.959144E-04,-3.814721E-05,-.002
2.057029,3.662128E-04,0,6.66667E-04
2.058029,0,-9.15532E-05,.001
2.05903,-1.449594E-04,-2.441425E-04,-.002
2.06003,3.814721E-05,-2.899189E-04,6.66667E-04
2.061031,-1.220712E-04,-4.27248E-04,-.002
2.062031,-2.517719E-04,-1.678476E-04,6.66667E-04
2.063031,-2.441425E-04,1.525888E-04,.001
2.064032,1.297006E-04,2.594013E-04,-6.66667E-04
2.065032,2.288828E-04,4.501361E-04,.001
2.066033,1.678476E-04,4.348774E-04,.002
2.067034,2.822895E-04,3.280658E-04,-.004
2.068034,3.356952E-04,1.06812E-04,-.001
2.069035,2.822895E-04,6.866502E-05,-.001
2.070035,-3.12807E-04,1.297006E-04,-6.66667E-04
2.071036,-4.27248E-04,-1.525891E-05,-.002
2.072036,-3.356952E-04,1.907358E-04,-3.66667E-03
2.073036,-1.06812E-04,3.356952E-04,-.001
2.074037,-7.629453E-06,7.095374E-04,-6.66667E-04
2.075037,-4.57766E-05,3.814716E-04,-.002
2.076038,-1.297006E-04,4.57766E-05,-6.66667E-04
2.077039,5.340599E-05,-3.814721E-05,-6.66667E-04
2.078039,6.103562E-05,2.975482E-04,-6.66667E-04
2.07904,-1.3733E-04,4.348774E-04,.001
2.08004,-4.88285E-04,5.722083E-04,-3.66667E-03
2.081041,-1.75477E-04,3.12807E-04,.001
2.082041,9.918259E-05,1.525891E-05,-.002
2.083041,-2.13624E-04,4.57766E-05,6.66667E-04
2.084042,-1.602182E-04,-7.629441E-05,-6.66667E-04
2.085042,-1.144414E-04,-3.738422E-04,-.002
2.086043,7.629441E-05,-1.06812E-04,6.66667E-04
2.087044,4.119892E-04,-1.831064E-04,-.002
2.088044,5.340599E-05,-1.831064E-04,-6.66667E-04
2.089045,-2.365122E-04,-3.12807E-04,.001
2.090045,-5.569495E-04,1.525891E-05,.001
2.091046,-4.043598E-04,-1.06812E-04,-6.66667E-04
2.092046,-5.111732E-04,-1.06812E-04,.001
2.093046,-5.874671E-04,-6.866502E-05,6.66667E-04
2.094047,-3.12807E-04,7.629441E-05,-.001
2.095047,-1.678476E-04,3.12807E-04,.001
2.096048,1.525888E-04,2.517719E-04,6.66667E-04
2.097049,2.28883E-05,2.059946E-04,6.66667E-04
2.098049,-2.059946E-04,1.525888E-04,-.002
2.09905,6.866502E-05,3.051776E-04,-6.66667E-04
2.10005,2.594013E-04,6.790198E-04,.001
2.101051,2.365122E-04,3.662128E-04,6.66667E-04
2.102051,3.12807E-04,1.525891E-05,2.33333E-03
2.103051,3.356952E-04,2.13624E-04,-6.66667E-04
2.104052,3.738422E-04,-1.602182E-04,6.66667E-04
2.105052,2.13624E-04,-1.75477E-04,-6.66667E-04
2.106053,3.051776E-04,2.13624E-04,.002
2.107054,9.15532E-05,5.950965E-04,-6.66667E-04
2.108054,1.525888E-04,4.730243E-04,-.002
2.109055,-1.907358E-04,4.425067E-04,.001
2.110055,-3.280658E-04,4.425067E-04,6.66667E-04
2.111056,-2.13624E-04,3.814716E-04,6.66667E-04
2.112056,-2.746601E-04,2.059946E-04,-.002
2.113056,7.629453E-06,-2.28883E-05,.001
2.114057,1.907358E-04,-2.441425E-04,-6.66667E-04
2.115057,1.144414E-04,-9.15532E-05,-.001
2.116058,1.525888E-04,5.340599E-05,-.002
2.117059,4.119892E-04,4.57766E-05,-6.66667E-04
2.118059,4.57766E-05,-1.525891E-05,6.66667E-04
2.11906,3.051781E-05,-1.525888E-04,-.001
2.12006,9.15532E-05,-6.103562E-05,-.001
2.121061,-1.06812E-04,2.212534E-04,2.33333E-03
2.122061,-1.75477E-04,4.57766E-05,-3.66667E-03
2.123062,0,9.918259E-05,6.66667E-04
2.124062,6.866502E-05,3.814721E-05,.001
2.125062,0,-3.814721E-05,-2.33333E-03
2.126063,0,-1.525891E-05,-2.33333E-03
2.127064,3.585834E-04,8.392381E-05,-.001
2.128064,1.75477E-04,1.907358E-04,.001
2.129065,-2.28883E-05,4.501361E-04,-.001
2.130065,-3.204364E-04,3.585834E-04,-.001
2.131066,-2.28883E-05,1.525888E-04,-.002
2.132066,3.662128E-04,1.220712E-04,-6.66667E-04
2.133067,4.653949E-04,3.50954E-04,-6.66667E-04
2.134067,2.059946E-04,3.356952E-04,-2.33333E-03
2.135067,-3.051781E-05,4.196186E-04,.001
2.136068,9.918259E-05,1.525888E-04,.002
2.137069,2.822895E-04,2.365122E-04,.001
2.138069,3.814721E-05,3.662128E-04,-.001
2.13907,-5.340599E-05,2.822895E-04,6.66667E-04
2.14007,-1.831064E-04,1.831064E-04,-6.66667E-04
2.141071,-5.340599E-05,3.280658E-04,-2.33333E-03
2.142071,-1.983652E-04,2.670307E-04,-6.66667E-04
2.143072,-1.06812E-04,-1.602182E-04,-.002
2.144072,-1.678476E-04,-2.288828E-04,-6.66667E-04
2.145072,-3.89101E-04,0,.001
2.146073,-2.059946E-04,-1.297006E-04,.001
2.147074,-2.28883E-05,-1.220712E-04,-6.66667E-04
2.148074,8.392381E-05,-1.678476E-04,-.001
2.149075,-2.365122E-04,-3.814716E-04,.001
2.150075,0,-8.392381E-05,.001
2.151076,2.899189E-04,-3.204364E-04,.001
2.152076,2.822895E-04,-1.449594E-04,-.001
2.153077,4.196186E-04,-1.831064E-04,-.001
2.154077,2.594013E-04,-2.288828E-04,-.002
2.155077,2.975482E-04,1.525888E-04,-6.66667E-04
2.156078,1.449594E-04,9.15532E-05,-.001
2.157079,1.06812E-04,0,-.001
2.158079,-2.899189E-04,6.103562E-05,-6.66667E-04
2.15908,-1.144414E-04,-1.602182E-04,-6.66667E-04
2.16008,0,-1.831064E-04,.001
2.161081,1.144414E-04,-1.525888E-04,.001
2.162081,1.678476E-04,-3.051781E-05,.002
2.163082,5.798377E-04,7.629453E-06,-.002
2.164082,7.247962E-04,7.629453E-06,-.001
2.165082,3.280658E-04,-1.449594E-04,-.001
2.166083,1.678476E-04,1.983652E-04,-.002
2.167084,4.196186E-04,9.15532E-05,-6.66667E-04
2.168084,2.059946E-04,-5.340599E-05,-.001
2.169085,2.746601E-04,-9.918259E-05,-.002
2.170085,2.670307E-04,5.340599E-05,-.001
2.171086,4.57766E-05,-2.13624E-04,-6.66667E-04
2.172086,1.525891E-05,-3.585834E-04,.001
2.173087,0,7.629453E-06,-.001
2.174087,-1.602182E-04,-3.051781E-05,.002
2.175087,-3.738422E-04,2.975482E-04,-6.66667E-04
2.176088,-2.975482E-04,4.806537E-04,-.002
2.177088,-2.670307E-04,3.204364E-04,-6.66667E-04
2.178089,-1.602182E-04,5.111732E-04,6.66667E-04
2.17909,-9.918259E-05,3.051776E-04,-.001
2.18009,1.525888E-04,6.103562E-05,-.001
2.181091,4.196186E-04,-5.340599E-05,-.002
2.182091,6.408729E-04,-5.340599E-05,.001
2.183092,8.621253E-04,-1.06812E-04,6.66667E-04
2.184092,6.713904E-04,-8.392381E-05,-.001
2.185092,1.525888E-04,2.13624E-04,-.002
2.186093,-3.356952E-04,3.12807E-04,-.001
2.187093,-1.297006E-04,1.525888E-04,6.66667E-04
2.188094,-7.629453E-06,1.525888E-04,-6.66667E-04
2.189095,-1.525888E-04,0,-6.66667E-04
2.190095,-7.629441E-05,-1.525888E-04,6.66667E-04
2.191096,3.356952E-04,6.103562E-05,-.001
2.192096,1.525888E-04,-7.629441E-05,-3.66667E-03
2.193097,-2.212534E-04,0,-.002
2.194097,-7.629441E-05,-7.629441E-05,6.66667E-04
2.195097,-3.051781E-05,-1.3733E-04,6.66667E-04
2.196098,-1.220712E-04,-2.365122E-04,-6.66667E-04
2.197098,-2.28883E-05,-1.525888E-04,-2.33333E-03
2.198099,0,-4.57766E-05,-6.66667E-04
2.1991,-4.806537E-04,-5.340599E-05,.001
2.2001,-4.425067E-04,-2.28883E-05,-6.66667E-04
2.201101,-5.416907E-04,1.3733E-04,6.66667E-04
2.202101,-6.485023E-04,-2.13624E-04,-.001
2.203102,-6.027259E-04,-1.678476E-04,-6.66667E-04
2.204102,-5.264319E-04,6.103562E-05,-6.66667E-04
2.205102,1.06812E-04,3.433246E-04,-.001
2.206103,9.918259E-05,2.365122E-04,-.001
2.207103,-2.365122E-04,9.918259E-05,-6.66667E-04
2.208104,-4.501361E-04,-2.212534E-04,-.002
2.209105,-3.051776E-04,-2.13624E-04,-.002
2.210105,3.051776E-04,-3.356952E-04,-.001
2.211106,3.12807E-04,3.051781E-05,6.66667E-04
2.212106,-4.57766E-05,6.103562E-05,.001
2.213107,-4.501361E-04,-8.392381E-05,6.66667E-04
2.214107,-7.40055E-04,4.57766E-05,-.001
2.215107,-7.171668E-04,4.57766E-05,.001
2.216108,-3.738422E-04,-3.662128E-04,6.66667E-04
2.217108,-1.907358E-04,-2.212534E-04,-6.66667E-04
2.218109,1.831064E-04,-1.297006E-04,-.001
2.21911,2.212534E-04,-7.629453E-06,-6.66667E-04
2.22011,7.629453E-06,1.525891E-05,-3.66667E-03
2.221111,-5.340613E-04,4.27248E-04,-6.66667E-04
2.222111,-2.822895E-04,3.051776E-04,-.002
2.223112,-5.340599E-05,1.831064E-04,-.001
2.224112,-3.814721E-05,2.059946E-04,6.66667E-04
2.225112,5.340599E-05,2.28883E-05,6.66667E-04
2.226113,9.918259E-05,-1.297006E-04,-.001
2.227113,-3.051781E-05,-2.13624E-04,-6.66667E-04
2.228114,-2.28883E-05,-9.918259E-05,-.001
2.229115,2.517719E-04,1.831064E-04,-.001
2.230115,4.57766E-05,2.899189E-04,6.66667E-04
2.231116,2.28883E-05,2.746601E-04,-6.66667E-04
2.232116,-1.678476E-04,2.670307E-04,.001
2.233117,-2.441425E-04,1.907358E-04,-.001
2.234117,-1.907358E-04,2.517719E-04,-.002
2.235118,4.57766E-05,2.746601E-04,.001
2.236118,1.449594E-04,2.365122E-04,-.001
2.237118,-7.629453E-06,3.814721E-05,-.001
2.238119,-1.602182E-04,-3.204364E-04,-.001
2.23912,-4.196186E-04,-2.594013E-04,-6.66667E-04
2.24012,2.28883E-05,-2.594013E-04,-.001
2.241121,-3.051781E-05,-2.670307E-04,6.66667E-04
2.242121,-2.670307E-04,0,-6.66667E-04
2.243122,-2.517719E-04,-7.629441E-05,6.66667E-04
2.244122,-2.822895E-04,-9.918259E-05,-3.66667E-03
2.245123,-2.365122E-04,9.918259E-05,-6.66667E-04
2.246123,1.220712E-04,-1.297006E-04,-.001
2.247123,3.051776E-04,-2.594013E-04,-.001
2.248124,2.822895E-04,-7.629441E-05,-6.66667E-04
2.249125,3.280658E-04,2.365122E-04,-6.66667E-04
2.250125,4.043598E-04,1.602182E-04,-.001
2.251126,1.75477E-04,1.525888E-04,-.001
2.252126,6.866502E-05,-5.340599E-05,-.001
2.253127,-1.06812E-04,1.75477E-04,6.66667E-04
2.254127,-1.983652E-04,0,-6.66667E-04
2.255128,-2.13624E-04,-3.814721E-05,-6.66667E-04
2.256128,-4.730243E-04,-1.06812E-04,-.002
2.257128,-9.460486E-04,5.188026E-04,.001
2.258129,-1.159675E-03,7.553138E-04,-.001
2.25913,-1.167305E-03,5.264319E-04,.002
2.26013,-1.174934E-03,7.629441E-05,6.66667E-04
2.261131,-1.625068E-03,7.629453E-06,-6.66667E-04
2.262131,-3.044143E-03,6.866502E-05,6.66667E-04
2.263132,-4.592925E-03,-2.13624E-04,-2.33333E-03
2.264132,-6.210357E-03,-4.348774E-04,-6.66667E-04
2.265133,-7.728606E-03,-3.585834E-04,-6.66667E-04
2.266133,-9.460509E-03,-4.806537E-04,6.66667E-04
2.267133,-1.217657E-02,-5.416907E-04,-.002
2.268134,-1.593792E-02,-8.010902E-04,6.66667E-04
2.269135,-1.943219E-02,-1.243599E-03,-6.66667E-04
2.270135,-2.138531E-02,-1.556404E-03,2.33333E-03
2.271136,-2.194989E-02,-1.342781E-03,6.66667E-04
2.272136,-2.178204E-02,-1.342781E-03,.002
2.273137,-2.085888E-02,-1.373298E-03,-.001
2.274137,-1.882946E-02,-7.858314E-04,-.002
2.275138,-1.656353E-02,-7.476844E-04,.001
2.276138,-1.390082E-02,-6.63761E-04,6.66667E-04
2.277139,-1.097876E-02,-6.256141E-04,-6.66667E-04
2.278139,-7.850707E-03,-5.111732E-04,6.66667E-04
2.27914,-5.432159E-03,-4.27248E-04,-.001
2.28014,-4.02835E-03,-2.822895E-04,-.001
2.281141,-3.067032E-03,-9.918259E-05,-.002
2.282141,-2.128616E-03,-2.670307E-04,-6.66667E-04
2.283142,-1.586922E-03,-4.119892E-04,6.66667E-04
2.284142,-1.327522E-03,-4.653949E-04,6.66667E-04
2.285143,-1.327522E-03,-3.738422E-04,-6.66667E-04
2.286143,-1.167305E-03,-2.517719E-04,-2.33333E-03
2.287144,-9.53678E-04,-1.983652E-04,-.002
2.288144,-3.50954E-04,-6.103562E-05,-.001
2.289145,-3.50954E-04,-3.814721E-05,-.001
2.290145,-5.188026E-04,2.059946E-04,-.001
2.291146,-3.662128E-04,3.356952E-04,-.001
2.292146,-4.806537E-04,2.594013E-04,-2.33333E-03
2.293147,-2.517719E-04,6.103562E-05,-6.66667E-04
2.294147,-2.822895E-04,-2.594013E-04,-6.66667E-04
2.295148,-1.525888E-04,-6.866502E-05,6.66667E-04
2.296148,2.13624E-04,-9.918259E-05,-.002
2.297149,1.602182E-04,-3.204364E-04,-6.66667E-04
2.298149,6.103562E-05,-5.340613E-04,-.001
2.29915,-1.678476E-04,-6.866492E-04,-.001
2.30015,-2.28883E-05,-4.577655E-04,6.66667E-04
2.301151,-1.983652E-04,-4.348774E-04,-6.66667E-04
2.302151,-4.57766E-05,-2.365122E-04,6.66667E-04
2.303152,-1.06812E-04,-2.822895E-04,-6.66667E-04
2.304152,1.525891E-05,-1.220712E-04,.001
2.305153,0,-2.059946E-04,-6.66667E-04
2.306153,1.907358E-04,-1.449594E-04,.001
2.307154,-1.602182E-04,2.365122E-04,-6.66667E-04
2.308154,-1.75477E-04,4.043598E-04,-2.33333E-03
2.309155,2.28883E-05,3.12807E-04,6.66667E-04
2.310155,-1.06812E-04,0,-.001
2.311156,-2.288828E-04,-9.918259E-05,.001
2.312156,-3.662128E-04,1.297006E-04,-.001
2.313157,-3.433246E-04,-5.340599E-05,6.66667E-04
2.314157,-1.983652E-04,-2.670307E-04,-.001
2.315158,-2.365122E-04,-4.196186E-04,6.66667E-04
2.316158,-2.28883E-05,-5.340599E-05,-3.66667E-03
2.317159,-1.297006E-04,1.907358E-04,-.002
2.318159,-2.13624E-04,3.662128E-04,-.002
2.31916,-4.57766E-05,4.730243E-04,-6.66667E-04
2.32016,-1.983652E-04,1.525888E-04,-6.66667E-04
2.321161,-6.866502E-05,-1.220712E-04,-3.66667E-03
2.322161,-1.449594E-04,-1.602182E-04,-6.66667E-04
2.323162,3.051776E-04,1.06812E-04,.001
2.324162,2.746601E-04,9.918259E-05,6.66667E-04
2.325163,0,1.525891E-05,.001
2.326163,-1.678476E-04,-2.746601E-04,-6.66667E-04
2.327164,-1.907358E-04,-4.88285E-04,-6.66667E-04
2.328164,-2.13624E-04,-3.12807E-04,6.66667E-04
2.329165,-2.822895E-04,-3.12807E-04,-2.33333E-03
2.330165,-5.874671E-04,-1.831064E-04,-2.33333E-03
2.331166,-4.27248E-04,8.392381E-05,-.001
2.332166,-3.89101E-04,3.814721E-05,-.001
2.333167,-2.746601E-04,-9.15532E-05,-2.33333E-03
2.334167,-6.866502E-05,-1.449594E-04,-3.66667E-03
2.335168,2.975482E-04,-6.103562E-05,6.66667E-04
2.336168,9.918259E-05,-1.678476E-04,-.001
2.337169,-7.629441E-05,-1.06812E-04,-.002
2.338169,-3.204364E-04,3.051776E-04,6.66667E-04
2.33917,-3.50954E-04,2.594013E-04,-.001
2.34017,-2.822895E-04,1.983652E-04,-6.66667E-04
2.341171,-2.13624E-04,1.983652E-04,-6.66667E-04
2.342171,-3.12807E-04,3.204364E-04,.001
2.343172,-2.899189E-04,4.119892E-04,6.66667E-04
2.344172,-3.50954E-04,3.738422E-04,-6.66667E-04
2.345173,-1.449594E-04,1.75477E-04,-6.66667E-04
2.346173,-3.12807E-04,-1.525891E-05,6.66667E-04
2.347174,-5.950965E-04,3.814721E-05,6.66667E-04
2.348174,-5.188026E-04,6.103562E-05,6.66667E-04
2.349174,-6.408729E-04,5.035438E-04,-.002
2.350175,-3.204364E-04,7.705726E-04,-.001
2.351176,5.340599E-05,4.959144E-04,-.002
2.352176,-1.983652E-04,1.678476E-04,-3.66667E-03
2.353177,-3.738422E-04,8.392381E-05,-3.66667E-03
2.354177,-3.585834E-04,1.678476E-04,6.66667E-04
2.355178,-2.059946E-04,2.670307E-04,-.002
2.356178,7.629453E-06,2.594013E-04,.002
2.357179,1.297006E-04,2.13624E-04,-.001
2.358179,2.670307E-04,7.629441E-05,-.001
2.359179,3.662128E-04,1.06812E-04,.001
2.36018,2.517719E-04,1.525888E-04,-6.66667E-04
2.361181,2.594013E-04,1.907358E-04,-6.66667E-04
2.362181,4.88285E-04,-7.629441E-05,-6.66667E-04
2.363182,5.264319E-04,-3.280658E-04,-.002
2.364182,2.059946E-04,-2.365122E-04,-.002
2.365183,0,-1.525891E-05,-.002
2.366183,7.629441E-05,2.670307E-04,.001
2.367184,9.15532E-05,9.918259E-05,-.001
2.368184,3.12807E-04,2.13624E-04,-6.66667E-04
2.369184,-1.525891E-05,3.12807E-04,.001
2.370185,-3.738422E-04,2.594013E-04,-.001
2.371186,-5.111732E-04,0,-.001
2.372186,-1.449594E-04,-3.204364E-04,-6.66667E-04
2.373187,7.629441E-05,-2.822895E-04,6.66667E-04
2.374187,0,-2.670307E-04,-3.66667E-03
2.375188,4.57766E-05,-3.051776E-04,.001
2.376188,3.967304E-04,-2.822895E-04,6.66667E-04
2.377189,5.035438E-04,-3.051776E-04,-6.66667E-04
2.378189,2.670307E-04,-2.899189E-04,-6.66667E-04
2.379189,3.051781E-05,-4.348774E-04,-6.66667E-04
2.38019,3.051781E-05,-3.738422E-04,-6.66667E-04
2.381191,-2.059946E-04,2.28883E-05,.001
2.382191,-3.204364E-04,-1.602182E-04,-.001
2.383192,-4.043598E-04,-3.89101E-04,-.002
2.384192,-2.670307E-04,-1.602182E-04,-6.66667E-04
2.385193,-1.297006E-04,-9.15532E-05,-6.66667E-04
2.386193,-1.3733E-04,0,-6.66667E-04
2.387194,1.220712E-04,-9.15532E-05,-2.33333E-03
2.388194,2.822895E-04,-1.602182E-04,-.001
2.389194,4.043598E-04,6.866502E-05,-.001
2.390195,2.822895E-04,3.204364E-04,-6.66667E-04
2.391196,2.746601E-04,2.594013E-04,-.001
2.392196,2.517719E-04,6.103562E-05,-6.66667E-04
2.393197,1.449594E-04,1.3733E-04,-6.66667E-04
2.394197,3.738422E-04,-2.28883E-05,6.66667E-04
2.395198,4.196186E-04,-2.13624E-04,.001
2.396198,3.12807E-04,-6.103562E-05,-.001
2.397199,6.179847E-04,9.918259E-05,6.66667E-04
2.398199,4.119892E-04,2.288828E-04,-.002
2.399199,7.629441E-05,3.50954E-04,6.66667E-04
2.4002,9.15532E-05,6.103562E-05,-2.33333E-03
2.401201,-6.866502E-05,1.06812E-04,-6.66667E-04
2.402201,-1.220712E-04,2.059946E-04,-6.66667E-04
2.403202,-2.899189E-04,-6.866502E-05,-.001
2.404202,9.918259E-05,-3.585834E-04,6.66667E-04
2.405203,-8.392381E-05,-3.738422E-04,-.001
2.406203,-3.051781E-05,-8.392381E-05,.001
2.407204,2.746601E-04,1.678476E-04,-.001
2.408204,3.814721E-05,1.525888E-04,-6.66667E-04
2.409204,1.220712E-04,-5.340599E-05,.001
2.410205,2.517719E-04,1.144414E-04,-6.66667E-04
2.411206,1.297006E-04,3.585834E-04,-.001
2.412206,-1.3733E-04,5.264319E-04,6.66667E-04
2.413207,-7.629441E-05,2.13624E-04,-6.66667E-04
2.414207,-1.983652E-04,-3.051781E-05,6.66667E-04
2.415208,-2.13624E-04,-8.392381E-05,-.001
2.416208,1.75477E-04,-3.204364E-04,-6.66667E-04
2.417209,5.340599E-05,-4.27248E-04,6.66667E-04
2.418209,2.28883E-05,0,-.002
2.41921,1.525888E-04,5.722083E-04,-.002
2.42021,1.525888E-04,4.730243E-04,-.002
2.421211,1.06812E-04,5.188026E-04,-6.66667E-04
2.422211,4.57766E-05,4.730243E-04,.001
2.423212,-1.525891E-05,-4.57766E-05,-.001
2.424212,-1.907358E-04,-1.3733E-04,6.66667E-04
2.425213,-3.662128E-04,-1.06812E-04,-3.66667E-03
2.426213,-3.433246E-04,-1.144414E-04,-.002
2.427214,-1.602182E-04,-2.670307E-04,.001
2.428214,1.297006E-04,1.06812E-04,-6.66667E-04
2.429215,7.629453E-06,4.501361E-04,-.001
2.430215,7.629453E-06,2.13624E-04,6.66667E-04
2.431216,1.525891E-05,3.814721E-05,-.001
2.432216,9.918259E-05,-1.220712E-04,.001
2.433217,-1.525891E-05,6.103562E-05,-6.66667E-04
2.434217,-1.297006E-04,-2.212534E-04,-.002
2.435218,0,7.629441E-05,6.66667E-04
2.436218,2.13624E-04,2.594013E-04,6.66667E-04
2.437219,1.06812E-04,6.179847E-04,6.66667E-04
2.438219,-3.051776E-04,6.63761E-04,-6.66667E-04
2.43922,1.06812E-04,4.959144E-04,.001
2.44022,6.866502E-05,5.035438E-04,-.001
2.441221,1.678476E-04,4.730243E-04,.001
2.442221,2.059946E-04,2.594013E-04,-6.66667E-04
2.443222,2.365122E-04,1.220712E-04,.001
2.444222,3.204364E-04,2.899189E-04,.001
2.445223,0,2.746601E-04,.001
2.446223,9.918259E-05,5.340599E-05,2.33333E-03
2.447224,2.594013E-04,1.144414E-04,.001
2.448224,1.3733E-04,1.602182E-04,6.66667E-04
2.449225,-3.814721E-05,1.831064E-04,-.002
2.450225,1.831064E-04,1.449594E-04,-.001
2.451226,3.051776E-04,8.392381E-05,-.001
2.452226,-7.629441E-05,3.814721E-05,-.001
2.453227,1.06812E-04,2.28883E-05,-3.66667E-03
2.454227,3.814716E-04,1.06812E-04,-6.66667E-04
2.455228,2.899189E-04,3.051781E-05,.001
2.456228,1.449594E-04,-3.12807E-04,-6.66667E-04
2.457229,1.525891E-05,-3.89101E-04,2.33333E-03
2.458229,4.57766E-05,-3.051776E-04,6.66667E-04
2.45923,7.629441E-05,-2.13624E-04,.001
2.46023,-6.103562E-05,-2.288828E-04,.001
2.461231,-1.75477E-04,5.340599E-05,-6.66667E-04
2.462231,1.449594E-04,3.967304E-04,3.66667E-03
2.463232,9.918259E-05,4.425067E-04,.001
2.464232,-6.103562E-05,3.280658E-04,6.66667E-04
2.465233,-1.06812E-04,7.629453E-06,-.002
2.466233,-1.06812E-04,-1.678476E-04,.001
2.467234,0,-1.525888E-04,6.66667E-04
2.468234,9.918259E-05,2.28883E-05,-6.66667E-04
2.469235,-1.75477E-04,2.441425E-04,6.66667E-04
2.470235,-2.13624E-04,1.3733E-04,-6.66667E-04
2.471236,-1.525888E-04,-1.449594E-04,-6.66667E-04
2.472236,4.196186E-04,1.831064E-04,6.66667E-04
2.473237,3.280658E-04,2.059946E-04,-3.66667E-03
2.474237,3.433246E-04,4.806537E-04,-.001
2.475238,3.280658E-04,1.907358E-04,-.001
2.476238,-1.602182E-04,2.059946E-04,-.002
2.477239,-4.27248E-04,3.280658E-04,-6.66667E-04
2.478239,-8.697547E-04,4.57766E-05,.001
2.47924,-4.730243E-04,-1.831064E-04,-.001
2.48024,1.525888E-04,0,.001
2.481241,2.13624E-04,6.866502E-05,-.001
2.482241,6.866502E-05,8.392381E-05,-.001
2.483242,-7.629441E-05,1.907358E-04,.002
2.484242,2.594013E-04,3.12807E-04,6.66667E-04
2.485243,9.15532E-05,-1.983652E-04,-.001
2.486243,-9.15532E-05,-5.645789E-04,-.001
2.487244,-1.525891E-05,-4.806537E-04,-.002
2.488244,-2.28883E-05,-3.051776E-04,-.001
2.489245,-2.975482E-04,-4.501361E-04,6.66667E-04
2.490245,-4.348774E-04,0,6.66667E-04
2.491246,-1.3733E-04,1.06812E-04,.001
2.492246,-2.13624E-04,2.517719E-04,-2.33333E-03
2.493247,-3.12807E-04,0,6.66667E-04
2.494247,-1.525891E-05,9.918259E-05,-6.66667E-04
2.495248,7.629441E-05,-1.06812E-04,-6.66667E-04
2.496248,2.059946E-04,1.983652E-04,-6.66667E-04
2.497249,-1.06812E-04,4.577655E-04,-.001
2.498249,2.517719E-04,1.602182E-04,-.001
2.49925,5.798377E-04,8.392381E-05,.001
2.50025,1.678476E-04,-5.340599E-05,.001
2.501251,2.670307E-04,-3.814716E-04,-.002
2.502251,-1.525891E-05,-5.340613E-04,6.66667E-04
2.503252,4.57766E-05,4.57766E-05,.002
2.504252,-7.629453E-06,-3.814721E-05,-6.66667E-04
2.505253,1.983652E-04,7.629441E-05,6.66667E-04
2.506253,3.738422E-04,1.602182E-04,6.66667E-04
2.507254,3.585834E-04,5.493201E-04,-.001
2.508254,-1.220712E-04,7.324256E-04,.001
2.509255,-2.517719E-04,6.942786E-04,6.66667E-04
2.510255,-3.12807E-04,8.544959E-04,-.001
2.511256,-3.89101E-04,7.324256E-04,-.002
2.512256,-3.051776E-04,6.103553E-04,.001
2.513257,-8.392381E-05,2.059946E-04,.001
2.514257,-1.06812E-04,2.28883E-05,-6.66667E-04
2.515258,-3.50954E-04,3.12807E-04,6.66667E-04
2.516258,-1.602182E-04,3.89101E-04,6.66667E-04
2.517259,1.3733E-04,6.866502E-05,.001
2.518259,2.594013E-04,-1.525891E-05,.001
2.51926,6.103562E-05,-8.392381E-05,-3.66667E-03
2.52026,-1.06812E-04,5.340599E-05,-.001
2.521261,-2.365122E-04,2.899189E-04,-6.66667E-04
2.522261,0,5.340599E-05,-.001
2.523262,1.602182E-04,-1.06812E-04,-.001
2.524262,1.3733E-04,2.28883E-05,-6.66667E-04
2.525263,-3.814721E-05,-1.525888E-04,-.002
2.526263,-4.27248E-04,-2.059946E-04,.001
2.527264,-1.831064E-04,-3.356952E-04,-.002
2.528264,-3.051781E-05,-3.12807E-04,6.66667E-04
2.529265,-2.059946E-04,-5.111732E-04,-6.66667E-04
2.530265,-1.983652E-04,-5.569495E-04,-6.66667E-04
2.531266,-3.051781E-05,-4.196186E-04,-.001
2.532266,-8.392381E-05,3.50954E-04,-.001
2.533267,-1.3733E-04,2.746601E-04,-6.66667E-04
2.534267,2.975482E-04,4.806537E-04,2.33333E-03
2.535268,1.297006E-04,5.111732E-04,-.001
2.536268,-7.629453E-06,4.196186E-04,6.66667E-04
2.537269,-1.602182E-04,9.918259E-05,-.001
2.538269,-6.866502E-05,-2.059946E-04,6.66667E-04
2.53927,-3.967304E-04,-3.204364E-04,-.001
2.54027,-4.196186E-04,-1.525888E-04,-.001
2.541271,-8.392381E-05,-9.15532E-05,-6.66667E-04
2.542271,-2.13624E-04,-1.678476E-04,-.001
2.543272,-1.449594E-04,-2.441425E-04,-.002
2.544272,-2.13624E-04,-1.220712E-04,6.66667E-04
2.545273,-3.738422E-04,7.629441E-05,-.001
2.546273,-6.866492E-04,-2.13624E-04,.001
2.547274,-5.569495E-04,-3.356952E-04,.001
2.548274,-6.866492E-04,-1.983652E-04,-.001
2.549275,-3.585834E-04,-3.738422E-04,-.004
2.550275,2.059946E-04,-6.408729E-04,-6.66667E-04
2.551276,2.746601E-04,-2.746601E-04,-6.66667E-04
2.552276,1.220712E-04,3.814721E-05,.002
2.553277,-2.670307E-04,0,6.66667E-04
2.554277,-3.814716E-04,8.392381E-05,-.002
2.555278,-2.594013E-04,2.13624E-04,-.001
2.556278,9.918259E-05,-7.629453E-06,-.001
2.557279,-4.57766E-05,-1.75477E-04,-2.33333E-03
2.558279,1.678476E-04,-2.13624E-04,.004
2.55928,4.196186E-04,1.525891E-05,2.33333E-03
2.56028,3.662128E-04,1.602182E-04,-.001
2.561281,4.88285E-04,4.501361E-04,2.33333E-03
2.562281,2.899189E-04,3.356952E-04,-6.66667E-04
2.563282,2.059946E-04,1.983652E-04,-.001
2.564282,1.144414E-04,-4.57766E-05,-6.66667E-04
2.565283,1.525888E-04,2.059946E-04,2.33333E-03
2.566283,-1.144414E-04,2.594013E-04,-2.33333E-03
2.567284,-1.983652E-04,2.441425E-04,6.66667E-04
2.568284,-9.15532E-05,2.059946E-04,-.002
2.569285,-1.525891E-05,-1.525891E-05,-6.66667E-04
2.570285,-2.13624E-04,1.144414E-04,-6.66667E-04
2.571286,-1.678476E-04,9.918259E-05,6.66667E-04
2.572286,-2.365122E-04,-1.983652E-04,6.66667E-04
2.573287,9.15532E-05,-2.594013E-04,-6.66667E-04
2.574287,-1.220712E-04,-2.670307E-04,-.001
2.575288,4.57766E-05,-3.585834E-04,-.002
2.576288,5.340599E-05,-5.340599E-05,-2.33333E-03
2.577289,1.678476E-04,-5.340599E-05,-.002
2.578289,7.629453E-06,-1.449594E-04,-6.66667E-04
2.57929,4.57766E-05,1.831064E-04,6.66667E-04
2.58029,1.449594E-04,2.059946E-04,-.002
2.581291,9.15532E-05,2.822895E-04,-.001
2.582291,-2.822895E-04,-3.051781E-05,-.001
2.583292,-2.670307E-04,-9.918259E-05,-6.66667E-04
2.584292,1.3733E-04,1.525891E-05,.001
2.585293,3.280658E-04,5.340599E-05,-6.66667E-04
2.586293,2.594013E-04,-7.629441E-05,-6.66667E-04
2.587294,2.059946E-04,3.662128E-04,-6.66667E-04
2.588294,2.059946E-04,4.27248E-04,-.002
2.589295,0,2.822895E-04,6.66667E-04
2.590295,-2.212534E-04,1.525888E-04,.001
2.591296,-2.059946E-04,4.196186E-04,.002
2.592296,-5.340599E-05,1.297006E-04,.002
2.593297,-1.3733E-04,-3.814721E-05,-2.33333E-03
2.594297,-1.907358E-04,-5.340599E-05,-6.66667E-04
2.595298,7.629453E-06,3.051781E-05,6.66667E-04
2.596298,2.28883E-05,4.043598E-04,6.66667E-04
2.597299,-3.051781E-05,3.662128E-04,-.001
2.598299,1.220712E-04,1.831064E-04,-.001
2.5993,1.831064E-04,-3.051781E-05,.001
2.6003,1.3733E-04,1.3733E-04,-.001
2.601301,-1.525891E-05,3.662128E-04,-6.66667E-04
2.602301,-7.629453E-06,3.585834E-04,-2.33333E-03
2.603302,-1.907358E-04,2.899189E-04,-.002
2.604302,-2.670307E-04,5.798377E-04,-.001
2.605303,-3.204364E-04,3.50954E-04,6.66667E-04
2.606303,-3.280658E-04,-7.629453E-06,-2.33333E-03
2.607304,-3.051781E-05,-9.918259E-05,.001
2.608304,1.831064E-04,6.866502E-05,-.001
2.609305,4.959144E-04,-1.3733E-04,-.002
2.610305,3.051776E-04,1.297006E-04,-.001
2.611306,2.212534E-04,1.3733E-04,.001
2.612306,3.051781E-05,4.57766E-05,-6.66667E-04
2.613307,1.525888E-04,1.297006E-04,-.001
2.614307,1.831064E-04,2.212534E-04,-2.33333E-03
2.615308,1.3733E-04,1.297006E-04,2.33333E-03
2.616308,9.918259E-05,0,-.001
2.617309,4.57766E-05,-2.288828E-04,6.66667E-04
2.618309,3.12807E-04,-2.059946E-04,-.001
2.61931,3.662128E-04,-1.678476E-04,-6.66667E-04
2.62031,1.297006E-04,-3.814716E-04,-.002
2.621311,5.035438E-04,-4.119892E-04,-6.66667E-04
2.622311,4.730243E-04,-1.678476E-04,-.001
2.623312,4.196186E-04,-5.493201E-04,-6.66667E-04
2.624312,4.577655E-04,-3.50954E-04,-6.66667E-04
2.625313,2.13624E-04,-1.678476E-04,-6.66667E-04
2.626313,1.525888E-04,-1.144414E-04,-.002
2.627314,-5.340599E-05,-9.15532E-05,.001
2.628314,-2.441425E-04,5.340599E-05,-6.66667E-04
2.629315,-2.517719E-04,4.57766E-05,-6.66667E-04
2.630315,-2.822895E-04,-1.297006E-04,-.001
2.631316,-1.220712E-04,-1.525888E-04,6.66667E-04
2.632316,1.144414E-04,1.525888E-04,6.66667E-04
2.633317,4.57766E-05,2.670307E-04,-.001
2.634317,-2.13624E-04,1.75477E-04,.001
2.635318,-1.602182E-04,-1.602182E-04,-6.66667E-04
2.636318,-8.392381E-05,-1.06812E-04,6.66667E-04
2.637319,1.525888E-04,-7.629453E-06,.001
2.638319,4.196186E-04,4.57766E-05,-.001
2.63932,6.103562E-05,-4.043598E-04,.001
2.64032,-6.866502E-05,-3.280658E-04,-6.66667E-04
2.641321,-1.06812E-04,-3.50954E-04,-2.33333E-03
2.642321,-7.629441E-05,-2.28883E-05,-.002
2.643322,9.918259E-05,-4.501361E-04,-.001
2.644322,9.15532E-05,-1.983652E-04,-.001
2.645323,-6.866502E-05,3.051776E-04,-.001
2.646323,-2.441425E-04,6.63761E-04,-6.66667E-04
2.647324,-3.738422E-04,6.790198E-04,.001
2.648324,-3.433246E-04,5.569495E-04,6.66667E-04
2.649325,-1.678476E-04,2.975482E-04,.001
2.650325,-1.602182E-04,-5.340599E-05,6.66667E-04
2.651326,-2.822895E-04,-7.629453E-06,-.002
2.652326,-3.433246E-04,6.103562E-05,-.001
2.653327,-3.738422E-04,-2.13624E-04,6.66667E-04
2.654327,-5.340613E-04,-1.983652E-04,-6.66667E-04
2.655328,-5.874671E-04,-1.75477E-04,-.002
2.656328,-5.340613E-04,-1.06812E-04,.001
2.657329,-1.907358E-04,2.899189E-04,-.001
2.658329,-7.629453E-06,1.602182E-04,6.66667E-04
2.65933,4.57766E-05,-2.13624E-04,-2.33333E-03
2.66033,-1.525888E-04,-3.738422E-04,-.001
2.661331,-1.144414E-04,-1.983652E-04,-6.66667E-04
2.662331,9.918259E-05,-9.15532E-05,-.002
2.663332,-6.866502E-05,-6.103562E-05,-6.66667E-04
2.664332,-2.975482E-04,0,-.002
2.665333,-5.035438E-04,-1.297006E-04,-6.66667E-04
2.666333,-4.196186E-04,-3.204364E-04,-.002
2.667334,-7.934608E-04,-3.967304E-04,2.33333E-03
2.668334,-9.460486E-04,-3.280658E-04,.001
2.669335,-9.7657E-04,-7.629441E-05,-.001
2.670335,-1.594551E-03,2.365122E-04,-.001
2.671336,-2.487198E-03,3.051776E-04,-.001
2.672336,-3.265396E-03,3.50954E-04,.001
2.673337,-3.59346E-03,2.594013E-04,.001
2.674337,-4.127532E-03,7.629453E-06,-2.33333E-03
2.675338,-4.600555E-03,-1.3733E-04,-3.66667E-03
2.676338,-5.088836E-03,-4.196186E-04,-6.66667E-04
2.677339,-5.050689E-03,-3.12807E-04,.002
2.678339,-5.180389E-03,-1.602182E-04,-.001
2.67934,-4.867584E-03,-2.365122E-04,6.66667E-04
2.68034,-4.562408E-03,-4.043598E-04,-.002
2.681341,-4.341155E-03,-2.899189E-04,.001
2.682341,-3.936797E-03,-3.89101E-04,-6.66667E-04
2.683342,-3.540054E-03,1.525891E-05,-.001
2.684342,-3.219619E-03,6.408729E-04,.001
2.685343,-2.45668E-03,2.670307E-04,6.66667E-04
2.686343,-1.846321E-03,-3.585834E-04,-6.66667E-04
2.687344,-1.373298E-03,-3.967304E-04,-.001
2.688344,-9.994581E-04,-2.212534E-04,-.001
2.689345,-8.468665E-04,1.3733E-04,.002
2.690345,-4.806537E-04,2.059946E-04,-6.66667E-04
2.691346,-6.790198E-04,2.517719E-04,.001
2.692346,-5.111732E-04,3.662128E-04,-6.66667E-04
2.693347,-4.806537E-04,3.12807E-04,-2.33333E-03
2.694347,-4.196186E-04,1.525891E-05,-.001
2.695348,-2.975482E-04,-5.340599E-05,-6.66667E-04
2.696348,-1.525891E-05,2.822895E-04,-.001
2.697349,1.907358E-04,-1.3733E-04,-.001
2.698349,9.918259E-05,-3.662128E-04,-.002
2.69935,-7.629453E-06,-2.822895E-04,-.002
2.70035,-1.75477E-04,-9.15532E-05,6.66667E-04
2.701351,-1.75477E-04,-3.051781E-05,-6.66667E-04
2.702351,-1.983652E-04,-2.441425E-04,.001
2.703352,-9.918259E-05,0,-.002
2.704352,-1.831064E-04,2.288828E-04,-2.33333E-03
2.705353,2.28883E-05,2.517719E-04,-.002
2.706353,1.525891E-05,2.822895E-04,-6.66667E-04
2.707354,2.670307E-04,2.059946E-04,-.001
2.708354,6.332435E-04,1.831064E-04,-6.66667E-04
2.709355,8.239783E-04,1.75477E-04,6.66667E-04
2.710355,2.13624E-04,-1.831064E-04,-.001
2.711356,6.103562E-05,-3.738422E-04,-.002
2.712356,8.392381E-05,-5.874671E-04,6.66667E-04
2.713357,-1.75477E-04,-5.188026E-04,-.001
2.714357,-1.06812E-04,-2.594013E-04,-6.66667E-04
2.715358,3.814721E-05,0,6.66667E-04
2.716358,1.449594E-04,0,-6.66667E-04
2.717359,-1.220712E-04,7.629441E-05,-.001
2.718359,-3.204364E-04,-9.15532E-05,-6.66667E-04
2.71936,-6.256141E-04,-1.75477E-04,-.001
2.72036,-4.348774E-04,-4.27248E-04,-.001
2.721361,-8.392381E-05,-6.332435E-04,.001
2.722361,-5.340599E-05,-1.831064E-04,.001
2.723362,-2.594013E-04,1.144414E-04,.001
2.724362,-2.746601E-04,3.585834E-04,-6.66667E-04
2.725363,-3.814716E-04,1.06812E-04,.002
2.726363,-2.212534E-04,4.043598E-04,-.001
2.727364,-2.594013E-04,1.06812E-04,-3.66667E-03
2.728364,-1.525888E-04,-3.89101E-04,-6.66667E-04
2.729365,-9.15532E-05,-2.670307E-04,-6.66667E-04
2.730365,-1.602182E-04,-3.12807E-04,-.002
2.731366,-3.738422E-04,-6.103562E-05,-6.66667E-04
2.732366,-4.119892E-04,1.449594E-04,6.66667E-04
2.733367,-1.525891E-05,2.059946E-04,6.66667E-04
2.734367,-1.75477E-04,2.822895E-04,.001
2.735368,-1.907358E-04,2.670307E-04,.001
2.736368,-5.340599E-05,-5.340599E-05,6.66667E-04
2.737369,-1.983652E-04,1.297006E-04,-.001
2.738369,-4.57766E-05,2.594013E-04,-.002
2.73937,-1.144414E-04,1.144414E-04,-6.66667E-04
2.74037,2.517719E-04,5.264319E-04,-6.66667E-04
2.741371,2.670307E-04,5.569495E-04,6.66667E-04
2.742371,9.918259E-05,9.918259E-05,-.001
2.743372,-2.28883E-05,1.831064E-04,-.001
2.744372,-2.441425E-04,3.12807E-04,-6.66667E-04
2.745373,4.57766E-05,-1.525891E-05,-.002
2.746373,4.043598E-04,1.678476E-04,-2.33333E-03
2.747374,1.525888E-04,1.75477E-04,-2.33333E-03
2.748374,4.57766E-05,1.831064E-04,-.001
2.749375,-2.059946E-04,-2.288828E-04,.001
2.750375,-5.340599E-05,-3.585834E-04,6.66667E-04
2.751376,-2.059946E-04,-6.332435E-04,6.66667E-04
2.752376,-6.103562E-05,-7.324256E-04,6.66667E-04
2.753377,1.831064E-04,-4.653949E-04,-.002
2.754377,2.441425E-04,-4.348774E-04,-.001
2.755378,3.662128E-04,-2.288828E-04,-.004
2.756378,0,-2.13624E-04,-6.66667E-04
2.757379,2.822895E-04,1.220712E-04,6.66667E-04
2.758379,-4.57766E-05,0,-.001
2.75938,-3.967304E-04,2.059946E-04,-.002
2.76038,-7.40055E-04,8.392381E-05,-.001
2.761381,-8.697547E-04,-6.103562E-05,6.66667E-04
2.762381,-2.594013E-04,-1.602182E-04,6.66667E-04
2.763382,-2.594013E-04,5.340599E-05,-.002
2.764382,3.662128E-04,3.814721E-05,.001
2.765383,3.89101E-04,-1.602182E-04,-.002
2.766383,2.975482E-04,3.814721E-05,-6.66667E-04
2.767384,1.678476E-04,-2.13624E-04,6.66667E-04
2.768384,3.12807E-04,-1.3733E-04,-6.66667E-04
2.769385,3.280658E-04,-2.746601E-04,-.002
2.770385,4.57766E-05,2.28883E-05,-.001
2.771386,-2.670307E-04,2.441425E-04,-.002
2.772386,1.449594E-04,7.629441E-05,-.001
2.773387,1.220712E-04,2.28883E-05,6.66667E-04
2.774387,3.738422E-04,-2.670307E-04,-.002
2.775388,1.907358E-04,-5.340599E-05,-6.66667E-04
2.776388,-7.629453E-06,-8.392381E-05,-6.66667E-04
2.777389,1.831064E-04,2.746601E-04,.002
2.778389,4.57766E-05,-9.15532E-05,-.001
2.77939,2.594013E-04,-4.119892E-04,-.002
2.78039,3.814716E-04,-3.738422E-04,-6.66667E-04
2.781391,2.288828E-04,-1.678476E-04,-6.66667E-04
2.782391,9.918259E-05,-6.103562E-05,6.66667E-04
2.783392,3.50954E-04,-9.15532E-05,-.001
2.784392,7.01908E-04,6.866502E-05,-3.66667E-03
2.785393,4.88285E-04,4.57766E-05,6.66667E-04
2.786393,7.629453E-06,5.340599E-05,.001
2.787394,-4.27248E-04,1.678476E-04,-.001
2.788394,-9.918259E-05,2.365122E-04,-3.66667E-03
2.789395,-1.678476E-04,9.918259E-05,.001
2.790395,-1.06812E-04,-7.629441E-05,-6.66667E-04
2.791396,1.525891E-05,-4.425067E-04,-.001
2.792396,1.449594E-04,-2.13624E-04,-2.33333E-03
2.793397,-1.297006E-04,-4.57766E-05,2.33333E-03
2.794397,-1.525888E-04,2.059946E-04,-.001
2.795398,-3.738422E-04,4.959144E-04,-6.66667E-04
2.796398,-5.874671E-04,4.653949E-04,.001
2.797399,-3.738422E-04,2.670307E-04,6.66667E-04
2.798399,-2.441425E-04,2.13624E-04,-6.66667E-04
2.7994,-2.059946E-04,1.297006E-04,-.002
2.8004,-2.13624E-04,-2.365122E-04,-.001
2.801401,-7.629441E-05,1.297006E-04,.001
2.802401,-2.822895E-04,4.730243E-04,-.001
2.803402,-2.746601E-04,2.594013E-04,-.002
2.804402,-2.975482E-04,3.662128E-04,-.002
2.805403,-5.035438E-04,3.814716E-04,-6.66667E-04
2.806403,-3.738422E-04,4.653949E-04,2.33333E-03
2.807404,-3.051781E-05,1.06812E-04,.001
2.808404,2.441425E-04,-8.392381E-05,-.002
2.809405,2.594013E-04,-3.204364E-04,.001
2.810405,6.866502E-05,-3.204364E-04,-.002
2.811406,-1.06812E-04,-1.06812E-04,.001
2.812406,-2.13624E-04,1.525888E-04,-.001
2.813407,1.678476E-04,1.06812E-04,.001
2.814407,1.678476E-04,1.983652E-04,.002
2.815408,-6.103562E-05,2.212534E-04,6.66667E-04
2.816408,-5.722083E-04,-2.28883E-05,-6.66667E-04
2.817409,-5.874671E-04,-3.204364E-04,-6.66667E-04
2.818409,-2.288828E-04,-2.212534E-04,-.001
2.81941,-1.602182E-04,-8.392381E-05,-.001
2.82041,-1.525888E-04,-1.525888E-04,-.001
2.821411,1.525891E-05,1.525888E-04,-.002
2.822411,-1.831064E-04,2.670307E-04,-6.66667E-04
2.823412,-5.950965E-04,-7.629453E-06,6.66667E-04
2.824412,-1.007088E-03,1.220712E-04,-2.33333E-03
2.825413,-1.235969E-03,4.730243E-04,-.001
2.826413,-1.495369E-03,2.212534E-04,-.001
2.827414,-1.876839E-03,1.297006E-04,-.002
2.828414,-2.380386E-03,-1.602182E-04,.001
2.829415,-2.769485E-03,-6.561317E-04,6.66667E-04
2.830415,-3.288284E-03,-4.653949E-04,.002
2.831416,-3.891006E-03,-3.585834E-04,-6.66667E-04
2.832416,-4.28012E-03,-3.89101E-04,6.66667E-04
2.833417,-4.219085E-03,-5.798377E-04,-.002
2.834417,-4.173309E-03,-2.517719E-04,-6.66667E-04
2.835418,-4.135162E-03,-6.103562E-05,.001
2.836418,-3.807083E-03,0,-2.33333E-03
2.837419,-3.21199E-03,-9.918259E-05,.001
2.838419,-2.975479E-03,-2.212534E-04,6.66667E-04
2.83942,-2.990738E-03,-2.975482E-04,2.33333E-03
2.84042,-2.670303E-03,-2.746601E-04,.001
2.841421,-2.212539E-03,2.059946E-04,-6.66667E-04
2.842421,-1.800545E-03,1.449594E-04,2.33333E-03
2.843422,-1.434334E-03,-2.28883E-05,6.66667E-04
2.844422,-1.182564E-03,-4.57766E-05,.001
2.845423,-9.53678E-04,2.365122E-04,-.002
2.846423,-1.022346E-03,2.13624E-04,2.33333E-03
2.847424,-6.561317E-04,1.831064E-04,-.002
2.848424,-3.204364E-04,3.280658E-04,-6.66667E-04
2.849425,-6.103562E-05,-5.340599E-05,.001
2.850425,-2.899189E-04,4.196186E-04,-.001
2.851426,-4.043598E-04,2.822895E-04,-.002
2.852426,-2.594013E-04,3.662128E-04,-6.66667E-04
2.853427,-3.051781E-05,4.043598E-04,-.002
2.854427,4.57766E-05,2.13624E-04,-6.66667E-04
2.855428,-1.831064E-04,1.525891E-05,-.001
2.856428,-4.425067E-04,-3.280658E-04,-.001
2.857429,-1.983652E-04,-3.50954E-04,.001
2.858429,5.340599E-05,-2.13624E-04,-6.66667E-04
2.85943,1.602182E-04,-3.051781E-05,-6.66667E-04
2.86043,4.348774E-04,4.57766E-05,-.002
2.861431,4.196186E-04,9.918259E-05,-6.66667E-04
2.862431,3.433246E-04,1.297006E-04,-2.33333E-03
2.863432,8.392381E-05,-7.629453E-06,-.001
2.864432,-9.918259E-05,3.204364E-04,-.001
2.865433,-1.525888E-04,4.043598E-04,-.002
2.866433,-4.577655E-04,2.594013E-04,-.001
2.867434,-6.866502E-05,5.416907E-04,-6.66667E-04
2.868434,7.629441E-05,2.212534E-04,-.001
2.869435,3.738422E-04,-3.12807E-04,-.002
2.870435,3.433246E-04,-3.89101E-04,-6.66667E-04
2.871436,1.75477E-04,-3.662128E-04,-6.66667E-04
2.872436,1.831064E-04,-3.585834E-04,-2.33333E-03
2.873437,1.3733E-04,-4.348774E-04,-.001
2.874437,9.918259E-05,-5.798377E-04,6.66667E-04
2.875438,4.043598E-04,-5.111732E-04,-.002
2.876438,4.425067E-04,-5.493201E-04,6.66667E-04
2.877439,3.356952E-04,-5.569495E-04,.001
2.878439,6.103562E-05,-2.288828E-04,-6.66667E-04
2.87944,1.144414E-04,-1.144414E-04,.002
2.88044,1.678476E-04,-7.629441E-05,-6.66667E-04
2.881441,3.738422E-04,-4.57766E-05,-.001
2.882441,4.119892E-04,1.907358E-04,.002
2.883442,-2.746601E-04,1.297006E-04,-.001
2.884442,-3.280658E-04,-1.602182E-04,.001
2.885443,-2.670307E-04,-3.738422E-04,-.002
2.886443,-2.212534E-04,-2.670307E-04,-6.66667E-04
2.887444,-1.06812E-04,-2.212534E-04,6.66667E-04
2.888444,-1.06812E-04,-5.035438E-04,6.66667E-04
2.889445,-4.57766E-05,-3.433246E-04,-.002
2.890445,-5.340599E-05,-1.602182E-04,-.001
2.891446,-3.12807E-04,-2.822895E-04,-6.66667E-04
2.892446,-1.525891E-05,1.525891E-05,-6.66667E-04
2.893447,-4.57766E-05,1.06812E-04,-.002
2.894447,-3.12807E-04,2.594013E-04,-.001
2.895448,-2.594013E-04,2.441425E-04,-.001
2.896448,-1.06812E-04,3.12807E-04,-6.66667E-04
2.897449,-1.449594E-04,4.730243E-04,-6.66667E-04
2.898449,-1.3733E-04,4.57766E-05,-.001
2.89945,1.220712E-04,1.525891E-05,.001
2.90045,5.111732E-04,1.06812E-04,6.66667E-04
2.901451,5.111732E-04,1.831064E-04,6.66667E-04
2.902451,4.196186E-04,4.57766E-05,-6.66667E-04
2.903452,2.670307E-04,-9.918259E-05,.001
2.904452,-1.525891E-05,-2.28883E-05,-.002
2.905453,-2.059946E-04,1.06812E-04,.001
2.906453,-5.569495E-04,2.28883E-05,.001
2.907454,-6.027259E-04,-1.06812E-04,-.001
2.908454,-3.814716E-04,7.629441E-05,6.66667E-04
2.909455,-1.144414E-04,1.449594E-04,-.001
2.910455,6.103562E-05,3.204364E-04,.001
2.911456,-1.3733E-04,2.28883E-05,-6.66667E-04
2.912456,-3.50954E-04,-1.06812E-04,6.66667E-04
2.913457,-6.866492E-04,-2.212534E-04,-.002
2.914457,-8.926429E-04,-4.348774E-04,-.002
2.915458,-6.866492E-04,-2.212534E-04,-.001
2.916458,-3.738422E-04,-3.967304E-04,-.001
2.917459,6.103562E-05,-1.297006E-04,-6.66667E-04
2.918459,5.340599E-05,9.918259E-05,-.002
2.91946,2.670307E-04,1.297006E-04,-6.66667E-04
2.92046,9.918259E-05,0,.001
2.921461,-1.06812E-04,-1.297006E-04,6.66667E-04
2.922461,-1.220712E-04,-6.866502E-05,-6.66667E-04
2.923462,-6.866502E-05,-2.365122E-04,2.33333E-03
2.924462,0,8.392381E-05,.001
2.925463,-6.866502E-05,1.75477E-04,-6.66667E-04
2.926463,-2.746601E-04,-1.831064E-04,.001
2.927464,-2.517719E-04,-5.111732E-04,-.001
2.928464,-7.629441E-05,-3.50954E-04,.001
2.929465,-6.103562E-05,-2.059946E-04,.001
2.930465,8.392381E-05,-1.525888E-04,-6.66667E-04
2.931466,-2.670307E-04,4.57766E-05,-.001
2.932466,-3.814716E-04,-3.051776E-04,-.001
2.933467,-3.585834E-04,1.525891E-05,6.66667E-04
2.934467,-3.967304E-04,4.119892E-04,-2.33333E-03
2.935468,-3.12807E-04,4.501361E-04,.002
2.936468,-1.831064E-04,4.196186E-04,-6.66667E-04
2.937469,-2.670307E-04,4.806537E-04,.001
2.938469,3.051781E-05,2.517719E-04,-6.66667E-04
2.93947,4.57766E-05,1.525888E-04,-.002
2.94047,-2.212534E-04,3.051781E-05,-.001
2.941471,-3.814716E-04,3.814716E-04,-.001
2.942471,-4.27248E-04,1.907358E-04,-2.33333E-03
2.943472,-2.670307E-04,2.594013E-04,-.002
2.944472,7.629453E-06,3.280658E-04,6.66667E-04
2.945473,-1.220712E-04,9.15532E-05,-6.66667E-04
2.946473,-2.746601E-04,-5.340599E-05,.001
2.947474,-3.12807E-04,-3.585834E-04,-.001
2.948474,-2.517719E-04,-3.356952E-04,-.001
2.949475,4.57766E-05,-6.866502E-05,-.001
2.950475,2.288828E-04,-1.06812E-04,-6.66667E-04
2.951476,-9.15532E-05,-1.983652E-04,-.001
2.952476,0,-2.441425E-04,-.001
2.953477,1.907358E-04,-3.433246E-04,-.002
2.954477,2.288828E-04,0,-6.66667E-04
2.955478,2.822895E-04,1.907358E-04,.001
2.956478,-6.103562E-05,1.297006E-04,-6.66667E-04
2.957479,-4.57766E-05,1.678476E-04,2.33333E-03
2.958479,-1.220712E-04,4.57766E-05,6.66667E-04
2.95948,-2.13624E-04,-1.602182E-04,-2.33333E-03
2.96048,-3.585834E-04,-1.602182E-04,6.66667E-04
2.961481,-7.629441E-05,9.918259E-05,6.66667E-04
2.962481,-5.340599E-05,1.449594E-04,6.66667E-04
2.963482,-7.629453E-06,2.059946E-04,-3.66667E-03
2.964482,-3.204364E-04,1.831064E-04,2.33333E-03
2.965483,-2.899189E-04,-1.983652E-04,-.002
2.966483,-2.670307E-04,-7.629453E-06,-.001
2.967484,-2.670307E-04,7.629453E-06,6.66667E-04
2.968484,-3.433246E-04,-3.280658E-04,6.66667E-04
2.969485,-6.63761E-04,-3.12807E-04,-6.66667E-04
2.970485,-5.569495E-04,-2.517719E-04,-6.66667E-04
2.971486,-7.858314E-04,-1.907358E-04,-6.66667E-04
2.972486,-8.010902E-04,-1.297006E-04,-.002
2.973487,-9.613074E-04,2.13624E-04,6.66667E-04
2.974487,-9.384193E-04,4.806537E-04,6.66667E-04
2.975488,-9.613074E-04,4.959144E-04,-6.66667E-04
2.976488,-9.613074E-04,3.662128E-04,-6.66667E-04
2.977489,-9.7657E-04,6.866502E-05,-.002
2.978489,-1.457222E-03,3.12807E-04,.002
2.97949,-1.701362E-03,3.89101E-04,-.002
2.98049,-2.166763E-03,8.392381E-05,-6.66667E-04
2.981491,-2.96022E-03,-1.678476E-04,-.002
2.982491,-3.959686E-03,-4.348774E-04,-.001
2.983492,-5.577117E-03,-8.163489E-04,.001
2.984492,-7.30136E-03,-8.850135E-04,-6.66667E-04
2.985493,-8.888304E-03,-9.613074E-04,.001
2.986493,-1.064306E-02,-1.10627E-03,6.66667E-04
2.987494,-1.289374E-02,-1.403816E-03,6.66667E-04
2.988494,-1.570904E-02,-1.686104E-03,-.001
2.989495,-1.849377E-02,-1.815803E-03,-.002
2.990495,-2.024853E-02,-1.907356E-03,-.002
2.991496,-2.071393E-02,-1.930244E-03,-.001
2.992496,-2.037823E-02,-2.059951E-03,-.001
2.993497,-.0188905,-2.128616E-03,6.66667E-04
2.994497,-1.686871E-02,-1.831062E-03,-6.66667E-04
2.995498,-1.432043E-02,-1.235969E-03,-.001
2.996498,-1.216131E-02,-9.460486E-04,-.004
2.997499,-9.765685E-03,-9.841993E-04,-2.33333E-03
2.998499,-7.667571E-03,-5.874671E-04,-.001
2.9995,-5.622894E-03,-3.738422E-04,6.66667E-04
3.0005,-4.28012E-03,-9.918259E-05,-.001
3.001501,-3.273025E-03,1.983652E-04,-6.66667E-04
3.002501,-2.342239E-03,2.059946E-04,-6.66667E-04
3.003502,-1.85395E-03,2.288828E-04,6.66667E-04
3.004502,-1.632698E-03,0,-6.66667E-04
3.005503,-1.396187E-03,-1.525888E-04,-6.66667E-04
3.006503,-1.029976E-03,-3.814721E-05,-6.66667E-04
3.007504,-7.476844E-04,1.678476E-04,-3.66667E-03
3.008504,-2.746601E-04,1.75477E-04,-.001
3.009505,-5.264319E-04,1.144414E-04,6.66667E-04
3.010505,-6.027259E-04,1.144414E-04,-.001
3.011506,-5.264319E-04,3.051776E-04,-6.66667E-04
3.012506,-4.959144E-04,4.348774E-04,-.002
3.013507,-1.449594E-04,5.188026E-04,-.001
3.014507,4.57766E-05,7.247962E-04,6.66667E-04
3.015508,-1.831064E-04,3.89101E-04,6.66667E-04
3.016508,-4.348774E-04,2.670307E-04,6.66667E-04
3.017509,-2.441425E-04,5.645789E-04,-3.66667E-03
3.018509,-3.585834E-04,4.348774E-04,.002
3.01951,-4.577655E-04,9.918259E-05,-.001
3.02051,-3.12807E-04,-1.602182E-04,.001
3.021511,-2.28883E-05,-3.89101E-04,-6.66667E-04
3.022511,4.57766E-05,-1.449594E-04,6.66667E-04
3.023512,-1.678476E-04,-2.746601E-04,6.66667E-04
3.024512,-2.212534E-04,-7.247962E-04,-.001
3.025513,-3.280658E-04,-5.035438E-04,.001
3.026513,-1.602182E-04,-3.051776E-04,-.001
3.027514,-1.449594E-04,-6.103562E-05,6.66667E-04
3.028514,-1.3733E-04,1.3733E-04,6.66667E-04
3.029515,1.525891E-05,-6.866502E-05,-6.66667E-04
3.030515,-1.220712E-04,-1.297006E-04,6.66667E-04
3.031516,-4.57766E-05,1.06812E-04,-6.66667E-04
3.032516,-1.678476E-04,-1.907358E-04,-6.66667E-04
3.033517,-4.196186E-04,-2.746601E-04,-.001
3.034517,-2.670307E-04,-1.75477E-04,-6.66667E-04
3.035518,-2.059946E-04,-1.449594E-04,-.001
3.036518,-1.525891E-05,1.602182E-04,-6.66667E-04
3.037519,-4.57766E-05,1.297006E-04,-.002
3.038519,1.3733E-04,-9.15532E-05,-6.66667E-04
3.03952,1.144414E-04,-1.06812E-04,-2.33333E-03
3.04052,-8.392381E-05,3.051781E-05,6.66667E-04
3.041521,1.525891E-05,-1.831064E-04,6.66667E-04
3.042521,-5.340599E-05,-5.340613E-04,-.001
3.043522,1.220712E-04,-5.264319E-04,-6.66667E-04
3.044522,2.212534E-04,-3.051781E-05,-6.66667E-04
3.045523,3.662128E-04,8.392381E-05,-6.66667E-04
3.046523,1.449594E-04,2.365122E-04,.002
3.047524,-7.629453E-06,2.746601E-04,-.001
3.048524,-1.449594E-04,2.899189E-04,-6.66667E-04
3.049525,0,3.585834E-04,-.002
3.050525,-3.051781E-05,0,.001
3.051526,-8.392381E-05,2.28883E-05,-6.66667E-04
3.052526,-3.204364E-04,9.918259E-05,-.001
3.053527,-2.594013E-04,-5.340599E-05,-.001
3.054527,-2.975482E-04,-6.103562E-05,.001
3.055528,-3.89101E-04,4.57766E-05,-.002
3.056528,-5.645789E-04,1.449594E-04,-6.66667E-04
3.057529,-4.730243E-04,3.051781E-05,-.001
3.058529,-9.15532E-05,0,6.66667E-04
3.05953,6.103562E-05,1.831064E-04,-6.66667E-04
3.06053,2.746601E-04,2.212534E-04,-.002
3.061531,1.75477E-04,9.918259E-05,-2.33333E-03
3.062531,6.103562E-05,-7.629441E-05,-6.66667E-04
3.063532,3.433246E-04,-1.06812E-04,-.001
3.064532,3.89101E-04,4.57766E-05,-6.66667E-04
3.065533,2.13624E-04,-1.602182E-04,-.001
3.066533,-9.15532E-05,-5.340599E-05,.001
3.067534,-1.06812E-04,1.06812E-04,-.001
3.068534,-1.06812E-04,-1.06812E-04,-.001
3.069535,4.57766E-05,7.629441E-05,-.001
3.070535,1.678476E-04,2.594013E-04,-.001
3.071536,6.103562E-05,0,-2.33333E-03
3.072536,9.15532E-05,4.57766E-05,6.66667E-04
3.073537,1.3733E-04,2.212534E-04,6.66667E-04
3.074537,4.57766E-05,1.525891E-05,-6.66667E-04
3.075538,8.392381E-05,1.06812E-04,.001
3.076538,3.051776E-04,2.594013E-04,6.66667E-04
3.077539,2.670307E-04,1.525888E-04,2.33333E-03
3.078539,1.602182E-04,1.220712E-04,.002
3.07954,1.297006E-04,-3.814721E-05,6.66667E-04
3.08054,8.392381E-05,-1.449594E-04,-6.66667E-04
3.081541,2.365122E-04,1.525891E-05,-.001
3.082541,4.88285E-04,-7.629441E-05,-6.66667E-04
3.083542,4.043598E-04,1.525891E-05,-6.66667E-04
3.084542,2.059946E-04,-1.06812E-04,-.001
3.085543,-2.670307E-04,-5.722083E-04,-3.66667E-03
3.086543,-1.983652E-04,-5.493201E-04,-.002
3.087544,-4.806537E-04,-1.297006E-04,.001
3.088544,-1.602182E-04,-1.06812E-04,-.002
3.089545,3.051776E-04,-1.602182E-04,-.001
3.090545,2.13624E-04,9.918259E-05,.001
3.091546,-2.28883E-05,2.822895E-04,-.002
3.092546,-3.738422E-04,4.730243E-04,-3.66667E-03
3.093547,-3.12807E-04,4.196186E-04,6.66667E-04
3.094547,-5.035438E-04,6.63761E-04,-2.33333E-03
3.095548,-4.653949E-04,6.256141E-04,-.002
3.096548,-2.594013E-04,4.806537E-04,.001
3.097549,3.814721E-05,1.983652E-04,-6.66667E-04
3.098549,1.220712E-04,1.525891E-05,6.66667E-04
3.09955,2.899189E-04,1.525888E-04,-.002
3.10055,4.27248E-04,1.525888E-04,-.001
3.101551,4.348774E-04,-1.297006E-04,-6.66667E-04
3.102551,4.196186E-04,-6.866502E-05,-.002
3.103552,2.365122E-04,1.75477E-04,-.001
3.104552,-8.392381E-05,1.678476E-04,6.66667E-04
3.105553,-6.027259E-04,2.822895E-04,-6.66667E-04
3.106553,-2.594013E-04,1.75477E-04,-.002
3.107554,2.28883E-05,2.13624E-04,.001
3.108554,-5.340599E-05,3.738422E-04,6.66667E-04
3.109555,-2.822895E-04,3.50954E-04,-.001
3.110555,-3.89101E-04,3.204364E-04,-.002
3.111556,-2.13624E-04,9.15532E-05,6.66667E-04
3.112556,-1.525891E-05,1.525888E-04,6.66667E-04
3.113557,1.144414E-04,1.144414E-04,6.66667E-04
3.114557,1.297006E-04,-2.899189E-04,6.66667E-04
3.115558,2.28883E-05,-6.103562E-05,6.66667E-04
3.116558,1.983652E-04,1.449594E-04,-2.33333E-03
3.117559,4.57766E-05,2.975482E-04,-6.66667E-04
3.118559,-6.866502E-05,2.13624E-04,-6.66667E-04
3.11956,-1.602182E-04,3.662128E-04,-.001
3.12056,-4.425067E-04,1.144414E-04,-2.33333E-03
3.121561,-4.119892E-04,1.144414E-04,-.001
3.122561,-3.280658E-04,2.975482E-04,-6.66667E-04
3.123562,-3.738422E-04,3.662128E-04,-.002
3.124562,-7.40055E-04,-3.051781E-05,6.66667E-04
3.125563,-8.850135E-04,-3.738422E-04,6.66667E-04
3.126563,-8.697547E-04,-1.06812E-04,.002
3.127564,-6.179847E-04,-1.907358E-04,-6.66667E-04
3.128564,-7.858314E-04,-3.356952E-04,.001
3.129565,-1.243599E-03,-1.3733E-04,-.001
3.130565,-1.152046E-03,-3.814721E-05,-.002
3.131566,-9.231605E-04,1.831064E-04,.001
3.132566,-6.256141E-04,3.356952E-04,.001
3.133567,-8.621253E-04,4.501361E-04,-6.66667E-04
3.134567,-3.50954E-04,3.204364E-04,-.001
3.135568,-4.425067E-04,1.75477E-04,-6.66667E-04
3.136568,-7.629432E-04,3.051776E-04,-6.66667E-04
3.137569,-5.874671E-04,1.297006E-04,6.66667E-04
3.138569,-3.585834E-04,-5.340599E-05,-.001
3.13957,-3.433246E-04,-1.144414E-04,-6.66667E-04
3.14057,-6.713904E-04,0,2.33333E-03
3.141571,-8.926429E-04,-1.220712E-04,6.66667E-04
3.142571,-1.075752E-03,-3.89101E-04,-.001
3.143572,-1.35041E-03,-6.179847E-04,6.66667E-04
3.144572,-1.60981E-03,-7.247962E-04,-.002
3.145573,-1.663215E-03,-3.967304E-04,-.002
3.146573,-1.884468E-03,-1.602182E-04,-.002
3.147574,-1.960769E-03,-3.051776E-04,-6.66667E-04
3.148574,-2.418533E-03,5.340599E-05,6.66667E-04
3.149575,-2.700821E-03,-2.28883E-05,-.001
3.150575,-3.173843E-03,-6.027259E-04,.001
3.151576,-3.746048E-03,-6.179847E-04,-6.66667E-04
3.152576,-4.493743E-03,-7.324256E-04,-.001
3.153577,-6.065398E-03,-5.493201E-04,-6.66667E-04
3.154577,-7.949889E-03,-6.256141E-04,6.66667E-04
3.155578,-9.628356E-03,-7.705726E-04,6.66667E-04
3.156578,-1.165777E-02,-1.274116E-03,-6.66667E-04
3.157579,-1.445013E-02,-1.625068E-03,.001
3.158579,-1.689923E-02,-1.884468E-03,-.001
3.15958,-1.938641E-02,-2.143875E-03,.001
3.16058,-2.234662E-02,-2.32698E-03,-6.66667E-04
3.161581,-2.507794E-02,-2.723709E-03,-6.66667E-04
3.162581,-2.721417E-02,-3.433242E-03,-6.66667E-04
3.163582,-2.873242E-02,-3.486648E-03,-.002
3.164582,-2.925122E-02,-3.242508E-03,6.66667E-04
3.165583,-2.849591E-02,-3.173843E-03,-.001
3.166583,-.0273515,-2.937332E-03,-2.33333E-03
3.167584,-2.507794E-02,-3.08992E-03,.002
3.168584,-2.260602E-02,-2.510086E-03,6.66667E-04
3.169585,-1.991284E-02,-1.960769E-03,-.002
3.170585,-1.715863E-02,-1.617439E-03,6.66667E-04
3.171586,-1.410681E-02,-1.289375E-03,-.002
3.172586,-1.125342E-02,-9.994581E-04,2.33333E-03
3.173587,-9.407103E-03,-8.773841E-04,-.002
3.174587,-8.102477E-03,-5.340613E-04,-.002
3.175588,-6.439239E-03,-2.670307E-04,.001
3.176588,-5.485564E-03,-1.06812E-04,.001
3.177589,-4.859954E-03,-6.866502E-05,-.002
3.178589,-.0038376,-2.746601E-04,6.66667E-04
3.17959,-3.143325E-03,-1.144414E-04,6.66667E-04
3.18059,-2.891555E-03,2.28883E-05,-6.66667E-04
3.181591,-2.655044E-03,3.356952E-04,-.001
3.182591,-2.548233E-03,2.365122E-04,6.66667E-04
3.183592,-2.059951E-03,1.983652E-04,-.001
3.184592,-1.960769E-03,2.365122E-04,-.002
3.185593,-1.647957E-03,-1.602182E-04,6.66667E-04
3.186593,-1.403816E-03,-6.866502E-05,-.001
3.187594,-9.613074E-04,-1.907358E-04,-.001
3.188594,-1.10627E-03,-3.204364E-04,-6.66667E-04
3.189595,-1.09864E-03,-3.662128E-04,6.66667E-04
3.190595,-9.994581E-04,-7.629441E-05,-.001
3.191596,-1.113899E-03,-1.144414E-04,6.66667E-04
3.192596,-1.083381E-03,-9.918259E-05,-6.66667E-04
3.193597,-1.136787E-03,4.57766E-05,6.66667E-04
3.194597,-9.002723E-04,-1.831064E-04,-.002
3.195598,-9.841993E-04,9.918259E-05,-.001
3.196598,-9.689368E-04,2.288828E-04,-2.33333E-03
3.197599,-9.231605E-04,1.297006E-04,6.66667E-04
3.198599,-8.773841E-04,1.06812E-04,-.002
3.1996,-7.934608E-04,3.814721E-05,6.66667E-04
3.2006,-6.866492E-04,5.340599E-05,-3.66667E-03
3.201601,-6.103553E-04,-1.220712E-04,.001
3.202601,-5.722083E-04,-6.866502E-05,-6.66667E-04
3.203602,-3.585834E-04,-8.392381E-05,-6.66667E-04
3.204602,-2.746601E-04,-7.629453E-06,-6.66667E-04
3.205603,-3.50954E-04,5.340599E-05,-.002
3.206603,-5.264319E-04,-1.525891E-05,.001
3.207604,-2.975482E-04,-9.15532E-05,-.004
3.208604,-5.111732E-04,7.629453E-06,-6.66667E-04
3.209605,-4.806537E-04,2.975482E-04,6.66667E-04
3.210605,-6.103553E-04,2.365122E-04,-6.66667E-04
3.211606,-5.416907E-04,-3.051781E-05,-.002
3.212606,-2.288828E-04,-2.13624E-04,.002
3.213607,1.983652E-04,-2.212534E-04,.001
3.214607,2.059946E-04,-6.103562E-05,-.002
3.215608,2.594013E-04,2.059946E-04,-.001
3.216608,1.525888E-04,4.043598E-04,2.33333E-03
3.217609,2.899189E-04,3.12807E-04,-.002
3.218609,3.50954E-04,4.653949E-04,-3.66667E-03
3.21961,1.220712E-04,5.340599E-05,6.66667E-04
3.22061,6.103562E-05,1.525891E-05,-.002
3.221611,-1.525891E-05,1.525888E-04,.001
3.222611,-1.75477E-04,2.670307E-04,-6.66667E-04
3.223612,-9.15532E-05,3.662128E-04,-2.33333E-03
3.224612,-1.907358E-04,2.594013E-04,-6.66667E-04
3.225613,1.449594E-04,2.517719E-04,-.001
3.226614,-1.297006E-04,-1.602182E-04,.001
3.227614,-3.814716E-04,-7.629441E-05,-.002
3.228614,-2.517719E-04,-1.525891E-05,-6.66667E-04
3.229615,-6.103562E-05,2.28883E-05,6.66667E-04
3.230615,9.918259E-05,1.831064E-04,-6.66667E-04
3.231616,7.629453E-06,1.220712E-04,-6.66667E-04
3.232616,3.051781E-05,3.814721E-05,.001
3.233617,-3.12807E-04,4.57766E-05,-6.66667E-04
3.234617,-4.88285E-04,9.918259E-05,2.33333E-03
3.235618,-6.408729E-04,2.670307E-04,-.001
3.236619,-7.01908E-04,2.365122E-04,-6.66667E-04
3.237619,-5.874671E-04,0,.001
3.238619,-3.280658E-04,7.629453E-06,-6.66667E-04
3.23962,-1.144414E-04,1.525888E-04,-2.33333E-03
3.24062,-6.866502E-05,5.340599E-05,-.001
3.241621,-1.602182E-04,1.525888E-04,6.66667E-04
3.242621,-1.220712E-04,7.629453E-06,-6.66667E-04
3.243622,-2.670307E-04,1.297006E-04,.001
3.244622,-3.967304E-04,3.662128E-04,6.66667E-04
3.245623,-3.662128E-04,4.119892E-04,-.002
3.246624,-3.204364E-04,4.653949E-04,-6.66667E-04
3.247624,-2.746601E-04,2.746601E-04,-6.66667E-04
3.248624,-1.06812E-04,7.629441E-05,-6.66667E-04
3.249625,1.144414E-04,-7.629441E-05,.001
3.250625,1.525888E-04,-1.907358E-04,-2.33333E-03
3.251626,3.814721E-05,3.051781E-05,-6.66667E-04
3.252626,1.525888E-04,-1.06812E-04,-.002
3.253627,-3.051781E-05,-4.196186E-04,-6.66667E-04
3.254627,-3.280658E-04,-3.814716E-04,-6.66667E-04
3.255628,-3.204364E-04,1.831064E-04,-.002
3.256629,-1.907358E-04,2.28883E-05,-6.66667E-04
3.257629,-2.365122E-04,-2.365122E-04,-.002
3.258629,-2.059946E-04,2.28883E-05,-.001
3.25963,-2.670307E-04,-1.06812E-04,-.001
3.26063,-1.144414E-04,-1.449594E-04,.001
3.261631,-2.517719E-04,9.918259E-05,-6.66667E-04
3.262631,-4.57766E-05,2.365122E-04,2.33333E-03
3.263632,-2.13624E-04,-9.15532E-05,.001
3.264632,-4.88285E-04,-2.365122E-04,.001
3.265633,-8.239783E-04,-3.814721E-05,-3.66667E-03
3.266634,-8.468665E-04,4.27248E-04,-6.66667E-04
3.267634,-8.316077E-04,2.899189E-04,-.002
3.268634,-1.083381E-03,1.220712E-04,-.002
3.269635,-1.007088E-03,3.433246E-04,-6.66667E-04
3.270635,-9.613074E-04,1.297006E-04,.001
3.271636,-1.388557E-03,-1.983652E-04,-.001
3.272636,-1.937874E-03,-1.144414E-04,6.66667E-04
3.273637,-1.838692E-03,-5.340599E-05,6.66667E-04
3.274637,-1.792915E-03,5.340599E-05,6.66667E-04
3.275638,-2.479568E-03,2.13624E-04,-.001
3.276639,-2.96022E-03,1.144414E-04,.001
3.277639,-3.456131E-03,2.365122E-04,.001
3.278639,-3.723159E-03,-9.15532E-05,-2.33333E-03
3.27964,-4.005462E-03,-2.13624E-04,-.002
3.28064,-4.264861E-03,-1.3733E-04,-.002
3.281641,-3.875747E-03,-2.059946E-04,.001
3.282641,-3.646865E-03,1.602182E-04,-.001
3.283642,-3.486648E-03,2.212534E-04,-.001
3.284642,-3.433242E-03,1.297006E-04,-6.66667E-04
3.285643,-3.059402E-03,-1.449594E-04,-.001
3.286644,-2.792373E-03,-1.983652E-04,.001
3.287644,-2.639785E-03,-5.874671E-04,.001
3.288644,-1.930244E-03,-5.340613E-04,-6.66667E-04
3.289645,-1.335151E-03,-3.738422E-04,-.001
3.290645,-1.258858E-03,-6.866502E-05,-6.66667E-04
3.291646,-9.918287E-04,2.594013E-04,6.66667E-04
3.292646,-8.087195E-04,9.918259E-05,-6.66667E-04
3.293647,-5.264319E-04,-6.103562E-05,-.001
3.294647,-4.577655E-04,7.629441E-05,-.001
3.295648,-4.577655E-04,5.340599E-05,-.001
3.296649,-5.111732E-04,-7.629441E-05,.001
3.297649,-4.27248E-04,-1.144414E-04,-6.66667E-04
3.298649,-4.806537E-04,-1.144414E-04,-6.66667E-04
3.29965,-6.332435E-04,1.297006E-04,-6.66667E-04
3.30065,-5.798377E-04,3.814716E-04,.001
3.301651,-4.27248E-04,-1.144414E-04,-.001
3.302651,-2.975482E-04,-4.27248E-04,-.001
3.303652,-2.441425E-04,-4.27248E-04,-2.33333E-03
3.304652,1.220712E-04,-9.15532E-05,.001
3.305653,2.212534E-04,9.918259E-05,2.33333E-03
3.306653,4.196186E-04,2.365122E-04,-6.66667E-04
3.307654,4.501361E-04,9.918259E-05,-.002
3.308654,2.594013E-04,-6.866502E-05,-6.66667E-04
3.309655,-5.340599E-05,2.517719E-04,6.66667E-04
3.310655,-3.204364E-04,1.525888E-04,-.001
3.311656,-1.602182E-04,-6.866502E-05,.001
3.312656,-1.297006E-04,3.814721E-05,6.66667E-04
3.313657,-5.340613E-04,-4.57766E-05,6.66667E-04
3.314657,-4.425067E-04,1.449594E-04,-3.66667E-03
3.315658,-4.653949E-04,1.3733E-04,-.002
3.316658,-3.50954E-04,-6.866502E-05,.001
3.317659,-3.051776E-04,4.57766E-05,-6.66667E-04
3.318659,-4.806537E-04,-5.340599E-05,6.66667E-04
3.31966,-5.874671E-04,1.3733E-04,-.002
3.32066,-3.967304E-04,3.967304E-04,-6.66667E-04
3.321661,-3.433246E-04,6.179847E-04,.002
3.322661,-1.449594E-04,5.340613E-04,6.66667E-04
3.323662,-2.059946E-04,5.416907E-04,-6.66667E-04
3.324662,-3.89101E-04,4.57766E-05,-2.33333E-03
3.325663,-4.806537E-04,-1.678476E-04,-.002
3.326663,-2.365122E-04,-4.57766E-05,-6.66667E-04
3.327664,-2.13624E-04,6.103562E-05,-.001
3.328664,-4.806537E-04,9.15532E-05,6.66667E-04
3.329665,-6.027259E-04,6.866502E-05,-5.33333E-03
3.330665,-5.416907E-04,4.653949E-04,6.66667E-04
3.331666,-8.010902E-04,2.594013E-04,-6.66667E-04
3.332666,-5.950965E-04,1.220712E-04,-6.66667E-04
3.333667,-5.416907E-04,-1.983652E-04,-.001
3.334667,-4.27248E-04,-2.670307E-04,-.002
3.335668,-4.119892E-04,-4.425067E-04,-6.66667E-04
3.336668,-4.425067E-04,-1.907358E-04,.001
3.337669,-4.88285E-04,3.662128E-04,-.001
3.338669,-3.12807E-04,3.12807E-04,-6.66667E-04
3.33967,-3.814721E-05,3.967304E-04,.001
3.34067,-1.06812E-04,6.63761E-04,6.66667E-04
3.341671,-2.13624E-04,1.449594E-04,-6.66667E-04
3.342671,7.629441E-05,-6.103562E-05,-6.66667E-04
3.343672,-2.822895E-04,-7.629453E-06,-6.66667E-04
3.344672,-3.051776E-04,5.340599E-05,-6.66667E-04
3.345673,-4.348774E-04,4.57766E-05,-.002
3.346673,-2.13624E-04,9.918259E-05,-6.66667E-04
3.347674,8.392381E-05,1.525888E-04,.001
3.348674,3.051781E-05,2.212534E-04,.001
3.349675,-5.340599E-05,3.814721E-05,6.66667E-04
3.350675,-5.188026E-04,-9.15532E-05,-6.66667E-04
3.351676,-9.384193E-04,-2.441425E-04,-.001
3.352676,-8.163489E-04,3.051781E-05,-.001
3.353677,-4.27248E-04,9.15532E-05,6.66667E-04
3.354677,-2.899189E-04,4.57766E-05,6.66667E-04
3.355678,-4.577655E-04,-1.525891E-05,6.66667E-04
3.356678,-7.247962E-04,2.594013E-04,.001
3.357679,-1.037605E-03,1.144414E-04,6.66667E-04
3.358679,-1.510628E-03,5.950965E-04,6.66667E-04
3.35968,-2.021804E-03,3.662128E-04,-.001
3.36068,-2.761856E-03,9.15532E-05,-.002
3.361681,-3.707901E-03,9.918259E-05,-6.66667E-04
3.362681,-4.600555E-03,-3.204364E-04,-2.33333E-03
3.363682,-5.203277E-03,-2.365122E-04,-.001
3.364682,-6.332427E-03,-1.06812E-04,-2.33333E-03
3.365683,-7.186919E-03,-4.27248E-04,-.001
3.366683,-7.591277E-03,-9.384193E-04,-.001
3.367684,-8.361876E-03,-1.022346E-03,.001
3.368684,-8.750975E-03,-7.858314E-04,-2.33333E-03
3.369685,-8.56024E-03,-5.645789E-04,-.001
3.370685,-8.270323E-03,-5.798377E-04,-.001
3.371686,-8.132994E-03,-2.670307E-04,.001
3.372686,-7.316619E-03,0,-.001
3.373687,-6.485015E-03,1.449594E-04,6.66667E-04
3.374687,-5.29483E-03,3.12807E-04,-6.66667E-04
3.375688,-4.211456E-03,1.297006E-04,-2.33333E-03
3.376688,-3.288284E-03,1.525888E-04,.001
3.377689,-2.647415E-03,-4.57766E-05,-.001
3.378689,-1.922615E-03,2.212534E-04,-.001
3.37969,-1.403816E-03,2.059946E-04,.001
3.38069,-1.083381E-03,-1.678476E-04,.002
3.381691,-8.697547E-04,-1.907358E-04,-6.66667E-04
3.382691,-5.493201E-04,1.525888E-04,-6.66667E-04
3.383692,-2.288828E-04,3.356952E-04,-.002
3.384692,-2.13624E-04,3.89101E-04,.001
3.385693,-4.196186E-04,3.356952E-04,-.001
3.386693,-2.899189E-04,2.975482E-04,-.002
3.387694,-4.348774E-04,5.340599E-05,-6.66667E-04
3.388694,-3.50954E-04,-2.059946E-04,-.002
3.389695,-1.75477E-04,-3.280658E-04,-.001
3.390696,-2.746601E-04,6.103562E-05,.002
3.391696,-3.662128E-04,2.517719E-04,-6.66667E-04
3.392696,-9.15532E-05,3.12807E-04,6.66667E-04
3.393697,-1.3733E-04,2.365122E-04,6.66667E-04
3.394697,-6.866502E-05,1.449594E-04,6.66667E-04
3.395698,-2.365122E-04,3.051781E-05,-6.66667E-04
3.396698,-1.75477E-04,-6.866502E-05,-6.66667E-04
3.397699,-4.043598E-04,-1.144414E-04,-.001
3.398699,-5.035438E-04,1.525891E-05,.001
3.3997,-3.967304E-04,-4.57766E-05,-.001
3.400701,-8.392381E-05,-3.967304E-04,.001
3.401701,-2.059946E-04,-1.983652E-04,-.001
3.402701,-1.144414E-04,-1.525891E-05,6.66667E-04
3.403702,7.629453E-06,2.594013E-04,6.66667E-04
3.404702,1.525891E-05,4.043598E-04,6.66667E-04
3.405703,0,3.50954E-04,.001
3.406703,-1.144414E-04,3.585834E-04,-.002
3.407704,-4.27248E-04,1.144414E-04,-.002
3.408704,-3.585834E-04,1.144414E-04,-6.66667E-04
3.409705,-1.75477E-04,9.918259E-05,.001
3.410706,-9.15532E-05,1.06812E-04,-.001
3.411706,4.57766E-05,4.57766E-05,-.002
3.412706,-1.983652E-04,-1.525888E-04,6.66667E-04
3.413707,-1.525888E-04,-9.918259E-05,-.001
3.414707,-3.585834E-04,-6.103562E-05,-.001
3.415708,-2.594013E-04,-7.629453E-06,-6.66667E-04
3.416708,-3.204364E-04,-2.28883E-05,.001
3.417709,-1.907358E-04,-1.449594E-04,6.66667E-04
3.418709,-3.738422E-04,-4.501361E-04,.001
3.41971,-1.602182E-04,-6.408729E-04,-.001
3.420711,1.602182E-04,-4.196186E-04,6.66667E-04
3.421711,3.051781E-05,-2.899189E-04,-.002
3.422711,-1.75477E-04,-4.425067E-04,-2.33333E-03
3.423712,-1.525891E-05,-5.264319E-04,.001
3.424712,2.288828E-04,1.678476E-04,-2.33333E-03
3.425713,-7.629441E-05,-2.28883E-05,-2.33333E-03
3.426713,1.297006E-04,-1.297006E-04,.001
3.427714,-8.392381E-05,1.3733E-04,.001
3.428714,-1.525888E-04,1.907358E-04,-.002
3.429715,-2.212534E-04,3.051781E-05,-.002
3.430716,-9.15532E-05,-1.525891E-05,.001
3.431716,-1.297006E-04,8.392381E-05,-.001
3.432716,-1.907358E-04,1.525888E-04,-.002
3.433717,-4.730243E-04,1.144414E-04,6.66667E-04
3.434717,-6.179847E-04,7.629441E-05,-.002
3.435718,-4.806537E-04,2.059946E-04,-6.66667E-04
3.436718,-3.051776E-04,1.525891E-05,6.66667E-04
3.437719,-4.425067E-04,-2.365122E-04,-.002
3.438719,-2.822895E-04,-3.204364E-04,-6.66667E-04
3.43972,-1.525888E-04,-4.577655E-04,-2.33333E-03
3.440721,-9.15532E-05,-4.27248E-04,-6.66667E-04
3.441721,-4.730243E-04,-2.746601E-04,-.001
3.442721,-3.738422E-04,0,-6.66667E-04
3.443722,-4.196186E-04,3.356952E-04,-6.66667E-04
3.444722,-4.196186E-04,2.517719E-04,.001
3.445723,-4.653949E-04,2.13624E-04,-.001
3.446723,-3.50954E-04,-1.525891E-05,-.002
3.447724,-2.365122E-04,0,-6.66667E-04
3.448724,1.678476E-04,-1.983652E-04,.002
3.449725,0,-1.525888E-04,-.002
3.450726,-2.13624E-04,-2.594013E-04,-6.66667E-04
3.451726,5.340599E-05,-3.356952E-04,-2.33333E-03
3.452726,4.57766E-05,-2.365122E-04,6.66667E-04
3.453727,-1.525888E-04,5.340599E-05,6.66667E-04
3.454727,1.525888E-04,3.89101E-04,-.001
3.455728,4.577655E-04,3.738422E-04,6.66667E-04
3.456728,1.831064E-04,3.356952E-04,-6.66667E-04
3.457729,-2.594013E-04,2.899189E-04,-6.66667E-04
3.458729,-3.433246E-04,1.220712E-04,-.001
3.45973,-1.220712E-04,2.28883E-05,-.001
3.460731,1.06812E-04,9.918259E-05,-.002
3.461731,-9.15532E-05,8.392381E-05,6.66667E-04
3.462731,-4.730243E-04,-3.814721E-05,.001
3.463732,-7.247962E-04,-1.06812E-04,-.001
3.464732,-6.866492E-04,-1.449594E-04,.001
3.465733,-3.50954E-04,1.678476E-04,-6.66667E-04
3.466733,9.15532E-05,6.790198E-04,2.33333E-03
3.467734,8.392381E-05,4.196186E-04,-.001
3.468734,1.525888E-04,-5.340599E-05,-6.66667E-04
3.469735,1.297006E-04,0,-.001
3.470736,-9.15532E-05,1.831064E-04,-6.66667E-04
3.471736,-5.340599E-05,2.517719E-04,-.002
3.472736,-2.13624E-04,1.831064E-04,-.004
3.473737,-1.678476E-04,1.220712E-04,-.002
3.474737,-2.517719E-04,4.653949E-04,-3.66667E-03
3.475738,2.13624E-04,2.975482E-04,6.66667E-04
3.476738,2.365122E-04,6.103562E-05,-.002
3.477739,6.103562E-05,-1.144414E-04,-.002
3.478739,-1.602182E-04,1.06812E-04,-.002
3.47974,-9.918259E-05,1.3733E-04,-.002
3.480741,1.983652E-04,-1.831064E-04,-6.66667E-04
3.481741,-1.220712E-04,-2.13624E-04,-.001
3.482741,-3.280658E-04,-1.602182E-04,.002
3.483742,2.746601E-04,-9.918259E-05,6.66667E-04
3.484742,5.645789E-04,9.15532E-05,-6.66667E-04
3.485743,4.806537E-04,1.3733E-04,-6.66667E-04
3.486743,1.220712E-04,2.670307E-04,6.66667E-04
3.487744,-2.13624E-04,2.899189E-04,6.66667E-04
3.488744,-1.449594E-04,-8.392381E-05,-3.66667E-03
3.489745,3.204364E-04,3.051781E-05,-2.33333E-03
3.490746,5.416907E-04,3.12807E-04,-6.66667E-04
3.491746,3.738422E-04,4.348774E-04,.001
3.492746,-2.28883E-05,4.119892E-04,-.001
3.493747,-4.806537E-04,3.967304E-04,6.66667E-04
3.494747,-6.866492E-04,5.188026E-04,2.33333E-03
3.495748,-6.561317E-04,3.89101E-04,6.66667E-04
3.496748,-7.476844E-04,1.75477E-04,-.001
3.497749,-9.994581E-04,3.662128E-04,.002
3.498749,-1.502998E-03,6.027259E-04,-5.33333E-03
3.49975,-2.403274E-03,6.332435E-04,-.002
3.500751,-3.46376E-03,1.3733E-04,-6.66667E-04
3.501751,-4.325897E-03,9.918259E-05,-6.66667E-04
3.502751,-5.592376E-03,1.3733E-04,-.002
3.503752,-7.782012E-03,3.280658E-04,-.002
3.504752,-1.088721E-02,-1.220712E-04,-.002
3.505753,-1.407629E-02,-8.697547E-04,-3.66667E-03
3.506753,-1.592267E-02,-1.113899E-03,-.002
3.507754,-1.711285E-02,-8.087195E-04,-6.66667E-04
3.508754,-1.757824E-02,-5.340613E-04,-.001
3.509755,-1.727307E-02,-4.806537E-04,6.66667E-04
3.510756,-1.544195E-02,-1.525891E-05,.001
3.511756,-.0130921,3.967304E-04,-6.66667E-04
3.512756,-1.100165E-02,2.288828E-04,-6.66667E-04
3.513757,-8.659422E-03,2.975482E-04,2.33333E-03
3.514757,-6.362945E-03,6.256141E-04,.001
3.515758,-4.623443E-03,4.88285E-04,-.002
3.516758,-3.227249E-03,4.348774E-04,6.66667E-04
3.517759,-2.07521E-03,2.594013E-04,-2.33333E-03
3.518759,-1.274116E-03,1.831064E-04,-6.66667E-04
3.51976,-1.144417E-03,-2.670307E-04,6.66667E-04
3.520761,-1.281746E-03,-1.3733E-04,-.002
3.521761,-9.53678E-04,-1.983652E-04,-.001
3.522761,-4.806537E-04,-2.899189E-04,-.001
3.523762,-3.051781E-05,-3.204364E-04,.002
3.524762,8.392381E-05,-2.517719E-04,.001
3.525763,3.814721E-05,-8.392381E-05,.001
3.526763,9.918259E-05,-1.06812E-04,-.001
3.527764,1.220712E-04,-8.392381E-05,6.66667E-04
3.528764,1.907358E-04,-3.204364E-04,-6.66667E-04
3.529765,-7.629441E-05,-2.899189E-04,-6.66667E-04
3.530766,-3.280658E-04,-3.814721E-05,-.001
3.531766,-1.75477E-04,1.831064E-04,6.66667E-04
3.532766,5.340599E-05,9.918259E-05,6.66667E-04
3.533767,4.119892E-04,1.525888E-04,.001
3.534767,1.831064E-04,-1.3733E-04,-.001
3.535768,1.297006E-04,-3.585834E-04,-2.33333E-03
3.536768,7.629441E-05,-4.806537E-04,.001
3.537769,-2.28883E-05,-3.204364E-04,-.001
3.538769,-4.119892E-04,-2.13624E-04,6.66667E-04
3.53977,-6.790198E-04,-1.297006E-04,-.001
3.540771,-3.50954E-04,-2.288828E-04,-3.66667E-03
3.541771,-2.899189E-04,-1.525888E-04,-6.66667E-04
3.542771,1.449594E-04,9.918259E-05,-6.66667E-04
3.543772,4.577655E-04,2.441425E-04,-6.66667E-04
3.544772,2.594013E-04,1.907358E-04,-.001
3.545773,7.629441E-05,2.975482E-04,6.66667E-04
3.546773,4.57766E-05,1.220712E-04,-6.66667E-04
3.547774,-1.3733E-04,-3.814721E-05,-.001
3.548774,-2.670307E-04,2.059946E-04,-.002
3.549775,-4.27248E-04,4.501361E-04,-.001
3.550776,-4.119892E-04,3.738422E-04,6.66667E-04
3.551776,-2.441425E-04,3.50954E-04,-.002
3.552776,-1.75477E-04,7.78202E-04,-.001
3.553777,1.907358E-04,7.247962E-04,-.002
3.554777,1.144414E-04,6.332435E-04,-6.66667E-04
3.555778,1.602182E-04,4.653949E-04,-.002
3.556778,2.670307E-04,-1.06812E-04,6.66667E-04
3.557779,1.602182E-04,-1.75477E-04,-2.33333E-03
3.558779,7.629453E-06,1.220712E-04,.001
3.55978,-2.28883E-05,7.629453E-06,-.002
3.560781,-3.051781E-05,-2.28883E-05,6.66667E-04
3.561781,-3.738422E-04,-2.28883E-05,-.002
3.562781,-4.577655E-04,-1.525891E-05,-6.66667E-04
3.563782,-1.75477E-04,-4.043598E-04,6.66667E-04
3.564783,1.831064E-04,-3.433246E-04,6.66667E-04
3.565783,-1.297006E-04,-3.051781E-05,.001
3.566783,-2.899189E-04,2.594013E-04,-6.66667E-04
3.567784,-3.051776E-04,2.212534E-04,-.001
3.568784,-1.983652E-04,0,-6.66667E-04
3.569785,6.866502E-05,-2.13624E-04,-6.66667E-04
3.570786,-1.3733E-04,-3.204364E-04,-.002
3.571786,-6.103562E-05,0,-.002
3.572786,-8.392381E-05,-1.602182E-04,-2.33333E-03
3.573787,1.831064E-04,-1.983652E-04,-6.66667E-04
3.574788,4.196186E-04,-1.983652E-04,-6.66667E-04
3.575788,3.814721E-05,8.392381E-05,-.002
3.576788,-2.212534E-04,-2.28883E-05,-.002
3.577789,-2.288828E-04,1.525888E-04,-.001
3.578789,-2.670307E-04,3.662128E-04,6.66667E-04
3.57979,-7.629453E-06,2.822895E-04,-6.66667E-04
3.580791,0,1.983652E-04,-6.66667E-04
3.581791,1.220712E-04,-7.629453E-06,.001
3.582791,-2.13624E-04,-2.28883E-05,.001
3.583792,-1.220712E-04,-3.967304E-04,-.002
3.584793,2.059946E-04,-4.348774E-04,2.33333E-03
3.585793,1.220712E-04,-1.220712E-04,-.001
3.586793,0,7.629453E-06,-6.66667E-04
3.587794,-2.28883E-05,-1.144414E-04,-.001
3.588794,-1.449594E-04,-2.28883E-05,-.001
3.589795,2.746601E-04,7.629453E-06,6.66667E-04
3.590796,3.814716E-04,-2.899189E-04,.001
3.591796,9.918259E-05,-4.57766E-05,6.66667E-04
3.592796,2.13624E-04,-1.678476E-04,-6.66667E-04
3.593797,2.822895E-04,-1.297006E-04,-.001
3.594798,4.730243E-04,0,-.004
3.595798,3.051781E-05,-1.602182E-04,6.66667E-04
3.596798,-3.738422E-04,-2.517719E-04,.001
3.597799,-4.806537E-04,-3.12807E-04,-.002
3.598799,-1.602182E-04,-2.288828E-04,-.001
3.5998,1.297006E-04,-3.738422E-04,.001
3.600801,4.119892E-04,-2.059946E-04,.002
3.601801,5.188026E-04,1.831064E-04,.001
3.602801,2.059946E-04,9.15532E-05,-6.66667E-04
3.603802,1.602182E-04,-1.525891E-05,-.001
3.604803,4.88285E-04,-1.831064E-04,-6.66667E-04
3.605803,3.89101E-04,-1.06812E-04,-.002
3.606803,2.365122E-04,1.525888E-04,6.66667E-04
3.607804,-1.220712E-04,-5.340599E-05,.001
3.608804,-6.561317E-04,-1.602182E-04,6.66667E-04
3.609805,-7.553138E-04,-1.602182E-04,6.66667E-04
3.610806,-6.256141E-04,1.75477E-04,.001
3.611806,-5.798377E-04,-1.3733E-04,-.002
3.612806,-4.88285E-04,2.28883E-05,.001
3.613807,-2.822895E-04,1.831064E-04,-6.66667E-04
3.614808,-3.814721E-05,3.814721E-05,-6.66667E-04
3.615808,9.918259E-05,-2.517719E-04,-.001
3.616808,2.899189E-04,-1.983652E-04,-.002
3.617809,4.119892E-04,0,.001
3.618809,2.517719E-04,1.297006E-04,-.002
3.61981,3.280658E-04,1.06812E-04,-3.66667E-03
3.620811,9.918259E-05,7.629441E-05,.002
3.621811,3.662128E-04,1.297006E-04,-6.66667E-04
3.622811,8.087195E-04,4.57766E-05,-.001
3.623812,9.384193E-04,-2.13624E-04,-.002
3.624813,6.179847E-04,-2.594013E-04,-.001
3.625813,3.967304E-04,9.15532E-05,.001
3.626813,-2.28883E-05,9.918259E-05,6.66667E-04
3.627814,-2.212534E-04,1.602182E-04,-.001
3.628814,4.57766E-05,5.340599E-05,-2.33333E-03
3.629815,1.06812E-04,-1.75477E-04,-.002
3.630816,2.28883E-05,-1.06812E-04,-6.66667E-04
3.631816,2.594013E-04,-2.670307E-04,-.002
3.632816,3.12807E-04,-2.670307E-04,-.002
3.633817,-5.340599E-05,-5.340599E-05,-.002
3.634818,-1.983652E-04,-2.28883E-05,-6.66667E-04
3.635818,-2.212534E-04,-2.212534E-04,-.002
3.636818,-1.983652E-04,-1.06812E-04,-6.66667E-04
3.637819,-1.144414E-04,-1.449594E-04,-.001
3.638819,-9.918259E-05,-1.06812E-04,-6.66667E-04
3.63982,2.441425E-04,-3.967304E-04,-.002
3.640821,4.27248E-04,-2.059946E-04,-.002
3.641821,1.831064E-04,-8.392381E-05,-6.66667E-04
3.642821,1.525888E-04,-3.738422E-04,.001
3.643822,6.866502E-05,-2.365122E-04,-6.66667E-04
3.644823,-1.75477E-04,-2.059946E-04,-.001
3.645823,-2.746601E-04,-8.392381E-05,.001
3.646823,-4.88285E-04,2.059946E-04,-6.66667E-04
3.647824,-2.13624E-04,1.678476E-04,-.001
3.648824,8.392381E-05,8.392381E-05,6.66667E-04
3.649825,9.918259E-05,-1.75477E-04,-6.66667E-04
3.650826,1.144414E-04,-3.051776E-04,.001
3.651826,-2.670307E-04,-1.06812E-04,-6.66667E-04
3.652826,-6.485023E-04,1.449594E-04,-.002
3.653827,-6.256141E-04,-3.814721E-05,.001
3.654828,-3.204364E-04,7.629453E-06,-6.66667E-04
3.655828,-1.907358E-04,-3.50954E-04,6.66667E-04
3.656828,-3.051781E-05,-2.212534E-04,-.001
3.657829,-1.602182E-04,-1.525891E-05,-.001
3.658829,-4.348774E-04,-1.144414E-04,-.002
3.65983,-4.501361E-04,-2.059946E-04,-.001
3.66083,-4.119892E-04,-2.594013E-04,.001
3.661831,-3.433246E-04,-2.288828E-04,-.001
3.662831,-3.204364E-04,-3.433246E-04,-.001
3.663832,-5.111732E-04,-3.204364E-04,-.001
3.664833,-1.144414E-04,-2.13624E-04,6.66667E-04
3.665833,1.3733E-04,-2.517719E-04,-6.66667E-04
3.666833,-1.983652E-04,-6.866502E-05,-.001
3.667834,-2.13624E-04,4.57766E-05,-.001
3.668834,-3.204364E-04,2.288828E-04,-.002
3.669835,-1.602182E-04,3.051776E-04,-6.66667E-04
3.670835,0,3.12807E-04,-.001
3.671836,1.3733E-04,2.517719E-04,.002
3.672836,1.297006E-04,6.332435E-04,-.001
3.673837,1.75477E-04,6.027259E-04,-.002
3.674838,1.144414E-04,2.288828E-04,.001
3.675838,3.662128E-04,-3.051781E-05,6.66667E-04
3.676838,9.15532E-05,6.866502E-05,-6.66667E-04
3.677839,-1.3733E-04,4.57766E-05,-6.66667E-04
3.678839,-1.06812E-04,3.204364E-04,.001
3.67984,4.57766E-05,4.501361E-04,-6.66667E-04
3.68084,-1.678476E-04,9.918259E-05,6.66667E-04
3.681841,-1.525891E-05,-8.392381E-05,.001
3.682841,3.814721E-05,-1.06812E-04,-6.66667E-04
3.683842,-5.340599E-05,1.831064E-04,6.66667E-04
3.684843,4.57766E-05,3.89101E-04,-.001
3.685843,1.602182E-04,2.746601E-04,6.66667E-04
3.686843,3.204364E-04,3.356952E-04,6.66667E-04
3.687844,3.814716E-04,2.975482E-04,-6.66667E-04
3.688844,2.594013E-04,2.212534E-04,-6.66667E-04
3.689845,7.629453E-06,-1.297006E-04,-.002
3.690845,-7.629441E-05,-1.144414E-04,-.002
3.691846,-2.822895E-04,3.051781E-05,-6.66667E-04
3.692847,-3.50954E-04,-3.738422E-04,6.66667E-04
3.693847,-2.670307E-04,-5.569495E-04,-.001
3.694848,9.918259E-05,-4.425067E-04,.001
3.695848,4.27248E-04,-5.264319E-04,-6.66667E-04
3.696848,5.264319E-04,-7.629453E-06,6.66667E-04
3.697849,4.577655E-04,6.866502E-05,6.66667E-04
3.698849,4.88285E-04,6.866502E-05,-.002
3.69985,2.594013E-04,7.629441E-05,-6.66667E-04
3.70085,-7.629453E-06,-7.629453E-06,6.66667E-04
3.701851,-5.111732E-04,2.059946E-04,-.001
3.702852,-6.256141E-04,3.356952E-04,6.66667E-04
3.703852,-1.602182E-04,2.746601E-04,-6.66667E-04
3.704853,1.525888E-04,2.288828E-04,.001
3.705853,1.449594E-04,2.517719E-04,6.66667E-04
3.706853,6.103562E-05,1.06812E-04,-.002
3.707854,1.831064E-04,0,.001
3.708854,9.15532E-05,2.28883E-05,-.002
3.709855,-1.983652E-04,-1.220712E-04,6.66667E-04
3.710855,-1.06812E-04,-2.13624E-04,-2.33333E-03
3.711856,-3.204364E-04,1.144414E-04,6.66667E-04
3.712857,9.918259E-05,1.907358E-04,-.001
3.713857,2.059946E-04,3.662128E-04,.002
3.714858,9.15532E-05,3.433246E-04,.001
3.715858,-2.288828E-04,2.059946E-04,6.66667E-04
3.716858,-4.806537E-04,3.051776E-04,-6.66667E-04
3.717859,-4.501361E-04,2.441425E-04,6.66667E-04
3.718859,-3.433246E-04,2.822895E-04,2.33333E-03
3.71986,-3.204364E-04,2.594013E-04,2.33333E-03
3.72086,-3.280658E-04,5.111732E-04,6.66667E-04
3.721861,-7.629441E-05,2.212534E-04,-.001
3.722862,2.059946E-04,1.449594E-04,.001
3.723862,2.594013E-04,1.449594E-04,-6.66667E-04
3.724863,1.983652E-04,1.525888E-04,-.002
3.725863,1.525888E-04,2.822895E-04,-.001
3.726863,6.866502E-05,-7.629453E-06,-.002
3.727864,-2.975482E-04,-1.06812E-04,-2.33333E-03
3.728864,-1.06812E-04,-2.899189E-04,6.66667E-04
3.729865,8.392381E-05,-3.585834E-04,.001
3.730865,-1.678476E-04,-1.75477E-04,-6.66667E-04
3.731866,-5.340599E-05,3.814721E-05,-6.66667E-04
3.732867,1.678476E-04,-2.517719E-04,.002
3.733867,-1.06812E-04,-2.212534E-04,-6.66667E-04
3.734868,-1.3733E-04,-2.212534E-04,-6.66667E-04
3.735868,-2.365122E-04,2.594013E-04,-6.66667E-04
3.736868,-6.103562E-05,5.950965E-04,-6.66667E-04
3.737869,-1.678476E-04,5.416907E-04,-6.66667E-04
3.73887,-1.983652E-04,4.043598E-04,-2.33333E-03
3.73987,-2.212534E-04,7.629453E-06,.002
3.74087,2.441425E-04,3.814721E-05,.001
3.741871,1.220712E-04,-1.525891E-05,-.001
3.742872,-6.103562E-05,-2.746601E-04,.002
3.743872,0,-1.3733E-04,-6.66667E-04
3.744873,1.525891E-05,-5.340599E-05,-.002
3.745873,4.959144E-04,-2.594013E-04,-2.33333E-03
3.746873,6.179847E-04,-2.13624E-04,-.001
3.747874,5.569495E-04,2.13624E-04,-3.66667E-03
3.748875,-2.28883E-05,6.866502E-05,-.001
3.749875,-2.059946E-04,3.204364E-04,6.66667E-04
3.750875,-2.822895E-04,4.959144E-04,-2.33333E-03
3.751876,-5.340599E-05,4.043598E-04,-6.66667E-04
3.752877,-1.449594E-04,1.75477E-04,-6.66667E-04
3.753877,-5.035438E-04,1.297006E-04,-.001
3.754878,-4.806537E-04,-1.831064E-04,-.001
3.755878,-3.585834E-04,5.340599E-05,-.002
3.756878,-2.441425E-04,2.822895E-04,6.66667E-04
3.757879,-6.866492E-04,4.88285E-04,6.66667E-04
3.75888,-8.621253E-04,4.348774E-04,.001
3.75988,-5.645789E-04,1.525888E-04,-6.66667E-04
3.76088,-4.88285E-04,1.06812E-04,6.66667E-04
3.761881,-7.629441E-05,4.196186E-04,-.002
3.762882,-1.3733E-04,3.356952E-04,-3.66667E-03
3.763882,3.12807E-04,1.525891E-05,-.001
3.764883,6.027259E-04,4.730243E-04,6.66667E-04
3.765883,5.798377E-04,5.798377E-04,.001
3.766883,4.57766E-05,6.256141E-04,-.001
3.767884,-1.3733E-04,5.111732E-04,-.001
3.768885,-2.594013E-04,9.918259E-05,-6.66667E-04
3.769885,-6.179847E-04,2.288828E-04,.001
3.770885,-4.043598E-04,3.585834E-04,-6.66667E-04
3.771886,-8.392381E-05,2.212534E-04,-.002
3.772887,2.13624E-04,-1.220712E-04,-.002
3.773887,6.103562E-05,-1.449594E-04,-2.33333E-03
3.774888,3.738422E-04,-3.051776E-04,-.001
3.775888,5.798377E-04,6.103562E-05,-2.33333E-03
3.776888,5.645789E-04,9.918259E-05,-.001
3.777889,2.365122E-04,1.3733E-04,6.66667E-04
3.77889,-1.06812E-04,-4.57766E-05,-6.66667E-04
3.77989,-7.629441E-05,-3.814721E-05,-.001
3.78089,-7.629453E-06,-1.831064E-04,-6.66667E-04
3.781891,2.746601E-04,-1.144414E-04,-2.33333E-03
3.782892,3.585834E-04,-1.3733E-04,-.002
3.783892,2.594013E-04,-5.340599E-05,6.66667E-04
3.784893,-2.288828E-04,-3.051781E-05,-.001
3.785893,-1.449594E-04,-4.27248E-04,-.001
3.786893,-2.365122E-04,-2.594013E-04,-6.66667E-04
3.787894,-6.63761E-04,-1.907358E-04,.001
3.788895,-6.63761E-04,-3.12807E-04,-.002
3.789895,-5.493201E-04,-1.602182E-04,-6.66667E-04
3.790895,-1.220712E-04,-6.103562E-05,-.002
3.791896,2.28883E-05,-3.814721E-05,.002
3.792897,1.220712E-04,-1.75477E-04,-.001
3.793897,2.059946E-04,-1.144414E-04,-6.66667E-04
3.794898,2.059946E-04,-2.13624E-04,.001
3.795898,3.814716E-04,6.103562E-05,-6.66667E-04
3.796898,4.348774E-04,1.983652E-04,-6.66667E-04
3.797899,2.517719E-04,-9.15532E-05,-.002
3.7989,-5.340599E-05,-4.88285E-04,-.002
3.7999,8.392381E-05,-2.670307E-04,-3.66667E-03
3.8009,0,-1.3733E-04,-6.66667E-04
3.801901,-9.15532E-05,9.918259E-05,-6.66667E-04
3.802902,-2.517719E-04,9.918259E-05,-.001
3.803902,-5.340599E-05,1.525888E-04,6.66667E-04
3.804903,6.103562E-05,6.103562E-05,-.001
3.805903,6.103562E-05,1.525888E-04,6.66667E-04
3.806903,0,1.75477E-04,-6.66667E-04
3.807904,-8.392381E-05,3.12807E-04,-.001
3.808905,5.340599E-05,3.814721E-05,-.002
3.809905,4.730243E-04,-3.89101E-04,6.66667E-04
3.810905,3.814716E-04,-3.967304E-04,.002
3.811906,2.059946E-04,-6.866492E-04,-6.66667E-04
3.812907,2.441425E-04,-7.171668E-04,-6.66667E-04
3.813907,1.983652E-04,-4.806537E-04,.001
3.814908,1.983652E-04,-1.220712E-04,.001
3.815908,-5.340599E-05,2.746601E-04,-.001
3.816908,-1.525888E-04,6.866502E-05,-.002
3.817909,-1.75477E-04,-4.57766E-05,-.002
3.81891,0,1.831064E-04,-.001
3.81991,-4.57766E-05,6.866492E-04,-6.66667E-04
3.82091,-6.103562E-05,4.425067E-04,6.66667E-04
3.821911,-9.15532E-05,3.433246E-04,6.66667E-04
3.822912,-1.220712E-04,1.831064E-04,-6.66667E-04
3.823912,-3.051776E-04,8.392381E-05,-6.66667E-04
3.824913,2.517719E-04,5.340599E-05,.001
3.825913,5.340613E-04,-3.051776E-04,6.66667E-04
3.826913,6.332435E-04,-5.340613E-04,-.001
3.827914,6.713904E-04,-1.678476E-04,-6.66667E-04
3.828915,2.670307E-04,9.15532E-05,.001
3.829915,4.119892E-04,6.866492E-04,-3.66667E-03
3.830915,3.585834E-04,6.942786E-04,-6.66667E-04
3.831916,3.433246E-04,4.043598E-04,-6.66667E-04
3.832916,1.602182E-04,1.907358E-04,-.001
3.833917,3.814721E-05,-2.28883E-05,-.001
3.834918,1.06812E-04,-3.89101E-04,.001
3.835918,1.831064E-04,-5.416907E-04,-.002
3.836918,-5.340599E-05,-2.13624E-04,-.001
3.837919,-6.866502E-05,-9.15532E-05,.001
3.83892,-9.918259E-05,-5.035438E-04,-.002
3.83992,1.3733E-04,-7.171668E-04,.002
3.84092,6.103562E-05,-2.594013E-04,-.002
3.841921,-3.585834E-04,1.831064E-04,-.002
3.842921,-1.907358E-04,4.425067E-04,-6.66667E-04
3.843922,-2.670307E-04,1.75477E-04,-.001
3.844923,-2.975482E-04,-3.433246E-04,-3.66667E-03
3.845923,-2.059946E-04,-3.12807E-04,-6.66667E-04
3.846923,-3.280658E-04,1.3733E-04,6.66667E-04
3.847924,-2.822895E-04,1.3733E-04,.001
3.848925,-5.188026E-04,1.525891E-05,-.001
3.849925,-5.798377E-04,-1.525888E-04,-6.66667E-04
3.850925,-6.027259E-04,-1.06812E-04,-.001
3.851926,-5.798377E-04,-3.12807E-04,.002
3.852926,-1.678476E-04,-1.678476E-04,-6.66667E-04
3.853927,7.629453E-06,-4.959144E-04,-6.66667E-04
3.854928,-1.75477E-04,-5.340613E-04,-6.66667E-04
3.855928,-3.12807E-04,-4.043598E-04,.001
3.856929,-3.662128E-04,-4.730243E-04,-.002
3.857929,-1.678476E-04,-6.63761E-04,-.001
3.85893,-5.340599E-05,-7.629432E-04,-6.66667E-04
3.85993,5.340599E-05,-4.959144E-04,-.001
3.86093,2.28883E-05,-2.975482E-04,-6.66667E-04
3.861931,-2.288828E-04,-2.670307E-04,6.66667E-04
3.862931,-1.297006E-04,4.57766E-05,-.001
3.863932,-1.144414E-04,-2.28883E-05,-.001
3.864933,-1.602182E-04,2.899189E-04,-.001
3.865933,9.918259E-05,1.449594E-04,.001
3.866934,-6.866502E-05,1.144414E-04,.002
3.867934,-1.297006E-04,1.3733E-04,-.001
3.868935,0,1.3733E-04,-6.66667E-04
3.869935,-1.525888E-04,-2.365122E-04,-.001
3.870935,1.297006E-04,-5.416907E-04,6.66667E-04
3.871936,2.517719E-04,-3.204364E-04,-.002
3.872936,2.059946E-04,-2.746601E-04,3.66667E-03
3.873937,-3.051781E-05,-2.975482E-04,-.001
3.874938,1.06812E-04,-2.899189E-04,.001
3.875938,6.866502E-05,-3.662128E-04,2.33333E-03
3.876939,4.57766E-05,-3.50954E-04,-.002
3.877939,-1.297006E-04,-4.425067E-04,-6.66667E-04
3.87894,-1.907358E-04,-1.602182E-04,6.66667E-04
3.87994,-1.907358E-04,3.12807E-04,-.001
3.88094,-3.356952E-04,9.918259E-05,2.33333E-03
3.881941,-1.602182E-04,0,-.001
3.882941,9.918259E-05,-3.814721E-05,-.001
3.883942,3.433246E-04,2.899189E-04,6.66667E-04
3.884943,1.907358E-04,3.12807E-04,6.66667E-04
3.885943,-9.15532E-05,2.822895E-04,.001
3.886944,-5.416907E-04,3.051781E-05,-.001
3.887944,-6.103553E-04,2.746601E-04,.001
3.888945,-4.577655E-04,5.416907E-04,-6.66667E-04
3.889945,-4.119892E-04,3.585834E-04,.001
3.890945,-5.950965E-04,3.662128E-04,-6.66667E-04
3.891946,-3.814716E-04,3.662128E-04,6.66667E-04
3.892946,-2.670307E-04,3.433246E-04,-6.66667E-04
3.893947,1.3733E-04,1.06812E-04,-.001
3.894948,4.959144E-04,-2.13624E-04,-2.33333E-03
3.895948,3.356952E-04,-2.822895E-04,-.001
3.896949,-5.340599E-05,-5.340599E-05,-.001
3.897949,-3.50954E-04,-1.678476E-04,-.002
3.89895,-9.079017E-04,-2.28883E-05,-6.66667E-04
3.89995,-5.722083E-04,3.967304E-04,-.002
3.90095,-4.043598E-04,6.485023E-04,-6.66667E-04
3.901951,4.57766E-05,6.408729E-04,6.66667E-04
3.902952,7.629441E-05,8.392381E-05,-6.66667E-04
3.903952,9.918259E-05,-4.196186E-04,-6.66667E-04
3.904953,-5.340599E-05,-3.204364E-04,-2.33333E-03
3.905953,-8.392381E-05,-2.059946E-04,-6.66667E-04
3.906954,2.28883E-05,-5.722083E-04,-.002
3.907954,8.392381E-05,-6.408729E-04,-.002
3.908955,2.441425E-04,-5.188026E-04,.001
3.909955,9.918259E-05,-3.814716E-04,-5.33333E-03
3.910955,9.918259E-05,3.814721E-05,2.33333E-03
3.911956,-1.525888E-04,1.907358E-04,-.004
3.912957,-7.705726E-04,-3.814721E-05,6.66667E-04
3.913957,-5.874671E-04,1.297006E-04,-.001
3.914958,-3.89101E-04,3.051781E-05,-.001
3.915958,-5.340599E-05,-3.051776E-04,-.002
3.916959,9.918259E-05,-2.594013E-04,-.001
3.917959,3.814721E-05,-1.678476E-04,.001
3.91896,1.449594E-04,-2.441425E-04,.001
3.91996,5.264319E-04,-1.297006E-04,-.001
3.92096,9.918259E-05,-1.525891E-05,-6.66667E-04
3.921961,-1.220712E-04,7.629441E-05,.001
3.922962,-3.051781E-05,7.629441E-05,-.002
3.923962,1.678476E-04,2.822895E-04,.001
3.924963,1.220712E-04,1.525888E-04,.001
3.925963,1.983652E-04,-8.392381E-05,-6.66667E-04
3.926964,2.975482E-04,-1.75477E-04,-.001
3.927964,3.50954E-04,-2.975482E-04,-.001
3.928965,2.899189E-04,-1.678476E-04,-.002
3.929965,3.50954E-04,-6.103562E-05,6.66667E-04
3.930965,-3.051781E-05,1.75477E-04,.001
3.931966,-9.15532E-05,2.899189E-04,-.002
3.932967,-4.57766E-05,4.043598E-04,.001
3.933967,9.918259E-05,4.27248E-04,6.66667E-04
3.934968,3.051781E-05,2.365122E-04,6.66667E-04
3.935968,3.051781E-05,-4.57766E-05,-6.66667E-04
3.936969,2.365122E-04,5.340599E-05,-2.33333E-03
3.937969,6.561317E-04,-2.365122E-04,-.001
3.93897,4.88285E-04,2.13624E-04,6.66667E-04
3.93997,1.75477E-04,3.662128E-04,-.001
3.94097,3.814721E-05,-3.051781E-05,6.66667E-04
3.941971,9.15532E-05,-4.27248E-04,-.001
3.942972,1.449594E-04,-5.874671E-04,6.66667E-04
3.943972,-2.28883E-05,-6.790198E-04,-.001
3.944973,-2.899189E-04,-4.806537E-04,.001
3.945973,-4.425067E-04,-2.899189E-04,-6.66667E-04
3.946974,-5.950965E-04,-1.602182E-04,-.002
3.947974,-5.111732E-04,2.059946E-04,6.66667E-04
3.948975,-3.204364E-04,2.059946E-04,-2.33333E-03
3.949975,2.059946E-04,-2.28883E-05,-3.66667E-03
3.950975,2.517719E-04,-6.866502E-05,-.001
3.951976,3.585834E-04,-3.204364E-04,-.001
3.952977,3.433246E-04,-3.051776E-04,.002
3.953977,3.051776E-04,-9.918259E-05,-.001
3.954978,1.983652E-04,-3.50954E-04,-6.66667E-04
3.955978,-2.212534E-04,-2.746601E-04,-.002
3.956979,-1.602182E-04,-2.517719E-04,.002
3.957979,1.297006E-04,-3.738422E-04,-.002
3.95898,9.918259E-05,-3.356952E-04,6.66667E-04
3.95998,4.57766E-05,-1.06812E-04,-2.33333E-03
3.96098,-1.983652E-04,2.441425E-04,-.002
3.961981,-2.594013E-04,-3.051781E-05,-.001
3.962982,-2.059946E-04,1.75477E-04,-.001
3.963982,-1.678476E-04,2.28883E-05,6.66667E-04
3.964983,1.525888E-04,-2.13624E-04,6.66667E-04
3.965983,-5.340599E-05,-1.144414E-04,-6.66667E-04
3.966984,-3.814716E-04,-1.525888E-04,-.001
3.967984,-1.449594E-04,-2.13624E-04,.002
3.968985,6.866502E-05,-3.051781E-05,-6.66667E-04
3.969985,4.730243E-04,-2.28883E-05,-6.66667E-04
3.970985,3.662128E-04,-4.27248E-04,.001
3.971986,2.517719E-04,-3.50954E-04,-.002
3.972987,-2.822895E-04,-1.220712E-04,6.66667E-04
3.973987,-5.035438E-04,8.392381E-05,-6.66667E-04
3.974988,-4.88285E-04,-7.629441E-05,6.66667E-04
3.975988,-6.866492E-04,-1.831064E-04,-6.66667E-04
3.976989,-7.934608E-04,-9.15532E-05,-.002
3.977989,-1.022346E-03,-2.28883E-05,-.002
3.97899,-8.316077E-04,-3.204364E-04,-.002
3.97999,-8.239783E-04,3.051781E-05,-.001
3.98099,-5.340613E-04,1.75477E-04,-6.66667E-04
3.981991,-4.348774E-04,-5.340599E-05,-2.33333E-03
3.982992,-6.713904E-04,1.525891E-05,-3.66667E-03
3.983992,-6.63761E-04,1.602182E-04,-.001
3.984993,-5.340613E-04,1.525888E-04,.001
3.985993,-4.959144E-04,1.602182E-04,-.001
3.986994,-4.425067E-04,2.975482E-04,-6.66667E-04
3.987994,-4.653949E-04,3.814721E-05,-3.66667E-03
3.988995,-5.340613E-04,2.594013E-04,-6.66667E-04
3.989995,-2.13624E-04,2.975482E-04,-6.66667E-04
3.990995,-7.629453E-06,7.629441E-05,6.66667E-04
3.991996,1.525888E-04,-4.57766E-05,.001
3.992997,4.57766E-05,-2.517719E-04,.001
3.993997,-3.585834E-04,-3.12807E-04,-6.66667E-04
3.994998,-2.288828E-04,-2.212534E-04,.001
3.995998,-7.629453E-06,-2.212534E-04,-6.66667E-04
3.996999,5.798377E-04,6.103562E-05,-6.66667E-04
3.997999,3.204364E-04,3.738422E-04,-.001
3.999,9.918259E-05,1.831064E-04,-.002
4,-1.75477E-04,9.15532E-05,6.66667E-04
