"c:\users\esrlabn1\desktop\bence\ir_spectroscopy\532nm_odmr\magnet_map_2_680nm\472.dat  ---  04-28-2026 08:27:13"
""
"cavityli 20 2 4 2000 1 0 0"
"                             ;                             ;seth_xesr_precise 272.45 1 0 2.1183953033268104"
"setlockin 188.67 0.004 0 0.03 0.2"
4,2000
2,-5.340599E-05,-1.449594E-04,-.002
2.001,6.103562E-05,-3.814721E-05,.002
2.002001,3.051776E-04,4.57766E-05,-.002
2.003001,2.594013E-04,3.051776E-04,.002
2.004002,3.12807E-04,3.662128E-04,-6.66667E-04
2.005002,5.188026E-04,4.57766E-05,-3.66667E-03
2.006003,1.907358E-04,-2.13624E-04,-6.66667E-04
2.007004,1.602182E-04,-1.907358E-04,-2.33333E-03
2.008004,3.12807E-04,-3.814721E-05,-6.66667E-04
2.009005,-2.059946E-04,-1.602182E-04,-.001
2.010005,-2.899189E-04,-2.13624E-04,-.001
2.011005,-6.561317E-04,7.629453E-06,-.001
2.012006,-5.493201E-04,2.28883E-05,.001
2.013006,5.340599E-05,1.297006E-04,-6.66667E-04
2.014007,-6.103562E-05,-5.340599E-05,-6.66667E-04
2.015007,-2.059946E-04,3.051781E-05,-.001
2.016008,-3.967304E-04,1.831064E-04,-.001
2.017009,-3.12807E-04,-9.918259E-05,6.66667E-04
2.018009,-4.577655E-04,-2.746601E-04,-.001
2.01901,-2.517719E-04,-1.220712E-04,-.001
2.02001,-1.220712E-04,-1.144414E-04,-.001
2.02101,-2.594013E-04,0,-6.66667E-04
2.022011,-7.629441E-05,3.814721E-05,.002
2.023011,3.12807E-04,1.3733E-04,.001
2.024012,4.501361E-04,-3.051781E-05,-6.66667E-04
2.025012,3.89101E-04,3.051781E-05,-.001
2.026013,-2.288828E-04,-5.340599E-05,-6.66667E-04
2.027014,-7.40055E-04,-2.670307E-04,.001
2.028014,-8.239783E-04,-1.75477E-04,-.002
2.029015,-4.806537E-04,-3.50954E-04,6.66667E-04
2.030015,-1.3733E-04,-2.288828E-04,-.002
2.031015,-2.212534E-04,-2.822895E-04,-.002
2.032016,-5.874671E-04,-2.746601E-04,-.001
2.033016,-3.662128E-04,-7.629453E-06,.001
2.034017,6.103562E-05,-4.959144E-04,-.002
2.035017,-4.57766E-05,-4.577655E-04,-6.66667E-04
2.036018,-3.204364E-04,-1.983652E-04,-6.66667E-04
2.037019,-9.15532E-05,2.670307E-04,-.001
2.038019,1.602182E-04,2.670307E-04,6.66667E-04
2.03902,2.13624E-04,1.3733E-04,-6.66667E-04
2.04002,3.12807E-04,-1.678476E-04,-.001
2.04102,-1.602182E-04,-4.27248E-04,-.001
2.042021,-5.798377E-04,-5.416907E-04,6.66667E-04
2.043021,-5.188026E-04,-2.059946E-04,-.002
2.044022,-2.975482E-04,9.15532E-05,6.66667E-04
2.045022,-2.13624E-04,0,-6.66667E-04
2.046023,-4.577655E-04,9.15532E-05,.001
2.047024,-3.12807E-04,-5.340599E-05,-.001
2.048024,-4.043598E-04,9.15532E-05,-6.66667E-04
2.049025,-1.06812E-04,-1.06812E-04,.001
2.050025,5.340599E-05,-2.441425E-04,-2.33333E-03
2.051026,2.288828E-04,-2.746601E-04,-6.66667E-04
2.052026,7.629441E-05,-2.441425E-04,-.001
2.053026,1.449594E-04,3.051781E-05,.001
2.054027,3.662128E-04,-1.525888E-04,-6.66667E-04
2.055027,2.517719E-04,-1.06812E-04,-2.33333E-03
2.056028,-5.340599E-05,-3.051781E-05,-.001
2.057029,-3.585834E-04,1.144414E-04,.002
2.058029,-6.256141E-04,3.738422E-04,6.66667E-04
2.05903,-6.63761E-04,0,-.001
2.06003,-5.416907E-04,3.738422E-04,-.001
2.061031,-6.866502E-05,4.196186E-04,.001
2.062031,1.06812E-04,2.517719E-04,-.002
2.063031,-1.449594E-04,1.678476E-04,-.002
2.064032,-9.15532E-05,7.629441E-05,-.002
2.065032,-2.212534E-04,4.57766E-05,-.001
2.066033,-2.822895E-04,7.629453E-06,2.33333E-03
2.067034,-1.525888E-04,6.103562E-05,-3.66667E-03
2.068034,2.899189E-04,-2.365122E-04,-6.66667E-04
2.069035,6.103553E-04,-1.831064E-04,.001
2.070035,8.163489E-04,-3.814721E-05,6.66667E-04
2.071036,9.613074E-04,1.525888E-04,-.001
2.072036,2.059946E-04,2.288828E-04,-6.66667E-04
2.073036,-2.441425E-04,2.517719E-04,-6.66667E-04
2.074037,-2.517719E-04,4.119892E-04,-.001
2.075037,1.06812E-04,4.730243E-04,-.001
2.076038,-1.602182E-04,3.585834E-04,6.66667E-04
2.077039,-3.89101E-04,1.907358E-04,-.002
2.078039,-5.493201E-04,-5.340599E-05,-6.66667E-04
2.07904,-5.874671E-04,0,-6.66667E-04
2.08004,-3.738422E-04,-1.06812E-04,-.002
2.081041,-7.171668E-04,1.06812E-04,-.001
2.082041,-5.645789E-04,6.103562E-05,6.66667E-04
2.083041,-4.27248E-04,-4.196186E-04,-.002
2.084042,-1.144414E-04,-4.88285E-04,.002
2.085042,-2.28883E-05,-3.204364E-04,-6.66667E-04
2.086043,-2.746601E-04,-1.602182E-04,.001
2.087044,-4.425067E-04,-2.670307E-04,-6.66667E-04
2.088044,-4.27248E-04,-3.738422E-04,6.66667E-04
2.089045,-3.433246E-04,-5.874671E-04,-6.66667E-04
2.090045,-2.13624E-04,-4.119892E-04,.001
2.091046,6.103562E-05,-4.425067E-04,-.001
2.092046,9.918259E-05,-3.662128E-04,-.002
2.093046,-1.678476E-04,-4.501361E-04,-6.66667E-04
2.094047,-3.051776E-04,-3.738422E-04,6.66667E-04
2.095047,-3.50954E-04,-5.340599E-05,-2.33333E-03
2.096048,-1.983652E-04,3.50954E-04,6.66667E-04
2.097049,-2.899189E-04,4.119892E-04,6.66667E-04
2.098049,-2.899189E-04,-2.28883E-05,-.001
2.09905,-1.525888E-04,1.602182E-04,-6.66667E-04
2.10005,-1.831064E-04,2.594013E-04,6.66667E-04
2.101051,-3.051776E-04,3.12807E-04,2.33333E-03
2.102051,-3.89101E-04,3.12807E-04,-3.66667E-03
2.103051,-3.738422E-04,2.975482E-04,-3.66667E-03
2.104052,-5.111732E-04,3.280658E-04,-.001
2.105052,-4.806537E-04,-2.28883E-05,-6.66667E-04
2.106053,-6.103562E-05,-5.264319E-04,-.001
2.107054,-7.629453E-06,-2.975482E-04,-2.33333E-03
2.108054,-3.204364E-04,-2.975482E-04,-.001
2.109055,-2.365122E-04,-4.27248E-04,-2.33333E-03
2.110055,-3.50954E-04,-2.670307E-04,-6.66667E-04
2.111056,-5.340613E-04,6.866502E-05,6.66667E-04
2.112056,-5.874671E-04,2.899189E-04,.001
2.113056,-5.188026E-04,3.280658E-04,-.002
2.114057,-3.433246E-04,1.06812E-04,-.002
2.115057,-2.441425E-04,-7.629453E-06,.001
2.116058,-1.678476E-04,-2.13624E-04,.001
2.117059,-2.594013E-04,-2.670307E-04,-6.66667E-04
2.118059,-2.822895E-04,-3.738422E-04,-.002
2.11906,-4.806537E-04,-2.441425E-04,-.001
2.12006,-2.670307E-04,-3.051776E-04,.001
2.121061,9.15532E-05,-1.525888E-04,-6.66667E-04
2.122061,-8.392381E-05,3.051781E-05,6.66667E-04
2.123062,4.57766E-05,9.918259E-05,2.33333E-03
2.124062,1.220712E-04,-2.13624E-04,-.001
2.125062,4.348774E-04,-1.525891E-05,-2.33333E-03
2.126063,3.738422E-04,-5.340599E-05,-6.66667E-04
2.127064,2.28883E-05,2.28883E-05,-6.66667E-04
2.128064,8.392381E-05,-2.822895E-04,-6.66667E-04
2.129065,-3.433246E-04,-3.204364E-04,-.001
2.130065,-2.13624E-04,-2.594013E-04,-2.33333E-03
2.131066,-3.433246E-04,-4.043598E-04,-.001
2.132066,-5.874671E-04,-2.594013E-04,-2.33333E-03
2.133067,-8.621253E-04,8.392381E-05,.002
2.134067,-3.967304E-04,-7.629453E-06,.001
2.135067,-2.670307E-04,-1.06812E-04,-6.66667E-04
2.136068,-4.653949E-04,-1.144414E-04,3.66667E-03
2.137069,-4.119892E-04,-6.103562E-05,-6.66667E-04
2.138069,-2.594013E-04,2.594013E-04,-.001
2.13907,-7.40055E-04,3.280658E-04,6.66667E-04
2.14007,-7.247962E-04,1.831064E-04,-6.66667E-04
2.141071,-7.40055E-04,2.517719E-04,-.001
2.142071,-5.188026E-04,3.051776E-04,-.001
2.143072,-2.670307E-04,2.059946E-04,6.66667E-04
2.144072,-3.051781E-05,-2.441425E-04,6.66667E-04
2.145072,9.918259E-05,-3.738422E-04,-.001
2.146073,-3.051781E-05,-1.75477E-04,-.002
2.147074,0,9.918259E-05,-.001
2.148074,-2.28883E-05,1.297006E-04,-.001
2.149075,1.525888E-04,3.051781E-05,-6.66667E-04
2.150075,-1.983652E-04,6.866502E-05,.001
2.151076,-2.059946E-04,-3.051776E-04,-6.66667E-04
2.152076,-3.814716E-04,-2.13624E-04,-.004
2.153077,-5.264319E-04,1.3733E-04,6.66667E-04
2.154077,-1.602182E-04,0,-.001
2.155077,1.297006E-04,7.629441E-05,.001
2.156078,3.814721E-05,2.059946E-04,-.004
2.157079,-9.918259E-05,3.433246E-04,-.002
2.158079,-3.356952E-04,4.348774E-04,6.66667E-04
2.15908,-7.629432E-04,3.50954E-04,-6.66667E-04
2.16008,-7.247962E-04,5.111732E-04,6.66667E-04
2.161081,-3.051776E-04,5.874671E-04,-.001
2.162081,-1.678476E-04,2.517719E-04,-.001
2.163082,-3.50954E-04,4.57766E-05,6.66667E-04
2.164082,-4.27248E-04,-5.340599E-05,-6.66667E-04
2.165082,-6.866492E-04,-5.340599E-05,-6.66667E-04
2.166083,-6.63761E-04,1.449594E-04,-3.66667E-03
2.167084,-4.88285E-04,3.204364E-04,6.66667E-04
2.168084,-4.653949E-04,-6.103562E-05,.001
2.169085,-1.373298E-03,-5.340599E-05,-6.66667E-04
2.170085,-1.739509E-03,-1.297006E-04,-.002
2.171086,-2.647415E-03,-1.602182E-04,-6.66667E-04
2.172086,-3.784195E-03,-1.602182E-04,6.66667E-04
2.173087,-4.65396E-03,-2.441425E-04,.002
2.174087,-5.744964E-03,-2.899189E-04,6.66667E-04
2.175087,-8.079588E-03,-6.103562E-05,6.66667E-04
2.176088,-.0107041,-3.50954E-04,-.001
2.177088,-1.329809E-02,-5.340613E-04,-6.66667E-04
2.178089,-.0155564,-7.858314E-04,-6.66667E-04
2.17909,-.017151,-1.434334E-03,-.001
2.18009,-1.774609E-02,-1.411445E-03,-.001
2.181091,-1.744854E-02,-1.304634E-03,-.001
2.182091,-1.631176E-02,-1.251228E-03,-6.66667E-04
2.183092,-1.497656E-02,-1.159675E-03,6.66667E-04
2.184092,-1.313025E-02,-8.697547E-04,6.66667E-04
2.185092,-1.088721E-02,-7.095374E-04,-2.33333E-03
2.186093,-8.369505E-03,-4.501361E-04,-2.33333E-03
2.187093,-6.187469E-03,-2.822895E-04,6.66667E-04
2.188094,-4.447967E-03,2.28883E-05,-3.66667E-03
2.189095,-3.227249E-03,-2.822895E-04,-6.66667E-04
2.190095,-2.357498E-03,7.629453E-06,-2.33333E-03
2.191096,-1.502998E-03,-4.57766E-05,-6.66667E-04
2.192096,-8.163489E-04,9.918259E-05,.001
2.193097,-7.934608E-04,3.585834E-04,-.001
2.194097,-3.738422E-04,4.730243E-04,-.001
2.195097,-3.433246E-04,5.035438E-04,-3.66667E-03
2.196098,-3.814721E-05,3.50954E-04,.002
2.197098,3.12807E-04,6.561317E-04,-6.66667E-04
2.198099,-2.059946E-04,5.416907E-04,6.66667E-04
2.1991,-2.899189E-04,3.814721E-05,.001
2.2001,-1.3733E-04,-1.06812E-04,6.66667E-04
2.201101,-3.50954E-04,-1.983652E-04,-.002
2.202101,-5.111732E-04,-1.144414E-04,-2.33333E-03
2.203102,-5.722083E-04,-9.15532E-05,6.66667E-04
2.204102,-8.392371E-04,-2.059946E-04,-6.66667E-04
2.205102,-5.950965E-04,-1.06812E-04,-.002
2.206103,-3.356952E-04,6.866502E-05,-.002
2.207103,-4.57766E-05,-1.06812E-04,6.66667E-04
2.208104,-2.212534E-04,-2.670307E-04,6.66667E-04
2.209105,-5.798377E-04,-2.594013E-04,-2.33333E-03
2.210105,-3.433246E-04,-2.975482E-04,6.66667E-04
2.211106,-1.3733E-04,-6.103562E-05,.001
2.212106,1.75477E-04,6.103562E-05,.001
2.213107,9.918259E-05,-1.831064E-04,.002
2.214107,-1.449594E-04,-1.525888E-04,-.002
2.215107,0,-8.392381E-05,.001
2.216108,-3.051781E-05,1.449594E-04,-.002
2.217108,-1.220712E-04,3.204364E-04,6.66667E-04
2.218109,3.051781E-05,2.517719E-04,-.002
2.21911,1.144414E-04,3.814721E-05,-6.66667E-04
2.22011,-1.75477E-04,1.525888E-04,-.001
2.221111,-1.449594E-04,1.678476E-04,.001
2.222111,2.28883E-05,1.525891E-05,-6.66667E-04
2.223112,1.449594E-04,2.746601E-04,-.001
2.224112,6.866502E-05,3.12807E-04,-.001
2.225112,-7.629453E-06,3.662128E-04,-.001
2.226113,-1.144414E-04,3.738422E-04,-.001
2.227113,-3.814716E-04,1.75477E-04,.002
2.228114,-2.899189E-04,-1.449594E-04,-.001
2.229115,0,-5.035438E-04,-3.66667E-03
2.230115,6.103562E-05,-6.866492E-04,-6.66667E-04
2.231116,-6.866502E-05,-2.441425E-04,-3.66667E-03
2.232116,-5.035438E-04,-1.297006E-04,-.001
2.233117,-6.408729E-04,-4.57766E-05,6.66667E-04
2.234117,-6.866492E-04,7.629441E-05,6.66667E-04
2.235118,-5.340613E-04,-3.814721E-05,6.66667E-04
2.236118,-3.89101E-04,-5.340599E-05,-.001
2.237118,-4.730243E-04,2.441425E-04,-6.66667E-04
2.238119,-6.179847E-04,2.670307E-04,-.002
2.23912,-3.204364E-04,2.822895E-04,-6.66667E-04
2.24012,-2.746601E-04,4.27248E-04,.001
2.241121,-2.594013E-04,6.561317E-04,-3.66667E-03
2.242121,-3.89101E-04,4.348774E-04,-.001
2.243122,-2.13624E-04,2.594013E-04,.002
2.244122,-3.814716E-04,3.051781E-05,-.002
2.245123,-5.950965E-04,-3.814721E-05,-.001
2.246123,-3.50954E-04,-8.392381E-05,-6.66667E-04
2.247123,-6.866502E-05,-1.449594E-04,.001
2.248124,-2.822895E-04,-5.340599E-05,-.001
2.249125,-2.13624E-04,-3.356952E-04,-.002
2.250125,9.15532E-05,-2.059946E-04,5.33333E-03
2.251126,4.653949E-04,4.57766E-05,-6.66667E-04
2.252126,3.967304E-04,-7.629441E-05,-6.66667E-04
2.253127,2.594013E-04,-9.918259E-05,6.66667E-04
2.254127,-1.3733E-04,-2.13624E-04,-6.66667E-04
2.255128,-3.585834E-04,-6.103562E-05,-.001
2.256128,-2.594013E-04,9.15532E-05,.002
2.257128,-4.653949E-04,-4.57766E-05,-2.33333E-03
2.258129,-9.15532E-05,1.831064E-04,-6.66667E-04
2.25913,3.051781E-05,2.670307E-04,6.66667E-04
2.26013,-2.594013E-04,1.3733E-04,-.001
2.261131,-5.035438E-04,-1.297006E-04,.001
2.262131,-4.348774E-04,-2.212534E-04,-6.66667E-04
2.263132,-3.738422E-04,-1.907358E-04,6.66667E-04
2.264132,-5.188026E-04,-7.629453E-06,-6.66667E-04
2.265133,-2.212534E-04,1.06812E-04,-.001
2.266133,-5.340599E-05,8.392381E-05,-6.66667E-04
2.267133,6.103562E-05,1.144414E-04,-6.66667E-04
2.268134,-6.103562E-05,-2.28883E-05,.001
2.269135,1.297006E-04,6.103562E-05,-6.66667E-04
2.270135,-5.340599E-05,-1.983652E-04,.001
2.271136,-3.051781E-05,-4.501361E-04,.001
2.272136,7.629453E-06,-3.89101E-04,.001
2.273137,-9.15532E-05,-2.288828E-04,-3.66667E-03
2.274137,-1.602182E-04,-1.525888E-04,-.001
2.275138,-1.220712E-04,-9.918259E-05,-.001
2.276138,1.602182E-04,-1.602182E-04,.001
2.277139,1.525888E-04,7.629453E-06,-3.66667E-03
2.278139,-9.918259E-05,-6.866502E-05,-.001
2.27914,3.814721E-05,-1.525888E-04,.001
2.28014,3.585834E-04,-3.738422E-04,.001
2.281141,2.288828E-04,-3.204364E-04,6.66667E-04
2.282141,-3.814716E-04,-3.051781E-05,2.33333E-03
2.283142,-6.408729E-04,5.569495E-04,.001
2.284142,-2.822895E-04,3.662128E-04,-6.66667E-04
2.285143,9.15532E-05,1.3733E-04,-6.66667E-04
2.286143,1.525888E-04,6.103562E-05,-2.33333E-03
2.287144,1.75477E-04,-1.983652E-04,-.001
2.288144,1.525888E-04,-4.27248E-04,-6.66667E-04
2.289145,1.907358E-04,-2.059946E-04,-6.66667E-04
2.290145,3.12807E-04,-1.220712E-04,-6.66667E-04
2.291146,2.670307E-04,-5.340599E-05,-6.66667E-04
2.292146,2.28883E-05,-3.204364E-04,.001
2.293147,-2.822895E-04,-2.059946E-04,-.001
2.294147,-3.12807E-04,-1.3733E-04,-6.66667E-04
2.295148,-4.043598E-04,-1.525888E-04,-6.66667E-04
2.296148,-6.256141E-04,2.288828E-04,-.001
2.297149,-1.220712E-04,1.525888E-04,-3.66667E-03
2.298149,1.525888E-04,-1.449594E-04,-6.66667E-04
2.29915,5.645789E-04,-1.602182E-04,6.66667E-04
2.30015,6.332435E-04,-2.288828E-04,.002
2.301151,3.051776E-04,-2.13624E-04,-.001
2.302151,1.907358E-04,1.3733E-04,.001
2.303152,2.441425E-04,1.220712E-04,2.33333E-03
2.304152,3.051781E-05,2.365122E-04,6.66667E-04
2.305153,-3.356952E-04,-2.594013E-04,-.001
2.306153,-3.738422E-04,-3.051781E-05,-3.66667E-03
2.307154,2.28883E-05,1.297006E-04,6.66667E-04
2.308154,3.662128E-04,9.918259E-05,6.66667E-04
2.309155,3.50954E-04,7.629441E-05,-6.66667E-04
2.310155,5.035438E-04,1.907358E-04,6.66667E-04
2.311156,8.773841E-04,3.051776E-04,-.001
2.312156,9.460486E-04,4.501361E-04,-.002
2.313157,7.324256E-04,4.119892E-04,-.002
2.314157,3.356952E-04,2.212534E-04,-2.33333E-03
2.315158,2.594013E-04,3.051781E-05,-.002
2.316158,0,2.28883E-05,6.66667E-04
2.317159,1.525891E-05,2.899189E-04,-.001
2.318159,-3.051781E-05,2.517719E-04,6.66667E-04
2.31916,-7.629441E-05,2.059946E-04,-6.66667E-04
2.32016,-2.212534E-04,1.3733E-04,-.001
2.321161,9.918259E-05,-1.297006E-04,-6.66667E-04
2.322161,1.602182E-04,-2.212534E-04,-.001
2.323162,-2.28883E-05,-4.425067E-04,6.66667E-04
2.324162,-3.204364E-04,-2.746601E-04,6.66667E-04
2.325163,-5.416907E-04,-2.441425E-04,6.66667E-04
2.326163,-4.806537E-04,9.15532E-05,-.002
2.327164,-3.204364E-04,1.220712E-04,-6.66667E-04
2.328164,7.629453E-06,-9.15532E-05,-.002
2.329165,4.88285E-04,-8.392381E-05,6.66667E-04
2.330165,3.738422E-04,-2.212534E-04,.001
2.331166,9.918259E-05,-2.822895E-04,-6.66667E-04
2.332166,-2.28883E-05,-1.3733E-04,-.001
2.333167,-2.365122E-04,-4.57766E-05,.001
2.334167,-6.027259E-04,-3.814721E-05,-6.66667E-04
2.335168,-2.899189E-04,2.746601E-04,-6.66667E-04
2.336168,-4.425067E-04,2.365122E-04,-6.66667E-04
2.337169,-3.051776E-04,4.57766E-05,.001
2.338169,-7.629453E-06,2.212534E-04,-.002
2.33917,2.059946E-04,6.103562E-05,-.002
2.34017,1.602182E-04,1.525891E-05,-.001
2.341171,2.13624E-04,-3.814716E-04,-.001
2.342171,2.746601E-04,-2.670307E-04,-.002
2.343172,1.983652E-04,-1.678476E-04,6.66667E-04
2.344172,3.051781E-05,-2.670307E-04,.002
2.345173,3.051776E-04,-1.449594E-04,-.001
2.346173,1.06812E-04,9.15532E-05,-.001
2.347174,4.57766E-05,6.103562E-05,-.001
2.348174,1.449594E-04,4.57766E-05,-.001
2.349174,1.525888E-04,1.831064E-04,-.002
2.350175,-8.392381E-05,-3.051781E-05,6.66667E-04
2.351176,9.15532E-05,-3.356952E-04,-.001
2.352176,-3.814721E-05,-5.493201E-04,-.002
2.353177,-1.602182E-04,-1.144414E-04,-6.66667E-04
2.354177,-3.738422E-04,-1.525888E-04,-.002
2.355178,-4.27248E-04,-1.75477E-04,6.66667E-04
2.356178,-4.27248E-04,0,6.66667E-04
2.357179,-5.340599E-05,1.525888E-04,-.001
2.358179,0,9.918259E-05,-6.66667E-04
2.359179,-2.746601E-04,5.874671E-04,-.002
2.36018,3.051781E-05,4.196186E-04,-3.66667E-03
2.361181,9.15532E-05,-1.831064E-04,-.001
2.362181,8.392381E-05,-3.967304E-04,-6.66667E-04
2.363182,2.059946E-04,-9.15532E-05,-.001
2.364182,4.653949E-04,3.662128E-04,6.66667E-04
2.365183,6.485023E-04,2.059946E-04,-6.66667E-04
2.366183,3.50954E-04,3.814721E-05,-.002
2.367184,2.594013E-04,-2.441425E-04,-.001
2.368184,2.899189E-04,-2.365122E-04,-6.66667E-04
2.369184,5.798377E-04,-7.629441E-05,-.001
2.370185,5.645789E-04,1.220712E-04,-.001
2.371186,0,2.13624E-04,.001
2.372186,2.212534E-04,8.392381E-05,-.001
2.373187,-1.678476E-04,4.57766E-05,-.002
2.374187,-2.441425E-04,2.28883E-05,-.002
2.375188,7.629441E-05,-6.103562E-05,-6.66667E-04
2.376188,2.28883E-05,2.594013E-04,-.001
2.377189,-7.629453E-06,8.392381E-05,6.66667E-04
2.378189,1.678476E-04,7.629441E-05,6.66667E-04
2.379189,2.28883E-05,4.57766E-05,.002
2.38019,0,3.12807E-04,.001
2.381191,5.340599E-05,4.653949E-04,-.001
2.382191,-7.629453E-06,3.12807E-04,-.002
2.383192,1.06812E-04,2.288828E-04,-.002
2.384192,3.967304E-04,2.746601E-04,-3.66667E-03
2.385193,4.196186E-04,2.288828E-04,-6.66667E-04
2.386193,3.814716E-04,-5.340599E-05,.001
2.387194,4.27248E-04,-1.144414E-04,-.001
2.388194,2.288828E-04,9.918259E-05,.002
2.389194,2.059946E-04,2.059946E-04,.001
2.390195,2.746601E-04,6.561317E-04,6.66667E-04
2.391196,6.103562E-05,4.043598E-04,-6.66667E-04
2.392196,-3.814721E-05,2.365122E-04,6.66667E-04
2.393197,-2.13624E-04,1.75477E-04,6.66667E-04
2.394197,-1.3733E-04,1.831064E-04,.001
2.395198,0,2.594013E-04,-.002
2.396198,-1.297006E-04,2.822895E-04,6.66667E-04
2.397199,0,3.204364E-04,-6.66667E-04
2.398199,4.653949E-04,6.332435E-04,-2.33333E-03
2.399199,5.340613E-04,3.662128E-04,-.001
2.4002,4.806537E-04,2.822895E-04,-.001
2.401201,6.561317E-04,3.967304E-04,-6.66667E-04
2.402201,1.449594E-04,4.119892E-04,-.002
2.403202,-7.629441E-05,2.059946E-04,.002
2.404202,-5.340613E-04,2.28883E-05,.001
2.405203,-6.408729E-04,1.678476E-04,-.001
2.406203,-4.425067E-04,1.449594E-04,-6.66667E-04
2.407204,-5.874671E-04,3.50954E-04,-6.66667E-04
2.408204,-3.280658E-04,1.678476E-04,6.66667E-04
2.409204,-4.653949E-04,-1.525888E-04,-.002
2.410205,-5.874671E-04,9.15532E-05,6.66667E-04
2.411206,-6.485023E-04,3.12807E-04,.001
2.412206,-3.662128E-04,2.670307E-04,-6.66667E-04
2.413207,-2.594013E-04,-2.28883E-05,-.004
2.414207,-1.06812E-04,-1.831064E-04,-6.66667E-04
2.415208,0,-4.501361E-04,-.002
2.416208,1.602182E-04,-2.365122E-04,-6.66667E-04
2.417209,6.103562E-05,-4.27248E-04,-.002
2.418209,1.297006E-04,-8.392381E-05,-.002
2.41921,1.678476E-04,-5.340599E-05,-.001
2.42021,-1.220712E-04,7.629453E-06,-6.66667E-04
2.421211,3.814721E-05,1.144414E-04,-.001
2.422211,1.3733E-04,1.06812E-04,-.002
2.423212,1.602182E-04,-1.144414E-04,-.001
2.424212,3.585834E-04,-9.918259E-05,-6.66667E-04
2.425213,2.059946E-04,-2.517719E-04,.001
2.426213,-2.670307E-04,-2.899189E-04,-.002
2.427214,-3.738422E-04,-3.433246E-04,-.002
2.428214,-1.983652E-04,-4.043598E-04,-.001
2.429215,2.28883E-05,-2.13624E-04,6.66667E-04
2.430215,2.594013E-04,1.678476E-04,-.002
2.431216,2.594013E-04,0,-6.66667E-04
2.432216,3.89101E-04,2.822895E-04,-6.66667E-04
2.433217,3.12807E-04,2.13624E-04,-6.66667E-04
2.434217,2.059946E-04,8.392381E-05,-.001
2.435218,-1.831064E-04,2.441425E-04,6.66667E-04
2.436218,-2.212534E-04,2.975482E-04,-.001
2.437219,1.983652E-04,2.899189E-04,-6.66667E-04
2.438219,8.392381E-05,4.57766E-05,-.001
2.43922,1.3733E-04,-2.13624E-04,-.001
2.44022,2.288828E-04,-8.392381E-05,-.001
2.441221,6.103562E-05,1.678476E-04,-6.66667E-04
2.442221,6.103562E-05,1.678476E-04,6.66667E-04
2.443222,-2.746601E-04,-2.212534E-04,-6.66667E-04
2.444222,-5.416907E-04,-3.204364E-04,-2.33333E-03
2.445223,-3.204364E-04,-2.517719E-04,-3.66667E-03
2.446223,-1.525888E-04,-1.144414E-04,-.001
2.447224,-9.918259E-05,9.918259E-05,6.66667E-04
2.448224,7.629453E-06,8.392381E-05,-.002
2.449225,-7.629453E-06,-6.103562E-05,-2.33333E-03
2.450225,-1.602182E-04,-3.662128E-04,6.66667E-04
2.451226,-6.866502E-05,-7.629441E-05,-6.66667E-04
2.452226,-1.602182E-04,4.730243E-04,6.66667E-04
2.453227,-2.822895E-04,3.051781E-05,-2.33333E-03
2.454227,-1.831064E-04,1.983652E-04,6.66667E-04
2.455228,-1.602182E-04,2.746601E-04,-6.66667E-04
2.456228,-1.449594E-04,4.348774E-04,6.66667E-04
2.457229,7.629453E-06,5.950965E-04,-.002
2.458229,-3.814721E-05,3.12807E-04,-.002
2.45923,-4.043598E-04,-1.06812E-04,6.66667E-04
2.46023,-3.280658E-04,-6.866502E-05,-6.66667E-04
2.461231,1.75477E-04,2.594013E-04,-6.66667E-04
2.462231,3.280658E-04,5.950965E-04,.002
2.463232,4.577655E-04,3.662128E-04,-.001
2.464232,4.730243E-04,2.365122E-04,-6.66667E-04
2.465233,3.051776E-04,-5.340599E-05,6.66667E-04
2.466233,-1.220712E-04,1.220712E-04,-2.33333E-03
2.467234,-2.594013E-04,6.103562E-05,-.002
2.468234,-6.866502E-05,-1.144414E-04,.001
2.469235,-2.746601E-04,6.103562E-05,6.66667E-04
2.470235,-3.738422E-04,6.103562E-05,.002
2.471236,-8.087195E-04,1.602182E-04,-6.66667E-04
2.472236,-4.348774E-04,2.059946E-04,-6.66667E-04
2.473237,-3.89101E-04,2.059946E-04,-6.66667E-04
2.474237,-3.662128E-04,2.517719E-04,-6.66667E-04
2.475238,-3.051776E-04,9.15532E-05,6.66667E-04
2.476238,-3.662128E-04,-1.525891E-05,-3.66667E-03
2.477239,-4.653949E-04,0,-2.33333E-03
2.478239,-1.449594E-04,6.866502E-05,-.002
2.47924,7.629441E-05,-7.629453E-06,6.66667E-04
2.48024,-2.28883E-05,1.144414E-04,.001
2.481241,-2.899189E-04,-1.831064E-04,6.66667E-04
2.482241,-5.264319E-04,3.051781E-05,-.002
2.483242,-7.934608E-04,3.50954E-04,6.66667E-04
2.484242,-4.348774E-04,2.975482E-04,-6.66667E-04
2.485243,-1.525888E-04,1.678476E-04,-.002
2.486243,0,-4.57766E-05,-.001
2.487244,9.918259E-05,4.57766E-05,-6.66667E-04
2.488244,1.3733E-04,1.75477E-04,-6.66667E-04
2.489245,1.06812E-04,4.425067E-04,-.001
2.490245,2.441425E-04,4.806537E-04,.002
2.491246,2.13624E-04,5.264319E-04,6.66667E-04
2.492246,-2.059946E-04,1.220712E-04,-.001
2.493247,-2.13624E-04,-9.15532E-05,-6.66667E-04
2.494247,-1.06812E-04,-3.051776E-04,-.002
2.495248,4.57766E-05,-2.822895E-04,-.002
2.496248,1.06812E-04,-1.525891E-05,2.33333E-03
2.497249,8.392381E-05,-7.629453E-06,-.002
2.498249,-1.3733E-04,1.06812E-04,-2.33333E-03
2.49925,1.297006E-04,4.57766E-05,-6.66667E-04
2.50025,-2.288828E-04,-3.738422E-04,-.002
2.501251,-7.01908E-04,-2.670307E-04,6.66667E-04
2.502251,-7.01908E-04,3.814721E-05,2.33333E-03
2.503252,-4.27248E-04,1.983652E-04,-6.66667E-04
2.504252,-2.059946E-04,1.525888E-04,-.001
2.505253,-5.340599E-05,8.392381E-05,.001
2.506253,-3.738422E-04,8.392381E-05,-6.66667E-04
2.507254,-2.13624E-04,2.28883E-05,-.001
2.508254,1.678476E-04,0,-6.66667E-04
2.509255,1.3733E-04,-2.822895E-04,6.66667E-04
2.510255,2.594013E-04,-3.204364E-04,-.002
2.511256,1.06812E-04,-1.06812E-04,6.66667E-04
2.512256,-5.340599E-05,6.866502E-05,-.001
2.513257,-4.196186E-04,1.983652E-04,.001
2.514257,-1.297006E-04,1.678476E-04,-6.66667E-04
2.515258,-1.678476E-04,-4.57766E-05,.001
2.516258,-2.13624E-04,9.918259E-05,-.002
2.517259,-1.06812E-04,1.907358E-04,-.002
2.518259,-2.365122E-04,5.340599E-05,6.66667E-04
2.51926,-2.746601E-04,3.814721E-05,-6.66667E-04
2.52026,0,9.15532E-05,.001
2.521261,2.28883E-05,3.662128E-04,.001
2.522261,-2.28883E-05,3.280658E-04,-.002
2.523262,4.806537E-04,2.517719E-04,.002
2.524262,4.88285E-04,9.15532E-05,.001
2.525263,2.975482E-04,1.297006E-04,6.66667E-04
2.526263,4.043598E-04,2.975482E-04,-2.33333E-03
2.527264,6.332435E-04,1.525888E-04,-6.66667E-04
2.528264,9.079017E-04,2.365122E-04,-6.66667E-04
2.529265,8.926429E-04,3.814716E-04,-.002
2.530265,5.493201E-04,3.12807E-04,6.66667E-04
2.531266,1.525888E-04,2.28883E-05,-.002
2.532266,-1.220712E-04,-2.212534E-04,-.002
2.533267,-1.831064E-04,-3.662128E-04,-6.66667E-04
2.534267,-1.06812E-04,-2.899189E-04,-6.66667E-04
2.535268,2.059946E-04,-4.57766E-05,6.66667E-04
2.536268,9.918259E-05,-5.340599E-05,6.66667E-04
2.537269,-1.220712E-04,2.212534E-04,.001
2.538269,4.57766E-05,3.814716E-04,-.001
2.53927,3.051776E-04,1.602182E-04,-.002
2.54027,-3.051781E-05,-5.569495E-04,-.001
2.541271,-3.356952E-04,-7.476844E-04,-6.66667E-04
2.542271,-2.899189E-04,-4.653949E-04,-.001
2.543272,-3.433246E-04,-5.035438E-04,6.66667E-04
2.544272,-3.12807E-04,6.866502E-05,-.001
2.545273,-9.918259E-05,3.12807E-04,-.001
2.546273,2.059946E-04,4.501361E-04,-6.66667E-04
2.547274,2.822895E-04,2.365122E-04,-.002
2.548274,-9.15532E-05,9.918259E-05,-.001
2.549275,-2.059946E-04,-6.103562E-05,-5.33333E-03
2.550275,-2.899189E-04,1.297006E-04,.002
2.551276,-1.449594E-04,3.50954E-04,-6.66667E-04
2.552276,6.866502E-05,2.288828E-04,-.002
2.553277,2.594013E-04,0,-6.66667E-04
2.554277,2.517719E-04,-7.629453E-06,6.66667E-04
2.555278,1.602182E-04,3.814721E-05,6.66667E-04
2.556278,-5.340599E-05,-3.433246E-04,-.002
2.557279,-5.340599E-05,-7.01908E-04,6.66667E-04
2.558279,-5.340599E-05,-4.501361E-04,-.002
2.55928,1.525888E-04,1.525891E-05,-.002
2.56028,1.831064E-04,-3.051781E-05,-6.66667E-04
2.561281,2.594013E-04,-2.822895E-04,.001
2.562281,3.738422E-04,-1.525888E-04,.001
2.563282,9.15532E-05,1.144414E-04,-.002
2.564282,-3.280658E-04,7.629453E-06,-.001
2.565283,-5.340613E-04,2.822895E-04,-6.66667E-04
2.566283,-5.645789E-04,3.50954E-04,6.66667E-04
2.567284,-1.983652E-04,-1.525891E-05,-.001
2.568284,-2.13624E-04,1.297006E-04,-.002
2.569285,-4.27248E-04,0,-6.66667E-04
2.570285,-7.629441E-05,3.051781E-05,.002
2.571286,-2.517719E-04,-1.602182E-04,-.001
2.572286,-2.670307E-04,-2.288828E-04,-.001
2.573287,-3.50954E-04,-1.983652E-04,-.001
2.574287,-3.051781E-05,1.449594E-04,-3.66667E-03
2.575288,2.13624E-04,1.297006E-04,6.66667E-04
2.576288,5.340599E-05,2.746601E-04,-.001
2.577289,-2.594013E-04,4.57766E-05,-6.66667E-04
2.578289,-3.204364E-04,-1.75477E-04,.001
2.57929,2.059946E-04,-1.907358E-04,-6.66667E-04
2.58029,1.525888E-04,5.340599E-05,-.002
2.581291,7.629453E-06,-3.814721E-05,-.002
2.582291,-7.629453E-06,-1.75477E-04,-.002
2.583292,-1.907358E-04,-1.831064E-04,-6.66667E-04
2.584292,-2.441425E-04,-5.340599E-05,.001
2.585293,-2.13624E-04,6.866502E-05,-.002
2.586293,-1.602182E-04,9.15532E-05,-.001
2.587294,-6.103562E-05,4.348774E-04,.001
2.588294,-7.629441E-05,3.12807E-04,-.002
2.589295,-7.629441E-05,-2.288828E-04,-6.66667E-04
2.590295,-2.288828E-04,-4.119892E-04,-.002
2.591296,-2.288828E-04,-2.746601E-04,-2.33333E-03
2.592296,-1.449594E-04,-2.13624E-04,-.002
2.593297,9.15532E-05,-5.035438E-04,-.001
2.594297,1.983652E-04,-5.874671E-04,6.66667E-04
2.595298,5.340599E-05,-3.12807E-04,-.002
2.596298,1.525891E-05,-3.051776E-04,-.001
2.597299,6.103562E-05,-1.983652E-04,-.001
2.598299,-2.28883E-05,-2.365122E-04,-.002
2.5993,-9.15532E-05,-2.441425E-04,-.002
2.6003,-1.831064E-04,7.629453E-06,-.002
2.601301,-3.738422E-04,-2.288828E-04,-3.66667E-03
2.602301,-5.416907E-04,-2.746601E-04,6.66667E-04
2.603302,-4.196186E-04,-2.822895E-04,6.66667E-04
2.604302,-2.13624E-04,-1.831064E-04,-3.66667E-03
2.605303,5.340599E-05,-7.629453E-06,-2.33333E-03
2.606303,7.629453E-06,2.28883E-05,-.001
2.607304,-7.629453E-06,1.525888E-04,-6.66667E-04
2.608304,-1.449594E-04,1.983652E-04,-.002
2.609305,-1.297006E-04,3.433246E-04,-6.66667E-04
2.610305,4.57766E-05,4.348774E-04,-.001
2.611306,2.365122E-04,5.874671E-04,-6.66667E-04
2.612306,2.059946E-04,2.517719E-04,-.002
2.613307,8.392381E-05,4.57766E-05,-6.66667E-04
2.614307,-5.340599E-05,-1.602182E-04,-6.66667E-04
2.615308,-1.907358E-04,-8.392381E-05,-6.66667E-04
2.616308,-9.918259E-05,2.746601E-04,-6.66667E-04
2.617309,1.3733E-04,2.594013E-04,6.66667E-04
2.618309,3.50954E-04,-9.15532E-05,6.66667E-04
2.61931,3.814721E-05,1.06812E-04,-6.66667E-04
2.62031,-5.340599E-05,1.525891E-05,6.66667E-04
2.621311,-2.517719E-04,1.297006E-04,6.66667E-04
2.622311,7.629453E-06,-2.13624E-04,6.66667E-04
2.623312,7.629453E-06,-1.678476E-04,-.002
2.624312,-7.629453E-06,-7.629453E-06,-.001
2.625313,-2.059946E-04,-4.57766E-05,.001
2.626313,-5.493201E-04,-3.280658E-04,6.66667E-04
2.627314,-8.392381E-05,-6.485023E-04,-.001
2.628314,-3.051781E-05,-8.544959E-04,-.002
2.629315,-5.340599E-05,-2.059946E-04,-6.66667E-04
2.630315,-6.866502E-05,1.831064E-04,-.002
2.631316,-1.144414E-04,6.103562E-05,-6.66667E-04
2.632316,9.918259E-05,1.449594E-04,-2.33333E-03
2.633317,2.13624E-04,-2.059946E-04,.001
2.634317,9.918259E-05,-1.602182E-04,6.66667E-04
2.635318,-6.866502E-05,-2.975482E-04,-.002
2.636318,-3.280658E-04,-1.144414E-04,6.66667E-04
2.637319,-2.13624E-04,4.57766E-05,-.002
2.638319,1.297006E-04,6.866502E-05,-.002
2.63932,6.103562E-05,-1.06812E-04,-.001
2.64032,-3.814721E-05,-3.585834E-04,-.001
2.641321,1.525891E-05,-1.907358E-04,.001
2.642321,-3.814721E-05,2.059946E-04,6.66667E-04
2.643322,7.629441E-05,-3.051781E-05,.002
2.644322,2.13624E-04,-2.899189E-04,-6.66667E-04
2.645323,2.517719E-04,-3.967304E-04,6.66667E-04
2.646323,5.340599E-05,-3.585834E-04,-3.66667E-03
2.647324,-2.594013E-04,1.3733E-04,.001
2.648324,-4.196186E-04,1.525888E-04,-3.66667E-03
2.649325,-9.15532E-05,-7.629441E-05,-.001
2.650325,2.059946E-04,-1.907358E-04,-.002
2.651326,1.220712E-04,-2.28883E-05,-3.66667E-03
2.652326,2.059946E-04,-3.50954E-04,-6.66667E-04
2.653327,-2.670307E-04,-3.433246E-04,6.66667E-04
2.654327,-8.392381E-05,-6.866492E-04,.002
2.655328,-1.525891E-05,-4.88285E-04,6.66667E-04
2.656328,-1.220712E-04,-1.602182E-04,-6.66667E-04
2.657329,-1.449594E-04,1.449594E-04,-.001
2.658329,-2.899189E-04,2.28883E-05,6.66667E-04
2.65933,-3.433246E-04,-3.50954E-04,-.001
2.66033,7.629453E-06,-5.722083E-04,-.002
2.661331,-3.814721E-05,-4.119892E-04,-6.66667E-04
2.662331,-4.577655E-04,-3.051776E-04,-.001
2.663332,-4.27248E-04,-1.449594E-04,-.001
2.664332,-5.188026E-04,-1.831064E-04,-.001
2.665333,-8.316077E-04,-1.602182E-04,-2.33333E-03
2.666333,-1.10627E-03,-3.12807E-04,-.002
2.667334,-1.495369E-03,-1.220712E-04,.001
2.668334,-1.693733E-03,9.918259E-05,.001
2.669335,-2.265945E-03,1.678476E-04,-2.33333E-03
2.670335,-3.120437E-03,2.746601E-04,-6.66667E-04
2.671336,-3.616348E-03,0,-6.66667E-04
2.672336,-3.952056E-03,-1.525891E-05,-.002
2.673337,-4.341155E-03,9.918259E-05,-6.66667E-04
2.674337,-4.28012E-03,-9.15532E-05,6.66667E-04
2.675338,-3.860489E-03,-6.866502E-05,.002
2.676338,-3.471389E-03,-1.75477E-04,.001
2.677339,-3.410354E-03,-2.670307E-04,-6.66667E-04
2.678339,-3.257766E-03,-4.57766E-05,.001
2.67934,-2.639785E-03,-9.918259E-05,-.002
2.68034,-2.311721E-03,-1.831064E-04,6.66667E-04
2.681341,-1.686104E-03,-1.144414E-04,6.66667E-04
2.682341,-1.411445E-03,1.525891E-05,-6.66667E-04
2.683342,-1.068123E-03,6.866502E-05,-6.66667E-04
2.684342,-9.002723E-04,9.918259E-05,6.66667E-04
2.685343,-7.01908E-04,4.196186E-04,6.66667E-04
2.686343,-2.288828E-04,2.975482E-04,-.001
2.687344,-9.15532E-05,-3.051781E-05,-.001
2.688344,-1.831064E-04,0,-.001
2.689345,-5.035438E-04,8.392381E-05,-6.66667E-04
2.690345,-5.035438E-04,-3.89101E-04,.002
2.691346,-6.866502E-05,-6.179847E-04,.001
2.692346,1.602182E-04,-2.212534E-04,-6.66667E-04
2.693347,-6.103562E-05,2.059946E-04,-.001
2.694347,-7.629441E-05,5.874671E-04,-.001
2.695348,2.746601E-04,7.40055E-04,-.001
2.696348,-5.340599E-05,3.433246E-04,-.001
2.697349,-5.111732E-04,1.831064E-04,-.002
2.698349,-5.340613E-04,3.814721E-05,-2.33333E-03
2.69935,-3.433246E-04,2.670307E-04,-6.66667E-04
2.70035,4.57766E-05,3.204364E-04,-.001
2.701351,-7.629453E-06,4.501361E-04,.002
2.702351,1.06812E-04,2.517719E-04,-6.66667E-04
2.703352,2.059946E-04,1.678476E-04,-.001
2.704352,1.525888E-04,2.059946E-04,.001
2.705353,3.814721E-05,6.866502E-05,.001
2.706353,-2.670307E-04,1.06812E-04,-.001
2.707354,-1.602182E-04,6.103562E-05,-6.66667E-04
2.708354,0,7.629453E-06,-2.33333E-03
2.709355,-2.28883E-05,-1.449594E-04,-.002
2.710355,-1.06812E-04,1.06812E-04,.001
2.711356,-1.602182E-04,-6.103562E-05,.002
2.712356,-1.06812E-04,-4.806537E-04,.001
2.713357,-4.425067E-04,-5.035438E-04,.001
2.714357,-5.264319E-04,-1.525888E-04,-2.33333E-03
2.715358,-1.75477E-04,-2.28883E-05,-.001
2.716358,-2.670307E-04,-4.57766E-05,-3.66667E-03
2.717359,-2.670307E-04,-1.983652E-04,-6.66667E-04
2.718359,-4.577655E-04,-4.27248E-04,-.002
2.71936,9.15532E-05,-3.204364E-04,-6.66667E-04
2.72036,1.678476E-04,7.629453E-06,6.66667E-04
2.721361,0,-4.57766E-05,6.66667E-04
2.722361,-1.907358E-04,-2.822895E-04,-6.66667E-04
2.723362,-1.449594E-04,-2.365122E-04,-6.66667E-04
2.724362,-1.678476E-04,-3.814716E-04,-6.66667E-04
2.725363,-1.297006E-04,-2.594013E-04,3.66667E-03
2.726363,-3.051781E-05,-4.27248E-04,-.001
2.727364,-1.602182E-04,-1.831064E-04,.001
2.728364,-1.449594E-04,3.051781E-05,-.001
2.729365,9.15532E-05,0,2.33333E-03
2.730365,1.144414E-04,1.602182E-04,6.66667E-04
2.731366,1.220712E-04,7.324256E-04,.001
2.732366,4.501361E-04,9.079017E-04,.001
2.733367,4.806537E-04,6.103553E-04,6.66667E-04
2.734367,4.196186E-04,5.340613E-04,-.002
2.735368,3.12807E-04,4.57766E-05,-.002
2.736368,2.517719E-04,-1.525888E-04,6.66667E-04
2.737369,1.449594E-04,6.866502E-05,-.001
2.738369,-1.06812E-04,1.449594E-04,-6.66667E-04
2.73937,-1.678476E-04,-3.280658E-04,.001
2.74037,-2.13624E-04,-3.280658E-04,-6.66667E-04
2.741371,3.814721E-05,-3.738422E-04,-.001
2.742371,6.866502E-05,-3.50954E-04,-6.66667E-04
2.743372,-7.629441E-05,-1.297006E-04,-.002
2.744372,-6.866502E-05,8.392381E-05,-6.66667E-04
2.745373,-1.525888E-04,2.212534E-04,-.001
2.746373,-1.678476E-04,2.975482E-04,-6.66667E-04
2.747374,-1.449594E-04,-3.814721E-05,-.002
2.748374,-1.220712E-04,-3.12807E-04,6.66667E-04
2.749375,-2.517719E-04,-5.950965E-04,-.001
2.750375,-1.678476E-04,-3.662128E-04,6.66667E-04
2.751376,-1.602182E-04,-4.57766E-05,6.66667E-04
2.752376,2.670307E-04,2.441425E-04,6.66667E-04
2.753377,1.678476E-04,3.12807E-04,6.66667E-04
2.754377,9.15532E-05,2.899189E-04,-.001
2.755378,1.449594E-04,1.678476E-04,-6.66667E-04
2.756378,8.392381E-05,2.059946E-04,-.001
2.757379,1.678476E-04,3.662128E-04,6.66667E-04
2.758379,1.907358E-04,1.678476E-04,6.66667E-04
2.75938,-1.907358E-04,-3.814721E-05,-.001
2.76038,-4.730243E-04,-3.814721E-05,-6.66667E-04
2.761381,-5.035438E-04,1.144414E-04,-.001
2.762381,-4.043598E-04,0,-2.33333E-03
2.763382,-3.433246E-04,-9.15532E-05,-.001
2.764382,-3.814721E-05,3.12807E-04,-6.66667E-04
2.765383,1.297006E-04,5.645789E-04,-2.33333E-03
2.766383,-1.75477E-04,7.40055E-04,.001
2.767384,-2.975482E-04,7.705726E-04,6.66667E-04
2.768384,-1.297006E-04,6.332435E-04,.002
2.769385,-1.525891E-05,3.356952E-04,6.66667E-04
2.770385,-1.525888E-04,-2.365122E-04,-6.66667E-04
2.771386,-6.103562E-05,-3.433246E-04,-6.66667E-04
2.772386,-3.433246E-04,-5.340599E-05,-.002
2.773387,-1.06812E-04,8.392381E-05,-.001
2.774387,4.57766E-05,3.12807E-04,6.66667E-04
2.775388,1.06812E-04,3.662128E-04,-.001
2.776388,4.57766E-05,2.899189E-04,6.66667E-04
2.777389,-2.28883E-05,-1.06812E-04,-2.33333E-03
2.778389,-2.975482E-04,-1.75477E-04,-3.66667E-03
2.77939,-2.517719E-04,-9.918259E-05,-3.66667E-03
2.78039,-1.525891E-05,2.899189E-04,-.002
2.781391,1.525888E-04,1.144414E-04,6.66667E-04
2.782391,-6.103562E-05,-3.814721E-05,-6.66667E-04
2.783392,-2.13624E-04,3.89101E-04,.001
2.784392,-3.662128E-04,5.035438E-04,-2.33333E-03
2.785393,4.57766E-05,3.814716E-04,-.001
2.786393,6.103562E-05,5.569495E-04,-6.66667E-04
2.787394,-1.06812E-04,3.967304E-04,-6.66667E-04
2.788394,-2.28883E-05,4.043598E-04,3.66667E-03
2.789395,3.814721E-05,1.297006E-04,-6.66667E-04
2.790395,-1.06812E-04,-1.220712E-04,-.002
2.791396,-1.602182E-04,-1.602182E-04,-6.66667E-04
2.792396,7.629453E-06,-1.831064E-04,6.66667E-04
2.793397,1.525888E-04,7.629453E-06,.002
2.794397,-1.75477E-04,2.059946E-04,6.66667E-04
2.795398,2.059946E-04,2.594013E-04,6.66667E-04
2.796398,5.188026E-04,2.288828E-04,.001
2.797399,4.043598E-04,-3.051781E-05,-6.66667E-04
2.798399,1.75477E-04,-7.629453E-06,-.002
2.7994,-7.629441E-05,-1.06812E-04,-.002
2.8004,1.983652E-04,-6.866502E-05,6.66667E-04
2.801401,3.433246E-04,-3.051781E-05,-6.66667E-04
2.802401,4.653949E-04,9.918259E-05,6.66667E-04
2.803402,2.441425E-04,2.594013E-04,6.66667E-04
2.804402,6.866502E-05,2.594013E-04,-.001
2.805403,-5.340599E-05,6.103562E-05,6.66667E-04
2.806403,-2.212534E-04,7.629453E-06,.001
2.807404,-3.204364E-04,-1.831064E-04,-.001
2.808404,-4.348774E-04,-2.365122E-04,-.001
2.809405,-5.340613E-04,1.06812E-04,-2.33333E-03
2.810405,-6.63761E-04,2.288828E-04,-.002
2.811406,-4.653949E-04,2.288828E-04,-6.66667E-04
2.812406,-8.468665E-04,-1.983652E-04,-.002
2.813407,-8.926429E-04,-3.738422E-04,.001
2.814407,-6.866492E-04,-2.441425E-04,-.002
2.815408,-3.280658E-04,6.103562E-05,-2.33333E-03
2.816408,1.602182E-04,-6.103562E-05,-.001
2.817409,1.602182E-04,-8.392381E-05,-.001
2.818409,3.051781E-05,9.918259E-05,-.001
2.81941,-1.831064E-04,-1.144414E-04,6.66667E-04
2.82041,9.918259E-05,-3.051776E-04,.001
2.821411,6.866502E-05,-7.629441E-05,-.002
2.822411,-9.918259E-05,0,.001
2.823412,-3.051781E-05,-3.814721E-05,-6.66667E-04
2.824412,7.629453E-06,-3.814721E-05,-6.66667E-04
2.825413,1.678476E-04,1.449594E-04,.001
2.826413,1.983652E-04,2.059946E-04,-6.66667E-04
2.827414,-2.365122E-04,4.196186E-04,6.66667E-04
2.828414,-4.653949E-04,3.738422E-04,-6.66667E-04
2.829415,-2.822895E-04,2.059946E-04,-.001
2.830415,6.866502E-05,1.525888E-04,-6.66667E-04
2.831416,4.57766E-05,-9.15532E-05,6.66667E-04
2.832416,-8.392381E-05,-1.75477E-04,-6.66667E-04
2.833417,-4.043598E-04,-1.678476E-04,-6.66667E-04
2.834417,-2.975482E-04,-4.57766E-05,-6.66667E-04
2.835418,-1.449594E-04,-5.340613E-04,-.001
2.836418,-1.75477E-04,-4.577655E-04,-.002
2.837419,-1.06812E-04,-3.89101E-04,6.66667E-04
2.838419,9.918259E-05,-5.264319E-04,.001
2.83942,-2.28883E-05,-3.433246E-04,-.002
2.84042,-9.15532E-05,0,-.001
2.841421,3.051781E-05,9.918259E-05,6.66667E-04
2.842421,1.06812E-04,-3.50954E-04,-6.66667E-04
2.843422,4.57766E-05,-1.525888E-04,-.002
2.844422,-1.3733E-04,-2.212534E-04,-3.66667E-03
2.845423,-3.814716E-04,4.57766E-05,6.66667E-04
2.846423,-2.441425E-04,4.425067E-04,-3.66667E-03
2.847424,-6.179847E-04,6.332435E-04,-.002
2.848424,-1.113899E-03,5.493201E-04,-.002
2.849425,-1.373298E-03,4.043598E-04,-.002
2.850425,-1.594551E-03,2.28883E-05,-6.66667E-04
2.851426,-2.044693E-03,1.75477E-04,-6.66667E-04
2.852426,-2.258316E-03,9.918259E-05,-6.66667E-04
2.853427,-2.632156E-03,1.831064E-04,-6.66667E-04
2.854427,-2.777115E-03,-1.144414E-04,-.001
2.855428,-3.097549E-03,-4.577655E-04,.001
2.856428,-3.59346E-03,-5.798377E-04,-.002
2.857429,-3.913909E-03,-1.983652E-04,-2.33333E-03
2.858429,-3.700271E-03,-3.814721E-05,-.001
2.85943,-3.662124E-03,0,-6.66667E-04
2.86043,-3.562942E-03,-2.28883E-05,-.001
2.861431,-3.021255E-03,-2.365122E-04,-6.66667E-04
2.862431,-2.563491E-03,-2.059946E-04,-6.66667E-04
2.863432,-2.792373E-03,1.831064E-04,-6.66667E-04
2.864432,-2.33461E-03,1.449594E-04,-6.66667E-04
2.865433,-1.754768E-03,1.06812E-04,-6.66667E-04
2.866433,-1.174934E-03,3.051781E-05,.002
2.867434,-9.155311E-04,-6.866502E-05,-.001
2.868434,-8.697547E-04,-1.297006E-04,-6.66667E-04
2.869435,-8.239783E-04,-1.220712E-04,-6.66667E-04
2.870435,-3.585834E-04,-1.75477E-04,6.66667E-04
2.871436,1.449594E-04,-1.602182E-04,-6.66667E-04
2.872436,2.28883E-05,1.06812E-04,-.002
2.873437,-3.738422E-04,-3.051781E-05,-6.66667E-04
2.874437,-5.874671E-04,-3.50954E-04,6.66667E-04
2.875438,-8.239783E-04,-2.13624E-04,-3.66667E-03
2.876438,-7.40055E-04,-1.983652E-04,-6.66667E-04
2.877439,-6.103553E-04,-7.629441E-05,-.002
2.878439,-3.433246E-04,-1.831064E-04,6.66667E-04
2.87944,-2.899189E-04,-5.416907E-04,-6.66667E-04
2.88044,-6.103562E-05,-5.264319E-04,-.002
2.881441,2.517719E-04,-2.365122E-04,-6.66667E-04
2.882441,1.831064E-04,-9.15532E-05,.001
2.883442,1.678476E-04,3.051781E-05,-.002
2.884442,1.3733E-04,9.918259E-05,6.66667E-04
2.885443,-1.983652E-04,-1.525891E-05,-.002
2.886443,-4.806537E-04,-1.297006E-04,2.33333E-03
2.887444,-7.476844E-04,2.822895E-04,-.002
2.888444,-5.111732E-04,3.280658E-04,-.001
2.889445,-7.629453E-06,3.50954E-04,6.66667E-04
2.890445,2.441425E-04,4.959144E-04,.001
2.891446,-3.204364E-04,4.806537E-04,6.66667E-04
2.892446,0,2.288828E-04,-.002
2.893447,4.043598E-04,1.144414E-04,-6.66667E-04
2.894447,2.822895E-04,1.449594E-04,-.001
2.895448,6.866502E-05,2.441425E-04,-.001
2.896448,2.059946E-04,1.907358E-04,-.001
2.897449,1.525888E-04,3.662128E-04,-6.66667E-04
2.898449,4.043598E-04,1.602182E-04,.001
2.89945,4.196186E-04,3.814721E-05,-2.33333E-03
2.90045,7.629441E-05,-1.06812E-04,-.001
2.901451,-7.629441E-05,-1.3733E-04,-6.66667E-04
2.902451,4.57766E-05,-7.629453E-06,6.66667E-04
2.903452,-1.3733E-04,9.15532E-05,-.002
2.904452,-3.738422E-04,2.670307E-04,-.001
2.905453,-3.50954E-04,3.50954E-04,-.001
2.906453,-5.035438E-04,9.918259E-05,-6.66667E-04
2.907454,-2.822895E-04,1.75477E-04,-6.66667E-04
2.908454,-6.103562E-05,2.517719E-04,-6.66667E-04
2.909455,-7.629453E-06,3.356952E-04,-.001
2.910455,-3.204364E-04,4.501361E-04,6.66667E-04
2.911456,-2.822895E-04,9.15532E-05,6.66667E-04
2.912456,-1.220712E-04,-2.13624E-04,6.66667E-04
2.913457,-2.746601E-04,-1.525888E-04,.001
2.914457,-4.27248E-04,0,6.66667E-04
2.915458,-6.866492E-04,2.517719E-04,-.001
2.916458,-4.501361E-04,3.662128E-04,-2.33333E-03
2.917459,-3.814716E-04,1.06812E-04,-2.33333E-03
2.918459,-6.942786E-04,2.517719E-04,-.002
2.91946,-5.188026E-04,5.264319E-04,-6.66667E-04
2.92046,-2.212534E-04,4.27248E-04,.001
2.921461,-7.629453E-06,4.043598E-04,-2.33333E-03
2.922461,-3.814721E-05,0,6.66667E-04
2.923462,-1.525891E-05,-9.918259E-05,-6.66667E-04
2.924462,1.831064E-04,3.051781E-05,.001
2.925463,1.678476E-04,2.975482E-04,-6.66667E-04
2.926463,2.13624E-04,5.111732E-04,-6.66667E-04
2.927464,1.144414E-04,2.746601E-04,6.66667E-04
2.928464,2.059946E-04,2.594013E-04,.001
2.929465,-7.629441E-05,0,6.66667E-04
2.930465,-1.525888E-04,-2.059946E-04,6.66667E-04
2.931466,-1.831064E-04,-2.594013E-04,-.001
2.932466,0,-3.356952E-04,-6.66667E-04
2.933467,-2.822895E-04,0,-6.66667E-04
2.934467,-4.806537E-04,1.907358E-04,.002
2.935468,-2.822895E-04,-3.814721E-05,-6.66667E-04
2.936468,-2.288828E-04,-2.441425E-04,-.001
2.937469,-3.738422E-04,-6.866502E-05,-6.66667E-04
2.938469,-2.13624E-04,1.75477E-04,6.66667E-04
2.93947,2.13624E-04,8.392381E-05,-3.66667E-03
2.94047,2.441425E-04,1.525891E-05,6.66667E-04
2.941471,3.051776E-04,2.746601E-04,-6.66667E-04
2.942471,-7.629453E-06,3.662128E-04,6.66667E-04
2.943472,-2.441425E-04,6.103562E-05,-6.66667E-04
2.944472,8.392381E-05,-2.059946E-04,-.001
2.945473,-1.449594E-04,-2.059946E-04,-.001
2.946473,-1.449594E-04,4.57766E-05,-.001
2.947474,1.678476E-04,1.525891E-05,6.66667E-04
2.948474,3.356952E-04,3.12807E-04,-6.66667E-04
2.949475,1.983652E-04,4.57766E-05,.001
2.950475,-4.57766E-05,-1.525891E-05,.002
2.951476,-1.449594E-04,-1.3733E-04,-6.66667E-04
2.952476,-1.525888E-04,1.525891E-05,.001
2.953477,6.103562E-05,1.907358E-04,-.002
2.954477,-1.3733E-04,3.204364E-04,-.002
2.955478,-1.602182E-04,1.75477E-04,.001
2.956478,-2.822895E-04,1.297006E-04,-.002
2.957479,-3.662128E-04,3.051781E-05,-.002
2.958479,-5.188026E-04,0,-.002
2.95948,-2.670307E-04,1.525888E-04,.001
2.96048,-3.738422E-04,4.730243E-04,6.66667E-04
2.961481,-4.88285E-04,5.264319E-04,-.001
2.962481,-6.942786E-04,2.975482E-04,.001
2.963482,-6.179847E-04,-8.392381E-05,-.002
2.964482,-3.433246E-04,-3.12807E-04,.001
2.965483,-9.15532E-05,-5.035438E-04,-6.66667E-04
2.966483,5.340599E-05,-4.653949E-04,-6.66667E-04
2.967484,9.918259E-05,-4.196186E-04,-3.66667E-03
2.968484,-3.051781E-05,-1.06812E-04,-2.33333E-03
2.969485,-2.059946E-04,4.57766E-05,6.66667E-04
2.970485,4.57766E-05,1.525891E-05,-.002
2.971486,1.525888E-04,-6.103562E-05,-.001
2.972486,2.975482E-04,-1.602182E-04,-.001
2.973487,4.348774E-04,3.051781E-05,-6.66667E-04
2.974487,7.629441E-05,-2.28883E-05,-2.33333E-03
2.975488,-4.501361E-04,1.220712E-04,.001
2.976488,-6.408729E-04,1.75477E-04,-6.66667E-04
2.977489,-2.899189E-04,3.89101E-04,-6.66667E-04
2.978489,-5.340599E-05,1.06812E-04,-.002
2.97949,4.57766E-05,-1.144414E-04,-.004
2.98049,1.907358E-04,-2.975482E-04,6.66667E-04
2.981491,-6.866502E-05,1.983652E-04,-.001
2.982491,-2.28883E-05,5.264319E-04,-.002
2.983492,3.051781E-05,2.594013E-04,.001
2.984492,-1.06812E-04,-6.866502E-05,6.66667E-04
2.985493,-2.28883E-05,-2.441425E-04,6.66667E-04
2.986493,1.3733E-04,-2.13624E-04,-6.66667E-04
2.987494,4.196186E-04,-3.051781E-05,-.002
2.988494,1.144414E-04,8.392381E-05,-.001
2.989495,2.517719E-04,2.059946E-04,-6.66667E-04
2.990495,3.051776E-04,3.12807E-04,-6.66667E-04
2.991496,1.907358E-04,2.288828E-04,-.002
2.992496,0,1.678476E-04,6.66667E-04
2.993497,0,2.517719E-04,-6.66667E-04
2.994497,-3.051781E-05,2.288828E-04,.001
2.995498,7.629441E-05,1.449594E-04,-.001
2.996498,-7.629453E-06,2.288828E-04,-.001
2.997499,-1.525891E-05,1.06812E-04,-2.33333E-03
2.998499,-3.814721E-05,1.907358E-04,-6.66667E-04
2.9995,1.525891E-05,1.525888E-04,6.66667E-04
3.0005,9.918259E-05,1.525891E-05,6.66667E-04
3.001501,1.907358E-04,-1.06812E-04,-6.66667E-04
3.002501,2.212534E-04,-8.392381E-05,6.66667E-04
3.003502,-1.220712E-04,-1.602182E-04,-.002
3.004502,-1.06812E-04,-4.806537E-04,6.66667E-04
3.005503,-3.814721E-05,-4.27248E-04,-.002
3.006503,-3.50954E-04,-2.059946E-04,-.001
3.007504,-5.416907E-04,-3.204364E-04,6.66667E-04
3.008504,-4.577655E-04,-5.340599E-05,-6.66667E-04
3.009505,-2.517719E-04,1.75477E-04,-6.66667E-04
3.010505,-3.738422E-04,2.441425E-04,-.001
3.011506,-3.204364E-04,9.918259E-05,6.66667E-04
3.012506,-1.983652E-04,2.517719E-04,6.66667E-04
3.013507,-2.288828E-04,4.196186E-04,-3.66667E-03
3.014507,-2.441425E-04,2.288828E-04,-6.66667E-04
3.015508,-3.433246E-04,1.75477E-04,6.66667E-04
3.016508,-5.035438E-04,1.907358E-04,-.002
3.017509,-8.697547E-04,-6.103562E-05,-.002
3.018509,-7.40055E-04,0,.001
3.01951,-9.7657E-04,3.662128E-04,-.001
3.02051,-1.289375E-03,4.730243E-04,-6.66667E-04
3.021511,-1.533516E-03,2.059946E-04,.001
3.022511,-1.701362E-03,1.525888E-04,6.66667E-04
3.023512,-1.991287E-03,1.449594E-04,-.002
3.024512,-2.777115E-03,1.220712E-04,-6.66667E-04
3.025513,-3.257766E-03,-3.814721E-05,-6.66667E-04
3.026513,-3.852859E-03,-5.340599E-05,-2.33333E-03
3.027514,-4.966766E-03,-2.746601E-04,-.001
3.028514,-6.362945E-03,-3.204364E-04,-6.66667E-04
3.029515,-7.789642E-03,-2.670307E-04,6.66667E-04
3.030515,-9.719908E-03,-4.043598E-04,-6.66667E-04
3.031516,-1.149756E-02,-6.866492E-04,-6.66667E-04
3.032516,-1.357275E-02,-1.182564E-03,6.66667E-04
3.033517,-.0156098,-1.976028E-03,6.66667E-04
3.034517,-.0170213,-2.288833E-03,6.66667E-04
3.035518,-1.786053E-02,-2.304092E-03,.001
3.036518,-1.718152E-02,-1.838692E-03,.002
3.037519,-1.564038E-02,-1.266487E-03,-.001
3.038519,-1.371008E-02,-9.7657E-04,-.001
3.03952,-1.167303E-02,-8.239783E-04,-6.66667E-04
3.04052,-9.986937E-03,-8.163489E-04,-.002
3.041521,-7.81256E-03,-4.119892E-04,-.001
3.042521,-6.103545E-03,-2.517719E-04,-.002
3.043522,-4.379302E-03,-1.983652E-04,-.002
3.044522,-3.34169E-03,3.051781E-05,-6.66667E-04
3.045523,-2.433792E-03,4.730243E-04,-.002
3.046523,-1.594551E-03,1.449594E-04,-6.66667E-04
3.047524,-1.083381E-03,-1.602182E-04,6.66667E-04
3.048524,-8.468665E-04,2.28883E-05,-6.66667E-04
3.049525,-5.416907E-04,3.814716E-04,-6.66667E-04
3.050525,-5.798377E-04,6.866502E-05,-2.33333E-03
3.051526,-3.662128E-04,7.629441E-05,-6.66667E-04
3.052526,-9.918259E-05,3.051781E-05,-2.33333E-03
3.053527,0,2.059946E-04,.001
3.054527,-4.27248E-04,1.449594E-04,-.001
3.055528,-4.27248E-04,1.297006E-04,-.001
3.056528,-4.196186E-04,4.57766E-05,-.002
3.057529,-1.983652E-04,-2.517719E-04,-.002
3.058529,-1.144414E-04,-1.983652E-04,.001
3.05953,1.449594E-04,-2.822895E-04,-.002
3.06053,1.06812E-04,-1.678476E-04,.001
3.061531,-9.918259E-05,9.918259E-05,-.002
3.062531,-3.204364E-04,-3.051776E-04,-.002
3.063532,-3.738422E-04,-5.188026E-04,-6.66667E-04
3.064532,-2.288828E-04,-7.171668E-04,6.66667E-04
3.065533,-3.814716E-04,-4.730243E-04,2.33333E-03
3.066533,-3.204364E-04,-1.06812E-04,.001
3.067534,-3.356952E-04,-1.525891E-05,-3.66667E-03
3.068534,-1.983652E-04,2.13624E-04,-6.66667E-04
3.069535,1.907358E-04,2.517719E-04,.001
3.070535,3.051776E-04,1.602182E-04,-6.66667E-04
3.071536,2.441425E-04,9.15532E-05,-3.66667E-03
3.072536,1.525891E-05,2.365122E-04,-3.66667E-03
3.073537,-3.051781E-05,-7.629453E-06,6.66667E-04
3.074537,-3.280658E-04,2.212534E-04,-6.66667E-04
3.075538,8.392381E-05,1.220712E-04,6.66667E-04
3.076538,1.220712E-04,4.27248E-04,-3.66667E-03
3.077539,3.433246E-04,5.188026E-04,-.001
3.078539,3.051776E-04,-3.051781E-05,-.002
3.07954,3.051776E-04,-2.13624E-04,6.66667E-04
3.08054,1.525888E-04,2.899189E-04,-6.66667E-04
3.081541,9.918259E-05,4.196186E-04,-.002
3.082541,1.602182E-04,2.441425E-04,-.001
3.083542,-2.28883E-05,1.525888E-04,-.001
3.084542,-1.602182E-04,1.525888E-04,6.66667E-04
3.085543,4.57766E-05,7.629441E-05,.001
3.086543,1.678476E-04,-1.144414E-04,.001
3.087544,-1.525888E-04,-4.27248E-04,-.001
3.088544,-1.983652E-04,-2.899189E-04,-.002
3.089545,-4.57766E-05,-2.059946E-04,-.001
3.090545,-1.297006E-04,-8.392381E-05,-.002
3.091546,-4.119892E-04,5.340599E-05,-.002
3.092546,-5.111732E-04,2.059946E-04,6.66667E-04
3.093547,-3.738422E-04,1.449594E-04,-6.66667E-04
3.094547,-3.662128E-04,-6.866502E-05,-.001
3.095548,8.392381E-05,-3.967304E-04,6.66667E-04
3.096548,-1.525891E-05,-5.874671E-04,-.002
3.097549,-1.297006E-04,-1.983652E-04,-.002
3.098549,-3.662128E-04,-3.051776E-04,6.66667E-04
3.09955,-4.425067E-04,6.866502E-05,-.002
3.10055,-2.517719E-04,3.051781E-05,.001
3.101551,-9.15532E-05,-3.814721E-05,-.002
3.102551,6.103562E-05,9.918259E-05,6.66667E-04
3.103552,-2.13624E-04,-1.06812E-04,-2.33333E-03
3.104552,-5.340599E-05,-2.594013E-04,6.66667E-04
3.105553,3.051781E-05,1.449594E-04,.001
3.106553,-6.103562E-05,1.449594E-04,-.001
3.107554,1.3733E-04,2.441425E-04,-.001
3.108554,3.50954E-04,3.967304E-04,-6.66667E-04
3.109555,4.043598E-04,4.806537E-04,-.001
3.110555,3.662128E-04,1.907358E-04,-.002
3.111556,2.059946E-04,6.103562E-05,-.002
3.112556,5.264319E-04,1.525891E-05,-2.33333E-03
3.113557,6.179847E-04,3.814721E-05,-.001
3.114557,6.713904E-04,-1.831064E-04,.001
3.115558,4.119892E-04,-2.288828E-04,-6.66667E-04
3.116558,6.866502E-05,-3.356952E-04,-.001
3.117559,3.814716E-04,-2.975482E-04,.001
3.118559,5.722083E-04,-2.670307E-04,-6.66667E-04
3.11956,4.196186E-04,9.918259E-05,-.002
3.12056,2.746601E-04,3.738422E-04,-3.66667E-03
3.121561,1.525888E-04,2.594013E-04,.001
3.122561,-6.866502E-05,0,-6.66667E-04
3.123562,-2.13624E-04,-9.918259E-05,-6.66667E-04
3.124562,-6.103562E-05,-1.75477E-04,-6.66667E-04
3.125563,5.340599E-05,3.50954E-04,-3.66667E-03
3.126563,-1.449594E-04,6.027259E-04,-.001
3.127564,2.28883E-05,5.340613E-04,-.001
3.128564,-5.340599E-05,3.738422E-04,-6.66667E-04
3.129565,2.13624E-04,5.340599E-05,.001
3.130565,2.212534E-04,1.220712E-04,-.002
3.131566,-3.280658E-04,1.907358E-04,-6.66667E-04
3.132566,-2.822895E-04,3.356952E-04,-6.66667E-04
3.133567,-2.822895E-04,2.517719E-04,-6.66667E-04
3.134567,-5.798377E-04,4.57766E-05,6.66667E-04
3.135568,-3.814716E-04,1.907358E-04,.002
3.136568,-3.280658E-04,-4.57766E-05,6.66667E-04
3.137569,0,-3.50954E-04,-6.66667E-04
3.138569,-1.06812E-04,-1.75477E-04,-6.66667E-04
3.13957,-3.051781E-05,-5.340599E-05,-.001
3.14057,-1.983652E-04,-7.629441E-05,.001
3.141571,-3.356952E-04,9.918259E-05,-6.66667E-04
3.142571,-3.433246E-04,1.144414E-04,-6.66667E-04
3.143572,-2.28883E-05,9.918259E-05,-6.66667E-04
3.144572,-3.814721E-05,-6.866502E-05,-.001
3.145573,1.831064E-04,-7.629453E-06,-.001
3.146573,5.340599E-05,-7.629441E-05,-.001
3.147574,2.28883E-05,-1.602182E-04,-6.66667E-04
3.148574,1.831064E-04,-2.28883E-05,.001
3.149575,1.144414E-04,-6.103562E-05,-3.66667E-03
3.150575,-3.204364E-04,1.220712E-04,6.66667E-04
3.151576,-6.942786E-04,3.051781E-05,-.001
3.152576,-5.569495E-04,1.3733E-04,-.001
3.153577,-6.866502E-05,1.831064E-04,6.66667E-04
3.154577,1.297006E-04,2.288828E-04,6.66667E-04
3.155578,1.220712E-04,9.15532E-05,.001
3.156578,2.670307E-04,0,6.66667E-04
3.157579,3.585834E-04,5.340599E-05,.001
3.158579,1.525888E-04,3.12807E-04,-.002
3.15958,3.051781E-05,3.967304E-04,-3.66667E-03
3.16058,3.814721E-05,2.13624E-04,-.002
3.161581,2.594013E-04,1.3733E-04,-2.33333E-03
3.162581,1.297006E-04,3.051781E-05,6.66667E-04
3.163582,-7.629441E-05,2.212534E-04,.001
3.164582,-7.629453E-06,-1.3733E-04,6.66667E-04
3.165583,2.441425E-04,-5.111732E-04,-6.66667E-04
3.166583,1.831064E-04,-2.899189E-04,-2.33333E-03
3.167584,2.517719E-04,0,-.001
3.168584,3.662128E-04,9.15532E-05,-.002
3.169585,1.983652E-04,9.918259E-05,-.001
3.170585,-2.822895E-04,1.297006E-04,-.001
3.171586,-4.27248E-04,3.814721E-05,-.002
3.172586,-6.408729E-04,-1.144414E-04,-6.66667E-04
3.173587,-6.713904E-04,1.525888E-04,-.002
3.174587,-5.340613E-04,5.340613E-04,6.66667E-04
3.175588,-3.433246E-04,4.348774E-04,-6.66667E-04
3.176588,-3.204364E-04,5.340613E-04,.001
3.177589,-1.678476E-04,3.967304E-04,-6.66667E-04
3.178589,-2.441425E-04,1.449594E-04,-.002
3.17959,-1.06812E-04,-2.441425E-04,-.001
3.18059,-3.051776E-04,-5.340613E-04,-2.33333E-03
3.181591,-4.959144E-04,-3.662128E-04,.001
3.182591,-2.594013E-04,3.814721E-05,.001
3.183592,-4.57766E-05,-6.866502E-05,-6.66667E-04
3.184592,-1.602182E-04,-5.340599E-05,-6.66667E-04
3.185593,-1.3733E-04,7.629441E-05,-2.33333E-03
3.186593,-3.051781E-05,1.525891E-05,-6.66667E-04
3.187594,1.06812E-04,1.220712E-04,6.66667E-04
3.188594,-9.15532E-05,9.918259E-05,.001
3.189595,-1.3733E-04,1.907358E-04,.001
3.190595,-2.670307E-04,-5.340599E-05,.001
3.191596,-9.15532E-05,1.297006E-04,-.001
3.192596,-2.822895E-04,3.204364E-04,-.001
3.193597,-1.75477E-04,2.594013E-04,6.66667E-04
3.194597,-1.678476E-04,1.449594E-04,-.001
3.195598,-3.051776E-04,2.594013E-04,-.002
3.196598,-3.204364E-04,4.730243E-04,6.66667E-04
3.197599,-4.119892E-04,4.730243E-04,.001
3.198599,-3.204364E-04,2.13624E-04,-.001
3.1996,-2.746601E-04,1.144414E-04,-.002
3.2006,-3.89101E-04,-2.517719E-04,-2.33333E-03
3.201601,-4.730243E-04,-2.365122E-04,-6.66667E-04
3.202601,-5.493201E-04,-5.340599E-05,-6.66667E-04
3.203602,-5.569495E-04,0,-.002
3.204602,-7.553138E-04,1.525888E-04,-.002
3.205603,-5.950965E-04,2.059946E-04,2.33333E-03
3.206603,-7.78202E-04,1.831064E-04,-6.66667E-04
3.207604,-6.866492E-04,4.57766E-05,6.66667E-04
3.208604,-8.773841E-04,4.57766E-05,-.001
3.209605,-9.841993E-04,-9.918259E-05,.001
3.210605,-4.88285E-04,3.433246E-04,.001
3.211606,-3.50954E-04,6.561317E-04,6.66667E-04
3.212606,-5.645789E-04,2.365122E-04,-6.66667E-04
3.213607,-5.188026E-04,4.730243E-04,.001
3.214607,-7.553138E-04,7.629453E-06,6.66667E-04
3.215608,-7.324256E-04,1.831064E-04,-.002
3.216608,-7.476844E-04,4.501361E-04,-3.66667E-03
3.217609,-9.307899E-04,4.196186E-04,.001
3.218609,-7.934608E-04,1.75477E-04,3.66667E-03
3.21961,-1.037605E-03,0,2.33333E-03
3.22061,-9.460486E-04,1.144414E-04,-6.66667E-04
3.221611,-6.103553E-04,1.220712E-04,.002
3.222611,-5.874671E-04,1.525888E-04,.001
3.223612,-6.103553E-04,2.288828E-04,-6.66667E-04
3.224612,-7.40055E-04,1.297006E-04,-.002
3.225613,-8.697547E-04,2.517719E-04,6.66667E-04
3.226614,-9.53678E-04,2.975482E-04,-.001
3.227614,-8.697547E-04,2.899189E-04,-.002
3.228614,-8.163489E-04,9.15532E-05,6.66667E-04
3.229615,-5.950965E-04,2.288828E-04,-.002
3.230615,-3.738422E-04,2.975482E-04,.001
3.231616,-4.27248E-04,1.220712E-04,.001
3.232616,-5.950965E-04,1.449594E-04,-6.66667E-04
3.233617,-5.798377E-04,8.392381E-05,.001
3.234617,-9.384193E-04,1.449594E-04,-.002
3.235618,-1.319893E-03,2.059946E-04,.002
3.236619,-1.48011E-03,1.297006E-04,-.001
3.237619,-1.747139E-03,-7.629453E-06,6.66667E-04
3.238619,-1.976028E-03,1.144414E-04,-.001
3.23962,-2.304092E-03,9.15532E-05,-6.66667E-04
3.24062,-2.906814E-03,-4.501361E-04,6.66667E-04
3.241621,-3.952056E-03,-6.256141E-04,.001
3.242621,-5.271941E-03,-3.356952E-04,-.001
3.243622,-6.279022E-03,-4.806537E-04,-.001
3.244622,-7.881224E-03,-5.035438E-04,-6.66667E-04
3.245623,-9.704649E-03,-1.014717E-03,6.66667E-04
3.246624,-1.177984E-02,-1.441963E-03,-6.66667E-04
3.247624,-1.391608E-02,-1.701362E-03,.001
3.248624,-1.610577E-02,-1.73188E-03,.001
3.249625,-1.825726E-02,-1.838692E-03,-.001
3.250625,-2.050793E-02,-2.250686E-03,-2.33333E-03
3.251626,-.0226289,-2.670303E-03,-6.66667E-04
3.252626,-2.398694E-02,-2.632156E-03,-6.66667E-04
3.253627,-2.426159E-02,-2.616897E-03,-2.33333E-03
3.254627,-2.354443E-02,-2.639785E-03,-.002
3.255628,-2.238476E-02,-2.540603E-03,-.002
3.256629,-2.082074E-02,-2.32698E-03,-.002
3.257629,-.0190202,-2.037063E-03,-.002
3.258629,-1.690686E-02,-1.304634E-03,-6.66667E-04
3.25963,-1.428229E-02,-8.926429E-04,-.002
3.26063,-1.152045E-02,-9.231605E-04,-.001
3.261631,-9.132445E-03,-1.007088E-03,-.002
3.262631,-7.240325E-03,-7.705726E-04,6.66667E-04
3.263632,-5.378753E-03,-3.662128E-04,-.001
3.264632,-4.020721E-03,-7.247962E-04,6.66667E-04
3.265633,-3.158584E-03,-2.746601E-04,-.002
3.266634,-2.601638E-03,1.907358E-04,-.001
3.267634,-2.258316E-03,1.525888E-04,.001
3.268634,-1.983657E-03,7.629453E-06,.001
3.269635,-1.487739E-03,1.449594E-04,-.002
3.270635,-1.182564E-03,1.525888E-04,-.002
3.271636,-9.7657E-04,1.907358E-04,6.66667E-04
3.272636,-6.866492E-04,-2.13624E-04,-6.66667E-04
3.273637,-6.561317E-04,-2.441425E-04,-.001
3.274637,-3.585834E-04,-9.918259E-05,-.001
3.275638,-4.653949E-04,-4.57766E-05,6.66667E-04
3.276639,-3.204364E-04,2.746601E-04,.002
3.277639,-3.204364E-04,3.12807E-04,-.001
3.278639,-2.822895E-04,5.264319E-04,-.001
3.27964,-4.27248E-04,6.790198E-04,-.001
3.28064,-4.806537E-04,4.959144E-04,-.002
3.281641,-3.12807E-04,2.441425E-04,2.33333E-03
3.282641,-3.585834E-04,3.662128E-04,-.002
3.283642,-5.416907E-04,-9.918259E-05,6.66667E-04
3.284642,-5.340613E-04,-4.27248E-04,2.33333E-03
3.285643,-5.569495E-04,-4.27248E-04,-6.66667E-04
3.286644,-2.13624E-04,-5.340613E-04,6.66667E-04
3.287644,-4.88285E-04,-3.738422E-04,-6.66667E-04
3.288644,-5.798377E-04,-5.493201E-04,6.66667E-04
3.289645,-4.119892E-04,-2.517719E-04,-6.66667E-04
3.290645,-3.738422E-04,3.051781E-05,.001
3.291646,-3.204364E-04,-9.15532E-05,-.002
3.292646,-2.975482E-04,-7.629441E-05,-.001
3.293647,-2.670307E-04,-1.678476E-04,.002
3.294647,-5.340613E-04,-1.602182E-04,-.001
3.295648,-6.713904E-04,1.75477E-04,.001
3.296649,-5.111732E-04,4.57766E-05,.001
3.297649,-2.212534E-04,-2.975482E-04,6.66667E-04
3.298649,-2.899189E-04,-5.416907E-04,.001
3.29965,-3.662128E-04,-4.88285E-04,.001
3.30065,-2.594013E-04,-4.348774E-04,-6.66667E-04
3.301651,3.814721E-05,-2.746601E-04,-.002
3.302651,1.983652E-04,0,-6.66667E-04
3.303652,-3.051781E-05,-1.3733E-04,-.002
3.304652,-3.280658E-04,-4.806537E-04,-3.66667E-03
3.305653,-4.119892E-04,-2.822895E-04,-.002
3.306653,-2.975482E-04,1.831064E-04,-6.66667E-04
3.307654,-3.967304E-04,2.975482E-04,-.001
3.308654,-4.348774E-04,4.043598E-04,-.001
3.309655,-5.874671E-04,3.662128E-04,-.002
3.310655,-4.653949E-04,1.75477E-04,-.001
3.311656,-4.27248E-04,1.831064E-04,-2.33333E-03
3.312656,-2.746601E-04,4.653949E-04,.001
3.313657,-7.629441E-05,3.051776E-04,-.001
3.314657,3.12807E-04,1.907358E-04,-6.66667E-04
3.315658,1.602182E-04,1.602182E-04,-.002
3.316658,-1.602182E-04,2.059946E-04,-.002
3.317659,-9.918259E-05,4.27248E-04,6.66667E-04
3.318659,-1.602182E-04,2.059946E-04,6.66667E-04
3.31966,-2.975482E-04,1.525888E-04,-.001
3.32066,1.75477E-04,2.670307E-04,-.001
3.321661,-7.629441E-05,3.50954E-04,-6.66667E-04
3.322661,-3.204364E-04,4.577655E-04,-.001
3.323662,-1.525888E-04,2.059946E-04,-6.66667E-04
3.324662,-6.103562E-05,3.738422E-04,-2.33333E-03
3.325663,-2.288828E-04,4.57766E-05,-.002
3.326663,-4.806537E-04,-6.866502E-05,-.001
3.327664,-4.196186E-04,1.449594E-04,.001
3.328664,-2.441425E-04,4.196186E-04,-6.66667E-04
3.329665,6.866502E-05,6.256141E-04,-.002
3.330665,-7.629453E-06,6.408729E-04,-.001
3.331666,9.15532E-05,6.103553E-04,2.33333E-03
3.332666,2.28883E-05,6.027259E-04,6.66667E-04
3.333667,-2.059946E-04,3.662128E-04,-6.66667E-04
3.334667,-5.569495E-04,2.059946E-04,-.001
3.335668,-5.874671E-04,2.212534E-04,-.001
3.336668,-7.095374E-04,9.918259E-05,-.001
3.337669,-4.88285E-04,-5.340599E-05,-.002
3.338669,-2.594013E-04,4.57766E-05,-.001
3.33967,-2.746601E-04,4.57766E-05,-6.66667E-04
3.34067,-1.449594E-04,7.629441E-05,-6.66667E-04
3.341671,-1.525891E-05,-2.13624E-04,-.001
3.342671,-6.103562E-05,9.15532E-05,6.66667E-04
3.343672,4.57766E-05,1.831064E-04,-.001
3.344672,-1.602182E-04,3.585834E-04,.001
3.345673,-2.746601E-04,5.645789E-04,.001
3.346673,-3.738422E-04,7.095374E-04,-.002
3.347674,-2.13624E-04,7.705726E-04,-.002
3.348674,2.28883E-05,7.934608E-04,-.002
3.349675,-4.57766E-05,6.408729E-04,-.002
3.350675,-4.043598E-04,6.179847E-04,-6.66667E-04
3.351676,-1.831064E-04,5.722083E-04,2.33333E-03
3.352676,1.3733E-04,3.12807E-04,-6.66667E-04
3.353677,1.831064E-04,6.103562E-05,2.33333E-03
3.354677,-2.441425E-04,6.866502E-05,6.66667E-04
3.355678,-3.738422E-04,6.103562E-05,-6.66667E-04
3.356678,-3.12807E-04,0,6.66667E-04
3.357679,-9.918259E-05,7.629441E-05,-.002
3.358679,-2.13624E-04,4.57766E-05,-6.66667E-04
3.35968,-1.678476E-04,2.212534E-04,-.002
3.36068,-3.12807E-04,1.525888E-04,-.001
3.361681,-2.517719E-04,2.899189E-04,-6.66667E-04
3.362681,-3.280658E-04,2.975482E-04,-.001
3.363682,-4.196186E-04,-9.15532E-05,-.002
3.364682,-8.087195E-04,-2.594013E-04,.001
3.365683,-9.460486E-04,5.340599E-05,-.002
3.366683,-8.926429E-04,3.814716E-04,.001
3.367684,-1.167305E-03,2.365122E-04,.001
3.368684,-1.251228E-03,7.629441E-05,-.001
3.369685,-1.327522E-03,-5.340599E-05,6.66667E-04
3.370685,-1.647957E-03,8.392381E-05,.001
3.371686,-2.525344E-03,1.144414E-04,-3.66667E-03
3.372686,-2.96022E-03,-2.28883E-05,-6.66667E-04
3.373687,-3.173843E-03,-4.57766E-05,-6.66667E-04
3.374687,-3.288284E-03,5.340599E-05,-.002
3.375688,-3.578201E-03,-3.967304E-04,-.001
3.376688,-3.868118E-03,-5.798377E-04,6.66667E-04
3.377689,-4.28012E-03,-3.433246E-04,-6.66667E-04
3.378689,-4.638702E-03,-1.3733E-04,-.001
3.37969,-4.226714E-03,6.103562E-05,-.001
3.38069,-3.791824E-03,-2.288828E-04,-.001
3.381691,-3.456131E-03,-3.051776E-04,-.001
3.382691,-3.417984E-03,-3.204364E-04,-6.66667E-04
3.383692,-2.807632E-03,-1.678476E-04,6.66667E-04
3.384692,-2.243057E-03,-3.051776E-04,6.66667E-04
3.385693,-1.922615E-03,-2.899189E-04,-6.66667E-04
3.386693,-1.60981E-03,-4.27248E-04,-2.33333E-03
3.387694,-1.548775E-03,-1.831064E-04,.002
3.388694,-1.441963E-03,-1.449594E-04,6.66667E-04
3.389695,-1.052864E-03,7.629453E-06,-.002
3.390696,-5.874671E-04,-5.340599E-05,-6.66667E-04
3.391696,-8.392381E-05,-3.051781E-05,-6.66667E-04
3.392696,-4.27248E-04,-2.441425E-04,-6.66667E-04
3.393697,-6.179847E-04,2.059946E-04,-.001
3.394697,-5.645789E-04,1.831064E-04,.001
3.395698,-2.517719E-04,-1.602182E-04,.001
3.396698,4.57766E-05,-6.866502E-05,-.001
3.397699,1.449594E-04,-1.297006E-04,-6.66667E-04
3.398699,-7.629441E-05,-5.340599E-05,.002
3.3997,-2.288828E-04,3.585834E-04,6.66667E-04
3.400701,-4.653949E-04,3.356952E-04,-.002
3.401701,-6.561317E-04,3.814721E-05,.002
3.402701,-7.40055E-04,-3.051781E-05,-.001
3.403702,-2.975482E-04,-2.822895E-04,-.002
3.404702,-1.06812E-04,1.525888E-04,.001
3.405703,0,3.051776E-04,-.001
3.406703,2.288828E-04,4.348774E-04,.001
3.407704,-1.449594E-04,0,-.002
3.408704,-2.975482E-04,1.449594E-04,-6.66667E-04
3.409705,-3.585834E-04,0,-.002
3.410706,-3.204364E-04,3.814721E-05,-.001
3.411706,-6.408729E-04,3.433246E-04,-.001
3.412706,-7.476844E-04,7.629441E-05,-.004
3.413707,-6.027259E-04,0,6.66667E-04
3.414707,-3.662128E-04,2.899189E-04,-.002
3.415708,-1.678476E-04,1.75477E-04,-6.66667E-04
3.416708,-1.75477E-04,-1.831064E-04,-.001
3.417709,-2.288828E-04,-2.822895E-04,-.002
3.418709,-3.50954E-04,-1.525888E-04,.001
3.41971,-1.75477E-04,-2.746601E-04,-.002
3.420711,-8.392381E-05,-1.220712E-04,.001
3.421711,-1.602182E-04,-1.220712E-04,-6.66667E-04
3.422711,-3.50954E-04,-2.13624E-04,-2.33333E-03
3.423712,-3.967304E-04,-3.89101E-04,.001
3.424712,-2.441425E-04,-1.144414E-04,-.001
3.425713,-5.798377E-04,-3.50954E-04,.001
3.426713,-5.798377E-04,-3.738422E-04,-.001
3.427714,-6.485023E-04,1.220712E-04,-.001
3.428714,-4.88285E-04,2.899189E-04,-.002
3.429715,-2.517719E-04,2.822895E-04,-6.66667E-04
3.430716,-3.204364E-04,2.975482E-04,.001
3.431716,0,4.043598E-04,-.001
3.432716,6.103562E-05,1.831064E-04,-.002
3.433717,-1.3733E-04,-6.103562E-05,-.001
3.434717,-6.103562E-05,-1.678476E-04,-.001
3.435718,7.629441E-05,-2.288828E-04,-6.66667E-04
3.436718,6.866502E-05,-9.15532E-05,.001
3.437719,3.814721E-05,-9.918259E-05,-.001
3.438719,-6.866502E-05,-2.517719E-04,.002
3.43972,1.449594E-04,1.06812E-04,.002
3.440721,1.525888E-04,1.144414E-04,6.66667E-04
3.441721,0,2.975482E-04,-6.66667E-04
3.442721,1.449594E-04,1.449594E-04,6.66667E-04
3.443722,1.3733E-04,-1.75477E-04,.001
3.444722,1.678476E-04,-6.866502E-05,-.001
3.445723,2.212534E-04,-2.13624E-04,-6.66667E-04
3.446723,4.88285E-04,-1.525888E-04,-.001
3.447724,1.602182E-04,9.15532E-05,-6.66667E-04
3.448724,-1.297006E-04,-9.918259E-05,-6.66667E-04
3.449725,-3.50954E-04,-2.365122E-04,-.002
3.450726,-2.670307E-04,-2.670307E-04,6.66667E-04
3.451726,-1.75477E-04,2.28883E-05,-3.66667E-03
3.452726,-1.06812E-04,3.204364E-04,-6.66667E-04
3.453727,-2.670307E-04,2.670307E-04,-.001
3.454727,-1.220712E-04,1.525888E-04,-.001
3.455728,-2.746601E-04,9.15532E-05,-6.66667E-04
3.456728,-1.297006E-04,0,-.001
3.457729,-4.501361E-04,-3.814721E-05,-.001
3.458729,-5.569495E-04,-1.220712E-04,-6.66667E-04
3.45973,-4.043598E-04,-2.365122E-04,-6.66667E-04
3.460731,-6.332435E-04,-2.059946E-04,-.001
3.461731,-8.926429E-04,-7.629441E-05,.001
3.462731,-1.640327E-03,-1.3733E-04,.001
3.463732,-2.20491E-03,-1.220712E-04,-3.66667E-03
3.464732,-2.639785E-03,2.594013E-04,-6.66667E-04
3.465733,-3.524795E-03,2.746601E-04,-6.66667E-04
3.466733,-3.929168E-03,-1.75477E-04,-6.66667E-04
3.467734,-4.65396E-03,-2.899189E-04,-.001
3.468734,-5.53897E-03,-3.280658E-04,-3.66667E-03
3.469735,-6.42398E-03,-3.662128E-04,-.002
3.470736,-6.828338E-03,-6.256141E-04,-6.66667E-04
3.471736,-7.064849E-03,-5.722083E-04,-.002
3.472736,-7.102996E-03,-6.408729E-04,6.66667E-04
3.473737,-6.782562E-03,-6.103553E-04,6.66667E-04
3.474737,-6.500274E-03,-4.27248E-04,-2.33333E-03
3.475738,-6.256133E-03,-1.831064E-04,-.001
3.476738,-5.813628E-03,-7.629441E-05,6.66667E-04
3.477739,-5.386382E-03,-2.13624E-04,-.001
3.478739,-4.837066E-03,-2.441425E-04,-2.33333E-03
3.47974,-3.532425E-03,-4.348774E-04,-6.66667E-04
3.480741,-3.013626E-03,-2.899189E-04,6.66667E-04
3.481741,-2.471939E-03,0,-.001
3.482741,-1.86158E-03,-3.051781E-05,6.66667E-04
3.483742,-1.617439E-03,1.525888E-04,6.66667E-04
3.484742,-1.579292E-03,7.629441E-05,.001
3.485743,-1.35804E-03,1.602182E-04,-3.66667E-03
3.486743,-1.136787E-03,-2.899189E-04,.001
3.487744,-9.002723E-04,-4.653949E-04,-.001
3.488744,-8.468665E-04,-3.738422E-04,6.66667E-04
3.489745,-5.035438E-04,-1.831064E-04,6.66667E-04
3.490746,-7.629441E-05,-1.525891E-05,-.002
3.491746,0,1.449594E-04,-2.33333E-03
3.492746,1.907358E-04,-1.06812E-04,-.001
3.493747,3.814721E-05,3.662128E-04,.001
3.494747,-2.059946E-04,4.501361E-04,.001
3.495748,-2.670307E-04,-5.340599E-05,-6.66667E-04
3.496748,0,-2.899189E-04,-.001
3.497749,5.340599E-05,-2.670307E-04,6.66667E-04
3.498749,9.15532E-05,-2.746601E-04,-6.66667E-04
3.49975,1.144414E-04,-1.831064E-04,.001
3.500751,-3.814721E-05,-1.525891E-05,6.66667E-04
3.501751,-2.365122E-04,-6.103562E-05,-.001
3.502751,-1.907358E-04,-1.907358E-04,-.002
3.503752,-5.340599E-05,2.13624E-04,.001
3.504752,1.525888E-04,1.297006E-04,-2.33333E-03
3.505753,-1.449594E-04,-3.12807E-04,-6.66667E-04
3.506753,-2.13624E-04,-3.585834E-04,-.001
3.507754,-8.392381E-05,-3.89101E-04,-6.66667E-04
3.508754,-1.983652E-04,-3.738422E-04,-6.66667E-04
3.509755,-2.975482E-04,-1.75477E-04,-6.66667E-04
3.510756,-2.594013E-04,-3.433246E-04,-6.66667E-04
3.511756,-3.204364E-04,-5.950965E-04,-6.66667E-04
3.512756,-5.722083E-04,-4.425067E-04,-.001
3.513757,-6.027259E-04,-1.297006E-04,-.001
3.514757,-3.738422E-04,-5.340599E-05,.001
3.515758,-3.204364E-04,-2.670307E-04,6.66667E-04
3.516758,-2.594013E-04,-3.12807E-04,-2.33333E-03
3.517759,-1.3733E-04,-2.822895E-04,-.001
3.518759,-1.3733E-04,-6.866502E-05,6.66667E-04
3.51976,-1.602182E-04,-2.441425E-04,-.002
3.520761,-8.392381E-05,-4.043598E-04,6.66667E-04
3.521761,1.602182E-04,-2.517719E-04,-.002
3.522761,-2.28883E-05,-8.392381E-05,-6.66667E-04
3.523762,3.051776E-04,6.103562E-05,6.66667E-04
3.524762,9.918259E-05,-1.525891E-05,.001
3.525763,2.28883E-05,-2.288828E-04,-2.33333E-03
3.526763,3.814721E-05,-7.629441E-05,-6.66667E-04
3.527764,2.288828E-04,-1.525891E-05,.001
3.528764,3.814721E-05,-3.356952E-04,-.002
3.529765,1.144414E-04,-1.831064E-04,-6.66667E-04
3.530766,1.3733E-04,2.28883E-05,-3.66667E-03
3.531766,1.220712E-04,3.051781E-05,-.001
3.532766,2.746601E-04,-1.983652E-04,2.33333E-03
3.533767,0,-1.907358E-04,-.001
3.534767,-7.629441E-05,-1.831064E-04,-.001
3.535768,0,-2.517719E-04,-.001
3.536768,-4.653949E-04,-3.814721E-05,6.66667E-04
3.537769,-3.433246E-04,1.449594E-04,-.001
3.538769,-3.280658E-04,-1.449594E-04,-.001
3.53977,-5.264319E-04,-9.918259E-05,-.002
3.540771,-6.332435E-04,-1.983652E-04,-.002
3.541771,-8.544959E-04,-3.89101E-04,-.001
3.542771,-7.40055E-04,-3.051776E-04,-.001
3.543772,-9.002723E-04,-2.670307E-04,-.002
3.544772,-4.959144E-04,-7.629453E-06,-.001
3.545773,-3.738422E-04,-2.517719E-04,.002
3.546773,-4.57766E-05,-2.13624E-04,-6.66667E-04
3.547774,0,0,.002
3.548774,-2.288828E-04,4.57766E-05,-6.66667E-04
3.549775,-4.27248E-04,-1.06812E-04,-.002
3.550776,-3.89101E-04,-1.297006E-04,-6.66667E-04
3.551776,-2.13624E-04,-2.594013E-04,-6.66667E-04
3.552776,-3.051776E-04,-9.15532E-05,-.001
3.553777,-2.746601E-04,1.144414E-04,-.002
3.554777,-3.280658E-04,6.103562E-05,-.001
3.555778,-1.75477E-04,4.57766E-05,6.66667E-04
3.556778,-1.525891E-05,1.144414E-04,-6.66667E-04
3.557779,-1.06812E-04,1.983652E-04,-.001
3.558779,-1.06812E-04,-1.831064E-04,.002
3.55978,-3.738422E-04,-4.043598E-04,6.66667E-04
3.560781,-3.12807E-04,-4.88285E-04,-.002
3.561781,-1.75477E-04,-2.822895E-04,-6.66667E-04
3.562781,1.297006E-04,-8.392381E-05,6.66667E-04
3.563782,2.212534E-04,2.365122E-04,-.002
3.564783,2.441425E-04,2.670307E-04,6.66667E-04
3.565783,4.57766E-05,-5.340599E-05,.001
3.566783,3.814721E-05,9.918259E-05,6.66667E-04
3.567784,9.15532E-05,-7.629453E-06,6.66667E-04
3.568784,-1.525891E-05,3.051781E-05,.001
3.569785,-9.918259E-05,-1.06812E-04,.001
3.570786,-3.051776E-04,-3.585834E-04,.001
3.571786,-4.501361E-04,-3.280658E-04,-6.66667E-04
3.572786,-5.340613E-04,-4.348774E-04,-6.66667E-04
3.573787,-3.814716E-04,-3.585834E-04,-.002
3.574788,-1.06812E-04,9.15532E-05,-6.66667E-04
3.575788,1.06812E-04,-8.392381E-05,.001
3.576788,1.75477E-04,-5.645789E-04,-6.66667E-04
3.577789,1.525888E-04,-2.975482E-04,6.66667E-04
3.578789,8.392381E-05,-3.814721E-05,6.66667E-04
3.57979,2.517719E-04,-2.288828E-04,-6.66667E-04
3.580791,-2.746601E-04,-2.517719E-04,-.002
3.581791,-6.866502E-05,-2.365122E-04,-6.66667E-04
3.582791,-1.907358E-04,-8.392381E-05,.001
3.583792,-2.441425E-04,6.866502E-05,6.66667E-04
3.584793,-1.525888E-04,2.975482E-04,-6.66667E-04
3.585793,-3.204364E-04,5.264319E-04,-2.33333E-03
3.586793,-1.602182E-04,2.594013E-04,-6.66667E-04
3.587794,-3.051776E-04,-1.297006E-04,-.001
3.588794,-2.441425E-04,-2.212534E-04,.001
3.589795,2.28883E-05,-3.051776E-04,6.66667E-04
3.590796,-2.13624E-04,-2.13624E-04,-6.66667E-04
3.591796,-1.06812E-04,2.13624E-04,2.33333E-03
3.592796,-2.594013E-04,2.822895E-04,-.002
3.593797,-4.730243E-04,2.746601E-04,6.66667E-04
3.594798,-1.983652E-04,1.525891E-05,-6.66667E-04
3.595798,-1.678476E-04,-1.3733E-04,-6.66667E-04
3.596798,-6.866502E-05,-1.602182E-04,-6.66667E-04
3.597799,-4.57766E-05,-1.75477E-04,-6.66667E-04
3.598799,-2.670307E-04,-1.449594E-04,-6.66667E-04
3.5998,-5.111732E-04,-6.103562E-05,-.001
3.600801,-6.332435E-04,-2.28883E-05,-.002
3.601801,-9.231605E-04,-3.662128E-04,-.001
3.602801,-1.502998E-03,-4.119892E-04,-6.66667E-04
3.603802,-2.021804E-03,-2.13624E-04,-6.66667E-04
3.604803,-2.845779E-03,3.204364E-04,-6.66667E-04
3.605803,-3.486648E-03,6.942786E-04,.002
3.606803,-4.333526E-03,5.493201E-04,-.001
3.607804,-6.202728E-03,5.111732E-04,6.66667E-04
3.608804,-8.773863E-03,3.12807E-04,-.002
3.609805,-1.132208E-02,1.525891E-05,-.002
3.610806,-1.293188E-02,4.57766E-05,-.001
3.611806,-1.342016E-02,-5.874671E-04,.001
3.612806,-1.347357E-02,-7.705726E-04,.002
3.613807,-1.316077E-02,-3.89101E-04,-.001
3.614808,-1.158148E-02,-1.144414E-04,-.002
3.615808,-9.178221E-03,-3.356952E-04,-6.66667E-04
3.616808,-7.286102E-03,-1.297006E-04,.001
3.617809,-5.699188E-03,-4.57766E-05,-6.66667E-04
3.618809,-4.547149E-03,-7.629453E-06,-.001
3.61981,-3.067032E-03,0,6.66667E-04
3.620811,-2.174392E-03,1.983652E-04,-.001
3.621811,-1.579292E-03,4.806537E-04,6.66667E-04
3.622811,-7.40055E-04,5.493201E-04,-.002
3.623812,-4.806537E-04,2.28883E-05,.001
3.624813,-3.89101E-04,-8.392381E-05,6.66667E-04
3.625813,-6.408729E-04,2.28883E-05,.001
3.626813,-5.111732E-04,-1.602182E-04,-6.66667E-04
3.627814,-3.280658E-04,-1.297006E-04,2.33333E-03
3.628814,-1.75477E-04,-7.629453E-06,.001
3.629815,-1.678476E-04,2.899189E-04,-2.33333E-03
3.630816,-2.365122E-04,1.831064E-04,-6.66667E-04
3.631816,1.831064E-04,3.967304E-04,-.001
3.632816,-5.340599E-05,1.907358E-04,-.002
3.633817,-5.340599E-05,4.806537E-04,-.002
3.634818,3.662128E-04,3.051776E-04,-3.66667E-03
3.635818,5.874671E-04,-1.831064E-04,6.66667E-04
3.636818,1.907358E-04,-4.57766E-05,-6.66667E-04
3.637819,5.340599E-05,5.493201E-04,-.001
3.638819,1.602182E-04,8.621253E-04,-2.33333E-03
3.63982,4.196186E-04,6.790198E-04,-.001
3.640821,2.365122E-04,6.256141E-04,-6.66667E-04
3.641821,1.144414E-04,1.907358E-04,-.001
3.642821,1.525888E-04,-3.967304E-04,.001
3.643822,3.051781E-05,-4.88285E-04,-6.66667E-04
3.644823,2.212534E-04,-2.746601E-04,-.002
3.645823,3.280658E-04,-2.670307E-04,-2.33333E-03
3.646823,3.585834E-04,-3.814721E-05,.002
3.647824,3.204364E-04,2.13624E-04,-.001
3.648824,1.3733E-04,1.678476E-04,.001
3.649825,1.678476E-04,-3.12807E-04,6.66667E-04
3.650826,1.06812E-04,-2.594013E-04,-.001
3.651826,6.103562E-05,-1.602182E-04,-.002
3.652826,6.103562E-05,-1.602182E-04,.001
3.653827,1.525888E-04,-1.602182E-04,-6.66667E-04
3.654828,2.594013E-04,-2.212534E-04,-.001
3.655828,-9.918259E-05,-1.831064E-04,-.002
3.656828,1.525888E-04,-1.602182E-04,-.001
3.657829,-5.340599E-05,-2.746601E-04,6.66667E-04
3.658829,4.119892E-04,-1.602182E-04,.002
3.65983,6.332435E-04,1.525888E-04,.001
3.66083,1.75477E-04,4.653949E-04,6.66667E-04
3.661831,1.525888E-04,1.525888E-04,6.66667E-04
3.662831,1.525888E-04,9.15532E-05,.001
3.663832,0,-3.051781E-05,-.001
3.664833,1.678476E-04,-2.212534E-04,-.001
3.665833,1.297006E-04,-2.670307E-04,-.002
3.666833,-2.822895E-04,-3.204364E-04,-.001
3.667834,-3.738422E-04,-1.75477E-04,-.001
3.668834,-5.188026E-04,-1.297006E-04,-.002
3.669835,-2.594013E-04,-3.280658E-04,.002
3.670835,-1.831064E-04,-2.365122E-04,-6.66667E-04
3.671836,6.103562E-05,2.059946E-04,-.001
3.672836,1.525888E-04,6.485023E-04,6.66667E-04
3.673837,-3.356952E-04,2.517719E-04,-.001
3.674838,-3.356952E-04,1.06812E-04,-.001
3.675838,-2.288828E-04,1.75477E-04,.001
3.676838,-1.907358E-04,4.196186E-04,-6.66667E-04
3.677839,-1.449594E-04,6.63761E-04,-.001
3.678839,4.348774E-04,3.280658E-04,6.66667E-04
3.67984,2.594013E-04,2.594013E-04,-2.33333E-03
3.68084,2.975482E-04,-5.340599E-05,-.002
3.681841,1.525888E-04,-3.051776E-04,-6.66667E-04
3.682841,6.103562E-05,-1.983652E-04,.001
3.683842,1.06812E-04,-2.594013E-04,-.001
3.684843,5.340599E-05,-5.340599E-05,.001
3.685843,-8.392381E-05,2.822895E-04,-.001
3.686843,-1.449594E-04,3.356952E-04,-6.66667E-04
3.687844,2.288828E-04,7.629441E-05,.001
3.688844,4.57766E-05,-7.629441E-05,-.001
3.689845,-3.280658E-04,3.814721E-05,-.001
3.690845,-2.13624E-04,-6.866502E-05,6.66667E-04
3.691846,-4.653949E-04,0,-.001
3.692847,-2.746601E-04,6.866502E-05,-6.66667E-04
3.693847,2.28883E-05,2.975482E-04,-6.66667E-04
3.694848,0,2.517719E-04,-.001
3.695848,-2.899189E-04,-1.75477E-04,-.002
3.696848,-5.569495E-04,-2.059946E-04,-.002
3.697849,-3.814716E-04,-5.340599E-05,.001
3.698849,-2.670307E-04,-1.983652E-04,-.002
3.69985,-1.907358E-04,-1.907358E-04,-.001
3.70085,-4.57766E-05,-6.103562E-05,-.001
3.701851,-2.822895E-04,3.204364E-04,6.66667E-04
3.702852,-5.264319E-04,-3.051781E-05,-.002
3.703852,-4.501361E-04,-7.629441E-05,-6.66667E-04
3.704853,-1.678476E-04,4.57766E-05,-.001
3.705853,-5.874671E-04,1.297006E-04,-6.66667E-04
3.706853,-5.340613E-04,3.50954E-04,6.66667E-04
3.707854,-2.822895E-04,7.629432E-04,-6.66667E-04
3.708854,3.12807E-04,6.179847E-04,-.002
3.709855,4.196186E-04,3.356952E-04,-2.33333E-03
3.710855,1.983652E-04,1.525888E-04,-.002
3.711856,2.975482E-04,6.866502E-05,-6.66667E-04
3.712857,1.525891E-05,1.525891E-05,6.66667E-04
3.713857,-6.866502E-05,-1.3733E-04,6.66667E-04
3.714858,-1.831064E-04,-7.629441E-05,-6.66667E-04
3.715858,-1.678476E-04,-1.06812E-04,-.002
3.716858,-2.899189E-04,-2.670307E-04,-.002
3.717859,8.392381E-05,-1.144414E-04,.001
3.718859,6.103562E-05,1.525888E-04,.001
3.71986,8.392381E-05,4.119892E-04,.001
3.72086,1.144414E-04,4.27248E-04,-6.66667E-04
3.721861,1.3733E-04,1.75477E-04,.001
3.722862,1.907358E-04,2.13624E-04,6.66667E-04
3.723862,3.585834E-04,3.814721E-05,-.001
3.724863,1.449594E-04,-1.449594E-04,-.001
3.725863,1.06812E-04,-3.814721E-05,-.001
3.726863,-2.059946E-04,-3.280658E-04,-6.66667E-04
3.727864,-3.89101E-04,-5.188026E-04,-6.66667E-04
3.728864,-1.06812E-04,-5.035438E-04,-6.66667E-04
3.729865,2.212534E-04,-3.051776E-04,-.001
3.730865,2.288828E-04,-2.212534E-04,-.001
3.731866,6.866502E-05,-8.392381E-05,.001
3.732867,-1.297006E-04,-8.392381E-05,-6.66667E-04
3.733867,5.340599E-05,-1.831064E-04,-.001
3.734868,1.525888E-04,3.051781E-05,-.002
3.735868,3.967304E-04,3.89101E-04,.001
3.736868,4.730243E-04,2.059946E-04,-.002
3.737869,2.594013E-04,4.959144E-04,-6.66667E-04
3.73887,4.57766E-05,6.103553E-04,-.001
3.73987,1.983652E-04,5.264319E-04,-.001
3.74087,5.340613E-04,1.525888E-04,6.66667E-04
3.741871,1.449594E-04,-9.15532E-05,.001
3.742872,2.975482E-04,-3.433246E-04,-6.66667E-04
3.743872,1.983652E-04,-4.959144E-04,6.66667E-04
3.744873,-7.629441E-05,-3.967304E-04,.001
3.745873,1.06812E-04,-1.297006E-04,-.002
3.746873,-7.629441E-05,0,.001
3.747874,-3.051776E-04,2.441425E-04,.001
3.748875,-4.730243E-04,2.822895E-04,6.66667E-04
3.749875,-4.653949E-04,4.348774E-04,-.001
3.750875,-1.449594E-04,4.806537E-04,.001
3.751876,-1.831064E-04,6.63761E-04,6.66667E-04
3.752877,-2.13624E-04,2.822895E-04,-6.66667E-04
3.753877,-1.220712E-04,-2.28883E-05,-.001
3.754878,-4.27248E-04,7.629453E-06,-.002
3.755878,-4.27248E-04,7.629453E-06,-6.66667E-04
3.756878,-2.212534E-04,1.449594E-04,-6.66667E-04
3.757879,2.28883E-05,1.449594E-04,-.001
3.75888,-4.57766E-05,2.13624E-04,-.002
3.75988,-1.220712E-04,2.822895E-04,-.001
3.76088,7.629453E-06,2.28883E-05,2.33333E-03
3.761881,-2.441425E-04,-2.670307E-04,6.66667E-04
3.762882,-1.220712E-04,2.288828E-04,-.001
3.763882,-2.746601E-04,6.179847E-04,-6.66667E-04
3.764883,-1.3733E-04,2.670307E-04,-.001
3.765883,1.144414E-04,-6.103562E-05,-6.66667E-04
3.766883,1.831064E-04,-3.356952E-04,-.001
3.767884,4.57766E-05,-4.730243E-04,6.66667E-04
3.768885,1.220712E-04,-2.670307E-04,-2.33333E-03
3.769885,1.831064E-04,-2.746601E-04,.001
3.770885,-5.340599E-05,-1.220712E-04,-.002
3.771886,1.678476E-04,4.88285E-04,.001
3.772887,6.866502E-05,3.89101E-04,6.66667E-04
3.773887,-1.220712E-04,1.220712E-04,6.66667E-04
3.774888,-8.392381E-05,-1.602182E-04,6.66667E-04
3.775888,3.814721E-05,-2.899189E-04,-6.66667E-04
3.776888,1.525891E-05,-1.297006E-04,-.002
3.777889,3.051781E-05,1.907358E-04,-3.66667E-03
3.77889,1.75477E-04,1.144414E-04,-2.33333E-03
3.77989,1.3733E-04,3.814716E-04,-6.66667E-04
3.78089,3.12807E-04,3.662128E-04,6.66667E-04
3.781891,2.28883E-05,1.449594E-04,-6.66667E-04
3.782892,-9.918259E-05,1.602182E-04,-.001
3.783892,3.051781E-05,-7.629453E-06,-6.66667E-04
3.784893,4.57766E-05,3.204364E-04,-2.33333E-03
3.785893,5.035438E-04,1.525888E-04,-6.66667E-04
3.786893,7.247962E-04,1.907358E-04,-6.66667E-04
3.787894,4.577655E-04,0,.002
3.788895,2.288828E-04,5.340599E-05,-.001
3.789895,2.059946E-04,1.144414E-04,.002
3.790895,1.75477E-04,2.594013E-04,6.66667E-04
3.791896,-2.746601E-04,1.907358E-04,-.001
3.792897,-3.12807E-04,2.822895E-04,6.66667E-04
3.793897,-2.13624E-04,3.814716E-04,-.001
3.794898,-3.738422E-04,3.89101E-04,-.002
3.795898,-1.220712E-04,1.678476E-04,-6.66667E-04
3.796898,3.051781E-05,-2.594013E-04,6.66667E-04
3.797899,-2.365122E-04,-6.332435E-04,.001
3.7989,-1.983652E-04,-3.204364E-04,.001
3.7999,-1.525891E-05,-1.602182E-04,-2.33333E-03
3.8009,1.525888E-04,-1.220712E-04,.001
3.801901,2.28883E-05,-7.629441E-05,6.66667E-04
3.802902,-8.392381E-05,7.629453E-06,6.66667E-04
3.803902,-4.27248E-04,-8.392381E-05,.001
3.804903,-5.950965E-04,-4.501361E-04,6.66667E-04
3.805903,-3.967304E-04,-4.959144E-04,.002
3.806903,-1.525891E-05,-6.408729E-04,6.66667E-04
3.807904,1.75477E-04,-7.78202E-04,-6.66667E-04
3.808905,2.13624E-04,-5.874671E-04,6.66667E-04
3.809905,2.822895E-04,1.525891E-05,-6.66667E-04
3.810905,4.57766E-05,4.043598E-04,-.001
3.811906,-1.602182E-04,4.119892E-04,-.001
3.812907,-8.392381E-05,9.918259E-05,6.66667E-04
3.813907,-1.297006E-04,-7.629453E-06,-6.66667E-04
3.814908,1.06812E-04,-1.907358E-04,-.001
3.815908,4.577655E-04,9.918259E-05,-6.66667E-04
3.816908,3.585834E-04,4.27248E-04,-6.66667E-04
3.817909,-1.602182E-04,8.392381E-05,-.002
3.81891,-4.577655E-04,-4.57766E-05,6.66667E-04
3.81991,-3.50954E-04,-1.678476E-04,-6.66667E-04
3.82091,-1.449594E-04,2.594013E-04,.001
3.821911,-4.348774E-04,4.57766E-05,.001
3.822912,-5.035438E-04,1.525888E-04,-6.66667E-04
3.823912,-2.13624E-04,3.50954E-04,-6.66667E-04
3.824913,-4.806537E-04,1.449594E-04,2.33333E-03
3.825913,-1.602182E-04,4.57766E-05,-.001
3.826913,-7.629441E-05,7.629441E-05,6.66667E-04
3.827914,-3.051781E-05,2.059946E-04,-6.66667E-04
3.828915,-1.831064E-04,1.602182E-04,.001
3.829915,7.629453E-06,6.866502E-05,-2.33333E-03
3.830915,1.525888E-04,-1.75477E-04,-6.66667E-04
3.831916,4.27248E-04,-3.280658E-04,-.001
3.832916,2.899189E-04,-6.866502E-05,.001
3.833917,1.144414E-04,-9.918259E-05,-.001
3.834918,-1.06812E-04,0,.001
3.835918,-1.220712E-04,1.220712E-04,-.001
3.836918,3.814721E-05,-2.899189E-04,-.002
3.837919,3.12807E-04,-2.441425E-04,-.001
3.83892,2.059946E-04,2.594013E-04,-.002
3.83992,1.297006E-04,8.392381E-05,-6.66667E-04
3.84092,4.57766E-05,-1.602182E-04,-.001
3.841921,4.57766E-05,-1.525891E-05,6.66667E-04
3.842921,2.670307E-04,-2.059946E-04,.002
3.843922,9.918259E-05,-9.15532E-05,-6.66667E-04
3.844923,2.441425E-04,2.746601E-04,.001
3.845923,5.111732E-04,1.06812E-04,.001
3.846923,2.517719E-04,-6.866502E-05,.001
3.847924,2.059946E-04,-1.525891E-05,-2.33333E-03
3.848925,7.629453E-06,0,.001
3.849925,7.629453E-06,-6.866502E-05,6.66667E-04
3.850925,-7.629441E-05,-3.585834E-04,-.002
3.851926,-7.629453E-06,-2.594013E-04,-.001
3.852926,-4.348774E-04,-6.866502E-05,2.33333E-03
3.853927,-6.790198E-04,-3.356952E-04,.001
3.854928,-1.06812E-04,-2.288828E-04,-6.66667E-04
3.855928,3.051781E-05,-1.06812E-04,-6.66667E-04
3.856929,9.918259E-05,6.866502E-05,-.002
3.857929,2.288828E-04,0,-.002
3.85893,1.144414E-04,-7.629441E-05,-6.66667E-04
3.85993,-7.629441E-05,3.814721E-05,6.66667E-04
3.86093,-1.449594E-04,2.059946E-04,.001
3.861931,-1.831064E-04,7.629441E-05,-.002
3.862931,1.220712E-04,-2.212534E-04,6.66667E-04
3.863932,5.340599E-05,7.629441E-05,-.002
3.864933,8.392381E-05,4.806537E-04,6.66667E-04
3.865933,3.814721E-05,5.493201E-04,-.001
3.866934,4.57766E-05,4.577655E-04,-6.66667E-04
3.867934,-9.918259E-05,4.196186E-04,-2.33333E-03
3.868935,3.356952E-04,4.88285E-04,-6.66667E-04
3.869935,4.043598E-04,5.416907E-04,.001
3.870935,1.525888E-04,3.738422E-04,-.002
3.871936,1.75477E-04,1.06812E-04,-.002
3.872936,4.27248E-04,-1.220712E-04,.001
3.873937,2.822895E-04,5.340599E-05,6.66667E-04
3.874938,-9.918259E-05,3.280658E-04,-.001
3.875938,-4.806537E-04,4.730243E-04,6.66667E-04
3.876939,-2.517719E-04,2.822895E-04,.001
3.877939,-1.06812E-04,1.220712E-04,-.002
3.87894,-2.670307E-04,1.06812E-04,-.001
3.87994,1.297006E-04,-8.392381E-05,6.66667E-04
3.88094,5.416907E-04,7.629453E-06,-.002
3.881941,4.27248E-04,-1.06812E-04,-.002
3.882941,0,-3.433246E-04,-.001
3.883942,3.051781E-05,-2.441425E-04,-3.66667E-03
3.884943,0,-1.678476E-04,-6.66667E-04
3.885943,1.449594E-04,-1.983652E-04,6.66667E-04
3.886944,4.043598E-04,-2.594013E-04,.001
3.887944,2.13624E-04,-2.28883E-05,-.002
3.888945,0,2.975482E-04,-3.66667E-03
3.889945,-3.814721E-05,1.907358E-04,-6.66667E-04
3.890945,-7.629441E-05,4.119892E-04,6.66667E-04
3.891946,-9.918259E-05,2.059946E-04,-.001
3.892946,-1.907358E-04,-3.814716E-04,6.66667E-04
3.893947,-9.15532E-05,-4.730243E-04,-2.33333E-03
3.894948,-2.746601E-04,-1.75477E-04,-.001
3.895948,-2.670307E-04,-1.06812E-04,-6.66667E-04
3.896949,-1.983652E-04,-2.28883E-05,-6.66667E-04
3.897949,-9.918259E-05,1.75477E-04,-.001
3.89895,-1.06812E-04,1.449594E-04,.001
3.89995,-1.449594E-04,2.059946E-04,-6.66667E-04
3.90095,-3.814721E-05,1.525891E-05,-.001
3.901951,6.866502E-05,-1.75477E-04,.001
3.902952,-6.866502E-05,-5.035438E-04,-.002
3.903952,-3.051781E-05,-2.365122E-04,.002
3.904953,8.392381E-05,-3.051776E-04,-.002
3.905953,2.059946E-04,-3.967304E-04,-.001
3.906954,-3.814721E-05,-1.297006E-04,-.001
3.907954,-9.15532E-05,-8.392381E-05,.001
3.908955,-1.983652E-04,-1.983652E-04,-.002
3.909955,2.28883E-05,-7.629453E-06,-6.66667E-04
3.910955,-3.12807E-04,1.75477E-04,.001
3.911956,-3.051776E-04,3.356952E-04,.001
3.912957,-2.975482E-04,6.103553E-04,6.66667E-04
3.913957,-3.89101E-04,4.501361E-04,-.001
3.914958,-1.525888E-04,-4.57766E-05,6.66667E-04
3.915958,3.814721E-05,-5.340599E-05,-.002
3.916959,1.831064E-04,-1.220712E-04,-.001
3.917959,2.517719E-04,1.06812E-04,.001
3.91896,4.119892E-04,6.103562E-05,.001
3.91996,5.798377E-04,1.75477E-04,-.002
3.92096,3.50954E-04,3.814721E-05,6.66667E-04
3.921961,2.059946E-04,-3.204364E-04,-.002
3.922962,0,-3.89101E-04,.001
3.923962,-4.27248E-04,-5.340599E-05,-6.66667E-04
3.924963,-1.678476E-04,2.975482E-04,-2.33333E-03
3.925963,1.602182E-04,4.88285E-04,-.002
3.926964,2.059946E-04,2.059946E-04,-.001
3.927964,6.866502E-05,3.662128E-04,-2.33333E-03
3.928965,7.629441E-05,2.594013E-04,-.001
3.929965,1.678476E-04,5.264319E-04,.001
3.930965,3.433246E-04,4.730243E-04,-6.66667E-04
3.931966,3.433246E-04,4.730243E-04,-.001
3.932967,-2.28883E-05,6.103562E-05,-6.66667E-04
3.933967,3.051776E-04,-1.75477E-04,-6.66667E-04
3.934968,5.111732E-04,-2.365122E-04,.001
3.935968,2.899189E-04,-2.670307E-04,-.002
3.936969,1.220712E-04,-1.449594E-04,6.66667E-04
3.937969,0,-1.06812E-04,6.66667E-04
3.93897,9.918259E-05,-5.340599E-05,-3.66667E-03
3.93997,3.051776E-04,-4.57766E-05,-6.66667E-04
3.94097,4.730243E-04,2.517719E-04,-.001
3.941971,5.188026E-04,2.822895E-04,-.001
3.942972,2.594013E-04,3.814721E-05,-.001
3.943972,-4.57766E-05,2.822895E-04,-6.66667E-04
3.944973,-5.340599E-05,2.594013E-04,-.002
3.945973,2.28883E-05,9.15532E-05,-6.66667E-04
3.946974,-2.594013E-04,3.814721E-05,6.66667E-04
3.947974,1.220712E-04,-5.340599E-05,-.002
3.948975,2.365122E-04,-2.28883E-05,-6.66667E-04
3.949975,1.525888E-04,-6.103562E-05,.001
3.950975,4.119892E-04,2.28883E-05,-6.66667E-04
3.951976,3.12807E-04,2.365122E-04,.001
3.952977,1.144414E-04,3.051776E-04,6.66667E-04
3.953977,4.57766E-05,4.27248E-04,.001
3.954978,2.212534E-04,1.449594E-04,-6.66667E-04
3.955978,1.525888E-04,-1.831064E-04,-.001
3.956979,4.57766E-05,-1.75477E-04,6.66667E-04
3.957979,5.340599E-05,-4.196186E-04,.001
3.95898,2.594013E-04,-3.12807E-04,6.66667E-04
3.95998,1.525888E-04,-2.288828E-04,-6.66667E-04
3.96098,-5.340599E-05,-3.204364E-04,-6.66667E-04
3.961981,4.57766E-05,-1.525888E-04,-6.66667E-04
3.962982,3.89101E-04,-1.525891E-05,-.001
3.963982,-5.340599E-05,-5.340599E-05,6.66667E-04
3.964983,-2.670307E-04,1.525888E-04,-.001
3.965983,-3.12807E-04,2.899189E-04,-6.66667E-04
3.966984,-8.392381E-05,1.75477E-04,-6.66667E-04
3.967984,-1.525891E-05,-1.602182E-04,-.002
3.968985,1.602182E-04,-5.340599E-05,-.001
3.969985,-1.525891E-05,-2.822895E-04,6.66667E-04
3.970985,-9.918259E-05,-1.449594E-04,-6.66667E-04
3.971986,-4.959144E-04,-1.907358E-04,-.001
3.972987,-3.50954E-04,-6.63761E-04,.001
3.973987,-1.144414E-04,-9.613074E-04,6.66667E-04
3.974988,2.212534E-04,-5.111732E-04,.002
3.975988,4.425067E-04,-5.340613E-04,.002
3.976989,1.220712E-04,-7.476844E-04,-.002
3.977989,8.392381E-05,-4.577655E-04,-6.66667E-04
3.97899,6.866502E-05,-5.950965E-04,-2.33333E-03
3.97999,-1.3733E-04,-6.942786E-04,-.001
3.98099,-1.907358E-04,-5.722083E-04,-6.66667E-04
3.981991,-1.907358E-04,9.918259E-05,-.001
3.982992,-6.103562E-05,4.959144E-04,-6.66667E-04
3.983992,-2.212534E-04,2.059946E-04,-3.66667E-03
3.984993,-1.144414E-04,-2.28883E-05,.002
3.985993,4.57766E-05,6.103562E-05,-.001
3.986994,3.204364E-04,1.831064E-04,-.001
3.987994,3.12807E-04,9.918259E-05,-6.66667E-04
3.988995,3.50954E-04,-2.13624E-04,-.001
3.989995,2.441425E-04,-4.501361E-04,.001
3.990995,2.975482E-04,-2.288828E-04,-6.66667E-04
3.991996,1.983652E-04,7.629453E-06,.002
3.992997,-2.365122E-04,-4.57766E-05,-2.33333E-03
3.993997,-7.629441E-05,1.602182E-04,-.001
3.994998,3.12807E-04,1.75477E-04,-3.66667E-03
3.995998,5.798377E-04,-3.051781E-05,.001
3.996999,3.967304E-04,-2.517719E-04,-.002
3.997999,2.594013E-04,-4.501361E-04,6.66667E-04
3.999,0,-4.27248E-04,6.66667E-04
4,2.594013E-04,-2.441425E-04,-6.66667E-04
