"c:\users\esrlabn1\desktop\bence\ir_spectroscopy\532nm_odmr\magnet_map_2_680nm\474.dat  ---  04-28-2026 08:30:39"
""
"cavityli 20 2 4 2000 1 0 0"
"                             ;                             ;seth_xesr_precise 274.68 1 0 2.137964774951076"
"setlockin 188.67 0.004 0 0.03 0.2"
4,2000
2,2.059946E-04,-1.144414E-04,-.002
2.001,4.57766E-05,-1.449594E-04,6.66667E-04
2.002001,7.629453E-06,-1.3733E-04,.002
2.003001,-3.814716E-04,-2.13624E-04,-6.66667E-04
2.004002,-5.493201E-04,3.433246E-04,-2.33333E-03
2.005002,-6.408729E-04,4.577655E-04,-6.66667E-04
2.006003,-2.059946E-04,3.356952E-04,-6.66667E-04
2.007004,-2.288828E-04,3.12807E-04,6.66667E-04
2.008004,2.28883E-05,1.525888E-04,-.002
2.009005,3.662128E-04,-7.629453E-06,2.33333E-03
2.010005,2.212534E-04,-1.297006E-04,-6.66667E-04
2.011005,-3.051781E-05,-2.288828E-04,-.002
2.012006,5.340599E-05,2.28883E-05,-.002
2.013006,3.50954E-04,4.57766E-05,.002
2.014007,1.06812E-04,-1.06812E-04,.001
2.015007,9.918259E-05,-6.103562E-05,-2.33333E-03
2.016008,1.75477E-04,2.059946E-04,-6.66667E-04
2.017009,2.28883E-05,1.983652E-04,-.002
2.018009,3.814721E-05,8.392381E-05,-6.66667E-04
2.01901,2.517719E-04,-1.602182E-04,-.001
2.02001,-1.297006E-04,1.525891E-05,-.002
2.02101,-2.441425E-04,7.629453E-06,-.001
2.022011,-2.746601E-04,9.15532E-05,.001
2.023011,-1.983652E-04,1.144414E-04,-.002
2.024012,-3.12807E-04,1.678476E-04,-.001
2.025012,-5.950965E-04,4.88285E-04,-6.66667E-04
2.026013,-3.12807E-04,5.798377E-04,-.001
2.027014,-2.670307E-04,2.899189E-04,.002
2.028014,-2.13624E-04,4.577655E-04,-.002
2.029015,-4.425067E-04,6.332435E-04,6.66667E-04
2.030015,-2.899189E-04,5.798377E-04,-.001
2.031015,-1.602182E-04,2.899189E-04,6.66667E-04
2.032016,1.75477E-04,-4.57766E-05,-6.66667E-04
2.033016,3.280658E-04,-5.340599E-05,-6.66667E-04
2.034017,-1.678476E-04,-2.441425E-04,6.66667E-04
2.035017,-2.594013E-04,-2.746601E-04,-.001
2.036018,-2.822895E-04,-1.678476E-04,-2.33333E-03
2.037019,-1.831064E-04,7.629453E-06,-6.66667E-04
2.038019,-5.340599E-05,1.602182E-04,-.001
2.03902,-3.12807E-04,1.983652E-04,-6.66667E-04
2.04002,-2.594013E-04,0,6.66667E-04
2.04102,-2.13624E-04,4.57766E-05,-6.66667E-04
2.042021,-7.629441E-05,1.297006E-04,-6.66667E-04
2.043021,3.814721E-05,1.3733E-04,.001
2.044022,2.441425E-04,-6.866502E-05,.001
2.045022,1.831064E-04,0,-6.66667E-04
2.046023,1.297006E-04,-3.814721E-05,6.66667E-04
2.047024,8.392381E-05,1.3733E-04,-.002
2.048024,-2.288828E-04,7.324256E-04,.001
2.049025,-2.594013E-04,8.010902E-04,-.001
2.050025,-2.059946E-04,3.814716E-04,-.001
2.051026,2.28883E-05,1.678476E-04,-6.66667E-04
2.052026,3.12807E-04,-9.918259E-05,6.66667E-04
2.053026,1.525888E-04,-4.501361E-04,-.002
2.054027,1.525888E-04,-4.730243E-04,.001
2.055027,3.051781E-05,-2.441425E-04,-6.66667E-04
2.056028,1.525888E-04,-7.629441E-05,-.001
2.057029,8.392381E-05,-2.059946E-04,.001
2.058029,5.798377E-04,-2.975482E-04,6.66667E-04
2.05903,4.88285E-04,-1.983652E-04,.001
2.06003,1.449594E-04,-2.212534E-04,-6.66667E-04
2.061031,1.144414E-04,-4.119892E-04,.001
2.062031,-2.670307E-04,-2.746601E-04,6.66667E-04
2.063031,-2.899189E-04,-1.06812E-04,-.001
2.064032,-2.975482E-04,-9.918259E-05,-.001
2.065032,-2.059946E-04,-2.822895E-04,-6.66667E-04
2.066033,-1.678476E-04,-2.288828E-04,.001
2.067034,-1.525888E-04,-2.212534E-04,-3.66667E-03
2.068034,-1.449594E-04,-4.730243E-04,.001
2.069035,-6.561317E-04,-3.585834E-04,-.001
2.070035,-7.629432E-04,-1.602182E-04,-.001
2.071036,-5.950965E-04,1.525888E-04,-6.66667E-04
2.072036,-3.738422E-04,2.059946E-04,-2.33333E-03
2.073036,-1.06812E-04,3.662128E-04,6.66667E-04
2.074037,-1.06812E-04,2.670307E-04,6.66667E-04
2.075037,-1.602182E-04,1.525888E-04,-.001
2.076038,-1.75477E-04,3.662128E-04,-.001
2.077039,-3.814721E-05,3.12807E-04,6.66667E-04
2.078039,6.103562E-05,9.918259E-05,-.002
2.07904,1.220712E-04,-7.629441E-05,.001
2.08004,-3.814716E-04,-1.602182E-04,-6.66667E-04
2.081041,-5.874671E-04,-7.629441E-05,6.66667E-04
2.082041,-5.798377E-04,-1.297006E-04,-6.66667E-04
2.083041,-1.3733E-04,-3.662128E-04,-2.33333E-03
2.084042,-2.670307E-04,-2.288828E-04,.001
2.085042,-4.27248E-04,-7.629441E-05,-.001
2.086043,-3.814716E-04,-4.57766E-05,-6.66667E-04
2.087044,3.051781E-05,-2.13624E-04,6.66667E-04
2.088044,-1.525891E-05,-3.204364E-04,-.001
2.089045,1.220712E-04,2.059946E-04,-.001
2.090045,2.28883E-05,2.594013E-04,-6.66667E-04
2.091046,2.594013E-04,1.525888E-04,-.001
2.092046,1.678476E-04,9.15532E-05,6.66667E-04
2.093046,-1.297006E-04,-3.89101E-04,6.66667E-04
2.094047,-3.50954E-04,-4.425067E-04,6.66667E-04
2.095047,-1.449594E-04,-3.814716E-04,-.001
2.096048,6.103562E-05,-5.188026E-04,.001
2.097049,-1.602182E-04,-3.814716E-04,-.002
2.098049,-8.392381E-05,-1.525891E-05,-.002
2.09905,-4.959144E-04,3.585834E-04,-.002
2.10005,-1.014717E-03,-1.297006E-04,-.001
2.101051,-1.113899E-03,-3.89101E-04,-.002
2.102051,-1.083381E-03,-4.27248E-04,-.002
2.103051,-5.188026E-04,-1.983652E-04,-6.66667E-04
2.104052,-3.50954E-04,0,-6.66667E-04
2.105052,-1.983652E-04,6.103562E-05,-.002
2.106053,-1.678476E-04,-1.06812E-04,-.001
2.107054,-4.577655E-04,-5.340613E-04,6.66667E-04
2.108054,-5.188026E-04,-5.035438E-04,6.66667E-04
2.109055,-5.035438E-04,-2.059946E-04,-.002
2.110055,-5.416907E-04,-3.051781E-05,-.002
2.111056,-5.035438E-04,1.525888E-04,-.001
2.112056,-3.204364E-04,1.602182E-04,.002
2.113056,-4.730243E-04,5.340599E-05,-6.66667E-04
2.114057,-6.63761E-04,1.297006E-04,-.001
2.115057,-4.119892E-04,1.144414E-04,-2.33333E-03
2.116058,-1.602182E-04,1.144414E-04,.002
2.117059,-1.06812E-04,3.662128E-04,.001
2.118059,1.678476E-04,2.212534E-04,-6.66667E-04
2.11906,-1.06812E-04,4.501361E-04,-6.66667E-04
2.12006,-3.814716E-04,3.50954E-04,-6.66667E-04
2.121061,-6.408729E-04,9.918259E-05,6.66667E-04
2.122061,-3.814716E-04,0,-.001
2.123062,-2.059946E-04,-1.602182E-04,-.001
2.124062,-1.831064E-04,-2.594013E-04,2.33333E-03
2.125062,-9.918259E-05,-4.577655E-04,-.001
2.126063,-1.602182E-04,-6.866492E-04,-6.66667E-04
2.127064,-4.88285E-04,-4.88285E-04,6.66667E-04
2.128064,-1.06812E-04,-4.043598E-04,.002
2.129065,1.678476E-04,-3.738422E-04,-6.66667E-04
2.130065,3.814721E-05,1.144414E-04,-6.66667E-04
2.131066,-6.103562E-05,-2.13624E-04,.001
2.132066,1.220712E-04,-3.738422E-04,-.002
2.133067,1.831064E-04,-4.653949E-04,-6.66667E-04
2.134067,1.297006E-04,-4.043598E-04,-.002
2.135067,7.629441E-05,-2.365122E-04,6.66667E-04
2.136068,4.57766E-05,-1.831064E-04,-.001
2.137069,0,-6.103562E-05,-.002
2.138069,2.670307E-04,1.3733E-04,-.004
2.13907,1.3733E-04,4.27248E-04,-.001
2.14007,6.866502E-05,2.594013E-04,-.001
2.141071,1.831064E-04,1.220712E-04,-6.66667E-04
2.142071,4.043598E-04,2.13624E-04,-6.66667E-04
2.143072,3.204364E-04,9.918259E-05,-6.66667E-04
2.144072,4.043598E-04,2.28883E-05,-6.66667E-04
2.145072,2.288828E-04,-1.983652E-04,-6.66667E-04
2.146073,4.501361E-04,-4.730243E-04,-2.33333E-03
2.147074,4.806537E-04,-4.27248E-04,-.001
2.148074,2.975482E-04,-2.13624E-04,-6.66667E-04
2.149075,1.297006E-04,-2.13624E-04,-.001
2.150075,8.392381E-05,0,-.002
2.151076,-2.746601E-04,4.27248E-04,-6.66667E-04
2.152076,-3.814716E-04,4.196186E-04,-.001
2.153077,-2.594013E-04,2.517719E-04,-.001
2.154077,4.57766E-05,1.144414E-04,-.001
2.155077,-7.629441E-05,2.28883E-05,-6.66667E-04
2.156078,-1.06812E-04,2.28883E-05,.001
2.157079,-3.051776E-04,2.28883E-05,.001
2.158079,-4.730243E-04,-1.144414E-04,-6.66667E-04
2.15908,-4.806537E-04,-1.75477E-04,-.002
2.16008,-7.324256E-04,3.051781E-05,-.001
2.161081,-1.144417E-03,1.525888E-04,-.001
2.162081,-1.129158E-03,-1.602182E-04,-.001
2.163082,-1.274116E-03,1.678476E-04,-3.66667E-03
2.164082,-1.930244E-03,4.425067E-04,-.001
2.165082,-3.021255E-03,1.525888E-04,-.001
2.166083,-4.196197E-03,-1.75477E-04,-6.66667E-04
2.167084,-5.157501E-03,-5.340599E-05,-6.66667E-04
2.168084,-6.858855E-03,-7.629441E-05,-.002
2.169085,-9.140074E-03,-3.051776E-04,.001
2.170085,-1.163489E-02,-5.416907E-04,-6.66667E-04
2.171086,-.0144425,-1.060493E-03,-2.33333E-03
2.172086,-1.619732E-02,-1.335151E-03,-.001
2.173087,-1.696789E-02,-1.304634E-03,-6.66667E-04
2.174087,-1.716626E-02,-1.205452E-03,6.66667E-04
2.175087,-1.657116E-02,-1.060493E-03,-6.66667E-04
2.176088,-1.519018E-02,-7.934608E-04,.001
2.177088,-1.340491E-02,-4.806537E-04,.001
2.178089,-1.131445E-02,-3.204364E-04,-6.66667E-04
2.17909,-9.086668E-03,-3.280658E-04,-.001
2.18009,-7.133514E-03,-1.907358E-04,-6.66667E-04
2.181091,-5.401641E-03,-2.13624E-04,-6.66667E-04
2.182091,-4.188567E-03,-2.441425E-04,-6.66667E-04
2.183092,-2.861038E-03,-5.340613E-04,-.002
2.184092,-2.128616E-03,-3.50954E-04,.002
2.185092,-1.533516E-03,-3.89101E-04,6.66667E-04
2.186093,-1.319893E-03,-5.569495E-04,-.001
2.187093,-9.918287E-04,-5.111732E-04,6.66667E-04
2.188094,-2.746601E-04,-3.204364E-04,-.001
2.189095,0,-1.602182E-04,6.66667E-04
2.190095,-2.975482E-04,2.365122E-04,-.001
2.191096,-1.602182E-04,3.051781E-05,6.66667E-04
2.192096,-1.75477E-04,1.75477E-04,.001
2.193097,-3.204364E-04,3.585834E-04,6.66667E-04
2.194097,-4.653949E-04,3.662128E-04,-.001
2.195097,-5.340599E-05,5.340613E-04,-.002
2.196098,4.57766E-05,2.059946E-04,6.66667E-04
2.197098,1.06812E-04,-5.340599E-05,-.002
2.198099,1.220712E-04,-2.441425E-04,-6.66667E-04
2.1991,2.822895E-04,-3.051781E-05,6.66667E-04
2.2001,1.525891E-05,1.144414E-04,-2.33333E-03
2.201101,-2.365122E-04,2.594013E-04,-.001
2.202101,-3.204364E-04,1.983652E-04,-6.66667E-04
2.203102,-2.822895E-04,1.297006E-04,-6.66667E-04
2.204102,-5.340613E-04,7.629453E-06,-.001
2.205102,-3.12807E-04,-9.15532E-05,-6.66667E-04
2.206103,-2.670307E-04,-9.918259E-05,6.66667E-04
2.207103,-1.525888E-04,-2.212534E-04,-6.66667E-04
2.208104,-1.449594E-04,-4.27248E-04,.001
2.209105,-1.3733E-04,-4.806537E-04,-.001
2.210105,6.866502E-05,-3.280658E-04,6.66667E-04
2.211106,0,-2.059946E-04,-6.66667E-04
2.212106,9.918259E-05,-2.746601E-04,-6.66667E-04
2.213107,3.356952E-04,0,-6.66667E-04
2.214107,0,2.441425E-04,.001
2.215107,7.629453E-06,3.12807E-04,6.66667E-04
2.216108,1.144414E-04,1.3733E-04,6.66667E-04
2.217108,-1.220712E-04,-2.28883E-05,.001
2.218109,3.814721E-05,0,-.002
2.21911,9.918259E-05,-3.433246E-04,-.001
2.22011,1.525888E-04,-2.13624E-04,.001
2.221111,7.629441E-05,-2.13624E-04,6.66667E-04
2.222111,1.06812E-04,-2.670307E-04,6.66667E-04
2.223112,4.425067E-04,-1.3733E-04,-.002
2.224112,3.051776E-04,2.746601E-04,2.33333E-03
2.225112,-2.28883E-05,2.822895E-04,-.001
2.226113,0,1.144414E-04,-3.66667E-03
2.227113,-5.340599E-05,-6.866502E-05,6.66667E-04
2.228114,-1.525888E-04,-2.13624E-04,6.66667E-04
2.229115,-5.264319E-04,-1.3733E-04,6.66667E-04
2.230115,-5.569495E-04,-2.212534E-04,-.001
2.231116,-1.907358E-04,1.907358E-04,-.001
2.232116,-2.822895E-04,2.13624E-04,6.66667E-04
2.233117,-2.212534E-04,7.629453E-06,-6.66667E-04
2.234117,-4.043598E-04,-3.50954E-04,-3.66667E-03
2.235118,-2.670307E-04,-6.63761E-04,-6.66667E-04
2.236118,-6.866502E-05,-5.416907E-04,.001
2.237118,-1.220712E-04,-5.264319E-04,-.001
2.238119,-3.051776E-04,-2.975482E-04,2.33333E-03
2.23912,-3.051776E-04,-8.392381E-05,6.66667E-04
2.24012,-1.602182E-04,-7.629441E-05,6.66667E-04
2.241121,-4.348774E-04,-5.340599E-05,6.66667E-04
2.242121,-2.822895E-04,-5.340599E-05,-.001
2.243122,-1.144414E-04,-2.13624E-04,-.004
2.244122,0,-5.645789E-04,-.002
2.245123,-4.57766E-05,-3.280658E-04,-2.33333E-03
2.246123,9.918259E-05,-3.204364E-04,-6.66667E-04
2.247123,-2.670307E-04,-6.103562E-05,-6.66667E-04
2.248124,-3.89101E-04,1.144414E-04,.002
2.249125,-8.239783E-04,2.822895E-04,-.002
2.250125,-9.53678E-04,-2.13624E-04,-.002
2.251126,-1.113899E-03,-1.75477E-04,-.001
2.252126,-1.007088E-03,-2.059946E-04,-.002
2.253127,-7.705726E-04,-1.3733E-04,-.001
2.254127,-3.738422E-04,-5.340599E-05,-6.66667E-04
2.255128,-5.569495E-04,-1.297006E-04,-.002
2.256128,-2.212534E-04,-3.051776E-04,-6.66667E-04
2.257128,-9.918259E-05,-7.01908E-04,6.66667E-04
2.258129,-1.602182E-04,-5.493201E-04,-.001
2.25913,-3.814716E-04,-9.918259E-05,-.002
2.26013,-4.806537E-04,-5.340599E-05,-.001
2.261131,-2.899189E-04,-2.13624E-04,-.002
2.262131,4.57766E-05,-2.822895E-04,-6.66667E-04
2.263132,4.57766E-05,-1.602182E-04,-.001
2.264132,-6.103562E-05,2.13624E-04,-.002
2.265133,-1.220712E-04,1.525888E-04,-6.66667E-04
2.266133,-3.051781E-05,9.918259E-05,6.66667E-04
2.267133,-4.57766E-05,-1.220712E-04,-.001
2.268134,1.602182E-04,-2.212534E-04,-6.66667E-04
2.269135,1.449594E-04,-1.831064E-04,-.002
2.270135,-2.670307E-04,-2.670307E-04,-.001
2.271136,-6.561317E-04,1.06812E-04,-3.66667E-03
2.272136,-6.256141E-04,5.340599E-05,-.002
2.273137,-4.653949E-04,-6.103562E-05,-6.66667E-04
2.274137,-3.204364E-04,1.678476E-04,-.001
2.275138,-1.983652E-04,7.629441E-05,-6.66667E-04
2.276138,-4.501361E-04,3.814721E-05,-2.33333E-03
2.277139,-2.441425E-04,1.525891E-05,-6.66667E-04
2.278139,-1.06812E-04,-1.75477E-04,-6.66667E-04
2.27914,1.525888E-04,-1.602182E-04,6.66667E-04
2.28014,1.3733E-04,1.602182E-04,-.001
2.281141,3.585834E-04,1.678476E-04,6.66667E-04
2.282141,2.441425E-04,-1.144414E-04,-.002
2.283142,1.525888E-04,-8.392381E-05,-6.66667E-04
2.284142,3.051776E-04,-3.204364E-04,-3.66667E-03
2.285143,1.525888E-04,-2.670307E-04,6.66667E-04
2.286143,1.220712E-04,-7.629453E-06,6.66667E-04
2.287144,-1.907358E-04,-1.297006E-04,-.001
2.288144,-1.678476E-04,-2.212534E-04,6.66667E-04
2.289145,1.75477E-04,-2.594013E-04,-6.66667E-04
2.290145,1.525888E-04,-1.06812E-04,-.001
2.291146,2.288828E-04,-1.907358E-04,.002
2.292146,4.959144E-04,2.28883E-05,-.002
2.293147,3.662128E-04,3.12807E-04,-3.66667E-03
2.294147,1.678476E-04,2.594013E-04,-.002
2.295148,-3.204364E-04,7.629441E-05,-.001
2.296148,-4.043598E-04,9.918259E-05,-6.66667E-04
2.297149,-3.967304E-04,1.3733E-04,-6.66667E-04
2.298149,-2.975482E-04,-3.814721E-05,-.002
2.29915,-3.585834E-04,6.866502E-05,-.001
2.30015,-2.13624E-04,-2.28883E-05,6.66667E-04
2.301151,9.918259E-05,-1.06812E-04,6.66667E-04
2.302151,4.57766E-05,1.678476E-04,-.001
2.303152,1.907358E-04,2.899189E-04,-6.66667E-04
2.304152,3.662128E-04,3.585834E-04,-.001
2.305153,3.204364E-04,1.602182E-04,-.001
2.306153,3.051781E-05,-1.907358E-04,6.66667E-04
2.307154,8.392381E-05,-4.196186E-04,.001
2.308154,-1.144414E-04,-4.043598E-04,-6.66667E-04
2.309155,1.525888E-04,-3.814716E-04,-6.66667E-04
2.310155,1.602182E-04,-3.12807E-04,-.001
2.311156,-3.814721E-05,3.051781E-05,-6.66667E-04
2.312156,4.57766E-05,9.15532E-05,6.66667E-04
2.313157,4.196186E-04,6.332435E-04,-6.66667E-04
2.314157,2.594013E-04,4.88285E-04,6.66667E-04
2.315158,2.13624E-04,5.493201E-04,-2.33333E-03
2.316158,-7.629453E-06,1.831064E-04,6.66667E-04
2.317159,-4.57766E-05,3.433246E-04,-.002
2.318159,-2.28883E-05,4.119892E-04,-6.66667E-04
2.31916,6.866502E-05,1.678476E-04,-6.66667E-04
2.32016,3.051781E-05,-3.051781E-05,-.001
2.321161,-2.059946E-04,-3.051781E-05,.001
2.322161,-9.918259E-05,4.57766E-05,-.001
2.323162,-1.449594E-04,-1.06812E-04,-6.66667E-04
2.324162,9.918259E-05,2.13624E-04,-6.66667E-04
2.325163,2.594013E-04,5.569495E-04,-.002
2.326163,2.899189E-04,7.247962E-04,-2.33333E-03
2.327164,-7.629441E-05,3.967304E-04,.001
2.328164,-1.525891E-05,1.06812E-04,.001
2.329165,3.50954E-04,-7.629441E-05,-.001
2.330165,4.196186E-04,-2.899189E-04,-.002
2.331166,-8.392381E-05,-1.525888E-04,.001
2.332166,1.525891E-05,-1.602182E-04,6.66667E-04
2.333167,-2.212534E-04,-3.433246E-04,-3.66667E-03
2.334167,-2.899189E-04,-3.051776E-04,-6.66667E-04
2.335168,-3.89101E-04,-2.441425E-04,-5.66667E-03
2.336168,-3.051776E-04,-2.365122E-04,-3.66667E-03
2.337169,-2.212534E-04,-2.212534E-04,-6.66667E-04
2.338169,-3.738422E-04,-3.814721E-05,6.66667E-04
2.33917,-2.212534E-04,-5.340599E-05,-6.66667E-04
2.34017,-2.746601E-04,3.051781E-05,-6.66667E-04
2.341171,1.525891E-05,7.629441E-05,.001
2.342171,9.918259E-05,7.629453E-06,-6.66667E-04
2.343172,-2.975482E-04,2.13624E-04,-.002
2.344172,-3.280658E-04,3.662128E-04,.001
2.345173,-1.678476E-04,3.433246E-04,-.002
2.346173,3.051781E-05,1.06812E-04,-6.66667E-04
2.347174,-1.297006E-04,3.50954E-04,-6.66667E-04
2.348174,-1.525891E-05,3.356952E-04,-.002
2.349174,-1.75477E-04,1.220712E-04,-6.66667E-04
2.350175,-5.493201E-04,-2.13624E-04,-2.33333E-03
2.351176,-5.111732E-04,-1.831064E-04,-6.66667E-04
2.352176,-5.188026E-04,1.3733E-04,-.001
2.353177,-4.57766E-05,1.907358E-04,-.002
2.354177,-6.866502E-05,2.899189E-04,-.002
2.355178,-2.13624E-04,2.975482E-04,-6.66667E-04
2.356178,4.57766E-05,2.13624E-04,-.001
2.357179,-7.629441E-05,9.918259E-05,-.001
2.358179,-2.212534E-04,-9.918259E-05,6.66667E-04
2.359179,1.3733E-04,-6.866502E-05,-.002
2.36018,1.144414E-04,-2.899189E-04,6.66667E-04
2.361181,3.662128E-04,-4.196186E-04,-.001
2.362181,2.288828E-04,-2.670307E-04,-.002
2.363182,4.119892E-04,-9.15532E-05,.001
2.364182,5.035438E-04,-1.144414E-04,-6.66667E-04
2.365183,5.493201E-04,-1.602182E-04,6.66667E-04
2.366183,9.918259E-05,-1.297006E-04,-.001
2.367184,2.441425E-04,-9.15532E-05,-.002
2.368184,3.89101E-04,7.629441E-05,6.66667E-04
2.369184,1.297006E-04,2.517719E-04,-.001
2.370185,4.57766E-05,5.798377E-04,-3.66667E-03
2.371186,1.144414E-04,6.866492E-04,-.001
2.372186,-3.738422E-04,7.247962E-04,6.66667E-04
2.373187,-7.095374E-04,6.179847E-04,-6.66667E-04
2.374187,-6.790198E-04,5.340613E-04,-6.66667E-04
2.375188,-5.722083E-04,4.501361E-04,-.002
2.376188,-3.662128E-04,1.144414E-04,6.66667E-04
2.377189,-4.119892E-04,1.144414E-04,.001
2.378189,-2.212534E-04,2.059946E-04,-.001
2.379189,-7.629441E-05,2.13624E-04,-.002
2.38019,-6.103562E-05,2.212534E-04,6.66667E-04
2.381191,-1.449594E-04,9.918259E-05,-6.66667E-04
2.382191,4.57766E-05,1.678476E-04,-.002
2.383192,1.602182E-04,-6.103562E-05,-2.33333E-03
2.384192,1.75477E-04,-2.746601E-04,6.66667E-04
2.385193,-2.059946E-04,-5.340599E-05,-.001
2.386193,-4.577655E-04,1.678476E-04,6.66667E-04
2.387194,-1.449594E-04,-2.28883E-05,-2.33333E-03
2.388194,-8.392381E-05,-7.629453E-06,-.002
2.389194,3.051781E-05,6.866502E-05,-6.66667E-04
2.390195,2.594013E-04,8.392381E-05,-6.66667E-04
2.391196,6.866492E-04,0,2.33333E-03
2.392196,5.416907E-04,1.220712E-04,6.66667E-04
2.393197,2.517719E-04,-1.602182E-04,-6.66667E-04
2.394197,2.059946E-04,-2.670307E-04,-.001
2.395198,2.365122E-04,-1.449594E-04,6.66667E-04
2.396198,3.204364E-04,-2.13624E-04,-6.66667E-04
2.397199,5.722083E-04,-4.043598E-04,-.002
2.398199,5.035438E-04,-5.111732E-04,-.001
2.399199,2.365122E-04,-2.059946E-04,-.002
2.4002,-2.670307E-04,2.746601E-04,-.001
2.401201,-2.594013E-04,1.449594E-04,-2.33333E-03
2.402201,4.57766E-05,3.051781E-05,-.002
2.403202,5.340599E-05,-4.730243E-04,6.66667E-04
2.404202,-6.866502E-05,-6.179847E-04,-6.66667E-04
2.405203,-1.06812E-04,-6.332435E-04,-.002
2.406203,0,-6.179847E-04,-6.66667E-04
2.407204,-2.594013E-04,-3.967304E-04,-6.66667E-04
2.408204,-3.051776E-04,-4.425067E-04,-6.66667E-04
2.409204,-2.594013E-04,-3.662128E-04,-6.66667E-04
2.410205,-3.12807E-04,-4.959144E-04,-6.66667E-04
2.411206,-1.831064E-04,-6.485023E-04,6.66667E-04
2.412206,-1.297006E-04,-1.3733E-04,-.002
2.413207,-2.517719E-04,3.967304E-04,-6.66667E-04
2.414207,5.340599E-05,3.12807E-04,-6.66667E-04
2.415208,1.525888E-04,2.594013E-04,6.66667E-04
2.416208,2.059946E-04,3.280658E-04,-.002
2.417209,2.13624E-04,2.594013E-04,6.66667E-04
2.418209,7.629441E-05,4.57766E-05,.001
2.41921,2.28883E-05,9.15532E-05,-6.66667E-04
2.42021,-1.3733E-04,4.88285E-04,-6.66667E-04
2.421211,1.449594E-04,3.356952E-04,-.001
2.422211,4.577655E-04,4.730243E-04,-.001
2.423212,3.585834E-04,5.264319E-04,-.001
2.424212,4.119892E-04,3.280658E-04,-.002
2.425213,4.196186E-04,2.517719E-04,-.001
2.426213,2.059946E-04,2.441425E-04,6.66667E-04
2.427214,2.746601E-04,5.340599E-05,-.001
2.428214,3.50954E-04,-3.204364E-04,6.66667E-04
2.429215,3.662128E-04,-1.525891E-05,6.66667E-04
2.430215,1.525888E-04,3.585834E-04,6.66667E-04
2.431216,-2.059946E-04,5.264319E-04,-6.66667E-04
2.432216,-3.280658E-04,4.653949E-04,-6.66667E-04
2.433217,-3.280658E-04,1.3733E-04,-6.66667E-04
2.434217,-3.50954E-04,1.449594E-04,-6.66667E-04
2.435218,-9.918259E-05,1.907358E-04,-.001
2.436218,2.746601E-04,5.340599E-05,-2.33333E-03
2.437219,9.15532E-05,1.831064E-04,-.001
2.438219,2.441425E-04,-6.103562E-05,-6.66667E-04
2.43922,2.059946E-04,-2.670307E-04,6.66667E-04
2.44022,1.144414E-04,9.15532E-05,.002
2.441221,4.57766E-05,2.059946E-04,-6.66667E-04
2.442221,1.297006E-04,0,6.66667E-04
2.443222,-3.051781E-05,2.975482E-04,-.002
2.444222,0,5.416907E-04,-.001
2.445223,1.525888E-04,1.525888E-04,6.66667E-04
2.446223,-3.204364E-04,-7.629441E-05,-3.66667E-03
2.447224,-1.144414E-04,-3.433246E-04,-6.66667E-04
2.448224,2.288828E-04,-1.525888E-04,-.001
2.449225,2.13624E-04,1.297006E-04,-.001
2.450225,-5.340599E-05,3.585834E-04,-6.66667E-04
2.451226,9.918259E-05,5.264319E-04,-6.66667E-04
2.452226,2.212534E-04,1.220712E-04,.001
2.453227,2.899189E-04,-3.585834E-04,6.66667E-04
2.454227,9.918259E-05,-2.212534E-04,.002
2.455228,-6.866502E-05,-3.662128E-04,-.002
2.456228,3.280658E-04,-2.594013E-04,2.33333E-03
2.457229,2.746601E-04,-7.629441E-05,-6.66667E-04
2.458229,1.06812E-04,1.602182E-04,-.002
2.45923,8.392381E-05,2.13624E-04,6.66667E-04
2.46023,9.918259E-05,2.517719E-04,6.66667E-04
2.461231,3.280658E-04,4.425067E-04,-.002
2.462231,2.059946E-04,3.662128E-04,-.002
2.463232,5.493201E-04,-1.678476E-04,-.001
2.464232,4.730243E-04,-5.874671E-04,.001
2.465233,5.340613E-04,-4.119892E-04,-.001
2.466233,2.059946E-04,-2.13624E-04,-.001
2.467234,1.144414E-04,-5.340599E-05,-.001
2.468234,2.059946E-04,1.602182E-04,.001
2.469235,2.059946E-04,-9.15532E-05,6.66667E-04
2.470235,-9.918259E-05,-5.340599E-05,6.66667E-04
2.471236,-7.629441E-05,1.907358E-04,-.002
2.472236,5.340599E-05,1.525891E-05,.002
2.473237,2.13624E-04,9.918259E-05,-.001
2.474237,2.975482E-04,2.441425E-04,-.002
2.475238,2.059946E-04,1.525888E-04,-.001
2.476238,-5.340599E-05,-5.340599E-05,6.66667E-04
2.477239,-1.602182E-04,2.059946E-04,-6.66667E-04
2.478239,-1.06812E-04,2.746601E-04,.001
2.47924,-2.13624E-04,3.051781E-05,6.66667E-04
2.48024,-4.119892E-04,-6.866502E-05,-2.33333E-03
2.481241,-3.204364E-04,1.525888E-04,-6.66667E-04
2.482241,-2.365122E-04,6.866502E-05,-.001
2.483242,0,-1.907358E-04,6.66667E-04
2.484242,2.13624E-04,-2.441425E-04,-.001
2.485243,-7.629453E-06,-5.340599E-05,.001
2.486243,-4.57766E-05,-1.06812E-04,-.001
2.487244,-2.13624E-04,-1.449594E-04,-.002
2.488244,-5.340599E-05,3.051781E-05,-6.66667E-04
2.489245,9.918259E-05,1.297006E-04,-6.66667E-04
2.490245,-1.449594E-04,2.13624E-04,6.66667E-04
2.491246,1.449594E-04,1.678476E-04,6.66667E-04
2.492246,4.730243E-04,2.594013E-04,-6.66667E-04
2.493247,1.525888E-04,2.441425E-04,-6.66667E-04
2.494247,2.594013E-04,2.059946E-04,-2.33333E-03
2.495248,4.57766E-05,1.525888E-04,-.002
2.496248,-7.629453E-06,2.594013E-04,.001
2.497249,1.525888E-04,2.517719E-04,-.002
2.498249,1.297006E-04,-2.288828E-04,-.001
2.49925,2.212534E-04,-2.441425E-04,-.002
2.50025,3.814716E-04,-6.866502E-05,-2.33333E-03
2.501251,3.738422E-04,1.602182E-04,-.001
2.502251,-2.059946E-04,4.57766E-05,.001
2.503252,-6.866492E-04,5.340599E-05,-6.66667E-04
2.504252,-5.569495E-04,2.365122E-04,-.001
2.505253,-1.220712E-04,4.57766E-05,6.66667E-04
2.506253,5.264319E-04,-2.441425E-04,-.001
2.507254,5.569495E-04,-5.493201E-04,.002
2.508254,4.425067E-04,-1.220712E-04,-6.66667E-04
2.509255,-2.28883E-05,9.918259E-05,-6.66667E-04
2.510255,-1.75477E-04,4.119892E-04,-6.66667E-04
2.511256,1.525891E-05,5.798377E-04,-6.66667E-04
2.512256,5.340599E-05,5.798377E-04,.001
2.513257,1.144414E-04,4.119892E-04,6.66667E-04
2.514257,8.392381E-05,1.75477E-04,6.66667E-04
2.515258,1.75477E-04,-1.220712E-04,-.001
2.516258,1.220712E-04,-9.918259E-05,-.002
2.517259,3.204364E-04,3.051781E-05,-.001
2.518259,1.75477E-04,-2.13624E-04,2.33333E-03
2.51926,1.983652E-04,-2.517719E-04,-.001
2.52026,7.629441E-05,2.059946E-04,-6.66667E-04
2.521261,2.594013E-04,1.06812E-04,6.66667E-04
2.522261,3.12807E-04,-1.220712E-04,-.001
2.523262,6.103562E-05,-2.441425E-04,6.66667E-04
2.524262,-1.525888E-04,-1.449594E-04,-.001
2.525263,-1.3733E-04,8.392381E-05,-.002
2.526263,-1.144414E-04,-5.340599E-05,-.001
2.527264,-3.814721E-05,2.441425E-04,-6.66667E-04
2.528264,2.212534E-04,1.3733E-04,6.66667E-04
2.529265,1.220712E-04,-7.629453E-06,.001
2.530265,2.28883E-05,-1.983652E-04,-.001
2.531266,-4.577655E-04,-1.220712E-04,-6.66667E-04
2.532266,-6.63761E-04,-3.204364E-04,-3.66667E-03
2.533267,-6.790198E-04,-1.449594E-04,-6.66667E-04
2.534267,-5.569495E-04,-2.517719E-04,-.002
2.535268,-5.874671E-04,-8.392381E-05,-6.66667E-04
2.536268,-3.356952E-04,-1.144414E-04,.001
2.537269,-2.899189E-04,1.525888E-04,.001
2.538269,-1.449594E-04,-1.525891E-05,-6.66667E-04
2.53927,-7.629441E-05,-1.3733E-04,-.002
2.54027,6.866502E-05,-3.738422E-04,6.66667E-04
2.541271,1.06812E-04,-3.814721E-05,-6.66667E-04
2.542271,-1.602182E-04,-3.814721E-05,6.66667E-04
2.543272,-3.814716E-04,-2.059946E-04,6.66667E-04
2.544272,-4.806537E-04,-3.89101E-04,-.001
2.545273,-3.433246E-04,-3.12807E-04,.001
2.546273,-3.280658E-04,1.525891E-05,-.002
2.547274,-2.899189E-04,2.746601E-04,-.001
2.548274,-6.103562E-05,2.365122E-04,6.66667E-04
2.549275,7.629441E-05,2.288828E-04,.002
2.550275,2.28883E-05,6.713904E-04,6.66667E-04
2.551276,-1.449594E-04,6.485023E-04,-3.66667E-03
2.552276,9.918259E-05,2.059946E-04,-.002
2.553277,1.831064E-04,1.3733E-04,-6.66667E-04
2.554277,1.75477E-04,3.051781E-05,-.001
2.555278,6.866502E-05,2.059946E-04,-6.66667E-04
2.556278,2.441425E-04,2.441425E-04,-6.66667E-04
2.557279,1.602182E-04,9.918259E-05,.002
2.558279,3.12807E-04,-1.06812E-04,6.66667E-04
2.55928,3.662128E-04,-1.449594E-04,-6.66667E-04
2.56028,1.525888E-04,-4.730243E-04,-6.66667E-04
2.561281,1.144414E-04,-4.196186E-04,-6.66667E-04
2.562281,2.059946E-04,-3.280658E-04,-6.66667E-04
2.563282,7.629453E-06,2.059946E-04,6.66667E-04
2.564282,1.297006E-04,1.297006E-04,-.002
2.565283,9.15532E-05,3.204364E-04,6.66667E-04
2.566283,3.204364E-04,2.594013E-04,6.66667E-04
2.567284,2.059946E-04,2.288828E-04,-.001
2.568284,1.75477E-04,1.220712E-04,6.66667E-04
2.569285,2.365122E-04,9.918259E-05,6.66667E-04
2.570285,1.678476E-04,7.629453E-06,-6.66667E-04
2.571286,6.713904E-04,-1.06812E-04,-.002
2.572286,4.806537E-04,-3.204364E-04,-.001
2.573287,2.975482E-04,-1.525888E-04,-.002
2.574287,-9.15532E-05,-9.15532E-05,6.66667E-04
2.575288,0,3.051781E-05,.001
2.576288,8.392381E-05,1.144414E-04,-6.66667E-04
2.577289,4.57766E-05,6.103562E-05,6.66667E-04
2.578289,1.449594E-04,-2.441425E-04,-2.33333E-03
2.57929,-1.75477E-04,1.06812E-04,6.66667E-04
2.58029,-4.425067E-04,2.13624E-04,-.001
2.581291,3.814721E-05,4.27248E-04,-.001
2.582291,1.602182E-04,5.111732E-04,-.002
2.583292,-2.28883E-05,4.653949E-04,-6.66667E-04
2.584292,-6.63761E-04,4.730243E-04,6.66667E-04
2.585293,-4.425067E-04,9.15532E-05,-6.66667E-04
2.586293,-4.043598E-04,-2.517719E-04,-3.66667E-03
2.587294,-3.89101E-04,-4.119892E-04,-6.66667E-04
2.588294,5.340599E-05,-3.433246E-04,.001
2.589295,4.730243E-04,-1.602182E-04,-.001
2.590295,6.561317E-04,-2.28883E-05,-.001
2.591296,3.433246E-04,2.059946E-04,6.66667E-04
2.592296,1.525888E-04,2.212534E-04,-6.66667E-04
2.593297,3.12807E-04,3.662128E-04,-6.66667E-04
2.594297,6.485023E-04,3.662128E-04,-.001
2.595298,5.569495E-04,2.594013E-04,-.002
2.596298,2.670307E-04,3.356952E-04,-6.66667E-04
2.597299,1.449594E-04,2.13624E-04,-6.66667E-04
2.598299,-1.3733E-04,-2.28883E-05,6.66667E-04
2.5993,-2.13624E-04,4.806537E-04,6.66667E-04
2.6003,-4.806537E-04,5.874671E-04,.001
2.601301,-2.13624E-04,4.196186E-04,-.002
2.602301,-2.975482E-04,-7.629453E-06,6.66667E-04
2.603302,-4.425067E-04,-1.3733E-04,6.66667E-04
2.604302,-1.678476E-04,4.57766E-05,.001
2.605303,-5.340599E-05,1.602182E-04,-.001
2.606303,7.629453E-06,1.449594E-04,6.66667E-04
2.607304,2.28883E-05,7.629441E-05,-2.33333E-03
2.608304,0,2.059946E-04,-3.66667E-03
2.609305,-4.57766E-05,3.12807E-04,.001
2.610305,-6.866502E-05,1.602182E-04,-6.66667E-04
2.611306,-3.967304E-04,2.059946E-04,-.001
2.612306,-4.425067E-04,2.822895E-04,-.002
2.613307,-2.975482E-04,3.585834E-04,-6.66667E-04
2.614307,-4.57766E-05,6.256141E-04,6.66667E-04
2.615308,-6.103562E-05,2.899189E-04,-2.33333E-03
2.616308,-2.822895E-04,-7.629453E-06,-.002
2.617309,-2.059946E-04,-1.220712E-04,.001
2.618309,-6.866502E-05,-2.212534E-04,-6.66667E-04
2.61931,1.831064E-04,-1.06812E-04,-.001
2.62031,6.866502E-05,-1.678476E-04,6.66667E-04
2.621311,1.678476E-04,-2.594013E-04,-.001
2.622311,2.059946E-04,0,-6.66667E-04
2.623312,1.3733E-04,-3.280658E-04,-2.33333E-03
2.624312,8.392381E-05,-4.348774E-04,-.001
2.625313,-2.441425E-04,-2.746601E-04,-.002
2.626313,-2.822895E-04,-1.449594E-04,.001
2.627314,-3.814716E-04,0,-6.66667E-04
2.628314,-4.196186E-04,9.918259E-05,6.66667E-04
2.629315,-3.738422E-04,2.13624E-04,-.001
2.630315,-3.12807E-04,8.392381E-05,-3.66667E-03
2.631316,-2.746601E-04,2.059946E-04,-.001
2.632316,-3.662128E-04,3.50954E-04,-6.66667E-04
2.633317,-4.27248E-04,1.602182E-04,-.002
2.634317,-4.27248E-04,2.746601E-04,-.001
2.635318,-3.89101E-04,3.051781E-05,-6.66667E-04
2.636318,-5.416907E-04,-9.918259E-05,-2.33333E-03
2.637319,-3.356952E-04,-7.629453E-06,.001
2.638319,-2.13624E-04,6.866502E-05,-6.66667E-04
2.63932,-7.629453E-06,2.517719E-04,-.001
2.64032,7.629453E-06,3.738422E-04,6.66667E-04
2.641321,-3.433246E-04,2.594013E-04,6.66667E-04
2.642321,-3.356952E-04,-1.525891E-05,-6.66667E-04
2.643322,-3.12807E-04,2.975482E-04,.001
2.644322,-7.629441E-05,2.517719E-04,.002
2.645323,2.059946E-04,2.441425E-04,6.66667E-04
2.646323,8.392381E-05,3.12807E-04,-6.66667E-04
2.647324,2.059946E-04,1.525888E-04,6.66667E-04
2.648324,3.051776E-04,-1.983652E-04,-.001
2.649325,2.365122E-04,-2.288828E-04,-.001
2.650325,1.3733E-04,-1.525888E-04,.001
2.651326,6.866502E-05,-1.220712E-04,-6.66667E-04
2.652326,1.06812E-04,-1.831064E-04,-6.66667E-04
2.653327,6.713904E-04,-1.144414E-04,-2.33333E-03
2.654327,1.983652E-04,1.220712E-04,-.002
2.655328,-2.594013E-04,1.220712E-04,6.66667E-04
2.656328,-9.918259E-05,3.051776E-04,-6.66667E-04
2.657329,-6.866502E-05,2.594013E-04,-.001
2.658329,-2.517719E-04,5.340599E-05,-6.66667E-04
2.65933,-3.204364E-04,-1.525888E-04,-6.66667E-04
2.66033,-5.264319E-04,-2.594013E-04,-6.66667E-04
2.661331,-7.476844E-04,-2.670307E-04,-6.66667E-04
2.662331,-9.994581E-04,-9.918259E-05,-2.33333E-03
2.663332,-9.613074E-04,2.28883E-05,-.001
2.664332,-5.569495E-04,-1.602182E-04,-6.66667E-04
2.665333,-9.53678E-04,-9.918259E-05,-.001
2.666333,-1.373298E-03,2.059946E-04,.001
2.667334,-1.85395E-03,1.3733E-04,-2.33333E-03
2.668334,-2.517715E-03,-3.051781E-05,-.001
2.669335,-2.906814E-03,-1.75477E-04,-.002
2.670335,-3.158584E-03,-5.111732E-04,-.001
2.671336,-3.71553E-03,-6.790198E-04,-.001
2.672336,-4.501373E-03,-3.585834E-04,-6.66667E-04
2.673337,-4.432708E-03,1.3733E-04,-.001
2.674337,-4.081756E-03,1.602182E-04,-.002
2.675338,-4.135162E-03,6.103562E-05,6.66667E-04
2.676338,-4.058868E-03,1.75477E-04,-6.66667E-04
2.677339,-3.746048E-03,3.204364E-04,-6.66667E-04
2.678339,-3.318802E-03,1.983652E-04,.001
2.67934,-2.983108E-03,2.517719E-04,6.66667E-04
2.68034,-2.349868E-03,4.577655E-04,-.001
2.681341,-1.48011E-03,3.433246E-04,-2.33333E-03
2.682341,-1.09864E-03,2.899189E-04,-.001
2.683342,-9.231605E-04,2.212534E-04,-.001
2.684342,-5.645789E-04,-3.814721E-05,-.001
2.685343,1.525891E-05,-1.3733E-04,6.66667E-04
2.686343,8.392381E-05,-1.678476E-04,-.002
2.687344,1.06812E-04,-2.13624E-04,.001
2.688344,-9.918259E-05,-3.585834E-04,-.001
2.689345,6.866502E-05,-4.196186E-04,6.66667E-04
2.690345,2.441425E-04,-9.918259E-05,-6.66667E-04
2.691346,-9.15532E-05,1.297006E-04,6.66667E-04
2.692346,0,3.738422E-04,6.66667E-04
2.693347,0,3.051781E-05,-6.66667E-04
2.694347,1.06812E-04,-1.831064E-04,-.001
2.695348,2.212534E-04,-3.433246E-04,.001
2.696348,1.3733E-04,-3.50954E-04,-.001
2.697349,2.059946E-04,-2.899189E-04,.001
2.698349,-5.340599E-05,-1.602182E-04,.002
2.69935,-3.280658E-04,-2.822895E-04,-.001
2.70035,-1.06812E-04,-1.602182E-04,-3.66667E-03
2.701351,6.103562E-05,-2.13624E-04,6.66667E-04
2.702351,1.602182E-04,4.57766E-05,-2.33333E-03
2.703352,1.297006E-04,6.103562E-05,-.001
2.704352,3.814721E-05,-3.433246E-04,-6.66667E-04
2.705353,1.297006E-04,-4.88285E-04,-6.66667E-04
2.706353,-5.340599E-05,-6.63761E-04,-3.66667E-03
2.707354,-2.822895E-04,-6.866492E-04,.001
2.708354,-1.06812E-04,-6.027259E-04,.001
2.709355,-3.814721E-05,-1.75477E-04,-.001
2.710355,-3.280658E-04,3.814721E-05,-.001
2.711356,-9.15532E-05,1.907358E-04,6.66667E-04
2.712356,6.866502E-05,1.525888E-04,-.001
2.713357,3.204364E-04,1.831064E-04,6.66667E-04
2.714357,1.678476E-04,1.983652E-04,-6.66667E-04
2.715358,5.340599E-05,4.196186E-04,-6.66667E-04
2.716358,-1.75477E-04,7.324256E-04,-6.66667E-04
2.717359,-1.678476E-04,4.196186E-04,-.001
2.718359,-2.28883E-05,1.907358E-04,-.001
2.71936,-2.365122E-04,-1.907358E-04,-6.66667E-04
2.72036,-1.602182E-04,-1.06812E-04,-.002
2.721361,1.75477E-04,-1.297006E-04,-.001
2.722361,3.814721E-05,-1.75477E-04,.001
2.723362,-3.051781E-05,-1.144414E-04,-.002
2.724362,-1.525891E-05,0,6.66667E-04
2.725363,8.392381E-05,2.28883E-05,-.001
2.726363,2.441425E-04,3.051781E-05,.001
2.727364,-8.392381E-05,0,.001
2.728364,-1.678476E-04,8.392381E-05,.004
2.729365,1.525891E-05,-1.3733E-04,-6.66667E-04
2.730365,5.340599E-05,3.051781E-05,6.66667E-04
2.731366,-1.525891E-05,2.059946E-04,-2.33333E-03
2.732366,-1.602182E-04,2.059946E-04,-2.33333E-03
2.733367,-2.059946E-04,3.662128E-04,-.001
2.734367,4.196186E-04,3.814721E-05,-.002
2.735368,2.670307E-04,7.629441E-05,-.002
2.736368,-1.525891E-05,-9.15532E-05,-.002
2.737369,1.3733E-04,-6.103562E-05,6.66667E-04
2.738369,2.13624E-04,2.441425E-04,-.002
2.73937,2.594013E-04,3.814716E-04,-.001
2.74037,4.27248E-04,5.264319E-04,6.66667E-04
2.741371,5.798377E-04,3.12807E-04,-6.66667E-04
2.742371,4.043598E-04,2.975482E-04,-5.33333E-03
2.743372,2.288828E-04,3.051776E-04,-.001
2.744372,1.297006E-04,2.670307E-04,-.001
2.745373,1.831064E-04,3.814716E-04,-6.66667E-04
2.746373,-6.103562E-05,2.441425E-04,-6.66667E-04
2.747374,2.441425E-04,3.280658E-04,-6.66667E-04
2.748374,1.144414E-04,2.365122E-04,-6.66667E-04
2.749375,-1.06812E-04,2.594013E-04,.002
2.750375,-1.602182E-04,5.340599E-05,-.002
2.751376,-9.15532E-05,3.814721E-05,-.002
2.752376,1.907358E-04,9.918259E-05,-6.66667E-04
2.753377,2.212534E-04,0,-2.33333E-03
2.754377,-1.144414E-04,3.50954E-04,-6.66667E-04
2.755378,-1.06812E-04,2.13624E-04,.001
2.756378,-1.75477E-04,-2.441425E-04,6.66667E-04
2.757379,8.392381E-05,-3.433246E-04,-6.66667E-04
2.758379,3.356952E-04,-2.28883E-05,-6.66667E-04
2.75938,3.12807E-04,-5.340599E-05,-6.66667E-04
2.76038,1.907358E-04,-5.340599E-05,-.001
2.761381,-3.051781E-05,5.340599E-05,-6.66667E-04
2.762381,-1.831064E-04,7.629453E-06,2.33333E-03
2.763382,6.103562E-05,0,.001
2.764382,-6.103562E-05,-2.13624E-04,-.001
2.765383,-1.602182E-04,-1.602182E-04,2.33333E-03
2.766383,-8.392381E-05,-4.57766E-05,6.66667E-04
2.767384,-1.144414E-04,-1.983652E-04,-.002
2.768384,1.831064E-04,-2.28883E-05,-6.66667E-04
2.769385,3.662128E-04,-3.12807E-04,-6.66667E-04
2.770385,3.12807E-04,-4.959144E-04,6.66667E-04
2.771386,4.88285E-04,-2.899189E-04,-.001
2.772386,4.577655E-04,-1.449594E-04,-.001
2.773387,1.831064E-04,-1.449594E-04,-6.66667E-04
2.774387,-1.144414E-04,-2.28883E-05,6.66667E-04
2.775388,3.051781E-05,6.866502E-05,.001
2.776388,-6.103562E-05,-1.220712E-04,-6.66667E-04
2.777389,1.525891E-05,-3.50954E-04,6.66667E-04
2.778389,-7.629441E-05,-4.196186E-04,-6.66667E-04
2.77939,-1.449594E-04,-3.585834E-04,-6.66667E-04
2.78039,-4.57766E-05,-3.356952E-04,6.66667E-04
2.781391,-1.907358E-04,-1.525891E-05,-.002
2.782391,-6.103562E-05,1.75477E-04,-.002
2.783392,-6.866502E-05,2.746601E-04,.001
2.784392,-2.441425E-04,2.441425E-04,-.001
2.785393,7.629453E-06,2.594013E-04,.001
2.786393,0,1.297006E-04,-6.66667E-04
2.787394,-5.340599E-05,4.57766E-05,-6.66667E-04
2.788394,1.297006E-04,1.602182E-04,6.66667E-04
2.789395,2.059946E-04,2.365122E-04,-6.66667E-04
2.790395,2.822895E-04,3.12807E-04,-.001
2.791396,1.144414E-04,4.196186E-04,-.002
2.792396,2.365122E-04,3.12807E-04,-.002
2.793397,3.50954E-04,3.051781E-05,.001
2.794397,1.3733E-04,2.059946E-04,-3.66667E-03
2.795398,3.814721E-05,2.288828E-04,6.66667E-04
2.796398,9.918259E-05,2.899189E-04,-.001
2.797399,-5.340599E-05,1.907358E-04,-.002
2.798399,-1.907358E-04,1.678476E-04,.001
2.7994,-1.06812E-04,3.814721E-05,.001
2.8004,-1.3733E-04,-6.103562E-05,-.001
2.801401,-5.340599E-05,9.918259E-05,.001
2.802401,-4.57766E-05,4.57766E-05,-6.66667E-04
2.803402,-2.28883E-05,3.12807E-04,-6.66667E-04
2.804402,1.144414E-04,1.449594E-04,6.66667E-04
2.805403,1.449594E-04,1.525888E-04,.001
2.806403,9.15532E-05,7.629441E-05,-6.66667E-04
2.807404,2.212534E-04,1.220712E-04,6.66667E-04
2.808404,2.594013E-04,1.06812E-04,.001
2.809405,4.57766E-05,-1.907358E-04,-.001
2.810405,6.866502E-05,-3.814716E-04,-.001
2.811406,2.441425E-04,-2.28883E-05,-6.66667E-04
2.812406,2.13624E-04,-9.15532E-05,-6.66667E-04
2.813407,-8.392381E-05,-9.15532E-05,6.66667E-04
2.814407,-2.670307E-04,9.918259E-05,6.66667E-04
2.815408,-1.06812E-04,2.441425E-04,-6.66667E-04
2.816408,9.15532E-05,4.57766E-05,-.001
2.817409,-1.3733E-04,-1.06812E-04,.001
2.818409,-6.866502E-05,5.340599E-05,-.002
2.81941,-1.525891E-05,6.866502E-05,-6.66667E-04
2.82041,2.28883E-05,8.392381E-05,-6.66667E-04
2.821411,3.50954E-04,-7.629441E-05,-.002
2.822411,3.051781E-05,-2.365122E-04,.001
2.823412,-3.051781E-05,-2.288828E-04,-6.66667E-04
2.824412,-1.297006E-04,-4.88285E-04,.001
2.825413,-3.967304E-04,-6.027259E-04,-6.66667E-04
2.826413,5.340599E-05,-4.806537E-04,-6.66667E-04
2.827414,3.204364E-04,-5.188026E-04,-3.66667E-03
2.828414,0,-3.051776E-04,-6.66667E-04
2.829415,-1.220712E-04,-4.196186E-04,-.001
2.830415,3.051776E-04,-3.738422E-04,-6.66667E-04
2.831416,3.12807E-04,-3.204364E-04,-.002
2.832416,3.280658E-04,-4.27248E-04,-6.66667E-04
2.833417,4.577655E-04,-2.670307E-04,.001
2.834417,3.662128E-04,0,.001
2.835418,-7.629453E-06,1.983652E-04,.001
2.836418,3.051781E-05,2.441425E-04,.001
2.837419,-1.602182E-04,6.866492E-04,-6.66667E-04
2.838419,-6.103562E-05,4.88285E-04,-.001
2.83942,-1.297006E-04,1.525888E-04,-.001
2.84042,9.918259E-05,-1.831064E-04,-.002
2.841421,-1.525888E-04,-4.577655E-04,.001
2.842421,-2.899189E-04,-4.119892E-04,-3.66667E-03
2.843422,-1.602182E-04,2.059946E-04,-3.66667E-03
2.844422,-1.297006E-04,7.01908E-04,-.001
2.845423,-1.983652E-04,6.408729E-04,-.001
2.846423,-2.441425E-04,3.89101E-04,-6.66667E-04
2.847424,-4.196186E-04,9.918259E-05,-.001
2.848424,-2.13624E-04,-2.670307E-04,-6.66667E-04
2.849425,-3.12807E-04,-1.678476E-04,6.66667E-04
2.850425,-8.697547E-04,-1.525888E-04,6.66667E-04
2.851426,-1.152046E-03,9.918259E-05,-6.66667E-04
2.852426,-1.464851E-03,-1.525888E-04,-.001
2.853427,-1.647957E-03,-5.340599E-05,-6.66667E-04
2.854427,-1.914985E-03,-7.629441E-05,-6.66667E-04
2.855428,-2.243057E-03,-1.3733E-04,-.001
2.856428,-2.670303E-03,-1.525888E-04,2.33333E-03
2.857429,-3.120437E-03,-3.280658E-04,6.66667E-04
2.858429,-3.570572E-03,-1.06812E-04,-.001
2.85943,-3.685012E-03,9.15532E-05,-.002
2.86043,-3.829971E-03,1.602182E-04,-6.66667E-04
2.861431,-3.738418E-03,3.50954E-04,-.002
2.862431,-3.494278E-03,4.043598E-04,-2.33333E-03
2.863432,-2.975479E-03,3.433246E-04,-6.66667E-04
2.864432,-2.410904E-03,2.441425E-04,-.001
2.865433,-2.197281E-03,-1.449594E-04,6.66667E-04
2.866433,-2.166763E-03,-4.57766E-05,.001
2.867434,-1.960769E-03,3.738422E-04,6.66667E-04
2.868434,-1.533516E-03,6.332435E-04,-.001
2.869435,-1.365669E-03,5.950965E-04,-6.66667E-04
2.870435,-1.144417E-03,5.874671E-04,6.66667E-04
2.871436,-9.384193E-04,5.035438E-04,-.001
2.872436,-9.7657E-04,1.525888E-04,-6.66667E-04
2.873437,-6.027259E-04,0,-.001
2.874437,-2.746601E-04,1.983652E-04,-.001
2.875438,-1.3733E-04,-1.525888E-04,6.66667E-04
2.876438,5.340599E-05,-1.144414E-04,.001
2.877439,-7.629453E-06,-6.103562E-05,.001
2.878439,-1.602182E-04,3.051781E-05,-.001
2.87944,1.297006E-04,1.831064E-04,-6.66667E-04
2.88044,3.204364E-04,1.220712E-04,-6.66667E-04
2.881441,3.051781E-05,1.678476E-04,.001
2.882441,-2.975482E-04,2.441425E-04,-3.66667E-03
2.883442,-2.746601E-04,-2.28883E-05,-.001
2.884442,-3.585834E-04,-6.027259E-04,2.33333E-03
2.885443,-2.899189E-04,-7.01908E-04,.002
2.886443,-2.441425E-04,-5.264319E-04,-.001
2.887444,-9.15532E-05,-4.730243E-04,6.66667E-04
2.888444,2.28883E-05,-1.602182E-04,.002
2.889445,-3.280658E-04,-1.3733E-04,-.001
2.890445,-3.433246E-04,1.06812E-04,.001
2.891446,-3.280658E-04,-5.340599E-05,.001
2.892446,9.15532E-05,7.629441E-05,-.002
2.893447,-1.525891E-05,-6.866502E-05,-.001
2.894447,-5.340599E-05,-1.983652E-04,-.001
2.895448,-1.678476E-04,-1.75477E-04,-6.66667E-04
2.896448,-2.441425E-04,-1.06812E-04,-.002
2.897449,-3.051781E-05,-4.806537E-04,-6.66667E-04
2.898449,-5.340599E-05,-3.967304E-04,-.002
2.89945,0,-3.814721E-05,-.001
2.90045,-1.907358E-04,-2.28883E-05,-6.66667E-04
2.901451,-3.051776E-04,1.525891E-05,-.002
2.902451,-1.983652E-04,4.57766E-05,-.002
2.903452,-9.15532E-05,9.15532E-05,-.001
2.904452,-1.06812E-04,9.15532E-05,-6.66667E-04
2.905453,-5.340599E-05,1.3733E-04,-6.66667E-04
2.906453,-2.365122E-04,-1.06812E-04,-.001
2.907454,-3.738422E-04,2.670307E-04,-.002
2.908454,-1.907358E-04,2.059946E-04,6.66667E-04
2.909455,3.051781E-05,1.602182E-04,-6.66667E-04
2.910455,-8.392381E-05,2.13624E-04,-.002
2.911456,-6.866502E-05,-1.144414E-04,-6.66667E-04
2.912456,-1.525891E-05,-2.670307E-04,-6.66667E-04
2.913457,-1.983652E-04,-6.103562E-05,-.001
2.914457,-2.365122E-04,-3.814721E-05,-6.66667E-04
2.915458,-1.06812E-04,3.051781E-05,-.002
2.916458,-3.051781E-05,1.297006E-04,2.33333E-03
2.917459,0,-2.059946E-04,-.001
2.918459,-2.441425E-04,4.57766E-05,6.66667E-04
2.91946,-2.28883E-05,4.348774E-04,-6.66667E-04
2.92046,-6.866502E-05,2.594013E-04,-6.66667E-04
2.921461,-3.814721E-05,-1.525891E-05,-.001
2.922461,-2.899189E-04,-1.525888E-04,-.002
2.923462,-3.662128E-04,-1.297006E-04,-.001
2.924462,-2.288828E-04,-1.602182E-04,6.66667E-04
2.925463,-3.051781E-05,-2.212534E-04,-6.66667E-04
2.926463,2.594013E-04,-7.629453E-06,-.001
2.927464,1.907358E-04,1.06812E-04,-.002
2.928464,1.907358E-04,3.204364E-04,.002
2.929465,8.392381E-05,-5.340599E-05,6.66667E-04
2.930465,-7.629453E-06,-4.730243E-04,-.002
2.931466,-2.288828E-04,-7.705726E-04,2.33333E-03
2.932466,4.57766E-05,-5.493201E-04,-.001
2.933467,2.212534E-04,-3.814716E-04,-2.33333E-03
2.934467,-1.907358E-04,-5.493201E-04,-.002
2.935468,-2.059946E-04,-3.433246E-04,.001
2.936468,-3.585834E-04,2.059946E-04,6.66667E-04
2.937469,-3.814721E-05,1.525888E-04,.002
2.938469,-1.907358E-04,1.525888E-04,-6.66667E-04
2.93947,-3.738422E-04,3.585834E-04,-2.33333E-03
2.94047,-1.449594E-04,3.280658E-04,-.001
2.941471,1.831064E-04,-1.525891E-05,6.66667E-04
2.942471,3.814721E-05,-5.340599E-05,.002
2.943472,2.059946E-04,-3.814716E-04,-6.66667E-04
2.944472,2.288828E-04,4.57766E-05,-.001
2.945473,3.662128E-04,4.57766E-05,.001
2.946473,-1.449594E-04,1.06812E-04,-.001
2.947474,-2.746601E-04,-1.907358E-04,-.002
2.948474,-2.13624E-04,-8.316077E-04,-.001
2.949475,-1.220712E-04,-7.934608E-04,-6.66667E-04
2.950475,-1.297006E-04,-3.814716E-04,-.002
2.951476,-1.602182E-04,-2.288828E-04,.001
2.952476,3.814721E-05,-3.280658E-04,-2.33333E-03
2.953477,3.814721E-05,-5.798377E-04,-6.66667E-04
2.954477,3.662128E-04,-3.89101E-04,-.001
2.955478,3.12807E-04,4.57766E-05,-6.66667E-04
2.956478,3.051781E-05,1.525888E-04,6.66667E-04
2.957479,0,1.3733E-04,-.002
2.958479,-1.3733E-04,9.15532E-05,-.001
2.95948,-4.653949E-04,9.918259E-05,-6.66667E-04
2.96048,-4.806537E-04,3.356952E-04,-6.66667E-04
2.961481,-2.670307E-04,4.196186E-04,.001
2.962481,1.525888E-04,4.196186E-04,-.001
2.963482,6.103562E-05,5.722083E-04,.001
2.964482,-3.051776E-04,3.204364E-04,6.66667E-04
2.965483,-3.814721E-05,3.280658E-04,-.002
2.966483,9.918259E-05,2.212534E-04,-.002
2.967484,1.220712E-04,-1.06812E-04,-6.66667E-04
2.968484,0,-5.340599E-05,-.001
2.969485,-1.75477E-04,3.204364E-04,-.001
2.970485,-2.594013E-04,4.425067E-04,-.001
2.971486,-1.3733E-04,4.57766E-05,.002
2.972486,-2.13624E-04,-1.983652E-04,2.33333E-03
2.973487,2.517719E-04,-5.340599E-05,-.001
2.974487,2.059946E-04,-1.602182E-04,6.66667E-04
2.975488,1.75477E-04,-1.907358E-04,-6.66667E-04
2.976488,3.051781E-05,-1.831064E-04,-.001
2.977489,-1.06812E-04,1.06812E-04,-.002
2.978489,-2.365122E-04,1.144414E-04,-2.33333E-03
2.97949,-4.501361E-04,-6.866502E-05,6.66667E-04
2.98049,-2.288828E-04,-1.144414E-04,-6.66667E-04
2.981491,1.525888E-04,-9.918259E-05,-6.66667E-04
2.982491,4.043598E-04,-1.525891E-05,-.002
2.983492,3.585834E-04,2.975482E-04,-6.66667E-04
2.984492,4.196186E-04,2.975482E-04,6.66667E-04
2.985493,1.75477E-04,1.144414E-04,.002
2.986493,-2.28883E-05,0,-.002
2.987494,-1.06812E-04,1.525888E-04,6.66667E-04
2.988494,-2.670307E-04,-3.204364E-04,-.001
2.989495,1.602182E-04,-5.340599E-05,-2.33333E-03
2.990495,3.585834E-04,2.13624E-04,-.002
2.991496,4.577655E-04,1.907358E-04,-2.33333E-03
2.992496,1.297006E-04,9.15532E-05,6.66667E-04
2.993497,4.57766E-05,3.738422E-04,6.66667E-04
2.994497,-5.340599E-05,2.975482E-04,-.001
2.995498,-1.06812E-04,9.918259E-05,-6.66667E-04
2.996498,-8.392381E-05,1.678476E-04,-.001
2.997499,-3.051776E-04,5.798377E-04,6.66667E-04
2.998499,-2.13624E-04,5.264319E-04,.001
2.9995,1.75477E-04,3.814716E-04,-6.66667E-04
3.0005,1.297006E-04,4.806537E-04,-.001
3.001501,2.746601E-04,4.501361E-04,.001
3.002501,2.28883E-05,4.119892E-04,-2.33333E-03
3.003502,-8.392381E-05,2.670307E-04,.001
3.004502,1.220712E-04,3.356952E-04,-6.66667E-04
3.005503,1.144414E-04,2.365122E-04,-.002
3.006503,2.13624E-04,1.602182E-04,-3.66667E-03
3.007504,1.297006E-04,2.365122E-04,-2.33333E-03
3.008504,-2.517719E-04,7.629453E-06,-.002
3.009505,-2.28883E-05,-2.288828E-04,-.001
3.010505,2.441425E-04,-1.525888E-04,-.001
3.011506,3.12807E-04,1.525891E-05,-6.66667E-04
3.012506,9.15532E-05,-1.75477E-04,-.002
3.013507,1.525891E-05,-2.288828E-04,6.66667E-04
3.014507,-3.433246E-04,-3.814721E-05,-.001
3.015508,-7.629432E-04,-2.059946E-04,6.66667E-04
3.016508,-4.425067E-04,-3.967304E-04,-2.33333E-03
3.017509,1.297006E-04,-3.433246E-04,-.001
3.018509,2.517719E-04,9.918259E-05,2.33333E-03
3.01951,2.594013E-04,1.75477E-04,-.001
3.02051,5.340599E-05,2.441425E-04,-3.66667E-03
3.021511,3.051781E-05,3.433246E-04,-.001
3.022511,2.670307E-04,3.051781E-05,-6.66667E-04
3.023512,-2.288828E-04,-3.50954E-04,-.001
3.024512,-1.091011E-03,-2.670307E-04,-6.66667E-04
3.025513,-1.457222E-03,-2.975482E-04,6.66667E-04
3.026513,-1.95314E-03,1.602182E-04,.001
3.027514,-2.319351E-03,5.569495E-04,-.001
3.028514,-3.013626E-03,4.577655E-04,-6.66667E-04
3.029515,-3.784195E-03,4.27248E-04,6.66667E-04
3.030515,-4.333526E-03,1.297006E-04,.001
3.031516,-5.455047E-03,-1.983652E-04,6.66667E-04
3.032516,-6.828338E-03,-6.256141E-04,-.001
3.033517,-8.606017E-03,-7.324256E-04,6.66667E-04
3.034517,-1.025397E-02,-8.773841E-04,-.001
3.035518,-1.161963E-02,-1.289375E-03,-.002
3.036518,-1.371771E-02,-1.319893E-03,.001
3.037519,-1.570141E-02,-1.35041E-03,-.002
3.038519,-.017151,-1.747139E-03,-6.66667E-04
3.03952,-1.701367E-02,-1.693733E-03,-6.66667E-04
3.04052,-1.573193E-02,-1.640327E-03,-6.66667E-04
3.041521,-1.408392E-02,-1.197822E-03,.001
3.042521,-.0122605,-8.239783E-04,-6.66667E-04
3.043522,-1.027685E-02,-9.994581E-04,-6.66667E-04
3.044522,-8.216918E-03,-7.247962E-04,-2.33333E-03
3.045523,-6.591827E-03,-7.095374E-04,-6.66667E-04
3.046523,-5.241424E-03,-6.790198E-04,-3.66667E-03
3.047524,-4.081756E-03,-4.806537E-04,.002
3.048524,-3.005996E-03,-3.433246E-04,.002
3.049525,-1.914985E-03,-3.50954E-04,-.002
3.050525,-1.640327E-03,-3.50954E-04,.002
3.051526,-8.239783E-04,-4.959144E-04,.001
3.052526,-5.493201E-04,-2.975482E-04,-.001
3.053527,-5.416907E-04,-3.738422E-04,.001
3.054527,-9.15532E-05,-1.3733E-04,2.33333E-03
3.055528,-3.204364E-04,1.525891E-05,6.66667E-04
3.056528,-5.340613E-04,1.831064E-04,-6.66667E-04
3.057529,-3.585834E-04,-1.525891E-05,-.002
3.058529,1.06812E-04,1.220712E-04,-.002
3.05953,3.967304E-04,7.629441E-05,-6.66667E-04
3.06053,2.670307E-04,2.13624E-04,-6.66667E-04
3.061531,2.288828E-04,6.103562E-05,6.66667E-04
3.062531,3.12807E-04,-7.629453E-06,-6.66667E-04
3.063532,3.585834E-04,-9.918259E-05,-6.66667E-04
3.064532,2.822895E-04,-2.13624E-04,6.66667E-04
3.065533,1.06812E-04,-1.907358E-04,-2.33333E-03
3.066533,7.629453E-06,-2.288828E-04,-2.33333E-03
3.067534,-7.629441E-05,-5.569495E-04,-6.66667E-04
3.068534,1.3733E-04,-6.332435E-04,6.66667E-04
3.069535,6.103553E-04,-7.78202E-04,-6.66667E-04
3.070535,7.629432E-04,-5.798377E-04,6.66667E-04
3.071536,6.713904E-04,-2.899189E-04,-.002
3.072536,5.569495E-04,-1.06812E-04,-2.33333E-03
3.073537,2.670307E-04,-3.967304E-04,.001
3.074537,-1.983652E-04,-5.493201E-04,-.002
3.075538,-7.40055E-04,-2.517719E-04,-.001
3.076538,-4.196186E-04,4.57766E-05,-.001
3.077539,-1.297006E-04,9.15532E-05,-6.66667E-04
3.078539,-1.525888E-04,1.907358E-04,-.001
3.07954,1.525888E-04,-7.629453E-06,-.002
3.08054,3.280658E-04,-6.866502E-05,-6.66667E-04
3.081541,7.629441E-05,-4.88285E-04,-.002
3.082541,1.3733E-04,-6.408729E-04,.001
3.083542,3.12807E-04,-6.866492E-04,-.001
3.084542,2.670307E-04,5.340599E-05,-2.33333E-03
3.085543,1.144414E-04,4.501361E-04,6.66667E-04
3.086543,-1.678476E-04,3.433246E-04,6.66667E-04
3.087544,-9.15532E-05,7.629441E-05,-6.66667E-04
3.088544,-2.822895E-04,-5.340599E-05,6.66667E-04
3.089545,-4.959144E-04,-1.144414E-04,-.001
3.090545,-3.433246E-04,4.57766E-05,6.66667E-04
3.091546,-1.06812E-04,3.585834E-04,-.002
3.092546,-1.602182E-04,1.06812E-04,-.002
3.093547,-2.059946E-04,8.392381E-05,-.001
3.094547,-2.517719E-04,2.517719E-04,-.001
3.095548,-1.3733E-04,1.907358E-04,-.002
3.096548,-1.602182E-04,1.525888E-04,.001
3.097549,-2.670307E-04,-4.57766E-05,-.001
3.098549,-1.06812E-04,-1.75477E-04,-3.66667E-03
3.09955,-1.144414E-04,3.814721E-05,.002
3.10055,3.814721E-05,1.831064E-04,2.33333E-03
3.101551,-6.103562E-05,1.525888E-04,-.001
3.102551,9.918259E-05,2.059946E-04,-.001
3.103552,1.525888E-04,2.288828E-04,-.001
3.104552,2.670307E-04,3.051781E-05,-.001
3.105553,2.822895E-04,-1.06812E-04,-.002
3.106553,2.594013E-04,-3.662128E-04,-.002
3.107554,-2.059946E-04,-3.433246E-04,-6.66667E-04
3.108554,-2.670307E-04,-1.297006E-04,-.001
3.109555,-1.449594E-04,-1.449594E-04,-.001
3.110555,-9.918259E-05,-3.50954E-04,-.002
3.111556,-1.06812E-04,-2.13624E-04,-.002
3.112556,-4.27248E-04,1.75477E-04,-6.66667E-04
3.113557,-6.103553E-04,3.662128E-04,-6.66667E-04
3.114557,-6.256141E-04,4.043598E-04,-6.66667E-04
3.115558,-5.035438E-04,5.340613E-04,-.002
3.116558,-3.204364E-04,3.738422E-04,-.001
3.117559,-3.814716E-04,1.75477E-04,-6.66667E-04
3.118559,-3.50954E-04,4.27248E-04,-.001
3.11956,-3.433246E-04,6.256141E-04,-.001
3.12056,-2.365122E-04,3.356952E-04,6.66667E-04
3.121561,-2.212534E-04,2.517719E-04,-6.66667E-04
3.122561,-2.212534E-04,2.13624E-04,.002
3.123562,-4.57766E-05,6.866502E-05,-.001
3.124562,2.13624E-04,1.525891E-05,-2.33333E-03
3.125563,-1.06812E-04,-1.297006E-04,.001
3.126563,2.28883E-05,-1.678476E-04,-.002
3.127564,4.57766E-05,-5.340599E-05,.002
3.128564,1.3733E-04,1.220712E-04,6.66667E-04
3.129565,-8.392381E-05,-9.918259E-05,-.001
3.130565,-6.866502E-05,9.918259E-05,.001
3.131566,3.051781E-05,1.144414E-04,.001
3.132566,-2.28883E-05,2.975482E-04,-.002
3.133567,2.899189E-04,4.196186E-04,-.001
3.134567,5.340599E-05,3.433246E-04,-6.66667E-04
3.135568,3.662128E-04,1.907358E-04,.001
3.136568,2.517719E-04,-1.525891E-05,.001
3.137569,3.051781E-05,-1.602182E-04,6.66667E-04
3.138569,-3.051776E-04,-2.899189E-04,-.001
3.13957,-3.814716E-04,-1.3733E-04,.002
3.14057,-3.204364E-04,5.340599E-05,.001
3.141571,-4.119892E-04,6.866502E-05,-.002
3.142571,-4.27248E-04,-1.06812E-04,-.001
3.143572,-9.918259E-05,-5.340599E-05,.001
3.144572,1.220712E-04,1.220712E-04,.001
3.145573,3.814721E-05,1.907358E-04,6.66667E-04
3.146573,-1.602182E-04,6.103562E-05,-.001
3.147574,-3.280658E-04,3.967304E-04,-.002
3.148574,-4.27248E-04,2.517719E-04,-6.66667E-04
3.149575,4.57766E-05,2.059946E-04,-.002
3.150575,6.103562E-05,-1.525888E-04,-.002
3.151576,1.220712E-04,-3.738422E-04,-6.66667E-04
3.152576,3.814721E-05,3.814721E-05,-.002
3.153577,3.051781E-05,3.585834E-04,-.002
3.154577,3.051776E-04,1.75477E-04,.002
3.155578,3.12807E-04,1.75477E-04,6.66667E-04
3.156578,3.662128E-04,-2.28883E-05,-.001
3.157579,1.602182E-04,-2.899189E-04,-.001
3.158579,-1.602182E-04,-3.662128E-04,.001
3.15958,-2.746601E-04,-1.602182E-04,.001
3.16058,-2.899189E-04,-1.06812E-04,6.66667E-04
3.161581,-5.493201E-04,-3.662128E-04,-6.66667E-04
3.162581,-3.204364E-04,-4.425067E-04,-.001
3.163582,4.57766E-05,-2.670307E-04,.001
3.164582,1.602182E-04,-9.15532E-05,-6.66667E-04
3.165583,-6.103562E-05,-1.678476E-04,-.001
3.166583,-2.13624E-04,8.392381E-05,-.001
3.167584,-4.196186E-04,2.365122E-04,.001
3.168584,0,5.645789E-04,6.66667E-04
3.169585,4.57766E-05,4.501361E-04,6.66667E-04
3.170585,-3.738422E-04,3.12807E-04,.001
3.171586,0,6.866492E-04,6.66667E-04
3.172586,-9.15532E-05,5.264319E-04,-6.66667E-04
3.173587,-9.918259E-05,1.144414E-04,.001
3.174587,-9.15532E-05,-1.06812E-04,6.66667E-04
3.175588,1.907358E-04,-7.629441E-05,6.66667E-04
3.176588,4.119892E-04,1.831064E-04,.001
3.177589,3.280658E-04,-1.3733E-04,.001
3.178589,4.196186E-04,-3.12807E-04,6.66667E-04
3.17959,4.730243E-04,-1.144414E-04,-.001
3.18059,2.594013E-04,1.678476E-04,-.002
3.181591,-8.392381E-05,3.204364E-04,-6.66667E-04
3.182591,-3.738422E-04,2.594013E-04,-6.66667E-04
3.183592,-4.425067E-04,9.918259E-05,-6.66667E-04
3.184592,-4.653949E-04,2.517719E-04,6.66667E-04
3.185593,-1.602182E-04,-6.866502E-05,-.001
3.186593,-3.433246E-04,2.28883E-05,-6.66667E-04
3.187594,-3.433246E-04,-1.525891E-05,2.33333E-03
3.188594,-2.670307E-04,-6.103562E-05,-.001
3.189595,-2.13624E-04,7.629453E-06,-6.66667E-04
3.190595,-2.059946E-04,-1.449594E-04,-.002
3.191596,-1.06812E-04,-1.144414E-04,-.001
3.192596,-3.433246E-04,-1.983652E-04,-.001
3.193597,-4.27248E-04,0,-6.66667E-04
3.194597,-2.365122E-04,-1.907358E-04,-6.66667E-04
3.195598,-2.517719E-04,-3.433246E-04,-.004
3.196598,-2.059946E-04,-2.28883E-05,-.001
3.197599,-1.220712E-04,-1.602182E-04,-6.66667E-04
3.198599,-6.866502E-05,1.525888E-04,-2.33333E-03
3.1996,-1.831064E-04,5.188026E-04,-6.66667E-04
3.2006,-1.220712E-04,1.983652E-04,6.66667E-04
3.201601,-5.188026E-04,-1.297006E-04,-6.66667E-04
3.202601,-3.051776E-04,6.866502E-05,.002
3.203602,-2.441425E-04,-7.629441E-05,.002
3.204602,9.15532E-05,-2.365122E-04,-.001
3.205603,-2.288828E-04,-3.356952E-04,-.001
3.206603,-4.57766E-05,-6.866502E-05,-.001
3.207604,1.525891E-05,5.340599E-05,.001
3.208604,-3.433246E-04,1.75477E-04,-.002
3.209605,-5.874671E-04,2.822895E-04,6.66667E-04
3.210605,-5.340613E-04,1.525891E-05,6.66667E-04
3.211606,-9.002723E-04,-5.340599E-05,-6.66667E-04
3.212606,-7.324256E-04,6.103562E-05,6.66667E-04
3.213607,-3.12807E-04,1.3733E-04,6.66667E-04
3.214607,-4.653949E-04,2.365122E-04,-6.66667E-04
3.215608,-4.577655E-04,-1.220712E-04,-6.66667E-04
3.216608,-5.645789E-04,-2.212534E-04,-.001
3.217609,-6.713904E-04,-9.918259E-05,.001
3.218609,-8.621253E-04,4.57766E-05,-6.66667E-04
3.21961,-8.316077E-04,1.75477E-04,-6.66667E-04
3.22061,-6.561317E-04,2.441425E-04,6.66667E-04
3.221611,-5.874671E-04,3.051781E-05,-2.33333E-03
3.222611,-5.188026E-04,-1.983652E-04,-6.66667E-04
3.223612,-5.798377E-04,-3.12807E-04,-6.66667E-04
3.224612,9.918259E-05,-3.50954E-04,-.001
3.225613,1.983652E-04,2.594013E-04,.001
3.226614,-2.28883E-05,4.425067E-04,-6.66667E-04
3.227614,-4.730243E-04,4.196186E-04,-.001
3.228614,-3.204364E-04,1.144414E-04,-.001
3.229615,-2.28883E-05,-2.670307E-04,-.001
3.230615,-8.392381E-05,-3.280658E-04,-.001
3.231616,-4.043598E-04,-2.441425E-04,-.002
3.232616,-4.806537E-04,3.051781E-05,6.66667E-04
3.233617,-5.188026E-04,1.75477E-04,-.001
3.234617,-4.959144E-04,3.356952E-04,-.002
3.235618,-9.53678E-04,3.738422E-04,-6.66667E-04
3.236619,-1.136787E-03,-6.866502E-05,-6.66667E-04
3.237619,-8.392371E-04,-3.662128E-04,.001
3.238619,-5.722083E-04,-4.27248E-04,-2.33333E-03
3.23962,-6.790198E-04,-6.256141E-04,-.001
3.24062,-9.002723E-04,-5.645789E-04,6.66667E-04
3.241621,-1.029976E-03,-3.051776E-04,-.002
3.242621,-1.403816E-03,-3.051781E-05,6.66667E-04
3.243622,-1.586922E-03,1.449594E-04,-.002
3.244622,-1.922615E-03,2.365122E-04,-.002
3.245623,-2.395645E-03,2.517719E-04,6.66667E-04
3.246624,-2.761856E-03,-1.297006E-04,-.001
3.247624,-3.273025E-03,1.3733E-04,-.001
3.248624,-4.173309E-03,3.051781E-05,6.66667E-04
3.249625,-5.477935E-03,-5.340599E-05,-.002
3.250625,-6.813079E-03,-1.983652E-04,-.001
3.251626,-7.896483E-03,-2.975482E-04,-.001
3.252626,-9.422362E-03,-5.950965E-04,-.001
3.253627,-1.130682E-02,-7.095374E-04,-6.66667E-04
3.254627,-1.346594E-02,-1.129158E-03,6.66667E-04
3.255628,-1.553351E-02,-1.693733E-03,.001
3.256629,-1.750195E-02,-1.800545E-03,-6.66667E-04
3.257629,-1.938641E-02,-1.983657E-03,-.001
3.258629,-2.102673E-02,-2.029434E-03,-6.66667E-04
3.25963,-2.233136E-02,-2.311721E-03,.001
3.26063,-2.279675E-02,-2.288833E-03,-.001
3.261631,-2.213299E-02,-2.235427E-03,-.002
3.262631,-2.039349E-02,-2.182022E-03,.002
3.263632,-1.802075E-02,-1.976028E-03,-6.66667E-04
3.264632,-1.614392E-02,-1.632698E-03,.001
3.265633,-1.389319E-02,-1.289375E-03,-6.66667E-04
3.266634,-.0117951,-1.075752E-03,-6.66667E-04
3.267634,-9.719908E-03,-9.994581E-04,-6.66667E-04
3.268634,-8.018553E-03,-6.408729E-04,-.002
3.269635,-6.126434E-03,-2.899189E-04,-6.66667E-04
3.270635,-5.020171E-03,-1.525891E-05,-6.66667E-04
3.271636,-3.852859E-03,2.212534E-04,6.66667E-04
3.272636,-3.204361E-03,2.594013E-04,-.002
3.273637,-2.624527E-03,4.27248E-04,-6.66667E-04
3.274637,-2.006546E-03,3.814721E-05,-.001
3.275638,-1.281746E-03,0,.001
3.276639,-9.53678E-04,4.57766E-05,-.001
3.277639,-7.247962E-04,7.629453E-06,-.001
3.278639,-5.874671E-04,2.365122E-04,-6.66667E-04
3.27964,-5.416907E-04,2.441425E-04,6.66667E-04
3.28064,-5.645789E-04,2.594013E-04,6.66667E-04
3.281641,-7.629432E-04,3.204364E-04,6.66667E-04
3.282641,-1.045235E-03,1.449594E-04,-.002
3.283642,-1.144417E-03,1.525888E-04,.001
3.284642,-6.027259E-04,3.204364E-04,6.66667E-04
3.285643,-4.348774E-04,4.196186E-04,6.66667E-04
3.286644,0,2.212534E-04,-6.66667E-04
3.287644,0,1.75477E-04,-6.66667E-04
3.288644,1.297006E-04,3.814716E-04,-6.66667E-04
3.289645,-3.280658E-04,4.425067E-04,-6.66667E-04
3.290645,-2.365122E-04,3.89101E-04,.001
3.291646,-3.280658E-04,6.103562E-05,-.002
3.292646,-4.348774E-04,-4.653949E-04,-6.66667E-04
3.293647,-2.822895E-04,-5.874671E-04,6.66667E-04
3.294647,-5.340599E-05,-4.653949E-04,-.001
3.295648,5.340599E-05,-1.3733E-04,-.002
3.296649,-1.75477E-04,-2.975482E-04,-.001
3.297649,2.670307E-04,-6.103562E-05,.001
3.298649,7.629441E-05,-3.50954E-04,-6.66667E-04
3.29965,-3.356952E-04,-3.738422E-04,-.001
3.30065,-3.662128E-04,-4.806537E-04,-.001
3.301651,-5.874671E-04,-6.866492E-04,-6.66667E-04
3.302651,-7.324256E-04,-6.408729E-04,6.66667E-04
3.303652,-5.340613E-04,-2.288828E-04,-.001
3.304652,-5.111732E-04,2.212534E-04,6.66667E-04
3.305653,-4.425067E-04,4.57766E-05,-6.66667E-04
3.306653,-4.196186E-04,-1.678476E-04,.001
3.307654,-1.907358E-04,-2.288828E-04,-2.33333E-03
3.308654,-2.822895E-04,-4.27248E-04,.002
3.309655,-3.738422E-04,-1.449594E-04,.002
3.310655,-4.501361E-04,-4.57766E-05,-.001
3.311656,-2.594013E-04,-3.814721E-05,-6.66667E-04
3.312656,-3.051776E-04,-3.814721E-05,-.004
3.313657,-3.433246E-04,1.983652E-04,-6.66667E-04
3.314657,-2.212534E-04,1.220712E-04,.001
3.315658,-1.983652E-04,7.629453E-06,6.66667E-04
3.316658,4.57766E-05,2.517719E-04,6.66667E-04
3.317659,7.629453E-06,7.629441E-05,-.001
3.318659,3.814721E-05,-1.907358E-04,-6.66667E-04
3.31966,1.449594E-04,1.06812E-04,-.002
3.32066,-4.57766E-05,9.15532E-05,-.001
3.321661,-4.119892E-04,-7.629453E-06,-6.66667E-04
3.322661,-4.119892E-04,-9.15532E-05,.001
3.323662,-7.629441E-05,-1.144414E-04,-.001
3.324662,1.602182E-04,2.059946E-04,-.001
3.325663,4.959144E-04,2.746601E-04,.001
3.326663,4.730243E-04,4.730243E-04,-.002
3.327664,1.525888E-04,3.814716E-04,-6.66667E-04
3.328664,-3.204364E-04,3.433246E-04,-.001
3.329665,-5.416907E-04,6.942786E-04,6.66667E-04
3.330665,-6.63761E-04,4.730243E-04,-.001
3.331666,-3.814716E-04,1.678476E-04,-.001
3.332666,-1.831064E-04,7.629441E-05,6.66667E-04
3.333667,6.103562E-05,-2.13624E-04,-.001
3.334667,2.594013E-04,-2.975482E-04,-.002
3.335668,-5.340599E-05,-2.746601E-04,-.002
3.336668,-2.746601E-04,-3.280658E-04,.001
3.337669,-5.798377E-04,2.28883E-05,-6.66667E-04
3.338669,-7.171668E-04,9.15532E-05,-6.66667E-04
3.33967,-4.501361E-04,1.907358E-04,-.001
3.34067,-5.111732E-04,1.525891E-05,-.001
3.341671,-6.256141E-04,-2.822895E-04,.001
3.342671,-4.043598E-04,-4.806537E-04,-6.66667E-04
3.343672,-3.356952E-04,-3.738422E-04,-.002
3.344672,-1.220712E-04,-1.75477E-04,-.001
3.345673,-2.28883E-05,-1.831064E-04,-.002
3.346673,-2.670307E-04,-9.918259E-05,-6.66667E-04
3.347674,-3.50954E-04,7.629453E-06,-2.33333E-03
3.348674,-2.594013E-04,-8.392381E-05,6.66667E-04
3.349675,-4.57766E-05,2.441425E-04,.001
3.350675,9.15532E-05,2.288828E-04,-6.66667E-04
3.351676,3.12807E-04,2.594013E-04,-3.66667E-03
3.352676,1.525891E-05,1.3733E-04,-.002
3.353677,-2.13624E-04,7.629453E-06,-6.66667E-04
3.354677,-4.730243E-04,1.75477E-04,-.001
3.355678,-2.670307E-04,2.059946E-04,6.66667E-04
3.356678,-4.57766E-05,1.220712E-04,-6.66667E-04
3.357679,1.983652E-04,1.144414E-04,-.001
3.358679,9.918259E-05,1.907358E-04,-6.66667E-04
3.35968,3.051781E-05,2.822895E-04,.001
3.36068,9.15532E-05,4.119892E-04,-6.66667E-04
3.361681,-4.043598E-04,2.594013E-04,.001
3.362681,-6.866492E-04,3.204364E-04,-.002
3.363682,-5.722083E-04,3.50954E-04,6.66667E-04
3.364682,-1.06812E-04,-6.103562E-05,-.001
3.365683,2.594013E-04,-3.89101E-04,.001
3.366683,-1.602182E-04,-2.670307E-04,-.001
3.367684,-2.594013E-04,-2.13624E-04,-.002
3.368684,-1.220712E-04,-5.340599E-05,-.001
3.369685,-3.50954E-04,7.629441E-05,-.001
3.370685,-3.356952E-04,2.212534E-04,6.66667E-04
3.371686,-4.959144E-04,1.3733E-04,.001
3.372686,-9.689368E-04,-2.13624E-04,.001
3.373687,-1.113899E-03,-1.907358E-04,6.66667E-04
3.374687,-1.388557E-03,-1.3733E-04,-3.66667E-03
3.375688,-1.533516E-03,-7.629441E-05,-6.66667E-04
3.376688,-1.686104E-03,-1.297006E-04,-.002
3.377689,-2.059951E-03,-3.585834E-04,-6.66667E-04
3.378689,-2.258316E-03,-4.501361E-04,.002
3.37969,-2.906814E-03,-3.204364E-04,-6.66667E-04
3.38069,-3.189102E-03,-2.13624E-04,-2.33333E-03
3.381691,-3.288284E-03,-1.525891E-05,-.001
3.382691,-3.532425E-03,-9.918259E-05,.002
3.383692,-3.700271E-03,-1.907358E-04,-6.66667E-04
3.384692,-3.997833E-03,-6.866502E-05,-.001
3.385693,-4.241973E-03,1.525888E-04,-5.33333E-03
3.386693,-4.020721E-03,1.525888E-04,-6.66667E-04
3.387694,-3.829971E-03,5.340599E-05,-.001
3.388694,-3.433242E-03,-6.103562E-05,-.001
3.389695,-3.227249E-03,-5.340599E-05,2.33333E-03
3.390696,-2.800003E-03,-7.629453E-06,-2.33333E-03
3.391696,-2.609268E-03,3.814721E-05,-6.66667E-04
3.392696,-2.677932E-03,-1.220712E-04,-.002
3.393697,-2.20491E-03,-3.50954E-04,-6.66667E-04
3.394697,-1.693733E-03,-1.602182E-04,-2.33333E-03
3.395698,-1.243599E-03,-3.280658E-04,-.001
3.396698,-8.392371E-04,0,.001
3.397699,-6.713904E-04,-6.103562E-05,-6.66667E-04
3.398699,-6.942786E-04,-6.103562E-05,-.002
3.3997,-6.866492E-04,-1.449594E-04,-.002
3.400701,-5.493201E-04,-6.103562E-05,.002
3.401701,-3.662128E-04,5.798377E-04,-.002
3.402701,-4.27248E-04,5.416907E-04,.001
3.403702,-4.119892E-04,3.204364E-04,-6.66667E-04
3.404702,-4.348774E-04,2.28883E-05,-6.66667E-04
3.405703,-3.280658E-04,-3.738422E-04,-6.66667E-04
3.406703,-8.392381E-05,-2.899189E-04,6.66667E-04
3.407704,-2.059946E-04,-1.3733E-04,.001
3.408704,-3.356952E-04,7.629441E-05,-.001
3.409705,-2.059946E-04,3.051781E-05,-.002
3.410706,7.629441E-05,-2.288828E-04,-6.66667E-04
3.411706,4.57766E-05,-7.629453E-06,-6.66667E-04
3.412706,-1.678476E-04,1.06812E-04,-.001
3.413707,-5.798377E-04,2.365122E-04,-.002
3.414707,-3.89101E-04,9.918259E-05,6.66667E-04
3.415708,-5.645789E-04,-5.340599E-05,2.33333E-03
3.416708,-5.340613E-04,-7.629453E-06,-.001
3.417709,-4.27248E-04,3.356952E-04,.001
3.418709,-4.119892E-04,1.525888E-04,-2.33333E-03
3.41971,-2.212534E-04,9.918259E-05,6.66667E-04
3.420711,9.918259E-05,9.918259E-05,-.002
3.421711,-6.866502E-05,2.594013E-04,-6.66667E-04
3.422711,-4.653949E-04,1.602182E-04,-.002
3.423712,-6.103553E-04,8.392381E-05,-6.66667E-04
3.424712,-1.75477E-04,8.392381E-05,6.66667E-04
3.425713,7.629441E-05,1.678476E-04,.002
3.426713,-2.28883E-05,4.730243E-04,.002
3.427714,-2.899189E-04,6.256141E-04,-6.66667E-04
3.428714,-9.15532E-05,8.239783E-04,-2.33333E-03
3.429715,6.866502E-05,5.798377E-04,.001
3.430716,3.89101E-04,2.822895E-04,-.002
3.431716,4.806537E-04,6.866502E-05,6.66667E-04
3.432716,2.517719E-04,3.814721E-05,-.001
3.433717,1.449594E-04,1.144414E-04,-.002
3.434717,1.525891E-05,3.280658E-04,-.001
3.435718,-1.75477E-04,1.3733E-04,-6.66667E-04
3.436718,7.629453E-06,9.918259E-05,-6.66667E-04
3.437719,-1.3733E-04,8.392381E-05,6.66667E-04
3.438719,-6.866502E-05,-1.3733E-04,.001
3.43972,1.831064E-04,6.866502E-05,6.66667E-04
3.440721,2.288828E-04,2.975482E-04,.001
3.441721,7.629453E-06,2.441425E-04,-.002
3.442721,-8.392381E-05,3.967304E-04,-6.66667E-04
3.443722,4.57766E-05,4.425067E-04,-.001
3.444722,2.899189E-04,5.493201E-04,.001
3.445723,-9.918259E-05,4.196186E-04,-6.66667E-04
3.446723,3.051781E-05,1.144414E-04,-.001
3.447724,1.525891E-05,-1.3733E-04,-.002
3.448724,0,7.629441E-05,-.001
3.449725,-1.06812E-04,2.288828E-04,-.001
3.450726,-4.88285E-04,7.629441E-05,-6.66667E-04
3.451726,-2.594013E-04,-5.340599E-05,6.66667E-04
3.452726,-2.13624E-04,-1.06812E-04,6.66667E-04
3.453727,-4.806537E-04,-2.365122E-04,5.33333E-03
3.454727,-3.967304E-04,-4.730243E-04,-6.66667E-04
3.455728,-9.918259E-05,-2.059946E-04,.001
3.456728,-2.28883E-05,-4.196186E-04,-2.33333E-03
3.457729,0,-2.288828E-04,.001
3.458729,-4.425067E-04,-2.13624E-04,-.002
3.45973,-5.798377E-04,-1.3733E-04,-2.33333E-03
3.460731,-5.798377E-04,1.678476E-04,-.001
3.461731,-4.730243E-04,-6.103562E-05,-6.66667E-04
3.462731,-3.585834E-04,-3.814721E-05,-.002
3.463732,-4.577655E-04,-1.525891E-05,-.002
3.464732,-8.468665E-04,-1.602182E-04,.001
3.465733,-4.730243E-04,6.866502E-05,.001
3.466733,-3.280658E-04,2.975482E-04,-6.66667E-04
3.467734,-5.493201E-04,3.12807E-04,-6.66667E-04
3.468734,-9.384193E-04,4.501361E-04,-.001
3.469735,-1.060493E-03,1.449594E-04,2.33333E-03
3.470736,-1.220711E-03,-2.13624E-04,-6.66667E-04
3.471736,-1.747139E-03,-2.975482E-04,-.002
3.472736,-2.609268E-03,-1.602182E-04,-.001
3.473737,-3.387466E-03,0,-2.33333E-03
3.474737,-3.761306E-03,-1.831064E-04,-.001
3.475738,-4.40982E-03,-1.449594E-04,6.66667E-04
3.476738,-5.226165E-03,-1.678476E-04,-2.33333E-03
3.477739,-5.615264E-03,-4.730243E-04,.001
3.478739,-6.095916E-03,-6.713904E-04,-3.66667E-03
3.47974,-6.538421E-03,-4.119892E-04,-.001
3.480741,-6.668121E-03,-2.670307E-04,.001
3.481741,-6.683379E-03,-1.907358E-04,6.66667E-04
3.482741,-6.965667E-03,-5.340599E-05,-.002
3.483742,-6.919891E-03,6.103562E-05,-.002
3.484742,-6.332427E-03,2.28883E-05,.001
3.485743,-5.104095E-03,1.525891E-05,-6.66667E-04
3.486743,-4.188567E-03,3.051781E-05,-6.66667E-04
3.487744,-3.46376E-03,1.831064E-04,-6.66667E-04
3.488744,-2.548233E-03,1.602182E-04,.001
3.489745,-2.349868E-03,1.220712E-04,6.66667E-04
3.490746,-2.014175E-03,-1.06812E-04,-6.66667E-04
3.491746,-1.548775E-03,1.449594E-04,-.002
3.492746,-1.327522E-03,3.204364E-04,-6.66667E-04
3.493747,-7.705726E-04,3.738422E-04,-6.66667E-04
3.494747,-4.27248E-04,2.594013E-04,.002
3.495748,-6.179847E-04,-7.629453E-06,-6.66667E-04
3.496748,-8.239783E-04,-1.449594E-04,-2.33333E-03
3.497749,-6.63761E-04,-6.103562E-05,-6.66667E-04
3.498749,-6.866502E-05,1.525891E-05,.001
3.49975,2.059946E-04,8.392381E-05,.001
3.500751,-7.629441E-05,-1.602182E-04,-3.66667E-03
3.501751,-1.983652E-04,-1.220712E-04,-.002
3.502751,7.629441E-05,-2.13624E-04,.001
3.503752,-9.918259E-05,-2.670307E-04,-.001
3.504752,-2.13624E-04,3.051781E-05,-.002
3.505753,-1.06812E-04,1.983652E-04,6.66667E-04
3.506753,9.918259E-05,3.356952E-04,.001
3.507754,1.449594E-04,1.3733E-04,-6.66667E-04
3.508754,-2.13624E-04,1.297006E-04,2.33333E-03
3.509755,-2.670307E-04,-1.525891E-05,.001
3.510756,-3.051781E-05,1.983652E-04,.002
3.511756,0,1.525888E-04,-.002
3.512756,6.103562E-05,2.517719E-04,-.001
3.513757,6.866502E-05,1.06812E-04,-6.66667E-04
3.514757,4.57766E-05,2.28883E-05,-6.66667E-04
3.515758,1.678476E-04,-2.899189E-04,.001
3.516758,1.3733E-04,-2.288828E-04,-.001
3.517759,-1.06812E-04,-2.594013E-04,-.002
3.518759,-6.866502E-05,1.449594E-04,-.002
3.51976,9.918259E-05,1.297006E-04,-.001
3.520761,0,2.059946E-04,6.66667E-04
3.521761,1.525888E-04,-2.441425E-04,-6.66667E-04
3.522761,-1.144414E-04,-3.280658E-04,-6.66667E-04
3.523762,-1.06812E-04,-2.288828E-04,-.001
3.524762,-1.297006E-04,-2.13624E-04,-.002
3.525763,-3.051776E-04,-1.525888E-04,-.002
3.526763,-1.983652E-04,8.392381E-05,-5.33333E-03
3.527764,7.629453E-06,-3.051781E-05,-.001
3.528764,8.392381E-05,-1.907358E-04,-3.66667E-03
3.529765,1.297006E-04,-1.907358E-04,-.001
3.530766,2.059946E-04,3.814721E-05,-6.66667E-04
3.531766,2.059946E-04,1.602182E-04,-.001
3.532766,0,-2.28883E-05,3.66667E-03
3.533767,-1.831064E-04,3.433246E-04,-6.66667E-04
3.534767,-9.15532E-05,2.441425E-04,.002
3.535768,-2.899189E-04,5.340599E-05,-6.66667E-04
3.536768,-2.670307E-04,2.594013E-04,-6.66667E-04
3.537769,-2.212534E-04,3.12807E-04,2.33333E-03
3.538769,8.392381E-05,-7.629453E-06,-.002
3.53977,3.738422E-04,-2.28883E-05,2.33333E-03
3.540771,3.89101E-04,5.340599E-05,.001
3.541771,0,5.340599E-05,-.001
3.542771,-1.06812E-04,7.629453E-06,6.66667E-04
3.543772,-1.831064E-04,-1.297006E-04,-6.66667E-04
3.544772,-2.13624E-04,-2.822895E-04,-.001
3.545773,-4.806537E-04,-2.670307E-04,-.001
3.546773,-5.264319E-04,-3.662128E-04,-2.33333E-03
3.547774,-1.3733E-04,-3.12807E-04,2.33333E-03
3.548774,-2.28883E-05,-1.449594E-04,.001
3.549775,-8.392381E-05,3.662128E-04,6.66667E-04
3.550776,-3.051781E-05,1.06812E-04,-.001
3.551776,-3.585834E-04,-1.06812E-04,6.66667E-04
3.552776,-5.798377E-04,-2.059946E-04,.002
3.553777,-6.866492E-04,4.57766E-05,-6.66667E-04
3.554777,-6.713904E-04,-1.525891E-05,-2.33333E-03
3.555778,-6.561317E-04,-3.051781E-05,6.66667E-04
3.556778,-6.713904E-04,-3.051781E-05,.001
3.557779,-5.188026E-04,1.220712E-04,-.002
3.558779,-5.035438E-04,4.425067E-04,-6.66667E-04
3.55978,-1.220712E-04,7.01908E-04,.002
3.560781,9.918259E-05,6.256141E-04,-.001
3.561781,-6.866502E-05,1.220712E-04,-6.66667E-04
3.562781,8.392381E-05,-2.059946E-04,-6.66667E-04
3.563782,0,3.814721E-05,-6.66667E-04
3.564783,-3.814721E-05,4.57766E-05,6.66667E-04
3.565783,-1.602182E-04,5.264319E-04,6.66667E-04
3.566783,-1.525891E-05,3.433246E-04,-6.66667E-04
3.567784,-6.103562E-05,3.50954E-04,.001
3.568784,-1.3733E-04,3.662128E-04,6.66667E-04
3.569785,2.365122E-04,2.13624E-04,.001
3.570786,1.525888E-04,4.119892E-04,.001
3.571786,9.15532E-05,1.144414E-04,-6.66667E-04
3.572786,0,-4.57766E-05,6.66667E-04
3.573787,2.059946E-04,1.144414E-04,-6.66667E-04
3.574788,4.57766E-05,-3.051781E-05,6.66667E-04
3.575788,3.051776E-04,1.602182E-04,-6.66667E-04
3.576788,2.746601E-04,2.517719E-04,.001
3.577789,1.144414E-04,1.06812E-04,.001
3.578789,-1.06812E-04,2.288828E-04,-.001
3.57979,-3.433246E-04,7.629441E-05,.001
3.580791,-4.196186E-04,-2.975482E-04,-.001
3.581791,-1.907358E-04,-2.899189E-04,6.66667E-04
3.582791,-3.051781E-05,-6.866502E-05,6.66667E-04
3.583792,3.051776E-04,-6.103562E-05,-.001
3.584793,4.577655E-04,-2.28883E-05,-6.66667E-04
3.585793,1.602182E-04,-2.13624E-04,-2.33333E-03
3.586793,1.983652E-04,-2.975482E-04,6.66667E-04
3.587794,-4.57766E-05,-5.722083E-04,-6.66667E-04
3.588794,-6.179847E-04,-5.645789E-04,-2.33333E-03
3.589795,-5.645789E-04,-1.220712E-04,.001
3.590796,-2.670307E-04,5.340599E-05,-6.66667E-04
3.591796,-4.57766E-05,7.629453E-06,.001
3.592796,-1.525891E-05,8.392381E-05,-2.33333E-03
3.593797,4.196186E-04,9.15532E-05,.002
3.594798,1.983652E-04,-4.57766E-05,6.66667E-04
3.595798,3.356952E-04,-2.059946E-04,6.66667E-04
3.596798,1.678476E-04,-2.13624E-04,-6.66667E-04
3.597799,2.059946E-04,4.57766E-05,-.001
3.598799,4.577655E-04,1.449594E-04,.001
3.5998,4.730243E-04,2.13624E-04,-.001
3.600801,2.441425E-04,-1.144414E-04,6.66667E-04
3.601801,-7.629441E-05,-2.28883E-05,6.66667E-04
3.602801,3.814721E-05,2.746601E-04,-.001
3.603802,2.28883E-05,3.814716E-04,6.66667E-04
3.604803,8.392381E-05,-1.525891E-05,-.002
3.605803,1.525891E-05,1.525891E-05,-.002
3.606803,-1.602182E-04,1.678476E-04,-6.66667E-04
3.607804,-6.103553E-04,2.975482E-04,-.001
3.608804,-4.27248E-04,9.918259E-05,.002
3.609805,-5.874671E-04,2.365122E-04,.001
3.610806,-1.388557E-03,3.12807E-04,.001
3.611806,-1.983657E-03,1.678476E-04,-.001
3.612806,-2.662674E-03,2.746601E-04,-6.66667E-04
3.613807,-3.349319E-03,3.967304E-04,-.002
3.614808,-4.379302E-03,0,6.66667E-04
3.615808,-6.073028E-03,1.525891E-05,-.002
3.616808,-8.621275E-03,-1.525888E-04,-.001
3.617809,-1.099402E-02,-1.831064E-04,6.66667E-04
3.618809,-1.272589E-02,-4.730243E-04,-6.66667E-04
3.61981,-1.327521E-02,-6.256141E-04,-3.66667E-03
3.620811,-1.309973E-02,-6.408729E-04,-.001
3.621811,-1.226813E-02,-2.365122E-04,6.66667E-04
3.622811,-1.062018E-02,-2.059946E-04,6.66667E-04
3.623812,-9.010375E-03,-1.144414E-04,-.002
3.624813,-7.453948E-03,-2.28883E-05,.001
3.625813,-5.592376E-03,-1.06812E-04,-6.66667E-04
3.626813,-3.929168E-03,-3.051776E-04,-.001
3.627814,-3.105178E-03,-1.144414E-04,-6.66667E-04
3.628814,-2.159134E-03,2.365122E-04,-6.66667E-04
3.629815,-1.617439E-03,2.13624E-04,-6.66667E-04
3.630816,-1.152046E-03,2.13624E-04,-6.66667E-04
3.631816,-9.689368E-04,3.662128E-04,.001
3.632816,-3.814716E-04,2.594013E-04,.001
3.633817,-1.06812E-04,2.288828E-04,-.001
3.634818,-9.15532E-05,1.525888E-04,-.001
3.635818,-7.629441E-05,3.12807E-04,6.66667E-04
3.636818,-1.525891E-05,4.196186E-04,-6.66667E-04
3.637819,-1.297006E-04,2.594013E-04,-6.66667E-04
3.638819,-4.425067E-04,1.144414E-04,-.001
3.63982,-3.738422E-04,3.814721E-05,.001
3.640821,-7.629441E-05,-4.57766E-05,.001
3.641821,3.814721E-05,-6.866502E-05,-.001
3.642821,-1.3733E-04,-1.220712E-04,-.002
3.643822,-1.678476E-04,-5.340599E-05,-.002
3.644823,0,-5.340599E-05,6.66667E-04
3.645823,5.340599E-05,7.629441E-05,-6.66667E-04
3.646823,3.662128E-04,-4.57766E-05,-6.66667E-04
3.647824,3.280658E-04,-9.918259E-05,6.66667E-04
3.648824,-1.831064E-04,-2.822895E-04,6.66667E-04
3.649825,-1.602182E-04,-1.907358E-04,-6.66667E-04
3.650826,-2.13624E-04,-4.043598E-04,6.66667E-04
3.651826,-2.212534E-04,-1.678476E-04,-.001
3.652826,-1.525888E-04,-6.103562E-05,.001
3.653827,1.144414E-04,-3.814716E-04,-6.66667E-04
3.654828,-6.866502E-05,-5.340613E-04,-6.66667E-04
3.655828,-4.196186E-04,-4.27248E-04,-6.66667E-04
3.656828,-5.188026E-04,-2.13624E-04,.001
3.657829,-3.50954E-04,-9.918259E-05,6.66667E-04
3.658829,-9.15532E-05,9.15532E-05,-6.66667E-04
3.65983,1.3733E-04,-6.103562E-05,-3.66667E-03
3.66083,3.051781E-05,-6.866502E-05,-.002
3.661831,-1.220712E-04,-1.06812E-04,-.001
3.662831,2.059946E-04,-7.629453E-06,-.001
3.663832,4.043598E-04,1.983652E-04,6.66667E-04
3.664833,3.967304E-04,2.13624E-04,-6.66667E-04
3.665833,1.220712E-04,2.594013E-04,-.002
3.666833,-1.831064E-04,8.392381E-05,-.001
3.667834,-1.602182E-04,3.051781E-05,-6.66667E-04
3.668834,-3.051781E-05,1.297006E-04,.001
3.669835,2.059946E-04,2.975482E-04,6.66667E-04
3.670835,2.28883E-05,3.814721E-05,-6.66667E-04
3.671836,-4.27248E-04,-2.28883E-05,6.66667E-04
3.672836,-4.959144E-04,4.57766E-05,-.001
3.673837,-7.095374E-04,2.822895E-04,.001
3.674838,-4.425067E-04,5.111732E-04,-6.66667E-04
3.675838,-1.297006E-04,4.57766E-05,-.001
3.676838,1.220712E-04,1.678476E-04,2.33333E-03
3.677839,-1.525891E-05,1.220712E-04,6.66667E-04
3.678839,-1.06812E-04,-1.983652E-04,-6.66667E-04
3.67984,-1.678476E-04,-3.738422E-04,-2.33333E-03
3.68084,-2.975482E-04,-1.831064E-04,-6.66667E-04
3.681841,-4.653949E-04,9.918259E-05,.001
3.682841,-6.942786E-04,3.12807E-04,-6.66667E-04
3.683842,-5.874671E-04,9.15532E-05,-.001
3.684843,-3.89101E-04,-1.602182E-04,-.001
3.685843,-2.975482E-04,-3.051781E-05,.001
3.686843,-4.043598E-04,-2.28883E-05,.001
3.687844,-7.629453E-06,2.288828E-04,-.001
3.688844,-9.918259E-05,2.822895E-04,.001
3.689845,-3.356952E-04,1.983652E-04,6.66667E-04
3.690845,-4.043598E-04,1.449594E-04,-6.66667E-04
3.691846,-1.06812E-04,-6.103562E-05,-.002
3.692847,9.918259E-05,-3.051776E-04,.001
3.693847,2.212534E-04,-8.392381E-05,.001
3.694848,-2.28883E-05,4.57766E-05,-6.66667E-04
3.695848,4.57766E-05,-2.13624E-04,-.002
3.696848,-1.06812E-04,-1.06812E-04,.001
3.697849,-5.340599E-05,-9.918259E-05,6.66667E-04
3.698849,1.525891E-05,-2.13624E-04,-.002
3.69985,-5.340599E-05,-2.899189E-04,6.66667E-04
3.70085,-1.678476E-04,-1.144414E-04,6.66667E-04
3.701851,-9.918259E-05,-6.103562E-05,-.002
3.702852,-3.814721E-05,-3.12807E-04,-6.66667E-04
3.703852,1.525891E-05,-2.822895E-04,-6.66667E-04
3.704853,-6.103562E-05,6.866502E-05,.001
3.705853,-2.059946E-04,9.918259E-05,2.33333E-03
3.706853,-3.051776E-04,1.220712E-04,-.002
3.707854,-1.907358E-04,0,.002
3.708854,-1.525891E-05,-3.433246E-04,.001
3.709855,-1.525891E-05,-4.806537E-04,-.001
3.710855,-2.13624E-04,-3.738422E-04,-6.66667E-04
3.711856,-1.3733E-04,-7.629441E-05,-.002
3.712857,1.449594E-04,-2.13624E-04,-.001
3.713857,-1.3733E-04,-4.348774E-04,-.001
3.714858,-5.188026E-04,-3.12807E-04,-.002
3.715858,-1.3733E-04,-1.220712E-04,6.66667E-04
3.716858,1.602182E-04,-1.983652E-04,-.001
3.717859,-7.629441E-05,5.340599E-05,6.66667E-04
3.718859,3.814721E-05,-6.103562E-05,-6.66667E-04
3.71986,9.918259E-05,1.907358E-04,-6.66667E-04
3.72086,1.678476E-04,5.416907E-04,-6.66667E-04
3.721861,2.13624E-04,4.119892E-04,6.66667E-04
3.722862,2.975482E-04,2.059946E-04,6.66667E-04
3.723862,-5.340599E-05,-2.899189E-04,-6.66667E-04
3.724863,-2.288828E-04,-2.975482E-04,-.002
3.725863,-4.27248E-04,-9.918259E-05,2.33333E-03
3.726863,-5.111732E-04,4.57766E-05,-.002
3.727864,-4.196186E-04,-1.449594E-04,-6.66667E-04
3.728864,-2.517719E-04,-6.332435E-04,-3.66667E-03
3.729865,7.629453E-06,-4.959144E-04,-6.66667E-04
3.730865,6.103562E-05,-5.111732E-04,-6.66667E-04
3.731866,-1.525891E-05,-5.569495E-04,.001
3.732867,-1.06812E-04,-3.967304E-04,6.66667E-04
3.733867,-4.653949E-04,-1.907358E-04,6.66667E-04
3.734868,-2.13624E-04,2.059946E-04,6.66667E-04
3.735868,3.051781E-05,2.441425E-04,-6.66667E-04
3.736868,-9.918259E-05,3.280658E-04,-.001
3.737869,-2.365122E-04,2.212534E-04,2.33333E-03
3.73887,-4.196186E-04,7.629453E-06,6.66667E-04
3.73987,-7.476844E-04,7.629453E-06,-.001
3.74087,-3.89101E-04,-3.204364E-04,-.001
3.741871,9.15532E-05,-1.449594E-04,-.002
3.742872,2.13624E-04,-5.493201E-04,-.001
3.743872,5.340599E-05,-6.179847E-04,6.66667E-04
3.744873,-3.814721E-05,-5.340613E-04,-.002
3.745873,-9.918259E-05,-5.950965E-04,-.002
3.746873,2.594013E-04,-2.441425E-04,.001
3.747874,5.264319E-04,2.899189E-04,-6.66667E-04
3.748875,6.103562E-05,1.3733E-04,6.66667E-04
3.749875,-9.15532E-05,-2.670307E-04,-.001
3.750875,-7.629441E-05,-1.907358E-04,6.66667E-04
3.751876,-9.15532E-05,-9.15532E-05,.001
3.752877,-3.814721E-05,-2.517719E-04,6.66667E-04
3.753877,-5.340599E-05,-2.365122E-04,-2.33333E-03
3.754878,3.662128E-04,-3.814721E-05,-.001
3.755878,1.220712E-04,3.051781E-05,-.002
3.756878,-3.051781E-05,-1.907358E-04,6.66667E-04
3.757879,-7.629441E-05,9.15532E-05,-.001
3.75888,-2.822895E-04,5.340599E-05,6.66667E-04
3.75988,-2.899189E-04,-3.051776E-04,.001
3.76088,-2.670307E-04,-2.288828E-04,-6.66667E-04
3.761881,-7.629441E-05,-1.525891E-05,.002
3.762882,-3.814721E-05,1.144414E-04,-3.66667E-03
3.763882,1.3733E-04,0,-.002
3.764883,1.75477E-04,-1.525891E-05,6.66667E-04
3.765883,3.50954E-04,9.918259E-05,.001
3.766883,2.441425E-04,0,6.66667E-04
3.767884,-1.525891E-05,-5.340599E-05,-.001
3.768885,-3.051781E-05,3.051781E-05,-2.33333E-03
3.769885,-3.814716E-04,4.57766E-05,-.001
3.770885,-2.975482E-04,7.629441E-05,.001
3.771886,-3.662128E-04,1.525888E-04,.002
3.772887,-3.738422E-04,-5.340599E-05,-.002
3.773887,-9.15532E-05,-2.670307E-04,6.66667E-04
3.774888,2.746601E-04,-1.144414E-04,-6.66667E-04
3.775888,5.645789E-04,-5.340599E-05,.001
3.776888,5.416907E-04,7.629441E-05,.001
3.777889,1.75477E-04,1.525888E-04,-6.66667E-04
3.77889,-1.75477E-04,2.517719E-04,-6.66667E-04
3.77989,2.28883E-05,-1.525888E-04,-.002
3.78089,-1.75477E-04,-1.449594E-04,-2.33333E-03
3.781891,-6.332435E-04,-3.50954E-04,.002
3.782892,-4.043598E-04,-4.806537E-04,.004
3.783892,-1.831064E-04,-1.449594E-04,-.001
3.784893,-2.13624E-04,-3.051781E-05,.001
3.785893,-4.425067E-04,2.517719E-04,6.66667E-04
3.786893,-2.899189E-04,3.12807E-04,-.002
3.787894,-8.392381E-05,2.441425E-04,6.66667E-04
3.788895,2.365122E-04,9.15532E-05,-.001
3.789895,9.15532E-05,9.918259E-05,-.001
3.790895,-1.602182E-04,9.918259E-05,-2.33333E-03
3.791896,-8.392381E-05,3.433246E-04,-6.66667E-04
3.792897,-1.06812E-04,3.738422E-04,-6.66667E-04
3.793897,-1.297006E-04,4.425067E-04,-.001
3.794898,-2.441425E-04,3.204364E-04,-6.66667E-04
3.795898,-9.918259E-05,4.577655E-04,-.002
3.796898,9.918259E-05,2.059946E-04,-6.66667E-04
3.797899,1.525888E-04,-2.13624E-04,-.001
3.7989,1.678476E-04,6.866502E-05,-.001
3.7999,2.517719E-04,2.441425E-04,.002
3.8009,1.525888E-04,1.06812E-04,-.002
3.801901,1.06812E-04,2.441425E-04,6.66667E-04
3.802902,1.3733E-04,3.814716E-04,-3.66667E-03
3.803902,4.57766E-05,3.967304E-04,-.002
3.804903,-4.043598E-04,-2.288828E-04,-6.66667E-04
3.805903,-2.670307E-04,-4.653949E-04,.001
3.806903,-1.449594E-04,-6.561317E-04,-6.66667E-04
3.807904,-1.525891E-05,-7.171668E-04,-.002
3.808905,-1.449594E-04,-4.577655E-04,6.66667E-04
3.809905,1.907358E-04,-6.866502E-05,-6.66667E-04
3.810905,1.449594E-04,4.425067E-04,-.001
3.811906,-4.57766E-05,3.356952E-04,-6.66667E-04
3.812907,-2.212534E-04,1.602182E-04,-2.33333E-03
3.813907,-7.629441E-05,1.3733E-04,-.001
3.814908,5.340599E-05,-7.629441E-05,-.001
3.815908,1.602182E-04,-6.103562E-05,.001
3.816908,3.814721E-05,-3.433246E-04,6.66667E-04
3.817909,-4.57766E-05,-2.212534E-04,.001
3.81891,3.051781E-05,-6.866502E-05,-.002
3.81991,1.602182E-04,9.918259E-05,-.002
3.82091,-7.629441E-05,4.57766E-05,-2.33333E-03
3.821911,-2.899189E-04,3.051781E-05,-6.66667E-04
3.822912,-2.28883E-05,-1.144414E-04,.001
3.823912,0,6.866502E-05,-.001
3.824913,1.144414E-04,-3.814721E-05,6.66667E-04
3.825913,-8.392381E-05,-2.059946E-04,6.66667E-04
3.826913,-9.918259E-05,-3.204364E-04,-.002
3.827914,4.043598E-04,-2.365122E-04,-6.66667E-04
3.828915,2.365122E-04,2.594013E-04,.001
3.829915,-1.678476E-04,2.365122E-04,-6.66667E-04
3.830915,-2.28883E-05,-6.103562E-05,-.001
3.831916,1.220712E-04,-4.348774E-04,.001
3.832916,-1.06812E-04,-3.738422E-04,-6.66667E-04
3.833917,6.866502E-05,-2.28883E-05,-.002
3.834918,1.297006E-04,4.730243E-04,-6.66667E-04
3.835918,-1.525891E-05,2.365122E-04,.001
3.836918,-1.3733E-04,4.577655E-04,-.002
3.837919,-2.975482E-04,3.967304E-04,.001
3.83892,-4.88285E-04,6.866502E-05,.001
3.83992,-4.806537E-04,1.220712E-04,-2.33333E-03
3.84092,-6.103553E-04,2.517719E-04,.001
3.841921,-3.280658E-04,3.89101E-04,-2.33333E-03
3.842921,-1.525888E-04,2.975482E-04,6.66667E-04
3.843922,1.06812E-04,1.449594E-04,6.66667E-04
3.844923,5.416907E-04,-5.340599E-05,-6.66667E-04
3.845923,2.746601E-04,3.89101E-04,-.001
3.846923,3.89101E-04,4.501361E-04,-3.66667E-03
3.847924,3.967304E-04,5.035438E-04,.002
3.848925,3.12807E-04,-7.629441E-05,6.66667E-04
3.849925,2.059946E-04,-4.577655E-04,-6.66667E-04
3.850925,4.27248E-04,-1.831064E-04,-.001
3.851926,3.50954E-04,-2.13624E-04,-6.66667E-04
3.852926,4.730243E-04,-3.585834E-04,.001
3.853927,4.196186E-04,-4.959144E-04,-6.66667E-04
3.854928,4.27248E-04,-4.577655E-04,-.001
3.855928,2.059946E-04,-1.678476E-04,-.001
3.856929,2.746601E-04,1.297006E-04,.001
3.857929,2.517719E-04,1.297006E-04,-6.66667E-04
3.85893,1.297006E-04,9.918259E-05,.001
3.85993,2.212534E-04,-1.602182E-04,6.66667E-04
3.86093,3.356952E-04,-3.280658E-04,-.001
3.861931,2.746601E-04,2.13624E-04,-.002
3.862931,2.746601E-04,2.059946E-04,-.001
3.863932,-3.814721E-05,7.629441E-05,6.66667E-04
3.864933,-1.525888E-04,4.57766E-05,-.001
3.865933,1.449594E-04,-7.629453E-06,-.001
3.866934,-8.392381E-05,-3.814721E-05,-.001
3.867934,-5.340599E-05,-7.629441E-05,-.001
3.868935,1.525888E-04,9.918259E-05,6.66667E-04
3.869935,9.918259E-05,2.13624E-04,-6.66667E-04
3.870935,2.059946E-04,3.662128E-04,-6.66667E-04
3.871936,3.738422E-04,1.525888E-04,-6.66667E-04
3.872936,3.12807E-04,-1.06812E-04,.002
3.873937,3.662128E-04,-2.28883E-05,-2.33333E-03
3.874938,1.220712E-04,4.57766E-05,6.66667E-04
3.875938,1.449594E-04,-1.3733E-04,.001
3.876939,-9.918259E-05,-4.27248E-04,-6.66667E-04
3.877939,-8.392381E-05,-4.806537E-04,-.001
3.87894,-1.297006E-04,-2.899189E-04,6.66667E-04
3.87994,-2.517719E-04,-1.297006E-04,-.001
3.88094,-3.204364E-04,-9.15532E-05,-6.66667E-04
3.881941,-5.416907E-04,2.28883E-05,-6.66667E-04
3.882941,1.297006E-04,-3.967304E-04,-.002
3.883942,3.50954E-04,-2.822895E-04,-.002
3.884943,2.670307E-04,-1.06812E-04,-.001
3.885943,2.594013E-04,2.059946E-04,-.001
3.886944,3.204364E-04,1.983652E-04,.001
3.887944,2.746601E-04,5.340599E-05,2.33333E-03
3.888945,4.196186E-04,1.297006E-04,.001
3.889945,5.340613E-04,4.57766E-05,6.66667E-04
3.890945,5.188026E-04,2.059946E-04,-6.66667E-04
3.891946,1.449594E-04,4.196186E-04,-6.66667E-04
3.892946,-3.356952E-04,3.89101E-04,-6.66667E-04
3.893947,-3.12807E-04,2.594013E-04,-.002
3.894948,-4.27248E-04,1.678476E-04,-6.66667E-04
3.895948,-4.806537E-04,-1.3733E-04,-6.66667E-04
3.896949,-1.220712E-04,-2.899189E-04,-.001
3.897949,-1.297006E-04,-3.204364E-04,-.001
3.89895,-3.433246E-04,-3.204364E-04,-6.66667E-04
3.89995,-5.340613E-04,-2.975482E-04,-.002
3.90095,-3.738422E-04,2.059946E-04,6.66667E-04
3.901951,-2.288828E-04,2.670307E-04,-.001
3.902952,1.449594E-04,1.525888E-04,.001
3.903952,-1.602182E-04,0,6.66667E-04
3.904953,-3.051781E-05,2.212534E-04,-6.66667E-04
3.905953,1.602182E-04,-6.103562E-05,.001
3.906954,2.059946E-04,-5.340599E-05,-2.33333E-03
3.907954,-3.051781E-05,4.043598E-04,-.001
3.908955,-2.13624E-04,2.822895E-04,-.001
3.909955,-1.983652E-04,-1.907358E-04,-6.66667E-04
3.910955,1.144414E-04,-5.264319E-04,.001
3.911956,2.670307E-04,-3.280658E-04,-3.66667E-03
3.912957,4.730243E-04,-1.297006E-04,-.001
3.913957,2.594013E-04,-2.441425E-04,-.002
3.914958,5.416907E-04,-6.256141E-04,6.66667E-04
3.915958,2.212534E-04,-5.493201E-04,-.001
3.916959,0,-4.57766E-05,6.66667E-04
3.917959,-2.822895E-04,7.629441E-05,6.66667E-04
3.91896,-4.57766E-05,-2.28883E-05,-6.66667E-04
3.91996,2.594013E-04,-3.051781E-05,-6.66667E-04
3.92096,4.119892E-04,3.356952E-04,.001
3.921961,1.3733E-04,9.15532E-05,.001
3.922962,2.059946E-04,-7.629453E-06,6.66667E-04
3.923962,4.27248E-04,-2.822895E-04,6.66667E-04
3.924963,2.441425E-04,-4.806537E-04,-.001
3.925963,2.975482E-04,-3.50954E-04,-.001
3.926964,3.967304E-04,-1.602182E-04,-.002
3.927964,5.569495E-04,-3.433246E-04,-.001
3.928965,1.678476E-04,-4.501361E-04,-6.66667E-04
3.929965,2.365122E-04,-4.730243E-04,-.002
3.930965,1.220712E-04,-7.324256E-04,6.66667E-04
3.931966,5.950965E-04,-6.485023E-04,-3.66667E-03
3.932967,1.121528E-03,-3.280658E-04,6.66667E-04
3.933967,1.075752E-03,-2.670307E-04,-6.66667E-04
3.934968,8.468665E-04,-4.653949E-04,-6.66667E-04
3.935968,3.967304E-04,-1.602182E-04,-2.33333E-03
3.936969,2.594013E-04,-3.814721E-05,-6.66667E-04
3.937969,1.678476E-04,-2.13624E-04,6.66667E-04
3.93897,5.340599E-05,-4.577655E-04,6.66667E-04
3.93997,1.3733E-04,-5.264319E-04,-6.66667E-04
3.94097,-1.75477E-04,-6.866492E-04,-.001
3.941971,-4.27248E-04,-3.738422E-04,-.001
3.942972,-1.983652E-04,-3.738422E-04,-.002
3.943972,-1.297006E-04,-1.449594E-04,6.66667E-04
3.944973,-2.670307E-04,2.288828E-04,-.002
3.945973,-1.525888E-04,-2.13624E-04,-6.66667E-04
3.946974,-3.204364E-04,-2.288828E-04,.002
3.947974,-3.738422E-04,-2.059946E-04,-.002
3.948975,-3.280658E-04,-1.602182E-04,-6.66667E-04
3.949975,-2.365122E-04,1.525888E-04,-.001
3.950975,-2.517719E-04,-1.907358E-04,6.66667E-04
3.951976,-1.06812E-04,-1.602182E-04,6.66667E-04
3.952977,2.670307E-04,-3.433246E-04,.001
3.953977,9.15532E-05,-4.806537E-04,-.002
3.954978,-6.866502E-05,-3.280658E-04,-6.66667E-04
3.955978,2.670307E-04,-1.602182E-04,-.001
3.956979,-2.28883E-05,5.340599E-05,-6.66667E-04
3.957979,-2.670307E-04,-1.907358E-04,-.001
3.95898,-3.662128E-04,-2.441425E-04,-.001
3.95998,-1.06812E-04,-1.525891E-05,6.66667E-04
3.96098,1.297006E-04,0,2.33333E-03
3.961981,2.059946E-04,1.525888E-04,-.002
3.962982,1.06812E-04,2.594013E-04,-.001
3.963982,-1.449594E-04,1.220712E-04,.002
3.964983,-2.13624E-04,1.602182E-04,-.001
3.965983,-2.975482E-04,4.57766E-05,-.001
3.966984,-1.297006E-04,0,.001
3.967984,-1.602182E-04,-1.220712E-04,6.66667E-04
3.968985,-8.392381E-05,-1.75477E-04,-6.66667E-04
3.969985,3.280658E-04,0,.001
3.970985,-5.340599E-05,1.06812E-04,.001
3.971986,-3.051776E-04,6.103562E-05,-.002
3.972987,-4.043598E-04,4.959144E-04,.001
3.973987,-3.662128E-04,5.874671E-04,-6.66667E-04
3.974988,-3.12807E-04,1.144414E-04,-6.66667E-04
3.975988,-2.746601E-04,9.15532E-05,6.66667E-04
3.976989,-5.340599E-05,2.365122E-04,.002
3.977989,0,2.594013E-04,-6.66667E-04
3.97899,-3.051776E-04,3.12807E-04,.001
3.97999,-6.103562E-05,3.051781E-05,.001
3.98099,2.365122E-04,-1.983652E-04,-.001
3.981991,3.12807E-04,-1.449594E-04,-.002
3.982992,8.392381E-05,-2.822895E-04,2.33333E-03
3.983992,-2.28883E-05,-3.50954E-04,-.002
3.984993,1.297006E-04,-1.831064E-04,.001
3.985993,8.392381E-05,3.12807E-04,-6.66667E-04
3.986994,0,5.264319E-04,-6.66667E-04
3.987994,0,7.629432E-04,-6.66667E-04
3.988995,-1.297006E-04,7.705726E-04,-.001
3.989995,9.15532E-05,5.188026E-04,-.001
3.990995,-4.425067E-04,4.501361E-04,-3.66667E-03
3.991996,-3.814716E-04,4.425067E-04,-6.66667E-04
3.992997,-1.983652E-04,2.365122E-04,.001
3.993997,-3.204364E-04,2.13624E-04,-6.66667E-04
3.994998,-4.806537E-04,1.678476E-04,-6.66667E-04
3.995998,-1.678476E-04,9.15532E-05,-6.66667E-04
3.996999,-3.356952E-04,2.288828E-04,-6.66667E-04
3.997999,-4.27248E-04,3.280658E-04,-6.66667E-04
3.999,-1.3733E-04,1.678476E-04,-.002
4,1.525888E-04,1.06812E-04,-.001
