"c:\users\esrlabn1\desktop\bence\ir_spectroscopy\532nm_odmr\magnet_map_2_680nm\478.dat  ---  04-28-2026 08:37:30"
""
"cavityli 20 2 4 2000 1 0 0"
"                             ;                             ;seth_xesr_precise 280.01 1 0 2.177103718199608"
"setlockin 188.67 0.004 0 0.03 0.2"
4,2000
2,-7.629453E-06,-6.866502E-05,.001
2.001,0,7.629453E-06,-.002
2.002001,1.75477E-04,-2.13624E-04,-6.66667E-04
2.003001,1.3733E-04,-2.899189E-04,-6.66667E-04
2.004002,-5.340599E-05,-2.746601E-04,-.001
2.005002,-3.356952E-04,-2.670307E-04,-.001
2.006003,-2.594013E-04,1.602182E-04,-.002
2.007004,3.051776E-04,7.629441E-05,.001
2.008004,2.975482E-04,0,-.001
2.009005,3.12807E-04,7.629441E-05,-.001
2.010005,3.356952E-04,1.983652E-04,-.002
2.011005,2.670307E-04,1.525891E-05,-2.33333E-03
2.012006,4.57766E-05,0,-6.66667E-04
2.013006,9.918259E-05,6.866502E-05,-.001
2.014007,2.441425E-04,-1.602182E-04,-6.66667E-04
2.015007,3.89101E-04,1.3733E-04,.001
2.016008,4.577655E-04,2.288828E-04,6.66667E-04
2.017009,2.059946E-04,2.365122E-04,-.002
2.018009,-3.051781E-05,4.196186E-04,-6.66667E-04
2.01901,-6.103562E-05,3.12807E-04,.001
2.02001,-2.365122E-04,-4.57766E-05,-2.33333E-03
2.02101,-1.983652E-04,2.13624E-04,-.001
2.022011,-3.814721E-05,-4.57766E-05,.001
2.023011,3.433246E-04,2.059946E-04,-.002
2.024012,4.577655E-04,2.288828E-04,-6.66667E-04
2.025012,4.653949E-04,-6.866502E-05,-.001
2.026013,-7.629441E-05,-1.06812E-04,2.33333E-03
2.027014,-1.06812E-04,-2.975482E-04,6.66667E-04
2.028014,-5.340599E-05,-1.907358E-04,-.001
2.029015,-1.602182E-04,-2.517719E-04,-.002
2.030015,-2.059946E-04,-2.670307E-04,.001
2.031015,-4.196186E-04,-2.13624E-04,-.001
2.032016,-4.348774E-04,-1.602182E-04,6.66667E-04
2.033016,-3.051776E-04,-1.220712E-04,-6.66667E-04
2.034017,-3.051781E-05,1.449594E-04,-.001
2.035017,-1.06812E-04,1.297006E-04,-.002
2.036018,-3.12807E-04,0,-.001
2.037019,-1.3733E-04,-3.662128E-04,-6.66667E-04
2.038019,-1.525888E-04,-2.594013E-04,.001
2.03902,-1.75477E-04,1.449594E-04,-.002
2.04002,0,4.043598E-04,-6.66667E-04
2.04102,2.288828E-04,7.247962E-04,-6.66667E-04
2.042021,3.280658E-04,6.63761E-04,-6.66667E-04
2.043021,1.525888E-04,2.059946E-04,-.001
2.044022,-3.585834E-04,3.814721E-05,-.001
2.045022,1.525891E-05,3.12807E-04,6.66667E-04
2.046023,2.822895E-04,5.264319E-04,-.001
2.047024,2.441425E-04,3.738422E-04,-.002
2.048024,1.220712E-04,-6.103562E-05,.001
2.049025,-2.288828E-04,-2.670307E-04,-.001
2.050025,-4.27248E-04,-1.220712E-04,-.002
2.051026,-5.416907E-04,-1.907358E-04,-6.66667E-04
2.052026,-2.975482E-04,-1.449594E-04,-.002
2.053026,1.449594E-04,2.594013E-04,-.001
2.054027,4.653949E-04,6.103553E-04,-6.66667E-04
2.055027,4.730243E-04,4.88285E-04,6.66667E-04
2.056028,4.196186E-04,8.392381E-05,-.001
2.057029,1.06812E-04,-1.297006E-04,-.001
2.058029,3.814721E-05,5.340599E-05,-.001
2.05903,1.983652E-04,1.907358E-04,-.001
2.06003,-1.678476E-04,0,-.001
2.061031,-3.662128E-04,4.57766E-05,6.66667E-04
2.062031,-3.89101E-04,-2.28883E-05,-6.66667E-04
2.063031,-3.280658E-04,-3.051781E-05,-6.66667E-04
2.064032,1.525891E-05,0,-.001
2.065032,1.220712E-04,-1.525891E-05,.002
2.066033,3.280658E-04,-1.602182E-04,-.002
2.067034,3.814721E-05,2.28883E-05,-.001
2.068034,-2.13624E-04,1.831064E-04,-6.66667E-04
2.069035,-5.340599E-05,1.907358E-04,-.001
2.070035,-1.220712E-04,2.059946E-04,.001
2.071036,-1.525888E-04,-4.57766E-05,-.001
2.072036,-1.525891E-05,1.3733E-04,-6.66667E-04
2.073036,-9.918259E-05,2.059946E-04,-6.66667E-04
2.074037,-6.103562E-05,9.918259E-05,6.66667E-04
2.075037,-8.392381E-05,7.629453E-06,-.004
2.076038,-5.416907E-04,-1.449594E-04,6.66667E-04
2.077039,-6.713904E-04,-1.525888E-04,-.001
2.078039,-6.866502E-05,3.051781E-05,6.66667E-04
2.07904,3.12807E-04,-4.57766E-05,-.001
2.08004,-1.602182E-04,-1.602182E-04,.001
2.081041,-2.365122E-04,-1.220712E-04,-.001
2.082041,-7.629441E-05,2.594013E-04,-6.66667E-04
2.083041,8.392381E-05,-4.57766E-05,-.001
2.084042,8.392381E-05,-2.822895E-04,-.001
2.085042,7.629441E-05,-9.15532E-05,.002
2.086043,3.814721E-05,1.3733E-04,-.001
2.087044,-1.3733E-04,2.13624E-04,-.001
2.088044,-1.907358E-04,-1.525888E-04,-2.33333E-03
2.089045,-3.967304E-04,-2.670307E-04,6.66667E-04
2.090045,-2.670307E-04,-2.212534E-04,-6.66667E-04
2.091046,6.866502E-05,-1.449594E-04,-.002
2.092046,1.75477E-04,-2.899189E-04,-6.66667E-04
2.093046,1.3733E-04,1.75477E-04,.001
2.094047,5.340599E-05,-3.814721E-05,6.66667E-04
2.095047,-2.059946E-04,-3.585834E-04,.002
2.096048,-2.13624E-04,-2.517719E-04,-6.66667E-04
2.097049,-5.340613E-04,-2.441425E-04,-.001
2.098049,-7.171668E-04,1.75477E-04,6.66667E-04
2.09905,-4.348774E-04,1.907358E-04,-6.66667E-04
2.10005,-2.975482E-04,1.449594E-04,-.001
2.101051,1.06812E-04,7.629441E-05,-6.66667E-04
2.102051,1.75477E-04,1.983652E-04,-.001
2.103051,4.57766E-05,4.653949E-04,-6.66667E-04
2.104052,-1.144414E-04,6.942786E-04,-6.66667E-04
2.105052,6.103562E-05,9.994581E-04,-.001
2.106053,-1.525891E-05,1.083381E-03,6.66667E-04
2.107054,-3.051781E-05,6.103553E-04,6.66667E-04
2.108054,9.918259E-05,0,-.001
2.109055,6.103562E-05,-3.280658E-04,6.66667E-04
2.110055,-3.051776E-04,-1.983652E-04,-.001
2.111056,-1.06812E-04,6.103562E-05,6.66667E-04
2.112056,-3.051776E-04,7.629441E-05,.002
2.113056,-9.918259E-05,-1.220712E-04,-.002
2.114057,7.629453E-06,-2.594013E-04,-.002
2.115057,-1.06812E-04,-3.280658E-04,6.66667E-04
2.116058,9.15532E-05,-1.75477E-04,-3.66667E-03
2.117059,1.983652E-04,-1.220712E-04,.001
2.118059,9.15532E-05,-1.297006E-04,-.001
2.11906,1.297006E-04,1.983652E-04,.001
2.12006,9.918259E-05,3.204364E-04,-.002
2.121061,9.918259E-05,3.356952E-04,-.001
2.122061,3.280658E-04,4.57766E-05,-.001
2.123062,2.059946E-04,-5.340599E-05,-.001
2.124062,1.220712E-04,0,.001
2.125062,-2.517719E-04,-6.866502E-05,.001
2.126063,-2.899189E-04,-1.525891E-05,-.001
2.127064,-3.433246E-04,-1.449594E-04,6.66667E-04
2.128064,-3.051776E-04,-2.670307E-04,6.66667E-04
2.129065,-5.264319E-04,-2.899189E-04,-3.66667E-03
2.130065,-5.569495E-04,-3.967304E-04,-6.66667E-04
2.131066,-2.13624E-04,-3.738422E-04,-6.66667E-04
2.132066,2.059946E-04,-3.662128E-04,6.66667E-04
2.133067,9.918259E-05,-4.043598E-04,6.66667E-04
2.134067,-2.441425E-04,-3.204364E-04,6.66667E-04
2.135067,-2.975482E-04,-4.88285E-04,-6.66667E-04
2.136068,-8.392381E-05,-3.433246E-04,.001
2.137069,-2.594013E-04,-1.06812E-04,.001
2.138069,-3.280658E-04,-2.13624E-04,-6.66667E-04
2.13907,-1.602182E-04,-2.822895E-04,-2.33333E-03
2.14007,-2.059946E-04,-5.340599E-05,-6.66667E-04
2.141071,3.814721E-05,3.585834E-04,6.66667E-04
2.142071,-1.907358E-04,1.602182E-04,-.001
2.143072,-1.06812E-04,-5.645789E-04,-2.33333E-03
2.144072,-9.918259E-05,-6.63761E-04,.001
2.145072,-1.525891E-05,-2.670307E-04,-.001
2.146073,-1.907358E-04,2.365122E-04,-6.66667E-04
2.147074,-1.831064E-04,1.525888E-04,.001
2.148074,-5.340613E-04,2.822895E-04,-.002
2.149075,-7.705726E-04,3.814716E-04,6.66667E-04
2.150075,-1.266487E-03,6.103562E-05,.001
2.151076,-1.60218E-03,-1.525888E-04,-6.66667E-04
2.152076,-2.288833E-03,-2.670307E-04,6.66667E-04
2.153077,-3.242508E-03,-1.525891E-05,.001
2.154077,-4.119903E-03,-9.918259E-05,-6.66667E-04
2.155077,-5.088836E-03,-1.144414E-04,-2.33333E-03
2.156078,-6.973296E-03,-3.50954E-04,-.004
2.157079,-9.300292E-03,-6.027259E-04,-.001
2.158079,-1.181036E-02,-8.468665E-04,-6.66667E-04
2.15908,-1.373297E-02,-1.113899E-03,-6.66667E-04
2.16008,-1.486212E-02,-1.129158E-03,-6.66667E-04
2.161081,-1.500708E-02,-1.029976E-03,.002
2.162081,-1.473242E-02,-8.468665E-04,-6.66667E-04
2.163082,-1.396185E-02,-9.079017E-04,-.001
2.164082,-1.255804E-02,-6.790198E-04,-6.66667E-04
2.165082,-1.088721E-02,-4.806537E-04,-6.66667E-04
2.166083,-8.949339E-03,-5.874671E-04,6.66667E-04
2.167084,-6.660491E-03,-4.730243E-04,.001
2.168084,-4.859954E-03,-1.602182E-04,-.002
2.169085,-3.433242E-03,-7.629453E-06,-.001
2.170085,-2.32698E-03,-1.602182E-04,.001
2.171086,-2.07521E-03,-3.967304E-04,-.001
2.172086,-2.006546E-03,-1.06812E-04,.001
2.173087,-1.472481E-03,2.594013E-04,.001
2.174087,-9.002723E-04,3.662128E-04,-.001
2.175087,-4.806537E-04,8.392381E-05,.001
2.176088,-2.594013E-04,-9.15532E-05,6.66667E-04
2.177088,-1.220712E-04,9.918259E-05,-.002
2.178089,-3.204364E-04,9.15532E-05,.001
2.17909,-3.204364E-04,-1.06812E-04,-3.66667E-03
2.18009,-3.585834E-04,-3.89101E-04,-3.66667E-03
2.181091,-3.814716E-04,-3.662128E-04,-2.33333E-03
2.182091,-9.15532E-05,-1.678476E-04,.002
2.183092,-2.517719E-04,1.3733E-04,-6.66667E-04
2.184092,-6.332435E-04,2.059946E-04,-6.66667E-04
2.185092,-4.27248E-04,3.585834E-04,6.66667E-04
2.186093,9.918259E-05,4.653949E-04,6.66667E-04
2.187093,4.119892E-04,1.3733E-04,-.002
2.188094,2.365122E-04,-2.28883E-05,.001
2.189095,-2.28883E-05,2.594013E-04,6.66667E-04
2.190095,-6.103562E-05,4.348774E-04,-6.66667E-04
2.191096,4.57766E-05,1.75477E-04,2.33333E-03
2.192096,-2.13624E-04,-2.594013E-04,6.66667E-04
2.193097,-6.103562E-05,-2.746601E-04,-6.66667E-04
2.194097,1.678476E-04,1.3733E-04,-.001
2.195097,9.918259E-05,2.059946E-04,-.001
2.196098,-1.449594E-04,-1.525891E-05,-.002
2.197098,6.866502E-05,-9.15532E-05,.001
2.198099,2.212534E-04,4.57766E-05,-.001
2.1991,1.3733E-04,-1.525891E-05,-.001
2.2001,-1.06812E-04,-3.051776E-04,.001
2.201101,-2.746601E-04,-2.746601E-04,-6.66667E-04
2.202101,-1.831064E-04,-3.204364E-04,6.66667E-04
2.203102,-3.051776E-04,6.103562E-05,-.002
2.204102,-5.111732E-04,2.059946E-04,6.66667E-04
2.205102,-6.179847E-04,3.051781E-05,-6.66667E-04
2.206103,-7.247962E-04,4.57766E-05,-.001
2.207103,-3.051776E-04,3.433246E-04,-.001
2.208104,8.392381E-05,3.662128E-04,6.66667E-04
2.209105,1.75477E-04,9.15532E-05,-.001
2.210105,-2.13624E-04,-9.15532E-05,-.002
2.211106,-3.204364E-04,-2.822895E-04,.002
2.212106,-2.13624E-04,4.57766E-05,-.002
2.213107,-4.57766E-05,3.12807E-04,-2.33333E-03
2.214107,7.629453E-06,2.059946E-04,.001
2.215107,2.059946E-04,2.670307E-04,-.001
2.216108,9.918259E-05,1.220712E-04,-.001
2.217108,-2.899189E-04,4.57766E-05,6.66667E-04
2.218109,-3.814716E-04,4.57766E-05,-6.66667E-04
2.21911,-4.88285E-04,4.57766E-05,6.66667E-04
2.22011,-5.035438E-04,1.297006E-04,-.001
2.221111,-3.89101E-04,1.525891E-05,6.66667E-04
2.222111,-3.12807E-04,-2.670307E-04,-.002
2.223112,-2.28883E-05,-4.119892E-04,-.001
2.224112,4.57766E-05,-5.188026E-04,-6.66667E-04
2.225112,-6.103562E-05,-2.13624E-04,.001
2.226113,-1.297006E-04,-5.416907E-04,6.66667E-04
2.227113,-3.051781E-05,-4.959144E-04,-.002
2.228114,-5.340599E-05,-2.059946E-04,-.002
2.229115,-9.918259E-05,-4.348774E-04,6.66667E-04
2.230115,-2.28883E-05,-2.441425E-04,-2.33333E-03
2.231116,5.340599E-05,-5.340599E-05,-6.66667E-04
2.232116,1.602182E-04,8.392381E-05,6.66667E-04
2.233117,3.433246E-04,-3.738422E-04,-.002
2.234117,4.196186E-04,-5.264319E-04,.001
2.235118,2.212534E-04,-6.485023E-04,6.66667E-04
2.236118,-6.103562E-05,-5.111732E-04,-6.66667E-04
2.237118,-9.918259E-05,-4.27248E-04,-6.66667E-04
2.238119,-1.602182E-04,-1.602182E-04,-.001
2.23912,-2.822895E-04,-2.059946E-04,-.001
2.24012,-4.806537E-04,-5.874671E-04,.002
2.241121,-1.983652E-04,-4.27248E-04,-.001
2.242121,-3.814716E-04,-4.27248E-04,-.002
2.243122,-1.602182E-04,-3.738422E-04,-6.66667E-04
2.244122,4.57766E-05,-1.220712E-04,-2.33333E-03
2.245123,-2.899189E-04,-1.525888E-04,-.001
2.246123,-4.577655E-04,2.28883E-05,-.002
2.247123,-5.798377E-04,-5.340599E-05,-.002
2.248124,-4.27248E-04,-4.57766E-05,-6.66667E-04
2.249125,-4.119892E-04,-1.06812E-04,-6.66667E-04
2.250125,-4.806537E-04,-3.051781E-05,-.001
2.251126,-3.280658E-04,0,.001
2.252126,-6.103562E-05,-1.144414E-04,-.002
2.253127,7.629441E-05,-2.288828E-04,6.66667E-04
2.254127,3.051781E-05,-3.051776E-04,-.001
2.255128,-1.831064E-04,-3.433246E-04,-.001
2.256128,1.06812E-04,-1.602182E-04,.001
2.257128,2.28883E-05,1.297006E-04,-2.33333E-03
2.258129,4.57766E-05,-9.15532E-05,-6.66667E-04
2.25913,-1.602182E-04,-2.28883E-05,6.66667E-04
2.26013,-3.280658E-04,-1.75477E-04,2.33333E-03
2.261131,4.57766E-05,-6.866502E-05,6.66667E-04
2.262131,1.297006E-04,-5.340599E-05,-6.66667E-04
2.263132,2.059946E-04,-1.297006E-04,-.002
2.264132,3.585834E-04,-5.340599E-05,-6.66667E-04
2.265133,4.730243E-04,-1.525888E-04,.001
2.266133,2.059946E-04,3.814716E-04,.001
2.267133,4.57766E-05,5.264319E-04,2.33333E-03
2.268134,-2.13624E-04,2.13624E-04,-.002
2.269135,-2.670307E-04,-3.814721E-05,-.001
2.270135,-9.15532E-05,1.297006E-04,-6.66667E-04
2.271136,9.15532E-05,-5.340599E-05,-6.66667E-04
2.272136,-9.15532E-05,1.525888E-04,-.001
2.273137,-2.288828E-04,3.356952E-04,.001
2.274137,-1.06812E-04,1.983652E-04,6.66667E-04
2.275138,-1.06812E-04,2.517719E-04,6.66667E-04
2.276138,-3.662128E-04,1.220712E-04,.001
2.277139,-5.340613E-04,-1.602182E-04,-6.66667E-04
2.278139,-5.416907E-04,-5.340599E-05,.001
2.27914,-2.517719E-04,-3.12807E-04,-2.33333E-03
2.28014,-5.340599E-05,-1.449594E-04,.002
2.281141,-9.918259E-05,6.866502E-05,-.002
2.282141,-1.602182E-04,4.57766E-05,-.001
2.283142,7.629453E-06,1.220712E-04,.001
2.284142,-2.28883E-05,0,.001
2.285143,1.831064E-04,1.3733E-04,-.001
2.286143,1.06812E-04,-6.866502E-05,-.001
2.287144,-1.983652E-04,-6.103562E-05,-6.66667E-04
2.288144,-3.280658E-04,-9.918259E-05,-.001
2.289145,-1.06812E-04,9.918259E-05,.001
2.290145,6.103562E-05,1.525888E-04,-.001
2.291146,1.525891E-05,4.57766E-05,-.001
2.292146,-1.831064E-04,-1.3733E-04,-.001
2.293147,-2.822895E-04,7.629453E-06,-6.66667E-04
2.294147,-3.662128E-04,1.3733E-04,.001
2.295148,-1.06812E-04,1.449594E-04,-.001
2.296148,-2.441425E-04,-1.297006E-04,.001
2.297149,-2.13624E-04,-1.75477E-04,2.33333E-03
2.298149,-1.144414E-04,-2.28883E-05,-.001
2.29915,3.814721E-05,9.918259E-05,6.66667E-04
2.30015,4.425067E-04,1.220712E-04,-3.66667E-03
2.301151,6.256141E-04,2.594013E-04,-.001
2.302151,2.594013E-04,3.433246E-04,6.66667E-04
2.303152,-3.051776E-04,4.577655E-04,-2.33333E-03
2.304152,-2.365122E-04,3.12807E-04,-.002
2.305153,-2.822895E-04,4.806537E-04,-6.66667E-04
2.306153,-3.12807E-04,2.517719E-04,-6.66667E-04
2.307154,-4.196186E-04,-2.28883E-05,-.002
2.308154,-6.103553E-04,-1.525888E-04,-6.66667E-04
2.309155,-1.75477E-04,1.297006E-04,-6.66667E-04
2.310155,1.220712E-04,1.06812E-04,-6.66667E-04
2.311156,9.918259E-05,-1.907358E-04,-6.66667E-04
2.312156,4.57766E-05,-2.365122E-04,-.001
2.313157,4.425067E-04,-4.577655E-04,.001
2.314157,2.365122E-04,-3.12807E-04,6.66667E-04
2.315158,9.918259E-05,-8.392381E-05,-6.66667E-04
2.316158,-9.918259E-05,2.13624E-04,-6.66667E-04
2.317159,-1.06812E-04,1.06812E-04,.001
2.318159,-3.814721E-05,3.662128E-04,-.002
2.31916,-1.75477E-04,5.798377E-04,-.001
2.32016,-1.06812E-04,7.858314E-04,-6.66667E-04
2.321161,2.594013E-04,8.163489E-04,-.002
2.322161,0,5.111732E-04,.001
2.323162,-3.051781E-05,3.051781E-05,.001
2.324162,2.212534E-04,-7.629453E-06,.002
2.325163,5.264319E-04,3.89101E-04,.001
2.326163,1.220712E-04,2.746601E-04,.001
2.327164,2.28883E-05,-2.746601E-04,.002
2.328164,2.28883E-05,-3.738422E-04,-6.66667E-04
2.329165,-1.678476E-04,-4.27248E-04,-6.66667E-04
2.330165,-6.866502E-05,-2.441425E-04,6.66667E-04
2.331166,9.15532E-05,-2.28883E-05,6.66667E-04
2.332166,3.433246E-04,-2.28883E-05,-6.66667E-04
2.333167,2.822895E-04,1.220712E-04,-6.66667E-04
2.334167,2.212534E-04,2.594013E-04,6.66667E-04
2.335168,2.13624E-04,-1.06812E-04,2.33333E-03
2.336168,6.866502E-05,-1.297006E-04,-6.66667E-04
2.337169,-1.449594E-04,-5.340599E-05,6.66667E-04
2.338169,3.814721E-05,-2.13624E-04,-.001
2.33917,4.57766E-05,-2.975482E-04,-.001
2.34017,5.340599E-05,5.340599E-05,-6.66667E-04
2.341171,4.57766E-05,1.831064E-04,.001
2.342171,-1.297006E-04,3.585834E-04,-.001
2.343172,-3.280658E-04,6.256141E-04,-6.66667E-04
2.344172,-1.907358E-04,-4.57766E-05,6.66667E-04
2.345173,-3.051781E-05,-3.967304E-04,-6.66667E-04
2.346173,1.525888E-04,-1.678476E-04,-.001
2.347174,3.585834E-04,-4.27248E-04,-3.66667E-03
2.348174,9.918259E-05,0,-.002
2.349174,9.15532E-05,4.57766E-05,-.002
2.350175,2.212534E-04,-1.220712E-04,.001
2.351176,9.918259E-05,3.051781E-05,2.33333E-03
2.352176,-3.051781E-05,3.814721E-05,-3.66667E-03
2.353177,-1.144414E-04,-5.340599E-05,-.002
2.354177,-1.297006E-04,-1.06812E-04,-6.66667E-04
2.355178,7.629441E-05,-2.212534E-04,-.001
2.356178,3.204364E-04,-2.594013E-04,-.001
2.357179,3.12807E-04,-4.806537E-04,-6.66667E-04
2.358179,2.517719E-04,-2.594013E-04,-.001
2.359179,-1.144414E-04,7.629453E-06,.001
2.36018,-2.059946E-04,-7.629453E-06,6.66667E-04
2.361181,-2.517719E-04,-1.144414E-04,6.66667E-04
2.362181,-2.594013E-04,-2.899189E-04,6.66667E-04
2.363182,-1.907358E-04,4.57766E-05,-.002
2.364182,-2.288828E-04,9.918259E-05,-.002
2.365183,-2.594013E-04,-1.831064E-04,6.66667E-04
2.366183,4.57766E-05,3.814721E-05,-.001
2.367184,3.280658E-04,2.975482E-04,-.002
2.368184,2.441425E-04,2.670307E-04,-6.66667E-04
2.369184,1.75477E-04,1.983652E-04,-6.66667E-04
2.370185,4.043598E-04,1.907358E-04,6.66667E-04
2.371186,5.340613E-04,1.144414E-04,2.33333E-03
2.372186,4.88285E-04,9.15532E-05,6.66667E-04
2.373187,3.662128E-04,1.3733E-04,.001
2.374187,9.918259E-05,-1.449594E-04,6.66667E-04
2.375188,-1.220712E-04,7.629441E-05,-6.66667E-04
2.376188,-2.13624E-04,2.212534E-04,-.002
2.377189,-3.585834E-04,2.441425E-04,-6.66667E-04
2.378189,-4.348774E-04,1.907358E-04,-.001
2.379189,-6.713904E-04,4.57766E-05,-6.66667E-04
2.38019,-6.256141E-04,0,-2.33333E-03
2.381191,-1.831064E-04,-2.059946E-04,-6.66667E-04
2.382191,8.392381E-05,-1.907358E-04,-2.33333E-03
2.383192,2.28883E-05,5.340599E-05,-6.66667E-04
2.384192,-2.28883E-05,9.15532E-05,-6.66667E-04
2.385193,6.866502E-05,9.15532E-05,6.66667E-04
2.386193,1.907358E-04,2.365122E-04,-.001
2.387194,9.918259E-05,1.75477E-04,.001
2.388194,2.899189E-04,2.441425E-04,.001
2.389194,3.89101E-04,1.3733E-04,-.002
2.390195,3.356952E-04,9.918259E-05,-.002
2.391196,3.051776E-04,-1.678476E-04,.001
2.392196,2.594013E-04,1.297006E-04,-6.66667E-04
2.393197,4.57766E-05,-1.220712E-04,6.66667E-04
2.394197,9.918259E-05,-5.264319E-04,6.66667E-04
2.395198,-1.75477E-04,-3.204364E-04,-6.66667E-04
2.396198,-1.831064E-04,1.144414E-04,-2.33333E-03
2.397199,-3.356952E-04,2.212534E-04,-.001
2.398199,-3.12807E-04,9.918259E-05,-6.66667E-04
2.399199,-2.288828E-04,1.678476E-04,6.66667E-04
2.4002,-2.670307E-04,-7.629453E-06,.001
2.401201,-4.57766E-05,-9.918259E-05,6.66667E-04
2.402201,-3.051781E-05,-8.392381E-05,-3.66667E-03
2.403202,-4.57766E-05,-7.629441E-05,-.002
2.404202,1.220712E-04,0,-6.66667E-04
2.405203,1.525891E-05,1.297006E-04,-.001
2.406203,-1.525891E-05,4.043598E-04,.001
2.407204,-4.57766E-05,3.662128E-04,-.002
2.408204,-1.144414E-04,6.561317E-04,-.002
2.409204,-2.13624E-04,4.348774E-04,6.66667E-04
2.410205,0,0,.001
2.411206,1.983652E-04,-5.340599E-05,-6.66667E-04
2.412206,2.28883E-05,1.449594E-04,-.002
2.413207,4.57766E-05,4.57766E-05,-.001
2.414207,9.918259E-05,2.28883E-05,-6.66667E-04
2.415208,1.3733E-04,1.678476E-04,6.66667E-04
2.416208,9.918259E-05,9.15532E-05,.001
2.417209,1.297006E-04,4.57766E-05,-.001
2.418209,-1.297006E-04,1.3733E-04,.002
2.41921,-2.441425E-04,-1.75477E-04,-.001
2.42021,-1.602182E-04,-2.746601E-04,-.002
2.421211,1.907358E-04,-1.144414E-04,-3.66667E-03
2.422211,2.670307E-04,1.297006E-04,-.002
2.423212,4.57766E-05,5.340599E-05,.001
2.424212,-9.15532E-05,-1.144414E-04,6.66667E-04
2.425213,-1.06812E-04,-2.28883E-05,-.002
2.426213,-1.449594E-04,1.602182E-04,-.001
2.427214,-5.340613E-04,3.12807E-04,.001
2.428214,-3.585834E-04,4.730243E-04,-6.66667E-04
2.429215,-1.144414E-04,1.297006E-04,.001
2.430215,-1.602182E-04,2.746601E-04,-.001
2.431216,-1.907358E-04,2.822895E-04,-6.66667E-04
2.432216,3.814721E-05,1.831064E-04,-6.66667E-04
2.433217,-7.629453E-06,1.678476E-04,-6.66667E-04
2.434217,-8.392381E-05,-2.365122E-04,.002
2.435218,-1.907358E-04,-1.75477E-04,.002
2.436218,-1.75477E-04,-1.06812E-04,-6.66667E-04
2.437219,-1.831064E-04,0,6.66667E-04
2.438219,1.75477E-04,-1.75477E-04,-6.66667E-04
2.43922,4.57766E-05,-2.517719E-04,-.001
2.44022,2.28883E-05,-6.866502E-05,-.002
2.441221,-5.340599E-05,-2.670307E-04,-6.66667E-04
2.442221,1.525888E-04,-1.06812E-04,-.001
2.443222,2.059946E-04,9.15532E-05,-.001
2.444222,2.441425E-04,-7.629441E-05,.001
2.445223,3.585834E-04,-2.288828E-04,.001
2.446223,5.569495E-04,-3.814721E-05,.001
2.447224,7.324256E-04,-7.629441E-05,6.66667E-04
2.448224,4.653949E-04,-1.525888E-04,-6.66667E-04
2.449225,4.119892E-04,-2.899189E-04,-6.66667E-04
2.450225,1.297006E-04,-9.918259E-05,6.66667E-04
2.451226,3.967304E-04,3.051781E-05,-.001
2.452226,3.051776E-04,1.983652E-04,6.66667E-04
2.453227,2.975482E-04,2.441425E-04,-.002
2.454227,6.103553E-04,2.670307E-04,-6.66667E-04
2.455228,5.264319E-04,3.204364E-04,6.66667E-04
2.456228,4.425067E-04,-9.918259E-05,-.002
2.457229,0,-2.28883E-05,-6.66667E-04
2.458229,3.814721E-05,7.629453E-06,.001
2.45923,-1.678476E-04,-3.204364E-04,-6.66667E-04
2.46023,-4.196186E-04,-4.119892E-04,.001
2.461231,-3.50954E-04,-4.043598E-04,6.66667E-04
2.462231,-1.449594E-04,-2.13624E-04,-.002
2.463232,1.831064E-04,6.103562E-05,-6.66667E-04
2.464232,1.525891E-05,-5.340599E-05,-.002
2.465233,-5.340599E-05,6.103562E-05,-6.66667E-04
2.466233,-3.738422E-04,-5.340599E-05,-6.66667E-04
2.467234,-2.670307E-04,7.629441E-05,-6.66667E-04
2.468234,-1.602182E-04,-1.220712E-04,-6.66667E-04
2.469235,1.983652E-04,2.670307E-04,6.66667E-04
2.470235,2.594013E-04,5.340599E-05,-6.66667E-04
2.471236,7.629441E-05,2.365122E-04,-6.66667E-04
2.472236,3.051776E-04,4.730243E-04,-6.66667E-04
2.473237,8.010902E-04,4.425067E-04,-6.66667E-04
2.474237,4.196186E-04,2.594013E-04,-6.66667E-04
2.475238,-2.594013E-04,3.12807E-04,6.66667E-04
2.476238,-3.204364E-04,3.12807E-04,.001
2.477239,-4.653949E-04,3.814721E-05,-.001
2.478239,-3.814716E-04,-1.983652E-04,6.66667E-04
2.47924,-2.13624E-04,-3.433246E-04,-6.66667E-04
2.48024,3.814721E-05,-8.392381E-05,-.002
2.481241,2.28883E-05,1.144414E-04,-2.33333E-03
2.482241,2.288828E-04,0,.001
2.483242,2.212534E-04,-9.918259E-05,-6.66667E-04
2.484242,7.629441E-05,-2.28883E-05,.001
2.485243,-1.449594E-04,6.103562E-05,.001
2.486243,-3.738422E-04,5.340599E-05,.001
2.487244,-2.517719E-04,-7.629453E-06,-.001
2.488244,-3.738422E-04,-2.28883E-05,-6.66667E-04
2.489245,-8.392381E-05,-5.340599E-05,-.001
2.490245,3.89101E-04,-1.144414E-04,-.001
2.491246,4.653949E-04,-1.983652E-04,-6.66667E-04
2.492246,3.967304E-04,-6.866502E-05,-.001
2.493247,3.433246E-04,-3.814721E-05,6.66667E-04
2.494247,3.12807E-04,1.602182E-04,-.002
2.495248,5.340599E-05,2.212534E-04,6.66667E-04
2.496248,-1.3733E-04,-5.340599E-05,-.001
2.497249,-1.983652E-04,-1.144414E-04,6.66667E-04
2.498249,-2.365122E-04,-1.602182E-04,-.001
2.49925,-1.602182E-04,-1.220712E-04,.002
2.50025,-2.517719E-04,-1.525888E-04,.001
2.501251,1.525891E-05,-4.57766E-05,-.001
2.502251,1.297006E-04,3.738422E-04,-.001
2.503252,2.059946E-04,6.790198E-04,-.002
2.504252,6.332435E-04,2.365122E-04,-.002
2.505253,4.501361E-04,-1.678476E-04,.001
2.506253,3.738422E-04,-1.678476E-04,-6.66667E-04
2.507254,2.517719E-04,-1.3733E-04,-6.66667E-04
2.508254,4.730243E-04,-3.433246E-04,-.002
2.509255,6.561317E-04,-7.553138E-04,-6.66667E-04
2.510255,3.356952E-04,-2.13624E-04,-6.66667E-04
2.511256,-1.831064E-04,2.059946E-04,-.001
2.512256,2.28883E-05,3.814716E-04,-.002
2.513257,-6.866502E-05,2.899189E-04,-6.66667E-04
2.514257,4.57766E-05,2.288828E-04,-.001
2.515258,1.297006E-04,3.051781E-05,-.001
2.516258,-3.738422E-04,1.525888E-04,.001
2.517259,-1.831064E-04,-3.204364E-04,-2.33333E-03
2.518259,-6.103562E-05,-1.06812E-04,-2.33333E-03
2.51926,1.3733E-04,3.051776E-04,-.001
2.52026,1.220712E-04,4.196186E-04,-.002
2.521261,9.918259E-05,2.746601E-04,-6.66667E-04
2.522261,7.629441E-05,2.975482E-04,-6.66667E-04
2.523262,1.678476E-04,3.280658E-04,-.001
2.524262,2.441425E-04,1.983652E-04,-.002
2.525263,7.629453E-06,1.831064E-04,-6.66667E-04
2.526263,-2.746601E-04,-6.866502E-05,-.002
2.527264,-1.678476E-04,9.918259E-05,-.001
2.528264,-1.602182E-04,2.28883E-05,6.66667E-04
2.529265,-1.75477E-04,-9.15532E-05,.002
2.530265,-6.866502E-05,2.822895E-04,-.002
2.531266,-1.525891E-05,4.88285E-04,-6.66667E-04
2.532266,0,-5.340599E-05,6.66667E-04
2.533267,7.629441E-05,9.918259E-05,-.001
2.534267,1.678476E-04,4.57766E-05,-.002
2.535268,6.866502E-05,2.365122E-04,6.66667E-04
2.536268,-8.392381E-05,1.907358E-04,6.66667E-04
2.537269,2.28883E-05,1.525888E-04,-.002
2.538269,5.035438E-04,-1.297006E-04,-6.66667E-04
2.53927,7.324256E-04,-2.670307E-04,-.001
2.54027,5.950965E-04,-8.392381E-05,-.002
2.541271,3.814716E-04,-7.629453E-06,-.001
2.542271,3.814721E-05,0,-.002
2.543272,2.288828E-04,5.340599E-05,6.66667E-04
2.544272,4.196186E-04,9.15532E-05,.001
2.545273,3.433246E-04,2.212534E-04,-.002
2.546273,2.212534E-04,2.975482E-04,-3.66667E-03
2.547274,-3.051781E-05,5.111732E-04,.001
2.548274,2.28883E-05,4.88285E-04,-2.33333E-03
2.549275,-1.06812E-04,2.746601E-04,-.001
2.550275,-2.365122E-04,3.738422E-04,-.002
2.551276,-4.57766E-05,9.918259E-05,-.002
2.552276,1.75477E-04,9.15532E-05,6.66667E-04
2.553277,-1.449594E-04,9.918259E-05,.001
2.554277,-6.103562E-05,1.220712E-04,-6.66667E-04
2.555278,3.12807E-04,-8.392381E-05,-6.66667E-04
2.556278,3.280658E-04,2.059946E-04,-2.33333E-03
2.557279,3.12807E-04,1.3733E-04,-.001
2.558279,1.983652E-04,5.264319E-04,-6.66667E-04
2.55928,1.3733E-04,5.722083E-04,-6.66667E-04
2.56028,2.746601E-04,5.340599E-05,.002
2.561281,4.653949E-04,1.06812E-04,.001
2.562281,3.356952E-04,-1.06812E-04,-6.66667E-04
2.563282,4.119892E-04,-1.678476E-04,.001
2.564282,1.525888E-04,3.50954E-04,.001
2.565283,-7.629453E-06,3.814716E-04,-.002
2.566283,-5.340599E-05,2.517719E-04,-.001
2.567284,-2.517719E-04,1.220712E-04,-6.66667E-04
2.568284,-5.111732E-04,1.525891E-05,-.001
2.569285,-2.822895E-04,2.28883E-05,-3.66667E-03
2.570285,9.918259E-05,2.822895E-04,-6.66667E-04
2.571286,1.525888E-04,3.814716E-04,-.001
2.572286,9.918259E-05,4.196186E-04,-6.66667E-04
2.573287,1.983652E-04,1.983652E-04,-6.66667E-04
2.574287,2.441425E-04,2.365122E-04,.001
2.575288,-1.449594E-04,-1.831064E-04,-3.66667E-03
2.576288,-2.594013E-04,-1.06812E-04,-2.33333E-03
2.577289,1.525888E-04,7.629453E-06,-6.66667E-04
2.578289,3.738422E-04,-6.103562E-05,-6.66667E-04
2.57929,-1.75477E-04,-1.907358E-04,6.66667E-04
2.58029,-6.179847E-04,-3.204364E-04,-6.66667E-04
2.581291,-6.866492E-04,-1.678476E-04,6.66667E-04
2.582291,-4.501361E-04,-1.75477E-04,6.66667E-04
2.583292,-3.356952E-04,-2.212534E-04,-2.33333E-03
2.584292,-2.594013E-04,-9.918259E-05,6.66667E-04
2.585293,3.12807E-04,-1.525888E-04,-6.66667E-04
2.586293,3.662128E-04,-2.517719E-04,6.66667E-04
2.587294,8.392381E-05,-2.670307E-04,-6.66667E-04
2.588294,6.103562E-05,-4.27248E-04,-6.66667E-04
2.589295,7.629441E-05,-4.27248E-04,-6.66667E-04
2.590295,1.525891E-05,-8.392381E-05,-6.66667E-04
2.591296,-2.28883E-05,9.918259E-05,6.66667E-04
2.592296,1.525888E-04,2.822895E-04,-.002
2.593297,1.220712E-04,1.525888E-04,-6.66667E-04
2.594297,2.594013E-04,2.13624E-04,6.66667E-04
2.595298,1.3733E-04,4.043598E-04,2.33333E-03
2.596298,1.297006E-04,2.212534E-04,-.002
2.597299,1.75477E-04,9.918259E-05,.001
2.598299,-2.13624E-04,-1.602182E-04,6.66667E-04
2.5993,-2.441425E-04,-3.585834E-04,.001
2.6003,-1.06812E-04,-2.13624E-04,2.33333E-03
2.601301,9.918259E-05,0,6.66667E-04
2.602301,1.983652E-04,7.629453E-06,-6.66667E-04
2.603302,7.629453E-06,6.866502E-05,6.66667E-04
2.604302,-1.220712E-04,1.06812E-04,-.001
2.605303,-1.449594E-04,2.059946E-04,-6.66667E-04
2.606303,-1.678476E-04,1.449594E-04,-.001
2.607304,4.57766E-05,4.57766E-05,-.001
2.608304,-4.348774E-04,-6.866502E-05,6.66667E-04
2.609305,-6.408729E-04,2.28883E-05,-6.66667E-04
2.610305,-5.188026E-04,6.103562E-05,-.001
2.611306,-2.670307E-04,1.831064E-04,.001
2.612306,-2.13624E-04,1.449594E-04,.001
2.613307,4.57766E-05,9.15532E-05,-.001
2.614307,1.220712E-04,-7.629453E-06,-.001
2.615308,1.525888E-04,1.983652E-04,-6.66667E-04
2.616308,1.75477E-04,6.103562E-05,.001
2.617309,-1.220712E-04,1.144414E-04,.001
2.618309,-1.75477E-04,-1.144414E-04,2.33333E-03
2.61931,-1.3733E-04,-2.13624E-04,6.66667E-04
2.62031,4.57766E-05,1.220712E-04,-6.66667E-04
2.621311,3.814721E-05,-7.629453E-06,-.001
2.622311,6.866502E-05,-1.602182E-04,-6.66667E-04
2.623312,-1.297006E-04,-1.525891E-05,-.001
2.624312,3.814721E-05,-1.220712E-04,6.66667E-04
2.625313,7.629441E-05,-1.602182E-04,.002
2.626313,-6.866502E-05,-3.051781E-05,-.001
2.627314,-3.051781E-05,-4.57766E-05,6.66667E-04
2.628314,8.392381E-05,-6.103562E-05,-.001
2.629315,6.866502E-05,0,.001
2.630315,2.288828E-04,2.517719E-04,-.001
2.631316,3.12807E-04,1.525888E-04,6.66667E-04
2.632316,2.594013E-04,-5.340599E-05,-6.66667E-04
2.633317,1.75477E-04,-7.629453E-06,-.002
2.634317,2.822895E-04,1.525888E-04,-6.66667E-04
2.635318,7.629453E-06,-2.365122E-04,-2.33333E-03
2.636318,-5.569495E-04,-7.629453E-06,-6.66667E-04
2.637319,-6.866492E-04,5.340599E-05,-.002
2.638319,-6.256141E-04,-5.340599E-05,-.002
2.63932,-4.27248E-04,-1.220712E-04,.001
2.64032,-2.13624E-04,-2.059946E-04,6.66667E-04
2.641321,1.831064E-04,-3.89101E-04,-6.66667E-04
2.642321,-4.57766E-05,-1.602182E-04,.002
2.643322,-1.220712E-04,1.602182E-04,-6.66667E-04
2.644322,-2.28883E-05,2.212534E-04,6.66667E-04
2.645323,-1.75477E-04,2.059946E-04,-6.66667E-04
2.646323,-2.975482E-04,7.629441E-05,.001
2.647324,-6.866502E-05,3.051781E-05,6.66667E-04
2.648324,-1.449594E-04,2.670307E-04,6.66667E-04
2.649325,-3.50954E-04,2.059946E-04,-.001
2.650325,-9.15532E-05,2.441425E-04,-6.66667E-04
2.651326,8.392381E-05,-2.28883E-05,6.66667E-04
2.652326,-4.27248E-04,-3.051781E-05,-.001
2.653327,-4.043598E-04,-1.449594E-04,-6.66667E-04
2.654327,-1.75477E-04,-3.12807E-04,.001
2.655328,9.15532E-05,-4.119892E-04,-6.66667E-04
2.656328,-1.983652E-04,-4.043598E-04,.001
2.657329,-1.449594E-04,-1.06812E-04,-6.66667E-04
2.658329,-2.517719E-04,9.918259E-05,-3.66667E-03
2.65933,-2.746601E-04,1.678476E-04,6.66667E-04
2.66033,-2.975482E-04,-6.866502E-05,-6.66667E-04
2.661331,-5.569495E-04,-2.365122E-04,-.001
2.662331,-5.493201E-04,2.28883E-05,-.001
2.663332,-8.926429E-04,6.866502E-05,6.66667E-04
2.664332,-1.220711E-03,-1.3733E-04,-.001
2.665333,-1.304634E-03,0,-6.66667E-04
2.666333,-1.281746E-03,0,-6.66667E-04
2.667334,-1.243599E-03,-9.918259E-05,6.66667E-04
2.668334,-1.60218E-03,-1.297006E-04,-.002
2.669335,-2.014175E-03,-2.517719E-04,-6.66667E-04
2.670335,-2.426162E-03,-1.06812E-04,6.66667E-04
2.671336,-2.983108E-03,-9.15532E-05,-6.66667E-04
2.672336,-3.21199E-03,-2.059946E-04,-6.66667E-04
2.673337,-3.59346E-03,-1.3733E-04,6.66667E-04
2.674337,-3.753677E-03,-9.15532E-05,6.66667E-04
2.675338,-3.814712E-03,-5.188026E-04,-6.66667E-04
2.676338,-3.807083E-03,-3.89101E-04,.002
2.677339,-3.540054E-03,7.629441E-05,-6.66667E-04
2.678339,-3.166214E-03,4.806537E-04,-6.66667E-04
2.67934,-2.769485E-03,6.256141E-04,-6.66667E-04
2.68034,-2.105728E-03,9.7657E-04,6.66667E-04
2.681341,-1.808174E-03,1.022346E-03,6.66667E-04
2.682341,-1.335151E-03,6.942786E-04,-6.66667E-04
2.683342,-9.155311E-04,1.06812E-04,-.001
2.684342,-6.942786E-04,-2.670307E-04,6.66667E-04
2.685343,-6.256141E-04,2.594013E-04,-.001
2.686343,-4.577655E-04,1.06812E-04,-6.66667E-04
2.687344,-1.907358E-04,3.814721E-05,-.001
2.688344,-2.288828E-04,3.814721E-05,-6.66667E-04
2.689345,-3.967304E-04,-3.051781E-05,-6.66667E-04
2.690345,-6.942786E-04,-4.57766E-05,-6.66667E-04
2.691346,-5.416907E-04,2.594013E-04,6.66667E-04
2.692346,-4.119892E-04,-7.629453E-06,-.002
2.693347,-4.27248E-04,-2.28883E-05,-3.66667E-03
2.694347,-4.27248E-04,4.57766E-05,-.001
2.695348,-1.220712E-04,4.57766E-05,-.001
2.696348,-1.06812E-04,5.340599E-05,-.001
2.697349,4.57766E-05,1.220712E-04,-.001
2.698349,1.144414E-04,-6.103562E-05,-.002
2.69935,0,-4.57766E-05,-.002
2.70035,-2.212534E-04,9.918259E-05,-.002
2.701351,-2.441425E-04,-9.918259E-05,-.001
2.702351,-2.13624E-04,-1.983652E-04,-.002
2.703352,-1.06812E-04,-2.212534E-04,-.002
2.704352,9.15532E-05,-6.866502E-05,-.002
2.705353,3.051776E-04,-2.365122E-04,6.66667E-04
2.706353,6.103562E-05,-1.297006E-04,6.66667E-04
2.707354,-9.15532E-05,1.525891E-05,.001
2.708354,-1.907358E-04,3.967304E-04,.001
2.709355,-1.678476E-04,5.340599E-05,-.002
2.710355,-2.746601E-04,7.629453E-06,-.002
2.711356,-2.288828E-04,-3.051781E-05,.001
2.712356,-2.441425E-04,-6.103562E-05,-.001
2.713357,-3.89101E-04,-1.144414E-04,-.001
2.714357,-2.670307E-04,-1.525888E-04,-6.66667E-04
2.715358,2.28883E-05,1.602182E-04,-.002
2.716358,-6.866502E-05,4.425067E-04,.001
2.717359,2.975482E-04,4.196186E-04,6.66667E-04
2.718359,3.814721E-05,2.517719E-04,.001
2.71936,-2.059946E-04,8.392381E-05,-6.66667E-04
2.72036,-3.738422E-04,1.678476E-04,.001
2.721361,-5.416907E-04,2.441425E-04,-6.66667E-04
2.722361,-3.585834E-04,-1.297006E-04,-6.66667E-04
2.723362,-9.15532E-05,-2.212534E-04,-.001
2.724362,-4.57766E-05,-2.670307E-04,-.001
2.725363,0,-3.585834E-04,-6.66667E-04
2.726363,7.629441E-05,-4.27248E-04,.001
2.727364,2.594013E-04,-9.15532E-05,-6.66667E-04
2.728364,2.365122E-04,1.3733E-04,-.001
2.729365,2.212534E-04,4.57766E-05,.002
2.730365,1.75477E-04,7.629441E-05,-6.66667E-04
2.731366,-3.814721E-05,-1.602182E-04,-.001
2.732366,-2.13624E-04,-6.866502E-05,6.66667E-04
2.733367,-1.602182E-04,-6.103562E-05,6.66667E-04
2.734367,-3.50954E-04,2.746601E-04,-.001
2.735368,-2.365122E-04,2.365122E-04,.004
2.736368,1.06812E-04,-9.15532E-05,-2.33333E-03
2.737369,2.670307E-04,-2.594013E-04,-.001
2.738369,5.416907E-04,-3.89101E-04,6.66667E-04
2.73937,6.027259E-04,-1.297006E-04,-.001
2.74037,4.577655E-04,-1.3733E-04,6.66667E-04
2.741371,6.103562E-05,-9.15532E-05,-2.33333E-03
2.742371,-3.433246E-04,-2.28883E-05,-6.66667E-04
2.743372,-1.220712E-04,-1.525891E-05,-6.66667E-04
2.744372,-3.814721E-05,-6.866502E-05,6.66667E-04
2.745373,-3.814721E-05,1.220712E-04,-6.66667E-04
2.746373,1.907358E-04,3.89101E-04,6.66667E-04
2.747374,0,5.874671E-04,-6.66667E-04
2.748374,1.907358E-04,4.806537E-04,6.66667E-04
2.749375,7.629441E-05,2.822895E-04,6.66667E-04
2.750375,9.918259E-05,3.12807E-04,-.001
2.751376,1.602182E-04,1.983652E-04,6.66667E-04
2.752376,3.356952E-04,-2.670307E-04,6.66667E-04
2.753377,1.75477E-04,-3.738422E-04,6.66667E-04
2.754377,9.918259E-05,-6.179847E-04,.002
2.755378,-2.899189E-04,-5.111732E-04,.001
2.756378,-2.594013E-04,-4.27248E-04,-.001
2.757379,-8.392381E-05,-2.212534E-04,-2.33333E-03
2.758379,-1.831064E-04,-1.449594E-04,-.004
2.75938,6.103562E-05,2.28883E-05,-6.66667E-04
2.76038,1.602182E-04,6.103562E-05,-.002
2.761381,1.602182E-04,3.051781E-05,-6.66667E-04
2.762381,2.975482E-04,-2.13624E-04,-6.66667E-04
2.763382,1.220712E-04,-3.204364E-04,6.66667E-04
2.764382,0,-3.814716E-04,-6.66667E-04
2.765383,1.525891E-05,-1.449594E-04,2.33333E-03
2.766383,4.196186E-04,-1.525891E-05,-.001
2.767384,4.348774E-04,1.907358E-04,-6.66667E-04
2.768384,1.449594E-04,3.051781E-05,.001
2.769385,7.629453E-06,-1.449594E-04,-6.66667E-04
2.770385,-6.103562E-05,-6.866502E-05,-.002
2.771386,4.57766E-05,2.059946E-04,-.002
2.772386,1.449594E-04,1.525891E-05,-.002
2.773387,-8.392381E-05,-1.06812E-04,-6.66667E-04
2.774387,-5.798377E-04,-1.449594E-04,-.002
2.775388,-6.332435E-04,-1.220712E-04,-6.66667E-04
2.776388,-2.517719E-04,-1.3733E-04,6.66667E-04
2.777389,-9.15532E-05,-3.50954E-04,2.33333E-03
2.778389,7.629441E-05,-6.485023E-04,-2.33333E-03
2.77939,2.594013E-04,-7.095374E-04,-6.66667E-04
2.78039,2.059946E-04,-3.280658E-04,2.33333E-03
2.781391,2.059946E-04,2.899189E-04,-.002
2.782391,-1.602182E-04,3.50954E-04,.001
2.783392,-2.975482E-04,8.392381E-05,-.001
2.784392,-4.57766E-05,-1.907358E-04,6.66667E-04
2.785393,-1.602182E-04,9.15532E-05,2.33333E-03
2.786393,-1.831064E-04,-1.3733E-04,6.66667E-04
2.787394,-6.103562E-05,-1.06812E-04,-.002
2.788394,1.525888E-04,1.220712E-04,-.001
2.789395,2.594013E-04,4.577655E-04,-.001
2.790395,4.57766E-05,5.264319E-04,-2.33333E-03
2.791396,-2.288828E-04,4.653949E-04,-.001
2.792396,-2.670307E-04,5.569495E-04,6.66667E-04
2.793397,-4.348774E-04,4.806537E-04,-.001
2.794397,-3.356952E-04,2.670307E-04,-.001
2.795398,-1.144414E-04,1.907358E-04,-.001
2.796398,9.918259E-05,2.746601E-04,.001
2.797399,9.918259E-05,3.12807E-04,-2.33333E-03
2.798399,9.918259E-05,4.043598E-04,-6.66667E-04
2.7994,1.907358E-04,1.297006E-04,6.66667E-04
2.8004,-1.3733E-04,-5.340599E-05,2.33333E-03
2.801401,-1.983652E-04,9.918259E-05,-.002
2.802401,-4.27248E-04,2.288828E-04,6.66667E-04
2.803402,-1.297006E-04,1.831064E-04,.001
2.804402,2.212534E-04,1.907358E-04,-6.66667E-04
2.805403,3.967304E-04,6.103562E-05,.002
2.806403,1.907358E-04,-4.57766E-05,-.001
2.807404,6.103562E-05,-1.831064E-04,-.001
2.808404,9.15532E-05,-4.653949E-04,.001
2.809405,-8.392381E-05,-6.332435E-04,.001
2.810405,2.288828E-04,-6.790198E-04,.001
2.811406,3.12807E-04,-3.204364E-04,-6.66667E-04
2.812406,3.585834E-04,1.297006E-04,-6.66667E-04
2.813407,1.525888E-04,8.392381E-05,-6.66667E-04
2.814407,-1.297006E-04,4.57766E-05,-6.66667E-04
2.815408,-1.831064E-04,5.950965E-04,-6.66667E-04
2.816408,-1.220712E-04,7.324256E-04,6.66667E-04
2.817409,3.814721E-05,7.171668E-04,-.001
2.818409,0,8.392371E-04,-.001
2.81941,-4.348774E-04,5.874671E-04,.001
2.82041,-2.517719E-04,3.051776E-04,-6.66667E-04
2.821411,-4.57766E-05,7.629453E-06,.002
2.822411,5.340599E-05,-5.340599E-05,-6.66667E-04
2.823412,2.594013E-04,2.899189E-04,.001
2.824412,2.059946E-04,1.3733E-04,-6.66667E-04
2.825413,2.059946E-04,-1.983652E-04,6.66667E-04
2.826413,2.059946E-04,-9.918259E-05,6.66667E-04
2.827414,3.12807E-04,2.594013E-04,-6.66667E-04
2.828414,-2.28883E-05,7.629453E-06,-6.66667E-04
2.829415,-1.75477E-04,-1.297006E-04,-.002
2.830415,-4.730243E-04,-1.525891E-05,-6.66667E-04
2.831416,-3.738422E-04,1.602182E-04,-6.66667E-04
2.832416,-3.738422E-04,1.525888E-04,-.001
2.833417,-3.738422E-04,-6.866502E-05,-.001
2.834417,-5.645789E-04,-2.899189E-04,6.66667E-04
2.835418,-3.356952E-04,-5.798377E-04,-6.66667E-04
2.836418,-3.738422E-04,-2.212534E-04,.001
2.837419,-5.798377E-04,3.738422E-04,6.66667E-04
2.838419,-4.119892E-04,1.983652E-04,6.66667E-04
2.83942,-4.730243E-04,1.907358E-04,6.66667E-04
2.84042,-2.288828E-04,2.059946E-04,-6.66667E-04
2.841421,-1.220712E-04,1.449594E-04,-.002
2.842421,-5.340599E-05,2.441425E-04,-6.66667E-04
2.843422,3.814721E-05,9.918259E-05,-.002
2.844422,-9.15532E-05,3.051781E-05,-6.66667E-04
2.845423,-3.814716E-04,0,-3.66667E-03
2.846423,1.525891E-05,-7.629453E-06,6.66667E-04
2.847424,4.348774E-04,-2.594013E-04,.002
2.848424,2.517719E-04,-3.50954E-04,-6.66667E-04
2.849425,5.340599E-05,-8.010902E-04,6.66667E-04
2.850425,6.866502E-05,-6.027259E-04,-.002
2.851426,-1.525888E-04,-4.730243E-04,-.002
2.852426,-5.722083E-04,0,.001
2.853427,-9.689368E-04,3.662128E-04,-.002
2.854427,-1.213081E-03,7.324256E-04,-.001
2.855428,-1.457222E-03,5.264319E-04,6.66667E-04
2.856428,-1.48011E-03,1.831064E-04,6.66667E-04
2.857429,-1.510628E-03,6.103562E-05,-.002
2.858429,-1.640327E-03,8.392381E-05,-.001
2.85943,-1.846321E-03,-2.28883E-05,-.002
2.86043,-2.540603E-03,2.441425E-04,-.001
2.861431,-2.967849E-03,2.975482E-04,-.002
2.862431,-3.33406E-03,2.13624E-04,-.001
2.863432,-3.33406E-03,3.051781E-05,-.001
2.864432,-3.227249E-03,-7.629441E-05,.001
2.865433,-3.273025E-03,1.983652E-04,-.001
2.866433,-3.067032E-03,0,.001
2.867434,-2.906814E-03,-4.27248E-04,.001
2.868434,-2.548233E-03,-3.204364E-04,-6.66667E-04
2.869435,-2.426162E-03,9.918259E-05,-6.66667E-04
2.870435,-2.021804E-03,2.746601E-04,-.001
2.871436,-1.792915E-03,7.095374E-04,-2.33333E-03
2.872436,-1.487739E-03,6.790198E-04,-6.66667E-04
2.873437,-1.007088E-03,4.501361E-04,-3.66667E-03
2.874437,-5.874671E-04,1.525888E-04,-.002
2.875438,-7.553138E-04,-1.220712E-04,.001
2.876438,-6.256141E-04,-1.602182E-04,6.66667E-04
2.877439,-3.662128E-04,1.525888E-04,-.001
2.878439,5.340599E-05,3.585834E-04,.001
2.87944,2.059946E-04,5.722083E-04,-6.66667E-04
2.88044,2.517719E-04,2.746601E-04,.001
2.881441,2.594013E-04,9.15532E-05,6.66667E-04
2.882441,9.15532E-05,-3.051781E-05,-6.66667E-04
2.883442,2.28883E-05,-4.27248E-04,.001
2.884442,-1.144414E-04,-4.501361E-04,6.66667E-04
2.885443,9.918259E-05,-4.196186E-04,-6.66667E-04
2.886443,0,-2.746601E-04,-6.66667E-04
2.887444,-1.06812E-04,9.918259E-05,6.66667E-04
2.888444,-5.340599E-05,3.356952E-04,-6.66667E-04
2.889445,-5.340599E-05,5.950965E-04,-2.33333E-03
2.890445,1.449594E-04,1.297006E-04,.001
2.891446,3.50954E-04,1.525891E-05,-.002
2.892446,2.365122E-04,-1.144414E-04,-.001
2.893447,-2.899189E-04,-2.670307E-04,-.001
2.894447,-5.798377E-04,-4.806537E-04,-6.66667E-04
2.895448,-6.713904E-04,-1.983652E-04,6.66667E-04
2.896448,-3.814721E-05,-1.449594E-04,-6.66667E-04
2.897449,1.75477E-04,1.525891E-05,-6.66667E-04
2.898449,1.3733E-04,1.525888E-04,-6.66667E-04
2.89945,1.525888E-04,3.12807E-04,.001
2.90045,2.594013E-04,1.983652E-04,6.66667E-04
2.901451,6.103562E-05,1.220712E-04,-2.33333E-03
2.902451,-4.57766E-05,2.746601E-04,6.66667E-04
2.903452,-5.340599E-05,2.746601E-04,-6.66667E-04
2.904452,-3.356952E-04,2.365122E-04,-.001
2.905453,-7.78202E-04,0,-3.66667E-03
2.906453,-7.476844E-04,1.297006E-04,-2.33333E-03
2.907454,-3.12807E-04,2.594013E-04,-.002
2.908454,-3.50954E-04,7.629453E-06,-.001
2.909455,-3.814721E-05,3.814721E-05,.001
2.910455,2.13624E-04,8.392381E-05,6.66667E-04
2.911456,5.569495E-04,-1.525891E-05,-.001
2.912456,3.814716E-04,6.866502E-05,.001
2.913457,-1.75477E-04,-1.144414E-04,.001
2.914457,-2.288828E-04,-3.051776E-04,.002
2.915458,-2.212534E-04,-4.27248E-04,6.66667E-04
2.916458,-2.059946E-04,3.051781E-05,-6.66667E-04
2.917459,-1.06812E-04,2.594013E-04,6.66667E-04
2.918459,-1.907358E-04,2.28883E-05,-6.66667E-04
2.91946,-1.75477E-04,-5.340599E-05,-.002
2.92046,5.340599E-05,1.525888E-04,.001
2.921461,4.119892E-04,4.57766E-05,.001
2.922461,1.06812E-04,5.798377E-04,.001
2.923462,1.525888E-04,2.670307E-04,-.002
2.924462,2.517719E-04,-1.602182E-04,6.66667E-04
2.925463,5.416907E-04,0,.001
2.926463,4.27248E-04,1.678476E-04,-6.66667E-04
2.927464,2.975482E-04,2.670307E-04,-6.66667E-04
2.928464,1.907358E-04,4.348774E-04,-.001
2.929465,9.918259E-05,2.975482E-04,-.001
2.930465,0,3.814716E-04,-.001
2.931466,-1.220712E-04,4.806537E-04,6.66667E-04
2.932466,0,5.340599E-05,-6.66667E-04
2.933467,2.517719E-04,-2.28883E-05,.001
2.934467,8.392381E-05,-2.288828E-04,-6.66667E-04
2.935468,-1.3733E-04,-3.204364E-04,-.001
2.936468,0,-1.602182E-04,-6.66667E-04
2.937469,8.392381E-05,-3.204364E-04,6.66667E-04
2.938469,6.103562E-05,-6.256141E-04,6.66667E-04
2.93947,6.103562E-05,-4.196186E-04,-6.66667E-04
2.94047,-9.15532E-05,-3.967304E-04,-2.33333E-03
2.941471,-1.907358E-04,-2.975482E-04,.001
2.942471,-3.433246E-04,2.28883E-05,-6.66667E-04
2.943472,0,4.57766E-05,-.001
2.944472,3.50954E-04,-4.043598E-04,.001
2.945473,1.525888E-04,-3.967304E-04,-.001
2.946473,1.75477E-04,-2.746601E-04,-6.66667E-04
2.947474,9.918259E-05,-4.57766E-05,-6.66667E-04
2.948474,1.907358E-04,1.144414E-04,-6.66667E-04
2.949475,6.866502E-05,1.06812E-04,-.002
2.950475,-5.645789E-04,6.866502E-05,-3.66667E-03
2.951476,-7.40055E-04,9.15532E-05,6.66667E-04
2.952476,-3.738422E-04,1.525888E-04,-6.66667E-04
2.953477,-3.051781E-05,1.983652E-04,6.66667E-04
2.954477,-5.340599E-05,1.678476E-04,6.66667E-04
2.955478,-5.340599E-05,0,-6.66667E-04
2.956478,2.28883E-05,-1.525891E-05,.001
2.957479,-3.051781E-05,2.212534E-04,2.33333E-03
2.958479,-1.907358E-04,7.629441E-05,-6.66667E-04
2.95948,-1.907358E-04,2.594013E-04,-.002
2.96048,-9.15532E-05,-2.28883E-05,-.001
2.961481,4.57766E-05,0,-.001
2.962481,2.975482E-04,-2.059946E-04,-.001
2.963482,3.356952E-04,-4.425067E-04,-6.66667E-04
2.964482,4.196186E-04,-4.959144E-04,6.66667E-04
2.965483,1.3733E-04,-2.746601E-04,.001
2.966483,-3.12807E-04,-1.602182E-04,-6.66667E-04
2.967484,-2.441425E-04,3.814716E-04,.001
2.968484,-2.899189E-04,4.27248E-04,.001
2.969485,-3.204364E-04,1.678476E-04,.001
2.970485,-4.196186E-04,4.196186E-04,.001
2.971486,-3.738422E-04,6.561317E-04,6.66667E-04
2.972486,-2.670307E-04,4.88285E-04,-.002
2.973487,-2.059946E-04,9.918259E-05,6.66667E-04
2.974487,-7.629441E-05,9.15532E-05,.002
2.975488,-1.678476E-04,8.392381E-05,-3.66667E-03
2.976488,-3.204364E-04,-2.13624E-04,6.66667E-04
2.977489,-3.662128E-04,-2.059946E-04,-.001
2.978489,-5.111732E-04,-2.059946E-04,6.66667E-04
2.97949,-4.196186E-04,-4.501361E-04,6.66667E-04
2.98049,-2.822895E-04,-9.384193E-04,-.001
2.981491,-2.059946E-04,-8.163489E-04,-.001
2.982491,-1.907358E-04,-5.645789E-04,-.002
2.983492,-2.670307E-04,-4.043598E-04,.002
2.984492,2.28883E-05,-5.340599E-05,6.66667E-04
2.985493,1.297006E-04,-1.06812E-04,-6.66667E-04
2.986493,1.602182E-04,-7.629441E-05,-2.33333E-03
2.987494,-3.814721E-05,3.204364E-04,-6.66667E-04
2.988494,1.06812E-04,1.907358E-04,-6.66667E-04
2.989495,1.449594E-04,6.103562E-05,6.66667E-04
2.990495,3.280658E-04,2.746601E-04,.001
2.991496,9.15532E-05,2.746601E-04,-.001
2.992496,4.57766E-05,5.264319E-04,6.66667E-04
2.993497,0,4.959144E-04,-6.66667E-04
2.994497,5.340599E-05,5.874671E-04,-6.66667E-04
2.995498,-5.340599E-05,5.874671E-04,.001
2.996498,-1.06812E-04,4.425067E-04,-.002
2.997499,3.814721E-05,3.50954E-04,-.002
2.998499,-7.629453E-06,1.831064E-04,6.66667E-04
2.9995,5.340599E-05,7.629441E-05,-6.66667E-04
3.0005,-1.144414E-04,2.670307E-04,-.002
3.001501,-6.866502E-05,1.907358E-04,.001
3.002501,1.602182E-04,-4.27248E-04,-.001
3.003502,2.594013E-04,-5.035438E-04,-.001
3.004502,6.866502E-05,-1.602182E-04,-.002
3.005503,2.822895E-04,-2.059946E-04,6.66667E-04
3.006503,-3.051781E-05,-2.28883E-05,.001
3.007504,-3.051781E-05,6.866502E-05,-6.66667E-04
3.008504,5.340599E-05,7.629453E-06,-6.66667E-04
3.009505,4.501361E-04,4.57766E-05,-6.66667E-04
3.010505,6.103562E-05,3.433246E-04,-2.33333E-03
3.011506,-2.517719E-04,4.196186E-04,6.66667E-04
3.012506,6.103562E-05,4.119892E-04,-.001
3.013507,2.288828E-04,5.722083E-04,-.001
3.014507,2.746601E-04,6.332435E-04,-.001
3.015508,3.967304E-04,5.798377E-04,-.001
3.016508,7.629441E-05,2.059946E-04,.002
3.017509,-1.983652E-04,0,-.001
3.018509,-9.918259E-05,3.051781E-05,-.002
3.01951,-2.288828E-04,2.517719E-04,-6.66667E-04
3.02051,-7.629441E-05,9.918259E-05,-.001
3.021511,5.340599E-05,1.75477E-04,6.66667E-04
3.022511,-3.967304E-04,0,6.66667E-04
3.023512,-5.645789E-04,-2.13624E-04,-.002
3.024512,-7.247962E-04,-1.297006E-04,-.001
3.025513,-6.485023E-04,-4.043598E-04,-6.66667E-04
3.026513,-4.043598E-04,-1.75477E-04,-.002
3.027514,-5.722083E-04,2.670307E-04,-6.66667E-04
3.028514,-5.798377E-04,1.449594E-04,-6.66667E-04
3.029515,-5.950965E-04,-1.3733E-04,.001
3.030515,-5.035438E-04,-2.746601E-04,6.66667E-04
3.031516,-1.052864E-03,-1.220712E-04,-6.66667E-04
3.032516,-1.129158E-03,-1.602182E-04,6.66667E-04
3.033517,-1.60218E-03,8.392381E-05,.001
3.034517,-2.349868E-03,3.12807E-04,-2.33333E-03
3.035518,-2.594009E-03,4.043598E-04,-.001
3.036518,-3.273025E-03,3.662128E-04,6.66667E-04
3.037519,-4.547149E-03,-1.75477E-04,-.001
3.038519,-5.783111E-03,-3.814716E-04,-2.33333E-03
3.03952,-7.171661E-03,-3.738422E-04,.002
3.04052,-8.613646E-03,-5.569495E-04,2.33333E-03
3.041521,-1.039129E-02,-7.247962E-04,6.66667E-04
3.042521,-1.261145E-02,-1.09864E-03,-6.66667E-04
3.043522,-1.450354E-02,-1.586922E-03,-6.66667E-04
3.044522,-1.635754E-02,-1.73188E-03,6.66667E-04
3.045523,-.017151,-1.800545E-03,-.002
3.046523,-1.657116E-02,-1.60218E-03,-6.66667E-04
3.047524,-1.510626E-02,-1.274116E-03,-6.66667E-04
3.048524,-1.324469E-02,-1.029976E-03,-6.66667E-04
3.049525,-1.130682E-02,-6.866492E-04,-.001
3.050525,-9.620726E-03,-3.280658E-04,.001
3.051526,-8.010924E-03,-4.577655E-04,-6.66667E-04
3.052526,-6.073028E-03,-6.332435E-04,-6.66667E-04
3.053527,-4.821807E-03,-4.88285E-04,-.001
3.054527,-3.891006E-03,-4.043598E-04,-.001
3.055528,-2.922073E-03,-4.501361E-04,.001
3.056528,-2.151504E-03,-5.188026E-04,-.001
3.057529,-1.716621E-03,-5.340613E-04,-.002
3.058529,-1.182564E-03,-1.983652E-04,-.001
3.05953,-6.866492E-04,1.220712E-04,-6.66667E-04
3.06053,-4.501361E-04,2.059946E-04,-.001
3.061531,-3.814716E-04,4.959144E-04,-.002
3.062531,-1.602182E-04,3.814716E-04,6.66667E-04
3.063532,-5.416907E-04,4.196186E-04,-.001
3.064532,-6.027259E-04,2.059946E-04,6.66667E-04
3.065533,-7.095374E-04,3.051781E-05,6.66667E-04
3.066533,-6.027259E-04,1.220712E-04,-6.66667E-04
3.067534,-8.087195E-04,-5.340599E-05,-6.66667E-04
3.068534,-5.111732E-04,1.983652E-04,-.002
3.069535,-2.975482E-04,6.866502E-05,-2.33333E-03
3.070535,1.602182E-04,-2.517719E-04,.001
3.071536,1.525888E-04,9.15532E-05,-.002
3.072536,2.059946E-04,3.662128E-04,-6.66667E-04
3.073537,3.738422E-04,3.738422E-04,6.66667E-04
3.074537,2.059946E-04,3.12807E-04,-.001
3.075538,3.051776E-04,3.280658E-04,.001
3.076538,1.525888E-04,2.594013E-04,-.001
3.077539,-2.212534E-04,1.3733E-04,6.66667E-04
3.078539,-1.525888E-04,1.297006E-04,-.001
3.07954,3.814721E-05,-4.57766E-05,-6.66667E-04
3.08054,8.392381E-05,0,6.66667E-04
3.081541,9.15532E-05,1.144414E-04,-.001
3.082541,-2.059946E-04,4.57766E-05,.001
3.083542,-1.220712E-04,-1.220712E-04,-2.33333E-03
3.084542,-1.297006E-04,-2.441425E-04,-.001
3.085543,0,-5.340599E-05,6.66667E-04
3.086543,-1.06812E-04,2.975482E-04,-6.66667E-04
3.087544,-3.051781E-05,3.814716E-04,-6.66667E-04
3.088544,7.629453E-06,-7.629453E-06,-6.66667E-04
3.089545,-2.288828E-04,-5.340599E-05,6.66667E-04
3.090545,-2.28883E-05,-1.831064E-04,6.66667E-04
3.091546,3.814721E-05,-1.983652E-04,-3.66667E-03
3.092546,1.525888E-04,-8.392381E-05,-.001
3.093547,2.899189E-04,-5.340599E-05,-.001
3.094547,0,-1.678476E-04,-.002
3.095548,-2.212534E-04,-2.670307E-04,-6.66667E-04
3.096548,-4.043598E-04,-3.204364E-04,-.002
3.097549,-6.027259E-04,-3.89101E-04,-.001
3.098549,-4.806537E-04,5.340599E-05,-6.66667E-04
3.09955,-4.57766E-05,-5.340599E-05,-3.66667E-03
3.10055,1.831064E-04,-2.13624E-04,-6.66667E-04
3.101551,-8.392381E-05,-2.13624E-04,6.66667E-04
3.102551,-1.06812E-04,7.629441E-05,-6.66667E-04
3.103552,4.57766E-05,7.629441E-05,-.002
3.104552,-9.918259E-05,-9.918259E-05,-.001
3.105553,-3.204364E-04,-1.3733E-04,-.001
3.106553,-3.433246E-04,-1.907358E-04,.001
3.107554,-1.907358E-04,-2.288828E-04,6.66667E-04
3.108554,0,-3.814721E-05,6.66667E-04
3.109555,-1.983652E-04,-2.822895E-04,-6.66667E-04
3.110555,-1.525888E-04,-3.051776E-04,2.33333E-03
3.111556,-3.356952E-04,-2.517719E-04,.001
3.112556,-1.907358E-04,-3.204364E-04,6.66667E-04
3.113557,-2.670307E-04,-4.043598E-04,-6.66667E-04
3.114557,-3.50954E-04,-3.204364E-04,.001
3.115558,-2.059946E-04,-1.297006E-04,-.001
3.116558,-1.297006E-04,-2.670307E-04,-6.66667E-04
3.117559,-4.27248E-04,-1.983652E-04,-.002
3.118559,-2.822895E-04,-7.629453E-06,-.001
3.11956,-2.670307E-04,1.297006E-04,-.001
3.12056,-2.899189E-04,7.629441E-05,6.66667E-04
3.121561,-3.814721E-05,8.392381E-05,.001
3.122561,4.57766E-05,-8.392381E-05,-3.66667E-03
3.123562,2.28883E-05,-4.577655E-04,6.66667E-04
3.124562,1.297006E-04,-3.356952E-04,6.66667E-04
3.125563,6.866502E-05,-8.392381E-05,.001
3.126563,-2.28883E-05,1.75477E-04,-6.66667E-04
3.127564,2.059946E-04,0,6.66667E-04
3.128564,3.12807E-04,-5.340599E-05,.002
3.129565,-9.15532E-05,-3.356952E-04,-.001
3.130565,-1.525888E-04,-2.441425E-04,-6.66667E-04
3.131566,-4.119892E-04,-4.27248E-04,-6.66667E-04
3.132566,-7.629453E-06,-5.111732E-04,.001
3.133567,2.517719E-04,-1.75477E-04,-6.66667E-04
3.134567,1.06812E-04,-7.629441E-05,6.66667E-04
3.135568,-2.594013E-04,-1.06812E-04,-.001
3.136568,-2.441425E-04,1.449594E-04,-.001
3.137569,-3.814721E-05,-8.392381E-05,-.002
3.138569,1.144414E-04,3.814721E-05,-.001
3.13957,3.814721E-05,2.670307E-04,-.002
3.14057,1.3733E-04,1.3733E-04,-2.33333E-03
3.141571,0,2.594013E-04,-6.66667E-04
3.142571,-1.983652E-04,-1.06812E-04,-3.66667E-03
3.143572,-4.27248E-04,-2.517719E-04,-6.66667E-04
3.144572,-3.738422E-04,-3.12807E-04,-.001
3.145573,-4.577655E-04,-2.288828E-04,-.001
3.146573,-2.822895E-04,-1.525891E-05,-.001
3.147574,-1.75477E-04,-1.907358E-04,-.001
3.148574,-3.967304E-04,-4.501361E-04,-.001
3.149575,-3.814721E-05,-1.297006E-04,-.001
3.150575,-2.975482E-04,-5.340599E-05,.001
3.151576,-2.594013E-04,-1.3733E-04,-6.66667E-04
3.152576,6.103562E-05,-1.983652E-04,-.002
3.153577,3.814716E-04,-1.144414E-04,.001
3.154577,2.594013E-04,-1.983652E-04,6.66667E-04
3.155578,0,-1.06812E-04,-6.66667E-04
3.156578,-6.866502E-05,1.983652E-04,6.66667E-04
3.157579,3.738422E-04,2.670307E-04,.002
3.158579,3.280658E-04,4.730243E-04,-.001
3.15958,-5.340599E-05,4.196186E-04,-6.66667E-04
3.16058,-1.75477E-04,3.585834E-04,-6.66667E-04
3.161581,-1.525888E-04,3.12807E-04,.001
3.162581,7.629441E-05,3.051781E-05,-6.66667E-04
3.163582,-1.144414E-04,-1.220712E-04,-2.33333E-03
3.164582,9.918259E-05,-1.449594E-04,-6.66667E-04
3.165583,2.212534E-04,1.06812E-04,-.001
3.166583,3.585834E-04,4.88285E-04,-6.66667E-04
3.167584,3.051776E-04,3.051776E-04,-6.66667E-04
3.168584,-6.103562E-05,4.57766E-05,-.002
3.169585,-5.340599E-05,-2.899189E-04,-.001
3.170585,2.28883E-05,-5.416907E-04,-.001
3.171586,3.051781E-05,-6.103553E-04,-6.66667E-04
3.172586,2.212534E-04,-1.525888E-04,-6.66667E-04
3.173587,8.392381E-05,1.449594E-04,2.33333E-03
3.174587,3.280658E-04,2.517719E-04,-.002
3.175588,3.280658E-04,4.119892E-04,6.66667E-04
3.176588,4.501361E-04,5.340613E-04,.001
3.177589,5.264319E-04,3.280658E-04,-2.33333E-03
3.178589,3.356952E-04,1.297006E-04,.001
3.17959,3.356952E-04,1.525888E-04,6.66667E-04
3.18059,2.13624E-04,1.06812E-04,-.002
3.181591,-1.297006E-04,1.220712E-04,-2.33333E-03
3.182591,-3.738422E-04,4.57766E-05,.001
3.183592,-1.144414E-04,2.059946E-04,-.001
3.184592,-7.629441E-05,6.866502E-05,3.66667E-03
3.185593,-1.3733E-04,-1.449594E-04,6.66667E-04
3.186593,-1.678476E-04,-1.983652E-04,-3.66667E-03
3.187594,-1.831064E-04,-5.111732E-04,6.66667E-04
3.188594,2.059946E-04,-1.525888E-04,-.001
3.189595,3.280658E-04,-7.629453E-06,-6.66667E-04
3.190595,2.594013E-04,-5.340599E-05,-.001
3.191596,-1.525891E-05,-3.814721E-05,-6.66667E-04
3.192596,0,6.866502E-05,-6.66667E-04
3.193597,-4.425067E-04,9.918259E-05,-.001
3.194597,-4.425067E-04,9.918259E-05,-.001
3.195598,-3.738422E-04,2.212534E-04,2.33333E-03
3.196598,-3.204364E-04,-1.75477E-04,-.001
3.197599,-6.103553E-04,-1.06812E-04,-.001
3.198599,-5.874671E-04,-1.602182E-04,-.001
3.1996,-3.967304E-04,1.525891E-05,6.66667E-04
3.2006,-4.348774E-04,2.059946E-04,-3.66667E-03
3.201601,-6.485023E-04,4.57766E-05,-6.66667E-04
3.202601,-2.288828E-04,-3.204364E-04,-3.66667E-03
3.203602,6.866502E-05,-3.585834E-04,-6.66667E-04
3.204602,-7.629441E-05,-3.89101E-04,6.66667E-04
3.205603,-3.356952E-04,-3.433246E-04,.001
3.206603,-8.392381E-05,-2.28883E-05,.002
3.207604,9.918259E-05,3.051781E-05,-.004
3.208604,9.918259E-05,5.340599E-05,.002
3.209605,9.15532E-05,0,-6.66667E-04
3.210605,-3.280658E-04,-2.13624E-04,-6.66667E-04
3.211606,-5.340613E-04,-3.433246E-04,-6.66667E-04
3.212606,-6.103553E-04,-9.918259E-05,-6.66667E-04
3.213607,-5.493201E-04,-1.525891E-05,-.001
3.214607,-4.959144E-04,1.602182E-04,-.004
3.215608,-3.89101E-04,6.103562E-05,6.66667E-04
3.216608,-3.051781E-05,1.449594E-04,-.004
3.217609,1.220712E-04,1.449594E-04,-.001
3.218609,-2.059946E-04,-6.103562E-05,-.001
3.21961,1.525891E-05,7.629441E-05,.002
3.22061,9.15532E-05,1.449594E-04,6.66667E-04
3.221611,7.629453E-06,1.449594E-04,-2.33333E-03
3.222611,-1.75477E-04,-1.297006E-04,6.66667E-04
3.223612,-5.950965E-04,-1.297006E-04,-.001
3.224612,-5.722083E-04,-7.629441E-05,6.66667E-04
3.225613,-6.942786E-04,7.629441E-05,-6.66667E-04
3.226614,-7.095374E-04,1.297006E-04,6.66667E-04
3.227614,-4.501361E-04,1.525888E-04,6.66667E-04
3.228614,-5.111732E-04,1.602182E-04,.001
3.229615,-4.577655E-04,-1.06812E-04,3.66667E-03
3.230615,-7.705726E-04,-7.629453E-06,-6.66667E-04
3.231616,-9.384193E-04,-2.288828E-04,6.66667E-04
3.232616,-6.713904E-04,-1.525888E-04,-.001
3.233617,-5.798377E-04,-2.212534E-04,-6.66667E-04
3.234617,-7.40055E-04,-1.220712E-04,-6.66667E-04
3.235618,-3.585834E-04,-4.730243E-04,-3.66667E-03
3.236619,-3.12807E-04,-4.653949E-04,6.66667E-04
3.237619,-2.822895E-04,3.814721E-05,-.004
3.238619,-1.831064E-04,1.220712E-04,.002
3.23962,-1.75477E-04,-7.629453E-06,6.66667E-04
3.24062,-9.15532E-05,-3.814721E-05,-6.66667E-04
3.241621,-3.356952E-04,-2.13624E-04,.001
3.242621,-2.746601E-04,-3.12807E-04,-.001
3.243622,-9.15532E-05,-1.06812E-04,-6.66667E-04
3.244622,-2.746601E-04,-5.340599E-05,-.001
3.245623,-7.247962E-04,2.746601E-04,6.66667E-04
3.246624,-6.790198E-04,4.57766E-05,-.002
3.247624,-5.722083E-04,-1.525891E-05,-6.66667E-04
3.248624,-5.111732E-04,-1.144414E-04,-.001
3.249625,-3.814716E-04,-5.340599E-05,6.66667E-04
3.250625,-1.06812E-04,2.365122E-04,-.001
3.251626,1.220712E-04,-3.814721E-05,-6.66667E-04
3.252626,-4.577655E-04,4.57766E-05,-2.33333E-03
3.253627,-7.858314E-04,3.814721E-05,-.002
3.254627,-1.35041E-03,-1.525891E-05,-.001
3.255628,-1.113899E-03,1.06812E-04,-6.66667E-04
3.256629,-9.613074E-04,-6.866502E-05,6.66667E-04
3.257629,-1.327522E-03,-1.602182E-04,-.002
3.258629,-1.899727E-03,-5.340599E-05,6.66667E-04
3.25963,-2.281204E-03,9.918259E-05,-.002
3.26063,-2.655044E-03,3.051781E-05,-.001
3.261631,-2.815261E-03,9.15532E-05,-.002
3.262631,-3.150955E-03,-8.392381E-05,.001
3.263632,-3.700271E-03,-4.043598E-04,6.66667E-04
3.264632,-4.760772E-03,-6.332435E-04,-.001
3.265633,-5.851775E-03,-7.40055E-04,-6.66667E-04
3.266634,-7.293731E-03,-8.926429E-04,.002
3.267634,-9.101927E-03,-1.068123E-03,-.002
3.268634,-1.084906E-02,-1.10627E-03,-6.66667E-04
3.269635,-1.211554E-02,-1.426704E-03,-6.66667E-04
3.270635,-1.371008E-02,-1.289375E-03,-6.66667E-04
3.271636,-.0155564,-1.762398E-03,-6.66667E-04
3.272636,-.0170213,-2.098098E-03,-.001
3.273637,-1.799786E-02,-2.235427E-03,-6.66667E-04
3.274637,-.018242,-1.716621E-03,.001
3.275638,-1.701367E-02,-1.388557E-03,-2.33333E-03
3.276639,-1.567852E-02,-1.426704E-03,.002
3.277639,-1.419073E-02,-1.380928E-03,.001
3.278639,-1.262671E-02,-1.113899E-03,.002
3.27964,-1.078802E-02,-9.689368E-04,6.66667E-04
3.28064,-9.033263E-03,-9.002723E-04,6.66667E-04
3.281641,-7.606536E-03,-5.874671E-04,6.66667E-04
3.282641,-6.332427E-03,-4.501361E-04,-.002
3.283642,-4.638702E-03,-5.874671E-04,-6.66667E-04
3.284642,-3.387466E-03,-7.171668E-04,6.66667E-04
3.285643,-2.861038E-03,-4.27248E-04,-6.66667E-04
3.286644,-2.33461E-03,-3.356952E-04,-6.66667E-04
3.287644,-2.059951E-03,-2.365122E-04,-6.66667E-04
3.288644,-1.701362E-03,-4.57766E-05,6.66667E-04
3.289645,-1.441963E-03,1.983652E-04,2.33333E-03
3.290645,-1.113899E-03,4.88285E-04,.001
3.291646,-1.281746E-03,7.324256E-04,-.001
3.292646,-1.426704E-03,7.01908E-04,-.002
3.293647,-1.312263E-03,1.907358E-04,-.001
3.294647,-1.121528E-03,1.3733E-04,6.66667E-04
3.295648,-1.10627E-03,-1.602182E-04,-6.66667E-04
3.296649,-1.182564E-03,-2.594013E-04,-6.66667E-04
3.297649,-1.144417E-03,-1.06812E-04,-.002
3.298649,-1.029976E-03,4.57766E-05,-6.66667E-04
3.29965,-8.010902E-04,1.220712E-04,-.002
3.30065,-6.713904E-04,4.806537E-04,.001
3.301651,-6.866492E-04,7.78202E-04,-.001
3.302651,-4.043598E-04,7.40055E-04,.001
3.303652,-3.662128E-04,7.247962E-04,2.33333E-03
3.304652,-4.88285E-04,4.425067E-04,6.66667E-04
3.305653,-1.220712E-04,3.585834E-04,-.002
3.306653,-2.13624E-04,2.746601E-04,-.002
3.307654,-4.27248E-04,4.425067E-04,-6.66667E-04
3.308654,-5.188026E-04,5.416907E-04,-6.66667E-04
3.309655,-5.264319E-04,3.738422E-04,-.001
3.310655,-1.907358E-04,2.059946E-04,.001
3.311656,-3.051781E-05,1.06812E-04,-6.66667E-04
3.312656,-3.814721E-05,-1.3733E-04,-.001
3.313657,-1.06812E-04,-2.670307E-04,-.001
3.314657,-1.220712E-04,-3.204364E-04,6.66667E-04
3.315658,-5.340599E-05,-9.918259E-05,-.001
3.316658,-2.13624E-04,3.814721E-05,6.66667E-04
3.317659,-1.602182E-04,1.297006E-04,-.001
3.318659,-5.493201E-04,-5.340599E-05,-.002
3.31966,-3.967304E-04,2.517719E-04,-.001
3.32066,-4.57766E-05,2.441425E-04,-3.66667E-03
3.321661,2.822895E-04,2.13624E-04,-6.66667E-04
3.322661,4.577655E-04,-1.297006E-04,-6.66667E-04
3.323662,4.88285E-04,-1.06812E-04,.001
3.324662,4.196186E-04,-1.297006E-04,.002
3.325663,1.75477E-04,-4.653949E-04,-.002
3.326663,4.425067E-04,-4.577655E-04,6.66667E-04
3.327664,1.602182E-04,-1.602182E-04,-6.66667E-04
3.328664,4.57766E-05,-3.051781E-05,-6.66667E-04
3.329665,-3.12807E-04,1.06812E-04,6.66667E-04
3.330665,-5.035438E-04,-1.678476E-04,-.002
3.331666,-5.416907E-04,-3.204364E-04,.001
3.332666,-3.12807E-04,-3.967304E-04,-.002
3.333667,-2.365122E-04,-8.392381E-05,-.002
3.334667,-1.144414E-04,3.50954E-04,.002
3.335668,-2.13624E-04,3.356952E-04,-.001
3.336668,-4.196186E-04,-9.918259E-05,-2.33333E-03
3.337669,-4.57766E-05,0,-.002
3.338669,9.15532E-05,7.629441E-05,-.001
3.33967,-7.629453E-06,7.629441E-05,-.001
3.34067,4.57766E-05,1.525888E-04,6.66667E-04
3.341671,4.57766E-05,-6.866502E-05,6.66667E-04
3.342671,-9.918259E-05,-1.678476E-04,-6.66667E-04
3.343672,2.441425E-04,-2.212534E-04,-6.66667E-04
3.344672,3.662128E-04,-5.340599E-05,6.66667E-04
3.345673,2.212534E-04,-2.822895E-04,-6.66667E-04
3.346673,1.75477E-04,-7.40055E-04,6.66667E-04
3.347674,3.814721E-05,-6.866492E-04,6.66667E-04
3.348674,2.365122E-04,-4.577655E-04,-6.66667E-04
3.349675,3.89101E-04,-5.188026E-04,-.001
3.350675,2.28883E-05,-5.340613E-04,-2.33333E-03
3.351676,-2.822895E-04,-4.27248E-04,-6.66667E-04
3.352676,-2.594013E-04,-5.416907E-04,.002
3.353677,-1.3733E-04,-3.967304E-04,-.002
3.354677,1.449594E-04,-4.119892E-04,.002
3.355678,1.983652E-04,-4.577655E-04,-.002
3.356678,8.392381E-05,-5.340613E-04,-2.33333E-03
3.357679,2.746601E-04,-5.569495E-04,.001
3.358679,2.059946E-04,-6.179847E-04,-6.66667E-04
3.35968,-1.3733E-04,-4.348774E-04,.001
3.36068,-2.441425E-04,-4.425067E-04,6.66667E-04
3.361681,-2.365122E-04,-4.806537E-04,-.001
3.362681,-3.204364E-04,-2.822895E-04,-2.33333E-03
3.363682,-7.629441E-05,-2.975482E-04,-.002
3.364682,-1.449594E-04,-7.629453E-06,-.002
3.365683,-9.15532E-05,-3.051781E-05,-6.66667E-04
3.366683,-2.746601E-04,-2.288828E-04,-2.33333E-03
3.367684,-7.171668E-04,-1.983652E-04,6.66667E-04
3.368684,-5.874671E-04,-2.822895E-04,2.33333E-03
3.369685,-6.408729E-04,-1.831064E-04,.001
3.370685,-5.188026E-04,-3.051776E-04,-.002
3.371686,-3.662128E-04,-1.907358E-04,-.001
3.372686,-3.814721E-05,0,-.001
3.373687,1.983652E-04,3.814721E-05,-.001
3.374687,7.629453E-06,1.983652E-04,-.002
3.375688,-2.822895E-04,-7.629453E-06,-.002
3.376688,-5.493201E-04,-6.103562E-05,-.001
3.377689,-4.577655E-04,6.103562E-05,-3.66667E-03
3.378689,-5.874671E-04,-1.525888E-04,-.001
3.37969,-7.858314E-04,2.212534E-04,-.001
3.38069,-7.629432E-04,3.50954E-04,6.66667E-04
3.381691,-5.722083E-04,6.866502E-05,.001
3.382691,-5.264319E-04,1.06812E-04,.001
3.383692,-7.553138E-04,-1.06812E-04,-.001
3.384692,-6.866492E-04,-2.288828E-04,-.001
3.385693,-8.239783E-04,-1.831064E-04,-.002
3.386693,-7.247962E-04,1.06812E-04,-.002
3.387694,-9.307899E-04,1.907358E-04,-6.66667E-04
3.388694,-7.095374E-04,2.822895E-04,-.002
3.389695,-9.155311E-04,1.220712E-04,6.66667E-04
3.390696,-1.266487E-03,1.220712E-04,-.002
3.391696,-1.655586E-03,1.907358E-04,-6.66667E-04
3.392696,-2.014175E-03,2.899189E-04,-6.66667E-04
3.393697,-2.525344E-03,4.425067E-04,6.66667E-04
3.394697,-2.601638E-03,2.594013E-04,.001
3.395698,-2.784744E-03,1.525888E-04,6.66667E-04
3.396698,-3.173843E-03,3.662128E-04,-.001
3.397699,-3.700271E-03,6.561317E-04,6.66667E-04
3.398699,-3.677383E-03,2.441425E-04,-3.66667E-03
3.3997,-3.753677E-03,-1.449594E-04,-3.66667E-03
3.400701,-3.860489E-03,-6.866492E-04,6.66667E-04
3.401701,-3.59346E-03,-6.942786E-04,-.002
3.402701,-3.501907E-03,-2.899189E-04,-6.66667E-04
3.403702,-3.120437E-03,-2.365122E-04,2.33333E-03
3.404702,-2.70845E-03,0,-.001
3.405703,-2.471939E-03,3.814721E-05,.001
3.406703,-2.090469E-03,-3.814721E-05,6.66667E-04
3.407704,-1.487739E-03,1.525888E-04,6.66667E-04
3.408704,-1.434334E-03,3.738422E-04,-.002
3.409705,-1.464851E-03,2.28883E-05,-.002
3.410706,-9.841993E-04,1.144414E-04,-.001
3.411706,-4.88285E-04,5.340599E-05,-2.33333E-03
3.412706,-5.035438E-04,-1.06812E-04,-3.66667E-03
3.413707,-2.441425E-04,9.918259E-05,6.66667E-04
3.414707,-2.365122E-04,2.822895E-04,-.002
3.415708,-3.585834E-04,1.602182E-04,6.66667E-04
3.416708,-3.204364E-04,2.670307E-04,-.001
3.417709,-3.89101E-04,8.392381E-05,-.001
3.418709,-2.746601E-04,1.06812E-04,-.002
3.41971,1.144414E-04,2.441425E-04,-3.66667E-03
3.420711,4.57766E-05,8.392381E-05,-6.66667E-04
3.421711,2.059946E-04,2.212534E-04,-2.33333E-03
3.422711,3.280658E-04,2.746601E-04,-.002
3.423712,-6.103562E-05,-2.28883E-05,-6.66667E-04
3.424712,-1.831064E-04,1.3733E-04,6.66667E-04
3.425713,1.525888E-04,8.392381E-05,-.001
3.426713,-5.340599E-05,9.918259E-05,-.001
3.427714,-5.340599E-05,1.06812E-04,-.002
3.428714,-2.594013E-04,2.441425E-04,-6.66667E-04
3.429715,-3.204364E-04,3.051776E-04,-.001
3.430716,-4.501361E-04,3.12807E-04,-.002
3.431716,-2.822895E-04,2.975482E-04,-.001
3.432716,-9.15532E-05,9.15532E-05,6.66667E-04
3.433717,-1.06812E-04,-1.75477E-04,-.002
3.434717,-1.602182E-04,-2.670307E-04,-6.66667E-04
3.435718,-3.280658E-04,-1.75477E-04,-3.66667E-03
3.436718,-1.144414E-04,-1.297006E-04,.002
3.437719,4.57766E-05,4.57766E-05,-6.66667E-04
3.438719,7.629453E-06,4.043598E-04,6.66667E-04
3.43972,2.594013E-04,3.50954E-04,.001
3.440721,8.392381E-05,2.822895E-04,2.33333E-03
3.441721,-1.831064E-04,2.28883E-05,-.001
3.442721,-5.340599E-05,-1.06812E-04,-.002
3.443722,1.3733E-04,-2.365122E-04,.001
3.444722,3.967304E-04,1.525891E-05,-.001
3.445723,1.831064E-04,1.75477E-04,-.002
3.446723,-1.06812E-04,2.441425E-04,.001
3.447724,-7.629453E-06,2.594013E-04,6.66667E-04
3.448724,-4.57766E-05,2.594013E-04,-.002
3.449725,6.103562E-05,1.3733E-04,-6.66667E-04
3.450726,3.12807E-04,-1.525891E-05,6.66667E-04
3.451726,1.297006E-04,8.392381E-05,-.001
3.452726,0,3.051781E-05,-.001
3.453727,2.670307E-04,2.28883E-05,.001
3.454727,1.983652E-04,-1.983652E-04,6.66667E-04
3.455728,1.983652E-04,-6.103562E-05,-3.66667E-03
3.456728,3.814716E-04,0,-.001
3.457729,1.525888E-04,-3.051781E-05,.001
3.458729,-6.866502E-05,-2.670307E-04,-6.66667E-04
3.45973,1.525891E-05,-1.06812E-04,.002
3.460731,-9.15532E-05,5.340599E-05,-6.66667E-04
3.461731,2.28883E-05,6.103562E-05,-.004
3.462731,-1.220712E-04,3.051781E-05,6.66667E-04
3.463732,-7.629453E-06,-1.220712E-04,-6.66667E-04
3.464732,2.594013E-04,-6.866502E-05,-6.66667E-04
3.465733,1.449594E-04,-3.89101E-04,-.002
3.466733,1.525888E-04,-4.57766E-05,-6.66667E-04
3.467734,-2.288828E-04,1.3733E-04,.001
3.468734,-1.06812E-04,1.449594E-04,6.66667E-04
3.469735,1.06812E-04,-8.392381E-05,6.66667E-04
3.470736,-1.220712E-04,-3.204364E-04,6.66667E-04
3.471736,-5.035438E-04,-3.967304E-04,-.001
3.472736,-3.738422E-04,-2.13624E-04,.001
3.473737,-2.441425E-04,1.525888E-04,-.002
3.474737,-1.449594E-04,1.220712E-04,-.001
3.475738,1.907358E-04,3.814721E-05,-.002
3.476738,-1.3733E-04,1.449594E-04,-6.66667E-04
3.477739,-3.204364E-04,2.059946E-04,-6.66667E-04
3.478739,-6.866492E-04,-1.3733E-04,-6.66667E-04
3.47974,-5.111732E-04,5.340599E-05,-6.66667E-04
3.480741,-5.188026E-04,7.324256E-04,-.001
3.481741,-6.485023E-04,5.264319E-04,-.002
3.482741,-7.247962E-04,4.119892E-04,-.001
3.483742,-1.014717E-03,6.256141E-04,.001
3.484742,-9.002723E-04,3.12807E-04,-.001
3.485743,-1.297005E-03,-2.670307E-04,-6.66667E-04
3.486743,-1.907356E-03,-3.051776E-04,-.002
3.487744,-2.487198E-03,-2.899189E-04,-.002
3.488744,-2.807632E-03,-3.051776E-04,.002
3.489745,-3.288284E-03,-9.918259E-05,-.001
3.490746,-4.325897E-03,-1.297006E-04,.001
3.491746,-5.172759E-03,-2.28883E-05,-6.66667E-04
3.492746,-5.905181E-03,5.340599E-05,-2.33333E-03
3.493747,-6.393462E-03,-9.15532E-05,.001
3.494747,-6.729156E-03,-7.629441E-05,-.001
3.495748,-6.752044E-03,-3.738422E-04,-6.66667E-04
3.496748,-6.729156E-03,-4.959144E-04,-3.66667E-03
3.497749,-6.530792E-03,-6.408729E-04,6.66667E-04
3.498749,-6.011993E-03,-7.247962E-04,6.66667E-04
3.49975,-5.210906E-03,-6.866492E-04,-3.66667E-03
3.500751,-4.676849E-03,-3.967304E-04,-.001
3.501751,-4.28775E-03,-1.602182E-04,-3.66667E-03
3.502751,-4.005462E-03,-5.035438E-04,2.33333E-03
3.503752,-3.326431E-03,-3.814716E-04,6.66667E-04
3.504752,-2.555862E-03,-2.28883E-05,-.001
3.505753,-1.884468E-03,2.594013E-04,-.002
3.506753,-1.525886E-03,4.119892E-04,-.001
3.507754,-1.266487E-03,3.738422E-04,-.001
3.508754,-8.621253E-04,3.814721E-05,.002
3.509755,-8.544959E-04,2.28883E-05,-.001
3.510756,-6.63761E-04,-2.670307E-04,.001
3.511756,-8.087195E-04,-4.27248E-04,-6.66667E-04
3.512756,-8.239783E-04,-9.002723E-04,-6.66667E-04
3.513757,-4.730243E-04,-1.10627E-03,6.66667E-04
3.514757,5.340599E-05,-6.179847E-04,-.001
3.515758,3.89101E-04,-2.28883E-05,-.001
3.516758,1.983652E-04,3.12807E-04,-.001
3.517759,4.57766E-05,4.57766E-05,.001
3.518759,2.13624E-04,1.525891E-05,-6.66667E-04
3.51976,2.517719E-04,-5.340599E-05,-.001
3.520761,0,-1.297006E-04,-.001
3.521761,-9.15532E-05,-2.899189E-04,-.001
3.522761,2.594013E-04,-3.12807E-04,6.66667E-04
3.523762,4.57766E-05,-1.983652E-04,-.001
3.524762,-2.28883E-05,-4.577655E-04,-.001
3.525763,-5.035438E-04,-5.340613E-04,.001
3.526763,-7.934608E-04,-3.967304E-04,-6.66667E-04
3.527764,-7.095374E-04,-3.204364E-04,-.001
3.528764,-4.653949E-04,-4.196186E-04,-6.66667E-04
3.529765,-3.738422E-04,-2.441425E-04,6.66667E-04
3.530766,-3.433246E-04,2.822895E-04,-6.66667E-04
3.531766,-3.356952E-04,2.899189E-04,-6.66667E-04
3.532766,-2.594013E-04,2.975482E-04,-6.66667E-04
3.533767,-3.814716E-04,1.449594E-04,.001
3.534767,-3.50954E-04,6.866502E-05,-.002
3.535768,-4.043598E-04,1.449594E-04,-.002
3.536768,-1.525888E-04,-2.28883E-05,-.002
3.537769,7.629453E-06,6.866502E-05,-6.66667E-04
3.538769,-1.3733E-04,-3.356952E-04,-6.66667E-04
3.53977,-1.3733E-04,3.814721E-05,.001
3.540771,-3.814721E-05,1.3733E-04,-6.66667E-04
3.541771,5.340599E-05,1.220712E-04,6.66667E-04
3.542771,2.059946E-04,-1.220712E-04,6.66667E-04
3.543772,1.602182E-04,-3.280658E-04,-6.66667E-04
3.544772,-9.15532E-05,-1.220712E-04,6.66667E-04
3.545773,-1.220712E-04,9.918259E-05,-6.66667E-04
3.546773,-2.13624E-04,1.831064E-04,.001
3.547774,-2.13624E-04,-3.051781E-05,-.001
3.548774,-2.212534E-04,-4.043598E-04,-.001
3.549775,3.051781E-05,-5.340599E-05,-6.66667E-04
3.550776,-6.866502E-05,2.288828E-04,.001
3.551776,-8.392381E-05,3.738422E-04,6.66667E-04
3.552776,0,2.822895E-04,-.002
3.553777,-1.678476E-04,4.043598E-04,-.001
3.554777,-4.348774E-04,6.027259E-04,.002
3.555778,-2.670307E-04,6.713904E-04,-6.66667E-04
3.556778,-4.57766E-05,4.577655E-04,.001
3.557779,2.899189E-04,1.907358E-04,6.66667E-04
3.558779,-7.629453E-06,1.831064E-04,-6.66667E-04
3.55978,-2.365122E-04,3.204364E-04,-.002
3.560781,-7.629441E-05,7.629441E-05,-6.66667E-04
3.561781,-7.629441E-05,-1.983652E-04,-3.66667E-03
3.562781,1.983652E-04,1.297006E-04,6.66667E-04
3.563782,2.822895E-04,5.645789E-04,-6.66667E-04
3.564783,6.103562E-05,5.645789E-04,-.002
3.565783,-2.517719E-04,2.822895E-04,-.002
3.566783,-2.13624E-04,-1.75477E-04,6.66667E-04
3.567784,-1.75477E-04,-2.365122E-04,-.002
3.568784,-2.059946E-04,-3.051781E-05,-6.66667E-04
3.569785,-3.12807E-04,3.814716E-04,-.001
3.570786,3.814721E-05,3.356952E-04,-.001
3.571786,2.059946E-04,4.196186E-04,-.001
3.572786,3.356952E-04,1.525888E-04,-6.66667E-04
3.573787,2.594013E-04,1.449594E-04,-.002
3.574788,5.340599E-05,8.392381E-05,-.002
3.575788,4.57766E-05,-6.866502E-05,-.001
3.576788,2.365122E-04,-2.517719E-04,-.001
3.577789,2.594013E-04,-4.425067E-04,6.66667E-04
3.578789,3.814721E-05,-4.425067E-04,-6.66667E-04
3.57979,8.392381E-05,-2.441425E-04,.001
3.580791,2.059946E-04,-3.814721E-05,-6.66667E-04
3.581791,2.975482E-04,0,-.001
3.582791,1.525888E-04,2.975482E-04,-.001
3.583792,-1.907358E-04,3.967304E-04,-.002
3.584793,-1.907358E-04,6.561317E-04,.001
3.585793,-6.027259E-04,2.594013E-04,-6.66667E-04
3.586793,-3.662128E-04,-3.89101E-04,-6.66667E-04
3.587794,-5.722083E-04,-3.204364E-04,-.001
3.588794,-1.75477E-04,-1.983652E-04,-.001
3.589795,0,-2.212534E-04,-6.66667E-04
3.590796,7.629441E-05,-5.874671E-04,6.66667E-04
3.591796,-5.340599E-05,-5.874671E-04,-6.66667E-04
3.592796,-4.57766E-05,-4.88285E-04,.002
3.593797,1.525891E-05,-3.280658E-04,-6.66667E-04
3.594798,-1.297006E-04,-2.594013E-04,-.001
3.595798,-1.907358E-04,-2.13624E-04,-.001
3.596798,-7.629453E-06,-5.340613E-04,.001
3.597799,-1.75477E-04,-4.27248E-04,6.66667E-04
3.598799,-2.365122E-04,-3.967304E-04,-.001
3.5998,1.525891E-05,-2.212534E-04,6.66667E-04
3.600801,7.629453E-06,2.28883E-05,-.001
3.601801,6.103562E-05,-5.340599E-05,.001
3.602801,3.280658E-04,6.103562E-05,-.002
3.603802,4.730243E-04,1.602182E-04,-.002
3.604803,1.449594E-04,5.798377E-04,-6.66667E-04
3.605803,-6.103562E-05,4.806537E-04,.002
3.606803,-1.602182E-04,2.899189E-04,-.001
3.607804,-1.602182E-04,-1.3733E-04,-.001
3.608804,-1.983652E-04,-5.340599E-05,-.001
3.609805,-3.433246E-04,-2.288828E-04,6.66667E-04
3.610806,-3.814716E-04,-2.975482E-04,-.002
3.611806,8.392381E-05,-4.196186E-04,-.001
3.612806,1.678476E-04,-4.196186E-04,.002
3.613807,1.602182E-04,-4.959144E-04,6.66667E-04
3.614808,2.822895E-04,-3.280658E-04,-.002
3.615808,3.12807E-04,-8.392381E-05,6.66667E-04
3.616808,3.051781E-05,6.866502E-05,-6.66667E-04
3.617809,-2.13624E-04,2.13624E-04,6.66667E-04
3.618809,7.629453E-06,1.449594E-04,-6.66667E-04
3.61981,9.918259E-05,2.212534E-04,-.001
3.620811,2.212534E-04,6.103562E-05,-2.33333E-03
3.621811,-9.15532E-05,-2.670307E-04,-6.66667E-04
3.622811,-2.441425E-04,-2.288828E-04,.001
3.623812,-4.730243E-04,9.918259E-05,-6.66667E-04
3.624813,-9.002723E-04,1.220712E-04,-6.66667E-04
3.625813,-1.487739E-03,9.918259E-05,.001
3.626813,-2.189651E-03,2.822895E-04,6.66667E-04
3.627814,-2.944961E-03,3.662128E-04,-6.66667E-04
3.628814,-3.646865E-03,2.059946E-04,-.001
3.629815,-4.65396E-03,2.746601E-04,-.002
3.630816,-6.721526E-03,1.907358E-04,-6.66667E-04
3.631816,-8.934081E-03,-7.629441E-05,-2.33333E-03
3.632816,-1.067358E-02,-2.441425E-04,-.001
3.633817,-1.167303E-02,-7.629441E-05,6.66667E-04
3.634818,-1.234442E-02,-1.06812E-04,-3.66667E-03
3.635818,-.0121842,-1.144414E-04,-6.66667E-04
3.636818,-1.133734E-02,4.57766E-05,-6.66667E-04
3.637819,-9.925902E-03,1.678476E-04,-.002
3.638819,-7.820189E-03,3.280658E-04,-2.33333E-03
3.63982,-6.17221E-03,-1.525891E-05,-.001
3.640821,-4.592925E-03,-1.3733E-04,.001
3.641821,-3.646865E-03,-2.365122E-04,-.002
3.642821,-2.723709E-03,-3.50954E-04,-6.66667E-04
3.643822,-1.678474E-03,-3.89101E-04,.002
3.644823,-9.231605E-04,-3.89101E-04,.001
3.645823,-7.40055E-04,-2.899189E-04,-.002
3.646823,-5.493201E-04,-3.814716E-04,.001
3.647824,-3.051776E-04,-3.356952E-04,.001
3.648824,-3.204364E-04,2.13624E-04,6.66667E-04
3.649825,-7.629432E-04,1.831064E-04,.001
3.650826,-4.27248E-04,-1.297006E-04,-.001
3.651826,-9.15532E-05,-1.831064E-04,-6.66667E-04
3.652826,-3.051781E-05,-1.602182E-04,6.66667E-04
3.653827,-1.525888E-04,-5.340599E-05,-3.66667E-03
3.654828,2.28883E-05,-1.602182E-04,-.001
3.655828,4.348774E-04,-2.212534E-04,-6.66667E-04
3.656828,8.163489E-04,-8.392381E-05,6.66667E-04
3.657829,5.722083E-04,4.57766E-05,-6.66667E-04
3.658829,6.866502E-05,7.629453E-06,-3.66667E-03
3.65983,2.28883E-05,3.814721E-05,-.001
3.66083,1.297006E-04,-3.204364E-04,-.002
3.661831,3.814721E-05,-1.678476E-04,-.001
3.662831,2.288828E-04,8.392381E-05,6.66667E-04
3.663832,3.433246E-04,-6.866502E-05,.001
3.664833,3.204364E-04,3.051781E-05,.002
3.665833,6.103562E-05,1.06812E-04,-6.66667E-04
3.666833,2.365122E-04,-3.814721E-05,.001
3.667834,5.493201E-04,1.144414E-04,-.001
3.668834,2.594013E-04,1.525888E-04,-.001
3.669835,4.57766E-05,-3.814721E-05,6.66667E-04
3.670835,-5.111732E-04,1.907358E-04,-.002
3.671836,-5.645789E-04,3.585834E-04,-.002
3.672836,-7.629441E-05,6.103553E-04,.001
3.673837,-2.288828E-04,4.27248E-04,-6.66667E-04
3.674838,-1.525891E-05,-5.340599E-05,6.66667E-04
3.675838,-3.967304E-04,-2.288828E-04,-.002
3.676838,-1.602182E-04,-1.06812E-04,.002
3.677839,0,-6.103562E-05,-6.66667E-04
3.678839,-1.525888E-04,-7.629453E-06,6.66667E-04
3.67984,1.144414E-04,6.103562E-05,-6.66667E-04
3.68084,-7.629453E-06,5.874671E-04,-.001
3.681841,1.525888E-04,9.53678E-04,-6.66667E-04
3.682841,2.059946E-04,7.40055E-04,.002
3.683842,-1.75477E-04,4.196186E-04,.001
3.684843,-3.814721E-05,5.264319E-04,.001
3.685843,-2.28883E-05,4.959144E-04,6.66667E-04
3.686843,-7.629441E-05,2.594013E-04,-6.66667E-04
3.687844,-5.188026E-04,4.196186E-04,-6.66667E-04
3.688844,-1.3733E-04,2.288828E-04,-.001
3.689845,-2.365122E-04,3.814721E-05,-.002
3.690845,-2.441425E-04,1.3733E-04,-.002
3.691846,-3.356952E-04,4.57766E-05,-6.66667E-04
3.692847,-2.899189E-04,-2.28883E-05,-.001
3.693847,-2.441425E-04,-1.06812E-04,.001
3.694848,-1.144414E-04,-1.525891E-05,6.66667E-04
3.695848,-1.602182E-04,-2.822895E-04,-6.66667E-04
3.696848,-2.13624E-04,-1.907358E-04,-.004
3.697849,9.918259E-05,6.866502E-05,-6.66667E-04
3.698849,1.449594E-04,1.220712E-04,6.66667E-04
3.69985,1.525888E-04,-8.392381E-05,-.001
3.70085,-3.814721E-05,2.28883E-05,-6.66667E-04
3.701851,-1.678476E-04,-2.441425E-04,-2.33333E-03
3.702852,-4.043598E-04,-1.06812E-04,.001
3.703852,-5.264319E-04,-2.365122E-04,2.33333E-03
3.704853,-4.577655E-04,-5.645789E-04,6.66667E-04
3.705853,-3.50954E-04,-4.348774E-04,.001
3.706853,-3.662128E-04,-1.602182E-04,.002
3.707854,-2.594013E-04,4.57766E-05,6.66667E-04
3.708854,-4.653949E-04,-1.3733E-04,.001
3.709855,-2.517719E-04,-1.907358E-04,-.002
3.710855,-1.220712E-04,-2.28883E-05,-.001
3.711856,-3.204364E-04,1.907358E-04,-.002
3.712857,-1.525891E-05,-3.814721E-05,-.002
3.713857,1.220712E-04,-5.340599E-05,6.66667E-04
3.714858,4.577655E-04,-1.831064E-04,-.001
3.715858,3.662128E-04,5.340599E-05,-6.66667E-04
3.716858,2.059946E-04,2.212534E-04,-.001
3.717859,-1.602182E-04,3.50954E-04,6.66667E-04
3.718859,-1.602182E-04,2.288828E-04,-6.66667E-04
3.71986,3.585834E-04,2.059946E-04,6.66667E-04
3.72086,4.501361E-04,-4.57766E-05,-.002
3.721861,3.280658E-04,-9.918259E-05,6.66667E-04
3.722862,1.144414E-04,-1.525891E-05,.001
3.723862,-1.602182E-04,0,-.001
3.724863,-3.738422E-04,-8.392381E-05,6.66667E-04
3.725863,-5.035438E-04,-1.75477E-04,-6.66667E-04
3.726863,-2.365122E-04,-9.918259E-05,-.001
3.727864,-5.340599E-05,1.06812E-04,-.001
3.728864,7.629441E-05,1.297006E-04,.002
3.729865,1.907358E-04,3.814721E-05,6.66667E-04
3.730865,6.103562E-05,-1.06812E-04,-6.66667E-04
3.731866,-1.144414E-04,-4.730243E-04,.001
3.732867,-2.212534E-04,-1.602182E-04,-6.66667E-04
3.733867,-1.602182E-04,9.918259E-05,-6.66667E-04
3.734868,-2.441425E-04,1.983652E-04,-.001
3.735868,-2.28883E-05,-1.75477E-04,.001
3.736868,9.15532E-05,-4.88285E-04,-6.66667E-04
3.737869,1.525888E-04,-5.950965E-04,.001
3.73887,9.15532E-05,-3.814716E-04,-.001
3.73987,-9.15532E-05,-4.730243E-04,-6.66667E-04
3.74087,6.866502E-05,-3.967304E-04,-.002
3.741871,6.790198E-04,-3.12807E-04,6.66667E-04
3.742872,4.730243E-04,-3.433246E-04,6.66667E-04
3.743872,1.297006E-04,-4.119892E-04,-6.66667E-04
3.744873,1.06812E-04,-3.662128E-04,-6.66667E-04
3.745873,1.678476E-04,-2.594013E-04,-.002
3.746873,2.746601E-04,0,-2.33333E-03
3.747874,3.12807E-04,4.501361E-04,-6.66667E-04
3.748875,5.416907E-04,7.095374E-04,-.002
3.749875,2.975482E-04,4.730243E-04,2.33333E-03
3.750875,1.297006E-04,3.356952E-04,-.001
3.751876,4.57766E-05,8.392381E-05,.001
3.752877,1.144414E-04,-1.525891E-05,-.001
3.753877,-4.57766E-05,0,-6.66667E-04
3.754878,9.15532E-05,3.814716E-04,-6.66667E-04
3.755878,1.525891E-05,4.196186E-04,3.66667E-03
3.756878,-2.288828E-04,3.738422E-04,-6.66667E-04
3.757879,9.918259E-05,5.264319E-04,6.66667E-04
3.75888,2.441425E-04,4.348774E-04,-6.66667E-04
3.75988,2.13624E-04,6.485023E-04,-.002
3.76088,2.517719E-04,5.950965E-04,-.002
3.761881,1.449594E-04,6.332435E-04,6.66667E-04
3.762882,0,5.035438E-04,-.001
3.763882,2.288828E-04,2.365122E-04,-.002
3.764883,1.449594E-04,2.899189E-04,-6.66667E-04
3.765883,4.959144E-04,3.585834E-04,-.002
3.766883,3.585834E-04,9.15532E-05,-.002
3.767884,-5.340599E-05,3.814721E-05,-.001
3.768885,-2.670307E-04,0,.001
3.769885,-1.525891E-05,0,-3.66667E-03
3.770885,3.051781E-05,-6.866502E-05,-.001
3.771886,9.918259E-05,1.220712E-04,6.66667E-04
3.772887,4.196186E-04,9.918259E-05,.001
3.773887,5.950965E-04,1.75477E-04,-.001
3.774888,4.119892E-04,4.806537E-04,-.001
3.775888,2.365122E-04,4.196186E-04,-.001
3.776888,0,5.264319E-04,.001
3.777889,-9.15532E-05,1.3733E-04,6.66667E-04
3.77889,9.15532E-05,3.356952E-04,-.001
3.77989,2.059946E-04,3.967304E-04,-6.66667E-04
3.78089,0,5.188026E-04,6.66667E-04
3.781891,-1.831064E-04,2.670307E-04,6.66667E-04
3.782892,-3.433246E-04,2.899189E-04,-3.66667E-03
3.783892,-4.043598E-04,2.594013E-04,-2.33333E-03
3.784893,-1.602182E-04,2.288828E-04,6.66667E-04
3.785893,-1.525888E-04,1.3733E-04,-.001
3.786893,-9.918259E-05,2.441425E-04,6.66667E-04
3.787894,-3.204364E-04,3.280658E-04,-.001
3.788895,3.051781E-05,3.814721E-05,.001
3.789895,3.662128E-04,0,-6.66667E-04
3.790895,3.814716E-04,2.059946E-04,6.66667E-04
3.791896,3.814716E-04,1.525888E-04,6.66667E-04
3.792897,9.15532E-05,1.907358E-04,.001
3.793897,3.814721E-05,2.13624E-04,6.66667E-04
3.794898,-1.983652E-04,2.212534E-04,-.001
3.795898,-3.967304E-04,0,6.66667E-04
3.796898,-8.010902E-04,-4.57766E-05,6.66667E-04
3.797899,-8.468665E-04,3.814721E-05,6.66667E-04
3.7989,-3.738422E-04,1.525888E-04,-6.66667E-04
3.7999,-2.13624E-04,-1.75477E-04,-3.66667E-03
3.8009,-1.983652E-04,-1.525888E-04,.001
3.801901,-9.918259E-05,3.12807E-04,6.66667E-04
3.802902,-9.15532E-05,1.525888E-04,-6.66667E-04
3.803902,-6.866502E-05,1.144414E-04,6.66667E-04
3.804903,7.629441E-05,4.501361E-04,-.001
3.805903,2.975482E-04,9.15532E-05,.001
3.806903,-1.06812E-04,3.814721E-05,6.66667E-04
3.807904,-2.899189E-04,1.06812E-04,-.001
3.808905,7.629453E-06,5.340599E-05,-6.66667E-04
3.809905,1.3733E-04,1.297006E-04,-.001
3.810905,-1.3733E-04,1.525891E-05,6.66667E-04
3.811906,-5.340599E-05,-4.57766E-05,-.002
3.812907,-4.27248E-04,8.392381E-05,6.66667E-04
3.813907,-1.220712E-04,-1.449594E-04,-.002
3.814908,5.340599E-05,-1.525891E-05,6.66667E-04
3.815908,-1.144414E-04,7.629441E-05,.001
3.816908,-4.57766E-05,1.525891E-05,-.001
3.817909,4.57766E-05,1.3733E-04,.001
3.81891,-1.297006E-04,9.918259E-05,-.002
3.81991,-5.340599E-05,-1.525888E-04,6.66667E-04
3.82091,4.57766E-05,4.57766E-05,-6.66667E-04
3.821911,4.196186E-04,1.3733E-04,-.002
3.822912,1.525888E-04,0,-6.66667E-04
3.823912,1.144414E-04,3.814721E-05,-.002
3.824913,2.822895E-04,1.3733E-04,.001
3.825913,-3.814721E-05,-5.340599E-05,.001
3.826913,-8.392381E-05,4.57766E-05,-.002
3.827914,3.814721E-05,6.866502E-05,-2.33333E-03
3.828915,8.392381E-05,-3.814721E-05,6.66667E-04
3.829915,4.57766E-05,4.959144E-04,6.66667E-04
3.830915,2.822895E-04,4.577655E-04,.001
3.831916,2.899189E-04,1.907358E-04,.001
3.832916,3.051781E-05,-3.662128E-04,-.001
3.833917,0,-2.899189E-04,6.66667E-04
3.834918,1.449594E-04,2.212534E-04,-.001
3.835918,-1.831064E-04,2.517719E-04,.001
3.836918,-1.297006E-04,1.75477E-04,-.002
3.837919,6.866502E-05,-1.602182E-04,.002
3.83892,2.899189E-04,-3.89101E-04,-.002
3.83992,3.204364E-04,-1.3733E-04,-6.66667E-04
3.84092,1.220712E-04,0,-.001
3.841921,-9.15532E-05,1.297006E-04,-.002
3.842921,2.365122E-04,-6.103562E-05,-.001
3.843922,3.12807E-04,-8.392381E-05,-6.66667E-04
3.844923,1.602182E-04,-2.13624E-04,-6.66667E-04
3.845923,1.297006E-04,-2.899189E-04,2.33333E-03
3.846923,-8.392381E-05,-4.653949E-04,6.66667E-04
3.847924,-3.662128E-04,-2.746601E-04,.001
3.848925,-4.043598E-04,4.57766E-05,.001
3.849925,-6.942786E-04,-1.831064E-04,-.002
3.850925,-3.738422E-04,-9.918259E-05,-6.66667E-04
3.851926,-2.594013E-04,2.441425E-04,-6.66667E-04
3.852926,-5.340599E-05,1.983652E-04,-.001
3.853927,-2.28883E-05,4.27248E-04,.001
3.854928,-5.340599E-05,4.577655E-04,.001
3.855928,-3.051776E-04,-2.28883E-05,-.001
3.856929,-2.365122E-04,-1.907358E-04,-6.66667E-04
3.857929,-4.119892E-04,-1.297006E-04,-.001
3.85893,1.525891E-05,-3.50954E-04,-.001
3.85993,3.051776E-04,-8.392381E-05,-.002
3.86093,4.196186E-04,2.28883E-05,.001
3.861931,9.918259E-05,1.75477E-04,-6.66667E-04
3.862931,-3.89101E-04,6.866502E-05,-.001
3.863932,-1.220712E-04,1.220712E-04,6.66667E-04
3.864933,-3.814721E-05,6.103562E-05,-3.66667E-03
3.865933,9.918259E-05,7.629453E-06,6.66667E-04
3.866934,3.433246E-04,2.059946E-04,-.001
3.867934,2.746601E-04,3.662128E-04,.001
3.868935,4.196186E-04,4.959144E-04,6.66667E-04
3.869935,3.051776E-04,4.88285E-04,.001
3.870935,1.831064E-04,5.416907E-04,6.66667E-04
3.871936,-1.297006E-04,1.907358E-04,-6.66667E-04
3.872936,-1.06812E-04,-2.441425E-04,.002
3.873937,2.594013E-04,-5.340613E-04,-.001
3.874938,7.553138E-04,-8.392371E-04,6.66667E-04
3.875938,9.53678E-04,-5.111732E-04,-6.66667E-04
3.876939,8.926429E-04,-2.975482E-04,-.001
3.877939,7.476844E-04,0,.001
3.87894,2.212534E-04,2.13624E-04,-6.66667E-04
3.87994,-2.059946E-04,2.13624E-04,.001
3.88094,-3.12807E-04,-5.340599E-05,.001
3.881941,-2.517719E-04,-2.899189E-04,-.001
3.882941,-3.051776E-04,-4.88285E-04,-6.66667E-04
3.883942,-3.814721E-05,-1.983652E-04,-3.66667E-03
3.884943,0,2.746601E-04,-6.66667E-04
3.885943,-6.866502E-05,4.196186E-04,-.001
3.886944,1.06812E-04,1.525888E-04,-.002
3.887944,1.983652E-04,-1.75477E-04,.002
3.888945,1.449594E-04,-1.602182E-04,-6.66667E-04
3.889945,1.678476E-04,-1.06812E-04,-.001
3.890945,6.103562E-05,-6.866502E-05,6.66667E-04
3.891946,-1.525888E-04,6.866502E-05,-.002
3.892946,-1.144414E-04,4.348774E-04,-6.66667E-04
3.893947,-5.340613E-04,2.13624E-04,-.001
3.894948,-3.204364E-04,1.678476E-04,-.001
3.895948,-7.629453E-06,-2.212534E-04,6.66667E-04
3.896949,9.918259E-05,-3.051776E-04,-3.66667E-03
3.897949,-1.75477E-04,-3.204364E-04,6.66667E-04
3.89895,-2.288828E-04,-5.111732E-04,-6.66667E-04
3.89995,-1.449594E-04,-3.051776E-04,.001
3.90095,-1.907358E-04,6.866502E-05,-.001
3.901951,-9.15532E-05,2.975482E-04,.001
3.902952,-7.629441E-05,3.814716E-04,-.002
3.903952,-1.144414E-04,2.594013E-04,-6.66667E-04
3.904953,-1.06812E-04,1.831064E-04,-.002
3.905953,1.907358E-04,1.06812E-04,-5.33333E-03
3.906954,3.814721E-05,2.899189E-04,-.001
3.907954,2.975482E-04,9.15532E-05,6.66667E-04
3.908955,2.059946E-04,6.866502E-05,-.001
3.909955,3.585834E-04,1.220712E-04,-6.66667E-04
3.910955,2.746601E-04,-1.449594E-04,-.001
3.911956,9.918259E-05,-4.27248E-04,.002
3.912957,1.75477E-04,-2.059946E-04,-.001
3.913957,2.899189E-04,-3.204364E-04,-.001
3.914958,5.798377E-04,-2.517719E-04,.001
3.915958,6.790198E-04,-2.975482E-04,6.66667E-04
3.916959,5.645789E-04,-2.059946E-04,.001
3.917959,1.297006E-04,-3.12807E-04,-6.66667E-04
3.91896,9.15532E-05,-1.907358E-04,-6.66667E-04
3.91996,1.831064E-04,-5.264319E-04,.001
3.92096,3.433246E-04,-4.653949E-04,-6.66667E-04
3.921961,2.746601E-04,-3.89101E-04,6.66667E-04
3.922962,2.517719E-04,-1.3733E-04,-.001
3.923962,3.204364E-04,-2.746601E-04,-.002
3.924963,1.06812E-04,-2.746601E-04,-2.33333E-03
3.925963,-2.28883E-05,-5.340599E-05,-6.66667E-04
3.926964,9.918259E-05,1.144414E-04,6.66667E-04
3.927964,1.449594E-04,1.144414E-04,-.001
3.928965,1.831064E-04,8.392381E-05,6.66667E-04
3.929965,3.662128E-04,2.365122E-04,.001
3.930965,3.12807E-04,3.433246E-04,-6.66667E-04
3.931966,5.874671E-04,1.449594E-04,-6.66667E-04
3.932967,4.196186E-04,5.340599E-05,-.001
3.933967,6.103553E-04,1.3733E-04,-6.66667E-04
3.934968,3.051776E-04,2.594013E-04,-.001
3.935968,9.918259E-05,1.907358E-04,-.002
3.936969,1.449594E-04,6.103562E-05,-.002
3.937969,1.449594E-04,9.15532E-05,-6.66667E-04
3.93897,3.280658E-04,1.75477E-04,.001
3.93997,5.493201E-04,2.746601E-04,-.001
3.94097,2.822895E-04,5.340599E-05,6.66667E-04
3.941971,-2.059946E-04,-6.866502E-05,-.002
3.942972,-3.585834E-04,-1.602182E-04,-.002
3.943972,-6.103562E-05,-2.212534E-04,-.001
3.944973,3.051781E-05,9.918259E-05,-3.66667E-03
3.945973,-3.814721E-05,9.918259E-05,-6.66667E-04
3.946974,-1.3733E-04,0,-6.66667E-04
3.947974,3.12807E-04,2.059946E-04,-2.33333E-03
3.948975,2.746601E-04,7.629453E-06,-.001
3.949975,-1.449594E-04,-2.670307E-04,-.002
3.950975,-4.806537E-04,-3.662128E-04,-6.66667E-04
3.951976,-5.340613E-04,-6.408729E-04,.001
3.952977,-2.670307E-04,-5.645789E-04,6.66667E-04
3.953977,-1.983652E-04,-1.602182E-04,6.66667E-04
3.954978,1.525888E-04,7.629441E-05,-.002
3.955978,3.280658E-04,-3.814721E-05,-.002
3.956979,6.866502E-05,-5.340599E-05,6.66667E-04
3.957979,-1.449594E-04,5.950965E-04,-6.66667E-04
3.95898,-1.75477E-04,5.340613E-04,-6.66667E-04
3.95998,-3.433246E-04,5.264319E-04,-.001
3.96098,-2.670307E-04,2.059946E-04,6.66667E-04
3.961981,-1.983652E-04,-5.340599E-05,-.001
3.962982,-8.392381E-05,-1.220712E-04,-.001
3.963982,1.983652E-04,-3.89101E-04,.002
3.964983,5.722083E-04,-3.204364E-04,6.66667E-04
3.965983,5.416907E-04,-2.670307E-04,-2.33333E-03
3.966984,1.678476E-04,-1.449594E-04,-.001
3.967984,-1.602182E-04,-2.670307E-04,.001
3.968985,3.814721E-05,-1.525888E-04,.001
3.969985,1.525888E-04,-2.441425E-04,-6.66667E-04
3.970985,1.525888E-04,7.629453E-06,.002
3.971986,1.3733E-04,4.043598E-04,6.66667E-04
3.972987,-1.06812E-04,4.577655E-04,-6.66667E-04
3.973987,-1.449594E-04,2.288828E-04,6.66667E-04
3.974988,-2.059946E-04,7.629453E-06,-.002
3.975988,-3.433246E-04,1.297006E-04,-6.66667E-04
3.976989,-5.416907E-04,-7.629441E-05,-6.66667E-04
3.977989,-5.340613E-04,-5.340599E-05,-.001
3.97899,-1.831064E-04,2.28883E-05,-.002
3.97999,1.525888E-04,-3.814721E-05,.001
3.98099,1.297006E-04,-6.866502E-05,.001
3.981991,4.57766E-05,-1.75477E-04,.002
3.982992,7.629441E-05,-3.50954E-04,-2.33333E-03
3.983992,3.051781E-05,-1.983652E-04,-2.33333E-03
3.984993,-9.15532E-05,-1.907358E-04,6.66667E-04
3.985993,-6.103562E-05,1.602182E-04,-6.66667E-04
3.986994,1.06812E-04,5.950965E-04,6.66667E-04
3.987994,3.280658E-04,6.942786E-04,6.66667E-04
3.988995,2.441425E-04,3.89101E-04,-.001
3.989995,3.204364E-04,2.670307E-04,6.66667E-04
3.990995,2.288828E-04,3.12807E-04,6.66667E-04
3.991996,0,2.746601E-04,.001
3.992997,1.602182E-04,-1.06812E-04,-6.66667E-04
3.993997,2.212534E-04,-1.678476E-04,6.66667E-04
3.994998,-1.678476E-04,-4.27248E-04,-6.66667E-04
3.995998,-6.332435E-04,-4.501361E-04,6.66667E-04
3.996999,-3.280658E-04,-5.874671E-04,.001
3.997999,-1.3733E-04,-4.577655E-04,6.66667E-04
3.999,5.340599E-05,-1.06812E-04,.001
4,-6.866502E-05,1.831064E-04,-6.66667E-04
