"c:\users\esrlabn1\desktop\bence\ir_spectroscopy\532nm_odmr\magnet_map_2_680nm\503.dat  ---  04-28-2026 09:20:22"
""
"cavityli 20 2 4 2000 1 0 0"
"                             ;                             ;seth_xesr_precise 311.74 1 0 2.421722113502935"
"setlockin 188.67 0.004 0 0.03 0.2"
4,2000
2,-7.40055E-04,-3.433246E-04,-.001
2.001,-4.88285E-04,-1.3733E-04,-.001
2.002001,-7.629453E-06,4.57766E-05,-.002
2.003001,2.13624E-04,2.594013E-04,-6.66667E-04
2.004002,6.63761E-04,3.433246E-04,-.001
2.005002,6.027259E-04,2.975482E-04,.001
2.006003,2.899189E-04,2.899189E-04,.001
2.007004,-3.051776E-04,9.918259E-05,-2.33333E-03
2.008004,7.629441E-05,2.365122E-04,-.002
2.009005,0,-1.3733E-04,-6.66667E-04
2.010005,-3.662128E-04,-1.06812E-04,-6.66667E-04
2.011005,-6.866502E-05,-1.220712E-04,-.002
2.012006,-6.103562E-05,4.57766E-05,6.66667E-04
2.013006,1.297006E-04,9.918259E-05,-3.66667E-03
2.014007,1.75477E-04,-6.103562E-05,6.66667E-04
2.015007,6.103562E-05,1.525891E-05,-.002
2.016008,0,2.670307E-04,-6.66667E-04
2.017009,2.28883E-05,1.06812E-04,6.66667E-04
2.018009,1.75477E-04,-7.629453E-06,-.002
2.01901,5.035438E-04,-1.220712E-04,-.002
2.02001,4.653949E-04,-2.670307E-04,.001
2.02101,1.602182E-04,-7.629441E-05,6.66667E-04
2.022011,3.051781E-05,8.392381E-05,6.66667E-04
2.023011,4.348774E-04,3.12807E-04,.002
2.024012,5.111732E-04,1.602182E-04,-2.33333E-03
2.025012,0,2.288828E-04,-.002
2.026013,0,2.28883E-05,-6.66667E-04
2.027014,-2.822895E-04,-1.678476E-04,-.002
2.028014,-2.899189E-04,-2.517719E-04,-.002
2.029015,1.525888E-04,-2.746601E-04,.002
2.030015,4.119892E-04,-5.340599E-05,-6.66667E-04
2.031015,6.485023E-04,-2.517719E-04,-.001
2.032016,6.561317E-04,-3.738422E-04,6.66667E-04
2.033016,3.356952E-04,5.340599E-05,6.66667E-04
2.034017,-5.340599E-05,3.967304E-04,-.002
2.035017,-1.3733E-04,3.051776E-04,-6.66667E-04
2.036018,-1.06812E-04,-1.525891E-05,6.66667E-04
2.037019,2.059946E-04,-1.525891E-05,.002
2.038019,3.585834E-04,-3.738422E-04,-6.66667E-04
2.03902,-9.15532E-05,-1.831064E-04,-.002
2.04002,-4.57766E-05,-6.866502E-05,-6.66667E-04
2.04102,-1.3733E-04,-6.103553E-04,-.001
2.042021,-2.899189E-04,-3.280658E-04,-.001
2.043021,-3.051776E-04,-1.602182E-04,-6.66667E-04
2.044022,-5.340599E-05,-7.629441E-05,-.002
2.045022,-1.06812E-04,-7.629453E-06,-.001
2.046023,1.525891E-05,1.144414E-04,-.004
2.047024,4.57766E-05,-6.103562E-05,-6.66667E-04
2.048024,4.57766E-05,1.525891E-05,-2.33333E-03
2.049025,4.57766E-05,2.059946E-04,-.002
2.050025,-1.3733E-04,1.449594E-04,-6.66667E-04
2.051026,-3.433246E-04,-3.051781E-05,6.66667E-04
2.052026,-3.585834E-04,1.525891E-05,6.66667E-04
2.053026,-4.348774E-04,-1.06812E-04,-6.66667E-04
2.054027,-5.645789E-04,-1.06812E-04,2.33333E-03
2.055027,-1.602182E-04,2.059946E-04,-.001
2.056028,3.433246E-04,-9.918259E-05,6.66667E-04
2.057029,1.831064E-04,6.103562E-05,-.001
2.058029,1.678476E-04,2.13624E-04,.002
2.05903,3.051781E-05,-7.629441E-05,.002
2.06003,1.525888E-04,-1.831064E-04,-6.66667E-04
2.061031,-1.3733E-04,-1.220712E-04,-3.66667E-03
2.062031,-2.822895E-04,-6.103562E-05,-6.66667E-04
2.063031,-2.670307E-04,-2.670307E-04,6.66667E-04
2.064032,-3.204364E-04,-4.425067E-04,6.66667E-04
2.065032,-1.678476E-04,7.629441E-05,-.002
2.066033,-1.983652E-04,1.06812E-04,.001
2.067034,-2.13624E-04,1.3733E-04,-3.66667E-03
2.068034,-2.670307E-04,4.57766E-05,6.66667E-04
2.069035,-5.645789E-04,-3.814721E-05,-6.66667E-04
2.070035,-9.002723E-04,1.525891E-05,-.001
2.071036,-1.502998E-03,1.907358E-04,6.66667E-04
2.072036,-2.120987E-03,4.57766E-05,-6.66667E-04
2.073036,-3.173843E-03,1.144414E-04,-.001
2.074037,-4.310638E-03,1.144414E-04,-.002
2.075037,-5.027801E-03,1.602182E-04,.001
2.076038,-6.149322E-03,1.525891E-05,-.004
2.077039,-7.713348E-03,-5.340599E-05,.001
2.078039,-9.262145E-03,-3.12807E-04,-6.66667E-04
2.07904,-1.078039E-02,-4.959144E-04,-.001
2.08004,-.011612,-7.247962E-04,-.002
2.081041,-1.216894E-02,-7.934608E-04,-.001
2.082041,-1.198584E-02,-9.079017E-04,-.002
2.083041,-1.158911E-02,-9.002723E-04,-.001
2.084042,-1.051337E-02,-7.934608E-04,-.002
2.085042,-9.31555E-03,-6.713904E-04,-.002
2.086043,-7.621795E-03,-5.722083E-04,.001
2.087044,-6.126434E-03,-6.790198E-04,.002
2.088044,-4.592925E-03,-4.119892E-04,-.002
2.089045,-3.234878E-03,-4.57766E-05,-.002
2.090045,-1.976028E-03,-9.15532E-05,-.002
2.091046,-1.121528E-03,-7.629453E-06,-.001
2.092046,-8.163489E-04,1.297006E-04,2.33333E-03
2.093046,-1.10627E-03,2.288828E-04,-.001
2.094047,-7.934608E-04,4.119892E-04,6.66667E-04
2.095047,-1.907358E-04,3.356952E-04,-.002
2.096048,-3.814721E-05,1.907358E-04,6.66667E-04
2.097049,-9.15532E-05,1.983652E-04,-6.66667E-04
2.098049,-2.059946E-04,2.28883E-05,-.002
2.09905,-1.525888E-04,-5.340599E-05,-.001
2.10005,-2.670307E-04,-1.983652E-04,-.001
2.101051,-6.866502E-05,-1.678476E-04,.001
2.102051,9.15532E-05,-2.28883E-05,6.66667E-04
2.103051,-6.866502E-05,7.629441E-05,6.66667E-04
2.104052,8.392381E-05,4.501361E-04,.001
2.105052,2.594013E-04,1.907358E-04,-2.33333E-03
2.106053,1.525891E-05,-5.340599E-05,.001
2.107054,1.144414E-04,1.831064E-04,-.002
2.108054,-3.051781E-05,1.449594E-04,-3.66667E-03
2.109055,2.212534E-04,-5.340599E-05,-.002
2.110055,-7.629453E-06,-5.569495E-04,-.001
2.111056,-6.866502E-05,-5.340613E-04,.001
2.112056,3.051776E-04,-4.348774E-04,-.002
2.113056,3.433246E-04,-9.15532E-05,6.66667E-04
2.114057,3.433246E-04,-2.13624E-04,-.001
2.115057,3.356952E-04,-2.670307E-04,-6.66667E-04
2.116058,3.967304E-04,-2.746601E-04,2.33333E-03
2.117059,4.425067E-04,-1.525888E-04,-3.66667E-03
2.118059,6.332435E-04,-1.525891E-05,.001
2.11906,6.713904E-04,4.57766E-05,.001
2.12006,3.967304E-04,2.059946E-04,6.66667E-04
2.121061,4.196186E-04,2.975482E-04,.002
2.122061,3.662128E-04,1.525888E-04,-.001
2.123062,-3.814721E-05,1.525891E-05,.001
2.124062,-4.57766E-05,2.059946E-04,-6.66667E-04
2.125062,-9.918259E-05,1.220712E-04,-6.66667E-04
2.126063,-9.918259E-05,2.059946E-04,-3.66667E-03
2.127064,-6.866502E-05,-3.814721E-05,-6.66667E-04
2.128064,1.144414E-04,-3.738422E-04,.001
2.129065,2.594013E-04,-4.57766E-05,-.002
2.130065,4.57766E-05,7.629453E-06,-.001
2.131066,4.57766E-05,0,-6.66667E-04
2.132066,4.57766E-05,3.051781E-05,-.001
2.133067,-5.188026E-04,7.629441E-05,-.002
2.134067,-5.798377E-04,5.340599E-05,-.001
2.135067,-5.111732E-04,-1.220712E-04,-.002
2.136068,-5.340599E-05,-1.907358E-04,-.001
2.137069,-7.629441E-05,-3.433246E-04,-.002
2.138069,-1.220712E-04,-3.50954E-04,-.002
2.13907,-1.831064E-04,-5.264319E-04,6.66667E-04
2.14007,-1.602182E-04,-7.095374E-04,6.66667E-04
2.141071,-2.517719E-04,-7.324256E-04,6.66667E-04
2.142071,1.602182E-04,-6.256141E-04,-6.66667E-04
2.143072,-7.629441E-05,-4.806537E-04,-6.66667E-04
2.144072,-3.814721E-05,-2.746601E-04,-.002
2.145072,-1.144414E-04,-5.340599E-05,6.66667E-04
2.146073,-2.059946E-04,-1.75477E-04,-.002
2.147074,-1.220712E-04,-1.678476E-04,-.001
2.148074,-1.220712E-04,6.866502E-05,6.66667E-04
2.149075,1.144414E-04,1.75477E-04,-6.66667E-04
2.150075,2.822895E-04,1.907358E-04,-6.66667E-04
2.151076,2.059946E-04,1.220712E-04,-.002
2.152076,1.75477E-04,3.204364E-04,-6.66667E-04
2.153077,-1.297006E-04,-1.220712E-04,-.001
2.154077,-2.975482E-04,-9.15532E-05,-6.66667E-04
2.155077,-3.204364E-04,-1.06812E-04,-.001
2.156078,-9.918259E-05,-5.340599E-05,-6.66667E-04
2.157079,7.629453E-06,1.449594E-04,-.001
2.158079,-1.297006E-04,2.059946E-04,-.002
2.15908,-2.517719E-04,-2.28883E-05,6.66667E-04
2.16008,-2.059946E-04,6.866502E-05,-.001
2.161081,-4.196186E-04,-1.602182E-04,-6.66667E-04
2.162081,1.297006E-04,-2.13624E-04,-.002
2.163082,1.06812E-04,-4.959144E-04,-6.66667E-04
2.164082,2.594013E-04,-3.50954E-04,-6.66667E-04
2.165082,2.059946E-04,7.629453E-06,-.002
2.166083,-1.297006E-04,-3.051781E-05,-.001
2.167084,-2.212534E-04,-2.28883E-05,-.001
2.168084,-2.365122E-04,-2.212534E-04,-.001
2.169085,-2.670307E-04,4.57766E-05,6.66667E-04
2.170085,-2.059946E-04,1.525891E-05,2.33333E-03
2.171086,-2.594013E-04,2.28883E-05,-6.66667E-04
2.172086,-5.340599E-05,1.525888E-04,2.33333E-03
2.173087,-2.975482E-04,6.866502E-05,2.33333E-03
2.174087,-4.806537E-04,3.051781E-05,-6.66667E-04
2.175087,-4.501361E-04,-3.356952E-04,6.66667E-04
2.176088,-2.517719E-04,1.525888E-04,-.001
2.177088,-1.3733E-04,4.196186E-04,6.66667E-04
2.178089,7.629441E-05,5.874671E-04,-.001
2.17909,-6.103562E-05,3.89101E-04,-6.66667E-04
2.18009,-1.220712E-04,-7.629453E-06,-.001
2.181091,-1.831064E-04,-1.525891E-05,-.001
2.182091,-2.365122E-04,2.13624E-04,-6.66667E-04
2.183092,-3.662128E-04,2.288828E-04,.001
2.184092,-2.13624E-04,2.975482E-04,-6.66667E-04
2.185092,2.28883E-05,3.662128E-04,-.001
2.186093,-2.899189E-04,1.220712E-04,.002
2.187093,-1.525888E-04,-2.975482E-04,-.002
2.188094,3.814721E-05,-3.204364E-04,6.66667E-04
2.189095,2.28883E-05,-2.288828E-04,-6.66667E-04
2.190095,-1.525888E-04,-3.280658E-04,-6.66667E-04
2.191096,-2.059946E-04,-1.449594E-04,-2.33333E-03
2.192096,-8.392381E-05,2.059946E-04,-.002
2.193097,1.525891E-05,5.264319E-04,.002
2.194097,-1.525891E-05,4.27248E-04,-6.66667E-04
2.195097,-1.983652E-04,3.814721E-05,-.001
2.196098,-5.340599E-05,3.662128E-04,.001
2.197098,-6.866502E-05,4.501361E-04,-6.66667E-04
2.198099,-1.06812E-04,2.059946E-04,-.002
2.1991,-1.3733E-04,1.831064E-04,.001
2.2001,-3.051781E-05,3.89101E-04,-6.66667E-04
2.201101,4.57766E-05,4.653949E-04,-6.66667E-04
2.202101,2.594013E-04,2.594013E-04,6.66667E-04
2.203102,4.806537E-04,-6.866502E-05,6.66667E-04
2.204102,3.433246E-04,-1.602182E-04,-6.66667E-04
2.205102,-1.525888E-04,-3.12807E-04,.001
2.206103,-3.204364E-04,-7.629441E-05,-.001
2.207103,2.28883E-05,-1.525888E-04,-.001
2.208104,1.3733E-04,-9.15532E-05,-6.66667E-04
2.209105,-7.629441E-05,9.918259E-05,-.002
2.210105,-3.051781E-05,9.918259E-05,-6.66667E-04
2.211106,-1.602182E-04,9.918259E-05,6.66667E-04
2.212106,-7.629441E-05,4.119892E-04,6.66667E-04
2.213107,7.629441E-05,1.678476E-04,.001
2.214107,-3.204364E-04,1.297006E-04,-6.66667E-04
2.215107,-3.204364E-04,-2.899189E-04,-.002
2.216108,-3.280658E-04,-4.959144E-04,-6.66667E-04
2.217108,-3.204364E-04,-5.188026E-04,-6.66667E-04
2.218109,4.57766E-05,-2.517719E-04,-6.66667E-04
2.21911,1.678476E-04,-4.57766E-05,.001
2.22011,-1.525891E-05,3.89101E-04,6.66667E-04
2.221111,2.822895E-04,4.119892E-04,-.001
2.222111,4.57766E-05,2.288828E-04,.001
2.223112,-1.3733E-04,0,6.66667E-04
2.224112,-1.75477E-04,-2.13624E-04,2.33333E-03
2.225112,-4.27248E-04,-2.13624E-04,.001
2.226113,-2.670307E-04,-9.918259E-05,-6.66667E-04
2.227113,-1.75477E-04,-4.57766E-05,6.66667E-04
2.228114,-1.907358E-04,3.50954E-04,6.66667E-04
2.229115,-2.13624E-04,6.256141E-04,-.002
2.230115,-5.340599E-05,5.416907E-04,-.002
2.231116,1.983652E-04,2.517719E-04,.001
2.232116,1.449594E-04,-6.866502E-05,2.33333E-03
2.233117,1.06812E-04,-1.449594E-04,-6.66667E-04
2.234117,4.57766E-05,-1.907358E-04,-.002
2.235118,2.28883E-05,6.866502E-05,6.66667E-04
2.236118,-1.907358E-04,1.907358E-04,-6.66667E-04
2.237118,-2.13624E-04,3.12807E-04,-.002
2.238119,-1.907358E-04,1.907358E-04,-6.66667E-04
2.23912,-1.297006E-04,1.525891E-05,-.002
2.24012,-2.13624E-04,-1.3733E-04,-.001
2.241121,-4.196186E-04,-2.670307E-04,.001
2.242121,-3.12807E-04,-2.059946E-04,-.001
2.243122,-5.035438E-04,1.144414E-04,-.002
2.244122,-4.88285E-04,3.50954E-04,-6.66667E-04
2.245123,-1.220712E-04,6.63761E-04,.002
2.246123,1.678476E-04,6.561317E-04,-6.66667E-04
2.247123,-9.15532E-05,3.738422E-04,-6.66667E-04
2.248124,-1.449594E-04,1.3733E-04,-.001
2.249125,7.629453E-06,3.204364E-04,-2.33333E-03
2.250125,1.525891E-05,9.15532E-05,-6.66667E-04
2.251126,1.06812E-04,-2.13624E-04,-.002
2.252126,0,-1.525891E-05,-6.66667E-04
2.253127,6.866502E-05,2.594013E-04,.002
2.254127,-1.602182E-04,4.653949E-04,-.001
2.255128,-3.356952E-04,7.476844E-04,.001
2.256128,-4.730243E-04,3.89101E-04,6.66667E-04
2.257128,-4.27248E-04,4.57766E-05,-2.33333E-03
2.258129,-4.88285E-04,2.441425E-04,6.66667E-04
2.25913,-7.629432E-04,3.051776E-04,6.66667E-04
2.26013,-6.027259E-04,-1.144414E-04,6.66667E-04
2.261131,-7.705726E-04,-4.959144E-04,-.001
2.262131,-8.087195E-04,-8.621253E-04,-6.66667E-04
2.263132,-5.874671E-04,-6.103553E-04,-6.66667E-04
2.264132,-3.204364E-04,-3.433246E-04,6.66667E-04
2.265133,-2.059946E-04,-2.212534E-04,-6.66667E-04
2.266133,-2.746601E-04,-4.196186E-04,-.001
2.267133,-3.204364E-04,-3.662128E-04,-.002
2.268134,-3.662128E-04,-1.06812E-04,-6.66667E-04
2.269135,-1.983652E-04,-8.392381E-05,-6.66667E-04
2.270135,-5.340599E-05,7.629453E-06,-6.66667E-04
2.271136,-5.340599E-05,-1.06812E-04,-6.66667E-04
2.272136,-6.103562E-05,-3.051776E-04,.001
2.273137,-7.629441E-05,-2.899189E-04,6.66667E-04
2.274137,-1.75477E-04,1.220712E-04,-.001
2.275138,-2.059946E-04,-3.433246E-04,6.66667E-04
2.276138,-1.602182E-04,-5.416907E-04,6.66667E-04
2.277139,-1.144414E-04,-3.356952E-04,6.66667E-04
2.278139,-1.06812E-04,-1.75477E-04,-.001
2.27914,-2.746601E-04,-5.340599E-05,6.66667E-04
2.28014,-3.433246E-04,1.75477E-04,-6.66667E-04
2.281141,-1.525888E-04,3.433246E-04,-.001
2.282141,-2.975482E-04,5.340613E-04,-.002
2.283142,-4.730243E-04,5.798377E-04,-.002
2.284142,-3.356952E-04,2.059946E-04,-2.33333E-03
2.285143,1.449594E-04,-1.907358E-04,-.001
2.286143,4.119892E-04,-2.288828E-04,2.33333E-03
2.287144,3.051776E-04,-6.713904E-04,-.001
2.288144,9.918259E-05,-6.866492E-04,-.001
2.289145,1.220712E-04,-6.027259E-04,6.66667E-04
2.290145,0,-3.356952E-04,-2.33333E-03
2.291146,-2.212534E-04,-1.907358E-04,-6.66667E-04
2.292146,-3.12807E-04,-5.340599E-05,-6.66667E-04
2.293147,-1.06812E-04,-1.602182E-04,-.001
2.294147,-7.629453E-06,-3.738422E-04,-6.66667E-04
2.295148,2.212534E-04,-3.738422E-04,-.002
2.296148,-1.525888E-04,-1.75477E-04,-.001
2.297149,-5.340613E-04,-2.670307E-04,-6.66667E-04
2.298149,-5.950965E-04,-1.144414E-04,.001
2.29915,-5.111732E-04,-1.06812E-04,.001
2.30015,-2.594013E-04,-1.983652E-04,.002
2.301151,-1.220712E-04,-1.678476E-04,-2.33333E-03
2.302151,-2.822895E-04,4.57766E-05,-6.66667E-04
2.303152,-3.585834E-04,2.212534E-04,.001
2.304152,-1.297006E-04,3.814716E-04,6.66667E-04
2.305153,-9.15532E-05,6.790198E-04,-.002
2.306153,-1.75477E-04,3.12807E-04,-.002
2.307154,-3.585834E-04,1.144414E-04,-.001
2.308154,-4.119892E-04,8.392381E-05,-.001
2.309155,-4.653949E-04,-1.220712E-04,.002
2.310155,-4.806537E-04,-5.264319E-04,-6.66667E-04
2.311156,-3.051776E-04,-5.264319E-04,-6.66667E-04
2.312156,1.525888E-04,6.103562E-05,-6.66667E-04
2.313157,2.28883E-05,6.866502E-05,-5.33333E-03
2.314157,-5.340599E-05,2.899189E-04,-3.66667E-03
2.315158,-2.28883E-05,-6.103562E-05,-.001
2.316158,-2.899189E-04,-1.907358E-04,.001
2.317159,-5.798377E-04,1.831064E-04,-.001
2.318159,-3.204364E-04,2.975482E-04,-6.66667E-04
2.31916,-1.06812E-04,1.75477E-04,-.001
2.32016,-3.814721E-05,-9.918259E-05,-2.33333E-03
2.321161,2.670307E-04,-1.602182E-04,-6.66667E-04
2.322161,3.50954E-04,-3.204364E-04,6.66667E-04
2.323162,-2.670307E-04,-1.602182E-04,.001
2.324162,-5.950965E-04,-6.866502E-05,-6.66667E-04
2.325163,-5.569495E-04,1.907358E-04,6.66667E-04
2.326163,-3.204364E-04,8.392381E-05,-.001
2.327164,-3.204364E-04,-2.059946E-04,-6.66667E-04
2.328164,-4.27248E-04,-4.27248E-04,-.001
2.329165,-3.433246E-04,-1.907358E-04,6.66667E-04
2.330165,-4.119892E-04,7.629453E-06,-.001
2.331166,-1.144414E-04,1.983652E-04,-2.33333E-03
2.332166,-2.822895E-04,2.899189E-04,.001
2.333167,-3.356952E-04,-7.629441E-05,-.002
2.334167,-1.602182E-04,-3.738422E-04,-6.66667E-04
2.335168,1.678476E-04,-1.297006E-04,.001
2.336168,5.340599E-05,7.629453E-06,-.002
2.337169,-1.678476E-04,7.629441E-05,-.002
2.338169,-2.288828E-04,6.103562E-05,-.001
2.33917,-1.144414E-04,-5.340599E-05,-6.66667E-04
2.34017,-9.918259E-05,6.103562E-05,-.001
2.341171,-3.433246E-04,1.831064E-04,-.001
2.342171,-6.256141E-04,1.449594E-04,-.001
2.343172,-3.280658E-04,0,-6.66667E-04
2.344172,-3.89101E-04,-5.340599E-05,6.66667E-04
2.345173,-7.171668E-04,-5.340599E-05,-6.66667E-04
2.346173,-4.27248E-04,1.449594E-04,.001
2.347174,5.340599E-05,2.441425E-04,.001
2.348174,4.577655E-04,9.918259E-05,-.001
2.349174,5.569495E-04,8.392381E-05,-6.66667E-04
2.350175,5.416907E-04,2.746601E-04,.002
2.351176,1.907358E-04,2.746601E-04,-6.66667E-04
2.352176,5.340599E-05,-1.144414E-04,-6.66667E-04
2.353177,-7.629453E-06,-2.517719E-04,.002
2.354177,-4.27248E-04,-1.678476E-04,-6.66667E-04
2.355178,-4.88285E-04,9.918259E-05,-.002
2.356178,-4.425067E-04,1.983652E-04,6.66667E-04
2.357179,-2.670307E-04,-5.340599E-05,-.001
2.358179,-8.392381E-05,1.220712E-04,-6.66667E-04
2.359179,-2.28883E-05,8.392381E-05,-.001
2.36018,-1.602182E-04,2.594013E-04,.001
2.361181,-6.103562E-05,1.602182E-04,-.002
2.362181,2.28883E-05,3.051776E-04,.001
2.363182,1.602182E-04,8.392381E-05,-6.66667E-04
2.364182,9.918259E-05,-5.340599E-05,-.001
2.365183,-2.13624E-04,-1.297006E-04,6.66667E-04
2.366183,-1.831064E-04,1.75477E-04,-6.66667E-04
2.367184,-2.822895E-04,0,-6.66667E-04
2.368184,-5.645789E-04,1.525888E-04,-6.66667E-04
2.369184,-7.095374E-04,1.220712E-04,.001
2.370185,-6.332435E-04,2.822895E-04,-.002
2.371186,-7.01908E-04,3.662128E-04,.002
2.372186,-3.738422E-04,1.831064E-04,-.001
2.373187,4.57766E-05,3.280658E-04,6.66667E-04
2.374187,3.89101E-04,2.822895E-04,-.001
2.375188,-3.051781E-05,1.3733E-04,-6.66667E-04
2.376188,-1.297006E-04,-1.220712E-04,-.002
2.377189,-3.204364E-04,-8.392381E-05,-.001
2.378189,-3.89101E-04,-6.103562E-05,6.66667E-04
2.379189,-1.983652E-04,1.907358E-04,-.001
2.38019,3.662128E-04,3.967304E-04,.002
2.381191,5.645789E-04,-1.3733E-04,-.002
2.382191,5.264319E-04,-4.27248E-04,-6.66667E-04
2.383192,4.730243E-04,-4.119892E-04,.001
2.384192,5.188026E-04,-3.585834E-04,-6.66667E-04
2.385193,1.525888E-04,-1.06812E-04,6.66667E-04
2.386193,-1.220712E-04,6.103562E-05,.001
2.387194,9.918259E-05,-1.06812E-04,6.66667E-04
2.388194,2.594013E-04,-2.13624E-04,-.001
2.389194,1.144414E-04,-2.899189E-04,-6.66667E-04
2.390195,-3.814721E-05,-4.119892E-04,-.001
2.391196,-4.119892E-04,-5.111732E-04,-2.33333E-03
2.392196,-2.975482E-04,-4.806537E-04,6.66667E-04
2.393197,-3.051781E-05,-1.602182E-04,-.001
2.394197,1.602182E-04,3.051781E-05,6.66667E-04
2.395198,4.043598E-04,1.144414E-04,-6.66667E-04
2.396198,3.585834E-04,1.220712E-04,-.001
2.397199,8.392381E-05,1.525891E-05,.001
2.398199,-4.57766E-05,-1.449594E-04,-.002
2.399199,-7.629453E-06,-9.15532E-05,-.001
2.4002,-8.392381E-05,6.103562E-05,-.001
2.401201,-5.340599E-05,2.288828E-04,-6.66667E-04
2.402201,0,3.356952E-04,-.002
2.403202,2.594013E-04,4.577655E-04,-.002
2.404202,2.975482E-04,2.594013E-04,.001
2.405203,5.111732E-04,3.12807E-04,-.002
2.406203,7.171668E-04,2.13624E-04,6.66667E-04
2.407204,3.356952E-04,0,.001
2.408204,1.3733E-04,-3.204364E-04,.001
2.409204,2.670307E-04,-3.12807E-04,.001
2.410205,7.629453E-06,-1.602182E-04,-6.66667E-04
2.411206,4.57766E-05,1.602182E-04,-6.66667E-04
2.412206,0,3.12807E-04,-6.66667E-04
2.413207,1.06812E-04,2.746601E-04,-6.66667E-04
2.414207,-1.06812E-04,2.212534E-04,-.002
2.415208,-2.975482E-04,2.28883E-05,6.66667E-04
2.416208,-1.678476E-04,-4.653949E-04,-6.66667E-04
2.417209,-2.670307E-04,-6.485023E-04,-.002
2.418209,-2.059946E-04,-5.340613E-04,-6.66667E-04
2.41921,-4.196186E-04,-3.662128E-04,-.001
2.42021,-2.899189E-04,-4.425067E-04,.001
2.421211,-2.517719E-04,-2.670307E-04,-.001
2.422211,-3.738422E-04,9.15532E-05,-6.66667E-04
2.423212,-2.13624E-04,-7.629441E-05,-.001
2.424212,-3.738422E-04,7.629453E-06,6.66667E-04
2.425213,-8.392381E-05,2.441425E-04,-2.33333E-03
2.426213,1.144414E-04,4.806537E-04,2.33333E-03
2.427214,-1.525891E-05,4.27248E-04,-.004
2.428214,-1.602182E-04,3.89101E-04,.001
2.429215,-4.730243E-04,1.220712E-04,6.66667E-04
2.430215,-3.50954E-04,2.670307E-04,.001
2.431216,-5.340599E-05,7.629453E-06,-.001
2.432216,2.288828E-04,-2.670307E-04,-.002
2.433217,4.577655E-04,-2.212534E-04,-2.33333E-03
2.434217,1.831064E-04,-1.449594E-04,-.001
2.435218,-2.670307E-04,7.629441E-05,-.002
2.436218,-2.212534E-04,-2.28883E-05,-2.33333E-03
2.437219,-1.06812E-04,-6.103562E-05,-6.66667E-04
2.438219,4.57766E-05,-1.602182E-04,6.66667E-04
2.43922,-1.3733E-04,-1.75477E-04,-6.66667E-04
2.44022,-7.629441E-05,3.051781E-05,.001
2.441221,-1.220712E-04,4.196186E-04,.002
2.442221,-1.449594E-04,3.662128E-04,-.001
2.443222,-6.103562E-05,4.577655E-04,-2.33333E-03
2.444222,-3.967304E-04,1.678476E-04,.001
2.445223,-7.247962E-04,-1.297006E-04,.001
2.446223,-7.247962E-04,-2.975482E-04,-6.66667E-04
2.447224,-2.059946E-04,1.525888E-04,-2.33333E-03
2.448224,9.918259E-05,2.746601E-04,-6.66667E-04
2.449225,3.280658E-04,1.3733E-04,-3.66667E-03
2.450225,2.517719E-04,2.670307E-04,-6.66667E-04
2.451226,2.517719E-04,4.57766E-05,-6.66667E-04
2.452226,9.918259E-05,-4.57766E-05,.002
2.453227,9.918259E-05,6.866502E-05,6.66667E-04
2.454227,9.918259E-05,7.629441E-05,-3.66667E-03
2.455228,1.75477E-04,-2.28883E-05,-6.66667E-04
2.456228,2.670307E-04,-4.57766E-05,-6.66667E-04
2.457229,2.975482E-04,-9.15532E-05,2.33333E-03
2.458229,2.288828E-04,1.525891E-05,-6.66667E-04
2.45923,-8.392381E-05,-9.918259E-05,-.001
2.46023,-1.75477E-04,1.525888E-04,-.001
2.461231,-5.340613E-04,2.822895E-04,-6.66667E-04
2.462231,-1.525888E-04,2.441425E-04,.001
2.463232,2.28883E-05,5.645789E-04,-6.66667E-04
2.464232,-2.670307E-04,4.730243E-04,-.002
2.465233,-3.967304E-04,2.13624E-04,-.001
2.466233,-1.602182E-04,3.204364E-04,-.001
2.467234,-3.738422E-04,1.678476E-04,.002
2.468234,-1.75477E-04,2.212534E-04,-6.66667E-04
2.469235,-1.602182E-04,1.983652E-04,-.001
2.470235,-7.629441E-05,3.12807E-04,.002
2.471236,-1.907358E-04,5.950965E-04,-.001
2.472236,-1.144414E-04,4.806537E-04,-.002
2.473237,-1.3733E-04,5.111732E-04,-2.33333E-03
2.474237,-1.144414E-04,5.798377E-04,6.66667E-04
2.475238,-2.594013E-04,6.713904E-04,-6.66667E-04
2.476238,-6.408729E-04,3.50954E-04,-6.66667E-04
2.477239,-3.12807E-04,2.288828E-04,.001
2.478239,0,3.280658E-04,-.002
2.47924,-1.525891E-05,3.814716E-04,6.66667E-04
2.48024,2.822895E-04,1.602182E-04,-2.33333E-03
2.481241,3.662128E-04,-2.13624E-04,-.001
2.482241,6.103562E-05,2.059946E-04,-6.66667E-04
2.483242,-4.57766E-05,1.525888E-04,-.002
2.484242,-2.670307E-04,7.629453E-06,-6.66667E-04
2.485243,-1.983652E-04,2.28883E-05,6.66667E-04
2.486243,-1.3733E-04,-3.433246E-04,.001
2.487244,-7.629453E-06,-1.907358E-04,6.66667E-04
2.488244,9.15532E-05,-1.06812E-04,6.66667E-04
2.489245,2.059946E-04,-2.517719E-04,-.002
2.490245,2.13624E-04,-2.975482E-04,-.001
2.491246,3.433246E-04,-2.212534E-04,-.002
2.492246,1.75477E-04,9.15532E-05,-.002
2.493247,-1.75477E-04,7.629441E-05,-6.66667E-04
2.494247,-1.06812E-04,3.12807E-04,.001
2.495248,3.738422E-04,2.059946E-04,-.001
2.496248,2.059946E-04,-1.75477E-04,6.66667E-04
2.497249,-1.144414E-04,-3.814716E-04,.001
2.498249,-9.15532E-05,-6.866502E-05,-6.66667E-04
2.49925,6.103562E-05,3.204364E-04,-6.66667E-04
2.50025,2.899189E-04,1.907358E-04,.002
2.501251,4.577655E-04,9.15532E-05,-.001
2.502251,1.297006E-04,-5.340599E-05,-.001
2.503252,7.629453E-06,3.814721E-05,-.002
2.504252,2.059946E-04,9.918259E-05,-.001
2.505253,2.594013E-04,2.059946E-04,-6.66667E-04
2.506253,0,2.594013E-04,-6.66667E-04
2.507254,2.365122E-04,2.899189E-04,-6.66667E-04
2.508254,3.280658E-04,-3.814721E-05,-6.66667E-04
2.509255,-1.144414E-04,-2.441425E-04,-6.66667E-04
2.510255,-5.188026E-04,-3.738422E-04,6.66667E-04
2.511256,-3.89101E-04,-1.06812E-04,6.66667E-04
2.512256,-3.051781E-05,-3.814721E-05,-6.66667E-04
2.513257,2.059946E-04,1.06812E-04,-6.66667E-04
2.514257,2.212534E-04,-7.629453E-06,-.002
2.515258,1.602182E-04,-2.899189E-04,-6.66667E-04
2.516258,2.28883E-05,-2.899189E-04,-.001
2.517259,1.297006E-04,-2.441425E-04,-.002
2.518259,7.629441E-05,-2.899189E-04,6.66667E-04
2.51926,-6.866502E-05,-2.365122E-04,-6.66667E-04
2.52026,-1.602182E-04,-2.899189E-04,-6.66667E-04
2.521261,-8.392381E-05,-2.13624E-04,.001
2.522261,-1.06812E-04,2.28883E-05,6.66667E-04
2.523262,-1.831064E-04,9.15532E-05,-.001
2.524262,-3.50954E-04,-1.678476E-04,-.002
2.525263,-3.738422E-04,-3.814716E-04,-6.66667E-04
2.526263,-3.738422E-04,-2.670307E-04,.001
2.527264,7.629453E-06,-2.212534E-04,.001
2.528264,7.629453E-06,4.57766E-05,-.001
2.529265,-1.831064E-04,0,-.002
2.530265,-1.06812E-04,5.340599E-05,2.33333E-03
2.531266,2.517719E-04,-3.051776E-04,-.001
2.532266,3.280658E-04,-1.525891E-05,-.002
2.533267,5.340599E-05,3.50954E-04,6.66667E-04
2.534267,-2.059946E-04,0,-.001
2.535268,-2.670307E-04,-2.975482E-04,.001
2.536268,-1.602182E-04,7.629453E-06,-6.66667E-04
2.537269,-9.918259E-05,-1.75477E-04,-.001
2.538269,-8.392381E-05,-7.629453E-06,-6.66667E-04
2.53927,-1.06812E-04,-3.814721E-05,-.001
2.54027,-3.356952E-04,-1.907358E-04,-.002
2.541271,-2.517719E-04,-1.144414E-04,.001
2.542271,-3.50954E-04,-3.051781E-05,6.66667E-04
2.543272,-2.594013E-04,-1.525891E-05,-2.33333E-03
2.544272,-1.907358E-04,-3.433246E-04,6.66667E-04
2.545273,-3.204364E-04,-2.441425E-04,6.66667E-04
2.546273,-9.918259E-05,-2.13624E-04,6.66667E-04
2.547274,-2.059946E-04,-5.188026E-04,-2.33333E-03
2.548274,-6.027259E-04,-6.713904E-04,-.001
2.549275,-8.392371E-04,-7.01908E-04,.001
2.550275,-7.324256E-04,-7.858314E-04,.001
2.551276,-5.340613E-04,-4.806537E-04,-.001
2.552276,-3.662128E-04,-2.822895E-04,-.001
2.553277,-2.212534E-04,-2.059946E-04,-.001
2.554277,-1.297006E-04,-8.392381E-05,-.002
2.555278,-1.3733E-04,2.365122E-04,-.004
2.556278,-4.196186E-04,-3.814721E-05,-.002
2.557279,-2.13624E-04,-1.983652E-04,6.66667E-04
2.558279,-1.220712E-04,-2.059946E-04,-.001
2.55928,-1.297006E-04,-2.746601E-04,6.66667E-04
2.56028,3.12807E-04,-1.983652E-04,.001
2.561281,4.501361E-04,-4.501361E-04,-6.66667E-04
2.562281,4.730243E-04,-3.814716E-04,-6.66667E-04
2.563282,0,-1.449594E-04,6.66667E-04
2.564282,-3.814721E-05,1.602182E-04,-2.33333E-03
2.565283,-1.525888E-04,5.264319E-04,.001
2.566283,-1.449594E-04,4.043598E-04,-.001
2.567284,-2.594013E-04,6.866502E-05,6.66667E-04
2.568284,2.441425E-04,-3.814716E-04,6.66667E-04
2.569285,1.525888E-04,-1.144414E-04,-6.66667E-04
2.570285,6.866502E-05,1.525891E-05,-.001
2.571286,2.746601E-04,-1.06812E-04,-.001
2.572286,3.051781E-05,-2.822895E-04,-.001
2.573287,-8.392381E-05,-2.288828E-04,-.002
2.574287,-9.15532E-05,-1.06812E-04,-6.66667E-04
2.575288,1.220712E-04,-9.15532E-05,-.001
2.576288,6.866502E-05,-4.57766E-05,6.66667E-04
2.577289,1.449594E-04,0,6.66667E-04
2.578289,8.392381E-05,3.662128E-04,6.66667E-04
2.57929,6.866502E-05,4.501361E-04,.001
2.58029,-7.629441E-05,5.798377E-04,-6.66667E-04
2.581291,-2.288828E-04,4.196186E-04,-.001
2.582291,-1.983652E-04,-4.57766E-05,6.66667E-04
2.583292,-6.103562E-05,1.06812E-04,-.001
2.584292,-4.119892E-04,9.15532E-05,-6.66667E-04
2.585293,-5.416907E-04,1.602182E-04,-6.66667E-04
2.586293,-2.822895E-04,2.28883E-05,6.66667E-04
2.587294,-1.525888E-04,-1.602182E-04,-6.66667E-04
2.588294,-2.365122E-04,7.629453E-06,-6.66667E-04
2.589295,-2.670307E-04,-5.340599E-05,6.66667E-04
2.590295,-2.746601E-04,-6.103562E-05,.001
2.591296,-1.525891E-05,3.814721E-05,-.002
2.592296,1.144414E-04,-3.814721E-05,6.66667E-04
2.593297,3.204364E-04,1.525888E-04,6.66667E-04
2.594297,4.425067E-04,9.15532E-05,-.001
2.595298,4.730243E-04,2.288828E-04,-.001
2.596298,2.746601E-04,1.831064E-04,.001
2.597299,0,2.288828E-04,-.001
2.598299,4.57766E-05,2.594013E-04,-6.66667E-04
2.5993,6.866502E-05,3.204364E-04,-6.66667E-04
2.6003,4.57766E-05,3.204364E-04,-6.66667E-04
2.601301,-1.602182E-04,2.746601E-04,-.001
2.602301,-3.967304E-04,4.196186E-04,-.001
2.603302,-4.806537E-04,4.27248E-04,-6.66667E-04
2.604302,-6.179847E-04,4.730243E-04,-6.66667E-04
2.605303,-4.27248E-04,3.50954E-04,-.001
2.606303,-3.051776E-04,2.288828E-04,.001
2.607304,-7.934608E-04,1.831064E-04,6.66667E-04
2.608304,-5.493201E-04,2.059946E-04,.001
2.609305,-3.356952E-04,1.525888E-04,-6.66667E-04
2.610305,0,4.196186E-04,-.001
2.611306,2.975482E-04,4.806537E-04,-.002
2.612306,3.50954E-04,6.866502E-05,6.66667E-04
2.613307,6.103562E-05,-1.602182E-04,6.66667E-04
2.614307,-2.594013E-04,-5.340599E-05,.002
2.615308,-2.288828E-04,2.28883E-05,-6.66667E-04
2.616308,-4.577655E-04,-3.051781E-05,6.66667E-04
2.617309,-5.035438E-04,1.525888E-04,2.33333E-03
2.618309,-2.288828E-04,1.220712E-04,-6.66667E-04
2.61931,1.06812E-04,-3.051781E-05,-6.66667E-04
2.62031,-1.75477E-04,3.051781E-05,-.002
2.621311,-2.059946E-04,1.06812E-04,-.004
2.622311,1.144414E-04,-2.365122E-04,-.002
2.623312,1.678476E-04,-4.348774E-04,-6.66667E-04
2.624312,-6.866502E-05,-4.806537E-04,.002
2.625313,-1.983652E-04,-2.059946E-04,-6.66667E-04
2.626313,-4.348774E-04,-1.220712E-04,6.66667E-04
2.627314,-1.297006E-04,-1.06812E-04,-.002
2.628314,1.220712E-04,7.629441E-05,-2.33333E-03
2.629315,6.866502E-05,1.06812E-04,-6.66667E-04
2.630315,-2.28883E-05,1.220712E-04,6.66667E-04
2.631316,-1.144414E-04,1.602182E-04,-2.33333E-03
2.632316,-2.288828E-04,9.918259E-05,-6.66667E-04
2.633317,-1.06812E-04,-3.50954E-04,6.66667E-04
2.634317,1.297006E-04,-4.577655E-04,-2.33333E-03
2.635318,2.594013E-04,-2.822895E-04,6.66667E-04
2.636318,2.822895E-04,-1.983652E-04,-6.66667E-04
2.637319,1.602182E-04,-7.629441E-05,-.002
2.638319,-3.051781E-05,-2.28883E-05,-3.66667E-03
2.63932,-5.340599E-05,2.212534E-04,-6.66667E-04
2.64032,6.103562E-05,2.059946E-04,-.002
2.641321,6.103562E-05,-2.28883E-05,-.002
2.642321,1.602182E-04,2.594013E-04,-6.66667E-04
2.643322,6.866502E-05,1.3733E-04,-2.33333E-03
2.644322,8.392381E-05,2.822895E-04,-.002
2.645323,1.602182E-04,1.449594E-04,-.001
2.646323,4.57766E-05,2.212534E-04,.001
2.647324,6.103562E-05,2.212534E-04,.001
2.648324,2.288828E-04,-2.28883E-05,-.001
2.649325,1.220712E-04,3.051781E-05,-.001
2.650325,2.975482E-04,-7.629441E-05,6.66667E-04
2.651326,2.059946E-04,0,.002
2.652326,1.144414E-04,5.340599E-05,6.66667E-04
2.653327,-3.814716E-04,-2.13624E-04,-6.66667E-04
2.654327,-4.119892E-04,-9.918259E-05,-6.66667E-04
2.655328,-5.722083E-04,1.3733E-04,-6.66667E-04
2.656328,-5.035438E-04,0,-.002
2.657329,-6.408729E-04,1.75477E-04,-6.66667E-04
2.658329,-2.212534E-04,3.12807E-04,-.001
2.65933,-2.822895E-04,-6.103562E-05,6.66667E-04
2.66033,-4.57766E-05,-8.392381E-05,6.66667E-04
2.661331,-2.670307E-04,-4.196186E-04,6.66667E-04
2.662331,-1.220712E-04,-3.814716E-04,2.33333E-03
2.663332,-7.629453E-06,-4.730243E-04,.001
2.664332,-2.288828E-04,-3.204364E-04,-.004
2.665333,-4.653949E-04,3.814721E-05,.001
2.666333,-4.501361E-04,4.653949E-04,-2.33333E-03
2.667334,-3.280658E-04,4.196186E-04,-.001
2.668334,-7.629441E-05,4.730243E-04,6.66667E-04
2.669335,-4.425067E-04,5.264319E-04,-6.66667E-04
2.670335,-7.934608E-04,6.103562E-05,-.001
2.671336,-1.113899E-03,9.15532E-05,-6.66667E-04
2.672336,-1.655586E-03,1.525888E-04,2.33333E-03
2.673337,-1.808174E-03,2.212534E-04,6.66667E-04
2.674337,-1.884468E-03,-1.525891E-05,-.001
2.675338,-2.296463E-03,7.629441E-05,-.002
2.676338,-2.685562E-03,3.814721E-05,.001
2.677339,-3.08229E-03,4.57766E-05,.001
2.678339,-3.280655E-03,-1.678476E-04,.001
2.67934,-3.356948E-03,7.629453E-06,-.002
2.68034,-3.326431E-03,9.918259E-05,.001
2.681341,-3.21199E-03,-2.212534E-04,-2.33333E-03
2.682341,-2.861038E-03,-2.975482E-04,-6.66667E-04
2.683342,-2.487198E-03,-2.670307E-04,.001
2.684342,-1.960769E-03,-2.28883E-05,-.001
2.685343,-1.899727E-03,5.264319E-04,-.001
2.686343,-1.754768E-03,6.256141E-04,-.002
2.687344,-1.495369E-03,1.907358E-04,-6.66667E-04
2.688344,-1.342781E-03,6.866502E-05,-3.66667E-03
2.689345,-1.289375E-03,1.3733E-04,-.001
2.690345,-1.007088E-03,9.15532E-05,-.001
2.691346,-7.171668E-04,-2.670307E-04,6.66667E-04
2.692346,-4.806537E-04,-2.365122E-04,-.001
2.693347,-4.119892E-04,-7.629453E-06,-3.66667E-03
2.694347,-2.746601E-04,-1.3733E-04,6.66667E-04
2.695348,-2.746601E-04,-2.13624E-04,-.002
2.696348,-1.06812E-04,3.814721E-05,.001
2.697349,-5.340599E-05,-7.629441E-05,-.002
2.698349,1.602182E-04,-3.280658E-04,-6.66667E-04
2.69935,1.831064E-04,-2.13624E-04,-6.66667E-04
2.70035,2.441425E-04,-7.629441E-05,-.001
2.701351,9.15532E-05,4.57766E-05,-.001
2.702351,4.57766E-05,5.264319E-04,-6.66667E-04
2.703352,2.13624E-04,8.621253E-04,6.66667E-04
2.704352,1.144414E-04,6.713904E-04,-6.66667E-04
2.705353,3.433246E-04,2.441425E-04,6.66667E-04
2.706353,3.12807E-04,2.822895E-04,6.66667E-04
2.707354,3.738422E-04,1.525888E-04,-.002
2.708354,8.392381E-05,7.629453E-06,-2.33333E-03
2.709355,4.57766E-05,8.392381E-05,-6.66667E-04
2.710355,-9.918259E-05,-3.814721E-05,6.66667E-04
2.711356,-1.525891E-05,-2.288828E-04,-3.66667E-03
2.712356,0,-5.340599E-05,-3.66667E-03
2.713357,-2.517719E-04,-2.13624E-04,-.001
2.714357,-4.730243E-04,-3.662128E-04,-.002
2.715358,-6.027259E-04,-4.196186E-04,6.66667E-04
2.716358,-1.449594E-04,-2.212534E-04,.001
2.717359,-1.525891E-05,-2.28883E-05,.002
2.718359,-2.441425E-04,1.831064E-04,2.33333E-03
2.71936,-1.831064E-04,2.059946E-04,2.33333E-03
2.72036,0,2.28883E-05,-.002
2.721361,-2.28883E-05,2.822895E-04,-.001
2.722361,-4.119892E-04,2.899189E-04,6.66667E-04
2.723362,-1.831064E-04,2.288828E-04,-.001
2.724362,2.059946E-04,1.525888E-04,-.002
2.725363,3.12807E-04,1.983652E-04,-.001
2.726363,2.746601E-04,-8.392381E-05,-.002
2.727364,2.975482E-04,9.918259E-05,-6.66667E-04
2.728364,1.06812E-04,2.365122E-04,-6.66667E-04
2.729365,-3.585834E-04,-7.629453E-06,-.002
2.730365,1.602182E-04,-5.340599E-05,.001
2.731366,2.365122E-04,-1.602182E-04,-.002
2.732366,-1.983652E-04,-2.28883E-05,-6.66667E-04
2.733367,-4.577655E-04,-2.13624E-04,-6.66667E-04
2.734367,-1.525888E-04,3.814721E-05,-.001
2.735368,4.57766E-05,1.449594E-04,-.001
2.736368,7.629453E-06,5.340599E-05,-6.66667E-04
2.737369,6.103562E-05,1.297006E-04,-.001
2.738369,4.27248E-04,2.594013E-04,-6.66667E-04
2.73937,2.746601E-04,-2.059946E-04,-6.66667E-04
2.74037,1.525888E-04,-5.264319E-04,-6.66667E-04
2.741371,3.433246E-04,-4.501361E-04,-6.66667E-04
2.742371,5.950965E-04,-4.425067E-04,-.002
2.743372,4.88285E-04,-1.220712E-04,-.001
2.744372,7.629453E-06,-1.602182E-04,6.66667E-04
2.745373,-9.918259E-05,-5.340599E-05,-3.66667E-03
2.746373,-2.670307E-04,-6.866502E-05,-2.33333E-03
2.747374,-3.12807E-04,3.814721E-05,.001
2.748374,-2.899189E-04,2.212534E-04,-6.66667E-04
2.749375,-2.822895E-04,1.525888E-04,-.001
2.750375,-5.874671E-04,1.907358E-04,-6.66667E-04
2.751376,-3.738422E-04,2.670307E-04,-3.66667E-03
2.752376,-3.280658E-04,3.12807E-04,-.001
2.753377,-1.907358E-04,3.051776E-04,6.66667E-04
2.754377,-9.15532E-05,2.441425E-04,-.001
2.755378,-4.959144E-04,1.678476E-04,-6.66667E-04
2.756378,-3.12807E-04,-5.340599E-05,6.66667E-04
2.757379,-2.517719E-04,-1.06812E-04,-.001
2.758379,-1.525891E-05,-1.602182E-04,-6.66667E-04
2.75938,3.356952E-04,-1.602182E-04,-6.66667E-04
2.76038,-6.103562E-05,-2.822895E-04,-6.66667E-04
2.761381,-1.525888E-04,0,-.002
2.762381,-2.670307E-04,1.75477E-04,-.001
2.763382,-2.13624E-04,2.975482E-04,-6.66667E-04
2.764382,-3.814721E-05,3.433246E-04,-.001
2.765383,-1.3733E-04,-7.629453E-06,-6.66667E-04
2.766383,-1.678476E-04,1.678476E-04,-2.33333E-03
2.767384,1.06812E-04,2.288828E-04,-3.66667E-03
2.768384,3.051776E-04,4.501361E-04,.001
2.769385,1.678476E-04,3.051776E-04,6.66667E-04
2.770385,0,2.288828E-04,.001
2.771386,9.15532E-05,4.196186E-04,-.001
2.772386,8.392381E-05,3.051776E-04,-2.33333E-03
2.773387,8.392381E-05,4.57766E-05,-.001
2.774387,1.449594E-04,-7.629441E-05,-.001
2.775388,1.3733E-04,7.629441E-05,-.002
2.776388,1.449594E-04,1.297006E-04,-.002
2.777389,0,-1.449594E-04,-2.33333E-03
2.778389,7.629453E-06,-2.13624E-04,-.002
2.77939,-2.13624E-04,-1.144414E-04,-6.66667E-04
2.78039,1.831064E-04,4.57766E-05,-6.66667E-04
2.781391,3.051776E-04,-9.15532E-05,6.66667E-04
2.782391,3.204364E-04,-2.059946E-04,6.66667E-04
2.783392,1.678476E-04,-1.602182E-04,-.001
2.784392,1.220712E-04,3.662128E-04,6.66667E-04
2.785393,-8.392381E-05,3.433246E-04,6.66667E-04
2.786393,3.814721E-05,1.678476E-04,-.002
2.787394,6.866502E-05,2.28883E-05,-.001
2.788394,-1.525891E-05,8.392381E-05,-.002
2.789395,-1.144414E-04,-2.517719E-04,-.001
2.790395,-1.297006E-04,-2.899189E-04,-.002
2.791396,-9.15532E-05,2.28883E-05,.001
2.792396,-3.051781E-05,4.959144E-04,-6.66667E-04
2.793397,6.103562E-05,3.356952E-04,6.66667E-04
2.794397,1.525888E-04,1.983652E-04,-6.66667E-04
2.795398,1.06812E-04,-1.06812E-04,.001
2.796398,-3.051781E-05,-9.15532E-05,-.001
2.797399,-1.983652E-04,-3.051781E-05,-.001
2.798399,3.814721E-05,-5.340599E-05,-6.66667E-04
2.7994,2.594013E-04,-4.653949E-04,.002
2.8004,6.103562E-05,-6.866492E-04,.001
2.801401,1.983652E-04,-2.975482E-04,-.001
2.802401,2.365122E-04,-2.28883E-05,-3.66667E-03
2.803402,-7.629441E-05,6.866502E-05,.002
2.804402,-8.392381E-05,5.340599E-05,-.001
2.805403,-2.517719E-04,-6.866502E-05,-.001
2.806403,-1.297006E-04,-2.670307E-04,-.001
2.807404,-1.525891E-05,-4.88285E-04,6.66667E-04
2.808404,-1.449594E-04,-4.27248E-04,.001
2.809405,1.75477E-04,-7.553138E-04,.001
2.810405,2.059946E-04,-5.188026E-04,-.001
2.811406,1.06812E-04,-3.967304E-04,-6.66667E-04
2.812406,-2.28883E-05,-1.602182E-04,-3.66667E-03
2.813407,-1.525888E-04,3.814716E-04,-6.66667E-04
2.814407,-3.051781E-05,3.738422E-04,.001
2.815408,1.525891E-05,1.297006E-04,-.001
2.816408,-7.629453E-06,-1.525888E-04,-6.66667E-04
2.817409,-1.602182E-04,-3.814716E-04,6.66667E-04
2.818409,-5.340599E-05,-2.441425E-04,-6.66667E-04
2.81941,3.051776E-04,0,-.001
2.82041,1.449594E-04,-7.629441E-05,6.66667E-04
2.821411,-9.15532E-05,-2.059946E-04,-.001
2.822411,7.629441E-05,1.144414E-04,-.001
2.823412,-2.365122E-04,6.103562E-05,.001
2.824412,-2.670307E-04,-4.57766E-05,-6.66667E-04
2.825413,-3.50954E-04,-5.340599E-05,-.001
2.826413,-1.75477E-04,2.059946E-04,-.001
2.827414,-4.57766E-05,2.822895E-04,-.001
2.828414,-9.918259E-05,2.899189E-04,-6.66667E-04
2.829415,-3.356952E-04,3.051776E-04,6.66667E-04
2.830415,-3.280658E-04,1.983652E-04,6.66667E-04
2.831416,-2.822895E-04,6.256141E-04,.002
2.832416,9.15532E-05,5.645789E-04,6.66667E-04
2.833417,2.059946E-04,2.441425E-04,-.001
2.834417,2.594013E-04,1.220712E-04,-6.66667E-04
2.835418,2.975482E-04,-1.831064E-04,.001
2.836418,1.831064E-04,-9.15532E-05,6.66667E-04
2.837419,-3.12807E-04,-2.670307E-04,6.66667E-04
2.838419,-3.280658E-04,-2.670307E-04,6.66667E-04
2.83942,-4.196186E-04,-7.629441E-05,-.001
2.84042,-5.111732E-04,7.629441E-05,.001
2.841421,-3.738422E-04,-1.983652E-04,-6.66667E-04
2.842421,-2.441425E-04,-3.662128E-04,-.002
2.843422,-3.738422E-04,-5.264319E-04,-.001
2.844422,-4.425067E-04,-3.12807E-04,-6.66667E-04
2.845423,-1.602182E-04,-8.392381E-05,-6.66667E-04
2.846423,-1.525891E-05,-1.06812E-04,-.001
2.847424,-8.392381E-05,-1.06812E-04,.001
2.848424,-2.059946E-04,1.602182E-04,-.002
2.849425,-3.356952E-04,4.57766E-05,-.002
2.850425,-3.356952E-04,-1.525891E-05,-2.33333E-03
2.851426,-3.356952E-04,-5.340599E-05,-.002
2.852426,-3.738422E-04,1.144414E-04,-6.66667E-04
2.853427,0,1.297006E-04,-.001
2.854427,1.525888E-04,2.13624E-04,-.004
2.855428,2.28883E-05,3.356952E-04,-.001
2.856428,-1.602182E-04,2.975482E-04,-.002
2.857429,-1.75477E-04,-1.602182E-04,-6.66667E-04
2.858429,-3.814716E-04,-6.866492E-04,6.66667E-04
2.85943,-3.814716E-04,-5.645789E-04,-6.66667E-04
2.86043,-1.220712E-04,-2.975482E-04,-.002
2.861431,7.629453E-06,-4.57766E-05,6.66667E-04
2.862431,-5.340599E-05,-6.866502E-05,.001
2.863432,1.75477E-04,-3.051781E-05,-.001
2.864432,1.983652E-04,9.918259E-05,-6.66667E-04
2.865433,2.212534E-04,1.297006E-04,-6.66667E-04
2.866433,0,1.449594E-04,-6.66667E-04
2.867434,-4.501361E-04,-1.678476E-04,-6.66667E-04
2.868434,-5.188026E-04,-9.15532E-05,-.001
2.869435,-3.051776E-04,-7.629453E-06,-.002
2.870435,-1.983652E-04,8.392381E-05,-2.33333E-03
2.871436,-1.297006E-04,1.06812E-04,6.66667E-04
2.872436,1.220712E-04,-1.678476E-04,-.002
2.873437,-5.340599E-05,-3.662128E-04,-.002
2.874437,-7.629441E-05,-3.204364E-04,6.66667E-04
2.875438,-2.441425E-04,-1.678476E-04,-.001
2.876438,-1.907358E-04,1.297006E-04,-.001
2.877439,-4.501361E-04,2.059946E-04,-.001
2.878439,-6.027259E-04,2.288828E-04,-.001
2.87944,-6.713904E-04,4.119892E-04,-.002
2.88044,-7.78202E-04,1.602182E-04,.001
2.881441,-7.171668E-04,2.212534E-04,-.001
2.882441,-5.416907E-04,1.907358E-04,-.002
2.883442,-7.78202E-04,-2.594013E-04,-.001
2.884442,-9.7657E-04,1.525891E-05,.001
2.885443,-9.079017E-04,-3.051781E-05,6.66667E-04
2.886443,-1.167305E-03,-7.629441E-05,-6.66667E-04
2.887444,-1.922615E-03,-1.3733E-04,-.001
2.888444,-2.296463E-03,-3.051781E-05,-6.66667E-04
2.889445,-2.647415E-03,1.525891E-05,-6.66667E-04
2.890445,-2.83815E-03,1.449594E-04,-2.33333E-03
2.891446,-2.922073E-03,2.28883E-05,6.66667E-04
2.892446,-3.005996E-03,9.918259E-05,.001
2.893447,-2.975479E-03,3.967304E-04,2.33333E-03
2.894447,-2.738968E-03,5.111732E-04,-.002
2.895448,-2.883926E-03,4.730243E-04,-.001
2.896448,-2.571121E-03,5.798377E-04,-6.66667E-04
2.897449,-2.037063E-03,2.594013E-04,-3.66667E-03
2.898449,-1.487739E-03,-5.340599E-05,-6.66667E-04
2.89945,-1.48011E-03,-2.059946E-04,-2.33333E-03
2.90045,-1.258858E-03,1.449594E-04,-.001
2.901451,-9.231605E-04,4.196186E-04,.001
2.902451,-7.40055E-04,3.204364E-04,.001
2.903452,-4.501361E-04,-1.06812E-04,6.66667E-04
2.904452,-3.738422E-04,-2.670307E-04,-6.66667E-04
2.905453,-5.493201E-04,-2.059946E-04,.001
2.906453,-5.035438E-04,-3.662128E-04,-.002
2.907454,-2.059946E-04,-3.051776E-04,.001
2.908454,-2.822895E-04,-1.525891E-05,-6.66667E-04
2.909455,-4.196186E-04,-1.525891E-05,.001
2.910455,-4.57766E-05,9.918259E-05,.001
2.911456,-1.3733E-04,-7.629453E-06,.001
2.912456,-1.144414E-04,8.392381E-05,.001
2.913457,-5.340599E-05,-1.3733E-04,-.002
2.914457,1.525888E-04,-2.670307E-04,-.002
2.915458,-1.06812E-04,-1.602182E-04,-.002
2.916458,-2.13624E-04,1.678476E-04,.001
2.917459,3.433246E-04,-1.525891E-05,.001
2.918459,2.059946E-04,6.866502E-05,-6.66667E-04
2.91946,2.670307E-04,-4.57766E-05,-6.66667E-04
2.92046,3.50954E-04,-1.06812E-04,-.002
2.921461,1.75477E-04,4.730243E-04,.001
2.922461,1.144414E-04,3.814716E-04,-6.66667E-04
2.923462,3.814721E-05,2.13624E-04,.001
2.924462,3.433246E-04,-3.051781E-05,-6.66667E-04
2.925463,4.730243E-04,2.365122E-04,-6.66667E-04
2.926463,4.653949E-04,2.746601E-04,.002
2.927464,2.212534E-04,-2.28883E-05,-.002
2.928464,1.907358E-04,2.28883E-05,-.002
2.929465,-4.57766E-05,3.89101E-04,.001
2.930465,3.814721E-05,3.204364E-04,.001
2.931466,2.28883E-05,7.629441E-05,-.001
2.932466,-8.392381E-05,3.051781E-05,-.001
2.933467,-2.670307E-04,-4.57766E-05,.001
2.934467,9.918259E-05,-1.983652E-04,-.001
2.935468,1.297006E-04,-2.059946E-04,.001
2.936468,-1.525891E-05,-7.629453E-06,-6.66667E-04
2.937469,-1.983652E-04,4.653949E-04,-.001
2.938469,-1.678476E-04,6.63761E-04,-.002
2.93947,9.918259E-05,6.485023E-04,-.002
2.94047,4.577655E-04,5.111732E-04,-6.66667E-04
2.941471,4.27248E-04,2.441425E-04,-.001
2.942471,1.602182E-04,-6.866502E-05,.002
2.943472,1.907358E-04,-1.678476E-04,-.002
2.944472,3.280658E-04,-5.264319E-04,-.001
2.945473,1.525891E-05,-5.950965E-04,6.66667E-04
2.946473,2.28883E-05,-4.196186E-04,.001
2.947474,4.119892E-04,-6.866492E-04,-.001
2.948474,2.670307E-04,-3.662128E-04,6.66667E-04
2.949475,-7.629441E-05,0,-6.66667E-04
2.950475,2.059946E-04,2.822895E-04,-.001
2.951476,3.89101E-04,2.670307E-04,2.33333E-03
2.952476,1.983652E-04,-1.144414E-04,.001
2.953477,-5.722083E-04,-3.051776E-04,-.002
2.954477,-4.88285E-04,5.340599E-05,.001
2.955478,-2.746601E-04,1.449594E-04,-6.66667E-04
2.956478,-7.629453E-06,4.57766E-05,.001
2.957479,2.746601E-04,1.983652E-04,-6.66667E-04
2.958479,3.50954E-04,9.15532E-05,.002
2.95948,6.866502E-05,2.288828E-04,-6.66667E-04
2.96048,-9.15532E-05,-7.629441E-05,-.001
2.961481,4.57766E-05,-8.392381E-05,.001
2.962481,1.983652E-04,1.3733E-04,.001
2.963482,4.196186E-04,1.3733E-04,6.66667E-04
2.964482,3.738422E-04,1.678476E-04,6.66667E-04
2.965483,6.027259E-04,-1.3733E-04,.001
2.966483,5.416907E-04,-2.670307E-04,-6.66667E-04
2.967484,1.602182E-04,-7.629441E-05,-6.66667E-04
2.968484,2.975482E-04,2.13624E-04,6.66667E-04
2.969485,2.059946E-04,2.059946E-04,-.001
2.970485,3.585834E-04,3.280658E-04,-.002
2.971486,3.662128E-04,2.975482E-04,6.66667E-04
2.972486,3.280658E-04,-2.517719E-04,.002
2.973487,2.975482E-04,-4.959144E-04,-2.33333E-03
2.974487,6.866502E-05,-3.662128E-04,.001
2.975488,-3.814721E-05,-2.746601E-04,-.002
2.976488,-1.602182E-04,-9.918259E-05,-.001
2.977489,-3.051781E-05,4.57766E-05,.002
2.978489,9.918259E-05,0,6.66667E-04
2.97949,5.340599E-05,1.831064E-04,-6.66667E-04
2.98049,1.144414E-04,2.670307E-04,-.002
2.981491,2.441425E-04,7.629453E-06,.002
2.982491,3.051781E-05,-2.746601E-04,-.004
2.983492,2.13624E-04,-3.051776E-04,-.001
2.984492,-6.866502E-05,-3.585834E-04,-.001
2.985493,-2.28883E-05,-6.942786E-04,6.66667E-04
2.986493,-5.340599E-05,-5.493201E-04,-.002
2.987494,-9.15532E-05,-4.577655E-04,-.001
2.988494,-2.975482E-04,-2.746601E-04,-.001
2.989495,-4.119892E-04,-2.441425E-04,-3.66667E-03
2.990495,-2.13624E-04,3.814721E-05,6.66667E-04
2.991496,2.594013E-04,2.13624E-04,-.001
2.992496,6.561317E-04,1.831064E-04,-.001
2.993497,3.738422E-04,2.13624E-04,-6.66667E-04
2.994497,4.57766E-05,4.196186E-04,-2.33333E-03
2.995498,2.517719E-04,1.907358E-04,-.001
2.996498,5.264319E-04,5.340599E-05,-.002
2.997499,5.111732E-04,-4.57766E-05,-.001
2.998499,3.12807E-04,8.392381E-05,6.66667E-04
2.9995,1.144414E-04,1.525888E-04,6.66667E-04
3.0005,1.525888E-04,2.059946E-04,-.001
3.001501,-4.425067E-04,1.449594E-04,6.66667E-04
3.002501,-4.425067E-04,-1.525888E-04,-6.66667E-04
3.003502,7.629453E-06,-3.738422E-04,6.66667E-04
3.004502,-1.602182E-04,-1.602182E-04,-.001
3.005503,1.525891E-05,3.051781E-05,6.66667E-04
3.006503,-2.822895E-04,-3.814721E-05,-6.66667E-04
3.007504,-4.653949E-04,5.340599E-05,-.001
3.008504,-3.814716E-04,1.602182E-04,-6.66667E-04
3.009505,-1.678476E-04,2.13624E-04,-.002
3.010505,-1.75477E-04,-3.814721E-05,-.002
3.011506,-4.577655E-04,3.051781E-05,-.001
3.012506,-6.866492E-04,2.517719E-04,-.001
3.013507,-3.204364E-04,3.967304E-04,-.002
3.014507,1.678476E-04,3.12807E-04,-6.66667E-04
3.015508,2.746601E-04,2.28883E-05,-.002
3.016508,1.297006E-04,1.144414E-04,-6.66667E-04
3.017509,-1.907358E-04,-7.629453E-06,6.66667E-04
3.018509,-3.280658E-04,-8.392381E-05,-.001
3.01951,-2.594013E-04,-1.06812E-04,-2.33333E-03
3.02051,-5.950965E-04,1.525891E-05,6.66667E-04
3.021511,-6.408729E-04,-1.06812E-04,-.001
3.022511,-3.433246E-04,0,-.002
3.023512,-3.433246E-04,-1.602182E-04,-.002
3.024512,-3.89101E-04,1.602182E-04,-6.66667E-04
3.025513,-2.059946E-04,9.918259E-05,-.002
3.026513,-1.525888E-04,3.814716E-04,-6.66667E-04
3.027514,-2.822895E-04,3.356952E-04,-.002
3.028514,-1.983652E-04,2.365122E-04,-.001
3.029515,-1.3733E-04,-2.13624E-04,-.002
3.030515,5.340599E-05,-3.738422E-04,-.002
3.031516,-9.15532E-05,-2.212534E-04,-.001
3.032516,-1.449594E-04,-8.392381E-05,-.002
3.033517,-2.13624E-04,-1.525888E-04,-6.66667E-04
3.034517,-1.678476E-04,1.449594E-04,6.66667E-04
3.035518,-2.899189E-04,1.525888E-04,-6.66667E-04
3.036518,-1.3733E-04,-1.831064E-04,-.001
3.037519,1.220712E-04,2.28883E-05,6.66667E-04
3.038519,7.629441E-05,-8.392381E-05,.001
3.03952,8.392381E-05,3.051781E-05,-.002
3.04052,-7.629453E-06,4.57766E-05,-.001
3.041521,3.280658E-04,1.144414E-04,-6.66667E-04
3.042521,3.204364E-04,1.525891E-05,.001
3.043522,4.119892E-04,4.57766E-05,.001
3.044522,1.678476E-04,1.525888E-04,-.002
3.045523,-2.441425E-04,2.13624E-04,-.002
3.046523,-3.738422E-04,-7.629441E-05,-.001
3.047524,-1.907358E-04,-2.441425E-04,-6.66667E-04
3.048524,-4.57766E-05,1.3733E-04,-.002
3.049525,-1.525888E-04,5.111732E-04,-6.66667E-04
3.050525,1.75477E-04,3.433246E-04,-2.33333E-03
3.051526,5.111732E-04,3.051776E-04,.002
3.052526,3.738422E-04,3.89101E-04,-.002
3.053527,1.907358E-04,2.746601E-04,-.002
3.054527,-1.220712E-04,5.340599E-05,-6.66667E-04
3.055528,1.144414E-04,-4.27248E-04,6.66667E-04
3.056528,-1.449594E-04,-5.035438E-04,.001
3.057529,-1.297006E-04,-3.738422E-04,.001
3.058529,-1.144414E-04,-4.959144E-04,-.002
3.05953,-2.13624E-04,-1.297006E-04,-6.66667E-04
3.06053,-1.06812E-04,-1.907358E-04,-.001
3.061531,-2.899189E-04,-3.12807E-04,6.66667E-04
3.062531,-2.975482E-04,-1.75477E-04,6.66667E-04
3.063532,-1.144414E-04,-4.57766E-05,-.001
3.064532,1.06812E-04,-2.746601E-04,-.002
3.065533,1.983652E-04,-2.059946E-04,-6.66667E-04
3.066533,-1.525891E-05,-3.051781E-05,.001
3.067534,-2.441425E-04,-2.059946E-04,-.002
3.068534,-1.449594E-04,-1.678476E-04,-.001
3.069535,-2.13624E-04,-9.918259E-05,-.001
3.070535,-3.738422E-04,0,-.001
3.071536,-5.340613E-04,1.144414E-04,-.001
3.072536,-6.485023E-04,3.662128E-04,-.001
3.073537,-6.408729E-04,7.553138E-04,-2.33333E-03
3.074537,-7.40055E-04,4.501361E-04,6.66667E-04
3.075538,-8.239783E-04,3.662128E-04,-.002
3.076538,-1.121528E-03,-6.103562E-05,-6.66667E-04
3.077539,-1.220711E-03,-7.629441E-05,-.002
3.078539,-1.907356E-03,-2.517719E-04,-.002
3.07954,-2.433792E-03,-3.738422E-04,-.001
3.08054,-3.120437E-03,-2.746601E-04,.001
3.081541,-3.784195E-03,-1.983652E-04,-6.66667E-04
3.082541,-4.623443E-03,-8.392381E-05,6.66667E-04
3.083542,-5.760223E-03,-4.27248E-04,-6.66667E-04
3.084542,-6.919891E-03,-4.348774E-04,-.001
3.085543,-8.514464E-03,-5.111732E-04,-6.66667E-04
3.086543,-1.004034E-02,-9.841993E-04,-6.66667E-04
3.087544,-1.171881E-02,-9.384193E-04,.001
3.088544,-.0133515,-9.994581E-04,-6.66667E-04
3.089545,-.014,-1.091011E-03,-.001
3.090545,-1.391608E-02,-1.510628E-03,-.001
3.091546,-1.271063E-02,-1.586922E-03,-.001
3.092546,-1.108557E-02,-1.678474E-03,-.001
3.093547,-9.407103E-03,-1.274116E-03,-.001
3.094547,-7.843077E-03,-7.476844E-04,.001
3.095548,-6.523162E-03,-3.585834E-04,-.001
3.096548,-5.134612E-03,-2.13624E-04,-.002
3.097549,-4.097015E-03,-3.204364E-04,-6.66667E-04
3.098549,-3.204361E-03,-2.822895E-04,-6.66667E-04
3.09955,-2.45668E-03,-2.441425E-04,-.002
3.10055,-1.922615E-03,-2.517719E-04,-6.66667E-04
3.101551,-1.525886E-03,-1.06812E-04,.001
3.102551,-1.251228E-03,2.365122E-04,-6.66667E-04
3.103552,-1.205452E-03,1.220712E-04,-6.66667E-04
3.104552,-6.790198E-04,1.602182E-04,-.002
3.105553,-5.264319E-04,-1.75477E-04,.001
3.106553,-4.27248E-04,-1.831064E-04,-6.66667E-04
3.107554,-1.06812E-04,1.220712E-04,.001
3.108554,2.899189E-04,2.594013E-04,-.001
3.109555,-5.340599E-05,3.89101E-04,-.002
3.110555,-1.75477E-04,4.577655E-04,-.001
3.111556,-5.874671E-04,4.196186E-04,-.001
3.112556,-7.01908E-04,4.119892E-04,-6.66667E-04
3.113557,-3.738422E-04,5.569495E-04,-.002
3.114557,-3.814721E-05,5.645789E-04,6.66667E-04
3.115558,-6.103562E-05,3.738422E-04,6.66667E-04
3.116558,6.866502E-05,7.629441E-05,.002
3.117559,2.288828E-04,5.264319E-04,-6.66667E-04
3.118559,1.525891E-05,6.179847E-04,-6.66667E-04
3.11956,1.220712E-04,4.119892E-04,-6.66667E-04
3.12056,-1.220712E-04,3.662128E-04,.001
3.121561,-2.365122E-04,1.449594E-04,-.001
3.122561,2.13624E-04,-1.525891E-05,-6.66667E-04
3.123562,3.662128E-04,-3.280658E-04,6.66667E-04
3.124562,3.204364E-04,-5.340599E-05,6.66667E-04
3.125563,6.103562E-05,7.629453E-06,-.001
3.126563,-2.28883E-05,-1.3733E-04,6.66667E-04
3.127564,2.822895E-04,-2.441425E-04,-.001
3.128564,6.103562E-05,-2.899189E-04,-.001
3.129565,4.57766E-05,-1.3733E-04,.001
3.130565,-1.525891E-05,-5.188026E-04,-6.66667E-04
3.131566,-3.280658E-04,-7.40055E-04,-6.66667E-04
3.132566,-1.602182E-04,-6.408729E-04,.001
3.133567,4.119892E-04,-3.50954E-04,-.001
3.134567,3.204364E-04,-3.738422E-04,6.66667E-04
3.135568,2.212534E-04,-2.212534E-04,.001
3.136568,-2.288828E-04,-7.629441E-05,-6.66667E-04
3.137569,-2.670307E-04,-1.907358E-04,-.001
3.138569,-1.449594E-04,-2.670307E-04,6.66667E-04
3.13957,-1.3733E-04,-4.27248E-04,-.002
3.14057,1.831064E-04,-6.256141E-04,-6.66667E-04
3.141571,4.57766E-05,-4.501361E-04,-6.66667E-04
3.142571,-2.28883E-05,-4.043598E-04,.001
3.143572,1.525888E-04,-5.340599E-05,6.66667E-04
3.144572,9.15532E-05,7.629453E-06,6.66667E-04
3.145573,-4.730243E-04,9.15532E-05,-.001
3.146573,-5.340613E-04,-2.594013E-04,-6.66667E-04
3.147574,-2.899189E-04,-4.196186E-04,-6.66667E-04
3.148574,-8.392381E-05,-1.983652E-04,.002
3.149575,1.3733E-04,2.059946E-04,.001
3.150575,4.196186E-04,3.051776E-04,-.002
3.151576,1.297006E-04,1.678476E-04,-.002
3.152576,-3.12807E-04,-7.629453E-06,-.001
3.153577,-2.288828E-04,1.75477E-04,.001
3.154577,-2.670307E-04,3.814716E-04,-3.66667E-03
3.155578,-1.220712E-04,2.517719E-04,-.002
3.156578,-1.75477E-04,-7.629441E-05,-2.33333E-03
3.157579,3.814721E-05,-1.525891E-05,.001
3.158579,2.975482E-04,3.814721E-05,-6.66667E-04
3.15958,5.950965E-04,3.585834E-04,-.001
3.16058,1.449594E-04,4.730243E-04,-.001
3.161581,1.75477E-04,3.662128E-04,-6.66667E-04
3.162581,-7.629453E-06,2.594013E-04,-.001
3.163582,-1.831064E-04,7.629453E-06,.001
3.164582,1.06812E-04,-4.119892E-04,-6.66667E-04
3.165583,3.814716E-04,-5.264319E-04,.001
3.166583,3.585834E-04,-2.899189E-04,.002
3.167584,2.670307E-04,-6.103562E-05,-.001
3.168584,3.204364E-04,-7.629441E-05,-6.66667E-04
3.169585,1.144414E-04,-1.525891E-05,-.002
3.170585,9.15532E-05,3.814721E-05,6.66667E-04
3.171586,2.594013E-04,3.12807E-04,-6.66667E-04
3.172586,1.06812E-04,1.907358E-04,-6.66667E-04
3.173587,-2.670307E-04,1.449594E-04,.001
3.174587,-4.27248E-04,3.12807E-04,-.002
3.175588,-5.722083E-04,2.365122E-04,.001
3.176588,-5.111732E-04,-6.866502E-05,-.002
3.177589,-3.814716E-04,-4.806537E-04,-.002
3.178589,-4.57766E-05,-1.525888E-04,-6.66667E-04
3.17959,0,1.602182E-04,-6.66667E-04
3.18059,-9.15532E-05,6.103562E-05,.002
3.181591,-3.585834E-04,-1.144414E-04,-2.33333E-03
3.182591,-2.365122E-04,4.57766E-05,6.66667E-04
3.183592,-3.89101E-04,1.678476E-04,-.001
3.184592,-4.653949E-04,8.392381E-05,-2.33333E-03
3.185593,-3.738422E-04,2.746601E-04,6.66667E-04
3.186593,-2.13624E-04,2.822895E-04,-.001
3.187594,-2.746601E-04,4.806537E-04,2.33333E-03
3.188594,-6.103562E-05,4.57766E-05,-.001
3.189595,-5.340599E-05,-2.365122E-04,-.002
3.190595,3.051781E-05,-1.678476E-04,.001
3.191596,1.297006E-04,-1.525891E-05,-6.66667E-04
3.192596,-7.629453E-06,-2.594013E-04,-.001
3.193597,9.918259E-05,-2.975482E-04,-.002
3.194597,-9.15532E-05,-4.88285E-04,-6.66667E-04
3.195598,1.449594E-04,-3.051776E-04,-6.66667E-04
3.196598,4.501361E-04,-2.975482E-04,-6.66667E-04
3.197599,3.585834E-04,-3.280658E-04,-.001
3.198599,7.858314E-04,-1.06812E-04,.001
3.1996,8.010902E-04,-1.06812E-04,-6.66667E-04
3.2006,9.384193E-04,-3.89101E-04,.001
3.201601,5.111732E-04,-6.027259E-04,-6.66667E-04
3.202601,3.280658E-04,-1.678476E-04,-.002
3.203602,1.983652E-04,-9.918259E-05,-.002
3.204602,2.212534E-04,-2.13624E-04,-3.66667E-03
3.205603,3.356952E-04,6.103562E-05,-.002
3.206603,3.051776E-04,-1.678476E-04,-.002
3.207604,-7.629453E-06,-3.433246E-04,-.001
3.208604,-2.517719E-04,1.602182E-04,-6.66667E-04
3.209605,-1.525891E-05,2.517719E-04,-.001
3.210605,-3.814721E-05,9.918259E-05,-.001
3.211606,-7.629453E-06,2.059946E-04,-6.66667E-04
3.212606,2.288828E-04,-2.365122E-04,6.66667E-04
3.213607,-1.144414E-04,-3.89101E-04,.001
3.214607,-2.212534E-04,-1.220712E-04,.001
3.215608,1.3733E-04,1.525888E-04,-6.66667E-04
3.216608,1.907358E-04,-7.629441E-05,-6.66667E-04
3.217609,-2.13624E-04,9.918259E-05,6.66667E-04
3.218609,-1.06812E-04,1.297006E-04,6.66667E-04
3.21961,3.204364E-04,-2.899189E-04,-.002
3.22061,3.051776E-04,-3.662128E-04,-6.66667E-04
3.221611,-3.50954E-04,-3.814721E-05,-.001
3.222611,-6.027259E-04,-2.13624E-04,.001
3.223612,-4.27248E-04,-3.814716E-04,-.001
3.224612,-2.822895E-04,-2.365122E-04,2.33333E-03
3.225613,-2.365122E-04,-1.297006E-04,-.004
3.226614,-1.297006E-04,-1.525888E-04,-6.66667E-04
3.227614,-2.212534E-04,-2.517719E-04,-6.66667E-04
3.228614,-1.983652E-04,-8.392381E-05,-6.66667E-04
3.229615,-1.602182E-04,2.288828E-04,6.66667E-04
3.230615,-8.392381E-05,5.722083E-04,-6.66667E-04
3.231616,-6.103562E-05,3.814716E-04,-2.33333E-03
3.232616,-2.975482E-04,2.975482E-04,6.66667E-04
3.233617,-3.051781E-05,2.822895E-04,-.002
3.234617,-3.814721E-05,-1.220712E-04,-6.66667E-04
3.235618,-1.06812E-04,-3.051781E-05,-6.66667E-04
3.236619,-2.594013E-04,1.525888E-04,.001
3.237619,4.57766E-05,9.918259E-05,-.001
3.238619,1.983652E-04,-9.918259E-05,-6.66667E-04
3.23962,-7.629453E-06,-3.204364E-04,-.001
3.24062,9.918259E-05,-7.629453E-06,6.66667E-04
3.241621,5.340599E-05,0,6.66667E-04
3.242621,-1.220712E-04,9.918259E-05,-6.66667E-04
3.243622,-2.975482E-04,1.06812E-04,-.001
3.244622,-1.75477E-04,1.907358E-04,.001
3.245623,-3.433246E-04,9.918259E-05,-.001
3.246624,-3.280658E-04,1.3733E-04,.001
3.247624,-2.899189E-04,2.822895E-04,-.002
3.248624,-1.3733E-04,-7.629453E-06,.001
3.249625,2.670307E-04,7.629453E-06,-6.66667E-04
3.250625,2.365122E-04,2.517719E-04,6.66667E-04
3.251626,4.57766E-05,4.57766E-05,.001
3.252626,-8.392381E-05,-2.28883E-05,.001
3.253627,-2.441425E-04,2.212534E-04,-.002
3.254627,-3.051776E-04,9.918259E-05,-.001
3.255628,-3.738422E-04,9.918259E-05,-6.66667E-04
3.256629,-1.06812E-04,-2.212534E-04,-6.66667E-04
3.257629,1.602182E-04,-3.89101E-04,-.002
3.258629,2.288828E-04,-6.561317E-04,-6.66667E-04
3.25963,2.594013E-04,-3.814716E-04,6.66667E-04
3.26063,4.425067E-04,-7.629453E-06,-6.66667E-04
3.261631,2.517719E-04,7.629453E-06,6.66667E-04
3.262631,9.918259E-05,-6.103562E-05,-.001
3.263632,3.662128E-04,-5.340599E-05,-6.66667E-04
3.264632,3.280658E-04,1.144414E-04,.001
3.265633,2.822895E-04,1.06812E-04,-.001
3.266634,1.831064E-04,-2.288828E-04,-.001
3.267634,2.13624E-04,-1.144414E-04,-6.66667E-04
3.268634,2.059946E-04,1.831064E-04,.001
3.269635,3.051776E-04,9.918259E-05,-3.66667E-03
3.270635,7.629453E-06,-3.356952E-04,-.001
3.271636,-1.220712E-04,-2.059946E-04,-.002
3.272636,-1.297006E-04,-3.051781E-05,.001
3.273637,4.57766E-05,-3.204364E-04,.001
3.274637,2.059946E-04,-7.247962E-04,-6.66667E-04
3.275638,1.983652E-04,-5.950965E-04,-6.66667E-04
3.276639,-3.051781E-05,-1.602182E-04,-6.66667E-04
3.277639,3.204364E-04,7.629453E-06,-6.66667E-04
3.278639,3.12807E-04,6.103562E-05,-6.66667E-04
3.27964,1.831064E-04,1.983652E-04,-6.66667E-04
3.28064,5.645789E-04,-7.629441E-05,.002
3.281641,4.348774E-04,-2.28883E-05,6.66667E-04
3.282641,3.051776E-04,-3.433246E-04,-3.66667E-03
3.283642,2.13624E-04,-1.678476E-04,-6.66667E-04
3.284642,-1.06812E-04,1.525888E-04,-2.33333E-03
3.285643,-4.043598E-04,-9.15532E-05,6.66667E-04
3.286644,-1.983652E-04,-8.392381E-05,-6.66667E-04
3.287644,-1.983652E-04,1.449594E-04,6.66667E-04
3.288644,-2.212534E-04,2.288828E-04,.002
3.289645,3.814721E-05,3.433246E-04,.002
3.290645,1.525891E-05,4.730243E-04,-6.66667E-04
3.291646,-2.822895E-04,3.814716E-04,.001
3.292646,-2.288828E-04,2.594013E-04,-6.66667E-04
3.293647,1.3733E-04,-6.103562E-05,-.002
3.294647,-1.297006E-04,-1.525891E-05,.001
3.295648,-2.365122E-04,2.059946E-04,-.002
3.296649,-2.594013E-04,2.975482E-04,6.66667E-04
3.297649,-3.356952E-04,2.288828E-04,-.002
3.298649,-4.27248E-04,8.392381E-05,-6.66667E-04
3.29965,0,9.15532E-05,-2.33333E-03
3.30065,0,1.220712E-04,-3.66667E-03
3.301651,-3.967304E-04,3.433246E-04,-.001
3.302651,-3.50954E-04,4.57766E-05,-6.66667E-04
3.303652,-1.602182E-04,6.866502E-05,6.66667E-04
3.304652,-2.899189E-04,2.059946E-04,-.002
3.305653,-3.12807E-04,4.88285E-04,-.002
3.306653,-1.678476E-04,7.476844E-04,.001
3.307654,-2.059946E-04,7.705726E-04,-.001
3.308654,-3.50954E-04,6.790198E-04,.001
3.309655,-3.662128E-04,3.356952E-04,6.66667E-04
3.310655,-3.89101E-04,4.119892E-04,-6.66667E-04
3.311656,-3.662128E-04,6.103562E-05,6.66667E-04
3.312656,-6.866492E-04,-2.975482E-04,-6.66667E-04
3.313657,-8.468665E-04,-2.212534E-04,-2.33333E-03
3.314657,-4.196186E-04,-2.288828E-04,2.33333E-03
3.315658,-2.746601E-04,-2.746601E-04,-.001
3.316658,-3.051776E-04,1.449594E-04,-6.66667E-04
3.317659,-6.866502E-05,3.204364E-04,2.33333E-03
3.318659,-2.13624E-04,2.13624E-04,-.002
3.31966,-3.051776E-04,3.280658E-04,-3.66667E-03
3.32066,-7.553138E-04,1.907358E-04,-.001
3.321661,-9.689368E-04,2.822895E-04,-6.66667E-04
3.322661,-3.89101E-04,7.629453E-06,-2.33333E-03
3.323662,-9.918259E-05,0,6.66667E-04
3.324662,-5.340599E-05,1.75477E-04,.001
3.325663,-2.746601E-04,1.907358E-04,-2.33333E-03
3.326663,-3.204364E-04,1.3733E-04,-.001
3.327664,-2.670307E-04,1.144414E-04,-6.66667E-04
3.328664,-4.119892E-04,1.144414E-04,6.66667E-04
3.329665,-5.340613E-04,2.212534E-04,-.001
3.330665,-4.119892E-04,2.746601E-04,-.001
3.331666,-2.822895E-04,4.119892E-04,.001
3.332666,-3.738422E-04,9.918259E-05,-.002
3.333667,-5.798377E-04,1.144414E-04,.001
3.334667,-4.653949E-04,3.89101E-04,-6.66667E-04
3.335668,-1.3733E-04,1.831064E-04,6.66667E-04
3.336668,1.144414E-04,4.57766E-05,-6.66667E-04
3.337669,-3.204364E-04,-1.983652E-04,-.002
3.338669,-7.40055E-04,-3.967304E-04,.001
3.33967,-8.544959E-04,-5.340599E-05,-.002
3.34067,-5.874671E-04,5.340599E-05,-.001
3.341671,-5.874671E-04,-1.297006E-04,6.66667E-04
3.342671,-5.340613E-04,-1.3733E-04,-6.66667E-04
3.343672,-6.332435E-04,-2.594013E-04,-6.66667E-04
3.344672,-7.934608E-04,-3.738422E-04,.001
3.345673,-7.629432E-04,-3.662128E-04,-3.66667E-03
3.346673,-7.78202E-04,-4.501361E-04,-.001
3.347674,-9.384193E-04,-4.730243E-04,2.33333E-03
3.348674,-8.926429E-04,-7.40055E-04,-.001
3.349675,-1.068123E-03,-9.460486E-04,-.002
3.350675,-1.457222E-03,-5.340613E-04,6.66667E-04
3.351676,-1.663215E-03,-3.280658E-04,-6.66667E-04
3.352676,-1.86158E-03,-1.449594E-04,6.66667E-04
3.353677,-2.594009E-03,-4.806537E-04,-.001
3.354677,-3.364578E-03,-4.88285E-04,-.001
3.355678,-4.28775E-03,-5.416907E-04,.001
3.356678,-5.638152E-03,-1.029976E-03,6.66667E-04
3.357679,-7.873595E-03,-1.434334E-03,-.001
3.358679,-1.033026E-02,-1.213081E-03,.001
3.35968,-1.323706E-02,-1.724251E-03,-.001
3.36068,-1.558691E-02,-2.08284E-03,.002
3.361681,-.0175935,-2.197281E-03,.001
3.362681,-1.909649E-02,-2.32698E-03,-.001
3.363682,-1.970685E-02,-2.273574E-03,-6.66667E-04
3.364682,-2.003491E-02,-2.296463E-03,-.001
3.365683,-1.952374E-02,-2.288833E-03,6.66667E-04
3.366683,-1.826489E-02,-2.059951E-03,-6.66667E-04
3.367684,-1.668561E-02,-2.174392E-03,6.66667E-04
3.368684,-1.512152E-02,-1.983657E-03,-2.33333E-03
3.369685,-1.344305E-02,-1.312263E-03,-.002
3.370685,-1.177984E-02,-1.113899E-03,-2.33333E-03
3.371686,-1.017767E-02,-9.7657E-04,.002
3.372686,-8.194029E-03,-5.950965E-04,-6.66667E-04
3.373687,-6.668121E-03,-5.340599E-05,-6.66667E-04
3.374687,-5.363494E-03,-3.051781E-05,-.002
3.375688,-4.493743E-03,-1.449594E-04,-.002
3.376688,-3.753677E-03,-2.212534E-04,-.002
3.377689,-2.822891E-03,-3.738422E-04,-.002
3.378689,-2.510086E-03,-1.602182E-04,-.001
3.37969,-2.281204E-03,4.196186E-04,6.66667E-04
3.38069,-2.021804E-03,5.264319E-04,-6.66667E-04
3.381691,-1.708992E-03,1.220712E-04,.001
3.382691,-1.533516E-03,1.983652E-04,-.002
3.383692,-1.007088E-03,1.297006E-04,-.001
3.384692,-1.129158E-03,1.06812E-04,-6.66667E-04
3.385693,-1.007088E-03,3.051781E-05,-2.33333E-03
3.386693,-7.476844E-04,1.907358E-04,-6.66667E-04
3.387694,-9.079017E-04,2.670307E-04,-6.66667E-04
3.388694,-8.621253E-04,-5.340599E-05,-.001
3.389695,-4.27248E-04,-2.517719E-04,.002
3.390696,-4.653949E-04,-5.188026E-04,-6.66667E-04
3.391696,-6.179847E-04,-4.577655E-04,-6.66667E-04
3.392696,-5.340613E-04,-2.899189E-04,.001
3.393697,-3.204364E-04,2.059946E-04,6.66667E-04
3.394697,-3.738422E-04,1.907358E-04,6.66667E-04
3.395698,-3.204364E-04,-3.50954E-04,6.66667E-04
3.396698,-4.806537E-04,-1.525888E-04,-6.66667E-04
3.397699,-7.858314E-04,-1.06812E-04,-.001
3.398699,-3.12807E-04,7.629441E-05,6.66667E-04
3.3997,-2.059946E-04,4.501361E-04,-.001
3.400701,-3.967304E-04,5.645789E-04,-.002
3.401701,-4.119892E-04,4.196186E-04,-6.66667E-04
3.402701,-3.280658E-04,-7.629441E-05,-6.66667E-04
3.403702,-3.89101E-04,-3.738422E-04,-.002
3.404702,-1.602182E-04,-5.340599E-05,-.001
3.405703,-1.831064E-04,1.220712E-04,-6.66667E-04
3.406703,-2.13624E-04,0,-.001
3.407704,-1.525891E-05,-6.866502E-05,-.001
3.408704,3.814721E-05,-3.662128E-04,2.33333E-03
3.409705,1.525891E-05,-1.983652E-04,-.002
3.410706,-8.392381E-05,3.12807E-04,-.001
3.411706,-9.918259E-05,1.831064E-04,-.001
3.412706,3.50954E-04,3.50954E-04,-.001
3.413707,2.899189E-04,1.983652E-04,-.002
3.414707,2.822895E-04,1.297006E-04,-.002
3.415708,-7.629441E-05,3.89101E-04,6.66667E-04
3.416708,-2.441425E-04,2.365122E-04,6.66667E-04
3.417709,-1.06812E-04,4.57766E-05,-6.66667E-04
3.418709,1.602182E-04,-3.051781E-05,6.66667E-04
3.41971,1.678476E-04,3.433246E-04,-.001
3.420711,-2.28883E-05,2.899189E-04,-3.66667E-03
3.421711,-1.75477E-04,1.525888E-04,6.66667E-04
3.422711,-1.678476E-04,-1.297006E-04,-.001
3.423712,-7.629441E-05,3.051781E-05,.001
3.424712,-1.602182E-04,7.629441E-05,-6.66667E-04
3.425713,-1.602182E-04,-1.525891E-05,-.001
3.426713,-1.602182E-04,-1.678476E-04,-.002
3.427714,-4.348774E-04,-1.297006E-04,-.002
3.428714,-3.433246E-04,-1.449594E-04,-6.66667E-04
3.429715,-3.738422E-04,-2.670307E-04,6.66667E-04
3.430716,-4.425067E-04,-4.27248E-04,-6.66667E-04
3.431716,-4.043598E-04,-2.670307E-04,6.66667E-04
3.432716,-1.678476E-04,-4.425067E-04,.002
3.433717,1.907358E-04,-4.959144E-04,-6.66667E-04
3.434717,2.975482E-04,-2.670307E-04,-.002
3.435718,-9.918259E-05,-3.051781E-05,-6.66667E-04
3.436718,-1.525891E-05,9.15532E-05,6.66667E-04
3.437719,-1.06812E-04,-1.449594E-04,-2.33333E-03
3.438719,-3.814721E-05,-2.212534E-04,-.001
3.43972,-9.15532E-05,5.340599E-05,-.002
3.440721,9.15532E-05,-6.866502E-05,-3.66667E-03
3.441721,1.525888E-04,-1.144414E-04,-.001
3.442721,-1.525891E-05,-3.051781E-05,.001
3.443722,-2.975482E-04,9.918259E-05,-6.66667E-04
3.444722,-5.340599E-05,-1.75477E-04,6.66667E-04
3.445723,-1.449594E-04,-5.416907E-04,-6.66667E-04
3.446723,-3.051776E-04,-5.264319E-04,.001
3.447724,-4.196186E-04,-3.738422E-04,-.001
3.448724,-5.340599E-05,-6.103553E-04,.001
3.449725,1.525891E-05,-6.256141E-04,-3.66667E-03
3.450726,-2.28883E-05,-1.907358E-04,-.001
3.451726,-1.06812E-04,6.103562E-05,-6.66667E-04
3.452726,2.059946E-04,-9.15532E-05,-6.66667E-04
3.453727,3.89101E-04,0,-.001
3.454727,1.144414E-04,4.57766E-05,-.001
3.455728,6.103562E-05,-1.220712E-04,6.66667E-04
3.456728,-2.28883E-05,7.629453E-06,-2.33333E-03
3.457729,1.678476E-04,-4.57766E-05,-6.66667E-04
3.458729,2.13624E-04,3.051781E-05,-.002
3.45973,-7.629453E-06,-1.220712E-04,.002
3.460731,4.57766E-05,-1.449594E-04,-.001
3.461731,4.57766E-05,3.814721E-05,-6.66667E-04
3.462731,1.678476E-04,1.525888E-04,-6.66667E-04
3.463732,3.662128E-04,-1.525888E-04,-6.66667E-04
3.464732,7.629453E-06,-4.57766E-05,-.002
3.465733,2.822895E-04,2.899189E-04,-6.66667E-04
3.466733,1.297006E-04,4.196186E-04,-.002
3.467734,3.12807E-04,4.88285E-04,6.66667E-04
3.468734,7.629441E-05,8.239783E-04,-.001
3.469735,-6.103562E-05,8.087195E-04,-.002
3.470736,-1.75477E-04,6.332435E-04,.002
3.471736,-2.288828E-04,4.119892E-04,-6.66667E-04
3.472736,-2.517719E-04,5.264319E-04,-.001
3.473737,-1.220712E-04,9.231605E-04,-.002
3.474737,2.28883E-05,5.798377E-04,-6.66667E-04
3.475738,1.449594E-04,3.12807E-04,-.001
3.476738,1.907358E-04,2.594013E-04,6.66667E-04
3.477739,3.051781E-05,3.280658E-04,-6.66667E-04
3.478739,1.144414E-04,2.975482E-04,-.001
3.47974,3.051781E-05,4.501361E-04,-6.66667E-04
3.480741,-2.594013E-04,3.967304E-04,-.001
3.481741,-7.705726E-04,6.866502E-05,.001
3.482741,-9.384193E-04,7.629453E-06,-6.66667E-04
3.483742,-1.281746E-03,1.06812E-04,-2.33333E-03
3.484742,-1.327522E-03,2.899189E-04,-.002
3.485743,-1.35041E-03,1.602182E-04,-3.66667E-03
3.486743,-1.373298E-03,-1.449594E-04,-.002
3.487744,-1.640327E-03,-2.13624E-04,2.33333E-03
3.488744,-1.846321E-03,3.356952E-04,-2.33333E-03
3.489745,-2.418533E-03,4.196186E-04,-2.33333E-03
3.490746,-3.219619E-03,4.043598E-04,-6.66667E-04
3.491746,-3.364578E-03,1.449594E-04,-.001
3.492746,-3.608719E-03,-1.3733E-04,-.001
3.493747,-3.387466E-03,-4.88285E-04,-6.66667E-04
3.494747,-3.417984E-03,-5.874671E-04,6.66667E-04
3.495748,-3.128067E-03,-4.27248E-04,-.002
3.496748,-3.196731E-03,-3.814716E-04,-6.66667E-04
3.497749,-3.33406E-03,-3.662128E-04,6.66667E-04
3.498749,-3.021255E-03,-4.577655E-04,6.66667E-04
3.49975,-2.662674E-03,2.059946E-04,-3.66667E-03
3.500751,-2.20491E-03,-6.103562E-05,-.001
3.501751,-1.884468E-03,1.525891E-05,-.002
3.502751,-1.419075E-03,3.967304E-04,.001
3.503752,-1.297005E-03,3.967304E-04,-.002
3.504752,-9.53678E-04,4.501361E-04,-.001
3.505753,-7.858314E-04,5.645789E-04,-.001
3.506753,-7.553138E-04,5.798377E-04,.001
3.507754,-7.705726E-04,3.814716E-04,-6.66667E-04
3.508754,-1.75477E-04,3.204364E-04,-6.66667E-04
3.509755,2.288828E-04,5.416907E-04,-.002
3.510756,1.525888E-04,2.212534E-04,-.001
3.511756,-2.670307E-04,-2.594013E-04,-.001
3.512756,-3.585834E-04,-4.119892E-04,-6.66667E-04
3.513757,-2.212534E-04,-4.501361E-04,6.66667E-04
3.514757,1.525891E-05,-3.967304E-04,-6.66667E-04
3.515758,-1.525891E-05,-4.043598E-04,-.001
3.516758,1.525891E-05,-5.569495E-04,-6.66667E-04
3.517759,6.790198E-04,-3.433246E-04,-.001
3.518759,5.264319E-04,-5.111732E-04,6.66667E-04
3.51976,2.975482E-04,-6.713904E-04,6.66667E-04
3.520761,1.831064E-04,-4.501361E-04,-.001
3.521761,-3.814721E-05,-4.27248E-04,-.002
3.522761,-2.13624E-04,-4.577655E-04,.001
3.523762,-2.899189E-04,-5.950965E-04,-.001
3.524762,-4.806537E-04,-3.662128E-04,-6.66667E-04
3.525763,-6.103562E-05,7.629453E-06,-6.66667E-04
3.526763,3.814721E-05,-1.297006E-04,-6.66667E-04
3.527764,-1.449594E-04,-2.822895E-04,.002
3.528764,-2.212534E-04,-1.602182E-04,-.001
3.529765,-8.392381E-05,3.814721E-05,-.002
3.530766,-3.433246E-04,1.983652E-04,-6.66667E-04
3.531766,-4.27248E-04,9.15532E-05,-6.66667E-04
3.532766,-2.975482E-04,3.12807E-04,-.001
3.533767,1.3733E-04,8.392381E-05,-6.66667E-04
3.534767,1.06812E-04,2.975482E-04,-6.66667E-04
3.535768,1.144414E-04,4.119892E-04,-.002
3.536768,-7.629441E-05,2.899189E-04,-.001
3.537769,1.144414E-04,3.12807E-04,-6.66667E-04
3.538769,-5.340599E-05,4.959144E-04,6.66667E-04
3.53977,3.051781E-05,1.602182E-04,.002
3.540771,-1.602182E-04,-1.449594E-04,-6.66667E-04
3.541771,-1.525891E-05,-3.738422E-04,.001
3.542771,-1.06812E-04,-4.27248E-04,-6.66667E-04
3.543772,-1.602182E-04,3.814721E-05,6.66667E-04
3.544772,-2.441425E-04,-3.814721E-05,-3.66667E-03
3.545773,-3.204364E-04,-3.738422E-04,.002
3.546773,3.814721E-05,-5.569495E-04,-6.66667E-04
3.547774,-2.594013E-04,-2.670307E-04,-.001
3.548774,-3.051776E-04,-1.220712E-04,6.66667E-04
3.549775,-2.594013E-04,-1.449594E-04,-2.33333E-03
3.550776,-2.13624E-04,3.051781E-05,-.002
3.551776,-2.899189E-04,2.670307E-04,-6.66667E-04
3.552776,-1.144414E-04,5.645789E-04,.001
3.553777,-6.103562E-05,4.425067E-04,-.002
3.554777,4.425067E-04,4.57766E-05,-2.33333E-03
3.555778,4.88285E-04,-1.3733E-04,6.66667E-04
3.556778,6.790198E-04,4.57766E-05,-6.66667E-04
3.557779,6.408729E-04,4.57766E-05,-6.66667E-04
3.558779,2.670307E-04,-4.27248E-04,-6.66667E-04
3.55978,2.517719E-04,-6.408729E-04,-6.66667E-04
3.560781,2.594013E-04,-3.662128E-04,.001
3.561781,7.629441E-05,-3.204364E-04,-6.66667E-04
3.562781,-2.059946E-04,-3.433246E-04,-.001
3.563782,-2.441425E-04,-3.051776E-04,-6.66667E-04
3.564783,-3.051781E-05,-2.975482E-04,.001
3.565783,-1.907358E-04,-2.670307E-04,.001
3.566783,-1.525891E-05,-1.3733E-04,.001
3.567784,1.831064E-04,2.670307E-04,-6.66667E-04
3.568784,1.525888E-04,3.738422E-04,.002
3.569785,6.103562E-05,-7.629441E-05,6.66667E-04
3.570786,2.13624E-04,-5.569495E-04,-3.66667E-03
3.571786,-1.602182E-04,-6.561317E-04,-6.66667E-04
3.572786,-1.75477E-04,-4.425067E-04,-2.33333E-03
3.573787,-1.75477E-04,-3.814716E-04,-.001
3.574788,-6.103562E-05,-2.975482E-04,2.33333E-03
3.575788,-1.06812E-04,-1.831064E-04,-.002
3.576788,-1.678476E-04,9.918259E-05,-6.66667E-04
3.577789,-2.212534E-04,2.594013E-04,-6.66667E-04
3.578789,-5.188026E-04,-5.340599E-05,-.002
3.57979,-2.822895E-04,-2.670307E-04,6.66667E-04
3.580791,-2.746601E-04,-8.392381E-05,6.66667E-04
3.581791,-6.63761E-04,1.983652E-04,-.002
3.582791,-7.40055E-04,2.441425E-04,-6.66667E-04
3.583792,-9.7657E-04,3.12807E-04,-.002
3.584793,-1.434334E-03,3.12807E-04,-.002
3.585793,-1.533516E-03,2.517719E-04,.001
3.586793,-1.831062E-03,2.441425E-04,-.002
3.587794,-2.433792E-03,3.051776E-04,-.001
3.588794,-3.143325E-03,8.392381E-05,-6.66667E-04
3.589795,-3.433242E-03,-2.975482E-04,.001
3.590796,-3.90628E-03,-5.416907E-04,-.001
3.591796,-4.394561E-03,-7.78202E-04,-.001
3.592796,-4.982024E-03,-5.722083E-04,-.001
3.593797,-5.569488E-03,-4.577655E-04,6.66667E-04
3.594798,-5.805999E-03,-5.111732E-04,-6.66667E-04
3.595798,-5.805999E-03,-3.051776E-04,.001
3.596798,-5.630523E-03,-7.629441E-05,6.66667E-04
3.597799,-5.600005E-03,-1.75477E-04,-.002
3.598799,-5.065948E-03,-9.15532E-05,.001
3.5998,-4.631072E-03,-5.340599E-05,-.001
3.600801,-3.707901E-03,1.602182E-04,-6.66667E-04
3.601801,-3.234878E-03,-2.365122E-04,-.001
3.602801,-2.601638E-03,-9.918259E-05,-3.66667E-03
3.603802,-2.07521E-03,-9.918259E-05,6.66667E-04
3.604803,-1.365669E-03,3.967304E-04,.001
3.605803,-7.705726E-04,4.730243E-04,-.002
3.606803,-5.722083E-04,4.57766E-05,-6.66667E-04
3.607804,-2.13624E-04,-3.814721E-05,6.66667E-04
3.608804,-2.746601E-04,1.297006E-04,-.002
3.609805,-1.602182E-04,3.814716E-04,-6.66667E-04
3.610806,4.57766E-05,3.051776E-04,-6.66667E-04
3.611806,-7.629453E-06,2.28883E-05,.001
3.612806,1.06812E-04,9.918259E-05,-.001
3.613807,8.392381E-05,3.433246E-04,.001
3.614808,1.220712E-04,6.027259E-04,-6.66667E-04
3.615808,-4.57766E-05,3.204364E-04,-2.33333E-03
3.616808,1.220712E-04,1.220712E-04,-2.33333E-03
3.617809,-1.06812E-04,1.525888E-04,-6.66667E-04
3.618809,2.28883E-05,3.280658E-04,-6.66667E-04
3.61981,1.75477E-04,4.501361E-04,.001
3.620811,3.814716E-04,3.204364E-04,6.66667E-04
3.621811,2.594013E-04,3.814716E-04,-6.66667E-04
3.622811,5.340599E-05,3.814716E-04,-6.66667E-04
3.623812,1.525891E-05,4.730243E-04,-.001
3.624813,-2.975482E-04,4.348774E-04,-6.66667E-04
3.625813,-2.059946E-04,-2.28883E-05,-6.66667E-04
3.626813,-4.196186E-04,-1.907358E-04,-6.66667E-04
3.627814,-4.806537E-04,-3.814721E-05,-6.66667E-04
3.628814,-6.179847E-04,2.746601E-04,-.001
3.629815,-5.874671E-04,6.103553E-04,-6.66667E-04
3.630816,-3.814716E-04,3.662128E-04,.001
3.631816,-2.670307E-04,3.738422E-04,-.001
3.632816,-2.13624E-04,1.602182E-04,-.002
3.633817,-1.449594E-04,2.594013E-04,-6.66667E-04
3.634818,-2.517719E-04,4.501361E-04,.001
3.635818,-2.212534E-04,3.738422E-04,-.002
3.636818,-7.629441E-05,1.983652E-04,-.001
3.637819,-1.220712E-04,2.059946E-04,-6.66667E-04
3.638819,-2.13624E-04,-5.340599E-05,-.001
3.63982,-2.288828E-04,6.103562E-05,.001
3.640821,-2.13624E-04,-1.06812E-04,-6.66667E-04
3.641821,-7.629453E-06,-4.57766E-05,.001
3.642821,-1.06812E-04,-3.585834E-04,-.001
3.643822,-8.392381E-05,-1.449594E-04,-.002
3.644823,-3.738422E-04,3.051781E-05,.001
3.645823,-4.88285E-04,7.629453E-06,6.66667E-04
3.646823,-3.12807E-04,-6.103562E-05,-.002
3.647824,-3.051776E-04,2.28883E-05,6.66667E-04
3.648824,-5.722083E-04,9.918259E-05,-6.66667E-04
3.649825,-2.288828E-04,2.594013E-04,-6.66667E-04
3.650826,1.297006E-04,7.629441E-05,6.66667E-04
3.651826,2.746601E-04,2.517719E-04,-.001
3.652826,2.899189E-04,3.662128E-04,-6.66667E-04
3.653827,0,2.822895E-04,6.66667E-04
3.654828,2.059946E-04,-1.75477E-04,-6.66667E-04
3.655828,3.738422E-04,-4.88285E-04,6.66667E-04
3.656828,1.06812E-04,-4.27248E-04,-6.66667E-04
3.657829,-5.340599E-05,-3.280658E-04,-.001
3.658829,-8.392381E-05,-6.866502E-05,-.001
3.65983,-3.12807E-04,-2.13624E-04,-6.66667E-04
3.66083,-3.051776E-04,-2.975482E-04,6.66667E-04
3.661831,-1.602182E-04,-4.57766E-05,-.001
3.662831,-6.103562E-05,3.738422E-04,-6.66667E-04
3.663832,-2.517719E-04,1.068123E-03,.001
3.664833,-3.738422E-04,6.790198E-04,-6.66667E-04
3.665833,-3.814716E-04,4.806537E-04,-.001
3.666833,-2.899189E-04,3.356952E-04,-6.66667E-04
3.667834,-1.602182E-04,2.746601E-04,-.002
3.668834,-2.670307E-04,3.280658E-04,-6.66667E-04
3.669835,-3.204364E-04,6.103562E-05,-6.66667E-04
3.670835,-2.594013E-04,-4.196186E-04,2.33333E-03
3.671836,1.3733E-04,-2.899189E-04,-6.66667E-04
3.672836,2.594013E-04,-2.746601E-04,-6.66667E-04
3.673837,9.918259E-05,3.051781E-05,-6.66667E-04
3.674838,3.12807E-04,3.967304E-04,-6.66667E-04
3.675838,1.831064E-04,5.569495E-04,-.002
3.676838,-2.670307E-04,5.874671E-04,-.001
3.677839,-3.204364E-04,4.730243E-04,.001
3.678839,-6.103562E-05,4.959144E-04,-.001
3.67984,-3.204364E-04,5.645789E-04,.002
3.68084,-5.798377E-04,2.975482E-04,-6.66667E-04
3.681841,-5.035438E-04,4.577655E-04,-6.66667E-04
3.682841,-4.806537E-04,4.806537E-04,-.001
3.683842,-2.746601E-04,1.525891E-05,.001
3.684843,-5.035438E-04,1.3733E-04,-6.66667E-04
3.685843,-1.75477E-04,1.525888E-04,6.66667E-04
3.686843,-5.340599E-05,9.918259E-05,.002
3.687844,-2.13624E-04,8.392381E-05,-.001
3.688844,-3.12807E-04,0,-.001
3.689845,-3.204364E-04,1.983652E-04,-6.66667E-04
3.690845,-3.356952E-04,4.501361E-04,6.66667E-04
3.691846,-5.340613E-04,2.212534E-04,-.002
3.692847,-3.204364E-04,-5.340599E-05,.001
3.693847,-3.204364E-04,2.059946E-04,-2.33333E-03
3.694848,-4.730243E-04,9.918259E-05,-6.66667E-04
3.695848,-3.738422E-04,6.866502E-05,-6.66667E-04
3.696848,-3.356952E-04,0,.001
3.697849,-1.831064E-04,1.831064E-04,-6.66667E-04
3.698849,-1.297006E-04,-1.06812E-04,-6.66667E-04
3.69985,9.918259E-05,-4.806537E-04,.002
3.70085,3.662128E-04,-4.88285E-04,-6.66667E-04
3.701851,3.50954E-04,-3.662128E-04,-3.66667E-03
3.702852,4.730243E-04,-1.525888E-04,.001
3.703852,4.806537E-04,0,-6.66667E-04
3.704853,-3.814721E-05,-3.967304E-04,.002
3.705853,-1.907358E-04,-5.569495E-04,-6.66667E-04
3.706853,7.629441E-05,-2.13624E-04,6.66667E-04
3.707854,6.866502E-05,1.525891E-05,-6.66667E-04
3.708854,-1.297006E-04,4.57766E-05,-6.66667E-04
3.709855,-8.392381E-05,3.814716E-04,2.33333E-03
3.710855,2.822895E-04,-1.297006E-04,-.001
3.711856,4.196186E-04,0,-6.66667E-04
3.712857,5.722083E-04,9.15532E-05,-.001
3.713857,2.212534E-04,2.670307E-04,-.001
3.714858,2.28883E-05,1.602182E-04,-.001
3.715858,-1.449594E-04,2.059946E-04,-6.66667E-04
3.716858,-3.204364E-04,1.983652E-04,-.002
3.717859,-8.087195E-04,2.594013E-04,-.002
3.718859,-1.312263E-03,0,.001
3.71986,-1.441963E-03,-6.103562E-05,-.001
3.72086,-1.823433E-03,0,.001
3.721861,-2.220169E-03,3.12807E-04,.001
3.722862,-2.845779E-03,3.967304E-04,-.001
3.723862,-4.135162E-03,2.670307E-04,-6.66667E-04
3.724863,-5.813628E-03,6.103562E-05,6.66667E-04
3.725863,-7.316619E-03,-1.602182E-04,-6.66667E-04
3.726863,-8.606017E-03,1.525891E-05,-6.66667E-04
3.727864,-9.437621E-03,-1.297006E-04,-6.66667E-04
3.728864,-9.643614E-03,-2.822895E-04,-.002
3.729865,-9.300292E-03,-4.88285E-04,-.002
3.730865,-8.140624E-03,-4.043598E-04,.001
3.731866,-6.607085E-03,0,6.66667E-04
3.732867,-5.821258E-03,4.730243E-04,-.002
3.733867,-4.577667E-03,3.356952E-04,.001
3.734868,-3.021255E-03,9.918259E-05,6.66667E-04
3.735868,-2.143875E-03,0,.001
3.736868,-1.747139E-03,1.144414E-04,-.001
3.737869,-1.243599E-03,-7.629453E-06,-6.66667E-04
3.73887,-6.179847E-04,9.918259E-05,6.66667E-04
3.73987,-2.594013E-04,-9.15532E-05,-.001
3.74087,-2.670307E-04,2.28883E-05,.001
3.741871,-3.585834E-04,1.831064E-04,.001
3.742872,-4.501361E-04,9.15532E-05,-.002
3.743872,-5.111732E-04,-2.670307E-04,6.66667E-04
3.744873,-1.75477E-04,-2.670307E-04,-.002
3.745873,4.196186E-04,-1.983652E-04,-6.66667E-04
3.746873,1.525888E-04,-1.144414E-04,2.33333E-03
3.747874,3.662128E-04,-1.602182E-04,-6.66667E-04
3.748875,9.918259E-05,9.918259E-05,.001
3.749875,4.57766E-05,2.517719E-04,6.66667E-04
3.750875,4.730243E-04,5.188026E-04,-.001
3.751876,4.119892E-04,3.967304E-04,-.001
3.752877,4.806537E-04,4.959144E-04,-6.66667E-04
3.753877,3.585834E-04,4.730243E-04,-.004
3.754878,3.50954E-04,2.517719E-04,-.002
3.755878,1.297006E-04,-1.75477E-04,2.33333E-03
3.756878,1.983652E-04,-7.629441E-05,6.66667E-04
3.757879,7.629453E-06,2.212534E-04,-3.66667E-03
3.75888,1.144414E-04,2.822895E-04,6.66667E-04
3.75988,3.814716E-04,4.425067E-04,-6.66667E-04
3.76088,2.899189E-04,3.89101E-04,-2.33333E-03
3.761881,2.365122E-04,3.967304E-04,-.001
3.762882,5.416907E-04,3.662128E-04,-.002
3.763882,4.501361E-04,-1.06812E-04,-6.66667E-04
3.764883,7.629441E-05,-2.517719E-04,-.001
3.765883,-1.297006E-04,-1.144414E-04,-.001
3.766883,3.051781E-05,3.204364E-04,.001
3.767884,4.57766E-05,3.051776E-04,-.002
3.768885,-1.144414E-04,3.051781E-05,.002
3.769885,-3.662128E-04,1.678476E-04,-6.66667E-04
3.770885,-3.738422E-04,1.144414E-04,.001
3.771886,-4.806537E-04,1.525888E-04,-3.66667E-03
3.772887,-3.662128E-04,3.662128E-04,-6.66667E-04
3.773887,-1.907358E-04,1.907358E-04,6.66667E-04
3.774888,-9.15532E-05,-1.678476E-04,-.001
3.775888,-3.738422E-04,-3.738422E-04,6.66667E-04
3.776888,-2.441425E-04,-1.06812E-04,-.001
3.777889,-2.594013E-04,2.899189E-04,-.001
3.77889,-2.822895E-04,3.204364E-04,-.001
3.77989,-4.196186E-04,3.814721E-05,-6.66667E-04
3.78089,-3.280658E-04,1.449594E-04,-6.66667E-04
3.781891,-2.670307E-04,1.983652E-04,-2.33333E-03
3.782892,-5.035438E-04,3.12807E-04,-2.33333E-03
3.783892,-4.348774E-04,3.967304E-04,-.001
3.784893,-6.332435E-04,3.356952E-04,-.001
3.785893,-2.594013E-04,4.196186E-04,6.66667E-04
3.786893,-5.340599E-05,4.196186E-04,-.002
3.787894,-8.392381E-05,4.043598E-04,-.001
3.788895,7.629453E-06,4.348774E-04,-6.66667E-04
3.789895,5.340599E-05,2.594013E-04,-6.66667E-04
3.790895,-4.57766E-05,4.196186E-04,-3.66667E-03
3.791896,9.918259E-05,4.653949E-04,-6.66667E-04
3.792897,7.629441E-05,3.662128E-04,6.66667E-04
3.793897,-3.738422E-04,2.594013E-04,.002
3.794898,-2.13624E-04,5.264319E-04,-.001
3.795898,-1.3733E-04,7.095374E-04,-.002
3.796898,3.814721E-05,1.09864E-03,6.66667E-04
3.797899,2.594013E-04,6.790198E-04,6.66667E-04
3.7989,1.525888E-04,2.670307E-04,-6.66667E-04
3.7999,2.365122E-04,8.392381E-05,-2.33333E-03
3.8009,1.831064E-04,-2.28883E-05,-.001
3.801901,2.365122E-04,-1.449594E-04,.001
3.802902,2.594013E-04,-7.629441E-05,-6.66667E-04
3.803902,2.059946E-04,-1.3733E-04,-.001
3.804903,-2.594013E-04,-1.602182E-04,-6.66667E-04
3.805903,-2.13624E-04,-1.06812E-04,-.002
3.806903,-3.89101E-04,-4.425067E-04,-6.66667E-04
3.807904,-4.806537E-04,-2.899189E-04,-.001
3.808905,-3.204364E-04,-6.103562E-05,-.001
3.809905,9.918259E-05,1.449594E-04,.001
3.810905,1.525888E-04,7.629441E-05,-.001
3.811906,-2.212534E-04,-2.670307E-04,-.002
3.812907,-4.119892E-04,-2.13624E-04,-6.66667E-04
3.813907,-6.103562E-05,-9.918259E-05,-.001
3.814908,7.629453E-06,-1.449594E-04,6.66667E-04
3.815908,-1.06812E-04,-6.103562E-05,-2.33333E-03
3.816908,2.059946E-04,-2.670307E-04,.002
3.817909,1.449594E-04,-3.051776E-04,6.66667E-04
3.81891,-2.212534E-04,-1.525888E-04,-2.33333E-03
3.81991,-9.15532E-05,-9.15532E-05,-.002
3.82091,-1.06812E-04,-1.525891E-05,6.66667E-04
3.821911,4.57766E-05,2.975482E-04,6.66667E-04
3.822912,2.212534E-04,3.356952E-04,-.002
3.823912,2.13624E-04,3.814721E-05,-6.66667E-04
3.824913,-7.629453E-06,-4.119892E-04,-.002
3.825913,8.392381E-05,-2.746601E-04,-6.66667E-04
3.826913,2.13624E-04,-6.103562E-05,-6.66667E-04
3.827914,1.525888E-04,2.365122E-04,-.001
3.828915,4.043598E-04,2.059946E-04,6.66667E-04
3.829915,3.662128E-04,6.866502E-05,.001
3.830915,2.899189E-04,2.288828E-04,-2.33333E-03
3.831916,2.212534E-04,1.525891E-05,-.002
3.832916,-7.629453E-06,2.28883E-05,6.66667E-04
3.833917,-9.918259E-05,9.15532E-05,.001
3.834918,-9.918259E-05,-1.75477E-04,-.001
3.835918,-9.918259E-05,-1.831064E-04,-6.66667E-04
3.836918,-2.059946E-04,1.831064E-04,.001
3.837919,3.814721E-05,1.220712E-04,-.001
3.83892,1.3733E-04,3.12807E-04,6.66667E-04
3.83992,1.3733E-04,-7.629441E-05,-6.66667E-04
3.84092,2.670307E-04,-2.288828E-04,-.002
3.841921,3.738422E-04,-1.144414E-04,2.33333E-03
3.842921,4.730243E-04,1.06812E-04,-.001
3.843922,9.918259E-05,1.449594E-04,-6.66667E-04
3.844923,1.144414E-04,-1.525891E-05,-.002
3.845923,1.220712E-04,0,-6.66667E-04
3.846923,2.746601E-04,4.653949E-04,-.001
3.847924,7.247962E-04,1.983652E-04,2.33333E-03
3.848925,5.722083E-04,1.3733E-04,-3.66667E-03
3.849925,2.975482E-04,3.585834E-04,-.002
3.850925,3.89101E-04,4.57766E-05,-6.66667E-04
3.851926,5.569495E-04,-8.392381E-05,.001
3.852926,5.035438E-04,-1.831064E-04,-3.66667E-03
3.853927,5.874671E-04,-2.822895E-04,.002
3.854928,4.27248E-04,-1.983652E-04,-6.66667E-04
3.855928,1.602182E-04,-2.365122E-04,6.66667E-04
3.856929,2.059946E-04,-9.918259E-05,-.002
3.857929,1.525888E-04,0,-.001
3.85893,-1.907358E-04,1.220712E-04,-.002
3.85993,-2.212534E-04,0,6.66667E-04
3.86093,7.629453E-06,-2.899189E-04,6.66667E-04
3.861931,2.594013E-04,3.814721E-05,-6.66667E-04
3.862931,6.332435E-04,3.662128E-04,-.002
3.863932,4.425067E-04,2.13624E-04,-.002
3.864933,4.88285E-04,2.746601E-04,-3.66667E-03
3.865933,3.738422E-04,9.15532E-05,3.66667E-03
3.866934,7.629441E-05,-8.392381E-05,-.001
3.867934,3.814721E-05,1.525888E-04,-.002
3.868935,-7.629453E-06,7.629453E-06,-.001
3.869935,-1.525888E-04,-6.866502E-05,-2.33333E-03
3.870935,-6.103562E-05,8.392381E-05,.001
3.871936,0,-6.103562E-05,-.001
3.872936,2.212534E-04,-2.517719E-04,6.66667E-04
3.873937,1.3733E-04,-2.288828E-04,-6.66667E-04
3.874938,2.594013E-04,-1.144414E-04,-.001
3.875938,2.517719E-04,-8.392381E-05,-.001
3.876939,2.28883E-05,0,6.66667E-04
3.877939,-5.340599E-05,1.983652E-04,-.001
3.87894,-1.06812E-04,-9.918259E-05,.001
3.87994,1.831064E-04,-1.06812E-04,6.66667E-04
3.88094,1.525891E-05,-1.831064E-04,6.66667E-04
3.881941,0,-3.814721E-05,-.002
3.882941,-2.212534E-04,8.392381E-05,-6.66667E-04
3.883942,-2.441425E-04,1.06812E-04,-.001
3.884943,-4.806537E-04,3.051781E-05,.004
3.885943,-5.569495E-04,6.866502E-05,6.66667E-04
3.886944,-1.525891E-05,5.340599E-05,-2.33333E-03
3.887944,3.12807E-04,1.3733E-04,-6.66667E-04
3.888945,4.196186E-04,4.501361E-04,-6.66667E-04
3.889945,5.264319E-04,2.288828E-04,-6.66667E-04
3.890945,5.340613E-04,-9.918259E-05,-6.66667E-04
3.891946,3.738422E-04,-1.144414E-04,-.001
3.892946,1.525888E-04,-4.57766E-05,-.001
3.893947,-2.28883E-05,1.602182E-04,-6.66667E-04
3.894948,-2.670307E-04,4.57766E-05,.001
3.895948,4.57766E-05,-5.264319E-04,-.002
3.896949,-1.449594E-04,-5.645789E-04,-3.66667E-03
3.897949,-1.75477E-04,-3.12807E-04,6.66667E-04
3.89895,-1.220712E-04,-7.629441E-05,-6.66667E-04
3.89995,1.75477E-04,-5.340599E-05,.001
3.90095,2.975482E-04,4.57766E-05,-.001
3.901951,6.103562E-05,-1.525891E-05,-6.66667E-04
3.902952,-1.602182E-04,-3.204364E-04,6.66667E-04
3.903952,0,0,6.66667E-04
3.904953,2.28883E-05,2.28883E-05,6.66667E-04
3.905953,5.340599E-05,-1.220712E-04,-6.66667E-04
3.906954,-6.866502E-05,-9.918259E-05,6.66667E-04
3.907954,0,-1.3733E-04,-.002
3.908955,-4.27248E-04,-2.13624E-04,-2.33333E-03
3.909955,-3.356952E-04,-4.653949E-04,6.66667E-04
3.910955,-9.918259E-05,-3.662128E-04,6.66667E-04
3.911956,1.06812E-04,-4.119892E-04,.001
3.912957,1.983652E-04,-2.13624E-04,6.66667E-04
3.913957,7.629453E-06,-4.57766E-05,-6.66667E-04
3.914958,-1.220712E-04,7.629453E-06,-.001
3.915958,-7.629453E-06,-6.103562E-05,.001
3.916959,1.297006E-04,-3.051781E-05,.002
3.917959,4.730243E-04,6.866502E-05,-6.66667E-04
3.91896,5.569495E-04,1.907358E-04,-6.66667E-04
3.91996,4.27248E-04,1.983652E-04,-.001
3.92096,2.441425E-04,2.594013E-04,-6.66667E-04
3.921961,-8.392381E-05,4.501361E-04,-6.66667E-04
3.922962,1.525888E-04,5.874671E-04,-.002
3.923962,6.866502E-05,5.111732E-04,6.66667E-04
3.924963,1.297006E-04,4.196186E-04,-.002
3.925963,2.059946E-04,-2.28883E-05,-.001
3.926964,3.585834E-04,-2.28883E-05,.001
3.927964,2.059946E-04,1.220712E-04,.001
3.928965,1.449594E-04,-1.220712E-04,-.001
3.929965,4.196186E-04,-3.12807E-04,-.001
3.930965,3.814721E-05,-2.059946E-04,-.001
3.931966,-1.602182E-04,-1.06812E-04,-6.66667E-04
3.932967,-2.517719E-04,-7.629441E-05,-.001
3.933967,-7.629453E-06,-1.220712E-04,.001
3.934968,-9.15532E-05,1.525888E-04,.001
3.935968,-1.144414E-04,3.356952E-04,-.004
3.936969,-3.814721E-05,2.28883E-05,-.001
3.937969,2.212534E-04,-1.678476E-04,-2.33333E-03
3.93897,7.629453E-06,1.525888E-04,.001
3.93997,-4.57766E-05,3.280658E-04,-3.66667E-03
3.94097,3.814721E-05,5.722083E-04,-.001
3.941971,4.57766E-05,6.942786E-04,.001
3.942972,-2.059946E-04,6.866492E-04,-6.66667E-04
3.943972,-4.27248E-04,2.975482E-04,-6.66667E-04
3.944973,-4.119892E-04,3.50954E-04,-.001
3.945973,-1.06812E-04,1.907358E-04,-.002
3.946974,-1.525888E-04,2.822895E-04,6.66667E-04
3.947974,0,1.602182E-04,6.66667E-04
3.948975,-6.866502E-05,-3.814721E-05,-6.66667E-04
3.949975,-2.13624E-04,-6.866502E-05,.002
3.950975,-4.959144E-04,-9.918259E-05,-6.66667E-04
3.951976,-4.959144E-04,6.866502E-05,.001
3.952977,-1.678476E-04,2.594013E-04,.002
3.953977,-1.220712E-04,2.899189E-04,6.66667E-04
3.954978,3.051781E-05,-5.340599E-05,-6.66667E-04
3.955978,3.204364E-04,-3.051781E-05,-.001
3.956979,-2.13624E-04,-1.449594E-04,-.001
3.957979,-4.806537E-04,-5.340599E-05,6.66667E-04
3.95898,-2.975482E-04,-7.629453E-06,-6.66667E-04
3.95998,-6.103562E-05,1.297006E-04,-6.66667E-04
3.96098,-3.433246E-04,3.814721E-05,-2.33333E-03
3.961981,-2.517719E-04,-1.06812E-04,-.002
3.962982,0,-1.449594E-04,.001
3.963982,-4.57766E-05,-2.13624E-04,.001
3.964983,-1.3733E-04,-1.602182E-04,-2.33333E-03
3.965983,3.12807E-04,-8.392381E-05,-.001
3.966984,6.790198E-04,-1.449594E-04,3.66667E-03
3.967984,5.035438E-04,-2.670307E-04,.001
3.968985,2.746601E-04,-2.059946E-04,6.66667E-04
3.969985,1.831064E-04,7.629453E-06,-6.66667E-04
3.970985,1.831064E-04,7.629453E-06,-.001
3.971986,-1.525891E-05,7.629441E-05,-6.66667E-04
3.972987,-8.392381E-05,4.57766E-05,6.66667E-04
3.973987,9.15532E-05,3.814721E-05,6.66667E-04
3.974988,9.15532E-05,2.594013E-04,-2.33333E-03
3.975988,2.822895E-04,2.059946E-04,.001
3.976989,3.89101E-04,2.746601E-04,-6.66667E-04
3.977989,5.798377E-04,1.831064E-04,-6.66667E-04
3.97899,7.01908E-04,7.629441E-05,-.001
3.97999,5.264319E-04,4.196186E-04,-.001
3.98099,1.678476E-04,6.103562E-05,-.001
3.981991,-3.051781E-05,4.57766E-05,-.002
3.982992,-3.204364E-04,6.866502E-05,-6.66667E-04
3.983992,-2.822895E-04,-1.602182E-04,6.66667E-04
3.984993,-1.3733E-04,-3.967304E-04,-.001
3.985993,-7.629441E-05,-2.517719E-04,.001
3.986994,1.75477E-04,2.746601E-04,-6.66667E-04
3.987994,-2.28883E-05,3.967304E-04,-.001
3.988995,2.059946E-04,3.356952E-04,.001
3.989995,-1.3733E-04,2.365122E-04,-.001
3.990995,-5.111732E-04,1.831064E-04,.001
3.991996,-1.831064E-04,-9.918259E-05,-.002
3.992997,-8.392381E-05,6.866502E-05,-.001
3.993997,-7.629441E-05,2.288828E-04,-6.66667E-04
3.994998,-2.594013E-04,4.348774E-04,-6.66667E-04
3.995998,1.678476E-04,3.662128E-04,-6.66667E-04
3.996999,3.50954E-04,5.874671E-04,6.66667E-04
3.997999,7.629441E-05,4.501361E-04,.001
3.999,3.051781E-05,6.485023E-04,6.66667E-04
4,2.365122E-04,5.264319E-04,-6.66667E-04
