"c:\users\esrlabn1\desktop\bence\ir_spectroscopy\532nm_odmr\magnet_map_1_680nm\002.dat  ---  04-27-2026 12:21:14"
""
"cavityli 20 2 4 2000 1 0 0"
"                             ;                             ;seth_xesr_precise 326.08 1 0 -2.5"
"setlockin 188.67 0.004 0 0.03 0.2"
4,2000
2,1.144414E-04,-3.356952E-04,-.001
2.001,-6.866502E-05,1.678476E-04,.001
2.002001,-1.907358E-04,5.264319E-04,-.002
2.003001,-3.204364E-04,1.525888E-04,-.002
2.004002,-3.051781E-05,4.425067E-04,-3.66667E-03
2.005002,-2.822895E-04,2.212534E-04,.001
2.006003,-5.645789E-04,3.585834E-04,6.66667E-04
2.007004,-6.561317E-04,4.425067E-04,6.66667E-04
2.008004,-8.850135E-04,1.297006E-04,-6.66667E-04
2.009005,-7.705726E-04,-3.051781E-05,6.66667E-04
2.010005,-7.01908E-04,3.12807E-04,-6.66667E-04
2.011005,-9.231605E-04,1.525888E-04,-.001
2.012006,-1.060493E-03,-5.340599E-05,-.002
2.013006,-1.586922E-03,-4.806537E-04,6.66667E-04
2.014007,-2.433792E-03,-4.119892E-04,-.002
2.015007,-3.58583E-03,-1.3733E-04,.001
2.016008,-4.53189E-03,-1.3733E-04,-.001
2.017009,-5.027801E-03,-1.831064E-04,-6.66667E-04
2.018009,-6.210357E-03,-3.814721E-05,-.002
2.01901,-8.148253E-03,-2.059946E-04,-.002
2.02001,-9.925902E-03,-9.231605E-04,-6.66667E-04
2.02101,-1.142126E-02,-1.541145E-03,-.001
2.022011,-1.195532E-02,-1.220711E-03,6.66667E-04
2.023011,-1.210791E-02,-1.159675E-03,-.001
2.024012,-1.181799E-02,-9.53678E-04,-.001
2.025012,-1.093298E-02,-8.316077E-04,-6.66667E-04
2.026013,-9.628356E-03,-8.544959E-04,-.001
2.027014,-8.476317E-03,-8.926429E-04,-.002
2.028014,-7.293731E-03,-1.144417E-03,-.002
2.029015,-5.584747E-03,-9.53678E-04,-6.66667E-04
2.030015,-4.470855E-03,-7.553138E-04,-.001
2.031015,-3.486648E-03,-6.408729E-04,-2.33333E-03
2.032016,-2.983108E-03,-3.967304E-04,.001
2.033016,-2.113357E-03,-2.13624E-04,-.001
2.034017,-1.518257E-03,-3.051781E-05,6.66667E-04
2.035017,-1.235969E-03,-6.866502E-05,.001
2.036018,-1.060493E-03,0,.001
2.037019,-6.713904E-04,0,-.001
2.038019,-6.942786E-04,2.822895E-04,-.002
2.03902,-3.051776E-04,1.3733E-04,-3.66667E-03
2.04002,1.678476E-04,2.746601E-04,.001
2.04102,0,-2.28883E-05,6.66667E-04
2.042021,-2.13624E-04,-1.3733E-04,-6.66667E-04
2.043021,-5.416907E-04,-4.806537E-04,6.66667E-04
2.044022,-5.493201E-04,-4.501361E-04,-.001
2.045022,-3.204364E-04,-2.365122E-04,-.001
2.046023,-1.144414E-04,-4.730243E-04,.001
2.047024,3.814721E-05,-5.340613E-04,-.001
2.048024,1.449594E-04,-2.746601E-04,-.002
2.049025,1.983652E-04,-2.899189E-04,.001
2.050025,2.517719E-04,-3.204364E-04,-.002
2.051026,-8.392381E-05,-2.899189E-04,-.001
2.052026,-2.441425E-04,6.866502E-05,-6.66667E-04
2.053026,-1.907358E-04,-3.356952E-04,.001
2.054027,-4.88285E-04,-2.975482E-04,-2.33333E-03
2.055027,-4.501361E-04,3.814721E-05,-.001
2.056028,-3.662128E-04,-1.449594E-04,-.001
2.057029,-3.814721E-05,-1.525888E-04,6.66667E-04
2.058029,3.051776E-04,-5.340599E-05,-.001
2.05903,3.051776E-04,3.051776E-04,-2.33333E-03
2.06003,4.57766E-05,5.264319E-04,6.66667E-04
2.061031,-4.57766E-05,3.738422E-04,6.66667E-04
2.062031,-5.340613E-04,-3.814721E-05,6.66667E-04
2.063031,-4.501361E-04,-1.525888E-04,-6.66667E-04
2.064032,1.525891E-05,3.814721E-05,-.002
2.065032,-2.28883E-05,5.340599E-05,.001
2.066033,-1.907358E-04,1.144414E-04,-6.66667E-04
2.067034,-6.866492E-04,6.103562E-05,-6.66667E-04
2.068034,-6.256141E-04,5.340599E-05,-.002
2.069035,-1.678476E-04,7.629441E-05,.001
2.070035,-1.220712E-04,1.3733E-04,-.001
2.071036,-9.15532E-05,2.746601E-04,.001
2.072036,1.983652E-04,1.144414E-04,.001
2.073036,6.790198E-04,-2.822895E-04,-.001
2.074037,4.043598E-04,-2.13624E-04,.001
2.075037,2.212534E-04,-1.220712E-04,-3.66667E-03
2.076038,1.525888E-04,-3.12807E-04,-3.66667E-03
2.077039,1.525891E-05,-1.75477E-04,-.001
2.078039,-1.602182E-04,-5.340599E-05,6.66667E-04
2.07904,-6.790198E-04,2.288828E-04,-.001
2.08004,-3.738422E-04,3.585834E-04,2.33333E-03
2.081041,-2.517719E-04,3.12807E-04,-6.66667E-04
2.082041,1.525891E-05,3.662128E-04,-.001
2.083041,9.15532E-05,1.983652E-04,-.001
2.084042,2.746601E-04,2.594013E-04,-6.66667E-04
2.085042,4.501361E-04,5.264319E-04,-.001
2.086043,3.662128E-04,3.50954E-04,-6.66667E-04
2.087044,3.280658E-04,2.212534E-04,-.001
2.088044,0,-3.356952E-04,-.001
2.089045,7.629453E-06,-5.340613E-04,-3.66667E-03
2.090045,-6.103562E-05,-6.103562E-05,6.66667E-04
2.091046,9.918259E-05,9.15532E-05,-2.33333E-03
2.092046,9.918259E-05,-9.918259E-05,-.001
2.093046,-1.220712E-04,-5.340599E-05,6.66667E-04
2.094047,-3.967304E-04,3.814716E-04,.002
2.095047,0,5.798377E-04,-3.66667E-03
2.096048,6.713904E-04,6.561317E-04,-6.66667E-04
2.097049,8.239783E-04,1.678476E-04,6.66667E-04
2.098049,6.332435E-04,3.814721E-05,-3.66667E-03
2.09905,4.425067E-04,1.525888E-04,-.001
2.10005,9.15532E-05,3.662128E-04,-6.66667E-04
2.101051,-3.50954E-04,4.730243E-04,-.001
2.102051,-2.899189E-04,2.059946E-04,-6.66667E-04
2.103051,-4.653949E-04,-2.517719E-04,.002
2.104052,-3.967304E-04,-3.356952E-04,6.66667E-04
2.105052,-6.866502E-05,-2.594013E-04,6.66667E-04
2.106053,9.15532E-05,-2.594013E-04,-6.66667E-04
2.107054,-2.13624E-04,4.196186E-04,-6.66667E-04
2.108054,-2.670307E-04,3.280658E-04,-.001
2.109055,-1.75477E-04,3.662128E-04,.004
2.110055,-7.629453E-06,-1.602182E-04,-.001
2.111056,1.602182E-04,-1.525888E-04,-2.33333E-03
2.112056,1.75477E-04,-1.602182E-04,-.001
2.113056,6.561317E-04,1.297006E-04,-2.33333E-03
2.114057,9.689368E-04,5.722083E-04,-2.33333E-03
2.115057,4.653949E-04,3.433246E-04,-.002
2.116058,0,3.814721E-05,-6.66667E-04
2.117059,-5.340599E-05,1.525891E-05,-.001
2.118059,4.57766E-05,-1.297006E-04,-6.66667E-04
2.11906,1.144414E-04,1.3733E-04,-.001
2.12006,4.196186E-04,4.27248E-04,-6.66667E-04
2.121061,3.662128E-04,3.280658E-04,-.001
2.122061,4.57766E-05,-1.602182E-04,-.002
2.123062,5.111732E-04,-5.798377E-04,-6.66667E-04
2.124062,6.179847E-04,-4.501361E-04,6.66667E-04
2.125062,5.035438E-04,-4.348774E-04,.001
2.126063,4.119892E-04,-5.111732E-04,6.66667E-04
2.127064,6.866502E-05,-2.059946E-04,2.33333E-03
2.128064,-6.866502E-05,-9.918259E-05,-.001
2.129065,1.602182E-04,-7.629453E-06,-6.66667E-04
2.130065,3.967304E-04,1.525888E-04,-6.66667E-04
2.131066,4.425067E-04,1.678476E-04,.001
2.132066,4.196186E-04,3.356952E-04,.001
2.133067,4.577655E-04,5.645789E-04,-.001
2.134067,3.814721E-05,4.196186E-04,.001
2.135067,-1.831064E-04,3.433246E-04,-6.66667E-04
2.136068,-3.204364E-04,3.814716E-04,-6.66667E-04
2.137069,-2.288828E-04,2.899189E-04,-6.66667E-04
2.138069,-8.392381E-05,6.103553E-04,-.001
2.13907,-3.585834E-04,5.798377E-04,-2.33333E-03
2.14007,0,4.27248E-04,-.002
2.141071,3.12807E-04,3.738422E-04,-.001
2.142071,2.212534E-04,1.3733E-04,-6.66667E-04
2.143072,3.50954E-04,-2.13624E-04,6.66667E-04
2.144072,3.585834E-04,1.525888E-04,-.001
2.145072,3.433246E-04,4.196186E-04,-6.66667E-04
2.146073,9.918259E-05,1.3733E-04,6.66667E-04
2.147074,-5.722083E-04,-1.3733E-04,2.33333E-03
2.148074,-8.850135E-04,9.918259E-05,-.002
2.149075,-3.662128E-04,1.525891E-05,-.002
2.150075,9.918259E-05,-1.220712E-04,-.001
2.151076,1.678476E-04,2.670307E-04,-3.66667E-03
2.152076,2.059946E-04,5.874671E-04,-.002
2.153077,1.449594E-04,4.653949E-04,6.66667E-04
2.154077,1.297006E-04,1.525888E-04,-6.66667E-04
2.155077,-9.918259E-05,5.340599E-05,-.001
2.156078,6.332435E-04,-2.28883E-05,6.66667E-04
2.157079,6.942786E-04,-1.983652E-04,.001
2.158079,3.433246E-04,-5.340599E-05,.001
2.15908,6.103562E-05,-4.425067E-04,-2.33333E-03
2.16008,2.746601E-04,-5.340613E-04,-6.66667E-04
2.161081,2.975482E-04,-2.746601E-04,6.66667E-04
2.162081,2.441425E-04,-2.670307E-04,-2.33333E-03
2.163082,1.525888E-04,-3.50954E-04,.001
2.164082,5.035438E-04,-2.13624E-04,6.66667E-04
2.165082,4.348774E-04,-3.814721E-05,6.66667E-04
2.166083,9.918259E-05,-3.051776E-04,-.002
2.167084,-1.983652E-04,-2.746601E-04,-6.66667E-04
2.168084,-3.814716E-04,-1.75477E-04,6.66667E-04
2.169085,-2.059946E-04,3.12807E-04,6.66667E-04
2.170085,1.297006E-04,9.918259E-05,.001
2.171086,2.441425E-04,-1.602182E-04,6.66667E-04
2.172086,5.340599E-05,-3.585834E-04,-3.66667E-03
2.173087,-2.594013E-04,-3.738422E-04,-.001
2.174087,-2.441425E-04,5.340599E-05,.001
2.175087,0,7.629441E-05,.001
2.176088,-3.50954E-04,-2.975482E-04,.001
2.177088,-3.585834E-04,4.57766E-05,-.004
2.178089,-5.111732E-04,-4.043598E-04,-6.66667E-04
2.17909,-5.340599E-05,-3.280658E-04,-.001
2.18009,1.831064E-04,-3.50954E-04,6.66667E-04
2.181091,4.425067E-04,-2.746601E-04,-3.66667E-03
2.182091,5.264319E-04,7.629453E-06,-.002
2.183092,5.493201E-04,7.629441E-05,6.66667E-04
2.184092,5.874671E-04,-9.15532E-05,-.002
2.185092,3.814721E-05,-2.13624E-04,-.001
2.186093,-4.425067E-04,-5.645789E-04,-6.66667E-04
2.187093,-1.678476E-04,-1.983652E-04,-.001
2.188094,2.28883E-05,-2.670307E-04,-.001
2.189095,-1.831064E-04,-1.06812E-04,.001
2.190095,-2.441425E-04,8.392381E-05,6.66667E-04
2.191096,-1.75477E-04,1.983652E-04,.001
2.192096,1.144414E-04,1.75477E-04,-3.66667E-03
2.193097,4.196186E-04,1.06812E-04,-.001
2.194097,-3.051781E-05,4.57766E-05,-2.33333E-03
2.195097,-4.119892E-04,1.525888E-04,.001
2.196098,-4.577655E-04,0,.001
2.197098,3.051781E-05,-9.918259E-05,-.002
2.198099,2.441425E-04,-1.831064E-04,-.002
2.1991,-1.06812E-04,-2.28883E-05,-.001
2.2001,-5.722083E-04,-3.280658E-04,2.33333E-03
2.201101,-2.441425E-04,-1.144414E-04,-.001
2.202101,-4.27248E-04,4.57766E-05,-6.66667E-04
2.203102,4.57766E-05,3.280658E-04,6.66667E-04
2.204102,1.449594E-04,3.433246E-04,-.001
2.205102,-3.051781E-05,4.043598E-04,.001
2.206103,1.678476E-04,2.059946E-04,6.66667E-04
2.207103,4.425067E-04,9.15532E-05,6.66667E-04
2.208104,2.212534E-04,0,-6.66667E-04
2.209105,5.340599E-05,4.57766E-05,6.66667E-04
2.210105,-2.288828E-04,9.918259E-05,.001
2.211106,-5.416907E-04,1.602182E-04,6.66667E-04
2.212106,-2.975482E-04,2.059946E-04,-.001
2.213107,1.144414E-04,1.06812E-04,-6.66667E-04
2.214107,3.662128E-04,1.3733E-04,-.001
2.215107,1.75477E-04,1.983652E-04,-.001
2.216108,3.051781E-05,4.57766E-05,-6.66667E-04
2.217108,8.392381E-05,-2.288828E-04,-.001
2.218109,-7.629441E-05,7.629453E-06,-.002
2.21911,3.12807E-04,-2.28883E-05,-6.66667E-04
2.22011,3.051781E-05,-2.13624E-04,-.002
2.221111,-1.449594E-04,-6.866502E-05,.001
2.222111,-4.27248E-04,-7.629441E-05,.001
2.223112,-1.602182E-04,8.392381E-05,.001
2.224112,-2.059946E-04,8.392381E-05,-.001
2.225112,-2.059946E-04,-3.89101E-04,6.66667E-04
2.226113,-4.88285E-04,-5.340613E-04,2.33333E-03
2.227113,-7.40055E-04,-2.212534E-04,-.001
2.228114,-6.63761E-04,1.75477E-04,-6.66667E-04
2.229115,-2.822895E-04,3.051776E-04,-.001
2.230115,-6.103562E-05,3.738422E-04,-.001
2.231116,3.051776E-04,3.356952E-04,6.66667E-04
2.232116,5.035438E-04,1.525888E-04,-.002
2.233117,6.103562E-05,2.28883E-05,-6.66667E-04
2.234117,-5.035438E-04,-4.57766E-05,-3.66667E-03
2.235118,-4.806537E-04,-2.899189E-04,.001
2.236118,-1.907358E-04,-3.051776E-04,6.66667E-04
2.237118,1.525888E-04,-6.103562E-05,6.66667E-04
2.238119,4.043598E-04,3.814721E-05,.001
2.23912,4.57766E-05,-5.340599E-05,-6.66667E-04
2.24012,-2.059946E-04,-2.13624E-04,-.001
2.241121,-7.629441E-05,-1.907358E-04,-.002
2.242121,-3.280658E-04,-3.280658E-04,-6.66667E-04
2.243122,-3.280658E-04,-2.746601E-04,6.66667E-04
2.244122,-4.119892E-04,-3.585834E-04,-2.33333E-03
2.245123,-3.738422E-04,-4.425067E-04,-.002
2.246123,-2.746601E-04,-1.602182E-04,6.66667E-04
2.247123,4.57766E-05,-3.204364E-04,-.001
2.248124,5.188026E-04,-4.730243E-04,-6.66667E-04
2.249125,7.095374E-04,-1.144414E-04,6.66667E-04
2.250125,3.433246E-04,5.340599E-05,6.66667E-04
2.251126,2.594013E-04,-9.918259E-05,6.66667E-04
2.252126,3.051781E-05,-2.13624E-04,-6.66667E-04
2.253127,3.051776E-04,-1.983652E-04,6.66667E-04
2.254127,2.670307E-04,-4.806537E-04,2.33333E-03
2.255128,3.051781E-05,-3.814716E-04,-.002
2.256128,-3.814716E-04,-3.50954E-04,-6.66667E-04
2.257128,-4.27248E-04,-2.212534E-04,-2.33333E-03
2.258129,-5.569495E-04,-3.814721E-05,.002
2.25913,-3.89101E-04,-2.28883E-05,6.66667E-04
2.26013,-4.653949E-04,-2.975482E-04,6.66667E-04
2.261131,-6.103562E-05,-2.822895E-04,-6.66667E-04
2.262131,-2.212534E-04,-7.324256E-04,6.66667E-04
2.263132,-7.629453E-06,-8.087195E-04,.002
2.264132,-1.602182E-04,-2.822895E-04,6.66667E-04
2.265133,-1.297006E-04,3.814721E-05,6.66667E-04
2.266133,8.392381E-05,1.297006E-04,-.001
2.267133,-3.814721E-05,-6.103562E-05,.001
2.268134,-1.06812E-04,-1.983652E-04,-6.66667E-04
2.269135,5.340599E-05,-6.866502E-05,-.001
2.270135,2.28883E-05,3.662128E-04,-2.33333E-03
2.271136,-3.356952E-04,6.408729E-04,-2.33333E-03
2.272136,-6.485023E-04,6.790198E-04,-.002
2.273137,-4.196186E-04,5.798377E-04,-6.66667E-04
2.274137,-3.814716E-04,2.517719E-04,-6.66667E-04
2.275138,-1.602182E-04,-3.204364E-04,-2.33333E-03
2.276138,3.356952E-04,-3.051781E-05,-6.66667E-04
2.277139,6.103553E-04,-1.06812E-04,6.66667E-04
2.278139,4.653949E-04,3.814721E-05,.001
2.27914,2.517719E-04,-1.525891E-05,6.66667E-04
2.28014,5.340599E-05,-1.831064E-04,-.001
2.281141,3.12807E-04,-4.043598E-04,-.001
2.282141,4.196186E-04,-4.043598E-04,-.001
2.283142,0,-5.569495E-04,-2.33333E-03
2.284142,-2.746601E-04,-5.111732E-04,6.66667E-04
2.285143,-4.501361E-04,-1.06812E-04,-6.66667E-04
2.286143,-1.525891E-05,-3.967304E-04,-6.66667E-04
2.287144,4.57766E-05,-2.899189E-04,-6.66667E-04
2.288144,-3.814721E-05,-3.814716E-04,-6.66667E-04
2.289145,-1.983652E-04,-2.28883E-05,.001
2.290145,-3.50954E-04,3.738422E-04,6.66667E-04
2.291146,-2.441425E-04,2.441425E-04,-6.66667E-04
2.292146,-6.942786E-04,9.918259E-05,-.001
2.293147,-7.324256E-04,4.806537E-04,.001
2.294147,-1.602182E-04,2.212534E-04,.001
2.295148,1.75477E-04,2.594013E-04,-6.66667E-04
2.296148,5.340599E-05,1.983652E-04,-6.66667E-04
2.297149,-1.831064E-04,4.57766E-05,-6.66667E-04
2.298149,-3.662128E-04,2.28883E-05,-.002
2.29915,-2.899189E-04,-1.525891E-05,-6.66667E-04
2.30015,-9.918259E-05,3.051776E-04,-.002
2.301151,7.629441E-05,1.449594E-04,.001
2.302151,3.814716E-04,7.629441E-05,.001
2.303152,4.348774E-04,7.629453E-06,-.002
2.304152,4.348774E-04,-8.392381E-05,-.001
2.305153,4.119892E-04,-1.831064E-04,6.66667E-04
2.306153,2.517719E-04,3.051781E-05,.002
2.307154,-1.3733E-04,-2.28883E-05,-6.66667E-04
2.308154,-1.3733E-04,1.144414E-04,.001
2.309155,3.051781E-05,-2.059946E-04,6.66667E-04
2.310155,-1.525891E-05,-1.75477E-04,-.002
2.311156,-1.3733E-04,-8.392381E-05,-.001
2.312156,-1.525888E-04,-1.983652E-04,-.002
2.313157,-2.212534E-04,9.918259E-05,-.002
2.314157,-4.806537E-04,2.059946E-04,-.001
2.315158,-2.517719E-04,9.15532E-05,.001
2.316158,-2.288828E-04,9.918259E-05,-.002
2.317159,-2.441425E-04,-2.13624E-04,-3.66667E-03
2.318159,1.525891E-05,-1.602182E-04,-3.66667E-03
2.31916,-5.340599E-05,-2.059946E-04,-6.66667E-04
2.32016,0,-2.594013E-04,-.002
2.321161,7.629441E-05,5.340599E-05,-3.66667E-03
2.322161,-3.814721E-05,1.525888E-04,-.001
2.323162,-2.288828E-04,2.899189E-04,-2.33333E-03
2.324162,-2.13624E-04,4.577655E-04,.002
2.325163,-2.365122E-04,2.670307E-04,-.001
2.326163,-2.212534E-04,1.602182E-04,-.002
2.327164,-2.517719E-04,-1.3733E-04,-6.66667E-04
2.328164,-1.220712E-04,1.525888E-04,6.66667E-04
2.329165,1.144414E-04,3.662128E-04,6.66667E-04
2.330165,6.103562E-05,1.3733E-04,-3.66667E-03
2.331166,-1.525888E-04,-4.57766E-05,-6.66667E-04
2.332166,5.340599E-05,-4.043598E-04,-.002
2.333167,7.629441E-05,-2.670307E-04,6.66667E-04
2.334167,1.220712E-04,-3.738422E-04,6.66667E-04
2.335168,-3.814721E-05,-7.629441E-05,-2.33333E-03
2.336168,-3.356952E-04,-2.28883E-05,-.002
2.337169,-4.425067E-04,1.144414E-04,6.66667E-04
2.338169,-6.256141E-04,0,-.001
2.33917,-2.594013E-04,-5.111732E-04,-6.66667E-04
2.34017,-4.425067E-04,-5.645789E-04,.001
2.341171,-4.959144E-04,-3.585834E-04,.002
2.342171,-3.12807E-04,1.602182E-04,-.002
2.343172,-2.28883E-05,4.119892E-04,.001
2.344172,3.12807E-04,4.043598E-04,-.001
2.345173,9.918259E-05,1.220712E-04,-.001
2.346173,1.983652E-04,0,.001
2.347174,4.730243E-04,-2.899189E-04,-.001
2.348174,6.179847E-04,-1.220712E-04,-.001
2.349174,2.517719E-04,-1.525891E-05,.001
2.350175,1.525891E-05,8.392381E-05,-6.66667E-04
2.351176,3.585834E-04,-1.983652E-04,-.002
2.352176,4.501361E-04,-1.983652E-04,-.001
2.353177,3.280658E-04,-9.918259E-05,-.002
2.354177,2.975482E-04,1.525891E-05,-6.66667E-04
2.355178,-2.28883E-05,-1.907358E-04,6.66667E-04
2.356178,-9.918259E-05,9.15532E-05,6.66667E-04
2.357179,-1.297006E-04,-9.15532E-05,6.66667E-04
2.358179,-1.525891E-05,-2.365122E-04,6.66667E-04
2.359179,5.340599E-05,7.629453E-06,-.002
2.36018,-5.340599E-05,3.12807E-04,-.001
2.361181,-6.866502E-05,3.814716E-04,6.66667E-04
2.362181,-7.629441E-05,2.517719E-04,6.66667E-04
2.363182,2.517719E-04,2.899189E-04,-.002
2.364182,2.365122E-04,9.918259E-05,.001
2.365183,4.425067E-04,-1.907358E-04,-.001
2.366183,6.103553E-04,-2.212534E-04,-.002
2.367184,2.059946E-04,-2.288828E-04,-.002
2.368184,1.983652E-04,-1.907358E-04,-.001
2.369184,1.144414E-04,7.629453E-06,-.001
2.370185,5.035438E-04,-4.57766E-05,.001
2.371186,5.264319E-04,1.678476E-04,-6.66667E-04
2.372186,-1.525891E-05,3.204364E-04,-.002
2.373187,-2.822895E-04,7.629453E-06,-.001
2.374187,-1.06812E-04,-3.356952E-04,-.002
2.375188,1.3733E-04,-3.204364E-04,-.002
2.376188,-1.06812E-04,8.392381E-05,-6.66667E-04
2.377189,-9.15532E-05,1.525888E-04,.001
2.378189,-6.103562E-05,-1.449594E-04,-3.66667E-03
2.379189,-1.06812E-04,-2.13624E-04,.002
2.38019,-1.831064E-04,0,-.001
2.381191,2.975482E-04,2.441425E-04,6.66667E-04
2.382191,5.416907E-04,1.75477E-04,-3.66667E-03
2.383192,1.983652E-04,9.15532E-05,-2.33333E-03
2.384192,3.662128E-04,-4.425067E-04,.001
2.385193,4.27248E-04,-3.280658E-04,-.002
2.386193,3.433246E-04,-3.051781E-05,-.002
2.387194,-9.15532E-05,1.525891E-05,.002
2.388194,-9.918259E-05,-7.629441E-05,-6.66667E-04
2.389194,-2.28883E-05,-9.918259E-05,-.001
2.390195,1.678476E-04,4.57766E-05,-6.66667E-04
2.391196,7.629441E-05,1.144414E-04,-.002
2.392196,-2.670307E-04,1.3733E-04,-2.33333E-03
2.393197,-1.678476E-04,3.433246E-04,-2.33333E-03
2.394197,-5.340599E-05,1.3733E-04,-6.66667E-04
2.395198,-4.043598E-04,2.28883E-05,-.002
2.396198,-4.119892E-04,0,-.001
2.397199,-3.662128E-04,1.525888E-04,-6.66667E-04
2.398199,-1.06812E-04,-6.103562E-05,-.001
2.399199,-2.059946E-04,1.220712E-04,-6.66667E-04
2.4002,-2.13624E-04,6.103562E-05,-.002
2.401201,-3.814716E-04,-1.06812E-04,-.002
2.402201,-3.585834E-04,1.525888E-04,-.001
2.403202,-2.594013E-04,3.738422E-04,-6.66667E-04
2.404202,-2.13624E-04,6.103553E-04,-.002
2.405203,-2.28883E-05,4.27248E-04,-6.66667E-04
2.406203,-1.06812E-04,5.340599E-05,-6.66667E-04
2.407204,2.059946E-04,-1.3733E-04,-6.66667E-04
2.408204,5.035438E-04,9.15532E-05,.001
2.409204,1.449594E-04,1.06812E-04,-.001
2.410205,9.918259E-05,1.525888E-04,.001
2.411206,-2.13624E-04,-9.918259E-05,-.001
2.412206,-3.280658E-04,9.918259E-05,-.002
2.413207,-2.670307E-04,4.119892E-04,-6.66667E-04
2.414207,-1.75477E-04,2.288828E-04,-.002
2.415208,-9.918259E-05,-1.831064E-04,-6.66667E-04
2.416208,-5.340599E-05,2.059946E-04,-.002
2.417209,1.525891E-05,2.594013E-04,-.002
2.418209,9.918259E-05,2.975482E-04,-.002
2.41921,1.449594E-04,3.662128E-04,.002
2.42021,1.907358E-04,2.212534E-04,.002
2.421211,1.3733E-04,1.983652E-04,6.66667E-04
2.422211,-2.517719E-04,6.179847E-04,-.001
2.423212,-1.144414E-04,8.621253E-04,-.001
2.424212,2.517719E-04,6.408729E-04,6.66667E-04
2.425213,4.119892E-04,6.942786E-04,-6.66667E-04
2.426213,9.918259E-05,4.501361E-04,-.002
2.427214,-1.220712E-04,-8.392381E-05,-6.66667E-04
2.428214,1.525891E-05,-2.365122E-04,-6.66667E-04
2.429215,-1.602182E-04,-2.059946E-04,.001
2.430215,-1.297006E-04,4.57766E-05,.001
2.431216,-3.967304E-04,3.12807E-04,-5.66667E-03
2.432216,-3.356952E-04,1.3733E-04,-6.66667E-04
2.433217,-7.171668E-04,3.814721E-05,6.66667E-04
2.434217,-9.002723E-04,3.280658E-04,-.002
2.435218,-3.12807E-04,3.204364E-04,-6.66667E-04
2.436218,4.57766E-05,6.103562E-05,2.33333E-03
2.437219,1.602182E-04,1.907358E-04,.001
2.438219,3.12807E-04,2.28883E-05,.001
2.43922,3.89101E-04,2.670307E-04,6.66667E-04
2.44022,-1.525891E-05,4.425067E-04,-6.66667E-04
2.441221,-9.15532E-05,3.50954E-04,-6.66667E-04
2.442221,1.983652E-04,5.340599E-05,-.001
2.443222,3.12807E-04,-3.814716E-04,6.66667E-04
2.444222,2.975482E-04,-3.50954E-04,-.002
2.445223,1.907358E-04,-6.027259E-04,6.66667E-04
2.446223,1.3733E-04,-2.670307E-04,-.002
2.447224,-6.103562E-05,4.119892E-04,-6.66667E-04
2.448224,7.629453E-06,3.662128E-04,-.001
2.449225,-4.57766E-05,2.517719E-04,.001
2.450225,1.525888E-04,1.831064E-04,-6.66667E-04
2.451226,-9.15532E-05,2.670307E-04,-6.66667E-04
2.452226,-2.212534E-04,4.196186E-04,.001
2.453227,-1.144414E-04,4.730243E-04,-.001
2.454227,-2.365122E-04,-9.15532E-05,-2.33333E-03
2.455228,1.831064E-04,-2.059946E-04,-.002
2.456228,-1.602182E-04,1.678476E-04,-6.66667E-04
2.457229,-2.594013E-04,9.15532E-05,-.002
2.458229,0,5.340599E-05,-6.66667E-04
2.45923,2.365122E-04,3.814721E-05,-.001
2.46023,1.144414E-04,-2.365122E-04,-.001
2.461231,1.907358E-04,-1.602182E-04,-.001
2.462231,-1.144414E-04,-6.866502E-05,-.001
2.463232,6.103562E-05,-9.15532E-05,-3.66667E-03
2.464232,-1.06812E-04,6.103562E-05,.001
2.465233,-1.06812E-04,2.594013E-04,-6.66667E-04
2.466233,3.051776E-04,3.204364E-04,-.002
2.467234,4.959144E-04,3.051781E-05,-6.66667E-04
2.468234,5.798377E-04,-1.678476E-04,-.001
2.469235,6.485023E-04,-7.629441E-05,-.002
2.470235,3.356952E-04,1.983652E-04,6.66667E-04
2.471236,2.365122E-04,-3.204364E-04,-.001
2.472236,2.899189E-04,-2.059946E-04,-.002
2.473237,2.594013E-04,0,-6.66667E-04
2.474237,2.594013E-04,3.433246E-04,-.001
2.475238,3.738422E-04,6.790198E-04,-6.66667E-04
2.476238,3.50954E-04,5.188026E-04,-.001
2.477239,3.356952E-04,0,-6.66667E-04
2.478239,2.059946E-04,-1.907358E-04,-2.33333E-03
2.47924,2.517719E-04,-1.06812E-04,6.66667E-04
2.48024,2.899189E-04,-8.392381E-05,-.001
2.481241,1.525888E-04,-2.365122E-04,.001
2.482241,2.517719E-04,-3.738422E-04,-.001
2.483242,3.662128E-04,-5.798377E-04,.001
2.484242,4.119892E-04,-4.119892E-04,.002
2.485243,2.365122E-04,7.629441E-05,-.002
2.486243,1.220712E-04,-3.051776E-04,-.001
2.487244,1.449594E-04,-3.356952E-04,6.66667E-04
2.488244,1.75477E-04,-1.602182E-04,-6.66667E-04
2.489245,1.525891E-05,-3.814721E-05,-.001
2.490245,-1.907358E-04,-1.831064E-04,6.66667E-04
2.491246,-4.119892E-04,-7.01908E-04,6.66667E-04
2.492246,-3.738422E-04,-6.332435E-04,-6.66667E-04
2.493247,-3.814721E-05,-2.670307E-04,.002
2.494247,1.3733E-04,-2.746601E-04,-6.66667E-04
2.495248,0,-2.365122E-04,-.002
2.496248,-6.103562E-05,-2.13624E-04,-.002
2.497249,4.57766E-05,-1.220712E-04,.002
2.498249,6.103562E-05,-1.449594E-04,-.001
2.49925,-9.918259E-05,1.297006E-04,-6.66667E-04
2.50025,-1.06812E-04,9.918259E-05,-.001
2.501251,-9.918259E-05,-1.297006E-04,-6.66667E-04
2.502251,1.983652E-04,-3.051776E-04,-.001
2.503252,-1.297006E-04,-1.525891E-05,-.002
2.504252,-3.204364E-04,3.433246E-04,.001
2.505253,-2.670307E-04,5.645789E-04,-.001
2.506253,-7.629441E-05,5.416907E-04,-.002
2.507254,-1.3733E-04,1.907358E-04,-.002
2.508254,-1.983652E-04,1.06812E-04,6.66667E-04
2.509255,-6.332435E-04,3.814716E-04,-6.66667E-04
2.510255,-8.392371E-04,-3.051781E-05,6.66667E-04
2.511256,-5.493201E-04,7.629453E-06,.001
2.512256,-5.340613E-04,-7.629441E-05,-.001
2.513257,-2.975482E-04,-1.831064E-04,-6.66667E-04
2.514257,1.75477E-04,-2.059946E-04,.001
2.515258,3.204364E-04,-1.3733E-04,-.001
2.516258,5.874671E-04,-1.144414E-04,-6.66667E-04
2.517259,7.476844E-04,2.975482E-04,-.001
2.518259,2.059946E-04,2.899189E-04,.001
2.51926,-1.525888E-04,6.866502E-05,6.66667E-04
2.52026,-5.111732E-04,4.57766E-05,-.002
2.521261,-2.746601E-04,-3.585834E-04,-.002
2.522261,-1.3733E-04,-3.738422E-04,6.66667E-04
2.523262,-1.220712E-04,-1.449594E-04,-2.33333E-03
2.524262,-1.525888E-04,3.280658E-04,-.001
2.525263,4.57766E-05,5.569495E-04,-6.66667E-04
2.526263,4.959144E-04,3.662128E-04,6.66667E-04
2.527264,5.264319E-04,4.043598E-04,6.66667E-04
2.528264,4.653949E-04,4.653949E-04,-.002
2.529265,3.433246E-04,4.196186E-04,-.001
2.530265,4.57766E-05,3.50954E-04,6.66667E-04
2.531266,-1.983652E-04,4.57766E-05,.001
2.532266,-1.06812E-04,2.594013E-04,6.66667E-04
2.533267,-9.918259E-05,3.204364E-04,6.66667E-04
2.534267,1.144414E-04,3.204364E-04,-6.66667E-04
2.535268,1.297006E-04,4.043598E-04,-.001
2.536268,-2.441425E-04,3.051776E-04,6.66667E-04
2.537269,-5.035438E-04,5.493201E-04,.001
2.538269,-2.059946E-04,5.645789E-04,-.001
2.53927,3.051781E-05,2.975482E-04,-.002
2.54027,5.340599E-05,1.525888E-04,.002
2.541271,-1.144414E-04,2.746601E-04,-.001
2.542271,-3.204364E-04,1.831064E-04,-.001
2.543272,-2.899189E-04,5.111732E-04,-.002
2.544272,-3.051781E-05,3.814721E-05,.001
2.545273,-3.50954E-04,2.13624E-04,-6.66667E-04
2.546273,-1.525891E-05,3.585834E-04,-3.66667E-03
2.547274,7.629453E-06,3.433246E-04,-6.66667E-04
2.548274,-2.822895E-04,-8.392381E-05,6.66667E-04
2.549275,-3.89101E-04,-3.585834E-04,.001
2.550275,0,-6.256141E-04,6.66667E-04
2.551276,1.678476E-04,-7.171668E-04,-.001
2.552276,1.525891E-05,-5.416907E-04,6.66667E-04
2.553277,1.602182E-04,-1.602182E-04,6.66667E-04
2.554277,-1.220712E-04,-2.594013E-04,-.004
2.555278,-3.50954E-04,-3.738422E-04,-6.66667E-04
2.556278,-1.06812E-04,-6.027259E-04,6.66667E-04
2.557279,0,-2.288828E-04,-.001
2.558279,-3.738422E-04,-1.525891E-05,-.001
2.55928,-2.13624E-04,2.28883E-05,-.001
2.56028,-2.288828E-04,0,-.002
2.561281,-3.814721E-05,1.449594E-04,-6.66667E-04
2.562281,2.441425E-04,-1.602182E-04,-.001
2.563282,-1.831064E-04,-9.15532E-05,.002
2.564282,-1.983652E-04,-1.525888E-04,6.66667E-04
2.565283,-1.144414E-04,-3.738422E-04,-.001
2.566283,1.3733E-04,-6.256141E-04,6.66667E-04
2.567284,1.525888E-04,-3.051776E-04,.001
2.568284,0,1.220712E-04,.002
2.569285,-9.15532E-05,4.57766E-05,2.33333E-03
2.570285,1.907358E-04,2.441425E-04,2.33333E-03
2.571286,1.220712E-04,7.629441E-05,-.001
2.572286,9.918259E-05,-1.602182E-04,-.001
2.573287,0,-2.670307E-04,-.001
2.574287,-1.602182E-04,-6.103562E-05,.001
2.575288,-7.629453E-06,8.392381E-05,-.002
2.576288,-7.629441E-05,2.594013E-04,6.66667E-04
2.577289,-3.738422E-04,2.594013E-04,-.002
2.578289,-1.983652E-04,4.57766E-05,6.66667E-04
2.57929,9.918259E-05,-7.629453E-06,-6.66667E-04
2.58029,1.75477E-04,1.297006E-04,-2.33333E-03
2.581291,2.28883E-05,4.57766E-05,-6.66667E-04
2.582291,-1.602182E-04,-1.983652E-04,-.001
2.583292,-4.348774E-04,1.220712E-04,-3.66667E-03
2.584292,-4.653949E-04,1.144414E-04,-6.66667E-04
2.585293,-6.866492E-04,-3.662128E-04,-.001
2.586293,-4.348774E-04,-2.13624E-04,.002
2.587294,-2.517719E-04,-2.13624E-04,-.002
2.588294,-5.340599E-05,-6.866502E-05,-.001
2.589295,-7.629453E-06,3.814721E-05,-3.66667E-03
2.590295,-5.340599E-05,-7.629453E-06,-.001
2.591296,-3.662128E-04,1.525888E-04,-.002
2.592296,-1.831064E-04,-2.28883E-05,-.001
2.593297,1.144414E-04,-1.144414E-04,-6.66667E-04
2.594297,2.28883E-05,-6.103562E-05,-.001
2.595298,2.212534E-04,-5.340599E-05,-6.66667E-04
2.596298,4.57766E-05,-2.365122E-04,-6.66667E-04
2.597299,-3.12807E-04,-1.525888E-04,-6.66667E-04
2.598299,-3.814721E-05,-2.059946E-04,-.001
2.5993,1.831064E-04,0,-6.66667E-04
2.6003,4.043598E-04,-1.525891E-05,-6.66667E-04
2.601301,3.356952E-04,-2.28883E-05,6.66667E-04
2.602301,1.525888E-04,-1.678476E-04,-.001
2.603302,-1.983652E-04,1.983652E-04,-.001
2.604302,-1.983652E-04,5.569495E-04,-.001
2.605303,-2.059946E-04,4.730243E-04,-.002
2.606303,2.059946E-04,7.171668E-04,6.66667E-04
2.607304,1.678476E-04,1.449594E-04,6.66667E-04
2.608304,6.866502E-05,-4.730243E-04,6.66667E-04
2.609305,-1.907358E-04,-4.577655E-04,-.001
2.610305,-3.814716E-04,-1.06812E-04,6.66667E-04
2.611306,-1.297006E-04,1.525891E-05,.001
2.612306,-2.670307E-04,-2.441425E-04,-.001
2.613307,-3.280658E-04,-1.831064E-04,.001
2.614307,-5.340599E-05,0,-3.66667E-03
2.615308,8.392381E-05,2.975482E-04,-2.33333E-03
2.616308,-2.059946E-04,9.918259E-05,6.66667E-04
2.617309,-1.907358E-04,-1.75477E-04,-.001
2.618309,-1.678476E-04,-1.983652E-04,-6.66667E-04
2.61931,-3.051781E-05,4.57766E-05,6.66667E-04
2.62031,3.814721E-05,1.983652E-04,.001
2.621311,-4.57766E-05,9.918259E-05,-6.66667E-04
2.622311,-2.13624E-04,-2.28883E-05,.001
2.623312,-3.204364E-04,6.103562E-05,-.001
2.624312,-8.392381E-05,1.449594E-04,-3.66667E-03
2.625313,9.918259E-05,1.297006E-04,-3.66667E-03
2.626313,4.043598E-04,9.15532E-05,-.001
2.627314,-7.629453E-06,3.12807E-04,-.001
2.628314,2.441425E-04,1.220712E-04,-.002
2.629315,1.983652E-04,2.059946E-04,-.002
2.630315,-1.220712E-04,-2.28883E-05,.001
2.631316,-2.13624E-04,-3.814721E-05,-6.66667E-04
2.632316,-1.06812E-04,-7.629453E-06,.001
2.633317,2.212534E-04,2.517719E-04,6.66667E-04
2.634317,5.645789E-04,2.517719E-04,-.001
2.635318,3.051776E-04,-6.103562E-05,6.66667E-04
2.636318,1.525891E-05,-1.3733E-04,-.002
2.637319,1.602182E-04,-4.043598E-04,-6.66667E-04
2.638319,2.13624E-04,-3.585834E-04,-.002
2.63932,-1.06812E-04,-1.525888E-04,-6.66667E-04
2.64032,-5.188026E-04,8.392381E-05,.002
2.641321,-3.356952E-04,3.204364E-04,-6.66667E-04
2.642321,-7.629441E-05,-4.57766E-05,.001
2.643322,9.918259E-05,9.918259E-05,-6.66667E-04
2.644322,-7.629453E-06,3.051776E-04,-.001
2.645323,-7.629453E-06,3.12807E-04,.001
2.646323,3.051781E-05,2.441425E-04,-.001
2.647324,-5.340599E-05,2.594013E-04,-.002
2.648324,-1.220712E-04,9.15532E-05,-.002
2.649325,-9.918259E-05,-4.57766E-05,-2.33333E-03
2.650325,4.27248E-04,-8.392381E-05,-.001
2.651326,2.441425E-04,1.3733E-04,-.002
2.652326,4.57766E-05,3.738422E-04,-.001
2.653327,1.06812E-04,3.89101E-04,6.66667E-04
2.654327,-5.340599E-05,4.730243E-04,-.001
2.655328,-3.280658E-04,1.678476E-04,-.001
2.656328,7.629453E-06,9.918259E-05,.002
2.657329,2.059946E-04,-2.822895E-04,-6.66667E-04
2.658329,2.059946E-04,-5.340599E-05,-.001
2.65933,-1.602182E-04,-7.629453E-06,-.002
2.66033,-2.670307E-04,-1.602182E-04,.001
2.661331,-1.449594E-04,-1.525891E-05,-.002
2.662331,-1.297006E-04,6.103562E-05,-.001
2.663332,-3.051781E-05,2.822895E-04,-5.33333E-03
2.664332,1.525888E-04,-4.043598E-04,-.001
2.665333,7.629441E-05,-3.204364E-04,.001
2.666333,7.629453E-06,1.525891E-05,-2.33333E-03
2.667334,-1.449594E-04,1.449594E-04,6.66667E-04
2.668334,-3.204364E-04,3.662128E-04,-.001
2.669335,-5.188026E-04,2.365122E-04,-.002
2.670335,-6.179847E-04,2.365122E-04,-6.66667E-04
2.671336,-7.553138E-04,0,-.001
2.672336,-7.247962E-04,-3.814721E-05,-6.66667E-04
2.673337,-1.029976E-03,2.212534E-04,-6.66667E-04
2.674337,-1.266487E-03,3.433246E-04,-.002
2.675338,-1.441963E-03,-1.06812E-04,2.33333E-03
2.676338,-1.564033E-03,-1.831064E-04,-.001
2.677339,-2.014175E-03,1.06812E-04,-2.33333E-03
2.678339,-2.059951E-03,-7.629453E-06,-.001
2.67934,-2.349868E-03,-2.670307E-04,-.001
2.68034,-2.624527E-03,-4.57766E-05,-.002
2.681341,-3.120437E-03,1.831064E-04,.002
2.682341,-3.517166E-03,1.602182E-04,-.001
2.683342,-3.700271E-03,1.3733E-04,6.66667E-04
2.684342,-3.58583E-03,-6.866502E-05,-.001
2.685343,-3.479019E-03,-2.28883E-05,6.66667E-04
2.686343,-3.067032E-03,6.103562E-05,6.66667E-04
2.687344,-3.097549E-03,3.12807E-04,-6.66667E-04
2.688344,-2.693191E-03,1.983652E-04,-3.66667E-03
2.689345,-2.128616E-03,6.103562E-05,.002
2.690345,-1.693733E-03,3.814721E-05,-.002
2.691346,-1.213081E-03,2.059946E-04,6.66667E-04
2.692346,-1.029976E-03,1.678476E-04,6.66667E-04
2.693347,-9.53678E-04,1.3733E-04,-.001
2.694347,-6.027259E-04,-2.822895E-04,-.001
2.695348,-1.75477E-04,-5.493201E-04,-.002
2.696348,-1.907358E-04,-4.119892E-04,-.001
2.697349,-5.340599E-05,-2.670307E-04,-6.66667E-04
2.698349,1.525888E-04,-1.525891E-05,-6.66667E-04
2.69935,-2.212534E-04,5.493201E-04,-6.66667E-04
2.70035,-5.340613E-04,8.087195E-04,-6.66667E-04
2.701351,-5.722083E-04,7.324256E-04,-6.66667E-04
2.702351,-6.332435E-04,3.738422E-04,-6.66667E-04
2.703352,-1.678476E-04,-2.13624E-04,-6.66667E-04
2.704352,-6.103562E-05,0,.001
2.705353,2.975482E-04,2.13624E-04,6.66667E-04
2.706353,2.746601E-04,-1.144414E-04,-.002
2.707354,1.449594E-04,-1.602182E-04,-.004
2.708354,-7.629453E-06,-7.629441E-05,6.66667E-04
2.709355,-6.103562E-05,-2.28883E-05,-.001
2.710355,0,3.585834E-04,-.002
2.711356,3.814721E-05,4.043598E-04,-.001
2.712356,-2.28883E-05,-1.678476E-04,-.001
2.713357,5.340599E-05,-1.602182E-04,-6.66667E-04
2.714357,2.746601E-04,-3.356952E-04,2.33333E-03
2.715358,4.57766E-05,2.28883E-05,-.001
2.716358,-9.15532E-05,2.365122E-04,-.001
2.717359,2.13624E-04,3.585834E-04,-.002
2.718359,3.662128E-04,9.918259E-05,-6.66667E-04
2.71936,2.288828E-04,-1.220712E-04,-.002
2.72036,2.288828E-04,3.051781E-05,-2.33333E-03
2.721361,-1.220712E-04,6.408729E-04,-.002
2.722361,-4.577655E-04,8.773841E-04,-2.33333E-03
2.723362,-3.204364E-04,9.384193E-04,-3.66667E-03
2.724362,0,5.188026E-04,-.001
2.725363,-2.594013E-04,3.12807E-04,-.001
2.726363,-4.425067E-04,3.814716E-04,.001
2.727364,-1.678476E-04,2.13624E-04,.002
2.728364,-3.50954E-04,-3.814721E-05,6.66667E-04
2.729365,-2.670307E-04,2.975482E-04,-.001
2.730365,1.831064E-04,4.425067E-04,-.001
2.731366,4.196186E-04,0,.001
2.732366,3.967304E-04,-7.629441E-05,-6.66667E-04
2.733367,3.12807E-04,-1.3733E-04,-.002
2.734367,2.594013E-04,0,-.001
2.735368,-4.57766E-05,1.678476E-04,-.002
2.736368,-1.525888E-04,1.449594E-04,6.66667E-04
2.737369,-2.670307E-04,-1.525891E-05,-.002
2.738369,-5.874671E-04,5.416907E-04,2.33333E-03
2.73937,-6.027259E-04,6.408729E-04,-6.66667E-04
2.74037,2.28883E-05,3.738422E-04,-6.66667E-04
2.741371,2.594013E-04,2.746601E-04,6.66667E-04
2.742371,3.662128E-04,9.918259E-05,-6.66667E-04
2.743372,4.27248E-04,-2.365122E-04,-.002
2.744372,5.340613E-04,-4.119892E-04,-.001
2.745373,5.111732E-04,-6.103562E-05,-6.66667E-04
2.746373,2.517719E-04,-5.874671E-04,-.001
2.747374,2.594013E-04,-5.722083E-04,6.66667E-04
2.748374,4.27248E-04,-3.204364E-04,.001
2.749375,3.051781E-05,-1.144414E-04,-.001
2.750375,5.340599E-05,1.678476E-04,.001
2.751376,1.144414E-04,-1.75477E-04,6.66667E-04
2.752376,1.678476E-04,-2.441425E-04,6.66667E-04
2.753377,3.12807E-04,-2.212534E-04,-.001
2.754377,2.594013E-04,-6.561317E-04,-2.33333E-03
2.755378,7.629453E-06,-3.051776E-04,-.002
2.756378,-2.441425E-04,7.629441E-05,-3.66667E-03
2.757379,-5.340613E-04,2.288828E-04,6.66667E-04
2.758379,-7.171668E-04,-3.814721E-05,-6.66667E-04
2.75938,-2.822895E-04,2.288828E-04,-.002
2.76038,-2.670307E-04,1.06812E-04,6.66667E-04
2.761381,-4.27248E-04,-4.57766E-05,-.001
2.762381,-2.746601E-04,-1.297006E-04,-.002
2.763382,-3.89101E-04,-8.392381E-05,.001
2.764382,-4.653949E-04,5.340599E-05,2.33333E-03
2.765383,-5.035438E-04,-7.629453E-06,.001
2.766383,-3.585834E-04,-1.907358E-04,6.66667E-04
2.767384,-9.918259E-05,-2.975482E-04,-.002
2.768384,-2.13624E-04,-9.918259E-05,-.002
2.769385,-6.103562E-05,-1.907358E-04,-6.66667E-04
2.770385,4.57766E-05,-3.051781E-05,-.001
2.771386,-2.288828E-04,0,.001
2.772386,1.907358E-04,-1.983652E-04,-.002
2.773387,2.670307E-04,0,6.66667E-04
2.774387,7.629453E-06,1.297006E-04,-.001
2.775388,-1.831064E-04,1.220712E-04,-.001
2.776388,-1.3733E-04,-9.15532E-05,-.001
2.777389,-2.288828E-04,2.288828E-04,-.001
2.778389,-2.13624E-04,5.950965E-04,.001
2.77939,-5.035438E-04,7.78202E-04,-6.66667E-04
2.78039,-5.416907E-04,4.88285E-04,-6.66667E-04
2.781391,-3.204364E-04,1.831064E-04,2.33333E-03
2.782391,-7.629441E-05,1.144414E-04,-6.66667E-04
2.783392,2.28883E-05,2.517719E-04,-6.66667E-04
2.784392,2.28883E-05,6.866502E-05,-6.66667E-04
2.785393,-1.220712E-04,1.449594E-04,.001
2.786393,-2.288828E-04,3.738422E-04,-6.66667E-04
2.787394,-7.629453E-06,6.332435E-04,-3.66667E-03
2.788394,7.629453E-06,3.12807E-04,.001
2.789395,-3.12807E-04,-6.866502E-05,-2.33333E-03
2.790395,9.918259E-05,-1.3733E-04,-6.66667E-04
2.791396,1.220712E-04,-1.602182E-04,-3.66667E-03
2.792396,1.525888E-04,-3.50954E-04,.001
2.793397,-2.670307E-04,-3.738422E-04,6.66667E-04
2.794397,-6.256141E-04,-3.204364E-04,-6.66667E-04
2.795398,-4.348774E-04,-5.950965E-04,-.001
2.796398,-5.493201E-04,1.144414E-04,-.002
2.797399,-2.212534E-04,4.730243E-04,.001
2.798399,7.629453E-06,1.75477E-04,-6.66667E-04
2.7994,-9.918259E-05,2.13624E-04,-3.66667E-03
2.8004,9.918259E-05,1.983652E-04,6.66667E-04
2.801401,-6.866502E-05,4.806537E-04,-.002
2.802401,-6.103562E-05,3.814716E-04,-6.66667E-04
2.803402,-2.517719E-04,-1.525891E-05,2.33333E-03
2.804402,-3.89101E-04,-2.441425E-04,.001
2.805403,-3.89101E-04,-2.975482E-04,-.001
2.806403,-3.433246E-04,4.57766E-05,-.001
2.807404,-1.907358E-04,9.918259E-05,-6.66667E-04
2.808404,-2.13624E-04,-1.220712E-04,-6.66667E-04
2.809405,-3.89101E-04,-1.678476E-04,.001
2.810405,-3.280658E-04,-1.602182E-04,-6.66667E-04
2.811406,-6.63761E-04,7.629441E-05,-6.66667E-04
2.812406,-5.950965E-04,-1.06812E-04,-6.66667E-04
2.813407,-4.577655E-04,-2.822895E-04,-6.66667E-04
2.814407,-1.297006E-04,-1.525891E-05,-.001
2.815408,3.662128E-04,-5.340599E-05,-.002
2.816408,7.247962E-04,-2.746601E-04,.002
2.817409,9.231605E-04,-5.340599E-05,-3.66667E-03
2.818409,6.256141E-04,-2.365122E-04,-.001
2.81941,2.441425E-04,-3.204364E-04,-.002
2.82041,9.15532E-05,-1.06812E-04,-.001
2.821411,2.059946E-04,3.280658E-04,6.66667E-04
2.822411,2.28883E-05,3.89101E-04,-6.66667E-04
2.823412,-7.629441E-05,4.653949E-04,-.002
2.824412,-1.831064E-04,3.051776E-04,6.66667E-04
2.825413,-2.13624E-04,-1.525891E-05,.002
2.826413,-1.525888E-04,-2.13624E-04,-6.66667E-04
2.827414,6.866502E-05,-3.662128E-04,-.001
2.828414,1.907358E-04,-5.035438E-04,-.001
2.829415,-1.525891E-05,-1.907358E-04,-6.66667E-04
2.830415,-7.629453E-06,4.57766E-05,-.001
2.831416,6.103562E-05,-7.629441E-05,-.001
2.832416,-1.144414E-04,1.907358E-04,-6.66667E-04
2.833417,-4.57766E-05,-1.06812E-04,.002
2.834417,4.57766E-05,1.602182E-04,-6.66667E-04
2.835418,1.831064E-04,4.196186E-04,-.001
2.836418,2.365122E-04,2.365122E-04,.001
2.837419,5.340613E-04,-1.525891E-05,-6.66667E-04
2.838419,3.662128E-04,-2.212534E-04,.002
2.83942,1.525888E-04,-5.416907E-04,6.66667E-04
2.84042,-4.57766E-05,-5.569495E-04,-6.66667E-04
2.841421,-1.831064E-04,-3.12807E-04,-6.66667E-04
2.842421,6.866502E-05,-2.13624E-04,-.002
2.843422,3.89101E-04,7.629453E-06,-6.66667E-04
2.844422,1.144414E-04,3.204364E-04,-3.66667E-03
2.845423,-1.06812E-04,3.814716E-04,-2.33333E-03
2.846423,3.814721E-05,5.188026E-04,-.001
2.847424,3.433246E-04,1.525888E-04,6.66667E-04
2.848424,3.433246E-04,3.814721E-05,-.001
2.849425,6.866502E-05,9.918259E-05,-.002
2.850425,0,3.50954E-04,-.002
2.851426,-1.3733E-04,5.264319E-04,-6.66667E-04
2.852426,-3.738422E-04,3.967304E-04,-6.66667E-04
2.853427,-4.27248E-04,1.144414E-04,6.66667E-04
2.854427,-8.239783E-04,-1.06812E-04,2.33333E-03
2.855428,-5.493201E-04,-4.57766E-05,-.002
2.856428,-1.831064E-04,-1.983652E-04,-6.66667E-04
2.857429,1.678476E-04,-3.433246E-04,-6.66667E-04
2.858429,3.051781E-05,-1.06812E-04,-.002
2.85943,-2.288828E-04,9.918259E-05,-.002
2.86043,-1.06812E-04,2.594013E-04,-.001
2.861431,-2.670307E-04,1.449594E-04,.001
2.862431,1.449594E-04,-7.629441E-05,-.002
2.863432,7.629453E-06,-2.594013E-04,-6.66667E-04
2.864432,-3.585834E-04,-7.629441E-05,.001
2.865433,-4.806537E-04,2.059946E-04,-.001
2.866433,-7.40055E-04,3.50954E-04,.001
2.867434,-6.561317E-04,4.043598E-04,-.001
2.868434,-3.738422E-04,4.043598E-04,6.66667E-04
2.869435,-4.043598E-04,3.814716E-04,-6.66667E-04
2.870435,-2.670307E-04,8.392381E-05,-6.66667E-04
2.871436,-9.15532E-05,3.12807E-04,.001
2.872436,-5.340599E-05,3.051776E-04,.001
2.873437,1.75477E-04,4.88285E-04,-.001
2.874437,1.297006E-04,7.553138E-04,6.66667E-04
2.875438,1.06812E-04,5.722083E-04,-.001
2.876438,-1.449594E-04,3.12807E-04,-3.66667E-03
2.877439,-4.806537E-04,2.594013E-04,-.002
2.878439,-2.670307E-04,2.212534E-04,.001
2.87944,-3.814721E-05,1.220712E-04,-6.66667E-04
2.88044,-6.790198E-04,9.918259E-05,-.001
2.881441,-3.433246E-04,-2.822895E-04,-2.33333E-03
2.882441,-4.806537E-04,-1.525888E-04,-.002
2.883442,1.525891E-05,-3.814721E-05,-5.33333E-03
2.884442,0,-3.814721E-05,-6.66667E-04
2.885443,-1.525888E-04,4.57766E-05,-6.66667E-04
2.886443,-2.746601E-04,6.103562E-05,-6.66667E-04
2.887444,1.06812E-04,1.602182E-04,-.002
2.888444,7.629441E-05,3.433246E-04,6.66667E-04
2.889445,-6.866502E-05,1.907358E-04,-.002
2.890445,-3.50954E-04,3.051781E-05,.001
2.891446,3.814721E-05,-3.051776E-04,-.001
2.892446,-2.517719E-04,-4.730243E-04,-.001
2.893447,4.57766E-05,-1.06812E-04,.001
2.894447,2.594013E-04,-2.365122E-04,6.66667E-04
2.895448,3.814721E-05,-1.06812E-04,-.001
2.896448,-1.3733E-04,-2.059946E-04,-.001
2.897449,-3.814716E-04,-2.288828E-04,6.66667E-04
2.898449,-3.662128E-04,-3.662128E-04,6.66667E-04
2.89945,-1.983652E-04,-1.983652E-04,-.002
2.90045,1.602182E-04,-1.297006E-04,-6.66667E-04
2.901451,-3.814721E-05,-8.392381E-05,-6.66667E-04
2.902451,-2.28883E-05,-6.866502E-05,-.001
2.903452,-4.57766E-05,-9.918259E-05,-.001
2.904452,-3.814716E-04,1.144414E-04,-.001
2.905453,-5.722083E-04,1.297006E-04,-.001
2.906453,-9.7657E-04,1.907358E-04,.002
2.907454,-1.251228E-03,3.814716E-04,-6.66667E-04
2.908454,-1.281746E-03,1.602182E-04,-.001
2.909455,-1.556404E-03,1.06812E-04,6.66667E-04
2.910455,-1.884468E-03,1.907358E-04,6.66667E-04
2.911456,-2.059951E-03,5.569495E-04,6.66667E-04
2.912456,-2.32698E-03,4.348774E-04,-6.66667E-04
2.913457,-2.281204E-03,1.907358E-04,.002
2.914457,-2.594009E-03,-1.983652E-04,-.001
2.915458,-2.883926E-03,6.103562E-05,-.001
2.916458,-3.402725E-03,-1.75477E-04,-2.33333E-03
2.917459,-3.326431E-03,-3.662128E-04,-2.33333E-03
2.918459,-3.280655E-03,-1.06812E-04,-.001
2.91946,-3.623977E-03,-4.348774E-04,.002
2.92046,-3.21199E-03,-7.095374E-04,.001
2.921461,-2.998367E-03,-6.713904E-04,-.001
2.922461,-2.403274E-03,-8.010902E-04,6.66667E-04
2.923462,-1.823433E-03,-6.866492E-04,.001
2.924462,-1.266487E-03,-1.907358E-04,-.001
2.925463,-1.060493E-03,1.449594E-04,-.002
2.926463,-1.220711E-03,2.288828E-04,-.001
2.927464,-7.095374E-04,1.525888E-04,-2.33333E-03
2.928464,-1.297006E-04,0,-.002
2.929465,-2.13624E-04,1.525891E-05,6.66667E-04
2.930465,-1.297006E-04,-3.204364E-04,.001
2.931466,1.3733E-04,-3.50954E-04,-.002
2.932466,3.280658E-04,-2.13624E-04,6.66667E-04
2.933467,2.975482E-04,1.220712E-04,-6.66667E-04
2.934467,2.059946E-04,1.525888E-04,-.002
2.935468,1.678476E-04,1.602182E-04,6.66667E-04
2.936468,1.525888E-04,-3.814721E-05,-.001
2.937469,-4.57766E-05,6.866502E-05,-.002
2.938469,2.288828E-04,-3.051776E-04,6.66667E-04
2.93947,3.738422E-04,-5.416907E-04,-6.66667E-04
2.94047,-1.220712E-04,-4.57766E-05,-.002
2.941471,-2.594013E-04,3.051781E-05,-.002
2.942471,6.103562E-05,4.730243E-04,.001
2.943472,2.517719E-04,9.53678E-04,-.001
2.944472,1.831064E-04,7.78202E-04,-.002
2.945473,2.28883E-05,3.814716E-04,-6.66667E-04
2.946473,-1.75477E-04,2.746601E-04,-.001
2.947474,-3.280658E-04,1.678476E-04,-6.66667E-04
2.948474,-5.416907E-04,2.441425E-04,-.001
2.949475,-6.179847E-04,2.746601E-04,-.001
2.950475,-5.188026E-04,1.3733E-04,-6.66667E-04
2.951476,-2.13624E-04,1.983652E-04,-6.66667E-04
2.952476,-3.051776E-04,2.517719E-04,-6.66667E-04
2.953477,-3.585834E-04,1.3733E-04,-6.66667E-04
2.954477,9.918259E-05,1.297006E-04,.001
2.955478,2.822895E-04,-1.525891E-05,-6.66667E-04
2.956478,1.602182E-04,1.449594E-04,-.002
2.957479,1.297006E-04,-7.629453E-06,-.001
2.958479,-3.814721E-05,6.103562E-05,-.001
2.95948,-2.594013E-04,3.662128E-04,-6.66667E-04
2.96048,-5.874671E-04,2.594013E-04,6.66667E-04
2.961481,-8.392371E-04,6.103553E-04,-.001
2.962481,-4.348774E-04,6.179847E-04,.001
2.963482,-1.907358E-04,9.994581E-04,6.66667E-04
2.964482,-1.602182E-04,5.798377E-04,-6.66667E-04
2.965483,1.525888E-04,1.220712E-04,6.66667E-04
2.966483,2.441425E-04,3.814721E-05,.001
2.967484,1.525891E-05,-9.918259E-05,-.002
2.968484,-3.662128E-04,-3.051781E-05,-6.66667E-04
2.969485,-1.831064E-04,-7.629441E-05,-6.66667E-04
2.970485,-4.27248E-04,0,-2.33333E-03
2.971486,-5.950965E-04,-1.525891E-05,-.001
2.972486,-7.01908E-04,0,-.001
2.973487,-2.822895E-04,2.13624E-04,-.001
2.974487,-2.670307E-04,1.297006E-04,-.002
2.975488,-3.89101E-04,1.907358E-04,-6.66667E-04
2.976488,-4.88285E-04,1.907358E-04,-2.33333E-03
2.977489,-3.585834E-04,4.501361E-04,-6.66667E-04
2.978489,-5.264319E-04,1.525888E-04,-.001
2.97949,-7.934608E-04,3.12807E-04,-6.66667E-04
2.98049,-5.493201E-04,5.493201E-04,6.66667E-04
2.981491,-4.806537E-04,6.713904E-04,6.66667E-04
2.982491,-1.907358E-04,5.188026E-04,6.66667E-04
2.983492,-8.392381E-05,3.967304E-04,-.002
2.984492,2.594013E-04,3.051781E-05,6.66667E-04
2.985493,9.15532E-05,3.204364E-04,-.001
2.986493,-2.059946E-04,2.13624E-04,-.001
2.987494,-3.12807E-04,1.220712E-04,-.002
2.988494,1.907358E-04,1.525888E-04,6.66667E-04
2.989495,-3.814721E-05,2.594013E-04,-.001
2.990495,-3.814721E-05,2.594013E-04,-.001
2.991496,2.975482E-04,2.822895E-04,.001
2.992496,3.356952E-04,3.662128E-04,6.66667E-04
2.993497,3.814721E-05,3.204364E-04,.001
2.994497,-3.814721E-05,-3.814721E-05,-.001
2.995498,3.814716E-04,-1.75477E-04,-6.66667E-04
2.996498,2.13624E-04,-1.525891E-05,-.002
2.997499,0,7.629441E-05,.001
2.998499,0,3.051776E-04,-.001
2.9995,-1.525891E-05,4.88285E-04,.001
3.0005,-4.57766E-05,-3.814721E-05,-.001
3.001501,-1.220712E-04,8.392381E-05,-.002
3.002501,-3.814721E-05,2.899189E-04,6.66667E-04
3.003502,7.629453E-06,2.975482E-04,-6.66667E-04
3.004502,1.297006E-04,1.831064E-04,.001
3.005503,1.525888E-04,5.188026E-04,-.002
3.006503,-1.525891E-05,2.059946E-04,6.66667E-04
3.007504,2.594013E-04,-7.629441E-05,-.001
3.008504,3.814721E-05,3.814721E-05,-6.66667E-04
3.009505,-1.220712E-04,-9.15532E-05,6.66667E-04
3.010505,-5.340613E-04,-3.12807E-04,-2.33333E-03
3.011506,1.449594E-04,-5.874671E-04,-3.66667E-03
3.012506,4.196186E-04,-7.629441E-05,-6.66667E-04
3.013507,3.738422E-04,-1.983652E-04,-.001
3.014507,6.866502E-05,-1.06812E-04,6.66667E-04
3.015508,-1.144414E-04,-1.3733E-04,6.66667E-04
3.016508,9.918259E-05,-9.15532E-05,.001
3.017509,2.212534E-04,3.814721E-05,-.002
3.018509,6.103562E-05,-5.340599E-05,-6.66667E-04
3.01951,5.416907E-04,-9.918259E-05,-3.66667E-03
3.02051,3.662128E-04,-3.738422E-04,-6.66667E-04
3.021511,1.678476E-04,-2.288828E-04,-.002
3.022511,1.75477E-04,-5.340599E-05,.001
3.023512,-9.15532E-05,3.12807E-04,.001
3.024512,-3.814716E-04,3.585834E-04,-6.66667E-04
3.025513,-8.392381E-05,2.517719E-04,-.001
3.026513,-9.15532E-05,2.517719E-04,.002
3.027514,-1.449594E-04,1.297006E-04,6.66667E-04
3.028514,0,1.525888E-04,-6.66667E-04
3.029515,-2.670307E-04,1.831064E-04,-6.66667E-04
3.030515,-6.027259E-04,1.831064E-04,6.66667E-04
3.031516,-4.348774E-04,2.441425E-04,-.001
3.032516,-3.204364E-04,-1.525888E-04,6.66667E-04
3.033517,-1.602182E-04,-2.28883E-05,-2.33333E-03
3.034517,-7.629441E-05,-2.441425E-04,6.66667E-04
3.035518,0,-2.670307E-04,-.002
3.036518,-1.06812E-04,-1.06812E-04,6.66667E-04
3.037519,-1.220712E-04,-6.103562E-05,.001
3.038519,1.525891E-05,-2.594013E-04,-6.66667E-04
3.03952,-3.89101E-04,-9.15532E-05,.001
3.04052,-4.27248E-04,1.75477E-04,.001
3.041521,8.392381E-05,3.50954E-04,.001
3.042521,7.629453E-06,1.602182E-04,2.33333E-03
3.043522,-2.059946E-04,-5.340599E-05,6.66667E-04
3.044522,-6.866502E-05,-5.340599E-05,.001
3.045523,-4.119892E-04,-2.975482E-04,-.002
3.046523,-7.01908E-04,-9.918259E-05,-2.33333E-03
3.047524,-6.103553E-04,2.13624E-04,-6.66667E-04
3.048524,-7.40055E-04,2.670307E-04,2.33333E-03
3.049525,-4.348774E-04,-2.899189E-04,-6.66667E-04
3.050525,-2.670307E-04,-2.746601E-04,-6.66667E-04
3.051526,4.57766E-05,-7.40055E-04,.001
3.052526,1.75477E-04,-3.814716E-04,-6.66667E-04
3.053527,-4.57766E-05,-3.585834E-04,-6.66667E-04
3.054527,-7.629441E-05,-1.983652E-04,-2.33333E-03
3.055528,2.212534E-04,-1.907358E-04,-.002
3.056528,-6.866502E-05,-1.678476E-04,-.002
3.057529,-1.449594E-04,-1.983652E-04,-.002
3.058529,-1.983652E-04,-4.806537E-04,.001
3.05953,-2.594013E-04,-4.730243E-04,-.002
3.06053,-2.212534E-04,-2.594013E-04,-6.66667E-04
3.061531,-8.392381E-05,2.594013E-04,6.66667E-04
3.062531,-3.051781E-05,5.340613E-04,-6.66667E-04
3.063532,3.89101E-04,5.950965E-04,.001
3.064532,-7.629453E-06,1.983652E-04,-.001
3.065533,-1.3733E-04,9.918259E-05,-.001
3.066533,-1.907358E-04,0,-6.66667E-04
3.067534,-6.866502E-05,1.06812E-04,-6.66667E-04
3.068534,2.517719E-04,9.918259E-05,-6.66667E-04
3.069535,2.594013E-04,3.433246E-04,-6.66667E-04
3.070535,2.517719E-04,4.27248E-04,6.66667E-04
3.071536,3.12807E-04,1.144414E-04,-6.66667E-04
3.072536,2.975482E-04,-3.89101E-04,-.001
3.073537,4.27248E-04,-6.561317E-04,6.66667E-04
3.074537,3.50954E-04,-6.256141E-04,-.001
3.075538,0,-5.111732E-04,-.002
3.076538,-2.28883E-05,-7.629441E-05,-6.66667E-04
3.077539,-1.144414E-04,2.441425E-04,6.66667E-04
3.078539,-2.517719E-04,1.220712E-04,-.004
3.07954,-2.365122E-04,2.670307E-04,6.66667E-04
3.08054,-1.831064E-04,1.06812E-04,-.001
3.081541,-4.119892E-04,9.15532E-05,.001
3.082541,-6.179847E-04,3.89101E-04,6.66667E-04
3.083542,-4.806537E-04,4.043598E-04,-6.66667E-04
3.084542,-2.288828E-04,4.806537E-04,-3.66667E-03
3.085543,-1.907358E-04,4.27248E-04,-6.66667E-04
3.086543,3.585834E-04,3.662128E-04,6.66667E-04
3.087544,5.340613E-04,2.212534E-04,-.002
3.088544,3.12807E-04,-1.3733E-04,6.66667E-04
3.089545,0,-1.449594E-04,6.66667E-04
3.090545,-2.13624E-04,-4.501361E-04,.002
3.091546,6.103562E-05,-2.365122E-04,-2.33333E-03
3.092546,-6.103562E-05,-7.629441E-05,-.002
3.093547,-1.297006E-04,6.866502E-05,-6.66667E-04
3.094547,-1.3733E-04,7.629441E-05,-.001
3.095548,-8.392381E-05,6.103562E-05,.001
3.096548,-1.3733E-04,8.392381E-05,-.001
3.097549,-1.144414E-04,1.831064E-04,-.001
3.098549,-1.907358E-04,-2.13624E-04,6.66667E-04
3.09955,-3.967304E-04,-3.814721E-05,-6.66667E-04
3.10055,-5.798377E-04,1.602182E-04,-.001
3.101551,-3.280658E-04,2.441425E-04,.001
3.102551,-1.144414E-04,2.288828E-04,-6.66667E-04
3.103552,-1.75477E-04,-1.144414E-04,-6.66667E-04
3.104552,-6.103553E-04,1.449594E-04,-.002
3.105553,-5.111732E-04,3.280658E-04,-6.66667E-04
3.106553,-9.918259E-05,3.433246E-04,-.001
3.107554,-5.645789E-04,3.280658E-04,-6.66667E-04
3.108554,-6.485023E-04,1.75477E-04,-6.66667E-04
3.109555,-6.103553E-04,1.678476E-04,-.001
3.110555,-4.806537E-04,2.746601E-04,-6.66667E-04
3.111556,-6.713904E-04,1.144414E-04,-3.66667E-03
3.112556,-9.7657E-04,1.06812E-04,-6.66667E-04
3.113557,-1.403816E-03,-1.983652E-04,-.002
3.114557,-1.724251E-03,-4.043598E-04,6.66667E-04
3.115558,-2.357498E-03,-6.408729E-04,.002
3.116558,-3.08992E-03,-6.63761E-04,-.001
3.117559,-4.165679E-03,-6.485023E-04,-6.66667E-04
3.118559,-5.477935E-03,-5.035438E-04,-.001
3.11956,-6.744415E-03,-4.959144E-04,-6.66667E-04
3.12056,-7.659942E-03,-5.874671E-04,.001
3.121561,-8.903563E-03,-1.113899E-03,-.001
3.122561,-1.053625E-02,-1.693733E-03,.002
3.123562,-1.248175E-02,-1.998916E-03,-.001
3.124562,-1.439673E-02,-1.815803E-03,-6.66667E-04
3.125563,-1.560217E-02,-1.60218E-03,-6.66667E-04
3.126563,-1.551062E-02,-1.800545E-03,-6.66667E-04
3.127564,-1.396185E-02,-1.747139E-03,.001
3.128564,-.0120545,-1.472481E-03,6.66667E-04
3.129565,-1.058203E-02,-1.396187E-03,-.002
3.130565,-9.239256E-03,-1.266487E-03,-.001
3.131566,-7.865965E-03,-6.561317E-04,-.001
3.132566,-6.065398E-03,-3.738422E-04,.001
3.133567,-4.425079E-03,2.28883E-05,-.002
3.134567,-3.395095E-03,1.220712E-04,6.66667E-04
3.135568,-2.32698E-03,2.059946E-04,.001
3.136568,-1.464851E-03,3.12807E-04,-6.66667E-04
3.137569,-9.155311E-04,1.06812E-04,-6.66667E-04
3.138569,-8.316077E-04,1.525891E-05,-.002
3.13957,-1.060493E-03,2.594013E-04,-.002
3.14057,-1.182564E-03,1.907358E-04,6.66667E-04
3.141571,-8.773841E-04,4.348774E-04,-.002
3.142571,-5.340613E-04,2.059946E-04,-6.66667E-04
3.143572,-4.88285E-04,-2.13624E-04,.002
3.144572,-2.441425E-04,-1.678476E-04,-3.66667E-03
3.145573,-6.103562E-05,0,-2.33333E-03
3.146573,0,-2.13624E-04,-6.66667E-04
3.147574,-3.814721E-05,-5.035438E-04,-6.66667E-04
3.148574,-2.899189E-04,-2.13624E-04,.001
3.149575,-5.264319E-04,1.449594E-04,-.002
3.150575,-2.670307E-04,4.57766E-05,6.66667E-04
3.151576,4.57766E-05,-1.525888E-04,-.002
3.152576,2.594013E-04,-1.144414E-04,6.66667E-04
3.153577,2.822895E-04,-6.103562E-05,-2.33333E-03
3.154577,7.247962E-04,9.15532E-05,6.66667E-04
3.155578,6.408729E-04,8.392381E-05,-.001
3.156578,1.525888E-04,6.103562E-05,-2.33333E-03
3.157579,-6.866502E-05,-2.365122E-04,-3.66667E-03
3.158579,3.662128E-04,-1.449594E-04,-.001
3.15958,6.485023E-04,1.220712E-04,-2.33333E-03
3.16058,6.561317E-04,2.670307E-04,6.66667E-04
3.161581,5.874671E-04,1.06812E-04,-.001
3.162581,6.485023E-04,1.525888E-04,6.66667E-04
3.163582,4.730243E-04,6.027259E-04,-.002
3.164582,4.27248E-04,9.918259E-05,-6.66667E-04
3.165583,5.264319E-04,2.28883E-05,-6.66667E-04
3.166583,6.866492E-04,1.831064E-04,-3.66667E-03
3.167584,5.416907E-04,3.89101E-04,6.66667E-04
3.168584,1.449594E-04,3.12807E-04,-.002
3.169585,1.602182E-04,1.983652E-04,6.66667E-04
3.170585,2.670307E-04,3.433246E-04,-.002
3.171586,-3.280658E-04,6.027259E-04,-.002
3.172586,-4.806537E-04,6.256141E-04,-.002
3.173587,-7.629453E-06,5.798377E-04,-.002
3.174587,-3.051781E-05,2.365122E-04,-.004
3.175588,-2.670307E-04,-4.57766E-05,.001
3.176588,-1.220712E-04,-3.89101E-04,.001
3.177589,2.517719E-04,-2.975482E-04,6.66667E-04
3.178589,5.340613E-04,-6.866502E-05,-.002
3.17959,4.730243E-04,8.392381E-05,6.66667E-04
3.18059,3.12807E-04,2.517719E-04,.001
3.181591,9.918259E-05,0,.001
3.182591,-2.212534E-04,-9.918259E-05,-6.66667E-04
3.183592,-8.392371E-04,-2.13624E-04,.001
3.184592,-7.78202E-04,-3.433246E-04,-6.66667E-04
3.185593,-4.959144E-04,1.525891E-05,-.001
3.186593,-7.629441E-05,9.15532E-05,-6.66667E-04
3.187594,7.629441E-05,-7.629441E-05,-.001
3.188594,2.059946E-04,2.059946E-04,-.002
3.189595,1.525891E-05,5.340599E-05,-.001
3.190595,3.814721E-05,-3.051776E-04,-.001
3.191596,4.57766E-05,-3.280658E-04,-.001
3.192596,-1.144414E-04,-1.983652E-04,.001
3.193597,-3.204364E-04,1.678476E-04,-.001
3.194597,-4.425067E-04,1.831064E-04,-6.66667E-04
3.195598,-3.280658E-04,-6.866502E-05,-.002
3.196598,-2.975482E-04,-1.602182E-04,6.66667E-04
3.197599,3.814721E-05,-3.89101E-04,-.002
3.198599,1.602182E-04,-2.670307E-04,-.001
3.1996,1.220712E-04,-4.57766E-05,-.001
3.2006,1.297006E-04,-3.051776E-04,-6.66667E-04
3.201601,2.594013E-04,-3.585834E-04,2.33333E-03
3.202601,2.517719E-04,-3.204364E-04,-2.33333E-03
3.203602,3.051776E-04,-3.50954E-04,-6.66667E-04
3.204602,1.06812E-04,-2.899189E-04,-.002
3.205603,-2.288828E-04,-1.602182E-04,-2.33333E-03
3.206603,-3.814716E-04,-1.907358E-04,.001
3.207604,-2.670307E-04,-5.340599E-05,-.001
3.208604,-6.256141E-04,-1.06812E-04,-6.66667E-04
3.209605,-9.231605E-04,1.907358E-04,-.004
3.210605,-3.12807E-04,2.365122E-04,-.002
3.211606,6.866502E-05,9.918259E-05,-3.66667E-03
3.212606,3.662128E-04,-3.280658E-04,-.002
3.213607,3.204364E-04,-3.280658E-04,-.001
3.214607,2.517719E-04,-4.730243E-04,.001
3.215608,6.866502E-05,-3.204364E-04,-.001
3.216608,-3.051776E-04,-3.814716E-04,-2.33333E-03
3.217609,-2.670307E-04,-9.15532E-05,6.66667E-04
3.218609,-1.449594E-04,2.288828E-04,6.66667E-04
3.21961,1.220712E-04,3.585834E-04,6.66667E-04
3.22061,-2.594013E-04,3.662128E-04,-.001
3.221611,-6.103553E-04,3.89101E-04,-.001
3.222611,-3.12807E-04,3.814716E-04,-2.33333E-03
3.223612,-4.653949E-04,-2.441425E-04,-3.66667E-03
3.224612,-6.256141E-04,-3.738422E-04,-6.66667E-04
3.225613,-5.798377E-04,-3.738422E-04,.002
3.226614,-6.179847E-04,-3.585834E-04,-6.66667E-04
3.227614,-3.585834E-04,-5.645789E-04,-.004
3.228614,-4.425067E-04,-4.806537E-04,-6.66667E-04
3.229615,9.918259E-05,-3.356952E-04,.001
3.230615,3.12807E-04,-4.501361E-04,6.66667E-04
3.231616,4.196186E-04,-2.212534E-04,-6.66667E-04
3.232616,2.594013E-04,-6.866502E-05,6.66667E-04
3.233617,6.866502E-05,-1.602182E-04,-.001
3.234617,2.212534E-04,-4.577655E-04,6.66667E-04
3.235618,3.814721E-05,-5.340613E-04,-.002
3.236619,-3.051781E-05,-4.88285E-04,-.001
3.237619,-3.967304E-04,-6.179847E-04,6.66667E-04
3.238619,-1.144414E-04,-1.449594E-04,-.001
3.23962,2.670307E-04,-2.975482E-04,-6.66667E-04
3.24062,2.594013E-04,-2.365122E-04,.001
3.241621,1.525888E-04,-2.441425E-04,-.001
3.242621,-2.28883E-05,-2.365122E-04,-.001
3.243622,8.392381E-05,-5.264319E-04,-.002
3.244622,-7.629441E-05,-2.13624E-04,-6.66667E-04
3.245623,-3.204364E-04,-1.220712E-04,6.66667E-04
3.246624,-5.340613E-04,1.220712E-04,-.002
3.247624,-4.119892E-04,9.15532E-05,-.002
3.248624,-4.043598E-04,7.629453E-06,-6.66667E-04
3.249625,0,-3.12807E-04,6.66667E-04
3.250625,3.280658E-04,-5.340613E-04,-6.66667E-04
3.251626,3.662128E-04,-4.119892E-04,-2.33333E-03
3.252626,7.629441E-05,-9.918259E-05,.002
3.253627,4.57766E-05,-2.13624E-04,6.66667E-04
3.254627,-1.602182E-04,-6.103553E-04,6.66667E-04
3.255628,-4.348774E-04,-8.163489E-04,.001
3.256629,-8.087195E-04,-4.501361E-04,.001
3.257629,-2.899189E-04,0,-6.66667E-04
3.258629,9.918259E-05,3.814716E-04,6.66667E-04
3.25963,3.051781E-05,4.57766E-05,.001
3.26063,4.196186E-04,1.678476E-04,.001
3.261631,4.57766E-05,2.594013E-04,-.002
3.262631,6.866502E-05,4.196186E-04,6.66667E-04
3.263632,1.297006E-04,4.730243E-04,-.001
3.264632,7.629441E-05,5.111732E-04,-.002
3.265633,1.831064E-04,6.790198E-04,.001
3.266634,-6.866502E-05,6.942786E-04,6.66667E-04
3.267634,-3.814721E-05,2.822895E-04,.001
3.268634,-2.212534E-04,-3.280658E-04,6.66667E-04
3.269635,-2.212534E-04,-1.3733E-04,.001
3.270635,-9.15532E-05,1.602182E-04,6.66667E-04
3.271636,-6.103562E-05,4.57766E-05,-.001
3.272636,-4.806537E-04,2.441425E-04,-.001
3.273637,-7.247962E-04,5.264319E-04,-.001
3.274637,-6.103553E-04,8.087195E-04,.001
3.275638,-4.88285E-04,8.239783E-04,6.66667E-04
3.276639,-3.051776E-04,5.569495E-04,-6.66667E-04
3.277639,-3.051776E-04,3.433246E-04,2.33333E-03
3.278639,-2.517719E-04,6.866502E-05,.001
3.27964,-3.12807E-04,-2.441425E-04,-6.66667E-04
3.28064,-2.594013E-04,4.57766E-05,-6.66667E-04
3.281641,-2.746601E-04,2.13624E-04,6.66667E-04
3.282641,-1.678476E-04,6.942786E-04,6.66667E-04
3.283642,1.831064E-04,4.577655E-04,.001
3.284642,3.89101E-04,3.433246E-04,-.001
3.285643,-1.06812E-04,8.392381E-05,6.66667E-04
3.286644,-3.662128E-04,1.220712E-04,-2.33333E-03
3.287644,4.57766E-05,1.3733E-04,-6.66667E-04
3.288644,9.15532E-05,-7.629453E-06,-.001
3.289645,3.280658E-04,-1.3733E-04,-.001
3.290645,7.095374E-04,-1.602182E-04,.001
3.291646,7.171668E-04,-1.449594E-04,-.002
3.292646,7.247962E-04,1.3733E-04,.001
3.293647,6.332435E-04,1.678476E-04,.001
3.294647,4.196186E-04,-1.06812E-04,-6.66667E-04
3.295648,4.348774E-04,-4.043598E-04,-.001
3.296649,2.365122E-04,-2.28883E-05,-6.66667E-04
3.297649,1.144414E-04,1.525891E-05,.001
3.298649,-6.866502E-05,0,.002
3.29965,-2.13624E-04,-8.392381E-05,.001
3.30065,-3.051776E-04,-4.806537E-04,-.001
3.301651,-2.059946E-04,-3.814716E-04,-.001
3.302651,-2.975482E-04,9.15532E-05,6.66667E-04
3.303652,-2.441425E-04,1.983652E-04,-.001
3.304652,-2.365122E-04,5.493201E-04,-.001
3.305653,-3.662128E-04,5.569495E-04,-.001
3.306653,-3.585834E-04,4.730243E-04,-.002
3.307654,4.57766E-05,3.280658E-04,-.002
3.308654,1.449594E-04,3.662128E-04,-6.66667E-04
3.309655,5.950965E-04,5.493201E-04,-.002
3.310655,7.78202E-04,3.433246E-04,-6.66667E-04
3.311656,4.348774E-04,2.975482E-04,-.002
3.312656,-9.15532E-05,5.035438E-04,6.66667E-04
3.313657,1.297006E-04,4.119892E-04,2.33333E-03
3.314657,3.280658E-04,4.577655E-04,-.001
3.315658,-6.866502E-05,4.577655E-04,-6.66667E-04
3.316658,-5.950965E-04,4.196186E-04,-6.66667E-04
3.317659,-5.798377E-04,3.12807E-04,-.002
3.318659,-2.670307E-04,9.918259E-05,-6.66667E-04
3.31966,-4.27248E-04,-2.28883E-05,-.001
3.32066,-3.356952E-04,-1.678476E-04,-.001
3.321661,-2.670307E-04,-1.75477E-04,-.001
3.322661,-3.051776E-04,2.365122E-04,-2.33333E-03
3.323662,-3.662128E-04,2.28883E-05,-.001
3.324662,-5.188026E-04,-4.806537E-04,-.002
3.325663,-3.204364E-04,-7.247962E-04,6.66667E-04
3.326663,-2.670307E-04,-4.730243E-04,-6.66667E-04
3.327664,-4.57766E-05,-6.866502E-05,.001
3.328664,-1.831064E-04,-6.103562E-05,-.002
3.329665,1.144414E-04,-3.738422E-04,6.66667E-04
3.330665,4.57766E-05,-3.280658E-04,6.66667E-04
3.331666,-3.051781E-05,-9.918259E-05,-.002
3.332666,-3.280658E-04,-3.051781E-05,-.001
3.333667,-8.392381E-05,-1.831064E-04,-6.66667E-04
3.334667,-1.525891E-05,-2.365122E-04,.001
3.335668,-3.814716E-04,-5.340599E-05,-.002
3.336668,-2.899189E-04,-3.12807E-04,6.66667E-04
3.337669,1.297006E-04,-4.27248E-04,6.66667E-04
3.338669,5.340599E-05,-7.629441E-05,-6.66667E-04
3.33967,-2.288828E-04,3.662128E-04,2.33333E-03
3.34067,-1.297006E-04,7.629441E-05,-6.66667E-04
3.341671,-1.3733E-04,4.57766E-05,-.001
3.342671,-3.051781E-05,1.144414E-04,-.001
3.343672,-6.942786E-04,9.918259E-05,-.002
3.344672,-7.934608E-04,-1.144414E-04,.001
3.345673,-3.814716E-04,-9.918259E-05,-6.66667E-04
3.346673,9.918259E-05,-2.365122E-04,-6.66667E-04
3.347674,2.594013E-04,-1.525891E-05,6.66667E-04
3.348674,1.907358E-04,6.866502E-05,.001
3.349675,8.392381E-05,-4.57766E-05,.001
3.350675,-1.06812E-04,9.918259E-05,-.001
3.351676,-4.57766E-05,2.594013E-04,6.66667E-04
3.352676,0,1.3733E-04,.001
3.353677,-7.629441E-05,3.585834E-04,.001
3.354677,7.629441E-05,1.525891E-05,.002
3.355678,6.866502E-05,-2.517719E-04,6.66667E-04
3.356678,-5.340599E-05,-2.899189E-04,-6.66667E-04
3.357679,2.822895E-04,-1.06812E-04,-6.66667E-04
3.358679,3.280658E-04,2.517719E-04,-6.66667E-04
3.35968,2.441425E-04,2.975482E-04,-.001
3.36068,2.212534E-04,4.196186E-04,-.001
3.361681,4.196186E-04,5.111732E-04,-.002
3.362681,5.340599E-05,3.89101E-04,-.002
3.363682,-3.12807E-04,8.392381E-05,2.33333E-03
3.364682,-2.670307E-04,-3.356952E-04,-.002
3.365683,9.918259E-05,-3.585834E-04,-.002
3.366683,1.06812E-04,4.57766E-05,-.002
3.367684,3.967304E-04,-1.449594E-04,6.66667E-04
3.368684,3.12807E-04,-2.13624E-04,6.66667E-04
3.369685,-8.392381E-05,-4.806537E-04,-.001
3.370685,-1.06812E-04,-2.441425E-04,.001
3.371686,-3.967304E-04,0,.001
3.372686,-2.365122E-04,1.907358E-04,.002
3.373687,-2.899189E-04,4.577655E-04,-6.66667E-04
3.374687,-6.408729E-04,4.959144E-04,-2.33333E-03
3.375688,-8.392371E-04,-1.831064E-04,6.66667E-04
3.376688,-4.27248E-04,-1.831064E-04,-3.66667E-03
3.377689,-1.831064E-04,-2.822895E-04,-.001
3.378689,-1.525891E-05,-2.670307E-04,-6.66667E-04
3.37969,-7.629441E-05,1.831064E-04,-6.66667E-04
3.38069,-2.13624E-04,3.280658E-04,-.001
3.381691,8.392381E-05,1.06812E-04,6.66667E-04
3.382691,2.746601E-04,2.517719E-04,6.66667E-04
3.383692,-1.144414E-04,-4.57766E-05,-.001
3.384692,-1.06812E-04,-1.3733E-04,.001
3.385693,-2.13624E-04,1.678476E-04,-.001
3.386693,-1.220712E-04,9.918259E-05,-6.66667E-04
3.387694,-1.06812E-04,9.918259E-05,-6.66667E-04
3.388694,-3.356952E-04,2.594013E-04,-.002
3.389695,-2.517719E-04,4.27248E-04,6.66667E-04
3.390696,-1.3733E-04,2.594013E-04,-.001
3.391696,-3.738422E-04,2.822895E-04,.001
3.392696,-5.950965E-04,6.332435E-04,-.001
3.393697,-1.831064E-04,7.629432E-04,-6.66667E-04
3.394697,1.144414E-04,4.501361E-04,-6.66667E-04
3.395698,7.629441E-05,1.525888E-04,-.001
3.396698,-3.50954E-04,-1.449594E-04,-6.66667E-04
3.397699,-2.670307E-04,-1.525888E-04,-.002
3.398699,-1.831064E-04,-3.356952E-04,-2.33333E-03
3.3997,-3.204364E-04,7.629441E-05,-.001
3.400701,-1.983652E-04,1.983652E-04,-2.33333E-03
3.401701,0,1.602182E-04,-.001
3.402701,7.629453E-06,4.348774E-04,6.66667E-04
3.403702,-2.822895E-04,4.501361E-04,-6.66667E-04
3.404702,-3.280658E-04,1.3733E-04,-.001
3.405703,4.57766E-05,2.975482E-04,-6.66667E-04
3.406703,-4.57766E-05,-7.629453E-06,-.001
3.407704,-1.602182E-04,0,-6.66667E-04
3.408704,-3.12807E-04,2.28883E-05,6.66667E-04
3.409705,-2.975482E-04,-2.975482E-04,6.66667E-04
3.410706,-7.095374E-04,-3.12807E-04,-.002
3.411706,-1.029976E-03,-2.288828E-04,-.002
3.412706,-1.007088E-03,-2.594013E-04,-.001
3.413707,-8.544959E-04,-1.602182E-04,.001
3.414707,-1.159675E-03,-1.602182E-04,.001
3.415708,-1.327522E-03,0,6.66667E-04
3.416708,-1.998916E-03,-2.28883E-05,-.001
3.417709,-2.304092E-03,0,6.66667E-04
3.418709,-2.159134E-03,1.525888E-04,-2.33333E-03
3.41971,-2.059951E-03,-2.670307E-04,-.002
3.420711,-2.449051E-03,-4.88285E-04,-6.66667E-04
3.421711,-3.196731E-03,-7.01908E-04,6.66667E-04
3.422711,-3.677383E-03,-4.806537E-04,-2.33333E-03
3.423712,-4.089385E-03,-1.144414E-04,6.66667E-04
3.424712,-5.058318E-03,-1.525888E-04,6.66667E-04
3.425713,-6.637603E-03,-3.280658E-04,-6.66667E-04
3.426713,-7.896483E-03,-5.645789E-04,6.66667E-04
3.427714,-9.887755E-03,-8.697547E-04,-3.66667E-03
3.428714,-1.176459E-02,-1.754768E-03,.001
3.429715,-1.357275E-02,-2.037063E-03,-6.66667E-04
3.430716,-1.515967E-02,-2.32698E-03,6.66667E-04
3.431716,-1.664746E-02,-2.128616E-03,-.002
3.432716,-.0183183,-2.365127E-03,-6.66667E-04
3.433717,-.0201112,-2.403274E-03,-.001
3.434717,-2.159131E-02,-2.464309E-03,-6.66667E-04
3.435718,-2.236187E-02,-2.655044E-03,-.001
3.436718,-2.204144E-02,-2.800003E-03,.001
3.437719,-2.100384E-02,-2.800003E-03,-.001
3.438719,-1.943982E-02,-2.914444E-03,-6.66667E-04
3.43972,-1.797497E-02,-2.57875E-03,6.66667E-04
3.440721,-1.623547E-02,-1.892097E-03,-6.66667E-04
3.441721,-1.428992E-02,-1.297005E-03,6.66667E-04
3.442721,-.0122605,-1.342781E-03,-2.33333E-03
3.443722,-1.028448E-02,-8.850135E-04,-2.33333E-03
3.444722,-8.773863E-03,-6.866492E-04,-.001
3.445723,-7.064849E-03,-4.806537E-04,-.001
3.446723,-5.821258E-03,-4.57766E-05,-.001
3.447724,-4.997283E-03,8.392381E-05,-.001
3.448724,-4.249603E-03,-1.525891E-05,-.001
3.449725,-3.273025E-03,6.866502E-05,-6.66667E-04
3.450726,-2.45668E-03,-2.13624E-04,.001
3.451726,-1.899727E-03,-2.670307E-04,6.66667E-04
3.452726,-1.686104E-03,-3.738422E-04,-.001
3.453727,-1.419075E-03,-6.408729E-04,-.001
3.454727,-1.167305E-03,-4.27248E-04,-.001
3.455728,-1.144417E-03,-1.449594E-04,-6.66667E-04
3.456728,-6.713904E-04,0,.002
3.457729,-8.468665E-04,-1.525891E-05,-.001
3.458729,-1.029976E-03,-6.103562E-05,.001
3.45973,-9.231605E-04,-3.051776E-04,.001
3.460731,-5.950965E-04,-2.288828E-04,-.001
3.461731,-5.645789E-04,5.340599E-05,-6.66667E-04
3.462731,-6.561317E-04,3.051776E-04,6.66667E-04
3.463732,-5.874671E-04,3.814716E-04,.001
3.464732,-5.798377E-04,2.059946E-04,-6.66667E-04
3.465733,-2.746601E-04,1.75477E-04,.002
3.466733,-2.975482E-04,2.365122E-04,-6.66667E-04
3.467734,-1.831064E-04,3.585834E-04,-.001
3.468734,-1.983652E-04,1.525888E-04,-2.33333E-03
3.469735,-3.204364E-04,6.103562E-05,.001
3.470736,-2.594013E-04,-1.220712E-04,6.66667E-04
3.471736,-1.220712E-04,9.918259E-05,-6.66667E-04
3.472736,-3.50954E-04,6.866502E-05,6.66667E-04
3.473737,-4.730243E-04,1.525891E-05,-.001
3.474737,-3.12807E-04,0,-6.66667E-04
3.475738,-3.204364E-04,-9.15532E-05,6.66667E-04
3.476738,-5.340613E-04,-3.051776E-04,-6.66667E-04
3.477739,-6.103553E-04,-5.111732E-04,-.001
3.478739,-2.13624E-04,-4.577655E-04,-6.66667E-04
3.47974,6.866502E-05,1.983652E-04,-6.66667E-04
3.480741,2.517719E-04,6.485023E-04,6.66667E-04
3.481741,4.88285E-04,7.705726E-04,.001
3.482741,6.256141E-04,4.348774E-04,.001
3.483742,1.144414E-04,3.662128E-04,-.001
3.484742,-1.602182E-04,2.13624E-04,6.66667E-04
3.485743,-4.577655E-04,3.967304E-04,6.66667E-04
3.486743,-3.814716E-04,2.670307E-04,-.002
3.487744,-1.525888E-04,-5.340599E-05,-2.33333E-03
3.488744,-2.059946E-04,-4.348774E-04,6.66667E-04
3.489745,-4.577655E-04,-4.196186E-04,-6.66667E-04
3.490746,-3.89101E-04,-2.441425E-04,-.001
3.491746,1.831064E-04,-1.449594E-04,-.002
3.492746,3.585834E-04,2.059946E-04,-.001
3.493747,7.629441E-05,7.01908E-04,-.002
3.494747,-1.297006E-04,6.179847E-04,-6.66667E-04
3.495748,-6.866502E-05,3.662128E-04,-6.66667E-04
3.496748,1.06812E-04,4.425067E-04,-6.66667E-04
3.497749,2.13624E-04,2.212534E-04,6.66667E-04
3.498749,1.220712E-04,-3.204364E-04,-.001
3.49975,9.15532E-05,-3.585834E-04,-.001
3.500751,-1.220712E-04,-1.449594E-04,-6.66667E-04
3.501751,-2.975482E-04,1.449594E-04,-.001
3.502751,-5.798377E-04,2.594013E-04,6.66667E-04
3.503752,-5.569495E-04,6.103562E-05,-6.66667E-04
3.504752,-1.907358E-04,-2.212534E-04,.001
3.505753,-6.103562E-05,-3.051781E-05,-.002
3.506753,-1.06812E-04,9.918259E-05,6.66667E-04
3.507754,-9.15532E-05,2.441425E-04,6.66667E-04
3.508754,-5.340599E-05,2.441425E-04,.001
3.509755,-1.678476E-04,1.3733E-04,6.66667E-04
3.510756,-3.433246E-04,3.738422E-04,.001
3.511756,-4.27248E-04,-2.13624E-04,-6.66667E-04
3.512756,-4.043598E-04,-6.179847E-04,-.001
3.513757,-1.602182E-04,-3.738422E-04,-.002
3.514757,7.629453E-06,-1.983652E-04,-6.66667E-04
3.515758,3.814721E-05,-3.051781E-05,-6.66667E-04
3.516758,-1.220712E-04,2.670307E-04,6.66667E-04
3.517759,-1.06812E-04,7.629453E-06,-6.66667E-04
3.518759,-1.06812E-04,-1.602182E-04,.001
3.51976,-2.822895E-04,-4.196186E-04,-.001
3.520761,-2.746601E-04,-7.01908E-04,-6.66667E-04
3.521761,3.814721E-05,-2.822895E-04,6.66667E-04
3.522761,-3.967304E-04,1.75477E-04,.001
3.523762,-3.585834E-04,1.220712E-04,-6.66667E-04
3.524762,-5.340613E-04,3.051781E-05,-.002
3.525763,-5.264319E-04,1.75477E-04,-.001
3.526763,-2.975482E-04,2.28883E-05,6.66667E-04
3.527764,-1.525888E-04,3.12807E-04,-.001
3.528764,-1.831064E-04,3.433246E-04,-.001
3.529765,3.051781E-05,4.27248E-04,.001
3.530766,3.12807E-04,2.517719E-04,6.66667E-04
3.531766,3.051781E-05,2.365122E-04,-6.66667E-04
3.532766,-3.967304E-04,5.035438E-04,6.66667E-04
3.533767,-3.967304E-04,3.50954E-04,6.66667E-04
3.534767,-2.13624E-04,-7.629453E-06,-6.66667E-04
3.535768,-3.433246E-04,9.15532E-05,-3.66667E-03
3.536768,-1.297006E-04,-1.3733E-04,-.001
3.537769,-1.06812E-04,-5.950965E-04,6.66667E-04
3.538769,-3.051781E-05,-7.629432E-04,-6.66667E-04
3.53977,7.629441E-05,-8.316077E-04,-.002
3.540771,-2.365122E-04,-3.738422E-04,6.66667E-04
3.541771,-5.340613E-04,1.525888E-04,-.002
3.542771,-8.163489E-04,2.365122E-04,.001
3.543772,-7.40055E-04,7.629432E-04,.001
3.544772,-4.27248E-04,4.959144E-04,-6.66667E-04
3.545773,-3.204364E-04,1.3733E-04,-.001
3.546773,-8.316077E-04,-5.340599E-05,.002
3.547774,-9.841993E-04,-7.629441E-05,-6.66667E-04
3.548774,-7.705726E-04,2.975482E-04,6.66667E-04
3.549775,-7.78202E-04,3.662128E-04,-.001
3.550776,-6.408729E-04,3.662128E-04,-2.33333E-03
3.551776,-6.561317E-04,2.822895E-04,-.002
3.552776,-7.705726E-04,2.059946E-04,6.66667E-04
3.553777,-7.476844E-04,2.594013E-04,.001
3.554777,-1.06812E-04,5.950965E-04,-6.66667E-04
3.555778,-2.212534E-04,5.874671E-04,-6.66667E-04
3.556778,-5.645789E-04,6.790198E-04,-2.33333E-03
3.557779,-7.934608E-04,3.89101E-04,-6.66667E-04
3.558779,-1.213081E-03,4.043598E-04,-.001
3.55978,-1.388557E-03,4.577655E-04,6.66667E-04
3.560781,-1.548775E-03,4.27248E-04,-.004
3.561781,-1.747139E-03,4.348774E-04,6.66667E-04
3.562781,-1.86158E-03,4.043598E-04,.001
3.563782,-2.342239E-03,2.594013E-04,.001
3.564783,-2.655044E-03,-2.28883E-05,6.66667E-04
3.565783,-2.914444E-03,-6.866502E-05,6.66667E-04
3.566783,-3.860489E-03,4.57766E-05,-6.66667E-04
3.567784,-4.074126E-03,4.57766E-05,-6.66667E-04
3.568784,-3.959686E-03,2.13624E-04,6.66667E-04
3.569785,-3.913909E-03,2.059946E-04,6.66667E-04
3.570786,-3.852859E-03,-2.441425E-04,6.66667E-04
3.571786,-3.227249E-03,-3.280658E-04,-.002
3.572786,-3.044143E-03,-3.12807E-04,-.001
3.573787,-2.792373E-03,-4.577655E-04,-.002
3.574788,-2.166763E-03,-6.942786E-04,6.66667E-04
3.575788,-2.006546E-03,-6.561317E-04,6.66667E-04
3.576788,-1.708992E-03,-2.441425E-04,6.66667E-04
3.577789,-1.014717E-03,1.144414E-04,-3.66667E-03
3.578789,-1.091011E-03,1.144414E-04,-.002
3.57979,-8.926429E-04,1.220712E-04,-6.66667E-04
3.580791,-7.171668E-04,1.3733E-04,-6.66667E-04
3.581791,-6.179847E-04,-2.594013E-04,6.66667E-04
3.582791,-6.63761E-04,-4.653949E-04,-6.66667E-04
3.583792,-3.662128E-04,-1.983652E-04,-.001
3.584793,-3.50954E-04,4.57766E-05,-6.66667E-04
3.585793,-3.585834E-04,1.220712E-04,-6.66667E-04
3.586793,6.103562E-05,3.051776E-04,-.001
3.587794,2.212534E-04,1.983652E-04,-.002
3.588794,2.288828E-04,1.525888E-04,-3.66667E-03
3.589795,-2.28883E-05,-1.06812E-04,-6.66667E-04
3.590796,-7.629441E-05,-2.13624E-04,-.001
3.591796,-1.449594E-04,3.814721E-05,.001
3.592796,1.907358E-04,-1.602182E-04,6.66667E-04
3.593797,1.525888E-04,-2.670307E-04,-.001
3.594798,-2.746601E-04,-3.738422E-04,-.001
3.595798,-1.983652E-04,-5.798377E-04,6.66667E-04
3.596798,7.629441E-05,-5.188026E-04,-6.66667E-04
3.597799,1.449594E-04,-1.06812E-04,-2.33333E-03
3.598799,-3.814716E-04,3.051776E-04,-3.66667E-03
3.5998,-3.051776E-04,2.517719E-04,-.001
3.600801,8.392381E-05,1.75477E-04,-2.33333E-03
3.601801,1.907358E-04,-2.13624E-04,-.002
3.602801,-2.13624E-04,-6.027259E-04,6.66667E-04
3.603802,-2.822895E-04,-5.264319E-04,.002
3.604803,-7.629453E-06,-4.043598E-04,.001
3.605803,-2.288828E-04,-1.602182E-04,-6.66667E-04
3.606803,-2.822895E-04,1.449594E-04,-.001
3.607804,9.15532E-05,2.822895E-04,-.002
3.608804,4.653949E-04,3.662128E-04,.001
3.609805,4.806537E-04,2.594013E-04,-.002
3.610806,2.517719E-04,3.814716E-04,6.66667E-04
3.611806,1.3733E-04,2.594013E-04,-3.66667E-03
3.612806,1.983652E-04,2.822895E-04,-.001
3.613807,3.280658E-04,4.27248E-04,6.66667E-04
3.614808,2.746601E-04,7.629441E-05,.001
3.615808,1.678476E-04,3.814721E-05,-.001
3.616808,2.28883E-05,2.288828E-04,-.001
3.617809,-1.525888E-04,3.12807E-04,-6.66667E-04
3.618809,-1.75477E-04,5.493201E-04,6.66667E-04
3.61981,2.059946E-04,5.722083E-04,-2.33333E-03
3.620811,6.103562E-05,2.594013E-04,-6.66667E-04
3.621811,9.918259E-05,1.525888E-04,.001
3.622811,4.196186E-04,1.983652E-04,-2.33333E-03
3.623812,7.858314E-04,3.12807E-04,6.66667E-04
3.624813,4.043598E-04,3.12807E-04,-.001
3.625813,4.959144E-04,-1.297006E-04,-.001
3.626813,4.348774E-04,-1.06812E-04,-6.66667E-04
3.627814,2.059946E-04,-6.866502E-05,-6.66667E-04
3.628814,2.059946E-04,-6.103562E-05,-6.66667E-04
3.629815,3.662128E-04,1.983652E-04,.001
3.630816,5.798377E-04,-2.13624E-04,-.001
3.631816,3.738422E-04,-1.3733E-04,-.001
3.632816,3.204364E-04,-6.866502E-05,-6.66667E-04
3.633817,1.678476E-04,-1.220712E-04,-6.66667E-04
3.634818,2.746601E-04,-3.204364E-04,.001
3.635818,-4.57766E-05,-4.119892E-04,-6.66667E-04
3.636818,-9.918259E-05,-1.06812E-04,-.002
3.637819,-6.103562E-05,-9.15532E-05,-6.66667E-04
3.638819,0,7.629453E-06,.001
3.63982,1.831064E-04,-1.525888E-04,6.66667E-04
3.640821,2.288828E-04,-4.348774E-04,-.001
3.641821,3.89101E-04,-4.577655E-04,-.002
3.642821,3.433246E-04,-5.340599E-05,-6.66667E-04
3.643822,9.918259E-05,6.103562E-05,-6.66667E-04
3.644823,4.57766E-05,4.501361E-04,-.002
3.645823,7.629453E-06,4.425067E-04,-2.33333E-03
3.646823,1.220712E-04,1.220712E-04,-.002
3.647824,-6.103562E-05,-6.866502E-05,-2.33333E-03
3.648824,-5.340599E-05,-1.06812E-04,-2.33333E-03
3.649825,-7.629441E-05,-1.525888E-04,6.66667E-04
3.650826,-3.738422E-04,-3.280658E-04,-.001
3.651826,-3.356952E-04,-1.06812E-04,6.66667E-04
3.652826,-1.602182E-04,1.449594E-04,-.001
3.653827,-2.441425E-04,4.88285E-04,.001
3.654828,-4.196186E-04,4.425067E-04,-.002
3.655828,-5.035438E-04,2.975482E-04,.001
3.656828,-3.814716E-04,9.15532E-05,-.001
3.657829,-4.959144E-04,-6.866502E-05,-.002
3.658829,-6.103553E-04,-3.814721E-05,-6.66667E-04
3.65983,-5.188026E-04,-1.144414E-04,-.002
3.66083,-8.850135E-04,-3.814716E-04,-.001
3.661831,-8.163489E-04,-1.297006E-04,-3.66667E-03
3.662831,-1.48011E-03,1.297006E-04,.001
3.663832,-1.922615E-03,2.059946E-04,.001
3.664833,-2.197281E-03,5.645789E-04,.001
3.665833,-2.388015E-03,6.179847E-04,.001
3.666833,-3.036514E-03,3.280658E-04,-6.66667E-04
3.667834,-3.364578E-03,-2.13624E-04,6.66667E-04
3.668834,-4.310638E-03,-4.196186E-04,.001
3.669835,-4.875213E-03,-6.408729E-04,6.66667E-04
3.670835,-5.340606E-03,-4.043598E-04,-6.66667E-04
3.671836,-5.828887E-03,-1.75477E-04,-.002
3.672836,-5.882293E-03,1.907358E-04,-.002
3.673837,-5.92044E-03,1.983652E-04,6.66667E-04
3.674838,-5.691558E-03,2.517719E-04,-.001
3.675838,-5.363494E-03,3.814721E-05,-6.66667E-04
3.676838,-4.852325E-03,-1.75477E-04,-6.66667E-04
3.677839,-4.28012E-03,-3.814721E-05,.001
3.678839,-3.540054E-03,-1.75477E-04,-2.33333E-03
3.67984,-2.761856E-03,2.365122E-04,-.001
3.68084,-2.426162E-03,4.730243E-04,-.001
3.681841,-1.640327E-03,7.705726E-04,-.002
3.682841,-9.994581E-04,5.111732E-04,-.002
3.683842,-8.239783E-04,2.670307E-04,-6.66667E-04
3.684843,-6.866492E-04,6.103562E-05,-6.66667E-04
3.685843,-3.89101E-04,9.918259E-05,.001
3.686843,-3.204364E-04,1.983652E-04,6.66667E-04
3.687844,-4.501361E-04,2.212534E-04,6.66667E-04
3.688844,-4.806537E-04,2.365122E-04,-6.66667E-04
3.689845,5.340599E-05,3.662128E-04,6.66667E-04
3.690845,8.392381E-05,2.28883E-05,-.001
3.691846,-2.899189E-04,1.907358E-04,.001
3.692847,-6.256141E-04,-1.144414E-04,-.001
3.693847,-4.959144E-04,-5.340599E-05,-6.66667E-04
3.694848,-4.196186E-04,-1.75477E-04,-6.66667E-04
3.695848,-1.525888E-04,6.866502E-05,-6.66667E-04
3.696848,1.297006E-04,2.365122E-04,-.001
3.697849,1.3733E-04,4.57766E-05,-.002
3.698849,-2.746601E-04,1.06812E-04,-6.66667E-04
3.69985,8.392381E-05,1.525891E-05,6.66667E-04
3.70085,3.051781E-05,4.425067E-04,-.001
3.701851,5.340599E-05,3.967304E-04,-.001
3.702852,-1.907358E-04,2.975482E-04,-.002
3.703852,-3.814721E-05,1.525891E-05,.001
3.704853,1.907358E-04,2.288828E-04,-.002
3.705853,1.06812E-04,6.866502E-05,-6.66667E-04
3.706853,-3.051781E-05,-5.340599E-05,-.002
3.707854,4.57766E-05,0,-6.66667E-04
3.708854,-1.602182E-04,3.280658E-04,-6.66667E-04
3.709855,-8.392381E-05,2.822895E-04,.002
3.710855,-2.365122E-04,-1.144414E-04,.001
3.711856,-2.517719E-04,1.678476E-04,6.66667E-04
3.712857,-2.288828E-04,3.280658E-04,6.66667E-04
3.713857,-2.975482E-04,9.918259E-05,6.66667E-04
3.714858,-1.983652E-04,3.280658E-04,6.66667E-04
3.715858,-9.15532E-05,1.449594E-04,-.002
3.716858,2.059946E-04,-7.629441E-05,-3.66667E-03
3.717859,1.06812E-04,1.06812E-04,6.66667E-04
3.718859,-6.866502E-05,4.730243E-04,6.66667E-04
3.71986,-2.13624E-04,7.40055E-04,.001
3.72086,-1.678476E-04,5.035438E-04,-6.66667E-04
3.721861,-4.27248E-04,5.035438E-04,-6.66667E-04
3.722862,-4.653949E-04,2.822895E-04,-.001
3.723862,-5.950965E-04,2.28883E-05,-6.66667E-04
3.724863,-3.738422E-04,-3.814721E-05,-2.33333E-03
3.725863,-2.594013E-04,-5.645789E-04,.001
3.726863,-3.051781E-05,-4.730243E-04,.002
3.727864,1.3733E-04,-6.866502E-05,-.002
3.728864,-3.433246E-04,-1.602182E-04,-.002
3.729865,-6.103553E-04,-4.196186E-04,-6.66667E-04
3.730865,-4.806537E-04,-3.50954E-04,6.66667E-04
3.731866,-2.288828E-04,-6.103562E-05,-6.66667E-04
3.732867,-2.365122E-04,2.288828E-04,6.66667E-04
3.733867,-1.06812E-04,4.57766E-05,6.66667E-04
3.734868,-2.212534E-04,-9.15532E-05,-6.66667E-04
3.735868,1.525891E-05,9.15532E-05,-.002
3.736868,2.059946E-04,1.75477E-04,-6.66667E-04
3.737869,-4.57766E-05,4.348774E-04,-.002
3.73887,6.103562E-05,2.13624E-04,6.66667E-04
3.73987,1.144414E-04,2.594013E-04,-6.66667E-04
3.74087,-2.365122E-04,6.256141E-04,6.66667E-04
3.741871,-6.103562E-05,5.798377E-04,-.001
3.742872,3.051781E-05,2.365122E-04,3.66667E-03
3.743872,4.57766E-05,-2.441425E-04,-6.66667E-04
3.744873,-8.392381E-05,-4.806537E-04,-.001
3.745873,-1.678476E-04,-4.27248E-04,6.66667E-04
3.746873,4.501361E-04,3.051781E-05,6.66667E-04
3.747874,1.602182E-04,4.501361E-04,-.002
3.748875,-3.204364E-04,4.88285E-04,-.001
3.749875,-2.212534E-04,4.119892E-04,6.66667E-04
3.750875,1.983652E-04,1.144414E-04,-6.66667E-04
3.751876,1.220712E-04,-4.425067E-04,-3.66667E-03
3.752877,0,-5.569495E-04,6.66667E-04
3.753877,-5.340599E-05,1.449594E-04,6.66667E-04
3.754878,4.57766E-05,5.188026E-04,-.001
3.755878,1.3733E-04,3.662128E-04,6.66667E-04
3.756878,-6.103562E-05,4.348774E-04,-6.66667E-04
3.757879,1.449594E-04,4.425067E-04,-3.66667E-03
3.75888,1.831064E-04,3.50954E-04,-.002
3.75988,0,2.746601E-04,-.001
3.76088,-1.602182E-04,-1.983652E-04,6.66667E-04
3.761881,1.3733E-04,2.975482E-04,-.001
3.762882,-1.678476E-04,1.907358E-04,-6.66667E-04
3.763882,-1.220712E-04,2.975482E-04,6.66667E-04
3.764883,-1.449594E-04,4.959144E-04,-.001
3.765883,-2.899189E-04,4.348774E-04,-6.66667E-04
3.766883,2.28883E-05,5.264319E-04,-6.66667E-04
3.767884,4.57766E-05,4.119892E-04,-.001
3.768885,2.288828E-04,4.119892E-04,-6.66667E-04
3.769885,2.670307E-04,1.602182E-04,-.001
3.770885,1.602182E-04,2.899189E-04,.002
3.771886,2.594013E-04,1.06812E-04,-.001
3.772887,2.594013E-04,7.629441E-05,-.002
3.773887,4.27248E-04,-2.13624E-04,-.001
3.774888,3.967304E-04,-3.356952E-04,-3.66667E-03
3.775888,-1.449594E-04,-2.28883E-05,-6.66667E-04
3.776888,-3.50954E-04,-2.746601E-04,.002
3.777889,-1.907358E-04,-1.297006E-04,-.002
3.77889,-1.449594E-04,-3.433246E-04,6.66667E-04
3.77989,-1.602182E-04,-5.340599E-05,-.001
3.78089,-1.525891E-05,1.525888E-04,6.66667E-04
3.781891,-6.027259E-04,1.831064E-04,-.002
3.782892,-5.950965E-04,4.57766E-05,6.66667E-04
3.783892,-3.280658E-04,2.594013E-04,6.66667E-04
3.784893,-8.392381E-05,-1.06812E-04,-.001
3.785893,-2.822895E-04,-3.814721E-05,6.66667E-04
3.786893,-5.340613E-04,2.059946E-04,-6.66667E-04
3.787894,-7.934608E-04,1.144414E-04,-6.66667E-04
3.788895,-6.561317E-04,3.89101E-04,-.001
3.789895,-1.327522E-03,2.975482E-04,-.002
3.790895,-1.586922E-03,-7.629453E-06,-6.66667E-04
3.791896,-1.907356E-03,-3.50954E-04,-2.33333E-03
3.792897,-2.944961E-03,-1.06812E-04,6.66667E-04
3.793897,-4.493743E-03,-2.28883E-05,.001
3.794898,-6.637603E-03,6.866502E-05,-3.66667E-03
3.795898,-8.537352E-03,1.831064E-04,-6.66667E-04
3.796898,-9.681761E-03,-1.297006E-04,-2.33333E-03
3.797899,-9.994566E-03,-2.212534E-04,6.66667E-04
3.7989,-9.887755E-03,-2.441425E-04,-.001
3.7999,-9.613097E-03,-3.12807E-04,-6.66667E-04
3.8009,-8.575499E-03,3.051781E-05,-.002
3.801901,-7.194549E-03,-2.28883E-05,-6.66667E-04
3.802902,-5.744964E-03,-3.280658E-04,-3.66667E-03
3.803902,-4.524261E-03,9.918259E-05,-.001
3.804903,-3.471389E-03,-1.525888E-04,-6.66667E-04
3.805903,-3.051773E-03,4.57766E-05,.001
3.806903,-1.937874E-03,1.602182E-04,-.002
3.807904,-1.159675E-03,5.645789E-04,-.002
3.808905,-1.159675E-03,4.196186E-04,-6.66667E-04
3.809905,-8.392371E-04,1.3733E-04,6.66667E-04
3.810905,-5.340613E-04,-3.814721E-05,-6.66667E-04
3.811906,-4.653949E-04,3.814721E-05,.001
3.812907,-2.28883E-05,-7.629453E-06,-.001
3.813907,3.814716E-04,-4.57766E-05,-6.66667E-04
3.814908,6.027259E-04,3.051781E-05,.001
3.815908,4.348774E-04,1.3733E-04,-.001
3.816908,8.163489E-04,9.918259E-05,-.002
3.817909,6.027259E-04,0,-.001
3.81891,2.899189E-04,0,-6.66667E-04
3.81991,6.866502E-05,-5.340599E-05,6.66667E-04
3.82091,0,8.392381E-05,.001
3.821911,9.15532E-05,-2.28883E-05,6.66667E-04
3.822912,-1.297006E-04,-1.3733E-04,-.001
3.823912,-2.059946E-04,-1.3733E-04,-.001
3.824913,9.15532E-05,-2.670307E-04,6.66667E-04
3.825913,1.983652E-04,-3.204364E-04,-.001
3.826913,2.13624E-04,-3.738422E-04,6.66667E-04
3.827914,1.3733E-04,-3.585834E-04,6.66667E-04
3.828915,9.15532E-05,-2.059946E-04,-.001
3.829915,0,-9.15532E-05,-.001
3.830915,5.874671E-04,-9.918259E-05,.001
3.831916,3.280658E-04,-3.50954E-04,-.002
3.832916,3.051781E-05,-2.594013E-04,-6.66667E-04
3.833917,2.28883E-05,-5.188026E-04,-.001
3.834918,-2.13624E-04,-6.027259E-04,6.66667E-04
3.835918,-1.297006E-04,-5.188026E-04,-2.33333E-03
3.836918,2.975482E-04,-2.441425E-04,-2.33333E-03
3.837919,5.416907E-04,1.525891E-05,2.33333E-03
3.83892,1.907358E-04,6.866502E-05,.002
3.83992,0,-2.059946E-04,-.002
3.84092,-5.188026E-04,3.051781E-05,-.002
3.841921,-3.967304E-04,1.75477E-04,-6.66667E-04
3.842921,-5.493201E-04,6.103562E-05,-.002
3.843922,-2.212534E-04,-1.602182E-04,6.66667E-04
3.844923,-2.822895E-04,-9.918259E-05,-.002
3.845923,-2.212534E-04,2.28883E-05,6.66667E-04
3.846923,-2.594013E-04,-1.525891E-05,6.66667E-04
3.847924,-3.967304E-04,-9.15532E-05,6.66667E-04
3.848925,-3.814716E-04,-1.831064E-04,-.002
3.849925,-3.051781E-05,-2.13624E-04,-6.66667E-04
3.850925,-9.15532E-05,-4.425067E-04,-6.66667E-04
3.851926,7.629453E-06,-5.188026E-04,-.001
3.852926,9.918259E-05,-4.043598E-04,-.001
3.853927,7.629441E-05,-2.517719E-04,6.66667E-04
3.854928,5.188026E-04,-2.670307E-04,-2.33333E-03
3.855928,7.01908E-04,-1.220712E-04,-.002
3.856929,5.722083E-04,-3.814721E-05,.001
3.857929,3.051776E-04,1.220712E-04,-6.66667E-04
3.85893,-7.629453E-06,6.103562E-05,-.001
3.85993,6.866502E-05,-4.57766E-05,.002
3.86093,-7.629453E-06,-2.594013E-04,-.001
3.861931,5.340599E-05,-1.220712E-04,-6.66667E-04
3.862931,-9.15532E-05,9.918259E-05,-.002
3.863932,-8.392381E-05,3.814716E-04,-.001
3.864933,-1.06812E-04,3.204364E-04,-.001
3.865933,-3.204364E-04,8.392381E-05,-2.33333E-03
3.866934,-2.822895E-04,9.918259E-05,-6.66667E-04
3.867934,-3.433246E-04,0,-6.66667E-04
3.868935,-3.967304E-04,3.280658E-04,-6.66667E-04
3.869935,-3.585834E-04,1.220712E-04,.002
3.870935,-1.449594E-04,-3.585834E-04,.001
3.871936,1.831064E-04,6.866502E-05,-6.66667E-04
3.872936,-5.340599E-05,1.3733E-04,-.001
3.873937,-5.645789E-04,1.678476E-04,-.001
3.874938,-2.670307E-04,1.449594E-04,-6.66667E-04
3.875938,-5.874671E-04,-6.103562E-05,-.002
3.876939,-1.983652E-04,3.051781E-05,-6.66667E-04
3.877939,-5.340599E-05,-2.975482E-04,-.001
3.87894,-1.525891E-05,3.051781E-05,6.66667E-04
3.87994,9.15532E-05,-1.602182E-04,6.66667E-04
3.88094,-7.629441E-05,-5.340599E-05,-.001
3.881941,-4.57766E-05,-3.204364E-04,-6.66667E-04
3.882941,-6.866502E-05,-1.831064E-04,-.002
3.883942,0,-2.441425E-04,-.001
3.884943,-1.525891E-05,-7.629441E-05,.001
3.885943,-1.602182E-04,-2.28883E-05,-6.66667E-04
3.886944,-4.57766E-05,1.525888E-04,-6.66667E-04
3.887944,-4.57766E-05,2.288828E-04,-.001
3.888945,1.983652E-04,2.594013E-04,-6.66667E-04
3.889945,2.517719E-04,-5.340599E-05,-.002
3.890945,7.629453E-06,-1.06812E-04,-.001
3.891946,5.340599E-05,6.103562E-05,6.66667E-04
3.892946,1.525888E-04,-5.340599E-05,6.66667E-04
3.893947,-3.738422E-04,-2.059946E-04,-6.66667E-04
3.894948,-5.416907E-04,-2.975482E-04,-.001
3.895948,-4.501361E-04,-2.594013E-04,.002
3.896949,-2.670307E-04,-4.653949E-04,-6.66667E-04
3.897949,-9.15532E-05,-3.50954E-04,-.001
3.89895,-1.220712E-04,1.525888E-04,.001
3.89995,-1.220712E-04,1.831064E-04,-6.66667E-04
3.90095,-6.866502E-05,2.059946E-04,.001
3.901951,-1.06812E-04,1.144414E-04,-.001
3.902952,-2.517719E-04,-7.629453E-06,-.001
3.903952,-3.814721E-05,3.051781E-05,6.66667E-04
3.904953,0,4.57766E-05,-6.66667E-04
3.905953,-5.340599E-05,-1.831064E-04,.002
3.906954,-9.918259E-05,-2.212534E-04,-.001
3.907954,-6.866502E-05,-2.670307E-04,-.001
3.908955,5.798377E-04,-3.280658E-04,-6.66667E-04
3.909955,5.569495E-04,-2.594013E-04,.001
3.910955,1.525888E-04,-1.06812E-04,6.66667E-04
3.911956,8.392381E-05,-5.340599E-05,6.66667E-04
3.912957,2.899189E-04,-4.57766E-05,-.001
3.913957,3.356952E-04,4.57766E-05,6.66667E-04
3.914958,2.059946E-04,8.392381E-05,-6.66667E-04
3.915958,2.594013E-04,-3.051776E-04,.001
3.916959,-8.392381E-05,-1.06812E-04,-.004
3.917959,2.288828E-04,3.967304E-04,-.002
3.91896,2.746601E-04,4.730243E-04,-6.66667E-04
3.91996,6.866502E-05,3.356952E-04,.001
3.92096,-5.340599E-05,9.918259E-05,2.33333E-03
3.921961,-1.06812E-04,1.220712E-04,-.001
3.922962,8.392381E-05,1.525891E-05,-.001
3.923962,1.602182E-04,3.051781E-05,-.001
3.924963,2.288828E-04,3.280658E-04,-2.33333E-03
3.925963,3.814721E-05,5.798377E-04,-.002
3.926964,6.866502E-05,3.433246E-04,6.66667E-04
3.927964,3.50954E-04,5.340599E-05,-6.66667E-04
3.928965,2.899189E-04,5.264319E-04,-.001
3.929965,2.059946E-04,4.196186E-04,6.66667E-04
3.930965,2.822895E-04,9.918259E-05,-.001
3.931966,2.288828E-04,1.678476E-04,.001
3.932967,-4.57766E-05,-1.831064E-04,.002
3.933967,-3.814721E-05,-4.806537E-04,-6.66667E-04
3.934968,1.678476E-04,-8.010902E-04,.002
3.935968,6.713904E-04,-4.577655E-04,-3.66667E-03
3.936969,5.111732E-04,1.525891E-05,-6.66667E-04
3.937969,7.629441E-05,4.653949E-04,-6.66667E-04
3.93897,-3.967304E-04,3.280658E-04,2.33333E-03
3.93997,-7.629441E-05,6.866502E-05,-.002
3.94097,9.918259E-05,-9.15532E-05,-.001
3.941971,-7.629453E-06,-2.13624E-04,-6.66667E-04
3.942972,-2.670307E-04,8.392381E-05,-.001
3.943972,-1.220712E-04,2.365122E-04,-.002
3.944973,-6.866502E-05,-6.103562E-05,-6.66667E-04
3.945973,1.144414E-04,0,-.002
3.946974,-6.103562E-05,-6.866502E-05,.001
3.947974,1.525891E-05,-6.103562E-05,6.66667E-04
3.948975,-3.12807E-04,2.059946E-04,-.002
3.949975,-5.264319E-04,-4.57766E-05,6.66667E-04
3.950975,-2.441425E-04,-2.441425E-04,-.001
3.951976,-3.50954E-04,-2.975482E-04,-.001
3.952977,-4.501361E-04,-7.629453E-06,6.66667E-04
3.953977,-4.27248E-04,3.204364E-04,-.001
3.954978,-2.899189E-04,5.111732E-04,6.66667E-04
3.955978,-2.059946E-04,2.13624E-04,-6.66667E-04
3.956979,-3.12807E-04,3.051781E-05,.001
3.957979,-9.15532E-05,4.730243E-04,.002
3.95898,1.297006E-04,3.662128E-04,-2.33333E-03
3.95998,-1.907358E-04,4.119892E-04,6.66667E-04
3.96098,-6.63761E-04,4.043598E-04,.001
3.961981,-2.746601E-04,1.144414E-04,-3.66667E-03
3.962982,2.670307E-04,-7.629453E-06,-.001
3.963982,-2.13624E-04,2.059946E-04,-.001
3.964983,-3.967304E-04,4.653949E-04,-.001
3.965983,-1.602182E-04,3.738422E-04,-6.66667E-04
3.966984,2.517719E-04,-2.441425E-04,-.001
3.967984,5.569495E-04,-2.746601E-04,.002
3.968985,5.950965E-04,2.28883E-05,6.66667E-04
3.969985,7.858314E-04,3.738422E-04,-6.66667E-04
3.970985,4.196186E-04,2.059946E-04,-.002
3.971986,1.144414E-04,-1.297006E-04,-6.66667E-04
3.972987,-8.392381E-05,-3.204364E-04,.001
3.973987,-3.814721E-05,0,-.002
3.974988,-1.297006E-04,-1.297006E-04,-6.66667E-04
3.975988,-4.27248E-04,-3.204364E-04,-6.66667E-04
3.976989,-3.433246E-04,-3.204364E-04,-.001
3.977989,-5.340599E-05,-2.517719E-04,-.001
3.97899,1.144414E-04,-1.75477E-04,6.66667E-04
3.97999,-1.602182E-04,9.918259E-05,-.001
3.98099,-7.629441E-05,3.50954E-04,-.001
3.981991,-1.907358E-04,2.517719E-04,-6.66667E-04
3.982992,9.15532E-05,9.918259E-05,-6.66667E-04
3.983992,-6.866502E-05,4.57766E-05,-2.33333E-03
3.984993,6.866502E-05,-2.670307E-04,-.002
3.985993,-1.525888E-04,-1.907358E-04,6.66667E-04
3.986994,-2.670307E-04,-9.15532E-05,-2.33333E-03
3.987994,-2.441425E-04,1.06812E-04,-6.66667E-04
3.988995,-2.365122E-04,2.746601E-04,-6.66667E-04
3.989995,0,2.288828E-04,.001
3.990995,1.220712E-04,1.449594E-04,-.002
3.991996,4.348774E-04,-1.602182E-04,-6.66667E-04
3.992997,5.798377E-04,-1.297006E-04,-3.66667E-03
3.993997,7.629432E-04,1.220712E-04,6.66667E-04
3.994998,6.561317E-04,1.525888E-04,-.001
3.995998,3.12807E-04,-2.28883E-05,-.001
3.996999,9.918259E-05,9.918259E-05,-2.33333E-03
3.997999,-1.144414E-04,4.196186E-04,-.001
3.999,-1.525888E-04,5.874671E-04,.001
4,7.629453E-06,5.035438E-04,-.002
