"c:\users\esrlabn1\desktop\bence\ir_spectroscopy\532nm_odmr\magnet_map_1_680nm\012.dat  ---  04-27-2026 12:38:22"
""
"cavityli 20 2 4 2000 1 0 0"
"                             ;                             ;seth_xesr_precise 325.89 1 0 -2.5"
"setlockin 188.67 0.004 0 0.03 0.2"
4,2000
2,-8.926429E-04,-8.010902E-04,6.66667E-04
2.001,-7.476844E-04,-1.10627E-03,.001
2.002001,4.57766E-05,-9.53678E-04,-.001
2.003001,2.975482E-04,-2.746601E-04,.002
2.004002,4.57766E-05,3.814716E-04,-.001
2.005002,3.585834E-04,-7.171668E-04,-6.66667E-04
2.006003,3.12807E-04,-6.63761E-04,-.001
2.007004,-7.01908E-04,-3.738422E-04,.001
2.008004,-2.212534E-04,-9.15532E-05,-6.66667E-04
2.009005,3.051781E-05,6.866502E-05,-6.66667E-04
2.010005,-2.822895E-04,-2.212534E-04,-.001
2.011005,-1.014717E-03,-5.340599E-05,6.66667E-04
2.012006,-1.808174E-03,-4.425067E-04,6.66667E-04
2.013006,-1.426704E-03,-1.06812E-04,-.001
2.014007,-2.021804E-03,-3.051781E-05,-6.66667E-04
2.015007,-2.716079E-03,-8.316077E-04,-.002
2.016008,-3.784195E-03,-2.28883E-05,6.66667E-04
2.017009,-4.837066E-03,2.441425E-04,-.002
2.018009,-6.462127E-03,1.525888E-04,-2.33333E-03
2.01901,-8.682311E-03,-1.060493E-03,6.66667E-04
2.02001,-1.040655E-02,-1.373298E-03,-6.66667E-04
2.02101,-1.112372E-02,-1.342781E-03,-6.66667E-04
2.022011,-1.226813E-02,-7.095374E-04,-6.66667E-04
2.023011,-1.280218E-02,-6.256141E-04,-6.66667E-04
2.024012,-1.457983E-02,-9.307899E-04,6.66667E-04
2.025012,-1.362616E-02,-9.079017E-04,6.66667E-04
2.026013,-1.181799E-02,-7.705726E-04,.001
2.027014,-9.559691E-03,-9.613074E-04,-.001
2.028014,-7.240325E-03,-7.934608E-04,6.66667E-04
2.029015,-5.622894E-03,-6.332435E-04,.002
2.030015,-4.211456E-03,5.111732E-04,6.66667E-04
2.031015,-2.800003E-03,5.722083E-04,.001
2.032016,-1.892097E-03,-1.220712E-04,-.002
2.033016,-2.067581E-03,3.051776E-04,-.001
2.034017,-1.068123E-03,-1.525891E-05,6.66667E-04
2.035017,-1.327522E-03,-6.63761E-04,-.002
2.036018,-1.640327E-03,-9.15532E-05,-6.66667E-04
2.037019,-2.166763E-03,5.111732E-04,6.66667E-04
2.038019,-2.182022E-03,1.304634E-03,-.002
2.03902,-1.220711E-03,5.111732E-04,-6.66667E-04
2.04002,-1.037605E-03,-8.544959E-04,-.002
2.04102,-1.022346E-03,-4.730243E-04,-2.33333E-03
2.042021,-5.340613E-04,-2.822895E-04,-.002
2.043021,-5.264319E-04,-4.501361E-04,6.66667E-04
2.044022,1.602182E-04,-9.689368E-04,6.66667E-04
2.045022,3.204364E-04,-9.002723E-04,-.001
2.046023,-1.449594E-04,-6.408729E-04,-3.66667E-03
2.047024,-1.06812E-04,-2.28883E-05,.001
2.048024,2.365122E-04,-7.01908E-04,-.002
2.049025,5.264319E-04,-5.950965E-04,.001
2.050025,6.63761E-04,-5.416907E-04,-.001
2.051026,9.079017E-04,5.950965E-04,6.66667E-04
2.052026,1.274116E-03,1.792915E-03,.001
2.053026,9.994581E-04,1.724251E-03,-.002
2.054027,-1.602182E-04,1.037605E-03,6.66667E-04
2.055027,1.144414E-04,4.27248E-04,6.66667E-04
2.056028,5.340613E-04,3.662128E-04,-.002
2.057029,7.476844E-04,-2.28883E-05,-6.66667E-04
2.058029,-1.983652E-04,-1.220712E-04,-.001
2.05903,-6.866502E-05,-5.493201E-04,-2.33333E-03
2.06003,7.095374E-04,7.629441E-05,6.66667E-04
2.061031,5.645789E-04,3.662128E-04,-.001
2.062031,-6.561317E-04,4.730243E-04,6.66667E-04
2.063031,-6.790198E-04,2.288828E-04,.001
2.064032,-5.340613E-04,2.594013E-04,.001
2.065032,-4.88285E-04,1.304634E-03,-.002
2.066033,-6.866492E-04,1.22834E-03,-.001
2.067034,-4.806537E-04,6.63761E-04,2.33333E-03
2.068034,-2.220169E-03,1.525888E-04,-.001
2.069035,-1.846321E-03,-2.594013E-04,-.002
2.070035,-9.079017E-04,1.525891E-05,-6.66667E-04
2.071036,-4.425067E-04,-3.204364E-04,2.33333E-03
2.072036,-3.814721E-05,-7.934608E-04,-6.66667E-04
2.073036,-2.517719E-04,-2.670307E-04,-.001
2.074037,-2.288828E-04,7.629432E-04,-.001
2.075037,-2.822895E-04,3.356952E-04,-6.66667E-04
2.076038,-7.629453E-06,-1.571663E-03,6.66667E-04
2.077039,2.059946E-04,-2.319351E-03,.002
2.078039,3.662128E-04,-1.495369E-03,.001
2.07904,4.88285E-04,8.544959E-04,-.001
2.08004,2.670307E-04,1.419075E-03,.001
2.081041,-1.220712E-04,7.095374E-04,6.66667E-04
2.082041,-3.50954E-04,-3.433246E-04,-.001
2.083041,1.525891E-05,-9.15532E-05,-.001
2.084042,4.57766E-05,-4.501361E-04,-.002
2.085042,5.493201E-04,1.297006E-04,-.001
2.086043,6.866492E-04,5.798377E-04,-.001
2.087044,7.095374E-04,9.841993E-04,-6.66667E-04
2.088044,0,1.380928E-03,-6.66667E-04
2.089045,-2.441425E-04,6.866492E-04,-6.66667E-04
2.090045,-7.934608E-04,-2.517719E-04,-.001
2.091046,-2.822895E-04,4.348774E-04,-.001
2.092046,-1.525891E-05,3.051776E-04,-3.66667E-03
2.093046,2.517719E-04,6.332435E-04,-6.66667E-04
2.094047,-2.288828E-04,8.392381E-05,-.002
2.095047,-4.27248E-04,-5.111732E-04,-.001
2.096048,-1.426704E-03,-5.722083E-04,-6.66667E-04
2.097049,-1.152046E-03,-4.730243E-04,-6.66667E-04
2.098049,-1.380928E-03,7.858314E-04,-.001
2.09905,-1.968399E-03,2.136245E-03,-.002
2.10005,-1.380928E-03,1.625068E-03,-6.66667E-04
2.101051,-1.518257E-03,1.068123E-03,-.001
2.102051,-8.392371E-04,1.007088E-03,6.66667E-04
2.103051,7.629453E-06,5.035438E-04,.001
2.104052,4.501361E-04,1.144417E-03,-6.66667E-04
2.105052,7.095374E-04,6.179847E-04,-.001
2.106053,7.858314E-04,5.645789E-04,2.33333E-03
2.107054,9.918287E-04,-2.594013E-04,-.002
2.108054,7.095374E-04,-6.332435E-04,-3.66667E-03
2.109055,-1.831064E-04,-9.155311E-04,-6.66667E-04
2.110055,2.670307E-04,-1.983652E-04,-.002
2.111056,-2.059946E-04,1.525888E-04,6.66667E-04
2.112056,-3.738422E-04,6.179847E-04,.001
2.113056,2.746601E-04,-8.392381E-05,.002
2.114057,1.678476E-04,-1.297006E-04,-6.66667E-04
2.115057,4.196186E-04,3.433246E-04,6.66667E-04
2.116058,-9.15532E-05,2.288828E-04,-2.33333E-03
2.117059,-3.814721E-05,1.831064E-04,-6.66667E-04
2.118059,4.88285E-04,6.027259E-04,-.004
2.11906,5.264319E-04,8.926429E-04,-3.66667E-03
2.12006,-1.907358E-04,8.316077E-04,-.001
2.121061,4.196186E-04,6.179847E-04,-6.66667E-04
2.122061,4.196186E-04,4.730243E-04,-.001
2.123062,-1.083381E-03,4.806537E-04,-.002
2.124062,-2.433792E-03,5.798377E-04,.001
2.125062,-1.831062E-03,3.204364E-04,-.001
2.126063,-6.332435E-04,1.907358E-04,-.001
2.127064,-4.959144E-04,2.13624E-04,-6.66667E-04
2.128064,-7.934608E-04,-2.365122E-04,-6.66667E-04
2.129065,-2.212534E-04,-6.408729E-04,-.001
2.130065,3.662128E-04,-5.569495E-04,-6.66667E-04
2.131066,8.239783E-04,-2.059946E-04,-6.66667E-04
2.132066,9.918259E-05,6.179847E-04,-.002
2.133067,-1.449594E-04,8.773841E-04,.001
2.134067,4.196186E-04,1.266487E-03,-3.66667E-03
2.135067,4.57766E-05,1.525886E-03,-.001
2.136068,-3.051781E-05,1.10627E-03,-.002
2.137069,-4.730243E-04,-7.629441E-05,-.002
2.138069,-1.525891E-05,-1.602182E-04,-6.66667E-04
2.13907,3.356952E-04,1.297006E-04,6.66667E-04
2.14007,2.975482E-04,5.493201E-04,-.001
2.141071,-1.525888E-04,2.059946E-04,6.66667E-04
2.142071,8.392381E-05,-2.746601E-04,-6.66667E-04
2.143072,-6.866502E-05,-5.950965E-04,-6.66667E-04
2.144072,-1.525891E-05,-4.196186E-04,-.002
2.145072,3.280658E-04,-1.037605E-03,-6.66667E-04
2.146073,-2.13624E-04,-2.899189E-04,-.001
2.147074,-5.111732E-04,-7.629441E-05,-.002
2.148074,-1.289375E-03,2.365122E-04,-6.66667E-04
2.149075,-1.914985E-03,-5.340613E-04,-.001
2.150075,-1.373298E-03,-1.602182E-04,-.001
2.151076,3.662128E-04,4.88285E-04,.001
2.152076,9.384193E-04,-9.15532E-05,-2.33333E-03
2.153077,6.179847E-04,9.918259E-05,-.001
2.154077,1.327522E-03,-2.28883E-05,-.002
2.155077,1.365669E-03,-2.670307E-04,.001
2.156078,1.052864E-03,5.645789E-04,-6.66667E-04
2.157079,8.087195E-04,2.822895E-04,6.66667E-04
2.158079,5.493201E-04,-1.678476E-04,-.002
2.15908,8.697547E-04,-5.950965E-04,-6.66667E-04
2.16008,7.705726E-04,4.806537E-04,-6.66667E-04
2.161081,5.264319E-04,3.12807E-04,-2.33333E-03
2.162081,8.010902E-04,-7.171668E-04,-.001
2.163082,4.653949E-04,-3.89101E-04,-.002
2.164082,7.629441E-05,-4.959144E-04,6.66667E-04
2.165082,-2.28883E-05,-9.231605E-04,-.001
2.166083,5.950965E-04,-7.01908E-04,-.001
2.167084,1.678476E-04,-3.89101E-04,6.66667E-04
2.168084,-2.28883E-05,-8.392381E-05,.001
2.169085,6.866502E-05,-1.678476E-04,-.001
2.170085,3.585834E-04,2.594013E-04,-6.66667E-04
2.171086,1.213081E-03,-7.629453E-06,-6.66667E-04
2.172086,1.274116E-03,-1.602182E-04,-6.66667E-04
2.173087,5.569495E-04,4.043598E-04,-6.66667E-04
2.174087,-3.204364E-04,-1.449594E-04,-6.66667E-04
2.175087,-1.831064E-04,-4.88285E-04,-.001
2.176088,-8.926429E-04,-2.670307E-04,-6.66667E-04
2.177088,-2.670307E-04,-3.814721E-05,-.002
2.178089,-3.280658E-04,-5.340599E-05,-.001
2.17909,-4.57766E-05,-1.602182E-04,6.66667E-04
2.18009,1.449594E-04,-6.866502E-05,-6.66667E-04
2.181091,-4.425067E-04,-7.629453E-06,-.001
2.182091,1.144414E-04,-7.629441E-05,-6.66667E-04
2.183092,5.798377E-04,-9.918259E-05,-2.33333E-03
2.184092,-1.06812E-04,9.460486E-04,-.001
2.185092,-3.585834E-04,5.950965E-04,-.001
2.186093,-3.280658E-04,4.730243E-04,-.001
2.187093,-8.468665E-04,4.425067E-04,-.001
2.188094,6.103562E-05,3.50954E-04,6.66667E-04
2.189095,-1.983652E-04,-1.220712E-04,6.66667E-04
2.190095,-4.043598E-04,-3.356952E-04,.002
2.191096,-4.043598E-04,-2.670307E-04,.001
2.192096,-4.577655E-04,-8.316077E-04,-6.66667E-04
2.193097,-2.365122E-04,-1.3733E-04,.001
2.194097,2.059946E-04,4.27248E-04,-6.66667E-04
2.195097,2.059946E-04,-3.356952E-04,-6.66667E-04
2.196098,3.204364E-04,4.27248E-04,-.001
2.197098,2.899189E-04,3.89101E-04,-2.33333E-03
2.198099,3.662128E-04,4.348774E-04,.001
2.1991,9.7657E-04,4.501361E-04,.001
2.2001,1.029976E-03,-7.629453E-06,2.33333E-03
2.201101,7.247962E-04,4.425067E-04,.001
2.202101,6.408729E-04,5.264319E-04,-.001
2.203102,-2.441425E-04,8.926429E-04,2.33333E-03
2.204102,2.441425E-04,1.289375E-03,-.002
2.205102,1.831064E-04,6.027259E-04,-.001
2.206103,9.460486E-04,-1.518257E-03,-.002
2.207103,7.324256E-04,-1.686104E-03,6.66667E-04
2.208104,5.874671E-04,-4.730243E-04,6.66667E-04
2.209105,1.06812E-04,-7.095374E-04,.001
2.210105,-1.75477E-04,-5.722083E-04,-.001
2.211106,4.196186E-04,-4.57766E-05,-6.66667E-04
2.212106,-4.043598E-04,5.188026E-04,-6.66667E-04
2.213107,-2.13624E-04,3.814716E-04,6.66667E-04
2.214107,-1.525891E-05,-8.773841E-04,-6.66667E-04
2.215107,7.40055E-04,-3.967304E-04,6.66667E-04
2.216108,6.713904E-04,-8.392381E-05,-6.66667E-04
2.217108,1.373298E-03,-3.814721E-05,-6.66667E-04
2.218109,1.152046E-03,-7.247962E-04,6.66667E-04
2.21911,3.356952E-04,-1.525891E-05,-.001
2.22011,9.002723E-04,4.501361E-04,-.001
2.221111,7.705726E-04,2.975482E-04,-.002
2.222111,1.808174E-03,-2.746601E-04,-.001
2.223112,2.357498E-03,-4.196186E-04,-6.66667E-04
2.224112,1.586922E-03,-9.918259E-05,-.001
2.225112,1.525886E-03,2.899189E-04,-6.66667E-04
2.226113,8.926429E-04,5.950965E-04,-.001
2.227113,-3.662128E-04,3.433246E-04,-6.66667E-04
2.228114,1.297006E-04,-1.06812E-04,-.001
2.229115,4.501361E-04,-3.814721E-05,-3.66667E-03
2.230115,6.790198E-04,-5.722083E-04,.001
2.231116,9.231605E-04,-1.983652E-04,.001
2.232116,5.264319E-04,-3.051781E-05,-.001
2.233117,-1.525891E-05,-1.197822E-03,.001
2.234117,-6.713904E-04,-1.342781E-03,-.002
2.235118,-9.7657E-04,-9.384193E-04,6.66667E-04
2.236118,-7.01908E-04,-1.190193E-03,-.002
2.237118,-1.220712E-04,-1.022346E-03,-6.66667E-04
2.238119,6.866492E-04,-5.798377E-04,-6.66667E-04
2.23912,-1.602182E-04,-1.144414E-04,-.001
2.24012,1.297006E-04,-1.602182E-04,-.001
2.241121,1.579292E-03,-1.327522E-03,-6.66667E-04
2.242121,1.487739E-03,-1.686104E-03,-.001
2.243122,7.553138E-04,-1.213081E-03,6.66667E-04
2.244122,9.53678E-04,-3.967304E-04,-6.66667E-04
2.245123,1.052864E-03,-4.119892E-04,-.001
2.246123,5.111732E-04,-1.312263E-03,6.66667E-04
2.247123,3.814716E-04,-1.983652E-04,-.002
2.248124,3.051781E-05,2.13624E-04,-6.66667E-04
2.249125,-1.060493E-03,-4.27248E-04,-6.66667E-04
2.250125,-1.998916E-03,-5.340599E-05,.002
2.251126,-1.075752E-03,1.831064E-04,-5.33333E-03
2.252126,-1.449594E-04,1.602182E-04,6.66667E-04
2.253127,-4.348774E-04,2.365122E-04,-3.66667E-03
2.254127,-1.3733E-04,6.485023E-04,6.66667E-04
2.255128,4.425067E-04,-1.907358E-04,6.66667E-04
2.256128,5.264319E-04,-8.773841E-04,-2.33333E-03
2.257128,1.220711E-03,-1.274116E-03,-.001
2.258129,1.640327E-03,-2.098098E-03,.001
2.25913,1.10627E-03,-1.533516E-03,6.66667E-04
2.26013,8.316077E-04,-1.800545E-03,-6.66667E-04
2.261131,2.899189E-04,-1.335151E-03,6.66667E-04
2.262131,5.950965E-04,-5.874671E-04,6.66667E-04
2.263132,5.493201E-04,-1.075752E-03,-6.66667E-04
2.264132,5.264319E-04,-6.179847E-04,-.002
2.265133,6.408729E-04,5.035438E-04,-.001
2.266133,7.629453E-06,-4.806537E-04,-6.66667E-04
2.267133,-3.204364E-04,-9.002723E-04,-6.66667E-04
2.268134,2.899189E-04,-5.340599E-05,.001
2.269135,-3.204364E-04,5.950965E-04,-.002
2.270135,-1.052864E-03,7.705726E-04,-.001
2.271136,-2.296463E-03,1.121528E-03,-.002
2.272136,-1.571663E-03,6.332435E-04,2.33333E-03
2.273137,-1.35804E-03,4.88285E-04,-.001
2.274137,-2.441425E-04,8.316077E-04,-.002
2.275138,3.051781E-05,4.653949E-04,-6.66667E-04
2.276138,-1.06812E-04,1.068123E-03,6.66667E-04
2.277139,6.256141E-04,1.297006E-04,-6.66667E-04
2.278139,9.307899E-04,1.525888E-04,6.66667E-04
2.27914,-8.392381E-05,1.365669E-03,6.66667E-04
2.28014,-4.806537E-04,1.243599E-03,-2.33333E-03
2.281141,-6.332435E-04,1.075752E-03,-6.66667E-04
2.282141,-1.182564E-03,1.571663E-03,-6.66667E-04
2.283142,-3.280658E-04,9.460486E-04,6.66667E-04
2.284142,6.408729E-04,2.13624E-04,6.66667E-04
2.285143,-3.204364E-04,4.348774E-04,6.66667E-04
2.286143,-2.670307E-04,3.051776E-04,-.002
2.287144,-3.12807E-04,6.103553E-04,-6.66667E-04
2.288144,-3.204364E-04,1.136787E-03,-.001
2.289145,-3.814716E-04,5.950965E-04,-6.66667E-04
2.290145,-7.629432E-04,0,-.002
2.291146,-3.356952E-04,-3.204364E-04,6.66667E-04
2.292146,2.594013E-04,-7.629441E-05,-.001
2.293147,-3.051776E-04,4.27248E-04,-6.66667E-04
2.294147,-4.806537E-04,3.051781E-05,.001
2.295148,-8.316077E-04,-5.645789E-04,6.66667E-04
2.296148,-7.629441E-05,2.059946E-04,.001
2.297149,1.220712E-04,4.27248E-04,.001
2.298149,-8.468665E-04,1.3733E-04,-.001
2.29915,-6.866492E-04,7.247962E-04,-.001
2.30015,-4.501361E-04,1.3733E-04,-.002
2.301151,-4.27248E-04,-2.517719E-04,6.66667E-04
2.302151,-2.670307E-04,-9.15532E-05,-6.66667E-04
2.303152,4.730243E-04,-1.449594E-04,.001
2.304152,8.316077E-04,-2.13624E-04,-6.66667E-04
2.305153,6.027259E-04,-4.27248E-04,-.002
2.306153,6.332435E-04,-7.01908E-04,-.002
2.307154,2.594013E-04,-4.501361E-04,-6.66667E-04
2.308154,-3.814716E-04,-1.06812E-04,6.66667E-04
2.309155,-2.410904E-03,1.831064E-04,-6.66667E-04
2.310155,-2.319351E-03,3.204364E-04,-6.66667E-04
2.311156,-1.533516E-03,4.57766E-05,-.001
2.312156,-5.340613E-04,-1.297006E-04,-6.66667E-04
2.313157,-1.220712E-04,-9.15532E-05,-.001
2.314157,-2.288828E-04,6.103553E-04,-.002
2.315158,-1.754768E-03,1.10627E-03,-.001
2.316158,-1.403816E-03,1.075752E-03,-.001
2.317159,-1.167305E-03,-1.602182E-04,-5.33333E-03
2.318159,-1.167305E-03,3.738422E-04,-.001
2.31916,-9.918287E-04,-1.602182E-04,-2.33333E-03
2.32016,-2.212539E-03,-1.213081E-03,-.001
2.321161,-1.335151E-03,-7.40055E-04,-.002
2.322161,0,-7.553138E-04,-6.66667E-04
2.323162,7.324256E-04,-9.53678E-04,-6.66667E-04
2.324162,2.822895E-04,-1.007088E-03,.001
2.325163,-5.493201E-04,-7.78202E-04,-6.66667E-04
2.326163,-4.806537E-04,-2.899189E-04,-6.66667E-04
2.327164,-1.083381E-03,1.525888E-04,-6.66667E-04
2.328164,-6.485023E-04,-7.629453E-06,.002
2.329165,-3.89101E-04,-6.103562E-05,6.66667E-04
2.330165,7.629453E-06,7.476844E-04,6.66667E-04
2.331166,-6.408729E-04,2.441425E-04,6.66667E-04
2.332166,-5.798377E-04,-1.220712E-04,6.66667E-04
2.333167,6.103562E-05,-1.312263E-03,-.002
2.334167,-1.06812E-04,-9.689368E-04,-.001
2.335168,8.392381E-05,-6.942786E-04,.001
2.336168,-7.324256E-04,1.220712E-04,6.66667E-04
2.337169,-8.316077E-04,3.356952E-04,-6.66667E-04
2.338169,4.348774E-04,9.460486E-04,-.002
2.33917,8.010902E-04,5.264319E-04,6.66667E-04
2.34017,-7.629441E-05,5.188026E-04,.001
2.341171,2.594013E-04,6.179847E-04,-2.33333E-03
2.342171,4.119892E-04,2.059946E-04,.002
2.343172,-2.594013E-04,-3.814721E-05,-.002
2.344172,-1.525888E-04,1.144414E-04,6.66667E-04
2.345173,9.15532E-05,6.561317E-04,-6.66667E-04
2.346173,4.730243E-04,9.079017E-04,-.002
2.347174,-4.425067E-04,6.332435E-04,-6.66667E-04
2.348174,-6.942786E-04,4.196186E-04,-.001
2.349174,4.043598E-04,4.653949E-04,-6.66667E-04
2.350175,4.57766E-05,2.594013E-04,.001
2.351176,2.441425E-04,1.525891E-05,-6.66667E-04
2.352176,2.670307E-04,7.629453E-06,-6.66667E-04
2.353177,5.874671E-04,2.365122E-04,.001
2.354177,3.433246E-04,7.40055E-04,.002
2.355178,-4.27248E-04,3.967304E-04,-.002
2.356178,-5.111732E-04,2.288828E-04,-6.66667E-04
2.357179,2.746601E-04,6.561317E-04,-.001
2.358179,8.010902E-04,3.585834E-04,-.001
2.359179,6.256141E-04,1.75477E-04,-2.33333E-03
2.36018,7.78202E-04,9.384193E-04,-.001
2.361181,4.959144E-04,1.205452E-03,-.002
2.362181,-2.594013E-04,4.501361E-04,.002
2.363182,-7.629432E-04,7.171668E-04,6.66667E-04
2.364182,-3.051776E-04,5.645789E-04,-6.66667E-04
2.365183,6.408729E-04,9.231605E-04,-.002
2.366183,1.144414E-04,2.594013E-04,-.001
2.367184,1.297006E-04,1.144414E-04,-.002
2.368184,3.662128E-04,-9.231605E-04,.001
2.369184,2.517719E-04,-9.460486E-04,-2.33333E-03
2.370185,1.449594E-04,1.3733E-04,-6.66667E-04
2.371186,-6.866492E-04,7.629453E-06,2.33333E-03
2.372186,-8.850135E-04,-6.103562E-05,-.002
2.373187,-4.653949E-04,-1.060493E-03,-.002
2.374187,-4.043598E-04,-2.28883E-05,2.33333E-03
2.375188,1.525891E-05,1.678476E-04,-6.66667E-04
2.376188,6.027259E-04,-9.15532E-05,6.66667E-04
2.377189,2.212534E-04,4.57766E-05,2.33333E-03
2.378189,-4.653949E-04,-6.408729E-04,-6.66667E-04
2.379189,3.12807E-04,-8.468665E-04,6.66667E-04
2.38019,4.196186E-04,-5.340613E-04,-6.66667E-04
2.381191,9.918259E-05,-1.045235E-03,-6.66667E-04
2.382191,-9.155311E-04,-1.274116E-03,-.001
2.383192,-7.324256E-04,-7.858314E-04,-3.66667E-03
2.384192,-9.155311E-04,-2.13624E-04,-.002
2.385193,-1.182564E-03,-4.653949E-04,-.001
2.386193,-9.460486E-04,4.196186E-04,-.001
2.387194,2.746601E-04,-1.144414E-04,-.001
2.388194,6.561317E-04,1.297006E-04,.001
2.389194,5.340599E-05,4.959144E-04,6.66667E-04
2.390195,5.722083E-04,-1.678476E-04,6.66667E-04
2.391196,4.501361E-04,-4.196186E-04,2.33333E-03
2.392196,-7.247962E-04,-4.806537E-04,-6.66667E-04
2.393197,-5.340599E-05,7.629453E-06,6.66667E-04
2.394197,9.994581E-04,-6.408729E-04,6.66667E-04
2.395198,1.693733E-03,-1.449592E-03,-.001
2.396198,1.144417E-03,-9.7657E-04,-.002
2.397199,8.010902E-04,1.06812E-04,-.001
2.398199,2.594013E-04,-5.340613E-04,-.001
2.399199,-9.918259E-05,-5.722083E-04,-6.66667E-04
2.4002,-1.022346E-03,-6.256141E-04,6.66667E-04
2.401201,-9.002723E-04,-8.697547E-04,6.66667E-04
2.402201,1.525891E-05,-1.06812E-04,.001
2.403202,8.468665E-04,-4.119892E-04,-6.66667E-04
2.404202,7.01908E-04,-4.348774E-04,6.66667E-04
2.405203,7.476844E-04,5.264319E-04,-.001
2.406203,5.035438E-04,-1.220712E-04,.001
2.407204,2.670307E-04,-3.051776E-04,.001
2.408204,2.13624E-04,-3.204364E-04,-.001
2.409204,-2.212534E-04,4.425067E-04,-.002
2.410205,-4.27248E-04,5.035438E-04,-6.66667E-04
2.411206,6.103562E-05,1.3733E-04,-6.66667E-04
2.412206,2.594013E-04,5.035438E-04,-.001
2.413207,-6.408729E-04,9.613074E-04,-2.33333E-03
2.414207,-2.28883E-05,5.188026E-04,-.002
2.415208,3.814716E-04,2.517719E-04,-6.66667E-04
2.416208,1.388557E-03,8.392381E-05,6.66667E-04
2.417209,8.239783E-04,-7.629441E-05,-.001
2.418209,3.814721E-05,2.746601E-04,6.66667E-04
2.41921,-7.476844E-04,2.288828E-04,-.002
2.42021,-4.501361E-04,3.12807E-04,.001
2.421211,3.051781E-05,2.594013E-04,6.66667E-04
2.422211,6.866502E-05,5.416907E-04,-3.66667E-03
2.423212,4.577655E-04,4.730243E-04,6.66667E-04
2.424212,8.926429E-04,9.460486E-04,-.001
2.425213,2.212534E-04,7.095374E-04,.002
2.426213,-2.670307E-04,4.27248E-04,-6.66667E-04
2.427214,-4.425067E-04,7.476844E-04,-6.66667E-04
2.428214,6.63761E-04,-1.220712E-04,6.66667E-04
2.429215,1.121528E-03,-3.204364E-04,.001
2.430215,2.517719E-04,-6.027259E-04,6.66667E-04
2.431216,5.798377E-04,-1.907358E-04,-6.66667E-04
2.432216,4.196186E-04,2.13624E-04,.002
2.433217,3.738422E-04,5.798377E-04,-.001
2.434217,-6.103562E-05,-2.13624E-04,-.001
2.435218,1.449594E-04,-4.425067E-04,.001
2.436218,5.798377E-04,-3.585834E-04,-.002
2.437219,5.569495E-04,-1.75477E-04,6.66667E-04
2.438219,-3.50954E-04,-2.365122E-04,.001
2.43922,0,3.89101E-04,-.001
2.44022,2.594013E-04,3.89101E-04,.001
2.441221,-7.40055E-04,4.730243E-04,.001
2.442221,-1.75477E-04,-1.449594E-04,-3.66667E-03
2.443222,1.75477E-04,-5.569495E-04,-6.66667E-04
2.444222,-1.312263E-03,-7.629441E-05,-6.66667E-04
2.445223,-6.790198E-04,2.746601E-04,6.66667E-04
2.446223,-1.678476E-04,2.212534E-04,.001
2.447224,8.010902E-04,1.052864E-03,-6.66667E-04
2.448224,1.312263E-03,3.967304E-04,-2.33333E-03
2.449225,6.790198E-04,-1.602182E-04,6.66667E-04
2.450225,5.264319E-04,6.866502E-05,-.001
2.451226,5.798377E-04,4.27248E-04,-.002
2.452226,-1.678476E-04,6.866502E-05,6.66667E-04
2.453227,4.88285E-04,-2.517719E-04,-.002
2.454227,6.027259E-04,-7.629441E-05,-6.66667E-04
2.455228,9.689368E-04,-2.212534E-04,.001
2.456228,1.075752E-03,8.239783E-04,-6.66667E-04
2.457229,3.814716E-04,9.079017E-04,6.66667E-04
2.458229,-5.188026E-04,1.525888E-04,-6.66667E-04
2.45923,-7.553138E-04,7.553138E-04,-6.66667E-04
2.46023,-9.613074E-04,4.501361E-04,.001
2.461231,-9.231605E-04,-6.103553E-04,-6.66667E-04
2.462231,-3.204364E-04,-6.103553E-04,-6.66667E-04
2.463232,4.196186E-04,-9.15532E-05,6.66667E-04
2.464232,2.212534E-04,1.144414E-04,-6.66667E-04
2.465233,-1.06812E-04,-4.501361E-04,-2.33333E-03
2.466233,-8.392381E-05,-1.075752E-03,-6.66667E-04
2.467234,-4.119892E-04,-2.441425E-04,-6.66667E-04
2.468234,-1.297006E-04,3.662128E-04,-6.66667E-04
2.469235,8.392381E-05,-4.348774E-04,.001
2.470235,-6.866492E-04,-6.63761E-04,6.66667E-04
2.471236,1.3733E-04,-8.316077E-04,-.002
2.472236,4.27248E-04,-8.087195E-04,.001
2.473237,-8.392381E-05,-5.874671E-04,.001
2.474237,-7.40055E-04,-3.814721E-05,-3.66667E-03
2.475238,-7.40055E-04,1.281746E-03,-6.66667E-04
2.476238,-5.264319E-04,9.460486E-04,-.002
2.477239,-1.144417E-03,8.392381E-05,-6.66667E-04
2.478239,-2.517719E-04,4.196186E-04,-.001
2.47924,-9.15532E-05,5.416907E-04,6.66667E-04
2.48024,1.525888E-04,5.340613E-04,-.002
2.481241,2.899189E-04,6.866502E-05,-.001
2.482241,6.942786E-04,2.594013E-04,.001
2.483242,1.449594E-04,-6.866502E-05,6.66667E-04
2.484242,-1.602182E-04,-2.28883E-05,6.66667E-04
2.485243,-3.814721E-05,-5.188026E-04,-.001
2.486243,-1.091011E-03,-7.40055E-04,-.001
2.487244,-1.121528E-03,-5.340613E-04,6.66667E-04
2.488244,-6.103562E-05,-1.678476E-04,-.001
2.489245,-3.356952E-04,-4.27248E-04,.001
2.490245,-5.493201E-04,-7.171668E-04,-.001
2.491246,-2.365122E-04,-1.48011E-03,-.002
2.492246,3.89101E-04,-1.129158E-03,-6.66667E-04
2.493247,1.472481E-03,-5.416907E-04,-.002
2.494247,1.846321E-03,-1.190193E-03,.001
2.495248,1.09864E-03,-1.235969E-03,-.002
2.496248,1.319893E-03,-3.204364E-04,-6.66667E-04
2.497249,1.678476E-04,-9.231605E-04,.001
2.498249,-2.899189E-04,-1.304634E-03,.001
2.49925,-1.35041E-03,-1.083381E-03,.001
2.50025,-8.773841E-04,-7.934608E-04,-.002
2.501251,-7.095374E-04,-1.174934E-03,-6.66667E-04
2.502251,1.678476E-04,-3.738422E-04,-.001
2.503252,4.730243E-04,-1.449594E-04,-6.66667E-04
2.504252,8.010902E-04,-8.773841E-04,-.001
2.505253,-3.280658E-04,-7.095374E-04,-6.66667E-04
2.506253,-4.119892E-04,-6.866492E-04,6.66667E-04
2.507254,-5.416907E-04,3.051781E-05,-.001
2.508254,-6.408729E-04,-1.831064E-04,-.002
2.509255,4.501361E-04,3.89101E-04,6.66667E-04
2.510255,4.959144E-04,1.907358E-04,-3.66667E-03
2.511256,3.738422E-04,-7.629441E-05,-6.66667E-04
2.512256,7.01908E-04,9.918287E-04,-.002
2.513257,3.433246E-04,3.662128E-04,6.66667E-04
2.514257,0,1.907358E-04,-.001
2.515258,-3.50954E-04,7.247962E-04,6.66667E-04
2.516258,3.662128E-04,8.392371E-04,-.001
2.517259,7.934608E-04,-1.06812E-04,-6.66667E-04
2.518259,1.838692E-03,-7.934608E-04,-6.66667E-04
2.51926,1.319893E-03,-3.433246E-04,-.001
2.52026,1.068123E-03,1.3733E-04,-6.66667E-04
2.521261,4.196186E-04,-6.485023E-04,.002
2.522261,1.525891E-05,-4.348774E-04,-.001
2.523262,-8.468665E-04,1.831064E-04,-3.66667E-03
2.524262,-4.425067E-04,1.220712E-04,6.66667E-04
2.525263,3.433246E-04,-8.392381E-05,-.002
2.526263,9.460486E-04,-4.88285E-04,.001
2.527264,5.340613E-04,-4.806537E-04,-2.33333E-03
2.528264,-6.103562E-05,1.297006E-04,-6.66667E-04
2.529265,-3.50954E-04,-7.095374E-04,-.001
2.530265,-7.705726E-04,-9.53678E-04,6.66667E-04
2.531266,-1.625068E-03,-4.27248E-04,6.66667E-04
2.532266,-1.205452E-03,1.602182E-04,.002
2.533267,-1.449594E-04,-2.822895E-04,-.001
2.534267,8.468665E-04,4.806537E-04,6.66667E-04
2.535268,8.239783E-04,7.40055E-04,.001
2.536268,1.159675E-03,1.777656E-03,-6.66667E-04
2.537269,6.790198E-04,2.143875E-03,-6.66667E-04
2.538269,3.662128E-04,1.419075E-03,-.001
2.53927,-1.174934E-03,2.159134E-03,.001
2.54027,-1.319893E-03,1.342781E-03,-2.33333E-03
2.541271,-6.942786E-04,8.392381E-05,-.002
2.542271,-3.89101E-04,-1.113899E-03,-6.66667E-04
2.543272,-1.06812E-04,-9.079017E-04,6.66667E-04
2.544272,-6.866492E-04,-4.348774E-04,-6.66667E-04
2.545273,-3.814721E-05,6.408729E-04,.001
2.546273,5.340599E-05,1.182564E-03,6.66667E-04
2.547274,-4.196186E-04,3.433246E-04,-6.66667E-04
2.548274,-6.790198E-04,-2.746601E-04,6.66667E-04
2.549275,-1.136787E-03,-7.858314E-04,-.002
2.550275,-1.579292E-03,-5.111732E-04,-.002
2.551276,-4.577655E-04,-1.983652E-04,-.002
2.552276,1.182564E-03,2.441425E-04,6.66667E-04
2.553277,1.029976E-03,6.408729E-04,-.001
2.554277,5.798377E-04,0,-.002
2.555278,-9.002723E-04,6.866502E-05,-.002
2.556278,-1.365669E-03,1.449594E-04,.001
2.557279,-1.95314E-03,-8.621253E-04,6.66667E-04
2.558279,-1.502998E-03,-4.806537E-04,-.001
2.55928,-1.190193E-03,-5.340613E-04,.001
2.56028,-1.670845E-03,-2.059946E-04,6.66667E-04
2.561281,-8.697547E-04,4.653949E-04,-6.66667E-04
2.562281,1.831064E-04,-1.06812E-04,.001
2.563282,-2.28883E-05,3.051776E-04,-.001
2.564282,9.15532E-05,4.88285E-04,-.002
2.565283,-8.621253E-04,3.50954E-04,-6.66667E-04
2.566283,-9.460486E-04,8.239783E-04,-6.66667E-04
2.567284,-7.324256E-04,2.365122E-04,-6.66667E-04
2.568284,-5.111732E-04,-8.850135E-04,6.66667E-04
2.569285,-9.613074E-04,-7.324256E-04,-.001
2.570285,-2.28883E-05,-3.051776E-04,.001
2.571286,1.907358E-04,-1.487739E-03,-6.66667E-04
2.572286,3.051776E-04,-9.002723E-04,-.002
2.573287,5.798377E-04,-5.493201E-04,6.66667E-04
2.574287,5.340613E-04,4.57766E-05,.002
2.575288,1.525888E-04,-1.06812E-04,-6.66667E-04
2.576288,-3.814721E-05,3.50954E-04,-6.66667E-04
2.577289,5.340599E-05,7.247962E-04,-.001
2.578289,-1.045235E-03,3.280658E-04,-6.66667E-04
2.57929,-4.27248E-04,6.103553E-04,-2.33333E-03
2.58029,-1.297006E-04,6.790198E-04,-.002
2.581291,-5.874671E-04,2.33461E-03,-.001
2.582291,-9.918287E-04,2.212539E-03,-.001
2.583292,-4.959144E-04,1.525886E-03,6.66667E-04
2.584292,-4.959144E-04,1.129158E-03,-.002
2.585293,2.059946E-04,8.926429E-04,-6.66667E-04
2.586293,5.950965E-04,-2.670307E-04,-.001
2.587294,7.629441E-05,-6.408729E-04,-.002
2.588294,4.57766E-05,-3.204364E-04,.001
2.589295,-6.256141E-04,4.959144E-04,-6.66667E-04
2.590295,-3.051776E-04,1.266487E-03,-.001
2.591296,9.918259E-05,6.866502E-05,-.001
2.592296,-3.738422E-04,-9.689368E-04,-.001
2.593297,-5.722083E-04,-8.392371E-04,.001
2.594297,-7.40055E-04,-9.231605E-04,-6.66667E-04
2.595298,7.629441E-05,-9.994581E-04,-.001
2.596298,3.12807E-04,-6.256141E-04,6.66667E-04
2.597299,3.12807E-04,9.15532E-05,.001
2.598299,-7.247962E-04,-1.907358E-04,6.66667E-04
2.5993,-6.713904E-04,-6.103562E-05,-.001
2.6003,-1.190193E-03,-4.57766E-05,.001
2.601301,-1.319893E-03,4.425067E-04,-6.66667E-04
2.602301,-5.264319E-04,9.15532E-05,-.002
2.603302,-4.27248E-04,-8.163489E-04,-.001
2.604302,-4.119892E-04,-5.722083E-04,-6.66667E-04
2.605303,3.051781E-05,7.629441E-05,-6.66667E-04
2.606303,-7.476844E-04,1.159675E-03,6.66667E-04
2.607304,-4.806537E-04,6.866492E-04,-6.66667E-04
2.608304,-2.212534E-04,1.220711E-03,.002
2.609305,5.035438E-04,3.662128E-04,.002
2.610305,2.059946E-04,4.57766E-05,-.001
2.611306,-5.798377E-04,2.670307E-04,6.66667E-04
2.612306,-3.051776E-04,6.179847E-04,.001
2.613307,-1.602182E-04,1.266487E-03,-.002
2.614307,4.348774E-04,9.460486E-04,6.66667E-04
2.615308,1.297006E-04,4.88285E-04,.002
2.616308,-4.653949E-04,7.476844E-04,.002
2.617309,9.15532E-05,8.697547E-04,.001
2.618309,-5.340599E-05,1.525888E-04,-6.66667E-04
2.61931,-3.814716E-04,3.356952E-04,2.33333E-03
2.62031,-7.01908E-04,4.196186E-04,-.001
2.621311,-8.392381E-05,5.798377E-04,-.001
2.622311,-7.934608E-04,4.959144E-04,-2.33333E-03
2.623312,-7.171668E-04,1.525891E-05,6.66667E-04
2.624312,-1.205452E-03,-6.179847E-04,-6.66667E-04
2.625313,-1.167305E-03,5.340599E-05,6.66667E-04
2.626313,-9.384193E-04,-2.822895E-04,-6.66667E-04
2.627314,-3.967304E-04,-3.280658E-04,6.66667E-04
2.628314,-4.57766E-05,-1.06812E-04,-6.66667E-04
2.629315,-1.602182E-04,4.119892E-04,6.66667E-04
2.630315,7.171668E-04,7.01908E-04,-6.66667E-04
2.631316,5.722083E-04,7.324256E-04,-3.66667E-03
2.632316,5.569495E-04,1.052864E-03,-.001
2.633317,3.89101E-04,-2.594013E-04,-.001
2.634317,1.3733E-04,-1.09864E-03,-6.66667E-04
2.635318,-7.171668E-04,-1.388557E-03,-.002
2.636318,-6.485023E-04,-7.40055E-04,-6.66667E-04
2.637319,-8.392371E-04,-2.975482E-04,-.002
2.638319,5.340599E-05,4.043598E-04,-.001
2.63932,3.12807E-04,4.196186E-04,-.002
2.64032,5.874671E-04,-6.103553E-04,-6.66667E-04
2.641321,2.13624E-04,-2.822895E-04,6.66667E-04
2.642321,4.425067E-04,-5.722083E-04,-.002
2.643322,3.967304E-04,-1.510628E-03,6.66667E-04
2.644322,-1.75477E-04,-1.403816E-03,-6.66667E-04
2.645323,-2.899189E-04,-3.356952E-04,.002
2.646323,1.602182E-04,5.950965E-04,.002
2.647324,2.594013E-04,5.111732E-04,-.002
2.648324,-8.087195E-04,-2.365122E-04,-3.66667E-03
2.649325,-1.060493E-03,0,.001
2.650325,-8.468665E-04,6.332435E-04,-2.33333E-03
2.651326,-9.002723E-04,2.975482E-04,.001
2.652326,-3.433246E-04,5.340599E-05,-6.66667E-04
2.653327,6.63761E-04,-4.57766E-05,2.33333E-03
2.654327,9.460486E-04,-1.075752E-03,6.66667E-04
2.655328,3.50954E-04,-1.197822E-03,-6.66667E-04
2.656328,-1.113899E-03,-1.075752E-03,6.66667E-04
2.657329,-1.342781E-03,7.629453E-06,-6.66667E-04
2.658329,-2.975482E-04,-3.967304E-04,.001
2.65933,-5.340599E-05,-7.324256E-04,.001
2.66033,-6.027259E-04,-2.822895E-04,.001
2.661331,7.629441E-05,6.103553E-04,.001
2.662331,9.460486E-04,4.730243E-04,.001
2.663332,3.814716E-04,1.983652E-04,-.001
2.664332,1.73188E-03,-5.950965E-04,-2.33333E-03
2.665333,1.213081E-03,-8.163489E-04,-.002
2.666333,6.408729E-04,1.144414E-04,.001
2.667334,8.087195E-04,1.907358E-04,6.66667E-04
2.668334,4.425067E-04,4.57766E-05,.002
2.669335,7.095374E-04,-6.561317E-04,-6.66667E-04
2.670335,-4.501361E-04,-2.059946E-04,-6.66667E-04
2.671336,-9.155311E-04,-1.06812E-04,-.001
2.672336,-1.327522E-03,-3.204364E-04,6.66667E-04
2.673337,-8.239783E-04,-5.340613E-04,-.002
2.674337,-8.239783E-04,4.959144E-04,-6.66667E-04
2.675338,-2.059946E-04,8.926429E-04,-6.66667E-04
2.676338,-3.280658E-04,7.629441E-05,.001
2.677339,-1.907356E-03,-1.678476E-04,-.001
2.678339,-1.716621E-03,1.602182E-04,6.66667E-04
2.67934,-1.73188E-03,-4.119892E-04,-6.66667E-04
2.68034,-1.449592E-03,-8.087195E-04,-6.66667E-04
2.681341,-1.983657E-03,-1.380928E-03,-.001
2.682341,-3.112808E-03,-6.256141E-04,6.66667E-04
2.683342,-2.723709E-03,-4.119892E-04,-.002
2.684342,-2.83052E-03,-2.517719E-04,-.002
2.685343,-8.316077E-04,4.27248E-04,6.66667E-04
2.686343,-1.297005E-03,6.332435E-04,-.002
2.687344,-2.464309E-03,8.163489E-04,-6.66667E-04
2.688344,-2.182022E-03,1.014717E-03,-.001
2.689345,-1.617439E-03,6.63761E-04,-6.66667E-04
2.690345,-2.319351E-03,1.983652E-04,-6.66667E-04
2.691346,-1.586922E-03,6.942786E-04,-.001
2.692346,-6.561317E-04,6.561317E-04,-.001
2.693347,-1.06812E-04,6.103562E-05,-6.66667E-04
2.694347,-6.408729E-04,4.57766E-05,6.66667E-04
2.695348,-1.327522E-03,6.027259E-04,-.002
2.696348,-3.662128E-04,3.204364E-04,-6.66667E-04
2.697349,-1.907358E-04,-3.433246E-04,.001
2.698349,1.297006E-04,-6.942786E-04,-6.66667E-04
2.69935,-1.907358E-04,-8.773841E-04,6.66667E-04
2.70035,1.678476E-04,-2.822895E-04,-2.33333E-03
2.701351,-1.602182E-04,3.662128E-04,-.001
2.702351,-4.348774E-04,2.746601E-04,-6.66667E-04
2.703352,-1.144417E-03,6.790198E-04,6.66667E-04
2.704352,-9.079017E-04,9.994581E-04,.001
2.705353,-6.103553E-04,8.163489E-04,.001
2.706353,-1.007088E-03,3.89101E-04,-.002
2.707354,-1.586922E-03,3.738422E-04,-6.66667E-04
2.708354,-7.40055E-04,1.449594E-04,-6.66667E-04
2.709355,-8.773841E-04,-2.212534E-04,.002
2.710355,-4.27248E-04,3.967304E-04,-.002
2.711356,-9.460486E-04,-1.983652E-04,-.001
2.712356,-1.243599E-03,-2.273574E-03,-.001
2.713357,-9.155311E-04,-1.701362E-03,-2.33333E-03
2.714357,5.416907E-04,-1.220711E-03,-5.33333E-03
2.715358,5.340613E-04,-1.007088E-03,-.001
2.716358,3.356952E-04,-9.002723E-04,-.002
2.717359,-2.28883E-05,-4.425067E-04,-.002
2.718359,4.425067E-04,2.365122E-04,-.001
2.71936,9.918259E-05,-5.340599E-05,-6.66667E-04
2.72036,2.212534E-04,-1.602182E-04,-3.66667E-03
2.721361,2.13624E-04,-4.27248E-04,-.001
2.722361,6.713904E-04,-3.051781E-05,6.66667E-04
2.723362,2.746601E-04,-3.204364E-04,-6.66667E-04
2.724362,-7.629441E-05,-3.89101E-04,-.002
2.725363,4.730243E-04,-3.204364E-04,-.002
2.726363,-9.15532E-05,-1.75477E-04,-.002
2.727364,4.57766E-05,1.3733E-04,-6.66667E-04
2.728364,-2.441425E-04,-4.425067E-04,-.002
2.729365,4.806537E-04,4.57766E-05,-6.66667E-04
2.730365,2.594013E-04,-4.57766E-05,.002
2.731366,4.88285E-04,2.212534E-04,-.002
2.732366,-4.57766E-05,-3.051776E-04,-.002
2.733367,-4.27248E-04,1.525891E-05,-.002
2.734367,-3.50954E-04,-1.525891E-05,-3.66667E-03
2.735368,-1.525888E-04,5.340599E-05,2.33333E-03
2.736368,3.89101E-04,-3.204364E-04,-.001
2.737369,7.40055E-04,-9.460486E-04,-6.66667E-04
2.738369,5.188026E-04,-8.392371E-04,-.001
2.73937,3.280658E-04,-5.340613E-04,-.002
2.74037,6.179847E-04,-4.806537E-04,6.66667E-04
2.741371,4.653949E-04,-7.095374E-04,-.001
2.742371,-7.247962E-04,-6.713904E-04,-.001
2.743372,-5.416907E-04,9.918259E-05,6.66667E-04
2.744372,-1.022346E-03,6.256141E-04,-.001
2.745373,-9.918287E-04,1.213081E-03,-.002
2.746373,-7.171668E-04,6.866492E-04,.001
2.747374,-1.144414E-04,-1.907358E-04,-3.66667E-03
2.748374,-7.705726E-04,-9.918259E-05,.001
2.749375,-6.866492E-04,-1.831064E-04,-6.66667E-04
2.750375,-5.035438E-04,4.348774E-04,6.66667E-04
2.751376,-5.340599E-05,1.831064E-04,-.001
2.752376,7.629441E-05,4.57766E-05,-.002
2.753377,-4.577655E-04,-1.678476E-04,-.001
2.754377,-4.730243E-04,7.629453E-06,-.002
2.755378,-2.059946E-04,-1.907358E-04,6.66667E-04
2.756378,-2.441425E-04,1.518257E-03,-6.66667E-04
2.757379,0,1.10627E-03,6.66667E-04
2.758379,7.629432E-04,1.037605E-03,-.002
2.75938,5.264319E-04,-2.212534E-04,-.001
2.76038,4.348774E-04,-2.670307E-04,-2.33333E-03
2.761381,5.264319E-04,-6.408729E-04,-6.66667E-04
2.762381,-9.15532E-05,-3.814716E-04,-.001
2.763382,6.256141E-04,-1.144414E-04,-.002
2.764382,1.586922E-03,-4.196186E-04,-.001
2.765383,9.53678E-04,-5.569495E-04,-.002
2.766383,8.926429E-04,8.392371E-04,.001
2.767384,9.460486E-04,-7.629441E-05,-6.66667E-04
2.768384,7.40055E-04,3.814721E-05,-.001
2.769385,7.934608E-04,4.043598E-04,-6.66667E-04
2.770385,4.119892E-04,-4.57766E-05,-.002
2.771386,1.09864E-03,1.525888E-04,-6.66667E-04
2.772386,2.662674E-03,1.297006E-04,-.001
2.773387,2.319351E-03,9.15532E-05,.001
2.774387,2.250686E-03,5.111732E-04,-3.66667E-03
2.775388,9.689368E-04,6.256141E-04,-.001
2.776388,2.441425E-04,7.629432E-04,-2.33333E-03
2.777389,2.822895E-04,5.493201E-04,.001
2.778389,-2.365122E-04,-6.866502E-05,-.002
2.77939,-2.13624E-04,-1.525891E-05,.001
2.78039,-2.517719E-04,2.594013E-04,6.66667E-04
2.781391,-2.517719E-04,-2.441425E-04,-.002
2.782391,4.57766E-05,2.594013E-04,-.001
2.783392,2.28883E-05,2.441425E-04,-.001
2.784392,-5.340599E-05,4.196186E-04,-.002
2.785393,2.594013E-04,-2.746601E-04,-.001
2.786393,-2.517719E-04,-4.57766E-05,6.66667E-04
2.787394,-3.50954E-04,-9.918259E-05,-6.66667E-04
2.788394,-1.197822E-03,-6.027259E-04,-6.66667E-04
2.789395,-2.212534E-04,-7.476844E-04,-6.66667E-04
2.790395,4.653949E-04,-4.501361E-04,-.001
2.791396,1.10627E-03,7.629441E-05,-6.66667E-04
2.792396,2.975482E-04,2.822895E-04,-2.33333E-03
2.793397,4.57766E-05,-2.594013E-04,.001
2.794397,-3.967304E-04,1.136787E-03,6.66667E-04
2.795398,-2.13624E-04,8.010902E-04,-.001
2.796398,9.918259E-05,8.697547E-04,-.002
2.797399,8.163489E-04,2.059946E-04,.001
2.798399,7.78202E-04,-1.75477E-04,6.66667E-04
2.7994,1.190193E-03,4.88285E-04,6.66667E-04
2.8004,4.653949E-04,6.027259E-04,6.66667E-04
2.801401,-5.188026E-04,4.730243E-04,.001
2.802401,9.918259E-05,2.28883E-05,-6.66667E-04
2.803402,4.653949E-04,-4.27248E-04,-.001
2.804402,7.01908E-04,6.103553E-04,-.001
2.805403,9.7657E-04,8.773841E-04,6.66667E-04
2.806403,6.332435E-04,6.332435E-04,-.001
2.807404,5.264319E-04,-4.501361E-04,6.66667E-04
2.808404,4.043598E-04,-3.204364E-04,6.66667E-04
2.809405,7.629441E-05,-2.441425E-04,6.66667E-04
2.810405,-7.01908E-04,7.629453E-06,-6.66667E-04
2.811406,-5.874671E-04,-2.13624E-04,-6.66667E-04
2.812406,-8.316077E-04,-1.220712E-04,-6.66667E-04
2.813407,-1.396187E-03,3.89101E-04,-2.33333E-03
2.814407,-1.113899E-03,3.12807E-04,.001
2.815408,-1.167305E-03,2.13624E-04,-2.33333E-03
2.816408,-1.335151E-03,-1.907358E-04,-.002
2.817409,-6.866492E-04,-9.918259E-05,.001
2.818409,4.119892E-04,4.653949E-04,-6.66667E-04
2.81941,5.264319E-04,-3.662128E-04,-.002
2.82041,-7.629453E-06,-2.975482E-04,-6.66667E-04
2.821411,2.746601E-04,4.806537E-04,-6.66667E-04
2.822411,-6.866502E-05,4.577655E-04,-6.66667E-04
2.823412,0,8.926429E-04,.001
2.824412,-7.171668E-04,2.517719E-04,-3.66667E-03
2.825413,-5.645789E-04,-1.06812E-04,-6.66667E-04
2.826413,2.212534E-04,5.035438E-04,-.001
2.827414,-2.13624E-04,-2.13624E-04,-.001
2.828414,-3.051776E-04,-1.06812E-04,-.002
2.829415,-5.950965E-04,-6.408729E-04,-6.66667E-04
2.830415,3.50954E-04,1.907358E-04,-6.66667E-04
2.831416,4.425067E-04,1.297006E-04,-.002
2.832416,9.307899E-04,2.365122E-04,2.33333E-03
2.833417,6.332435E-04,-5.874671E-04,-6.66667E-04
2.834417,8.316077E-04,-3.356952E-04,-3.66667E-03
2.835418,1.220712E-04,-3.738422E-04,-.004
2.836418,-4.501361E-04,6.103562E-05,-6.66667E-04
2.837419,-7.324256E-04,-4.119892E-04,-.001
2.838419,-1.701362E-03,-4.501361E-04,-6.66667E-04
2.83942,-1.083381E-03,-3.204364E-04,-3.66667E-03
2.84042,-9.307899E-04,-5.874671E-04,6.66667E-04
2.841421,-2.288828E-04,1.06812E-04,-.001
2.842421,-5.340599E-05,9.918259E-05,-6.66667E-04
2.843422,3.967304E-04,8.316077E-04,-.002
2.844422,3.204364E-04,1.144414E-04,-6.66667E-04
2.845423,2.594013E-04,3.50954E-04,-6.66667E-04
2.846423,-5.950965E-04,7.629432E-04,-.002
2.847424,-9.53678E-04,8.010902E-04,-.002
2.848424,-1.113899E-03,3.051781E-05,6.66667E-04
2.849425,-1.136787E-03,1.907358E-04,6.66667E-04
2.850425,-5.111732E-04,2.28883E-05,-2.33333E-03
2.851426,9.918259E-05,-8.468665E-04,-.002
2.852426,-3.051781E-05,-7.78202E-04,.002
2.853427,-1.3733E-04,-6.103553E-04,6.66667E-04
2.854427,-5.340613E-04,-3.662128E-04,-2.33333E-03
2.855428,-9.231605E-04,7.324256E-04,-.002
2.856428,-3.967304E-04,8.392371E-04,-2.33333E-03
2.857429,-1.220712E-04,2.670307E-04,6.66667E-04
2.858429,-5.188026E-04,3.814716E-04,-6.66667E-04
2.85943,-1.220712E-04,3.12807E-04,6.66667E-04
2.86043,4.119892E-04,-5.340599E-05,6.66667E-04
2.861431,4.57766E-05,-4.88285E-04,-6.66667E-04
2.862431,6.332435E-04,-1.06812E-04,-.002
2.863432,6.027259E-04,-7.629432E-04,-.001
2.864432,1.06812E-04,-7.553138E-04,.001
2.865433,2.212534E-04,1.907358E-04,6.66667E-04
2.866433,2.441425E-04,-5.035438E-04,.001
2.867434,3.051781E-05,-4.425067E-04,-6.66667E-04
2.868434,2.059946E-04,-8.468665E-04,-3.66667E-03
2.869435,8.087195E-04,2.594013E-04,6.66667E-04
2.870435,6.942786E-04,4.348774E-04,.001
2.871436,9.918259E-05,4.501361E-04,.001
2.872436,-5.340599E-05,-9.918259E-05,6.66667E-04
2.873437,-6.027259E-04,-3.204364E-04,.001
2.874437,-4.425067E-04,-2.365122E-04,-.002
2.875438,-2.212534E-04,-1.449594E-04,6.66667E-04
2.876438,6.713904E-04,4.425067E-04,.001
2.877439,5.798377E-04,7.553138E-04,.001
2.878439,1.297006E-04,7.247962E-04,-.002
2.87944,-1.75477E-04,1.281746E-03,.001
2.88044,1.525888E-04,3.89101E-04,-3.66667E-03
2.881441,1.144414E-04,9.15532E-05,-6.66667E-04
2.882441,8.010902E-04,1.449594E-04,-.002
2.883442,8.926429E-04,4.959144E-04,-.001
2.884442,7.476844E-04,5.264319E-04,-6.66667E-04
2.885443,1.533516E-03,8.010902E-04,-.002
2.886443,1.571663E-03,3.662128E-04,6.66667E-04
2.887444,8.087195E-04,-3.280658E-04,-.002
2.888444,-5.645789E-04,-6.866492E-04,-2.33333E-03
2.889445,-8.392371E-04,-1.144414E-04,-.001
2.890445,-8.697547E-04,1.014717E-03,-.001
2.891446,-1.525891E-05,5.874671E-04,-.002
2.892446,-2.28883E-05,5.340599E-05,6.66667E-04
2.893447,6.866502E-05,1.22834E-03,-.002
2.894447,5.416907E-04,1.213081E-03,6.66667E-04
2.895448,3.051781E-05,7.40055E-04,-.002
2.896448,-1.441963E-03,6.332435E-04,-.001
2.897449,-1.548775E-03,1.297006E-04,-6.66667E-04
2.898449,-9.155311E-04,5.340613E-04,-6.66667E-04
2.89945,8.392381E-05,3.204364E-04,-.002
2.90045,5.340613E-04,-2.212534E-04,-.002
2.901451,5.722083E-04,-1.091011E-03,.001
2.902451,-2.288828E-04,-1.663215E-03,-6.66667E-04
2.903452,-4.730243E-04,-1.35041E-03,-6.66667E-04
2.904452,-5.416907E-04,3.356952E-04,6.66667E-04
2.905453,-5.111732E-04,1.06812E-04,-6.66667E-04
2.906453,-9.002723E-04,4.57766E-05,-6.66667E-04
2.907454,-3.12807E-04,8.163489E-04,-.002
2.908454,-4.501361E-04,5.493201E-04,-.002
2.909455,-1.914985E-03,5.264319E-04,-.001
2.910455,-3.517166E-03,6.866502E-05,2.33333E-03
2.911456,-3.486648E-03,3.204364E-04,-.002
2.912456,-2.655044E-03,1.091011E-03,-6.66667E-04
2.913457,-1.792915E-03,7.934608E-04,-6.66667E-04
2.914457,-2.433792E-03,4.88285E-04,2.33333E-03
2.915458,-4.15042E-03,-4.57766E-05,-6.66667E-04
2.916458,-4.493743E-03,-3.814716E-04,.001
2.917459,-3.700271E-03,-1.602182E-04,-.001
2.918459,-2.105728E-03,-5.569495E-04,-6.66667E-04
2.91946,-1.60218E-03,-1.182564E-03,-6.66667E-04
2.92046,-9.613074E-04,-6.408729E-04,6.66667E-04
2.921461,-1.144414E-04,-5.264319E-04,.001
2.922461,-6.179847E-04,-4.196186E-04,-.001
2.923462,-9.231605E-04,-8.087195E-04,.001
2.924462,-1.373298E-03,-3.89101E-04,6.66667E-04
2.925463,-1.182564E-03,-5.569495E-04,-.002
2.926463,-1.373298E-03,-1.060493E-03,-.001
2.927464,-7.476844E-04,-2.746601E-04,-6.66667E-04
2.928464,-2.28883E-05,-5.722083E-04,-.001
2.929465,3.585834E-04,-3.051776E-04,-.001
2.930465,1.983652E-04,-1.220712E-04,.001
2.931466,-3.051776E-04,-6.485023E-04,6.66667E-04
2.932466,-2.746601E-04,6.866502E-05,-.002
2.933467,9.918259E-05,9.918259E-05,-6.66667E-04
2.934467,5.645789E-04,6.027259E-04,-.001
2.935468,1.007088E-03,-3.051781E-05,-.002
2.936468,2.594013E-04,4.57766E-05,-6.66667E-04
2.937469,-1.525888E-04,9.918287E-04,.001
2.938469,-6.866502E-05,1.052864E-03,-.002
2.93947,-6.561317E-04,1.22834E-03,-.001
2.94047,-2.28883E-05,6.63761E-04,-2.33333E-03
2.941471,1.3733E-04,2.594013E-04,.002
2.942471,9.53678E-04,6.103562E-05,-.002
2.943472,3.50954E-04,9.918259E-05,6.66667E-04
2.944472,1.678476E-04,9.15532E-05,-6.66667E-04
2.945473,-5.340613E-04,-2.365122E-04,.001
2.946473,-6.561317E-04,3.50954E-04,-.002
2.947474,-3.738422E-04,-1.602182E-04,-6.66667E-04
2.948474,-4.119892E-04,3.814721E-05,-.001
2.949475,-1.602182E-04,5.188026E-04,-6.66667E-04
2.950475,8.392381E-05,1.075752E-03,-.004
2.951476,1.235969E-03,1.113899E-03,-.002
2.952476,1.388557E-03,3.662128E-04,6.66667E-04
2.953477,-9.15532E-05,-2.28883E-05,.002
2.954477,-2.28883E-05,5.035438E-04,-6.66667E-04
2.955478,1.525891E-05,1.602182E-04,-6.66667E-04
2.956478,4.196186E-04,-9.689368E-04,6.66667E-04
2.957479,-2.822895E-04,-9.002723E-04,-.002
2.958479,-6.485023E-04,-5.798377E-04,-6.66667E-04
2.95948,-4.043598E-04,-1.678476E-04,6.66667E-04
2.96048,3.89101E-04,1.525891E-05,-.001
2.961481,-4.806537E-04,-4.577655E-04,6.66667E-04
2.962481,-1.800545E-03,-9.613074E-04,-6.66667E-04
2.963482,-1.380928E-03,-8.010902E-04,-.002
2.964482,-1.907358E-04,2.899189E-04,-.001
2.965483,4.043598E-04,-1.678476E-04,-6.66667E-04
2.966483,2.365122E-04,-5.340599E-05,6.66667E-04
2.967484,-6.713904E-04,5.798377E-04,-.001
2.968484,-2.517719E-04,3.280658E-04,-.001
2.969485,1.602182E-04,4.196186E-04,-.002
2.970485,4.88285E-04,-2.13624E-04,-2.33333E-03
2.971486,1.3733E-04,-4.806537E-04,-.002
2.972486,-5.493201E-04,-9.918287E-04,6.66667E-04
2.973487,-1.091011E-03,-1.602182E-04,-6.66667E-04
2.974487,-5.569495E-04,4.501361E-04,.001
2.975488,-3.738422E-04,-6.179847E-04,-.001
2.976488,-5.874671E-04,-6.332435E-04,-6.66667E-04
2.977489,-1.3733E-04,-4.27248E-04,6.66667E-04
2.978489,6.408729E-04,-4.27248E-04,-.001
2.97949,2.822895E-04,-3.585834E-04,-.001
2.98049,5.493201E-04,3.89101E-04,-6.66667E-04
2.981491,1.594551E-03,2.594013E-04,-.001
2.982491,1.380928E-03,-2.059946E-04,-6.66667E-04
2.983492,4.043598E-04,2.975482E-04,-.001
2.984492,5.264319E-04,9.079017E-04,6.66667E-04
2.985493,8.850135E-04,8.468665E-04,6.66667E-04
2.986493,1.113899E-03,1.266487E-03,-6.66667E-04
2.987494,1.007088E-03,4.730243E-04,6.66667E-04
2.988494,5.874671E-04,6.256141E-04,-6.66667E-04
2.989495,1.075752E-03,8.468665E-04,-2.33333E-03
2.990495,1.144417E-03,2.212534E-04,-.002
2.991496,1.297006E-04,1.297006E-04,-.002
2.992496,-9.613074E-04,8.468665E-04,6.66667E-04
2.993497,-9.918287E-04,7.934608E-04,-6.66667E-04
2.994497,4.348774E-04,2.594013E-04,-.002
2.995498,1.045235E-03,-7.629432E-04,-.001
2.996498,1.022346E-03,-3.738422E-04,-.001
2.997499,1.274116E-03,1.3733E-04,6.66667E-04
2.998499,7.705726E-04,-5.493201E-04,.001
2.9995,1.525888E-04,-6.63761E-04,-6.66667E-04
3.0005,-1.449594E-04,-1.075752E-03,-6.66667E-04
3.001501,-2.13624E-04,-9.613074E-04,.001
3.002501,5.035438E-04,-8.010902E-04,-6.66667E-04
3.003502,9.918259E-05,4.196186E-04,-6.66667E-04
3.004502,-1.449594E-04,6.866492E-04,-.001
3.005503,-2.288828E-04,-1.75477E-04,-.001
3.006503,-4.806537E-04,-9.307899E-04,-.001
3.007504,-7.629441E-05,-3.662128E-04,6.66667E-04
3.008504,7.40055E-04,-1.235969E-03,6.66667E-04
3.009505,5.798377E-04,-1.342781E-03,.001
3.010505,6.866492E-04,-6.103562E-05,6.66667E-04
3.011506,1.213081E-03,1.556404E-03,6.66667E-04
3.012506,1.083381E-03,1.09864E-03,-6.66667E-04
3.013507,-3.433246E-04,3.204364E-04,-6.66667E-04
3.014507,-4.806537E-04,9.307899E-04,6.66667E-04
3.015508,-3.204364E-04,6.485023E-04,.001
3.016508,-6.179847E-04,-3.814716E-04,-6.66667E-04
3.017509,-6.332435E-04,-5.340613E-04,-.001
3.018509,6.103562E-05,-5.340599E-05,-6.66667E-04
3.01951,1.007088E-03,-2.670307E-04,-6.66667E-04
3.02051,5.798377E-04,-4.425067E-04,6.66667E-04
3.021511,-2.441425E-04,4.806537E-04,6.66667E-04
3.022511,-3.051781E-05,2.746601E-04,-6.66667E-04
3.023512,-6.103562E-05,-2.594013E-04,6.66667E-04
3.024512,5.188026E-04,-1.274116E-03,.001
3.025513,7.629453E-06,-9.994581E-04,.001
3.026513,-5.874671E-04,2.822895E-04,-6.66667E-04
3.027514,-4.196186E-04,1.10627E-03,-6.66667E-04
3.028514,8.392381E-05,6.790198E-04,6.66667E-04
3.029515,-6.942786E-04,2.212534E-04,-.001
3.030515,-1.09864E-03,6.485023E-04,-6.66667E-04
3.031516,-7.629432E-04,4.959144E-04,-6.66667E-04
3.032516,-5.188026E-04,2.822895E-04,.001
3.033517,-1.907358E-04,1.365669E-03,-.001
3.034517,-3.967304E-04,1.007088E-03,-2.33333E-03
3.035518,-7.40055E-04,9.155311E-04,-3.66667E-03
3.036518,-1.144414E-04,1.10627E-03,.001
3.037519,-6.713904E-04,9.307899E-04,-.002
3.038519,-1.007088E-03,1.007088E-03,-.001
3.03952,-6.63761E-04,8.926429E-04,-6.66667E-04
3.04052,6.866502E-05,2.13624E-04,-.002
3.041521,-3.738422E-04,-3.204364E-04,-.001
3.042521,-2.670307E-04,-4.501361E-04,-.001
3.043522,-2.014175E-03,-9.155311E-04,-.001
3.044522,-2.418533E-03,-6.332435E-04,6.66667E-04
3.045523,-1.243599E-03,-9.918259E-05,-6.66667E-04
3.046523,-1.693733E-03,-1.213081E-03,-6.66667E-04
3.047524,-1.22834E-03,-1.029976E-03,-2.33333E-03
3.048524,-9.079017E-04,-9.079017E-04,-.001
3.049525,-1.579292E-03,-9.384193E-04,6.66667E-04
3.050525,-1.144417E-03,-6.179847E-04,.001
3.051526,6.103562E-05,-1.831064E-04,-6.66667E-04
3.052526,5.416907E-04,5.111732E-04,.001
3.053527,1.831064E-04,2.594013E-04,6.66667E-04
3.054527,7.705726E-04,7.629441E-05,-.001
3.055528,2.059946E-04,-1.678476E-04,-.001
3.056528,-4.806537E-04,-3.738422E-04,-6.66667E-04
3.057529,7.629453E-06,6.103562E-05,6.66667E-04
3.058529,-4.57766E-05,-4.119892E-04,-.002
3.05953,7.476844E-04,-5.950965E-04,-.001
3.06053,1.167305E-03,-1.457222E-03,6.66667E-04
3.061531,6.713904E-04,-1.213081E-03,-.001
3.062531,-5.340599E-05,-6.866492E-04,-6.66667E-04
3.063532,1.007088E-03,-1.251228E-03,-.001
3.064532,1.09864E-03,-8.087195E-04,2.33333E-03
3.065533,8.392381E-05,3.051781E-05,-6.66667E-04
3.066533,4.043598E-04,7.01908E-04,-6.66667E-04
3.067534,3.585834E-04,5.264319E-04,-.001
3.068534,-9.53678E-04,-9.918259E-05,-6.66667E-04
3.069535,-1.449592E-03,-1.983652E-04,-.001
3.070535,-3.433246E-04,2.594013E-04,.001
3.071536,8.239783E-04,-4.119892E-04,-.002
3.072536,4.88285E-04,-4.577655E-04,.001
3.073537,8.316077E-04,1.678476E-04,-.001
3.074537,1.365669E-03,9.15532E-05,-.004
3.075538,1.037605E-03,1.983652E-04,-.001
3.076538,1.403816E-03,1.220712E-04,-.001
3.077539,1.525886E-03,-5.035438E-04,-6.66667E-04
3.078539,1.083381E-03,-3.12807E-04,-.001
3.07954,1.60981E-03,-4.27248E-04,-.002
3.08054,1.73188E-03,-4.88285E-04,-6.66667E-04
3.081541,9.384193E-04,4.425067E-04,6.66667E-04
3.082541,4.806537E-04,2.105728E-03,-6.66667E-04
3.083542,3.738422E-04,1.678474E-03,-.002
3.084542,-4.27248E-04,4.501361E-04,-.001
3.085543,-1.274116E-03,6.866502E-05,-6.66667E-04
3.086543,-9.841993E-04,0,-.002
3.087544,-1.121528E-03,2.441425E-04,-6.66667E-04
3.088544,-5.416907E-04,6.790198E-04,6.66667E-04
3.089545,-2.13624E-04,-9.918259E-05,-2.33333E-03
3.090545,-2.517719E-04,-1.289375E-03,-2.33333E-03
3.091546,-7.705726E-04,-1.014717E-03,6.66667E-04
3.092546,4.57766E-05,-5.111732E-04,-.001
3.093547,1.136787E-03,-1.678476E-04,-6.66667E-04
3.094547,7.324256E-04,-8.392381E-05,-6.66667E-04
3.095548,-7.629432E-04,6.485023E-04,-6.66667E-04
3.096548,-9.155311E-04,8.163489E-04,6.66667E-04
3.097549,-1.831064E-04,1.678476E-04,.001
3.098549,-5.340599E-05,-1.091011E-03,-6.66667E-04
3.09955,-2.212534E-04,-1.113899E-03,-6.66667E-04
3.10055,1.525888E-04,1.060493E-03,-2.33333E-03
3.101551,3.280658E-04,2.426162E-03,-.002
3.102551,-1.3733E-04,9.307899E-04,-.001
3.103552,5.340599E-05,-7.858314E-04,-6.66667E-04
3.104552,3.051781E-05,-1.205452E-03,.002
3.105553,4.27248E-04,-1.304634E-03,.001
3.106553,1.06812E-04,-1.785286E-03,6.66667E-04
3.107554,7.629441E-05,-1.274116E-03,-3.66667E-03
3.108554,-7.171668E-04,-4.653949E-04,-6.66667E-04
3.109555,2.28883E-05,-2.517719E-04,-.002
3.110555,-1.75477E-04,-4.730243E-04,6.66667E-04
3.111556,4.730243E-04,-1.22834E-03,-.002
3.112556,-2.288828E-04,-7.247962E-04,.002
3.113557,-3.89101E-04,6.561317E-04,-.002
3.114557,-7.476844E-04,5.340599E-05,.001
3.115558,-2.044693E-03,-6.027259E-04,-.002
3.116558,-3.074661E-03,-2.441425E-04,-.001
3.117559,-3.852859E-03,-1.144417E-03,-6.66667E-04
3.118559,-5.073577E-03,-8.544959E-04,-.001
3.11956,-5.775481E-03,-2.365122E-04,.001
3.12056,-7.881224E-03,-1.014717E-03,-.002
3.121561,-9.941161E-03,-1.495369E-03,-.002
3.122561,-1.293188E-02,-1.312263E-03,-.002
3.123562,-1.414496E-02,-1.419075E-03,-.001
3.124562,-1.552588E-02,-1.937874E-03,-.001
3.125563,-1.510626E-02,-1.739509E-03,-.001
3.126563,-1.428992E-02,-1.365669E-03,2.33333E-03
3.127564,-1.313025E-02,-1.800545E-03,-.002
3.128564,-1.210028E-02,-1.335151E-03,6.66667E-04
3.129565,-1.048285E-02,-9.460486E-04,-.002
3.130565,-8.995116E-03,-6.866492E-04,-3.66667E-03
3.131566,-7.164031E-03,-9.994581E-04,-6.66667E-04
3.132566,-5.378753E-03,-1.121528E-03,6.66667E-04
3.133567,-.0038376,-1.770027E-03,-6.66667E-04
3.134567,-3.074661E-03,-1.434334E-03,-6.66667E-04
3.135568,-2.471939E-03,2.899189E-04,6.66667E-04
3.136568,-9.53678E-04,4.959144E-04,.001
3.137569,-3.50954E-04,3.662128E-04,-.001
3.138569,-1.335151E-03,2.517719E-04,-2.33333E-03
3.13957,-9.079017E-04,6.790198E-04,.001
3.14057,-5.645789E-04,6.63761E-04,.001
3.141571,4.730243E-04,9.155311E-04,-.002
3.142571,2.059946E-04,7.095374E-04,-.001
3.143572,4.119892E-04,9.231605E-04,-.001
3.144572,9.918259E-05,1.678476E-04,-.001
3.145573,-1.06812E-04,-1.449594E-04,.001
3.146573,7.324256E-04,-6.866492E-04,-.001
3.147574,3.814716E-04,-3.814716E-04,-.001
3.148574,4.577655E-04,-2.28883E-05,-6.66667E-04
3.149575,1.373298E-03,7.247962E-04,6.66667E-04
3.150575,1.525886E-03,7.324256E-04,-6.66667E-04
3.151576,2.594013E-04,6.63761E-04,-.002
3.152576,6.179847E-04,7.858314E-04,.001
3.153577,1.258858E-03,4.88285E-04,-.001
3.154577,1.632698E-03,-3.738422E-04,-.001
3.155578,8.926429E-04,-9.002723E-04,-6.66667E-04
3.156578,2.822895E-04,-5.569495E-04,-.001
3.157579,0,-1.029976E-03,.001
3.158579,-8.926429E-04,-8.010902E-04,-6.66667E-04
3.15958,-1.167305E-03,-7.324256E-04,-6.66667E-04
3.16058,-1.60218E-03,-1.007088E-03,.001
3.161581,-1.274116E-03,-6.027259E-04,6.66667E-04
3.162581,-8.697547E-04,-7.934608E-04,-.002
3.163582,-5.722083E-04,1.449594E-04,-6.66667E-04
3.164582,-1.06812E-04,4.348774E-04,-6.66667E-04
3.165583,6.103562E-05,6.63761E-04,-6.66667E-04
3.166583,-9.918259E-05,6.866502E-05,-6.66667E-04
3.167584,1.220712E-04,-1.75477E-04,.001
3.168584,8.621253E-04,-7.171668E-04,-6.66667E-04
3.169585,4.043598E-04,-7.78202E-04,-6.66667E-04
3.170585,3.356952E-04,-4.57766E-05,-2.33333E-03
3.171586,9.002723E-04,1.243599E-03,-.001
3.172586,7.934608E-04,1.014717E-03,-2.33333E-03
3.173587,1.136787E-03,6.103562E-05,-6.66667E-04
3.174587,1.159675E-03,-1.297006E-04,-6.66667E-04
3.175588,1.113899E-03,-5.340599E-05,-.001
3.176588,9.002723E-04,5.798377E-04,-6.66667E-04
3.177589,2.899189E-04,2.365122E-04,-6.66667E-04
3.178589,5.340599E-05,-3.738422E-04,.001
3.17959,-2.670307E-04,-1.449594E-04,6.66667E-04
3.18059,-1.083381E-03,3.814716E-04,6.66667E-04
3.181591,-8.773841E-04,1.983652E-04,6.66667E-04
3.182591,-2.212534E-04,-5.035438E-04,2.33333E-03
3.183592,-3.051776E-04,8.392381E-05,6.66667E-04
3.184592,-6.256141E-04,-2.899189E-04,6.66667E-04
3.185593,-1.457222E-03,-6.103553E-04,-.001
3.186593,-9.155311E-04,-5.569495E-04,6.66667E-04
3.187594,-8.392381E-05,-2.13624E-04,-2.33333E-03
3.188594,8.697547E-04,-1.525888E-04,-6.66667E-04
3.189595,7.934608E-04,-7.629453E-06,.001
3.190595,2.975482E-04,-4.806537E-04,.002
3.191596,-7.171668E-04,-5.874671E-04,-.002
3.192596,-1.602182E-04,-7.095374E-04,-6.66667E-04
3.193597,2.059946E-04,-1.007088E-03,-.001
3.194597,1.983652E-04,-9.613074E-04,-.001
3.195598,5.950965E-04,-3.12807E-04,-.002
3.196598,-4.425067E-04,2.365122E-04,-6.66667E-04
3.197599,-4.730243E-04,-1.602182E-04,-.002
3.198599,-8.010902E-04,4.959144E-04,-.001
3.1996,2.441425E-04,5.188026E-04,-2.33333E-03
3.2006,-1.525891E-05,-3.051781E-05,6.66667E-04
3.201601,3.89101E-04,8.850135E-04,-.001
3.202601,-2.822895E-04,7.629453E-06,2.33333E-03
3.203602,-1.06812E-04,-6.408729E-04,.002
3.204602,-5.340613E-04,-7.324256E-04,-6.66667E-04
3.205603,-7.40055E-04,-4.959144E-04,-.001
3.206603,-6.63761E-04,1.3733E-04,.001
3.207604,-1.525891E-05,5.950965E-04,-6.66667E-04
3.208604,2.288828E-04,3.356952E-04,6.66667E-04
3.209605,3.356952E-04,6.408729E-04,-.002
3.210605,6.256141E-04,1.907358E-04,-.001
3.211606,2.594013E-04,-1.144414E-04,6.66667E-04
3.212606,6.561317E-04,-2.517719E-04,-.002
3.213607,4.27248E-04,-6.790198E-04,.001
3.214607,2.212534E-04,-7.324256E-04,6.66667E-04
3.215608,7.247962E-04,-1.167305E-03,-6.66667E-04
3.216608,4.27248E-04,-1.007088E-03,6.66667E-04
3.217609,2.594013E-04,3.356952E-04,.001
3.218609,9.460486E-04,1.35804E-03,.001
3.21961,9.613074E-04,1.136787E-03,.002
3.22061,1.525891E-05,9.231605E-04,-.002
3.221611,-3.814716E-04,1.419075E-03,-6.66667E-04
3.222611,-6.256141E-04,1.014717E-03,6.66667E-04
3.223612,-1.007088E-03,1.121528E-03,-.001
3.224612,2.594013E-04,2.441425E-04,.002
3.225613,4.27248E-04,-1.220712E-04,-2.33333E-03
3.226614,-9.918259E-05,-4.88285E-04,-.002
3.227614,-7.324256E-04,-1.678476E-04,-.001
3.228614,-7.40055E-04,-4.043598E-04,-.002
3.229615,-1.121528E-03,3.204364E-04,.002
3.230615,-6.866492E-04,1.831064E-04,-6.66667E-04
3.231616,-6.63761E-04,2.899189E-04,.001
3.232616,-3.967304E-04,9.918287E-04,-.002
3.233617,-3.280658E-04,7.476844E-04,-6.66667E-04
3.234617,3.051776E-04,3.12807E-04,6.66667E-04
3.235618,1.831064E-04,-4.119892E-04,.002
3.236619,-3.814721E-05,7.629441E-05,-.001
3.237619,0,2.212534E-04,6.66667E-04
3.238619,5.874671E-04,3.051776E-04,-2.33333E-03
3.23962,7.476844E-04,2.822895E-04,-.001
3.24062,1.304634E-03,4.27248E-04,-6.66667E-04
3.241621,1.083381E-03,2.441425E-04,-.001
3.242621,1.144417E-03,-7.629441E-05,-.001
3.243622,3.662128E-04,-5.569495E-04,-.001
3.244622,9.918259E-05,-1.602182E-04,-6.66667E-04
3.245623,2.365122E-04,4.501361E-04,-6.66667E-04
3.246624,-3.356952E-04,5.722083E-04,-2.33333E-03
3.247624,-2.670307E-04,6.332435E-04,.002
3.248624,1.10627E-03,-2.212534E-04,-6.66667E-04
3.249625,1.09864E-03,-8.010902E-04,-.001
3.250625,6.561317E-04,-7.01908E-04,-6.66667E-04
3.251626,1.831064E-04,-6.790198E-04,-.001
3.252626,1.297006E-04,-7.476844E-04,-6.66667E-04
3.253627,8.468665E-04,-3.814721E-05,6.66667E-04
3.254627,4.653949E-04,-4.806537E-04,-.002
3.255628,-7.629453E-06,-1.831064E-04,6.66667E-04
3.256629,2.059946E-04,-8.239783E-04,-.002
3.257629,0,-7.40055E-04,.001
3.258629,6.103562E-05,-3.433246E-04,6.66667E-04
3.25963,-3.356952E-04,-1.220711E-03,3.66667E-03
3.26063,-6.713904E-04,-1.533516E-03,-.002
3.261631,-4.501361E-04,-1.220711E-03,-.001
3.262631,-5.340613E-04,-8.773841E-04,-.001
3.263632,-2.441425E-04,0,6.66667E-04
3.264632,4.425067E-04,1.831064E-04,6.66667E-04
3.265633,1.434334E-03,-1.007088E-03,.001
3.266634,1.113899E-03,-8.773841E-04,-2.33333E-03
3.267634,-1.06812E-04,-1.121528E-03,2.33333E-03
3.268634,3.280658E-04,-9.155311E-04,-3.66667E-03
3.269635,4.88285E-04,-1.007088E-03,-6.66667E-04
3.270635,3.433246E-04,-1.602182E-04,-.001
3.271636,-2.594013E-04,1.525888E-04,6.66667E-04
3.272636,-4.501361E-04,1.10627E-03,-.002
3.273637,3.662128E-04,1.762398E-03,6.66667E-04
3.274637,7.095374E-04,1.541145E-03,-6.66667E-04
3.275638,-4.959144E-04,5.264319E-04,-.001
3.276639,-7.629432E-04,1.091011E-03,-6.66667E-04
3.277639,-4.27248E-04,4.653949E-04,-.001
3.278639,-9.918259E-05,-7.705726E-04,-.001
3.27964,-2.670307E-04,-9.53678E-04,-6.66667E-04
3.28064,1.907358E-04,-3.204364E-04,6.66667E-04
3.281641,6.790198E-04,-5.874671E-04,-.001
3.282641,6.332435E-04,-6.179847E-04,-.001
3.283642,6.713904E-04,1.983652E-04,-.002
3.284642,9.460486E-04,5.722083E-04,-2.33333E-03
3.285643,8.010902E-04,4.425067E-04,-2.33333E-03
3.286644,1.686104E-03,6.866492E-04,.001
3.287644,1.365669E-03,4.577655E-04,-.002
3.288644,1.266487E-03,7.553138E-04,-6.66667E-04
3.289645,1.594551E-03,6.256141E-04,-.001
3.290645,1.35804E-03,3.051776E-04,-.001
3.291646,1.10627E-03,6.485023E-04,-3.66667E-03
3.292646,1.48011E-03,5.264319E-04,6.66667E-04
3.293647,1.159675E-03,1.449594E-04,2.33333E-03
3.294647,1.365669E-03,1.602182E-04,6.66667E-04
3.295648,3.814716E-04,6.866502E-05,2.33333E-03
3.296649,-5.340613E-04,-1.220712E-04,6.66667E-04
3.297649,-1.297005E-03,-2.365122E-04,6.66667E-04
3.298649,-1.075752E-03,-1.525891E-05,-.002
3.29965,-3.662128E-04,1.144414E-04,-.001
3.30065,-6.866492E-04,-8.697547E-04,-.001
3.301651,-8.773841E-04,-6.179847E-04,-.002
3.302651,-5.340613E-04,7.629441E-05,6.66667E-04
3.303652,4.577655E-04,2.517719E-04,-6.66667E-04
3.304652,6.408729E-04,-1.525891E-05,-.001
3.305653,9.231605E-04,-1.190193E-03,6.66667E-04
3.306653,3.12807E-04,-1.190193E-03,.001
3.307654,5.874671E-04,-1.396187E-03,.001
3.308654,-3.356952E-04,-9.079017E-04,-6.66667E-04
3.309655,-2.365122E-04,-7.247962E-04,-.001
3.310655,4.730243E-04,-1.052864E-03,6.66667E-04
3.311656,-3.50954E-04,-1.121528E-03,.001
3.312656,-5.188026E-04,-5.264319E-04,6.66667E-04
3.313657,7.78202E-04,-1.602182E-04,-.001
3.314657,8.926429E-04,-3.280658E-04,6.66667E-04
3.315658,-6.103562E-05,-5.645789E-04,-6.66667E-04
3.316658,-9.53678E-04,-1.449592E-03,-6.66667E-04
3.317659,-5.188026E-04,-1.220711E-03,6.66667E-04
3.318659,6.713904E-04,-4.348774E-04,-6.66667E-04
3.31966,1.335151E-03,-7.171668E-04,.001
3.32066,3.967304E-04,-4.27248E-04,-6.66667E-04
3.321661,-5.722083E-04,6.408729E-04,-6.66667E-04
3.322661,-5.569495E-04,9.231605E-04,-.001
3.323662,5.340599E-05,-5.340599E-05,-6.66667E-04
3.324662,9.079017E-04,-6.866502E-05,-6.66667E-04
3.325663,7.171668E-04,7.629441E-05,6.66667E-04
3.326663,1.121528E-03,1.220712E-04,-6.66667E-04
3.327664,-1.06812E-04,5.340599E-05,-.002
3.328664,-3.356952E-04,-3.051781E-05,-.002
3.329665,2.388015E-03,1.06812E-04,6.66667E-04
3.330665,2.258316E-03,1.907358E-04,-.002
3.331666,9.384193E-04,-3.50954E-04,-.002
3.332666,5.874671E-04,9.15532E-05,-.002
3.333667,1.220712E-04,5.111732E-04,.002
3.334667,-1.602182E-04,-3.051776E-04,-.001
3.335668,-5.035438E-04,-6.408729E-04,6.66667E-04
3.336668,-3.356952E-04,-6.103553E-04,.002
3.337669,4.806537E-04,-1.75477E-04,-.001
3.338669,-3.051781E-05,-2.288828E-04,6.66667E-04
3.33967,0,-3.204364E-04,-.002
3.34067,8.239783E-04,4.57766E-05,6.66667E-04
3.341671,1.60981E-03,-1.907358E-04,-.001
3.342671,1.10627E-03,-3.356952E-04,-.002
3.343672,-9.918259E-05,-6.103553E-04,6.66667E-04
3.344672,-4.806537E-04,-6.256141E-04,.002
3.345673,-4.730243E-04,-1.48011E-03,-.002
3.346673,-1.052864E-03,-1.220711E-03,.001
3.347674,-8.087195E-04,-7.858314E-04,6.66667E-04
3.348674,1.983652E-04,-1.640327E-03,-.002
3.349675,3.051776E-04,-1.914985E-03,.001
3.350675,-2.059946E-04,-1.174934E-03,.001
3.351676,-9.994581E-04,-1.220712E-04,-6.66667E-04
3.352676,-8.239783E-04,3.204364E-04,-6.66667E-04
3.353677,3.280658E-04,8.010902E-04,.001
3.354677,1.007088E-03,5.416907E-04,-.001
3.355678,7.629432E-04,-2.28883E-05,6.66667E-04
3.356678,1.411445E-03,6.179847E-04,.001
3.357679,1.136787E-03,-5.035438E-04,-.002
3.358679,5.798377E-04,1.220712E-04,.001
3.35968,5.645789E-04,5.264319E-04,-6.66667E-04
3.36068,5.874671E-04,-7.629441E-05,-2.33333E-03
3.361681,1.10627E-03,-1.602182E-04,2.33333E-03
3.362681,1.174934E-03,5.950965E-04,-.001
3.363682,8.850135E-04,4.730243E-04,6.66667E-04
3.364682,1.663215E-03,3.662128E-04,.001
3.365683,1.022346E-03,-5.035438E-04,.001
3.366683,1.182564E-03,-8.697547E-04,-6.66667E-04
3.367684,1.525886E-03,-1.846321E-03,-6.66667E-04
3.368684,7.934608E-04,-1.762398E-03,-6.66667E-04
3.369685,-7.476844E-04,-1.213081E-03,-.002
3.370685,-7.40055E-04,1.525888E-04,6.66667E-04
3.371686,-4.577655E-04,1.525891E-05,.001
3.372686,-1.319893E-03,1.678476E-04,-.002
3.373687,-1.48011E-03,6.485023E-04,-.001
3.374687,-1.014717E-03,9.7657E-04,.002
3.375688,6.103562E-05,1.678474E-03,-2.33333E-03
3.376688,6.790198E-04,1.312263E-03,6.66667E-04
3.377689,4.348774E-04,2.441425E-04,-.002
3.378689,-7.40055E-04,-8.163489E-04,-.002
3.37969,-1.060493E-03,-9.155311E-04,.001
3.38069,-1.85395E-03,-5.340599E-05,-.002
3.381691,-1.525886E-03,8.163489E-04,6.66667E-04
3.382691,-5.035438E-04,6.256141E-04,-.001
3.383692,7.934608E-04,9.15532E-05,-6.66667E-04
3.384692,8.926429E-04,-1.3733E-04,-.001
3.385693,1.487739E-03,2.212534E-04,-6.66667E-04
3.386693,1.182564E-03,5.340599E-05,6.66667E-04
3.387694,2.822895E-04,8.392381E-05,-.002
3.388694,-1.091011E-03,2.212534E-04,.002
3.389695,-1.419075E-03,8.697547E-04,.001
3.390696,-1.762398E-03,2.899189E-04,-6.66667E-04
3.391696,-9.155311E-04,1.747139E-03,-.002
3.392696,-2.13624E-04,1.10627E-03,6.66667E-04
3.393697,6.942786E-04,7.324256E-04,-6.66667E-04
3.394697,8.850135E-04,1.579292E-03,.001
3.395698,2.670307E-04,1.075752E-03,-.001
3.396698,-8.163489E-04,1.213081E-03,-.002
3.397699,-1.022346E-03,1.197822E-03,.001
3.398699,-1.281746E-03,-1.297006E-04,-.001
3.3997,-1.678474E-03,-2.037063E-03,-.002
3.400701,-1.342781E-03,-1.388557E-03,-.001
3.401701,-1.48011E-03,-4.57766E-05,-6.66667E-04
3.402701,-1.075752E-03,8.544959E-04,.002
3.403702,-7.934608E-04,8.926429E-04,-6.66667E-04
3.404702,-5.722083E-04,1.213081E-03,-6.66667E-04
3.405703,6.866502E-05,1.052864E-03,-.001
3.406703,6.866502E-05,6.027259E-04,-.001
3.407704,6.866502E-05,-6.103562E-05,-6.66667E-04
3.408704,-2.13624E-04,-2.746601E-04,-.001
3.409705,-9.155311E-04,-1.75477E-04,-2.33333E-03
3.410706,-7.40055E-04,6.485023E-04,6.66667E-04
3.411706,-2.13624E-04,4.959144E-04,-.001
3.412706,-4.27248E-04,-2.441425E-04,-.001
3.413707,-1.144414E-04,-6.103553E-04,-.002
3.414707,-3.814716E-04,-4.501361E-04,.001
3.415708,-9.231605E-04,5.416907E-04,-2.33333E-03
3.416708,-7.01908E-04,7.78202E-04,6.66667E-04
3.417709,-9.613074E-04,3.433246E-04,-.001
3.418709,-2.044693E-03,-2.13624E-04,6.66667E-04
3.41971,-2.639785E-03,-1.060493E-03,-6.66667E-04
3.420711,-2.731338E-03,-1.495369E-03,-.002
3.421711,-3.158584E-03,-2.113357E-03,6.66667E-04
3.422711,-3.250137E-03,-1.693733E-03,-.001
3.423712,-4.737884E-03,-7.01908E-04,.001
3.424712,-5.722076E-03,1.297006E-04,6.66667E-04
3.425713,-6.607085E-03,3.204364E-04,-.001
3.426713,-7.347137E-03,-5.645789E-04,.001
3.427714,-9.201109E-03,-1.95314E-03,6.66667E-04
3.428714,-1.157385E-02,-2.395645E-03,-2.33333E-03
3.429715,-1.250464E-02,-2.395645E-03,-6.66667E-04
3.430716,-1.383978E-02,-2.906814E-03,-.001
3.431716,-.0162431,-2.258316E-03,-6.66667E-04
3.432716,-1.875317E-02,-2.288833E-03,-6.66667E-04
3.433717,-2.075207E-02,-2.906814E-03,-2.33333E-03
3.434717,-2.178204E-02,-3.730789E-03,6.66667E-04
3.435718,-2.266705E-02,-4.28012E-03,-.001
3.436718,-2.191937E-02,-3.761306E-03,-.001
3.437719,-2.034009E-02,-3.883377E-03,.001
3.438719,-1.910412E-02,-4.119903E-03,.001
3.43972,-1.742566E-02,-2.800003E-03,6.66667E-04
3.440721,-1.605999E-02,-2.563491E-03,-.002
3.441721,-1.414496E-02,-1.495369E-03,.001
3.442721,-1.212317E-02,-1.121528E-03,-6.66667E-04
3.443722,-9.750426E-03,-1.289375E-03,-6.66667E-04
3.444722,-8.369505E-03,-7.40055E-04,-6.66667E-04
3.445723,-6.340057E-03,7.629441E-05,-.002
3.446723,-4.707366E-03,1.152046E-03,-.001
3.447724,-3.669754E-03,8.239783E-04,6.66667E-04
3.448724,-3.08992E-03,7.476844E-04,-6.66667E-04
3.449725,-2.120987E-03,-2.441425E-04,-2.33333E-03
3.450726,-1.655586E-03,2.28883E-05,.001
3.451726,-8.621253E-04,7.629453E-06,-.001
3.452726,-1.281746E-03,-7.095374E-04,-3.66667E-03
3.453727,-1.373298E-03,-4.348774E-04,-6.66667E-04
3.454727,-5.340599E-05,8.392381E-05,2.33333E-03
3.455728,5.340599E-05,2.746601E-04,-.001
3.456728,1.525888E-04,-2.899189E-04,6.66667E-04
3.457729,-3.738422E-04,-1.121528E-03,6.66667E-04
3.458729,-3.204364E-04,-1.129158E-03,-6.66667E-04
3.45973,-5.874671E-04,-1.159675E-03,-.002
3.460731,-8.316077E-04,-5.111732E-04,-6.66667E-04
3.461731,-5.874671E-04,2.059946E-04,-2.33333E-03
3.462731,-7.324256E-04,-2.13624E-04,-.002
3.463732,2.212534E-04,-5.874671E-04,6.66667E-04
3.464732,5.188026E-04,-3.967304E-04,6.66667E-04
3.465733,9.689368E-04,-1.426704E-03,-3.66667E-03
3.466733,7.858314E-04,-1.434334E-03,-.002
3.467734,1.678476E-04,-5.264319E-04,6.66667E-04
3.468734,4.119892E-04,1.983652E-04,6.66667E-04
3.469735,8.697547E-04,7.629441E-05,-6.66667E-04
3.470736,8.468665E-04,-5.340599E-05,-6.66667E-04
3.471736,7.247962E-04,-6.866492E-04,-3.66667E-03
3.472736,2.212534E-04,-7.40055E-04,6.66667E-04
3.473737,-6.561317E-04,-1.060493E-03,6.66667E-04
3.474737,-1.60218E-03,-4.577655E-04,-6.66667E-04
3.475738,-1.449592E-03,-2.517719E-04,-.001
3.476738,-2.441425E-04,4.806537E-04,-6.66667E-04
3.477739,1.06812E-04,-3.585834E-04,-.002
3.478739,-1.602182E-04,-6.103553E-04,.001
3.47974,2.594013E-04,-8.163489E-04,2.33333E-03
3.480741,5.645789E-04,-4.806537E-04,6.66667E-04
3.481741,-2.212534E-04,4.959144E-04,-.001
3.482741,-2.670307E-04,8.392371E-04,-.001
3.483742,-1.602182E-04,5.264319E-04,-.002
3.484742,-1.724251E-03,2.746601E-04,-6.66667E-04
3.485743,-2.021804E-03,-3.356952E-04,-6.66667E-04
3.486743,-1.09864E-03,-8.163489E-04,-6.66667E-04
3.487744,-1.060493E-03,-1.235969E-03,6.66667E-04
3.488744,-5.569495E-04,-7.324256E-04,-6.66667E-04
3.489745,-2.28883E-05,3.585834E-04,-.002
3.490746,6.332435E-04,8.239783E-04,.001
3.491746,4.043598E-04,2.13624E-04,6.66667E-04
3.492746,2.059946E-04,6.790198E-04,6.66667E-04
3.493747,3.662128E-04,1.220712E-04,-6.66667E-04
3.494747,3.280658E-04,2.822895E-04,-.001
3.495748,9.15532E-05,-4.425067E-04,.001
3.496748,-9.918259E-05,1.678476E-04,-.001
3.497749,5.340599E-05,6.027259E-04,-.001
3.498749,8.316077E-04,9.155311E-04,-.002
3.49975,9.002723E-04,6.790198E-04,-6.66667E-04
3.500751,-4.348774E-04,1.907358E-04,-.002
3.501751,-3.967304E-04,2.670307E-04,6.66667E-04
3.502751,4.57766E-05,-1.983652E-04,-.001
3.503752,7.324256E-04,-2.13624E-04,-.002
3.504752,2.212534E-04,-5.188026E-04,.001
3.505753,1.06812E-04,-3.814716E-04,.001
3.506753,-2.28883E-05,6.103553E-04,-.002
3.507754,-3.051776E-04,4.57766E-05,-.002
3.508754,-4.27248E-04,3.12807E-04,-.001
3.509755,4.27248E-04,6.63761E-04,-.002
3.510756,4.119892E-04,2.365122E-04,-6.66667E-04
3.511756,-5.340599E-05,6.866492E-04,.002
3.512756,2.594013E-04,1.48011E-03,-.001
3.513757,4.730243E-04,1.060493E-03,-.002
3.514757,7.78202E-04,-1.602182E-04,-.001
3.515758,7.629453E-06,4.196186E-04,.001
3.516758,-5.264319E-04,4.348774E-04,-.001
3.517759,-9.460486E-04,1.365669E-03,.001
3.518759,-4.806537E-04,1.304634E-03,-.002
3.51976,-5.111732E-04,4.730243E-04,-.002
3.520761,4.653949E-04,1.525888E-04,.001
3.521761,4.88285E-04,1.297006E-04,-.001
3.522761,4.88285E-04,5.264319E-04,-.001
3.523762,9.7657E-04,8.697547E-04,.001
3.524762,5.722083E-04,5.950965E-04,-6.66667E-04
3.525763,1.220712E-04,-2.975482E-04,.002
3.526763,-7.40055E-04,-9.231605E-04,-6.66667E-04
3.527764,-6.408729E-04,-3.051776E-04,-6.66667E-04
3.528764,-1.464851E-03,9.15532E-05,-.001
3.529765,-6.027259E-04,6.179847E-04,.001
3.530766,-4.577655E-04,-4.57766E-05,.002
3.531766,-1.525886E-03,-1.113899E-03,-.001
3.532766,-1.533516E-03,-1.10627E-03,-2.33333E-03
3.533767,-3.204364E-04,-1.083381E-03,-.002
3.534767,5.950965E-04,-1.510628E-03,.001
3.535768,4.959144E-04,-1.464851E-03,-.001
3.536768,2.441425E-04,-1.564033E-03,.001
3.537769,3.814721E-05,-2.517719E-04,-6.66667E-04
3.538769,4.730243E-04,-3.051781E-05,-.001
3.53977,1.319893E-03,3.585834E-04,.001
3.540771,9.841993E-04,-2.441425E-04,-6.66667E-04
3.541771,7.095374E-04,-2.13624E-04,-2.33333E-03
3.542771,-3.051781E-05,9.918259E-05,-.002
3.543772,-2.13624E-04,5.264319E-04,.001
3.544772,-5.874671E-04,4.730243E-04,.001
3.545773,-3.738422E-04,1.907358E-04,-.002
3.546773,-1.602182E-04,9.918259E-05,.001
3.547774,2.975482E-04,4.425067E-04,-.002
3.548774,7.476844E-04,-3.967304E-04,.001
3.549775,6.332435E-04,-5.188026E-04,-6.66667E-04
3.550776,9.53678E-04,-1.235969E-03,6.66667E-04
3.551776,7.629453E-06,-1.319893E-03,-.001
3.552776,-9.15532E-05,-7.01908E-04,-6.66667E-04
3.553777,8.392381E-05,0,-.002
3.554777,3.051776E-04,-9.15532E-05,-.002
3.555778,2.594013E-04,2.517719E-04,-.004
3.556778,4.653949E-04,-3.051781E-05,.001
3.557779,-2.212534E-04,-2.212534E-04,-2.33333E-03
3.558779,-7.629453E-06,-9.689368E-04,6.66667E-04
3.55978,-8.010902E-04,-7.324256E-04,-.001
3.560781,-1.548775E-03,-7.01908E-04,-6.66667E-04
3.561781,-2.098098E-03,-6.63761E-04,-.002
3.562781,-2.990738E-03,-2.13624E-04,-6.66667E-04
3.563782,-3.021255E-03,-1.525888E-04,-.002
3.564783,-3.84523E-03,-1.831064E-04,-6.66667E-04
3.565783,-3.562942E-03,1.297006E-04,-.002
3.566783,-3.84523E-03,-1.525888E-04,-6.66667E-04
3.567784,-4.104644E-03,-1.129158E-03,6.66667E-04
3.568784,-3.746048E-03,-5.188026E-04,6.66667E-04
3.569785,-3.540054E-03,-2.365122E-04,-.002
3.570786,-3.395095E-03,-6.713904E-04,-6.66667E-04
3.571786,-2.853408E-03,-1.426704E-03,-6.66667E-04
3.572786,-2.792373E-03,-1.007088E-03,.001
3.573787,-3.356948E-03,-6.103553E-04,.001
3.574788,-2.380386E-03,-1.75477E-04,-.001
3.575788,-1.85395E-03,1.75477E-04,6.66667E-04
3.576788,-2.601638E-03,5.340613E-04,.001
3.577789,-2.441421E-03,7.01908E-04,-.002
3.578789,-1.617439E-03,2.670307E-04,-.001
3.57979,-8.773841E-04,-6.561317E-04,.001
3.580791,-1.007088E-03,-6.790198E-04,-6.66667E-04
3.581791,-1.678476E-04,-4.501361E-04,-.002
3.582791,-4.196186E-04,-2.822895E-04,.002
3.583792,-4.653949E-04,4.196186E-04,-3.66667E-03
3.584793,2.746601E-04,6.866502E-05,6.66667E-04
3.585793,0,-5.645789E-04,-.001
3.586793,1.525891E-05,-4.730243E-04,-6.66667E-04
3.587794,-2.670307E-04,-4.959144E-04,-6.66667E-04
3.588794,-9.231605E-04,-1.342781E-03,-6.66667E-04
3.589795,-9.155311E-04,-8.926429E-04,-6.66667E-04
3.590796,-1.007088E-03,-4.730243E-04,-6.66667E-04
3.591796,-1.380928E-03,-1.3733E-04,-.002
3.592796,-1.167305E-03,-1.144414E-04,-.002
3.593797,2.365122E-04,6.256141E-04,-.001
3.594798,8.392371E-04,5.798377E-04,-.001
3.595798,-9.918259E-05,2.13624E-04,-.002
3.596798,-8.468665E-04,3.738422E-04,.001
3.597799,-4.348774E-04,6.561317E-04,-.002
3.598799,-5.569495E-04,-3.814716E-04,-.002
3.5998,-7.934608E-04,-1.510628E-03,-6.66667E-04
3.600801,-3.662128E-04,-8.468665E-04,6.66667E-04
3.601801,3.50954E-04,-5.111732E-04,6.66667E-04
3.602801,-4.959144E-04,-2.670307E-04,.001
3.603802,-5.722083E-04,-8.392381E-05,-.001
3.604803,1.312263E-03,2.441425E-04,-6.66667E-04
3.605803,9.613074E-04,9.079017E-04,-3.66667E-03
3.606803,3.814721E-05,1.663215E-03,-.001
3.607804,4.501361E-04,1.419075E-03,-2.33333E-03
3.608804,5.798377E-04,7.095374E-04,-.002
3.609805,1.983652E-04,-6.103562E-05,-.001
3.610806,-4.27248E-04,3.50954E-04,.002
3.611806,-6.561317E-04,2.441425E-04,-.002
3.612806,-3.662128E-04,-5.340613E-04,-.002
3.613807,-2.13624E-04,2.288828E-04,6.66667E-04
3.614808,-3.280658E-04,6.713904E-04,.001
3.615808,-9.918259E-05,9.231605E-04,-.002
3.616808,-2.822895E-04,-3.967304E-04,-2.33333E-03
3.617809,-1.449594E-04,3.051781E-05,6.66667E-04
3.618809,5.188026E-04,2.822895E-04,-3.66667E-03
3.61981,2.212534E-04,-2.517719E-04,6.66667E-04
3.620811,-5.340599E-05,1.06812E-04,-.001
3.621811,3.433246E-04,8.392371E-04,-.001
3.622811,7.476844E-04,5.416907E-04,6.66667E-04
3.623812,4.959144E-04,-3.967304E-04,-.001
3.624813,5.035438E-04,-1.426704E-03,6.66667E-04
3.625813,3.433246E-04,-1.182564E-03,6.66667E-04
3.626813,-2.13624E-04,-1.243599E-03,.002
3.627814,1.525891E-05,-5.188026E-04,-.001
3.628814,1.297006E-04,-4.959144E-04,.001
3.629815,-1.907358E-04,-1.144417E-03,-3.66667E-03
3.630816,-7.247962E-04,1.297006E-04,.002
3.631816,-1.3733E-04,5.264319E-04,6.66667E-04
3.632816,1.983652E-04,3.662128E-04,-6.66667E-04
3.633817,-3.89101E-04,1.449594E-04,-.002
3.634818,-1.983652E-04,2.746601E-04,-.002
3.635818,-1.831064E-04,9.307899E-04,-6.66667E-04
3.636818,6.866502E-05,1.678476E-04,-6.66667E-04
3.637819,-6.179847E-04,5.645789E-04,-6.66667E-04
3.638819,-5.798377E-04,-5.340599E-05,-.001
3.63982,-2.28883E-05,-2.670307E-04,6.66667E-04
3.640821,-3.738422E-04,2.670307E-04,-6.66667E-04
3.641821,-1.525888E-04,7.934608E-04,-.001
3.642821,1.297006E-04,6.179847E-04,-6.66667E-04
3.643822,-7.629432E-04,6.256141E-04,-6.66667E-04
3.644823,-3.738422E-04,1.144417E-03,.002
3.645823,-2.212534E-04,6.027259E-04,-2.33333E-03
3.646823,-3.585834E-04,-3.814716E-04,.001
3.647824,-8.468665E-04,7.629441E-05,-6.66667E-04
3.648824,-4.196186E-04,2.441425E-04,-.002
3.649825,1.007088E-03,1.152046E-03,6.66667E-04
3.650826,8.926429E-04,1.190193E-03,2.33333E-03
3.651826,7.171668E-04,1.602182E-04,.001
3.652826,-1.144414E-04,-2.899189E-04,.001
3.653827,-5.874671E-04,-3.12807E-04,-6.66667E-04
3.654828,2.288828E-04,-1.525891E-05,.002
3.655828,-2.212534E-04,9.994581E-04,6.66667E-04
3.656828,-5.874671E-04,8.697547E-04,-6.66667E-04
3.657829,-3.585834E-04,-3.585834E-04,6.66667E-04
3.658829,-1.571663E-03,-7.553138E-04,-6.66667E-04
3.65983,-1.35804E-03,-4.425067E-04,-6.66667E-04
3.66083,-9.155311E-04,4.959144E-04,-6.66667E-04
3.661831,-6.485023E-04,1.06812E-04,-.001
3.662831,-7.40055E-04,1.678476E-04,6.66667E-04
3.663832,-9.613074E-04,1.449594E-04,-.001
3.664833,-1.846321E-03,-1.602182E-04,-6.66667E-04
3.665833,-2.845779E-03,-5.798377E-04,6.66667E-04
3.666833,-3.33406E-03,-7.934608E-04,-.002
3.667834,-3.860489E-03,-5.645789E-04,-6.66667E-04
3.668834,-4.379302E-03,-7.934608E-04,6.66667E-04
3.669835,-5.020171E-03,-9.918259E-05,-.001
3.670835,-5.394012E-03,-1.525891E-05,6.66667E-04
3.671836,-6.29428E-03,6.866502E-05,6.66667E-04
3.672836,-5.92044E-03,3.967304E-04,-6.66667E-04
3.673837,-5.516082E-03,1.525888E-04,6.66667E-04
3.674838,-4.005462E-03,-5.798377E-04,-.002
3.675838,-3.654495E-03,-4.88285E-04,-.002
3.676838,-4.15042E-03,-6.256141E-04,.001
3.677839,-4.91336E-03,-2.594013E-04,-6.66667E-04
3.678839,-3.852859E-03,1.602182E-04,.001
3.67984,-3.768936E-03,7.629453E-06,-.001
3.68084,-2.83052E-03,8.773841E-04,-.001
3.681841,-2.098098E-03,5.798377E-04,-.002
3.682841,-2.174392E-03,4.730243E-04,.001
3.683842,-1.808174E-03,8.087195E-04,6.66667E-04
3.684843,-1.190193E-03,-1.602182E-04,-.002
3.685843,-6.027259E-04,-1.426704E-03,-.001
3.686843,-3.051776E-04,-1.48011E-03,-.002
3.687844,-1.831064E-04,4.57766E-05,6.66667E-04
3.688844,6.027259E-04,-4.57766E-05,-.002
3.689845,4.730243E-04,-2.975482E-04,6.66667E-04
3.690845,-2.288828E-04,-7.629453E-06,-.001
3.691846,9.918259E-05,1.831064E-04,6.66667E-04
3.692847,4.57766E-05,-5.340613E-04,2.33333E-03
3.693847,-4.730243E-04,-1.060493E-03,-6.66667E-04
3.694848,-4.88285E-04,-1.159675E-03,-6.66667E-04
3.695848,-2.517719E-04,-3.12807E-04,-.002
3.696848,-3.89101E-04,7.324256E-04,-.002
3.697849,-8.392381E-05,4.348774E-04,.001
3.698849,6.713904E-04,8.926429E-04,-.001
3.69985,1.235969E-03,6.485023E-04,6.66667E-04
3.70085,7.324256E-04,4.043598E-04,-6.66667E-04
3.701851,1.525888E-04,-3.051781E-05,-.002
3.702852,-5.874671E-04,1.75477E-04,-6.66667E-04
3.703852,-8.316077E-04,2.594013E-04,-6.66667E-04
3.704853,-1.495369E-03,1.419075E-03,.001
3.705853,-9.079017E-04,1.243599E-03,-.002
3.706853,-8.010902E-04,1.525888E-04,.002
3.707854,-1.266487E-03,2.899189E-04,6.66667E-04
3.708854,-1.335151E-03,5.111732E-04,-.002
3.709855,-1.754768E-03,5.111732E-04,.002
3.710855,-1.907356E-03,8.926429E-04,-6.66667E-04
3.711856,-1.220711E-03,8.773841E-04,-.002
3.712857,-1.426704E-03,1.007088E-03,-.001
3.713857,-9.613074E-04,1.22834E-03,-6.66667E-04
3.714858,-3.50954E-04,2.822895E-04,.001
3.715858,1.525888E-04,-8.087195E-04,-6.66667E-04
3.716858,8.392381E-05,-8.239783E-04,6.66667E-04
3.717859,-1.907358E-04,-3.433246E-04,-.001
3.718859,-8.316077E-04,-5.340599E-05,-6.66667E-04
3.71986,-6.942786E-04,-2.288828E-04,-.004
3.72086,1.525888E-04,-1.182564E-03,-.001
3.721861,-7.553138E-04,-2.441425E-04,-.001
3.722862,-1.007088E-03,-3.356952E-04,.001
3.723862,-1.167305E-03,-1.823433E-03,-6.66667E-04
3.724863,-1.060493E-03,-1.808174E-03,-.001
3.725863,-8.163489E-04,-1.121528E-03,-2.33333E-03
3.726863,-9.002723E-04,-1.06812E-04,-6.66667E-04
3.727864,-7.934608E-04,1.220712E-04,-.002
3.728864,-6.256141E-04,-7.934608E-04,6.66667E-04
3.729865,-2.441425E-04,-1.258858E-03,-.001
3.730865,-5.569495E-04,-7.78202E-04,-2.33333E-03
3.731866,6.103562E-05,-1.800545E-03,-3.66667E-03
3.732867,3.738422E-04,-1.35041E-03,6.66667E-04
3.733867,8.468665E-04,-2.059946E-04,-.001
3.734868,1.525886E-03,-2.746601E-04,-.001
3.735868,1.274116E-03,-3.433246E-04,6.66667E-04
3.736868,-1.525891E-05,3.738422E-04,-.002
3.737869,-1.525891E-05,1.35804E-03,-6.66667E-04
3.73887,-8.392381E-05,9.53678E-04,6.66667E-04
3.73987,9.918259E-05,7.553138E-04,-.001
3.74087,-8.621253E-04,7.01908E-04,-.002
3.741871,-8.468665E-04,1.831064E-04,6.66667E-04
3.742872,-1.670845E-03,3.967304E-04,-.001
3.743872,-1.701362E-03,8.392371E-04,-6.66667E-04
3.744873,-1.014717E-03,7.629441E-05,-.004
3.745873,-6.179847E-04,-1.197822E-03,-.002
3.746873,-3.204364E-04,-7.934608E-04,6.66667E-04
3.747874,6.103562E-05,2.746601E-04,.001
3.748875,9.918287E-04,1.525886E-03,-6.66667E-04
3.749875,6.790198E-04,1.426704E-03,-6.66667E-04
3.750875,7.553138E-04,3.204364E-04,.001
3.751876,-1.449594E-04,-2.899189E-04,.002
3.752877,-4.57766E-05,-6.485023E-04,.001
3.753877,-4.425067E-04,-8.926429E-04,-2.33333E-03
3.754878,-4.88285E-04,4.57766E-05,-6.66667E-04
3.755878,-1.09864E-03,2.059946E-04,-.001
3.756878,-6.63761E-04,2.594013E-04,.001
3.757879,-3.280658E-04,4.348774E-04,-.001
3.75888,-6.027259E-04,7.324256E-04,.001
3.75988,-8.163489E-04,4.196186E-04,6.66667E-04
3.76088,-3.433246E-04,6.103562E-05,-6.66667E-04
3.761881,3.051781E-05,1.037605E-03,.001
3.762882,6.408729E-04,1.312263E-03,-6.66667E-04
3.763882,8.010902E-04,1.235969E-03,-6.66667E-04
3.764883,1.411445E-03,2.372757E-03,6.66667E-04
3.765883,1.327522E-03,1.647957E-03,-6.66667E-04
3.766883,3.356952E-04,1.029976E-03,-6.66667E-04
3.767884,-8.010902E-04,4.730243E-04,-6.66667E-04
3.768885,-9.918287E-04,9.918259E-05,-.001
3.769885,-3.814721E-05,-1.007088E-03,-.002
3.770885,-1.678476E-04,-1.060493E-03,.001
3.771886,-5.645789E-04,-1.167305E-03,6.66667E-04
3.772887,-6.179847E-04,-9.918287E-04,-.001
3.773887,1.297006E-04,-8.850135E-04,6.66667E-04
3.774888,2.441425E-04,-1.06812E-04,6.66667E-04
3.775888,1.182564E-03,1.831064E-04,6.66667E-04
3.776888,1.022346E-03,3.433246E-04,-.002
3.777889,1.533516E-03,5.798377E-04,-2.33333E-03
3.77889,1.213081E-03,-3.738422E-04,-6.66667E-04
3.77989,5.798377E-04,-6.866492E-04,-.001
3.78089,-5.493201E-04,2.670307E-04,-6.66667E-04
3.781891,2.441425E-04,6.790198E-04,-6.66667E-04
3.782892,1.06812E-04,2.746601E-04,.002
3.783892,-9.53678E-04,7.40055E-04,.001
3.784893,-7.171668E-04,1.068123E-03,-6.66667E-04
3.785893,-1.152046E-03,6.866492E-04,-.002
3.786893,-2.029434E-03,5.188026E-04,-.001
3.787894,-1.533516E-03,4.196186E-04,-6.66667E-04
3.788895,-6.713904E-04,-2.746601E-04,6.66667E-04
3.789895,-1.579292E-03,-7.629432E-04,-.001
3.790895,-2.372757E-03,-1.983652E-04,-6.66667E-04
3.791896,-1.464851E-03,8.316077E-04,-.001
3.792897,-1.678474E-03,9.994581E-04,-6.66667E-04
3.793897,-3.753677E-03,-2.28883E-05,-6.66667E-04
3.794898,-5.615264E-03,-8.010902E-04,6.66667E-04
3.795898,-7.377654E-03,-6.790198E-04,-.001
3.796898,-9.269774E-03,-3.967304E-04,6.66667E-04
3.797899,-1.056677E-02,-9.460486E-04,-6.66667E-04
3.7989,-1.058203E-02,-6.408729E-04,-.002
3.7999,-9.773314E-03,-1.258858E-03,-6.66667E-04
3.8009,-8.995116E-03,-1.487739E-03,-.001
3.801901,-7.484466E-03,-1.045235E-03,2.33333E-03
3.802902,-4.814178E-03,-1.708992E-03,-.001
3.803902,-2.761856E-03,-1.197822E-03,-.001
3.804903,-1.693733E-03,-6.027259E-04,6.66667E-04
3.805903,-1.495369E-03,-5.188026E-04,-.001
3.806903,-1.373298E-03,-3.738422E-04,.001
3.807904,-1.434334E-03,-1.068123E-03,-.001
3.808905,-2.037063E-03,-1.022346E-03,.001
3.809905,-1.502998E-03,-5.264319E-04,-6.66667E-04
3.810905,-9.002723E-04,5.340599E-05,.001
3.811906,-1.144414E-04,4.119892E-04,6.66667E-04
3.812907,-1.525891E-05,3.967304E-04,-.001
3.813907,-5.416907E-04,-1.243599E-03,-2.33333E-03
3.814908,-1.3733E-04,-1.617439E-03,.001
3.815908,6.485023E-04,-1.747139E-03,-.001
3.816908,1.037605E-03,-1.274116E-03,.002
3.817909,7.324256E-04,-8.239783E-04,-6.66667E-04
3.81891,-6.790198E-04,-6.866492E-04,-.002
3.81991,-9.002723E-04,2.441425E-04,-.002
3.82091,-3.433246E-04,4.425067E-04,6.66667E-04
3.821911,-1.525891E-05,1.342781E-03,-.002
3.822912,4.348774E-04,1.213081E-03,-.001
3.823912,-8.392381E-05,1.007088E-03,6.66667E-04
3.824913,-1.426704E-03,6.332435E-04,.001
3.825913,-8.850135E-04,5.569495E-04,-.002
3.826913,-7.934608E-04,9.460486E-04,-.002
3.827914,-8.163489E-04,1.625068E-03,-2.33333E-03
3.828915,-3.585834E-04,1.335151E-03,-3.66667E-03
3.829915,-1.037605E-03,1.617439E-03,-6.66667E-04
3.830915,-1.365669E-03,9.460486E-04,6.66667E-04
3.831916,-8.468665E-04,3.12807E-04,.001
3.832916,-2.822895E-04,-2.746601E-04,-6.66667E-04
3.833917,-2.822895E-04,-4.577655E-04,-.001
3.834918,-6.408729E-04,-3.051781E-05,-.001
3.835918,-5.340599E-05,9.460486E-04,-.002
3.836918,2.059946E-04,7.705726E-04,-.002
3.837919,-2.059946E-04,-8.468665E-04,-6.66667E-04
3.83892,-5.950965E-04,-1.457222E-03,-6.66667E-04
3.83992,-6.713904E-04,-8.926429E-04,-2.33333E-03
3.84092,2.365122E-04,4.577655E-04,6.66667E-04
3.841921,2.517719E-04,1.274116E-03,-.001
3.842921,-1.525888E-04,7.705726E-04,6.66667E-04
3.843922,-1.426704E-03,-1.220712E-04,.001
3.844923,-1.075752E-03,-9.918259E-05,6.66667E-04
3.845923,-4.501361E-04,-6.408729E-04,-.002
3.846923,-6.103553E-04,-8.621253E-04,-6.66667E-04
3.847924,-6.256141E-04,-4.043598E-04,-3.66667E-03
3.848925,6.332435E-04,7.78202E-04,-.002
3.849925,9.918287E-04,7.324256E-04,-.001
3.850925,5.111732E-04,5.035438E-04,6.66667E-04
3.851926,-2.822895E-04,1.037605E-03,-.001
3.852926,-2.746601E-04,9.155311E-04,.001
3.853927,-1.602182E-04,1.373298E-03,-3.66667E-03
3.854928,4.043598E-04,2.20491E-03,.002
3.855928,6.63761E-04,1.525886E-03,-6.66667E-04
3.856929,9.994581E-04,1.258858E-03,6.66667E-04
3.857929,6.63761E-04,-1.75477E-04,6.66667E-04
3.85893,4.88285E-04,-5.874671E-04,-.002
3.85993,1.10627E-03,-8.239783E-04,-6.66667E-04
3.86093,1.449594E-04,-9.918287E-04,6.66667E-04
3.861931,9.918259E-05,-5.950965E-04,.001
3.862931,5.722083E-04,2.822895E-04,-.001
3.863932,6.408729E-04,2.594013E-04,-6.66667E-04
3.864933,-6.179847E-04,7.629453E-06,-.002
3.865933,-5.874671E-04,7.324256E-04,.002
3.866934,-4.501361E-04,7.629432E-04,6.66667E-04
3.867934,-1.678476E-04,1.121528E-03,6.66667E-04
3.868935,2.059946E-04,1.434334E-03,-6.66667E-04
3.869935,3.662128E-04,6.256141E-04,-.002
3.870935,-7.934608E-04,1.449594E-04,-6.66667E-04
3.871936,-6.408729E-04,1.525888E-04,.001
3.872936,-4.653949E-04,-6.866502E-05,-6.66667E-04
3.873937,-3.204364E-04,-3.204364E-04,-.001
3.874938,-3.967304E-04,2.212534E-04,-6.66667E-04
3.875938,-1.235969E-03,-2.13624E-04,-.001
3.876939,-1.205452E-03,6.63761E-04,.001
3.877939,-7.247962E-04,5.874671E-04,-.002
3.87894,-1.037605E-03,3.50954E-04,6.66667E-04
3.87994,-1.365669E-03,1.907358E-04,-6.66667E-04
3.88094,-1.235969E-03,1.983652E-04,6.66667E-04
3.881941,-1.220711E-03,1.365669E-03,-.001
3.882941,-1.091011E-03,1.258858E-03,.001
3.883942,-6.866502E-05,1.129158E-03,-.001
3.884943,8.773841E-04,-9.15532E-05,-6.66667E-04
3.885943,4.730243E-04,-4.501361E-04,.001
3.886944,-3.12807E-04,1.449594E-04,.001
3.887944,-7.40055E-04,1.274116E-03,-.001
3.888945,-3.89101E-04,9.689368E-04,-.001
3.889945,7.78202E-04,3.967304E-04,-3.66667E-03
3.890945,2.159134E-03,1.525891E-05,-6.66667E-04
3.891946,1.35041E-03,3.433246E-04,6.66667E-04
3.892946,1.380928E-03,4.653949E-04,.001
3.893947,1.35041E-03,1.297006E-04,-.002
3.894948,1.144417E-03,-3.12807E-04,-6.66667E-04
3.895948,1.525888E-04,-1.426704E-03,-.002
3.896949,9.918259E-05,-1.312263E-03,-.002
3.897949,4.119892E-04,-1.068123E-03,-.002
3.89895,1.174934E-03,-6.63761E-04,2.33333E-03
3.89995,1.213081E-03,-2.13624E-04,-6.66667E-04
3.90095,1.831064E-04,5.416907E-04,.001
3.901951,1.3733E-04,1.75477E-04,-.001
3.902952,-1.06812E-04,-1.907358E-04,-6.66667E-04
3.903952,-1.525888E-04,-6.866502E-05,-6.66667E-04
3.904953,-4.577655E-04,3.204364E-04,.001
3.905953,-6.561317E-04,3.585834E-04,-6.66667E-04
3.906954,4.425067E-04,-2.13624E-04,-.001
3.907954,1.10627E-03,-1.602182E-04,6.66667E-04
3.908955,8.850135E-04,-3.738422E-04,-6.66667E-04
3.909955,2.052322E-03,2.059946E-04,-.001
3.910955,1.724251E-03,5.569495E-04,6.66667E-04
3.911956,7.629432E-04,2.212534E-04,.001
3.912957,-3.204364E-04,7.095374E-04,-6.66667E-04
3.913957,-5.188026E-04,5.798377E-04,-.004
3.914958,4.425067E-04,-1.220712E-04,-2.33333E-03
3.915958,3.89101E-04,-9.002723E-04,6.66667E-04
3.916959,4.57766E-05,-7.553138E-04,-2.33333E-03
3.917959,-7.095374E-04,-6.408729E-04,-.001
3.91896,-6.790198E-04,-1.007088E-03,-6.66667E-04
3.91996,-8.392371E-04,-8.010902E-04,-.001
3.92096,-5.188026E-04,-1.327522E-03,-6.66667E-04
3.921961,-8.239783E-04,-1.197822E-03,.001
3.922962,-4.043598E-04,-1.159675E-03,-6.66667E-04
3.923962,-2.517719E-04,-1.815803E-03,-.001
3.924963,-7.095374E-04,-1.548775E-03,-.001
3.925963,-5.340599E-05,-1.113899E-03,-6.66667E-04
3.926964,-7.629453E-06,-1.625068E-03,-6.66667E-04
3.927964,5.798377E-04,-1.304634E-03,.001
3.928965,1.35041E-03,-8.468665E-04,-.001
3.929965,1.304634E-03,-9.307899E-04,-.001
3.930965,5.188026E-04,-5.188026E-04,-.001
3.931966,5.798377E-04,3.814721E-05,-.002
3.932967,4.57766E-05,-4.959144E-04,.001
3.933967,-3.356952E-04,-2.288828E-04,-.001
3.934968,-9.002723E-04,-6.790198E-04,6.66667E-04
3.935968,-1.022346E-03,2.212534E-04,-.001
3.936969,-4.501361E-04,4.425067E-04,-.001
3.937969,5.874671E-04,2.059946E-04,-6.66667E-04
3.93897,4.501361E-04,4.348774E-04,-.002
3.93997,7.324256E-04,2.975482E-04,-.001
3.94097,1.930244E-03,-2.975482E-04,.001
3.941971,1.60981E-03,-6.713904E-04,.001
3.942972,9.7657E-04,2.365122E-04,-.001
3.943972,1.319893E-03,1.266487E-03,-.001
3.944973,1.129158E-03,9.384193E-04,.001
3.945973,1.533516E-03,6.332435E-04,-.001
3.946974,2.136245E-03,-3.662128E-04,-.001
3.947974,1.35804E-03,-2.441425E-04,.001
3.948975,1.525888E-04,3.12807E-04,6.66667E-04
3.949975,3.585834E-04,1.205452E-03,-.002
3.950975,2.746601E-04,1.159675E-03,-.001
3.951976,3.662128E-04,-1.3733E-04,-.002
3.952977,7.858314E-04,-1.411445E-03,-6.66667E-04
3.953977,6.179847E-04,-9.307899E-04,6.66667E-04
3.954978,-5.188026E-04,6.790198E-04,-.001
3.955978,-7.01908E-04,1.48011E-03,.001
3.956979,-8.163489E-04,9.994581E-04,.002
3.957979,-4.196186E-04,3.12807E-04,-.001
3.95898,-3.814721E-05,-2.288828E-04,-.002
3.95998,3.585834E-04,-4.196186E-04,-.002
3.96098,3.50954E-04,-1.449594E-04,6.66667E-04
3.961981,2.13624E-04,2.212534E-04,6.66667E-04
3.962982,2.288828E-04,-2.28883E-05,.001
3.963982,-6.866492E-04,-4.348774E-04,-6.66667E-04
3.964983,-1.205452E-03,-2.594013E-04,-.001
3.965983,-8.239783E-04,-8.392371E-04,-.001
3.966984,4.196186E-04,-1.327522E-03,-.002
3.967984,4.959144E-04,-5.645789E-04,-.002
3.968985,1.266487E-03,-7.858314E-04,-6.66667E-04
3.969985,4.730243E-04,-1.335151E-03,-.001
3.970985,-1.525888E-04,-1.472481E-03,-.002
3.971986,1.266487E-03,-8.544959E-04,-6.66667E-04
3.972987,1.434334E-03,-1.152046E-03,-.001
3.973987,1.388557E-03,-8.316077E-04,6.66667E-04
3.974988,2.044693E-03,-4.806537E-04,-2.33333E-03
3.975988,1.541145E-03,-1.144414E-04,-6.66667E-04
3.976989,2.975482E-04,1.449594E-04,-6.66667E-04
3.977989,-6.713904E-04,9.307899E-04,-.002
3.97899,-7.40055E-04,8.163489E-04,-6.66667E-04
3.97999,-9.918287E-04,7.095374E-04,6.66667E-04
3.98099,-3.89101E-04,4.88285E-04,6.66667E-04
3.981991,1.525888E-04,2.746601E-04,-.001
3.982992,-9.15532E-05,-6.561317E-04,-.002
3.983992,-1.068123E-03,-1.060493E-03,-.002
3.984993,-7.324256E-04,-6.256141E-04,6.66667E-04
3.985993,-3.12807E-04,-1.640327E-03,6.66667E-04
3.986994,-4.88285E-04,-1.464851E-03,-.001
3.987994,-5.340599E-05,-4.577655E-04,6.66667E-04
3.988995,-1.525891E-05,-5.874671E-04,-.004
3.989995,-2.288828E-04,-1.831064E-04,-.002
3.990995,1.75477E-04,-1.525891E-05,-.002
3.991996,-7.171668E-04,6.332435E-04,-3.66667E-03
3.992997,-5.798377E-04,8.239783E-04,-.002
3.993997,-8.239783E-04,3.204364E-04,-6.66667E-04
3.994998,-1.808174E-03,-1.449594E-04,-3.66667E-03
3.995998,-1.487739E-03,-1.06812E-04,.001
3.996999,-6.408729E-04,1.525888E-04,.001
3.997999,-3.89101E-04,6.866492E-04,-.001
3.999,2.059946E-04,7.095374E-04,.001
4,1.373298E-03,7.934608E-04,-.002
