"c:\users\esrlabn1\desktop\bence\ir_spectroscopy\532nm_odmr\magnet_map_1_680nm\020.dat  ---  04-27-2026 12:52:05"
""
"cavityli 20 2 4 2000 1 0 0"
"                             ;                             ;seth_xesr_precise 326. 1 0 -2.5"
"setlockin 188.67 0.004 0 0.03 0.2"
4,2000
2,2.594013E-04,5.035438E-04,-.001
2.001,2.365122E-04,4.043598E-04,-.002
2.002001,2.13624E-04,3.356952E-04,-6.66667E-04
2.003001,-2.13624E-04,5.340613E-04,-.001
2.004002,-1.983652E-04,3.051781E-05,6.66667E-04
2.005002,-2.288828E-04,7.629453E-06,.002
2.006003,-1.525888E-04,2.594013E-04,-.002
2.007004,-3.204364E-04,1.525891E-05,-.001
2.008004,-3.738422E-04,-1.678476E-04,.001
2.009005,-1.449594E-04,7.629453E-06,-2.33333E-03
2.010005,-3.814721E-05,-2.059946E-04,-.002
2.011005,-2.517719E-04,-2.594013E-04,-.001
2.012006,-6.866492E-04,-3.204364E-04,-6.66667E-04
2.013006,-1.48011E-03,-1.75477E-04,-.002
2.014007,-2.670303E-03,-2.670307E-04,-.001
2.015007,-3.517166E-03,-2.899189E-04,.001
2.016008,-4.325897E-03,-5.035438E-04,-6.66667E-04
2.017009,-5.29483E-03,-5.569495E-04,.002
2.018009,-6.790191E-03,-7.40055E-04,-.002
2.01901,-8.728087E-03,-1.419075E-03,6.66667E-04
2.02001,-1.029211E-02,-1.152046E-03,-.001
2.02101,-1.130682E-02,-5.569495E-04,-6.66667E-04
2.022011,-1.223761E-02,-3.662128E-04,-2.33333E-03
2.023011,-1.233679E-02,-5.950965E-04,-6.66667E-04
2.024012,-1.161963E-02,-7.858314E-04,-.002
2.025012,-1.079565E-02,-1.014717E-03,.001
2.026013,-9.56732E-03,-1.029976E-03,-.001
2.027014,-8.224547E-03,-9.918287E-04,-.001
2.028014,-6.408721E-03,-6.103553E-04,-6.66667E-04
2.029015,-4.745513E-03,-3.738422E-04,6.66667E-04
2.030015,-3.08229E-03,-3.585834E-04,.001
2.031015,-2.449051E-03,2.059946E-04,2.33333E-03
2.032016,-2.166763E-03,-3.814721E-05,-.002
2.033016,-1.556404E-03,-1.06812E-04,-.002
2.034017,-1.335151E-03,6.103562E-05,-.002
2.035017,-1.152046E-03,-1.75477E-04,-6.66667E-04
2.036018,-1.052864E-03,-6.713904E-04,-.001
2.037019,-7.095374E-04,-4.501361E-04,.001
2.038019,-5.950965E-04,2.28883E-05,6.66667E-04
2.03902,-5.569495E-04,1.06812E-04,-.001
2.04002,-2.365122E-04,3.662128E-04,-6.66667E-04
2.04102,5.340599E-05,3.585834E-04,-.002
2.042021,-1.75477E-04,2.441425E-04,6.66667E-04
2.043021,-3.051776E-04,4.196186E-04,-.001
2.044022,-2.13624E-04,7.858314E-04,-6.66667E-04
2.045022,-1.220712E-04,7.171668E-04,-6.66667E-04
2.046023,2.899189E-04,3.585834E-04,-.002
2.047024,1.907358E-04,5.340599E-05,.002
2.048024,6.866502E-05,3.12807E-04,.001
2.049025,2.594013E-04,3.433246E-04,-2.33333E-03
2.050025,-1.602182E-04,1.144414E-04,-.001
2.051026,-5.035438E-04,-6.866502E-05,-6.66667E-04
2.052026,-2.594013E-04,-4.27248E-04,-.002
2.053026,-1.602182E-04,-1.907358E-04,-.001
2.054027,-5.645789E-04,-1.06812E-04,-2.33333E-03
2.055027,-3.967304E-04,1.525891E-05,-6.66667E-04
2.056028,-2.13624E-04,1.3733E-04,-6.66667E-04
2.057029,7.629453E-06,-1.831064E-04,2.33333E-03
2.058029,-7.629453E-06,2.822895E-04,-6.66667E-04
2.05903,-2.13624E-04,3.967304E-04,-.001
2.06003,-2.746601E-04,5.798377E-04,-3.66667E-03
2.061031,-1.983652E-04,8.316077E-04,-.001
2.062031,0,6.942786E-04,-.001
2.063031,3.50954E-04,2.28883E-05,-.001
2.064032,1.220712E-04,-2.212534E-04,-6.66667E-04
2.065032,-3.814716E-04,-3.814721E-05,-2.33333E-03
2.066033,-5.798377E-04,2.517719E-04,-.002
2.067034,-8.850135E-04,-1.06812E-04,.002
2.068034,-8.239783E-04,-2.28883E-05,-6.66667E-04
2.069035,-2.517719E-04,2.594013E-04,.001
2.070035,-5.340599E-05,2.822895E-04,.001
2.071036,-2.365122E-04,3.585834E-04,6.66667E-04
2.072036,-3.814716E-04,5.798377E-04,-.002
2.073036,-2.365122E-04,5.035438E-04,-3.66667E-03
2.074037,-1.75477E-04,9.15532E-05,-.001
2.075037,-6.103553E-04,-1.449594E-04,-6.66667E-04
2.076038,-3.738422E-04,-4.959144E-04,-6.66667E-04
2.077039,-2.13624E-04,-2.059946E-04,-.001
2.078039,-1.602182E-04,-5.340599E-05,-6.66667E-04
2.07904,-3.356952E-04,1.3733E-04,-6.66667E-04
2.08004,-4.959144E-04,2.059946E-04,-6.66667E-04
2.081041,-1.113899E-03,1.297006E-04,.001
2.082041,-7.858314E-04,9.918259E-05,-6.66667E-04
2.083041,-5.493201E-04,1.449594E-04,-.002
2.084042,-5.340613E-04,4.043598E-04,-6.66667E-04
2.085042,-7.095374E-04,-7.629453E-06,-.002
2.086043,-6.027259E-04,-4.27248E-04,6.66667E-04
2.087044,-3.280658E-04,-4.348774E-04,.001
2.088044,4.57766E-05,-1.06812E-04,.002
2.089045,2.670307E-04,1.831064E-04,-.001
2.090045,3.051781E-05,2.517719E-04,-.001
2.091046,-2.517719E-04,6.713904E-04,-6.66667E-04
2.092046,-5.416907E-04,5.188026E-04,-.002
2.093046,-4.730243E-04,4.57766E-05,6.66667E-04
2.094047,-1.3733E-04,-3.50954E-04,-6.66667E-04
2.095047,-2.28883E-05,5.340599E-05,6.66667E-04
2.096048,3.280658E-04,3.738422E-04,-2.33333E-03
2.097049,4.653949E-04,3.12807E-04,-.001
2.098049,4.196186E-04,5.798377E-04,-6.66667E-04
2.09905,4.196186E-04,4.196186E-04,6.66667E-04
2.10005,3.585834E-04,3.967304E-04,-.002
2.101051,5.798377E-04,6.103553E-04,-.002
2.102051,4.806537E-04,5.340613E-04,-.002
2.103051,6.103562E-05,3.662128E-04,.001
2.104052,1.525891E-05,6.866502E-05,-.002
2.105052,6.103562E-05,-2.13624E-04,-6.66667E-04
2.106053,2.059946E-04,-6.63761E-04,-6.66667E-04
2.107054,3.585834E-04,-5.874671E-04,-.001
2.108054,-3.204364E-04,-3.433246E-04,6.66667E-04
2.109055,-5.340613E-04,-2.288828E-04,6.66667E-04
2.110055,-8.697547E-04,-5.340599E-05,.001
2.111056,-1.022346E-03,-6.103562E-05,-.001
2.112056,-8.239783E-04,-9.15532E-05,-2.33333E-03
2.113056,-3.204364E-04,-9.15532E-05,-6.66667E-04
2.114057,2.594013E-04,2.288828E-04,-.002
2.115057,2.594013E-04,2.899189E-04,-.001
2.116058,-7.629453E-06,9.918259E-05,-6.66667E-04
2.117059,2.28883E-05,-3.356952E-04,-.002
2.118059,-1.220712E-04,-2.670307E-04,-.001
2.11906,-2.975482E-04,-1.220712E-04,-.002
2.12006,-5.264319E-04,4.57766E-05,-6.66667E-04
2.121061,-3.967304E-04,2.517719E-04,-6.66667E-04
2.122061,-6.408729E-04,-5.340599E-05,-.002
2.123062,-4.806537E-04,-3.204364E-04,-.002
2.124062,-3.12807E-04,-1.525888E-04,.001
2.125062,-3.89101E-04,-6.103562E-05,-6.66667E-04
2.126063,-1.831064E-04,6.866502E-05,-3.66667E-03
2.127064,-1.525888E-04,0,-6.66667E-04
2.128064,-1.297006E-04,6.866502E-05,-.002
2.129065,-1.3733E-04,4.196186E-04,6.66667E-04
2.130065,-4.196186E-04,3.433246E-04,-6.66667E-04
2.131066,-2.059946E-04,3.967304E-04,-.002
2.132066,-2.13624E-04,1.525888E-04,.001
2.133067,-6.103562E-05,3.585834E-04,-6.66667E-04
2.134067,-2.441425E-04,1.831064E-04,-6.66667E-04
2.135067,1.525888E-04,5.340599E-05,-.002
2.136068,1.525888E-04,1.907358E-04,6.66667E-04
2.137069,-6.866502E-05,1.525888E-04,6.66667E-04
2.138069,-6.103562E-05,3.12807E-04,6.66667E-04
2.13907,1.907358E-04,4.196186E-04,-6.66667E-04
2.14007,2.28883E-05,5.340613E-04,-.002
2.141071,-2.975482E-04,5.264319E-04,-.001
2.142071,-2.746601E-04,3.280658E-04,-6.66667E-04
2.143072,-1.602182E-04,3.280658E-04,6.66667E-04
2.144072,4.57766E-05,1.3733E-04,.002
2.145072,6.103562E-05,-1.831064E-04,-.001
2.146073,-3.662128E-04,-1.678476E-04,-.001
2.147074,-6.713904E-04,6.866502E-05,.001
2.148074,-3.89101E-04,-3.051781E-05,.001
2.149075,-9.15532E-05,-1.297006E-04,-.001
2.150075,-6.103562E-05,1.220712E-04,.001
2.151076,-1.06812E-04,-2.365122E-04,-.001
2.152076,4.57766E-05,-4.348774E-04,6.66667E-04
2.153077,-1.831064E-04,-4.27248E-04,-.001
2.154077,7.629441E-05,-3.204364E-04,-.002
2.155077,3.585834E-04,2.059946E-04,-5.33333E-03
2.156078,5.340599E-05,3.12807E-04,2.33333E-03
2.157079,7.629453E-06,2.28883E-05,-.001
2.158079,2.822895E-04,-1.449594E-04,-.002
2.15908,-1.831064E-04,7.629441E-05,.001
2.16008,-2.517719E-04,7.629441E-05,-.001
2.161081,-2.28883E-05,1.907358E-04,-6.66667E-04
2.162081,2.899189E-04,1.525888E-04,-.001
2.163082,2.212534E-04,2.288828E-04,.002
2.164082,3.433246E-04,2.975482E-04,-6.66667E-04
2.165082,4.57766E-05,4.27248E-04,-.002
2.166083,-7.629453E-06,3.204364E-04,2.33333E-03
2.167084,7.629453E-06,3.051781E-05,6.66667E-04
2.168084,-6.866502E-05,-4.730243E-04,6.66667E-04
2.169085,-1.220712E-04,-4.653949E-04,-2.33333E-03
2.170085,-4.196186E-04,-1.220712E-04,2.33333E-03
2.171086,-4.27248E-04,4.57766E-05,-6.66667E-04
2.172086,-2.746601E-04,-3.051776E-04,-6.66667E-04
2.173087,-1.3733E-04,-3.204364E-04,-.002
2.174087,2.28883E-05,-2.365122E-04,6.66667E-04
2.175087,-1.525891E-05,-9.918259E-05,6.66667E-04
2.176088,7.629453E-06,-2.670307E-04,-6.66667E-04
2.177088,7.629453E-06,1.525888E-04,-.001
2.178089,-9.918259E-05,3.814716E-04,-6.66667E-04
2.17909,-7.629453E-06,4.959144E-04,-.001
2.18009,1.907358E-04,3.433246E-04,-6.66667E-04
2.181091,3.051776E-04,2.13624E-04,-6.66667E-04
2.182091,-1.831064E-04,9.918259E-05,-6.66667E-04
2.183092,-1.3733E-04,3.814721E-05,-.001
2.184092,-2.441425E-04,1.525891E-05,-.002
2.185092,-6.63761E-04,-3.967304E-04,.001
2.186093,-6.027259E-04,-9.7657E-04,-6.66667E-04
2.187093,-3.12807E-04,-7.171668E-04,-.001
2.188094,7.629453E-06,-1.144414E-04,-6.66667E-04
2.189095,-6.866502E-05,4.043598E-04,.001
2.190095,4.57766E-05,2.670307E-04,-.001
2.191096,0,5.340613E-04,.001
2.192096,1.06812E-04,3.662128E-04,-.001
2.193097,-6.103562E-05,3.204364E-04,-6.66667E-04
2.194097,4.57766E-05,-3.051781E-05,-3.66667E-03
2.195097,1.3733E-04,1.525888E-04,-6.66667E-04
2.196098,3.356952E-04,7.629453E-06,-.002
2.197098,5.340613E-04,-6.103562E-05,-3.66667E-03
2.198099,5.111732E-04,-1.06812E-04,-.001
2.1991,7.629453E-06,-2.746601E-04,-3.66667E-03
2.2001,0,-1.06812E-04,-6.66667E-04
2.201101,-7.629441E-05,-1.831064E-04,.002
2.202101,3.814721E-05,-2.13624E-04,-.001
2.203102,3.50954E-04,5.340599E-05,-.001
2.204102,2.13624E-04,3.051776E-04,-.001
2.205102,-6.103562E-05,2.594013E-04,.001
2.206103,-1.449594E-04,2.594013E-04,-.001
2.207103,-9.15532E-05,9.918259E-05,-.002
2.208104,-2.517719E-04,1.678476E-04,6.66667E-04
2.209105,-5.035438E-04,9.918259E-05,-.002
2.210105,-5.722083E-04,2.059946E-04,.001
2.211106,-4.348774E-04,-2.13624E-04,-6.66667E-04
2.212106,-5.722083E-04,3.051781E-05,-6.66667E-04
2.213107,-4.119892E-04,2.365122E-04,.002
2.214107,-6.027259E-04,5.798377E-04,6.66667E-04
2.215107,-1.907358E-04,3.967304E-04,6.66667E-04
2.216108,6.866502E-05,-1.3733E-04,.002
2.217108,3.280658E-04,-3.204364E-04,-.001
2.218109,2.670307E-04,-1.06812E-04,-.001
2.21911,4.348774E-04,-1.06812E-04,-2.33333E-03
2.22011,1.831064E-04,-1.602182E-04,-6.66667E-04
2.221111,3.585834E-04,-3.433246E-04,.001
2.222111,3.967304E-04,-7.01908E-04,-.001
2.223112,8.392371E-04,-5.569495E-04,-3.66667E-03
2.224112,9.841993E-04,-4.806537E-04,-.002
2.225112,2.365122E-04,-1.907358E-04,-6.66667E-04
2.226113,2.594013E-04,-2.059946E-04,6.66667E-04
2.227113,4.501361E-04,-1.983652E-04,-.002
2.228114,4.119892E-04,-3.356952E-04,-3.66667E-03
2.229115,2.822895E-04,-1.831064E-04,-6.66667E-04
2.230115,4.57766E-05,9.918259E-05,-.002
2.231116,-1.525888E-04,9.15532E-05,-6.66667E-04
2.232116,-2.670307E-04,5.340599E-05,6.66667E-04
2.233117,-2.212534E-04,2.594013E-04,-6.66667E-04
2.234117,-6.103562E-05,4.348774E-04,-.002
2.235118,-2.670307E-04,6.027259E-04,-.002
2.236118,-1.678476E-04,7.629432E-04,-.002
2.237118,-3.50954E-04,5.645789E-04,-6.66667E-04
2.238119,-1.602182E-04,2.059946E-04,-.002
2.23912,-3.433246E-04,-7.629441E-05,6.66667E-04
2.24012,8.392381E-05,3.051781E-05,-.002
2.241121,1.602182E-04,-3.356952E-04,-.001
2.242121,8.392381E-05,-6.866502E-05,6.66667E-04
2.243122,-9.15532E-05,2.059946E-04,.002
2.244122,1.525891E-05,3.12807E-04,-.001
2.245123,6.103562E-05,2.212534E-04,.002
2.246123,9.918259E-05,3.814716E-04,-.002
2.247123,4.043598E-04,3.12807E-04,-6.66667E-04
2.248124,4.577655E-04,3.585834E-04,-.001
2.249125,1.678476E-04,3.50954E-04,-.002
2.250125,-1.144414E-04,6.027259E-04,-.001
2.251126,1.06812E-04,5.493201E-04,-2.33333E-03
2.252126,4.043598E-04,5.722083E-04,-.001
2.253127,5.188026E-04,4.806537E-04,.001
2.254127,-7.629453E-06,2.594013E-04,-6.66667E-04
2.255128,-5.340599E-05,2.517719E-04,.001
2.256128,3.585834E-04,4.88285E-04,-.001
2.257128,3.814716E-04,2.899189E-04,-.001
2.258129,2.899189E-04,-7.629453E-06,.001
2.25913,-3.280658E-04,7.629453E-06,-.002
2.26013,-5.874671E-04,2.365122E-04,-.001
2.261131,-8.544959E-04,5.874671E-04,-.002
2.262131,-7.934608E-04,8.392371E-04,.001
2.263132,-5.950965E-04,7.40055E-04,-6.66667E-04
2.264132,-5.874671E-04,4.653949E-04,.001
2.265133,-7.934608E-04,4.57766E-05,-.001
2.266133,-5.340613E-04,-2.670307E-04,-.001
2.267133,-2.517719E-04,-1.3733E-04,.001
2.268134,-3.50954E-04,-3.662128E-04,-2.33333E-03
2.269135,-1.983652E-04,-4.88285E-04,-6.66667E-04
2.270135,2.441425E-04,-3.814721E-05,.001
2.271136,5.188026E-04,3.12807E-04,.001
2.272136,-2.28883E-05,3.12807E-04,-6.66667E-04
2.273137,1.220712E-04,4.57766E-05,-.001
2.274137,-1.449594E-04,1.06812E-04,-.002
2.275138,-2.212534E-04,-2.975482E-04,-2.33333E-03
2.276138,-1.06812E-04,-1.144414E-04,-.002
2.277139,-1.602182E-04,1.449594E-04,6.66667E-04
2.278139,4.57766E-05,-3.814721E-05,6.66667E-04
2.27914,4.730243E-04,-6.866502E-05,-.001
2.28014,1.907358E-04,6.866502E-05,-.002
2.281141,-1.525891E-05,7.629453E-06,.001
2.282141,-1.983652E-04,4.57766E-05,-.001
2.283142,-3.50954E-04,-1.525891E-05,-6.66667E-04
2.284142,-3.051776E-04,-1.678476E-04,-6.66667E-04
2.285143,-3.738422E-04,-1.602182E-04,-.002
2.286143,-1.983652E-04,-7.629441E-05,-.001
2.287144,-6.866502E-05,-1.602182E-04,-6.66667E-04
2.288144,-1.525888E-04,1.75477E-04,-.002
2.289145,-1.3733E-04,3.50954E-04,-6.66667E-04
2.290145,2.28883E-05,4.501361E-04,-.001
2.291146,1.602182E-04,-1.220712E-04,-.002
2.292146,2.288828E-04,-1.75477E-04,-.001
2.293147,1.907358E-04,-2.899189E-04,-.001
2.294147,-2.441425E-04,-2.746601E-04,.002
2.295148,-7.629441E-05,-2.288828E-04,-.001
2.296148,-3.738422E-04,2.28883E-05,-.002
2.297149,-2.365122E-04,3.356952E-04,-.002
2.298149,-2.975482E-04,3.280658E-04,-.001
2.29915,-1.525891E-05,3.662128E-04,-.001
2.30015,-6.866502E-05,6.332435E-04,-6.66667E-04
2.301151,-1.220712E-04,4.959144E-04,.001
2.302151,-4.57766E-05,-2.28883E-05,-.001
2.303152,1.525891E-05,-5.340599E-05,-.001
2.304152,-1.06812E-04,-7.934608E-04,-6.66667E-04
2.305153,-9.15532E-05,-1.220711E-03,-.001
2.306153,-3.738422E-04,-6.866492E-04,-2.33333E-03
2.307154,-1.602182E-04,-6.332435E-04,-3.66667E-03
2.308154,-2.059946E-04,-3.204364E-04,-6.66667E-04
2.309155,-3.814716E-04,1.907358E-04,6.66667E-04
2.310155,-4.348774E-04,5.645789E-04,6.66667E-04
2.311156,-4.806537E-04,7.01908E-04,6.66667E-04
2.312156,-5.569495E-04,7.934608E-04,6.66667E-04
2.313157,-4.043598E-04,4.88285E-04,-.001
2.314157,-1.75477E-04,2.594013E-04,-3.66667E-03
2.315158,-1.06812E-04,2.365122E-04,-6.66667E-04
2.316158,-1.525891E-05,3.585834E-04,-.001
2.317159,-6.866502E-05,3.662128E-04,-3.66667E-03
2.318159,-1.75477E-04,4.043598E-04,.001
2.31916,4.57766E-05,5.188026E-04,-.001
2.32016,4.501361E-04,3.12807E-04,-.002
2.321161,-3.814721E-05,1.831064E-04,-.001
2.322161,-8.392381E-05,-7.629441E-05,6.66667E-04
2.323162,1.220712E-04,-1.144414E-04,-.001
2.324162,3.204364E-04,-2.13624E-04,-6.66667E-04
2.325163,2.288828E-04,9.918259E-05,-6.66667E-04
2.326163,1.525891E-05,9.918259E-05,-.002
2.327164,1.525888E-04,-6.103562E-05,-6.66667E-04
2.328164,0,9.918259E-05,-.001
2.329165,-1.144414E-04,1.144414E-04,.001
2.330165,1.297006E-04,1.602182E-04,-6.66667E-04
2.331166,1.831064E-04,3.12807E-04,.001
2.332166,-2.822895E-04,1.525888E-04,6.66667E-04
2.333167,-5.416907E-04,-2.670307E-04,-.002
2.334167,-1.525888E-04,-2.899189E-04,-.001
2.335168,-1.75477E-04,0,-2.33333E-03
2.336168,-6.866502E-05,3.814721E-05,6.66667E-04
2.337169,4.653949E-04,-1.144414E-04,6.66667E-04
2.338169,1.449594E-04,-3.50954E-04,.001
2.33917,1.297006E-04,-3.814716E-04,-2.33333E-03
2.34017,2.822895E-04,-3.204364E-04,-.001
2.341171,-7.629453E-06,-2.441425E-04,-.001
2.342171,-3.967304E-04,2.822895E-04,.001
2.343172,-4.730243E-04,9.918259E-05,-6.66667E-04
2.344172,-3.051776E-04,9.918259E-05,.001
2.345173,7.629441E-05,3.051781E-05,6.66667E-04
2.346173,4.806537E-04,-2.28883E-05,6.66667E-04
2.347174,7.324256E-04,-9.15532E-05,.001
2.348174,3.967304E-04,2.441425E-04,-.001
2.349174,3.051781E-05,-2.441425E-04,-6.66667E-04
2.350175,-9.15532E-05,4.57766E-05,-6.66667E-04
2.351176,-2.13624E-04,2.441425E-04,.001
2.352176,-4.196186E-04,-9.918259E-05,.001
2.353177,-3.662128E-04,-7.629453E-06,-.001
2.354177,-7.629453E-06,-1.525891E-05,-.001
2.355178,4.57766E-05,-2.212534E-04,-.001
2.356178,-1.75477E-04,-2.28883E-05,-.002
2.357179,-3.662128E-04,3.356952E-04,-.001
2.358179,-4.27248E-04,5.798377E-04,-6.66667E-04
2.359179,1.525888E-04,5.722083E-04,-.001
2.36018,1.907358E-04,3.051776E-04,6.66667E-04
2.361181,-1.525891E-05,1.220712E-04,-6.66667E-04
2.362181,4.57766E-05,3.814721E-05,-6.66667E-04
2.363182,-7.629453E-06,-1.525891E-05,6.66667E-04
2.364182,-4.119892E-04,3.051781E-05,.001
2.365183,-8.392371E-04,-3.280658E-04,-2.33333E-03
2.366183,-5.722083E-04,-1.06812E-04,-6.66667E-04
2.367184,-3.738422E-04,-7.629441E-05,6.66667E-04
2.368184,-2.059946E-04,-3.204364E-04,6.66667E-04
2.369184,1.678476E-04,-6.408729E-04,-.002
2.370185,5.264319E-04,-2.13624E-04,.001
2.371186,5.493201E-04,-4.57766E-05,-.001
2.372186,5.569495E-04,1.06812E-04,.001
2.373187,4.119892E-04,1.3733E-04,-3.66667E-03
2.374187,2.517719E-04,-1.297006E-04,.001
2.375188,2.899189E-04,3.051781E-05,6.66667E-04
2.376188,2.975482E-04,6.103562E-05,-6.66667E-04
2.377189,-5.340599E-05,9.15532E-05,-6.66667E-04
2.378189,1.525888E-04,-2.822895E-04,-2.33333E-03
2.379189,-3.051781E-05,-9.15532E-05,-6.66667E-04
2.38019,-1.678476E-04,-1.831064E-04,-6.66667E-04
2.381191,-2.365122E-04,-2.517719E-04,-6.66667E-04
2.382191,-6.103562E-05,-2.746601E-04,-3.66667E-03
2.383192,1.06812E-04,-3.967304E-04,-.001
2.384192,2.059946E-04,-5.340613E-04,-6.66667E-04
2.385193,8.392381E-05,-8.392381E-05,-.001
2.386193,-2.594013E-04,-8.392381E-05,-6.66667E-04
2.387194,-5.874671E-04,1.297006E-04,6.66667E-04
2.388194,-6.561317E-04,4.57766E-05,-.002
2.389194,-6.790198E-04,-3.280658E-04,.001
2.390195,-7.40055E-04,-3.12807E-04,-6.66667E-04
2.391196,-6.790198E-04,-3.89101E-04,-6.66667E-04
2.392196,-2.13624E-04,-1.144414E-04,.001
2.393197,-2.975482E-04,3.12807E-04,.001
2.394197,-2.899189E-04,2.975482E-04,.002
2.395198,-2.13624E-04,2.670307E-04,.001
2.396198,-2.365122E-04,-5.340599E-05,-.002
2.397199,-3.738422E-04,-1.220712E-04,-6.66667E-04
2.398199,-2.212534E-04,-1.06812E-04,-6.66667E-04
2.399199,-3.356952E-04,-6.866502E-05,-6.66667E-04
2.4002,-2.670307E-04,-3.738422E-04,-.002
2.401201,-1.297006E-04,-4.57766E-05,-.001
2.402201,-8.392381E-05,2.517719E-04,-.001
2.403202,-1.983652E-04,6.103562E-05,-.002
2.404202,-5.340599E-05,-1.3733E-04,-6.66667E-04
2.405203,3.051781E-05,-9.15532E-05,6.66667E-04
2.406203,3.12807E-04,-4.348774E-04,-.001
2.407204,5.340613E-04,-5.340613E-04,6.66667E-04
2.408204,4.425067E-04,-2.288828E-04,-2.33333E-03
2.409204,4.806537E-04,-3.814716E-04,-.002
2.410205,2.746601E-04,0,6.66667E-04
2.411206,1.983652E-04,1.220712E-04,6.66667E-04
2.412206,2.441425E-04,4.119892E-04,-6.66667E-04
2.413207,2.517719E-04,3.12807E-04,-6.66667E-04
2.414207,1.983652E-04,2.212534E-04,-6.66667E-04
2.415208,9.15532E-05,2.365122E-04,-6.66667E-04
2.416208,-2.594013E-04,2.899189E-04,2.33333E-03
2.417209,-5.569495E-04,9.918259E-05,6.66667E-04
2.418209,-2.365122E-04,-5.340599E-05,.001
2.41921,-1.297006E-04,-2.517719E-04,-.002
2.42021,-1.144414E-04,0,6.66667E-04
2.421211,-5.340599E-05,1.602182E-04,.001
2.422211,1.525891E-05,6.103562E-05,.001
2.423212,1.220712E-04,-1.602182E-04,-.001
2.424212,2.975482E-04,-2.059946E-04,-.001
2.425213,-2.28883E-05,-1.602182E-04,-.001
2.426213,-5.874671E-04,2.746601E-04,-.002
2.427214,-7.934608E-04,2.441425E-04,6.66667E-04
2.428214,-4.806537E-04,-2.212534E-04,-6.66667E-04
2.429215,-4.196186E-04,-1.602182E-04,-2.33333E-03
2.430215,-2.746601E-04,6.866502E-05,-6.66667E-04
2.431216,-4.119892E-04,-2.975482E-04,-.001
2.432216,-4.959144E-04,-3.814721E-05,6.66667E-04
2.433217,-2.13624E-04,-1.3733E-04,.002
2.434217,-1.3733E-04,-3.280658E-04,-6.66667E-04
2.435218,7.629453E-06,-9.15532E-05,-.002
2.436218,-1.75477E-04,2.13624E-04,-.001
2.437219,3.051776E-04,-1.144414E-04,-6.66667E-04
2.438219,4.119892E-04,-1.907358E-04,-.001
2.43922,3.89101E-04,-4.88285E-04,6.66667E-04
2.44022,-1.602182E-04,-2.13624E-04,-6.66667E-04
2.441221,-3.814716E-04,1.75477E-04,-.001
2.442221,-6.332435E-04,-5.340599E-05,6.66667E-04
2.443222,-5.722083E-04,-4.27248E-04,-.002
2.444222,-6.408729E-04,-5.111732E-04,-.001
2.445223,-5.340613E-04,-1.525891E-05,-6.66667E-04
2.446223,-4.653949E-04,2.441425E-04,-.001
2.447224,-1.678476E-04,3.585834E-04,.001
2.448224,-1.525891E-05,3.662128E-04,.001
2.449225,1.3733E-04,1.220712E-04,.001
2.450225,3.967304E-04,-1.3733E-04,6.66667E-04
2.451226,4.577655E-04,1.525888E-04,-6.66667E-04
2.452226,2.670307E-04,0,-.002
2.453227,-4.425067E-04,0,.001
2.454227,-3.433246E-04,1.220712E-04,-.001
2.455228,-3.662128E-04,6.866502E-05,-.004
2.456228,-3.051781E-05,-6.866502E-05,6.66667E-04
2.457229,2.441425E-04,7.629441E-05,6.66667E-04
2.458229,2.288828E-04,4.043598E-04,6.66667E-04
2.45923,3.738422E-04,6.103553E-04,-6.66667E-04
2.46023,1.3733E-04,1.525888E-04,-.002
2.461231,-3.814716E-04,-3.50954E-04,-6.66667E-04
2.462231,-5.340613E-04,-2.365122E-04,-6.66667E-04
2.463232,-7.553138E-04,-3.051781E-05,6.66667E-04
2.464232,-1.014717E-03,-3.662128E-04,.001
2.465233,-7.095374E-04,-3.89101E-04,-.002
2.466233,-4.196186E-04,-2.746601E-04,6.66667E-04
2.467234,-4.806537E-04,-1.907358E-04,-6.66667E-04
2.468234,-1.983652E-04,2.28883E-05,-.001
2.469235,1.525891E-05,0,-.002
2.470235,-5.493201E-04,5.340599E-05,-2.33333E-03
2.471236,-6.866492E-04,6.866502E-05,-.001
2.472236,-2.13624E-04,1.525891E-05,.002
2.473237,1.525888E-04,2.13624E-04,-3.66667E-03
2.474237,-7.629441E-05,1.678476E-04,-2.33333E-03
2.475238,-3.738422E-04,-2.822895E-04,-2.33333E-03
2.476238,-9.15532E-05,-3.967304E-04,6.66667E-04
2.477239,9.918259E-05,-3.433246E-04,-.001
2.478239,-1.06812E-04,-3.967304E-04,6.66667E-04
2.47924,-1.06812E-04,-4.27248E-04,-.002
2.48024,-2.746601E-04,-1.983652E-04,-.002
2.481241,-4.196186E-04,1.449594E-04,6.66667E-04
2.482241,-1.449594E-04,1.75477E-04,-.001
2.483242,3.814721E-05,3.356952E-04,.001
2.484242,2.28883E-05,-2.441425E-04,-.001
2.485243,0,-2.441425E-04,6.66667E-04
2.486243,3.662128E-04,-1.983652E-04,-6.66667E-04
2.487244,4.959144E-04,-1.831064E-04,-2.33333E-03
2.488244,1.3733E-04,-5.874671E-04,-6.66667E-04
2.489245,7.629453E-06,-2.059946E-04,.001
2.490245,-3.738422E-04,-1.907358E-04,-6.66667E-04
2.491246,-1.525888E-04,1.602182E-04,.001
2.492246,-2.746601E-04,3.280658E-04,-6.66667E-04
2.493247,-3.051776E-04,0,-.002
2.494247,-2.212534E-04,-5.340599E-05,6.66667E-04
2.495248,-7.629441E-05,2.212534E-04,-.002
2.496248,-1.602182E-04,5.493201E-04,-.002
2.497249,-2.670307E-04,4.653949E-04,-.002
2.498249,-4.57766E-05,6.485023E-04,.002
2.49925,3.433246E-04,6.332435E-04,-.001
2.50025,3.204364E-04,7.095374E-04,-3.66667E-03
2.501251,6.866502E-05,3.814716E-04,-6.66667E-04
2.502251,-1.907358E-04,1.144414E-04,6.66667E-04
2.503252,-3.585834E-04,2.13624E-04,.002
2.504252,-1.602182E-04,7.629453E-06,-6.66667E-04
2.505253,-8.392381E-05,7.629441E-05,-6.66667E-04
2.506253,-3.051781E-05,4.27248E-04,.001
2.507254,6.866502E-05,2.594013E-04,.002
2.508254,4.57766E-05,2.670307E-04,6.66667E-04
2.509255,-2.365122E-04,2.517719E-04,-3.66667E-03
2.510255,-6.103562E-05,2.517719E-04,-6.66667E-04
2.511256,4.57766E-05,-8.392381E-05,.001
2.512256,-3.662128E-04,2.059946E-04,6.66667E-04
2.513257,-6.408729E-04,4.501361E-04,-.001
2.514257,-5.493201E-04,4.653949E-04,6.66667E-04
2.515258,4.57766E-05,2.059946E-04,-6.66667E-04
2.516258,3.12807E-04,4.043598E-04,.001
2.517259,4.501361E-04,2.212534E-04,-.001
2.518259,4.119892E-04,0,-3.66667E-03
2.51926,1.75477E-04,-4.57766E-05,6.66667E-04
2.52026,-1.06812E-04,7.629453E-06,6.66667E-04
2.521261,-3.967304E-04,9.918259E-05,-6.66667E-04
2.522261,-1.449594E-04,-2.13624E-04,-2.33333E-03
2.523262,-4.57766E-05,-1.144414E-04,-3.66667E-03
2.524262,-2.288828E-04,-4.88285E-04,-.001
2.525263,-1.907358E-04,-3.50954E-04,.001
2.526263,-2.899189E-04,-1.678476E-04,-.001
2.527264,-7.629453E-06,6.866502E-05,-.002
2.528264,2.059946E-04,6.103562E-05,-6.66667E-04
2.529265,2.212534E-04,1.297006E-04,-6.66667E-04
2.530265,3.12807E-04,2.365122E-04,6.66667E-04
2.531266,2.594013E-04,1.602182E-04,6.66667E-04
2.532266,5.264319E-04,1.602182E-04,6.66667E-04
2.533267,4.959144E-04,1.449594E-04,-2.33333E-03
2.534267,4.88285E-04,-3.051781E-05,-.002
2.535268,6.942786E-04,1.3733E-04,6.66667E-04
2.536268,7.171668E-04,2.13624E-04,-.001
2.537269,3.280658E-04,3.051776E-04,.001
2.538269,3.814721E-05,-1.3733E-04,6.66667E-04
2.53927,-1.3733E-04,-6.866502E-05,6.66667E-04
2.54027,-3.051776E-04,-1.449594E-04,-6.66667E-04
2.541271,-5.950965E-04,-2.28883E-05,6.66667E-04
2.542271,-2.670307E-04,-7.629453E-06,-6.66667E-04
2.543272,-4.653949E-04,-3.814721E-05,-6.66667E-04
2.544272,-2.670307E-04,2.975482E-04,6.66667E-04
2.545273,3.814721E-05,-7.629453E-06,.001
2.546273,4.119892E-04,-1.983652E-04,6.66667E-04
2.547274,5.264319E-04,-1.297006E-04,6.66667E-04
2.548274,3.280658E-04,4.57766E-05,-.002
2.549275,2.594013E-04,-6.866502E-05,-6.66667E-04
2.550275,4.88285E-04,1.144414E-04,.001
2.551276,4.348774E-04,5.722083E-04,6.66667E-04
2.552276,2.594013E-04,7.095374E-04,.001
2.553277,2.212534E-04,5.722083E-04,-.001
2.554277,0,1.144414E-04,.001
2.555278,-1.144414E-04,2.441425E-04,-.001
2.556278,0,4.196186E-04,-.002
2.557279,1.220712E-04,2.746601E-04,.001
2.558279,4.577655E-04,2.594013E-04,6.66667E-04
2.55928,5.416907E-04,2.288828E-04,-6.66667E-04
2.56028,6.561317E-04,1.75477E-04,-2.33333E-03
2.561281,6.408729E-04,4.88285E-04,-.001
2.562281,0,3.12807E-04,-.002
2.563282,-9.15532E-05,3.433246E-04,-.002
2.564282,-1.75477E-04,1.144414E-04,-.001
2.565283,-2.517719E-04,-9.918259E-05,-6.66667E-04
2.566283,-5.493201E-04,-2.13624E-04,6.66667E-04
2.567284,-5.111732E-04,-7.629453E-06,.001
2.568284,-4.425067E-04,5.264319E-04,-.001
2.569285,-4.806537E-04,7.324256E-04,-.002
2.570285,-5.645789E-04,2.899189E-04,-.002
2.571286,-6.027259E-04,9.918259E-05,-.001
2.572286,-2.517719E-04,-4.57766E-05,.001
2.573287,0,3.814721E-05,3.66667E-03
2.574287,-2.288828E-04,2.059946E-04,-6.66667E-04
2.575288,-1.983652E-04,3.280658E-04,-6.66667E-04
2.576288,-3.662128E-04,1.602182E-04,6.66667E-04
2.577289,-2.746601E-04,-6.866502E-05,-.001
2.578289,-3.662128E-04,0,6.66667E-04
2.57929,-4.119892E-04,4.196186E-04,-6.66667E-04
2.58029,-9.918259E-05,2.517719E-04,-2.33333E-03
2.581291,2.746601E-04,-1.220712E-04,-.002
2.582291,3.204364E-04,-6.866502E-05,-.002
2.583292,-1.3733E-04,-2.13624E-04,6.66667E-04
2.584292,-3.204364E-04,1.678476E-04,-6.66667E-04
2.585293,-4.27248E-04,2.059946E-04,-.002
2.586293,-6.103553E-04,1.907358E-04,-6.66667E-04
2.587294,-3.967304E-04,3.738422E-04,-.001
2.588294,-1.144414E-04,2.212534E-04,-6.66667E-04
2.589295,-6.103562E-05,-1.3733E-04,-.002
2.590295,-1.297006E-04,1.75477E-04,-.001
2.591296,-4.043598E-04,1.525891E-05,-.001
2.592296,-3.433246E-04,-2.975482E-04,.002
2.593297,-5.188026E-04,-4.425067E-04,-.001
2.594297,-8.316077E-04,-2.670307E-04,.001
2.595298,-3.89101E-04,-2.212534E-04,6.66667E-04
2.596298,-2.670307E-04,-2.975482E-04,6.66667E-04
2.597299,-3.814716E-04,-2.822895E-04,-6.66667E-04
2.598299,-4.501361E-04,1.144414E-04,-6.66667E-04
2.5993,-7.095374E-04,5.111732E-04,-6.66667E-04
2.6003,2.365122E-04,5.340613E-04,.001
2.601301,2.594013E-04,1.831064E-04,-.002
2.602301,1.144414E-04,6.103562E-05,-2.33333E-03
2.603302,2.059946E-04,9.918259E-05,-.001
2.604302,5.569495E-04,-4.730243E-04,6.66667E-04
2.605303,1.831064E-04,-3.89101E-04,-.001
2.606303,-1.907358E-04,-1.525888E-04,6.66667E-04
2.607304,-4.348774E-04,-3.051781E-05,-.002
2.608304,-2.441425E-04,-5.340599E-05,.001
2.609305,-3.433246E-04,-1.907358E-04,-2.33333E-03
2.610305,-7.629441E-05,-7.629453E-06,-6.66667E-04
2.611306,9.918259E-05,6.103562E-05,-.002
2.612306,1.220712E-04,-9.15532E-05,-6.66667E-04
2.613307,2.365122E-04,2.059946E-04,-.002
2.614307,4.501361E-04,1.144414E-04,-2.33333E-03
2.615308,4.119892E-04,-4.806537E-04,.001
2.616308,4.196186E-04,-2.13624E-04,-6.66667E-04
2.617309,2.517719E-04,5.416907E-04,-.001
2.618309,-9.918259E-05,4.653949E-04,.001
2.61931,2.28883E-05,3.585834E-04,-.002
2.62031,-5.340599E-05,3.12807E-04,-6.66667E-04
2.621311,-6.561317E-04,3.204364E-04,-6.66667E-04
2.622311,-4.577655E-04,3.89101E-04,-3.66667E-03
2.623312,-1.06812E-04,1.449594E-04,-2.33333E-03
2.624312,7.629441E-05,1.602182E-04,6.66667E-04
2.625313,6.866502E-05,2.288828E-04,-6.66667E-04
2.626313,7.629453E-06,1.06812E-04,-.002
2.627314,-2.28883E-05,3.967304E-04,-.001
2.628314,9.15532E-05,4.577655E-04,-6.66667E-04
2.629315,1.525888E-04,3.662128E-04,-.001
2.630315,-1.06812E-04,3.280658E-04,6.66667E-04
2.631316,-5.340599E-05,2.975482E-04,-6.66667E-04
2.632316,0,4.119892E-04,-.001
2.633317,3.051781E-05,3.204364E-04,-.001
2.634317,-3.204364E-04,1.297006E-04,-6.66667E-04
2.635318,-4.348774E-04,-1.678476E-04,-.001
2.636318,-2.517719E-04,2.288828E-04,-.002
2.637319,-9.15532E-05,3.662128E-04,.001
2.638319,-3.280658E-04,0,-.002
2.63932,1.3733E-04,-2.212534E-04,.002
2.64032,-1.75477E-04,1.3733E-04,-6.66667E-04
2.641321,-1.525888E-04,2.594013E-04,6.66667E-04
2.642321,1.06812E-04,2.365122E-04,.001
2.643322,6.790198E-04,-1.525888E-04,.001
2.644322,6.027259E-04,-4.27248E-04,6.66667E-04
2.645323,5.264319E-04,-3.814716E-04,-6.66667E-04
2.646323,2.441425E-04,-3.814721E-05,-.002
2.647324,2.517719E-04,3.051776E-04,.001
2.648324,1.144414E-04,2.212534E-04,6.66667E-04
2.649325,1.525891E-05,1.297006E-04,-.004
2.650325,-1.06812E-04,6.103562E-05,-6.66667E-04
2.651326,5.340599E-05,1.06812E-04,.001
2.652326,3.12807E-04,3.50954E-04,-6.66667E-04
2.653327,6.790198E-04,-7.629441E-05,6.66667E-04
2.654327,7.171668E-04,-2.13624E-04,6.66667E-04
2.655328,4.119892E-04,-8.392381E-05,-6.66667E-04
2.656328,1.907358E-04,4.57766E-05,-.001
2.657329,1.602182E-04,-1.907358E-04,-6.66667E-04
2.658329,-2.212534E-04,5.340599E-05,6.66667E-04
2.65933,-8.163489E-04,3.356952E-04,-6.66667E-04
2.66033,-5.722083E-04,4.119892E-04,6.66667E-04
2.661331,-2.13624E-04,1.525888E-04,-6.66667E-04
2.662331,-1.75477E-04,-3.967304E-04,6.66667E-04
2.663332,-3.89101E-04,-5.493201E-04,6.66667E-04
2.664332,-8.392371E-04,-4.806537E-04,-6.66667E-04
2.665333,-9.53678E-04,-3.051781E-05,6.66667E-04
2.666333,-8.316077E-04,2.594013E-04,-.001
2.667334,-5.340613E-04,-4.57766E-05,.002
2.668334,-3.356952E-04,-1.831064E-04,6.66667E-04
2.669335,-1.297006E-04,-8.392381E-05,-2.33333E-03
2.670335,-7.629441E-05,9.15532E-05,-.001
2.671336,-3.89101E-04,0,-.001
2.672336,-5.798377E-04,4.57766E-05,-.001
2.673337,-4.196186E-04,-2.975482E-04,-.001
2.674337,-6.942786E-04,-3.12807E-04,-2.33333E-03
2.675338,-1.022346E-03,-2.975482E-04,2.33333E-03
2.676338,-1.35041E-03,-3.051776E-04,-6.66667E-04
2.677339,-1.556404E-03,0,-.002
2.678339,-2.174392E-03,5.340599E-05,-.001
2.67934,-2.120987E-03,-1.3733E-04,-.002
2.68034,-2.464309E-03,7.629453E-06,-6.66667E-04
2.681341,-2.784744E-03,2.670307E-04,-.001
2.682341,-3.318802E-03,1.297006E-04,6.66667E-04
2.683342,-3.395095E-03,1.75477E-04,-.001
2.684342,-3.120437E-03,2.594013E-04,-6.66667E-04
2.685343,-3.173843E-03,5.340599E-05,6.66667E-04
2.686343,-3.59346E-03,-1.602182E-04,6.66667E-04
2.687344,-3.379837E-03,-7.629453E-06,-.001
2.688344,-3.234878E-03,1.220712E-04,-3.66667E-03
2.689345,-2.906814E-03,-7.629453E-06,6.66667E-04
2.690345,-2.57875E-03,-3.814721E-05,-.001
2.691346,-2.029434E-03,3.662128E-04,.001
2.692346,-1.48011E-03,4.196186E-04,-6.66667E-04
2.693347,-1.403816E-03,2.441425E-04,.001
2.694347,-1.434334E-03,3.051776E-04,6.66667E-04
2.695348,-1.121528E-03,4.119892E-04,-6.66667E-04
2.696348,-9.002723E-04,7.629441E-05,6.66667E-04
2.697349,-9.841993E-04,-2.441425E-04,6.66667E-04
2.698349,-9.53678E-04,-3.585834E-04,6.66667E-04
2.69935,-8.316077E-04,-2.899189E-04,-6.66667E-04
2.70035,-4.27248E-04,-9.15532E-05,.001
2.701351,-3.89101E-04,2.441425E-04,.002
2.702351,-5.035438E-04,1.297006E-04,-.001
2.703352,-7.858314E-04,-1.831064E-04,-6.66667E-04
2.704352,-5.645789E-04,-1.678476E-04,-6.66667E-04
2.705353,-5.264319E-04,-1.75477E-04,-6.66667E-04
2.706353,-5.340599E-05,5.340599E-05,-2.33333E-03
2.707354,2.288828E-04,7.629453E-06,-.002
2.708354,2.670307E-04,-1.602182E-04,-.001
2.709355,1.525888E-04,-6.103562E-05,-6.66667E-04
2.710355,-1.907358E-04,2.212534E-04,-6.66667E-04
2.711356,3.051781E-05,4.57766E-05,-3.66667E-03
2.712356,5.874671E-04,-6.866502E-05,-.001
2.713357,7.78202E-04,5.340599E-05,6.66667E-04
2.714357,6.485023E-04,1.144414E-04,-.002
2.715358,3.50954E-04,5.264319E-04,-.002
2.716358,3.280658E-04,6.103553E-04,-6.66667E-04
2.717359,4.730243E-04,4.27248E-04,-.001
2.718359,1.525888E-04,7.324256E-04,-.002
2.71936,-1.525891E-05,3.50954E-04,.001
2.72036,-4.425067E-04,5.340599E-05,-.001
2.721361,-5.798377E-04,1.220712E-04,6.66667E-04
2.722361,-4.425067E-04,2.059946E-04,-6.66667E-04
2.723362,-4.501361E-04,2.13624E-04,-.002
2.724362,-3.204364E-04,6.256141E-04,-.002
2.725363,-1.525888E-04,3.50954E-04,-6.66667E-04
2.726363,2.975482E-04,1.983652E-04,-6.66667E-04
2.727364,2.746601E-04,2.28883E-05,6.66667E-04
2.728364,1.449594E-04,-4.57766E-05,-3.66667E-03
2.729365,-2.28883E-05,-1.220712E-04,-.002
2.730365,1.525888E-04,-2.365122E-04,.001
2.731366,2.975482E-04,-7.629441E-05,-.002
2.732366,3.051781E-05,-7.629453E-06,-.002
2.733367,-2.899189E-04,-4.57766E-05,-6.66667E-04
2.734367,-5.264319E-04,-1.3733E-04,-.002
2.735368,-4.043598E-04,-2.517719E-04,.001
2.736368,-3.967304E-04,-5.569495E-04,-6.66667E-04
2.737369,-1.06812E-04,-2.517719E-04,-.001
2.738369,5.340599E-05,-2.746601E-04,.002
2.73937,-1.525891E-05,6.866502E-05,-.001
2.74037,-8.392381E-05,1.907358E-04,6.66667E-04
2.741371,-2.28883E-05,1.297006E-04,-.001
2.742371,-1.144414E-04,-1.75477E-04,6.66667E-04
2.743372,-9.15532E-05,-1.144414E-04,6.66667E-04
2.744372,-7.629441E-05,4.57766E-05,.001
2.745373,-2.365122E-04,5.340599E-05,-6.66667E-04
2.746373,-6.256141E-04,2.13624E-04,-.002
2.747374,-6.103553E-04,5.264319E-04,-.001
2.748374,-2.365122E-04,4.27248E-04,6.66667E-04
2.749375,-2.670307E-04,1.678476E-04,-2.33333E-03
2.750375,-1.06812E-04,-3.814721E-05,-.001
2.751376,1.907358E-04,-6.866502E-05,-6.66667E-04
2.752376,2.975482E-04,-3.051781E-05,6.66667E-04
2.753377,1.3733E-04,-1.449594E-04,6.66667E-04
2.754377,3.12807E-04,-1.06812E-04,-.001
2.755378,1.983652E-04,2.670307E-04,-.001
2.756378,-2.670307E-04,9.15532E-05,.001
2.757379,-9.15532E-05,-1.144414E-04,-6.66667E-04
2.758379,1.220712E-04,-4.577655E-04,-6.66667E-04
2.75938,3.814716E-04,-2.517719E-04,.001
2.76038,7.247962E-04,-7.629453E-06,6.66667E-04
2.761381,7.095374E-04,9.15532E-05,6.66667E-04
2.762381,6.408729E-04,3.204364E-04,-6.66667E-04
2.763382,6.942786E-04,5.340599E-05,.002
2.764382,3.738422E-04,-1.525888E-04,6.66667E-04
2.765383,1.3733E-04,-2.28883E-05,-6.66667E-04
2.766383,2.594013E-04,3.814721E-05,-.002
2.767384,-6.866502E-05,-9.15532E-05,-.001
2.768384,-1.3733E-04,-2.594013E-04,-.001
2.769385,-3.051776E-04,-5.035438E-04,.001
2.770385,-5.035438E-04,8.392381E-05,.001
2.771386,-4.730243E-04,2.28883E-05,-6.66667E-04
2.772386,-2.13624E-04,-2.746601E-04,-3.66667E-03
2.773387,0,-5.416907E-04,-.002
2.774387,5.340599E-05,-4.196186E-04,-3.66667E-03
2.775388,-1.144414E-04,-3.738422E-04,.001
2.776388,-3.204364E-04,-1.525888E-04,-6.66667E-04
2.777389,-2.059946E-04,-2.212534E-04,-6.66667E-04
2.778389,1.144414E-04,-2.441425E-04,6.66667E-04
2.77939,4.043598E-04,4.57766E-05,-.002
2.78039,2.517719E-04,4.57766E-05,.001
2.781391,-1.297006E-04,-2.212534E-04,6.66667E-04
2.782391,-1.602182E-04,-7.629441E-05,-6.66667E-04
2.783392,-7.629453E-06,2.365122E-04,6.66667E-04
2.784392,1.525888E-04,-3.051781E-05,-6.66667E-04
2.785393,3.12807E-04,-8.392381E-05,6.66667E-04
2.786393,4.57766E-05,-2.365122E-04,6.66667E-04
2.787394,-2.517719E-04,-3.280658E-04,.001
2.788394,-4.57766E-05,-4.577655E-04,-.002
2.789395,1.831064E-04,1.3733E-04,.001
2.790395,1.75477E-04,1.525888E-04,-.002
2.791396,2.822895E-04,1.75477E-04,-6.66667E-04
2.792396,1.525891E-05,2.288828E-04,-6.66667E-04
2.793397,-5.340613E-04,-3.051776E-04,6.66667E-04
2.794397,-2.13624E-04,-1.06812E-04,-6.66667E-04
2.795398,-9.15532E-05,-1.297006E-04,6.66667E-04
2.796398,-1.602182E-04,-6.866502E-05,-2.33333E-03
2.797399,-1.144414E-04,1.297006E-04,-.002
2.798399,-1.144414E-04,5.340599E-05,-.001
2.7994,-4.27248E-04,6.103562E-05,-3.66667E-03
2.8004,-5.340613E-04,-1.831064E-04,-2.33333E-03
2.801401,-3.585834E-04,-2.441425E-04,-6.66667E-04
2.802401,1.06812E-04,-9.918259E-05,6.66667E-04
2.803402,1.525888E-04,-3.814721E-05,-.001
2.804402,2.288828E-04,-8.392381E-05,-6.66667E-04
2.805403,4.27248E-04,3.814721E-05,6.66667E-04
2.806403,1.449594E-04,-1.831064E-04,6.66667E-04
2.807404,-1.75477E-04,-4.425067E-04,-.001
2.808404,-3.280658E-04,-1.602182E-04,2.33333E-03
2.809405,-2.594013E-04,-2.288828E-04,-3.66667E-03
2.810405,-3.738422E-04,-1.75477E-04,-.002
2.811406,-7.629441E-05,-3.89101E-04,6.66667E-04
2.812406,-4.57766E-05,-6.63761E-04,-.002
2.813407,-2.365122E-04,-9.079017E-04,6.66667E-04
2.814407,2.13624E-04,-5.111732E-04,-.001
2.815408,1.75477E-04,-1.983652E-04,6.66667E-04
2.816408,4.88285E-04,3.051781E-05,-.002
2.817409,5.950965E-04,1.602182E-04,6.66667E-04
2.818409,4.577655E-04,1.3733E-04,-6.66667E-04
2.81941,3.12807E-04,2.212534E-04,6.66667E-04
2.82041,-9.918259E-05,1.602182E-04,-6.66667E-04
2.821411,-1.525891E-05,1.678476E-04,.001
2.822411,1.525888E-04,9.918259E-05,6.66667E-04
2.823412,3.12807E-04,-1.678476E-04,6.66667E-04
2.824412,3.50954E-04,-1.06812E-04,.001
2.825413,2.212534E-04,3.051781E-05,-6.66667E-04
2.826413,3.051781E-05,-9.918259E-05,-.002
2.827414,-4.043598E-04,-3.50954E-04,-.001
2.828414,-4.27248E-04,-8.316077E-04,6.66667E-04
2.829415,-5.188026E-04,-9.613074E-04,-.001
2.830415,-5.874671E-04,-9.231605E-04,6.66667E-04
2.831416,-2.594013E-04,-6.408729E-04,6.66667E-04
2.832416,-2.899189E-04,-2.746601E-04,-6.66667E-04
2.833417,-5.874671E-04,2.746601E-04,-.002
2.834417,-3.280658E-04,3.433246E-04,-2.33333E-03
2.835418,-5.035438E-04,-1.983652E-04,-6.66667E-04
2.836418,-2.13624E-04,-2.212534E-04,-6.66667E-04
2.837419,-5.340599E-05,-3.738422E-04,-.002
2.838419,1.144414E-04,-2.059946E-04,-.002
2.83942,1.983652E-04,-1.602182E-04,-6.66667E-04
2.84042,2.059946E-04,1.983652E-04,-6.66667E-04
2.841421,5.340613E-04,2.13624E-04,.001
2.842421,7.858314E-04,-3.814721E-05,.001
2.843422,9.155311E-04,-3.814716E-04,.001
2.844422,9.231605E-04,-4.730243E-04,-.002
2.845423,7.247962E-04,-1.907358E-04,-.002
2.846423,6.408729E-04,-3.204364E-04,-.002
2.847424,6.790198E-04,-4.043598E-04,.001
2.848424,3.12807E-04,-3.662128E-04,-.002
2.849425,1.983652E-04,-3.051776E-04,-2.33333E-03
2.850425,2.365122E-04,-3.738422E-04,-.002
2.851426,-1.831064E-04,-2.059946E-04,6.66667E-04
2.852426,-5.340613E-04,2.28883E-05,2.33333E-03
2.853427,-4.27248E-04,1.449594E-04,6.66667E-04
2.854427,-3.50954E-04,-1.06812E-04,-.002
2.855428,-1.297006E-04,-1.525891E-05,-.002
2.856428,-5.340599E-05,-5.340599E-05,-6.66667E-04
2.857429,3.051781E-05,2.28883E-05,.001
2.858429,3.89101E-04,-1.06812E-04,-6.66667E-04
2.85943,4.425067E-04,-6.866502E-05,-6.66667E-04
2.86043,4.119892E-04,-1.3733E-04,-6.66667E-04
2.861431,2.746601E-04,2.059946E-04,6.66667E-04
2.862431,1.06812E-04,3.204364E-04,-2.33333E-03
2.863432,2.975482E-04,1.525891E-05,-6.66667E-04
2.864432,-1.525891E-05,-1.831064E-04,.001
2.865433,-7.629441E-05,-2.975482E-04,-6.66667E-04
2.866433,-2.28883E-05,-4.577655E-04,-6.66667E-04
2.867434,-3.204364E-04,-6.408729E-04,-6.66667E-04
2.868434,-2.746601E-04,-4.88285E-04,-.001
2.869435,-8.392381E-05,-5.264319E-04,-6.66667E-04
2.870435,5.035438E-04,-1.831064E-04,-6.66667E-04
2.871436,5.645789E-04,-2.288828E-04,.001
2.872436,5.798377E-04,0,-.001
2.873437,6.332435E-04,3.814721E-05,-.002
2.874437,5.035438E-04,-1.297006E-04,-.001
2.875438,2.822895E-04,-2.822895E-04,-6.66667E-04
2.876438,2.13624E-04,-4.57766E-05,6.66667E-04
2.877439,2.365122E-04,-2.13624E-04,6.66667E-04
2.878439,-5.340599E-05,-5.874671E-04,-6.66667E-04
2.87944,7.629453E-06,-8.697547E-04,.001
2.88044,-1.144414E-04,-8.316077E-04,-.001
2.881441,-8.392381E-05,-4.501361E-04,-.002
2.882441,-2.441425E-04,-3.89101E-04,-.002
2.883442,-3.814721E-05,-3.433246E-04,6.66667E-04
2.884442,-9.918259E-05,1.3733E-04,-6.66667E-04
2.885443,-6.866502E-05,2.746601E-04,-2.33333E-03
2.886443,1.3733E-04,2.059946E-04,-3.66667E-03
2.887444,-2.746601E-04,1.907358E-04,-6.66667E-04
2.888444,-3.585834E-04,3.662128E-04,.001
2.889445,-1.220712E-04,4.730243E-04,6.66667E-04
2.890445,-9.15532E-05,4.196186E-04,6.66667E-04
2.891446,-1.907358E-04,3.585834E-04,.001
2.892446,-1.602182E-04,-3.051781E-05,-.004
2.893447,-2.059946E-04,-1.75477E-04,-2.33333E-03
2.894447,0,-1.602182E-04,-.002
2.895448,-1.3733E-04,8.392381E-05,-2.33333E-03
2.896448,-6.332435E-04,1.831064E-04,.001
2.897449,-9.155311E-04,3.89101E-04,-6.66667E-04
2.898449,-6.332435E-04,5.645789E-04,-.001
2.89945,-4.425067E-04,4.653949E-04,-.002
2.90045,-1.220712E-04,6.103562E-05,-2.33333E-03
2.901451,1.297006E-04,-3.204364E-04,-.002
2.902451,-6.866502E-05,-6.866492E-04,-.002
2.903452,-4.959144E-04,-9.7657E-04,-6.66667E-04
2.904452,-5.264319E-04,-4.88285E-04,-.002
2.905453,-6.332435E-04,-2.822895E-04,-.001
2.906453,-9.613074E-04,1.3733E-04,.001
2.907454,-1.083381E-03,1.678476E-04,6.66667E-04
2.908454,-1.464851E-03,1.678476E-04,-.001
2.909455,-1.487739E-03,5.264319E-04,-6.66667E-04
2.910455,-1.663215E-03,1.75477E-04,6.66667E-04
2.911456,-1.983657E-03,2.288828E-04,-6.66667E-04
2.912456,-1.998916E-03,5.035438E-04,6.66667E-04
2.913457,-2.418533E-03,2.746601E-04,-2.33333E-03
2.914457,-2.754226E-03,-1.525888E-04,.001
2.915458,-3.013626E-03,-2.441425E-04,-.001
2.916458,-3.166214E-03,-6.63761E-04,-.001
2.917459,-3.112808E-03,-8.773841E-04,-6.66667E-04
2.918459,-3.196731E-03,-6.713904E-04,-6.66667E-04
2.91946,-2.883926E-03,-4.653949E-04,6.66667E-04
2.92046,-2.647415E-03,-3.204364E-04,.001
2.921461,-2.464309E-03,-6.332435E-04,6.66667E-04
2.922461,-2.510086E-03,-1.602182E-04,.001
2.923462,-2.235427E-03,-2.441425E-04,-.002
2.924462,-1.785286E-03,-2.670307E-04,6.66667E-04
2.925463,-1.251228E-03,-2.594013E-04,.001
2.926463,-8.163489E-04,-5.798377E-04,-6.66667E-04
2.927464,-6.561317E-04,-3.814716E-04,2.33333E-03
2.928464,-2.746601E-04,-6.332435E-04,6.66667E-04
2.929465,-6.256141E-04,-6.408729E-04,-6.66667E-04
2.930465,-6.408729E-04,-7.171668E-04,-.001
2.931466,-6.332435E-04,-2.288828E-04,6.66667E-04
2.932466,-1.3733E-04,7.629453E-06,-6.66667E-04
2.933467,1.297006E-04,7.629453E-06,-6.66667E-04
2.934467,2.365122E-04,-5.340599E-05,6.66667E-04
2.935468,1.907358E-04,1.907358E-04,-.001
2.936468,-2.28883E-05,8.392381E-05,6.66667E-04
2.937469,-2.212534E-04,1.602182E-04,-6.66667E-04
2.938469,-7.629453E-06,-8.392381E-05,-.001
2.93947,-6.103562E-05,-5.188026E-04,6.66667E-04
2.94047,0,-2.13624E-04,-6.66667E-04
2.941471,-7.629441E-05,-7.629441E-05,-6.66667E-04
2.942471,-3.204364E-04,1.525891E-05,-6.66667E-04
2.943472,-3.204364E-04,1.3733E-04,6.66667E-04
2.944472,3.051781E-05,2.212534E-04,6.66667E-04
2.945473,2.746601E-04,4.348774E-04,-6.66667E-04
2.946473,1.602182E-04,-3.051781E-05,-.001
2.947474,2.13624E-04,7.629453E-06,-6.66667E-04
2.948474,3.738422E-04,2.594013E-04,-3.66667E-03
2.949475,9.918259E-05,2.746601E-04,-2.33333E-03
2.950475,9.918259E-05,2.13624E-04,-2.33333E-03
2.951476,-1.06812E-04,-1.06812E-04,-6.66667E-04
2.952476,-3.280658E-04,-9.918259E-05,-.001
2.953477,-2.746601E-04,5.340599E-05,-.001
2.954477,2.975482E-04,-9.15532E-05,6.66667E-04
2.955478,2.822895E-04,-4.577655E-04,.001
2.956478,6.103562E-05,-2.365122E-04,-6.66667E-04
2.957479,1.907358E-04,-3.051781E-05,.001
2.958479,1.449594E-04,-3.051781E-05,-.001
2.95948,-2.670307E-04,2.28883E-05,-.002
2.96048,-1.602182E-04,6.866502E-05,-.001
2.961481,-6.103562E-05,1.525891E-05,-.001
2.962481,-1.06812E-04,3.280658E-04,6.66667E-04
2.963482,-4.57766E-05,4.196186E-04,-.001
2.964482,-8.392381E-05,-3.051781E-05,-2.33333E-03
2.965483,6.866502E-05,-6.866502E-05,6.66667E-04
2.966483,3.051781E-05,8.392381E-05,.001
2.967484,1.678476E-04,3.12807E-04,-.001
2.968484,1.907358E-04,4.730243E-04,-.001
2.969485,3.662128E-04,2.441425E-04,-.002
2.970485,4.27248E-04,-7.629441E-05,6.66667E-04
2.971486,-7.629453E-06,1.144414E-04,-6.66667E-04
2.972486,1.907358E-04,2.13624E-04,6.66667E-04
2.973487,7.629441E-05,-7.629453E-06,-2.33333E-03
2.974487,-2.594013E-04,-2.28883E-05,-6.66667E-04
2.975488,-2.517719E-04,-1.907358E-04,-6.66667E-04
2.976488,-2.975482E-04,-4.27248E-04,6.66667E-04
2.977489,5.340599E-05,-4.653949E-04,6.66667E-04
2.978489,3.814721E-05,-3.814716E-04,.001
2.97949,3.50954E-04,-8.392381E-05,-.001
2.98049,3.814721E-05,-7.629453E-06,-6.66667E-04
2.981491,-9.918259E-05,-1.831064E-04,-.001
2.982491,1.75477E-04,8.392381E-05,-.002
2.983492,1.525888E-04,6.408729E-04,6.66667E-04
2.984492,2.822895E-04,7.324256E-04,-.002
2.985493,3.662128E-04,3.12807E-04,-2.33333E-03
2.986493,5.111732E-04,-5.340599E-05,-.001
2.987494,4.501361E-04,2.746601E-04,-.001
2.988494,3.738422E-04,3.204364E-04,-.001
2.989495,4.425067E-04,-1.06812E-04,-.002
2.990495,1.220712E-04,-2.288828E-04,-.001
2.991496,9.918259E-05,3.89101E-04,-3.66667E-03
2.992496,4.57766E-05,2.594013E-04,-.002
2.993497,-1.602182E-04,3.12807E-04,-.001
2.994497,-2.365122E-04,2.365122E-04,-6.66667E-04
2.995498,1.220712E-04,6.103562E-05,-.001
2.996498,-1.907358E-04,7.629453E-06,-2.33333E-03
2.997499,-4.806537E-04,2.670307E-04,-.001
2.998499,-4.806537E-04,1.525888E-04,.001
2.9995,-4.043598E-04,-1.983652E-04,6.66667E-04
3.0005,-4.196186E-04,-3.662128E-04,-6.66667E-04
3.001501,-1.983652E-04,-3.433246E-04,.002
3.002501,2.288828E-04,-5.340599E-05,-2.33333E-03
3.003502,3.12807E-04,6.103562E-05,-.001
3.004502,3.50954E-04,6.103562E-05,.001
3.005503,2.746601E-04,2.746601E-04,-.002
3.006503,4.57766E-05,3.12807E-04,6.66667E-04
3.007504,-3.585834E-04,1.678476E-04,-.002
3.008504,-1.907358E-04,-1.75477E-04,-.001
3.009505,7.629441E-05,-1.144414E-04,6.66667E-04
3.010505,-7.629453E-06,-2.746601E-04,-2.33333E-03
3.011506,2.594013E-04,-2.517719E-04,-.001
3.012506,2.899189E-04,-2.670307E-04,-.002
3.013507,-2.517719E-04,3.051776E-04,.001
3.014507,2.28883E-05,0,-6.66667E-04
3.015508,2.059946E-04,-1.06812E-04,-.002
3.016508,-1.297006E-04,6.103562E-05,-.001
3.017509,-2.212534E-04,8.392381E-05,-6.66667E-04
3.018509,9.918259E-05,1.3733E-04,-6.66667E-04
3.01951,2.899189E-04,-1.831064E-04,.001
3.02051,3.814716E-04,-5.950965E-04,-.002
3.021511,4.119892E-04,-2.517719E-04,-6.66667E-04
3.022511,9.918259E-05,-1.449594E-04,-.002
3.023512,7.629441E-05,4.57766E-05,6.66667E-04
3.024512,-7.629453E-06,6.942786E-04,-.001
3.025513,1.06812E-04,8.087195E-04,-.002
3.026513,1.525888E-04,8.239783E-04,6.66667E-04
3.027514,3.433246E-04,2.899189E-04,-6.66667E-04
3.028514,1.831064E-04,3.89101E-04,6.66667E-04
3.029515,-2.517719E-04,2.212534E-04,-.002
3.030515,5.340599E-05,1.525891E-05,6.66667E-04
3.031516,3.051781E-05,-4.27248E-04,-6.66667E-04
3.032516,-6.866502E-05,-6.408729E-04,-6.66667E-04
3.033517,2.594013E-04,-4.27248E-04,6.66667E-04
3.034517,1.144414E-04,-6.485023E-04,-.004
3.035518,9.918259E-05,-1.06812E-04,-6.66667E-04
3.036518,-1.907358E-04,4.501361E-04,-6.66667E-04
3.037519,-1.983652E-04,5.416907E-04,.001
3.038519,-5.340599E-05,2.13624E-04,6.66667E-04
3.03952,-1.75477E-04,-9.15532E-05,-6.66667E-04
3.04052,5.340599E-05,-2.822895E-04,-6.66667E-04
3.041521,3.051781E-05,-3.585834E-04,-6.66667E-04
3.042521,3.814721E-05,-2.212534E-04,-.001
3.043522,-4.57766E-05,3.12807E-04,-.001
3.044522,-1.525888E-04,2.059946E-04,-6.66667E-04
3.045523,-4.27248E-04,1.220712E-04,-.002
3.046523,-4.27248E-04,-2.746601E-04,-6.66667E-04
3.047524,-2.594013E-04,-2.212534E-04,-.001
3.048524,-3.814716E-04,-1.297006E-04,-.002
3.049525,-4.730243E-04,6.103562E-05,2.33333E-03
3.050525,-3.738422E-04,2.746601E-04,.001
3.051526,-3.50954E-04,1.831064E-04,-.002
3.052526,-2.365122E-04,2.822895E-04,-.001
3.053527,0,-1.525891E-05,-6.66667E-04
3.054527,-1.678476E-04,-3.12807E-04,-6.66667E-04
3.055528,0,-1.3733E-04,.001
3.056528,3.12807E-04,-1.602182E-04,.001
3.057529,3.051776E-04,-5.340599E-05,.001
3.058529,1.983652E-04,2.594013E-04,6.66667E-04
3.05953,1.525888E-04,3.50954E-04,-6.66667E-04
3.06053,4.730243E-04,1.678476E-04,-.002
3.061531,3.204364E-04,-1.06812E-04,-.001
3.062531,1.525888E-04,-1.525891E-05,-.001
3.063532,-5.340599E-05,4.730243E-04,6.66667E-04
3.064532,-9.918259E-05,1.602182E-04,-.001
3.065533,-3.12807E-04,3.204364E-04,-6.66667E-04
3.066533,-3.738422E-04,1.602182E-04,-.002
3.067534,-3.738422E-04,3.051781E-05,-6.66667E-04
3.068534,-4.577655E-04,5.340599E-05,-.001
3.069535,-6.332435E-04,-2.746601E-04,.002
3.070535,-2.822895E-04,-4.348774E-04,-2.33333E-03
3.071536,9.918259E-05,5.340599E-05,-6.66667E-04
3.072536,-4.57766E-05,6.866502E-05,6.66667E-04
3.073537,-4.27248E-04,1.525888E-04,6.66667E-04
3.074537,-3.50954E-04,3.662128E-04,-6.66667E-04
3.075538,-2.899189E-04,6.332435E-04,-.002
3.076538,-2.975482E-04,2.594013E-04,-.001
3.077539,-3.051781E-05,0,.001
3.078539,4.196186E-04,-1.525891E-05,.001
3.07954,1.525891E-05,-7.629453E-06,-6.66667E-04
3.08054,-1.144414E-04,7.629453E-06,-6.66667E-04
3.081541,-1.907358E-04,-3.585834E-04,.001
3.082541,-3.051776E-04,-7.629453E-06,.002
3.083542,-3.738422E-04,3.89101E-04,-.001
3.084542,-4.653949E-04,2.746601E-04,-6.66667E-04
3.085543,-2.517719E-04,7.629441E-05,-6.66667E-04
3.086543,4.57766E-05,0,6.66667E-04
3.087544,-1.678476E-04,1.678476E-04,-.002
3.088544,-2.517719E-04,3.50954E-04,-.002
3.089545,-3.356952E-04,5.188026E-04,-6.66667E-04
3.090545,-6.866502E-05,5.798377E-04,-.001
3.091546,2.594013E-04,1.220712E-04,-.002
3.092546,1.297006E-04,-2.670307E-04,-.001
3.093547,2.975482E-04,-2.822895E-04,-.002
3.094547,3.280658E-04,-5.188026E-04,6.66667E-04
3.095548,-1.983652E-04,-4.577655E-04,6.66667E-04
3.096548,-5.493201E-04,-6.103562E-05,.002
3.097549,-3.738422E-04,6.103562E-05,6.66667E-04
3.098549,-6.027259E-04,4.501361E-04,-.001
3.09955,-2.975482E-04,3.89101E-04,-.002
3.10055,-2.28883E-05,5.798377E-04,-6.66667E-04
3.101551,-2.441425E-04,3.433246E-04,-3.66667E-03
3.102551,-5.111732E-04,3.12807E-04,6.66667E-04
3.103552,-6.942786E-04,2.899189E-04,6.66667E-04
3.104552,-3.662128E-04,1.297006E-04,-.002
3.105553,-1.602182E-04,3.89101E-04,-.002
3.106553,-3.204364E-04,4.043598E-04,-2.33333E-03
3.107554,-1.06812E-04,1.220712E-04,-6.66667E-04
3.108554,-6.103562E-05,-1.144414E-04,-.002
3.109555,-4.425067E-04,1.449594E-04,-6.66667E-04
3.110555,-3.356952E-04,7.629453E-06,.001
3.111556,-3.967304E-04,-4.730243E-04,-6.66667E-04
3.112556,-6.866492E-04,-6.408729E-04,-.001
3.113557,-1.220711E-03,-8.544959E-04,.002
3.114557,-1.434334E-03,-8.926429E-04,-6.66667E-04
3.115558,-2.037063E-03,-6.256141E-04,-.001
3.116558,-2.83052E-03,-5.416907E-04,-.002
3.117559,-4.127532E-03,-3.50954E-04,-2.33333E-03
3.118559,-5.04306E-03,-4.425067E-04,-6.66667E-04
3.11956,-6.431609E-03,-2.670307E-04,-6.66667E-04
3.12056,-7.606536E-03,-7.934608E-04,-6.66667E-04
3.121561,-9.056151E-03,-8.621253E-04,-3.66667E-03
3.122561,-1.100928E-02,-7.629432E-04,-2.33333E-03
3.123562,-1.274878E-02,-9.231605E-04,6.66667E-04
3.124562,-.0143128,-1.235969E-03,-6.66667E-04
3.125563,-.0153504,-1.708992E-03,.001
3.126563,-1.507574E-02,-1.541145E-03,-2.33333E-03
3.127564,-1.403052E-02,-1.373298E-03,-.002
3.128564,-1.201636E-02,-1.319893E-03,-6.66667E-04
3.129565,-1.026922E-02,-8.239783E-04,2.33333E-03
3.130565,-8.483946E-03,-6.942786E-04,-6.66667E-04
3.131566,-6.774932E-03,-7.40055E-04,-6.66667E-04
3.132566,-5.439788E-03,-2.975482E-04,.001
3.133567,-4.53952E-03,8.392381E-05,-.001
3.134567,-3.364578E-03,1.06812E-04,.001
3.135568,-2.174392E-03,-2.594013E-04,.001
3.136568,-1.800545E-03,-1.907358E-04,6.66667E-04
3.137569,-1.495369E-03,-3.051781E-05,-2.33333E-03
3.138569,-9.689368E-04,3.051781E-05,.001
3.13957,-6.713904E-04,-4.57766E-05,6.66667E-04
3.14057,-3.356952E-04,-6.103562E-05,-3.66667E-03
3.141571,1.525888E-04,-6.866502E-05,.001
3.142571,3.50954E-04,1.3733E-04,-.002
3.143572,8.010902E-04,2.365122E-04,-6.66667E-04
3.144572,9.918259E-05,6.103562E-05,.001
3.145573,0,-1.831064E-04,6.66667E-04
3.146573,-1.220712E-04,-1.525891E-05,6.66667E-04
3.147574,-3.280658E-04,1.144414E-04,-.001
3.148574,-2.517719E-04,3.433246E-04,.001
3.149575,-9.15532E-05,5.874671E-04,-6.66667E-04
3.150575,9.918259E-05,7.476844E-04,-6.66667E-04
3.151576,-4.501361E-04,7.934608E-04,-.001
3.152576,-2.670307E-04,6.332435E-04,6.66667E-04
3.153577,-3.280658E-04,5.645789E-04,6.66667E-04
3.154577,-1.3733E-04,3.814721E-05,6.66667E-04
3.155578,3.051781E-05,-1.449594E-04,-6.66667E-04
3.156578,3.12807E-04,-1.602182E-04,-.002
3.157579,3.12807E-04,-6.103562E-05,6.66667E-04
3.158579,3.585834E-04,1.220712E-04,-6.66667E-04
3.15958,1.983652E-04,2.822895E-04,.002
3.16058,3.204364E-04,3.204364E-04,6.66667E-04
3.161581,3.12807E-04,-9.15532E-05,-.002
3.162581,3.662128E-04,-6.561317E-04,-.001
3.163582,3.967304E-04,-4.806537E-04,-6.66667E-04
3.164582,-1.678476E-04,4.043598E-04,-.002
3.165583,-7.705726E-04,3.280658E-04,6.66667E-04
3.166583,-8.468665E-04,-3.12807E-04,-.001
3.167584,-5.416907E-04,-5.645789E-04,-.002
3.168584,-2.059946E-04,-2.670307E-04,-.002
3.169585,1.525888E-04,0,.001
3.170585,9.918259E-05,-1.907358E-04,-.001
3.171586,2.517719E-04,-3.051776E-04,.001
3.172586,3.50954E-04,6.866502E-05,-.001
3.173587,4.959144E-04,6.866502E-05,-.002
3.174587,8.392381E-05,2.594013E-04,.002
3.175588,-9.15532E-05,2.059946E-04,6.66667E-04
3.176588,-1.220712E-04,1.831064E-04,6.66667E-04
3.177589,0,2.594013E-04,.001
3.178589,9.15532E-05,-1.907358E-04,.001
3.17959,2.746601E-04,-7.629432E-04,-6.66667E-04
3.18059,1.449594E-04,-5.035438E-04,-.001
3.181591,3.204364E-04,1.525888E-04,-6.66667E-04
3.182591,3.433246E-04,3.051776E-04,-.002
3.183592,3.814716E-04,-8.392381E-05,6.66667E-04
3.184592,4.348774E-04,-3.814721E-05,-6.66667E-04
3.185593,1.907358E-04,-5.950965E-04,-6.66667E-04
3.186593,2.059946E-04,-8.087195E-04,-6.66667E-04
3.187594,9.15532E-05,-4.730243E-04,6.66667E-04
3.188594,2.822895E-04,-1.06812E-04,6.66667E-04
3.189595,1.983652E-04,4.57766E-05,.001
3.190595,6.103562E-05,1.525888E-04,.001
3.191596,7.629453E-06,3.12807E-04,-2.33333E-03
3.192596,-2.13624E-04,2.288828E-04,2.33333E-03
3.193597,-2.822895E-04,1.449594E-04,.001
3.194597,-3.89101E-04,-1.144414E-04,-6.66667E-04
3.195598,-1.220712E-04,-3.585834E-04,-.001
3.196598,-1.144414E-04,-5.340613E-04,.001
3.197599,-7.629453E-06,-4.119892E-04,-2.33333E-03
3.198599,0,-9.918259E-05,-.002
3.1996,-3.051781E-05,6.866502E-05,-6.66667E-04
3.2006,4.57766E-05,-5.340599E-05,-6.66667E-04
3.201601,-7.629453E-06,-6.866502E-05,-.002
3.202601,8.392381E-05,-1.3733E-04,-6.66667E-04
3.203602,3.051781E-05,1.831064E-04,2.33333E-03
3.204602,3.051781E-05,4.196186E-04,2.33333E-03
3.205603,-1.06812E-04,3.356952E-04,-6.66667E-04
3.206603,-1.983652E-04,1.3733E-04,-.002
3.207604,-2.670307E-04,8.392381E-05,-.002
3.208604,3.051781E-05,3.738422E-04,-2.33333E-03
3.209605,1.525891E-05,3.280658E-04,.001
3.210605,-2.365122E-04,-1.983652E-04,-2.33333E-03
3.211606,-3.89101E-04,-5.722083E-04,.002
3.212606,-3.662128E-04,-5.493201E-04,.002
3.213607,-2.288828E-04,-5.416907E-04,-.001
3.214607,-8.392381E-05,-5.188026E-04,-2.33333E-03
3.215608,1.907358E-04,-2.975482E-04,-3.66667E-03
3.216608,2.059946E-04,-5.493201E-04,-.001
3.217609,5.111732E-04,-3.585834E-04,-6.66667E-04
3.218609,3.50954E-04,-5.340599E-05,-.001
3.21961,4.196186E-04,2.822895E-04,-.002
3.22061,4.043598E-04,6.408729E-04,-2.33333E-03
3.221611,5.569495E-04,3.356952E-04,6.66667E-04
3.222611,5.264319E-04,-5.340599E-05,-6.66667E-04
3.223612,5.264319E-04,1.06812E-04,.001
3.224612,9.15532E-05,-5.340599E-05,-.002
3.225613,-1.525888E-04,5.340599E-05,-.001
3.226614,-1.525888E-04,5.340599E-05,-.002
3.227614,9.15532E-05,9.15532E-05,-.001
3.228614,2.899189E-04,2.822895E-04,-6.66667E-04
3.229615,7.629441E-05,4.88285E-04,6.66667E-04
3.230615,9.15532E-05,2.365122E-04,-6.66667E-04
3.231616,3.814721E-05,2.059946E-04,-.001
3.232616,9.918259E-05,1.297006E-04,-.001
3.233617,1.525888E-04,1.220712E-04,6.66667E-04
3.234617,-5.340599E-05,1.907358E-04,.001
3.235618,-2.517719E-04,4.653949E-04,-3.66667E-03
3.236619,3.051781E-05,1.602182E-04,-.002
3.237619,1.220712E-04,-1.678476E-04,2.33333E-03
3.238619,2.517719E-04,-7.629453E-06,2.33333E-03
3.23962,2.594013E-04,3.204364E-04,-.001
3.24062,5.340599E-05,4.196186E-04,-.001
3.241621,0,7.629441E-05,-6.66667E-04
3.242621,-3.814721E-05,1.525888E-04,-.001
3.243622,1.220712E-04,1.449594E-04,6.66667E-04
3.244622,3.814716E-04,1.144414E-04,-6.66667E-04
3.245623,2.517719E-04,1.220712E-04,-6.66667E-04
3.246624,1.06812E-04,6.866502E-05,-6.66667E-04
3.247624,1.831064E-04,1.75477E-04,-6.66667E-04
3.248624,2.594013E-04,9.15532E-05,.001
3.249625,2.517719E-04,4.730243E-04,6.66667E-04
3.250625,7.629441E-05,4.959144E-04,-.001
3.251626,-7.629453E-06,4.425067E-04,-6.66667E-04
3.252626,4.57766E-05,1.220712E-04,-6.66667E-04
3.253627,-4.501361E-04,-3.814721E-05,-.002
3.254627,-3.662128E-04,-3.051781E-05,6.66667E-04
3.255628,1.678476E-04,2.365122E-04,-6.66667E-04
3.256629,3.280658E-04,2.975482E-04,.001
3.257629,4.57766E-05,7.629441E-05,.001
3.258629,-8.392381E-05,-2.13624E-04,-6.66667E-04
3.25963,-6.103562E-05,-3.433246E-04,-6.66667E-04
3.26063,2.594013E-04,-3.051781E-05,.001
3.261631,5.722083E-04,-4.57766E-05,-.004
3.262631,5.035438E-04,4.57766E-05,-.001
3.263632,3.12807E-04,-1.983652E-04,-6.66667E-04
3.264632,4.348774E-04,-5.340599E-05,-.001
3.265633,9.15532E-05,-2.517719E-04,-.002
3.266634,2.28883E-05,-3.12807E-04,-3.66667E-03
3.267634,1.602182E-04,-5.340599E-05,-6.66667E-04
3.268634,3.280658E-04,-1.144414E-04,6.66667E-04
3.269635,3.356952E-04,-2.13624E-04,.002
3.270635,2.594013E-04,-6.103562E-05,-6.66667E-04
3.271636,5.798377E-04,1.831064E-04,-2.33333E-03
3.272636,6.485023E-04,2.746601E-04,-6.66667E-04
3.273637,3.585834E-04,1.525888E-04,-.002
3.274637,7.629441E-05,2.059946E-04,-6.66667E-04
3.275638,2.517719E-04,4.730243E-04,-6.66667E-04
3.276639,4.043598E-04,2.517719E-04,-.001
3.277639,3.50954E-04,4.348774E-04,-6.66667E-04
3.278639,1.75477E-04,5.340599E-05,.001
3.27964,-3.738422E-04,-9.15532E-05,-.002
3.28064,-4.959144E-04,-2.594013E-04,-.001
3.281641,-4.577655E-04,-3.204364E-04,.001
3.282641,-5.874671E-04,-7.629441E-05,6.66667E-04
3.283642,-6.408729E-04,-2.13624E-04,-6.66667E-04
3.284642,-8.392381E-05,1.06812E-04,-6.66667E-04
3.285643,1.525888E-04,1.831064E-04,-6.66667E-04
3.286644,1.525891E-05,1.831064E-04,6.66667E-04
3.287644,1.907358E-04,-3.051781E-05,-.002
3.288644,4.806537E-04,8.392381E-05,.001
3.289645,3.12807E-04,-1.678476E-04,6.66667E-04
3.290645,4.196186E-04,-4.806537E-04,-.002
3.291646,3.356952E-04,-3.738422E-04,-6.66667E-04
3.292646,1.525888E-04,0,-.002
3.293647,0,1.144414E-04,-6.66667E-04
3.294647,1.144414E-04,1.831064E-04,6.66667E-04
3.295648,2.670307E-04,3.814716E-04,-.001
3.296649,2.28883E-05,2.13624E-04,2.33333E-03
3.297649,9.918259E-05,-8.392381E-05,.001
3.298649,1.525888E-04,-1.06812E-04,-6.66667E-04
3.29965,3.12807E-04,-5.340599E-05,-2.33333E-03
3.30065,3.50954E-04,2.594013E-04,-.001
3.301651,4.57766E-05,2.059946E-04,-6.66667E-04
3.302651,-1.75477E-04,-2.670307E-04,.001
3.303652,-3.585834E-04,6.866502E-05,-.004
3.304652,-2.288828E-04,2.594013E-04,6.66667E-04
3.305653,-2.594013E-04,1.220712E-04,-.001
3.306653,-6.866502E-05,-3.12807E-04,-6.66667E-04
3.307654,-9.918259E-05,-3.433246E-04,-.002
3.308654,-2.365122E-04,-3.50954E-04,-6.66667E-04
3.309655,-7.629441E-05,-5.340599E-05,6.66667E-04
3.310655,-2.594013E-04,2.594013E-04,6.66667E-04
3.311656,-6.179847E-04,3.967304E-04,-6.66667E-04
3.312656,-5.416907E-04,3.662128E-04,-.002
3.313657,-7.629441E-05,1.525888E-04,6.66667E-04
3.314657,-1.602182E-04,7.629453E-06,-.002
3.315658,-7.247962E-04,-4.57766E-05,.001
3.316658,-8.392371E-04,9.918259E-05,.001
3.317659,-8.010902E-04,1.297006E-04,-.001
3.318659,-3.814716E-04,0,-6.66667E-04
3.31966,-5.493201E-04,-9.15532E-05,-.001
3.32066,-6.561317E-04,-2.365122E-04,-.001
3.321661,-9.15532E-05,-4.806537E-04,6.66667E-04
3.322661,-1.602182E-04,-2.670307E-04,-.002
3.323662,-2.365122E-04,-2.28883E-05,-.001
3.324662,-9.918259E-05,3.662128E-04,-6.66667E-04
3.325663,2.746601E-04,3.12807E-04,-.001
3.326663,-6.103562E-05,5.340599E-05,-.001
3.327664,-1.06812E-04,-1.06812E-04,-6.66667E-04
3.328664,6.866502E-05,1.983652E-04,-.001
3.329665,-1.602182E-04,9.613074E-04,-.002
3.330665,-4.806537E-04,6.942786E-04,-.002
3.331666,-4.119892E-04,3.585834E-04,-6.66667E-04
3.332666,-6.256141E-04,3.585834E-04,.001
3.333667,-2.594013E-04,3.12807E-04,-6.66667E-04
3.334667,-1.06812E-04,1.983652E-04,-.001
3.335668,7.629441E-05,-3.204364E-04,-.001
3.336668,-6.866502E-05,-5.722083E-04,.001
3.337669,-3.814721E-05,-5.798377E-04,-.004
3.338669,2.212534E-04,-7.78202E-04,-.001
3.33967,5.798377E-04,-4.119892E-04,-3.66667E-03
3.34067,9.918259E-05,-2.899189E-04,-.002
3.341671,-3.051776E-04,-2.822895E-04,6.66667E-04
3.342671,-3.051776E-04,-2.670307E-04,.001
3.343672,-2.059946E-04,-2.517719E-04,.001
3.344672,2.28883E-05,7.629441E-05,6.66667E-04
3.345673,1.3733E-04,2.441425E-04,6.66667E-04
3.346673,3.280658E-04,3.89101E-04,6.66667E-04
3.347674,3.204364E-04,5.340599E-05,-6.66667E-04
3.348674,-9.918259E-05,-3.433246E-04,-2.33333E-03
3.349675,-2.288828E-04,-4.577655E-04,-6.66667E-04
3.350675,3.814721E-05,-5.264319E-04,-.002
3.351676,3.051776E-04,-5.340613E-04,6.66667E-04
3.352676,2.059946E-04,-5.111732E-04,-.002
3.353677,5.950965E-04,-9.15532E-05,-6.66667E-04
3.354677,2.746601E-04,1.220712E-04,.001
3.355678,2.822895E-04,2.28883E-05,.001
3.356678,3.662128E-04,-2.28883E-05,6.66667E-04
3.357679,1.75477E-04,5.340599E-05,6.66667E-04
3.358679,-1.602182E-04,-3.280658E-04,.001
3.35968,-1.831064E-04,-3.356952E-04,-6.66667E-04
3.36068,7.629453E-06,4.57766E-05,6.66667E-04
3.361681,7.629441E-05,-1.75477E-04,-2.33333E-03
3.362681,1.449594E-04,-4.043598E-04,-6.66667E-04
3.363682,1.602182E-04,-1.602182E-04,-6.66667E-04
3.364682,1.907358E-04,-3.738422E-04,-6.66667E-04
3.365683,-1.525888E-04,-4.57766E-05,-.001
3.366683,-3.585834E-04,-1.144414E-04,-.001
3.367684,-2.670307E-04,-3.204364E-04,6.66667E-04
3.368684,1.525888E-04,7.629453E-06,-6.66667E-04
3.369685,1.06812E-04,1.525888E-04,-6.66667E-04
3.370685,4.57766E-05,1.525888E-04,6.66667E-04
3.371686,-1.602182E-04,3.356952E-04,6.66667E-04
3.372686,-3.50954E-04,1.525888E-04,-6.66667E-04
3.373687,-4.653949E-04,1.297006E-04,6.66667E-04
3.374687,-1.136787E-03,1.06812E-04,.002
3.375688,-9.307899E-04,3.50954E-04,-.001
3.376688,-6.790198E-04,2.822895E-04,.001
3.377689,-1.220712E-04,-2.975482E-04,-.001
3.378689,-1.144414E-04,-2.899189E-04,.001
3.37969,-1.602182E-04,-1.602182E-04,-.002
3.38069,-1.220712E-04,-3.814721E-05,.001
3.381691,-1.75477E-04,9.15532E-05,-6.66667E-04
3.382691,-4.501361E-04,2.594013E-04,6.66667E-04
3.383692,-4.959144E-04,3.814716E-04,-6.66667E-04
3.384692,-4.501361E-04,4.196186E-04,-.002
3.385693,-2.899189E-04,4.730243E-04,-2.33333E-03
3.386693,-9.15532E-05,6.103553E-04,-6.66667E-04
3.387694,-1.602182E-04,6.179847E-04,-6.66667E-04
3.388694,-1.144414E-04,-1.220712E-04,-.002
3.389695,-2.365122E-04,-4.959144E-04,6.66667E-04
3.390696,-3.12807E-04,-3.433246E-04,6.66667E-04
3.391696,-4.043598E-04,-1.144414E-04,-2.33333E-03
3.392696,-3.051776E-04,-4.57766E-05,6.66667E-04
3.393697,-3.204364E-04,2.746601E-04,.002
3.394697,-1.3733E-04,2.13624E-04,-6.66667E-04
3.395698,9.15532E-05,1.449594E-04,-2.33333E-03
3.396698,2.13624E-04,2.13624E-04,6.66667E-04
3.397699,-1.678476E-04,5.874671E-04,.001
3.398699,-3.280658E-04,3.204364E-04,-.002
3.3997,-2.212534E-04,3.738422E-04,-2.33333E-03
3.400701,-2.670307E-04,3.433246E-04,-6.66667E-04
3.401701,-2.975482E-04,6.866502E-05,6.66667E-04
3.402701,-4.27248E-04,1.3733E-04,6.66667E-04
3.403702,-2.441425E-04,-9.918259E-05,6.66667E-04
3.404702,-2.13624E-04,-3.280658E-04,-.002
3.405703,-1.06812E-04,3.051781E-05,-6.66667E-04
3.406703,-2.13624E-04,3.662128E-04,-6.66667E-04
3.407704,-3.051776E-04,5.798377E-04,.001
3.408704,-3.12807E-04,3.662128E-04,-.001
3.409705,-3.814716E-04,1.06812E-04,.001
3.410706,-1.113899E-03,-4.501361E-04,-.001
3.411706,-1.388557E-03,-3.204364E-04,-.002
3.412706,-1.136787E-03,2.594013E-04,-.002
3.413707,-9.994581E-04,2.059946E-04,.001
3.414707,-1.274116E-03,5.340599E-05,.001
3.415708,-1.693733E-03,-2.670307E-04,-6.66667E-04
3.416708,-2.07521E-03,-1.75477E-04,6.66667E-04
3.417709,-1.625068E-03,-1.602182E-04,-3.66667E-03
3.418709,-1.464851E-03,1.525888E-04,-.001
3.41971,-2.044693E-03,1.525891E-05,-.002
3.420711,-2.464309E-03,-4.57766E-05,-6.66667E-04
3.421711,-2.784744E-03,-3.356952E-04,-.001
3.422711,-3.540054E-03,-4.577655E-04,-6.66667E-04
3.423712,-4.241973E-03,-5.645789E-04,-2.33333E-03
3.424712,-5.073577E-03,-5.188026E-04,6.66667E-04
3.425713,-6.401092E-03,-6.63761E-04,-6.66667E-04
3.426713,-7.858336E-03,-7.78202E-04,-2.33333E-03
3.427714,-9.353697E-03,-7.40055E-04,-.002
3.428714,-1.107794E-02,-1.075752E-03,-6.66667E-04
3.429715,-1.252753E-02,-1.312263E-03,6.66667E-04
3.430716,-1.473242E-02,-1.907356E-03,-6.66667E-04
3.431716,-1.646435E-02,-1.976028E-03,6.66667E-04
3.432716,-1.824963E-02,-2.159134E-03,.001
3.433717,-1.993573E-02,-2.182022E-03,-6.66667E-04
3.434717,-2.119458E-02,-2.33461E-03,.001
3.435718,-2.171338E-02,-2.380386E-03,.001
3.436718,-2.148449E-02,-2.433792E-03,-.002
3.437719,-2.035534E-02,-2.471939E-03,-3.66667E-03
3.438719,-1.901257E-02,-1.85395E-03,.001
3.43972,-1.757824E-02,-1.693733E-03,-6.66667E-04
3.440721,-1.578534E-02,-1.426704E-03,-6.66667E-04
3.441721,-1.403815E-02,-1.007088E-03,6.66667E-04
3.442721,-1.232153E-02,-9.307899E-04,6.66667E-04
3.443722,-1.001745E-02,-7.171668E-04,-.001
3.444722,-8.331358E-03,-6.713904E-04,6.66667E-04
3.445723,-7.347137E-03,-4.577655E-04,-.002
3.446723,-5.92044E-03,-5.569495E-04,.001
3.447724,-4.753143E-03,-2.670307E-04,-6.66667E-04
3.448724,-3.84523E-03,-3.12807E-04,-.001
3.449725,-3.189102E-03,-3.585834E-04,6.66667E-04
3.450726,-2.822891E-03,-3.50954E-04,.002
3.451726,-2.296463E-03,-9.918259E-05,.001
3.452726,-2.128616E-03,-3.89101E-04,.001
3.453727,-1.823433E-03,-3.585834E-04,-6.66667E-04
3.454727,-1.396187E-03,-6.866502E-05,-6.66667E-04
3.455728,-1.136787E-03,-2.822895E-04,-.001
3.456728,-9.384193E-04,-5.340613E-04,-.001
3.457729,-3.738422E-04,-2.288828E-04,.001
3.458729,-3.204364E-04,-7.629453E-06,-.001
3.45973,-7.629441E-05,1.907358E-04,-6.66667E-04
3.460731,-2.288828E-04,1.678476E-04,-6.66667E-04
3.461731,-2.441425E-04,-1.831064E-04,-.002
3.462731,-5.340599E-05,-2.899189E-04,-.002
3.463732,-3.051781E-05,-2.28883E-05,-.001
3.464732,4.57766E-05,1.907358E-04,.001
3.465733,-1.525891E-05,4.730243E-04,-6.66667E-04
3.466733,-5.340599E-05,7.171668E-04,.001
3.467734,-2.670307E-04,5.035438E-04,-6.66667E-04
3.468734,-1.06812E-04,2.365122E-04,-.001
3.469735,1.449594E-04,3.814721E-05,2.33333E-03
3.470736,9.15532E-05,2.594013E-04,-.001
3.471736,-5.340599E-05,-1.297006E-04,6.66667E-04
3.472736,-2.212534E-04,-9.918259E-05,-6.66667E-04
3.473737,-2.441425E-04,-1.831064E-04,-2.33333E-03
3.474737,-4.57766E-05,3.051781E-05,6.66667E-04
3.475738,-3.738422E-04,2.365122E-04,-6.66667E-04
3.476738,-2.441425E-04,-1.525888E-04,-6.66667E-04
3.477739,-1.144414E-04,-5.340599E-05,6.66667E-04
3.478739,-2.059946E-04,1.831064E-04,-.004
3.47974,-1.297006E-04,5.340599E-05,6.66667E-04
3.480741,-2.822895E-04,-5.340599E-05,-.001
3.481741,-2.594013E-04,-2.746601E-04,-6.66667E-04
3.482741,-3.738422E-04,-2.670307E-04,-6.66667E-04
3.483742,-1.3733E-04,-1.525891E-05,6.66667E-04
3.484742,-3.738422E-04,-4.57766E-05,-6.66667E-04
3.485743,-7.40055E-04,-9.918259E-05,6.66667E-04
3.486743,-5.340613E-04,1.144414E-04,-6.66667E-04
3.487744,-3.204364E-04,4.806537E-04,-.002
3.488744,-1.75477E-04,7.78202E-04,-.001
3.489745,-1.297006E-04,3.204364E-04,-3.66667E-03
3.490746,8.392381E-05,6.103562E-05,-6.66667E-04
3.491746,3.204364E-04,-2.13624E-04,-6.66667E-04
3.492746,4.196186E-04,-6.179847E-04,6.66667E-04
3.493747,4.196186E-04,-8.697547E-04,.001
3.494747,4.196186E-04,-6.332435E-04,-6.66667E-04
3.495748,5.722083E-04,-3.814716E-04,-.002
3.496748,6.485023E-04,-5.416907E-04,-6.66667E-04
3.497749,5.722083E-04,-3.204364E-04,.001
3.498749,2.594013E-04,-2.441425E-04,-6.66667E-04
3.49975,1.06812E-04,-2.13624E-04,-6.66667E-04
3.500751,4.196186E-04,-3.814716E-04,-2.33333E-03
3.501751,2.899189E-04,-3.280658E-04,-2.33333E-03
3.502751,1.525888E-04,-7.78202E-04,-6.66667E-04
3.503752,1.831064E-04,-6.713904E-04,-.001
3.504752,2.059946E-04,-5.950965E-04,6.66667E-04
3.505753,1.3733E-04,-5.035438E-04,-.001
3.506753,1.678476E-04,-6.256141E-04,-6.66667E-04
3.507754,2.441425E-04,-2.670307E-04,-.001
3.508754,2.441425E-04,-6.866502E-05,-6.66667E-04
3.509755,2.899189E-04,-1.75477E-04,6.66667E-04
3.510756,5.264319E-04,-6.103562E-05,-.001
3.511756,8.392381E-05,4.196186E-04,-6.66667E-04
3.512756,-4.577655E-04,2.975482E-04,.001
3.513757,-3.738422E-04,-1.678476E-04,6.66667E-04
3.514757,-3.50954E-04,-1.831064E-04,-.001
3.515758,-5.798377E-04,-1.06812E-04,-.002
3.516758,-4.88285E-04,-2.670307E-04,-.001
3.517759,-7.247962E-04,-1.06812E-04,-6.66667E-04
3.518759,-7.247962E-04,-2.28883E-05,-6.66667E-04
3.51976,-7.858314E-04,1.06812E-04,.001
3.520761,-6.408729E-04,4.57766E-05,-.001
3.521761,-6.866492E-04,-9.15532E-05,.001
3.522761,-3.50954E-04,-1.220712E-04,6.66667E-04
3.523762,-4.27248E-04,-7.629453E-06,.001
3.524762,-4.27248E-04,2.212534E-04,-.001
3.525763,-4.806537E-04,3.356952E-04,-6.66667E-04
3.526763,-6.027259E-04,3.738422E-04,6.66667E-04
3.527764,-5.874671E-04,1.3733E-04,-6.66667E-04
3.528764,-2.517719E-04,-4.27248E-04,-.002
3.529765,-1.831064E-04,-3.051776E-04,.001
3.530766,-3.204364E-04,1.75477E-04,-.002
3.531766,-3.585834E-04,1.75477E-04,-.002
3.532766,-2.822895E-04,9.918259E-05,.001
3.533767,-1.602182E-04,3.814721E-05,-6.66667E-04
3.534767,-9.918259E-05,5.340599E-05,-.002
3.535768,2.13624E-04,-3.051781E-05,2.33333E-03
3.536768,3.738422E-04,-5.569495E-04,-.002
3.537769,1.220712E-04,-5.569495E-04,-6.66667E-04
3.538769,-5.188026E-04,-4.27248E-04,-.002
3.53977,-3.280658E-04,-4.577655E-04,2.33333E-03
3.540771,0,-6.103562E-05,6.66667E-04
3.541771,-4.57766E-05,2.365122E-04,.001
3.542771,-2.13624E-04,3.662128E-04,-6.66667E-04
3.543772,-5.188026E-04,3.50954E-04,-.002
3.544772,-3.433246E-04,3.814721E-05,-.002
3.545773,-4.043598E-04,-3.738422E-04,6.66667E-04
3.546773,-2.899189E-04,-5.798377E-04,-.001
3.547774,-3.662128E-04,-3.585834E-04,-6.66667E-04
3.548774,-1.3733E-04,6.866502E-05,-6.66667E-04
3.549775,-2.212534E-04,5.874671E-04,-.001
3.550776,-4.88285E-04,1.983652E-04,-.001
3.551776,-2.975482E-04,-5.340599E-05,-2.33333E-03
3.552776,-4.959144E-04,7.629441E-05,6.66667E-04
3.553777,-3.585834E-04,1.449594E-04,6.66667E-04
3.554777,-4.425067E-04,-3.585834E-04,-.002
3.555778,-9.918287E-04,-3.585834E-04,-.001
3.556778,-1.136787E-03,-4.119892E-04,6.66667E-04
3.557779,-1.091011E-03,-3.12807E-04,-6.66667E-04
3.558779,-1.235969E-03,-1.678476E-04,-.001
3.55978,-1.327522E-03,-3.051781E-05,-.001
3.560781,-1.548775E-03,2.746601E-04,-.002
3.561781,-1.914985E-03,1.297006E-04,.001
3.562781,-1.991287E-03,-1.602182E-04,-.002
3.563782,-2.372757E-03,-2.670307E-04,.001
3.564783,-2.861038E-03,-2.13624E-04,-.001
3.565783,-3.425613E-03,1.525891E-05,-6.66667E-04
3.566783,-4.112273E-03,-1.602182E-04,.002
3.567784,-3.898636E-03,-4.806537E-04,-2.33333E-03
3.568784,-3.623977E-03,-3.585834E-04,6.66667E-04
3.569785,-3.646865E-03,-3.814716E-04,-.002
3.570786,-3.33406E-03,-1.220712E-04,-3.66667E-03
3.571786,-2.891555E-03,-2.13624E-04,-6.66667E-04
3.572786,-2.365127E-03,-4.119892E-04,6.66667E-04
3.573787,-2.235427E-03,-3.280658E-04,-.001
3.574788,-2.166763E-03,-6.027259E-04,.002
3.575788,-1.907356E-03,-8.316077E-04,-6.66667E-04
3.576788,-1.73188E-03,-4.653949E-04,-6.66667E-04
3.577789,-1.274116E-03,-5.340599E-05,.001
3.578789,-6.561317E-04,7.629441E-05,6.66667E-04
3.57979,-4.043598E-04,4.57766E-05,-.001
3.580791,-3.738422E-04,-5.340599E-05,-.001
3.581791,-2.365122E-04,1.220712E-04,6.66667E-04
3.582791,-2.594013E-04,-7.629453E-06,-.002
3.583792,-3.051776E-04,3.585834E-04,.001
3.584793,-2.975482E-04,3.051781E-05,-6.66667E-04
3.585793,-1.678476E-04,-1.525891E-05,-.002
3.586793,-2.28883E-05,1.907358E-04,.001
3.587794,9.918259E-05,3.204364E-04,-.001
3.588794,-7.629453E-06,9.918259E-05,-2.33333E-03
3.589795,-6.866502E-05,-4.57766E-05,-.001
3.590796,-5.645789E-04,1.75477E-04,-.001
3.591796,-5.340613E-04,2.822895E-04,-6.66667E-04
3.592796,-1.831064E-04,4.88285E-04,-.001
3.593797,1.678476E-04,5.188026E-04,-.001
3.594798,3.89101E-04,3.433246E-04,-.002
3.595798,6.256141E-04,9.918259E-05,.002
3.596798,4.653949E-04,-3.051781E-05,.001
3.597799,5.950965E-04,-2.365122E-04,-.004
3.598799,8.239783E-04,-4.88285E-04,6.66667E-04
3.5998,5.569495E-04,-1.907358E-04,-6.66667E-04
3.600801,-9.15532E-05,1.678476E-04,-.001
3.601801,-1.144414E-04,2.746601E-04,-6.66667E-04
3.602801,2.28883E-05,-2.746601E-04,-.001
3.603802,1.220712E-04,-6.485023E-04,-6.66667E-04
3.604803,1.3733E-04,-1.983652E-04,.001
3.605803,-2.975482E-04,6.866502E-05,-.001
3.606803,-1.220712E-04,1.525888E-04,6.66667E-04
3.607804,3.12807E-04,4.806537E-04,6.66667E-04
3.608804,1.3733E-04,6.866492E-04,-.001
3.609805,-3.051781E-05,2.594013E-04,6.66667E-04
3.610806,1.3733E-04,3.051781E-05,-6.66667E-04
3.611806,2.059946E-04,1.75477E-04,-.001
3.612806,1.06812E-04,1.144414E-04,6.66667E-04
3.613807,7.629441E-05,7.629453E-06,-6.66667E-04
3.614808,1.75477E-04,0,-.001
3.615808,3.662128E-04,-8.392381E-05,-.002
3.616808,2.899189E-04,-1.06812E-04,-.001
3.617809,3.50954E-04,-1.144414E-04,-6.66667E-04
3.618809,1.907358E-04,2.365122E-04,-.002
3.61981,-2.441425E-04,5.340599E-05,-.002
3.620811,-4.806537E-04,1.3733E-04,-6.66667E-04
3.621811,-1.144414E-04,-1.144414E-04,6.66667E-04
3.622811,6.866502E-05,-5.264319E-04,-.002
3.623812,3.051781E-05,-2.822895E-04,-6.66667E-04
3.624813,1.678476E-04,-2.899189E-04,-6.66667E-04
3.625813,3.738422E-04,-2.670307E-04,-3.66667E-03
3.626813,3.814716E-04,-1.06812E-04,6.66667E-04
3.627814,2.28883E-05,6.866502E-05,-6.66667E-04
3.628814,-2.594013E-04,2.594013E-04,6.66667E-04
3.629815,-3.051781E-05,2.517719E-04,.001
3.630816,-3.051781E-05,3.662128E-04,-2.33333E-03
3.631816,-6.103562E-05,1.678476E-04,6.66667E-04
3.632816,2.28883E-05,-1.297006E-04,-6.66667E-04
3.633817,2.13624E-04,2.059946E-04,-6.66667E-04
3.634818,-3.814721E-05,4.425067E-04,-.001
3.635818,4.653949E-04,5.035438E-04,6.66667E-04
3.636818,7.324256E-04,4.119892E-04,-.002
3.637819,1.75477E-04,2.28883E-05,6.66667E-04
3.638819,2.365122E-04,-1.678476E-04,-3.66667E-03
3.63982,3.051781E-05,9.918259E-05,-6.66667E-04
3.640821,-1.06812E-04,3.662128E-04,-6.66667E-04
3.641821,-1.3733E-04,3.50954E-04,-.001
3.642821,-4.57766E-05,7.629453E-06,-.002
3.643822,2.594013E-04,2.28883E-05,.001
3.644823,2.365122E-04,2.594013E-04,-.004
3.645823,5.340599E-05,2.899189E-04,.001
3.646823,2.059946E-04,1.525888E-04,-3.66667E-03
3.647824,3.433246E-04,5.188026E-04,6.66667E-04
3.648824,6.179847E-04,6.179847E-04,.002
3.649825,5.874671E-04,2.365122E-04,.002
3.650826,4.27248E-04,-1.3733E-04,-6.66667E-04
3.651826,4.348774E-04,-9.15532E-05,6.66667E-04
3.652826,1.525888E-04,-2.441425E-04,.002
3.653827,-1.220712E-04,-3.814716E-04,-.001
3.654828,-3.280658E-04,-5.874671E-04,-.002
3.655828,-3.280658E-04,-1.449594E-04,.002
3.656828,-3.967304E-04,1.831064E-04,-6.66667E-04
3.657829,-5.035438E-04,0,-6.66667E-04
3.658829,-4.27248E-04,4.119892E-04,-.001
3.65983,-4.043598E-04,3.12807E-04,-.001
3.66083,-7.934608E-04,-1.525891E-05,-.002
3.661831,-1.029976E-03,-2.670307E-04,-.002
3.662831,-1.434334E-03,-2.899189E-04,-6.66667E-04
3.663832,-1.976028E-03,-7.629441E-05,-2.33333E-03
3.664833,-2.479568E-03,-6.866502E-05,-3.66667E-03
3.665833,-2.922073E-03,2.059946E-04,-.001
3.666833,-3.120437E-03,1.525891E-05,.002
3.667834,-3.913909E-03,-1.144414E-04,-.001
3.668834,-4.40982E-03,-4.425067E-04,6.66667E-04
3.669835,-4.844695E-03,-3.280658E-04,.001
3.670835,-5.485564E-03,-6.103553E-04,-.002
3.671836,-5.615264E-03,-2.517719E-04,-3.66667E-03
3.672836,-5.310088E-03,-2.212534E-04,6.66667E-04
3.673837,-.0054169,-1.297006E-04,.001
3.674838,-5.386382E-03,-3.89101E-04,6.66667E-04
3.675838,-4.65396E-03,-1.525888E-04,-.001
3.676838,-4.333526E-03,-8.392381E-05,-.001
3.677839,-3.936797E-03,3.051781E-05,-6.66667E-04
3.678839,-3.433242E-03,3.051781E-05,-.001
3.67984,-2.937332E-03,0,.001
3.68084,-2.380386E-03,-2.899189E-04,.001
3.681841,-2.014175E-03,-1.06812E-04,6.66667E-04
3.682841,-1.670845E-03,-3.738422E-04,-.001
3.683842,-1.136787E-03,-4.348774E-04,6.66667E-04
3.684843,-8.468665E-04,-2.517719E-04,-2.33333E-03
3.685843,-4.501361E-04,2.28883E-05,-.002
3.686843,-6.332435E-04,3.662128E-04,-6.66667E-04
3.687844,-7.476844E-04,3.280658E-04,.001
3.688844,-8.544959E-04,1.831064E-04,-.001
3.689845,-1.220711E-03,-1.678476E-04,.001
3.690845,-1.289375E-03,-2.822895E-04,-6.66667E-04
3.691846,-6.408729E-04,-1.449594E-04,-3.66667E-03
3.692847,-8.621253E-04,1.525891E-05,-.001
3.693847,-7.78202E-04,2.975482E-04,-6.66667E-04
3.694848,-6.103553E-04,5.645789E-04,-.001
3.695848,-4.806537E-04,5.264319E-04,.001
3.696848,-3.433246E-04,2.365122E-04,-6.66667E-04
3.697849,-3.50954E-04,4.119892E-04,-.001
3.698849,-5.645789E-04,6.561317E-04,6.66667E-04
3.69985,-5.569495E-04,5.340613E-04,-.001
3.70085,-7.934608E-04,3.662128E-04,.002
3.701851,-8.316077E-04,7.629453E-06,.002
3.702852,-3.738422E-04,-2.365122E-04,-6.66667E-04
3.703852,-2.13624E-04,-1.06812E-04,-.001
3.704853,-9.918259E-05,-1.220712E-04,-.001
3.705853,-2.594013E-04,-2.059946E-04,-2.33333E-03
3.706853,-7.629453E-06,-4.196186E-04,6.66667E-04
3.707854,-1.449594E-04,-2.441425E-04,.001
3.708854,-4.806537E-04,4.425067E-04,6.66667E-04
3.709855,-3.89101E-04,3.433246E-04,.001
3.710855,-6.179847E-04,1.525891E-05,-.002
3.711856,-7.629432E-04,-1.602182E-04,-.001
3.712857,-5.874671E-04,-1.907358E-04,.001
3.713857,-3.585834E-04,-2.212534E-04,-2.33333E-03
3.714858,-7.629441E-05,-2.441425E-04,6.66667E-04
3.715858,-2.288828E-04,-2.288828E-04,-.002
3.716858,-1.06812E-04,2.517719E-04,.001
3.717859,-1.144414E-04,1.907358E-04,.002
3.718859,-1.297006E-04,7.705726E-04,6.66667E-04
3.71986,-4.577655E-04,6.103553E-04,-.002
3.72086,-1.3733E-04,5.874671E-04,-.002
3.721861,3.814721E-05,4.27248E-04,-.002
3.722862,8.392381E-05,2.899189E-04,-6.66667E-04
3.723862,5.340599E-05,1.449594E-04,.002
3.724863,3.12807E-04,6.485023E-04,-.002
3.725863,9.15532E-05,2.899189E-04,2.33333E-03
3.726863,-2.441425E-04,-3.814716E-04,-.001
3.727864,-3.738422E-04,-4.043598E-04,6.66667E-04
3.728864,-1.06812E-04,-1.449594E-04,-.002
3.729865,-9.918259E-05,-2.517719E-04,-.002
3.730865,-3.051781E-05,-1.75477E-04,-6.66667E-04
3.731866,5.493201E-04,-1.06812E-04,6.66667E-04
3.732867,5.111732E-04,-4.959144E-04,-2.33333E-03
3.733867,3.12807E-04,-1.75477E-04,-.002
3.734868,1.831064E-04,1.3733E-04,.001
3.735868,-6.866502E-05,9.15532E-05,6.66667E-04
3.736868,-3.738422E-04,4.27248E-04,-6.66667E-04
3.737869,-3.662128E-04,3.967304E-04,.001
3.73887,0,2.670307E-04,-.002
3.73987,1.602182E-04,1.602182E-04,-.001
3.74087,2.13624E-04,3.204364E-04,.001
3.741871,3.585834E-04,1.678476E-04,-.001
3.742872,2.670307E-04,2.288828E-04,-6.66667E-04
3.743872,-7.629441E-05,4.577655E-04,-.001
3.744873,-3.12807E-04,4.806537E-04,.001
3.745873,-2.594013E-04,9.918287E-04,.001
3.746873,-4.57766E-05,1.022346E-03,-.001
3.747874,-2.975482E-04,4.653949E-04,-3.66667E-03
3.748875,-3.051776E-04,-4.27248E-04,-.002
3.749875,-5.111732E-04,-3.662128E-04,-.001
3.750875,-5.035438E-04,9.918259E-05,-.001
3.751876,-1.06812E-04,2.28883E-05,.002
3.752877,1.983652E-04,-1.297006E-04,-6.66667E-04
3.753877,1.297006E-04,-6.103562E-05,.001
3.754878,-3.356952E-04,7.629453E-06,6.66667E-04
3.755878,-4.653949E-04,-1.678476E-04,6.66667E-04
3.756878,-2.365122E-04,-3.50954E-04,-.001
3.757879,-6.713904E-04,-1.297006E-04,-.002
3.75888,-5.874671E-04,-3.204364E-04,.001
3.75988,-5.493201E-04,-2.212534E-04,.001
3.76088,-2.975482E-04,8.392381E-05,-6.66667E-04
3.761881,1.983652E-04,-9.15532E-05,-.001
3.762882,1.3733E-04,-2.441425E-04,-.002
3.763882,-1.907358E-04,-2.441425E-04,-6.66667E-04
3.764883,-1.297006E-04,-1.144414E-04,-6.66667E-04
3.765883,5.340599E-05,6.485023E-04,-6.66667E-04
3.766883,1.220712E-04,8.392371E-04,-6.66667E-04
3.767884,1.907358E-04,4.959144E-04,.001
3.768885,-3.051776E-04,4.57766E-05,-.001
3.769885,-4.043598E-04,-3.051776E-04,2.33333E-03
3.770885,-3.814716E-04,-1.525891E-05,-.001
3.771886,-1.907358E-04,0,-6.66667E-04
3.772887,4.57766E-05,0,6.66667E-04
3.773887,1.75477E-04,-9.918259E-05,-6.66667E-04
3.774888,1.449594E-04,-1.831064E-04,-.001
3.775888,9.918259E-05,-1.983652E-04,-.002
3.776888,3.051781E-05,-6.866502E-05,-.001
3.777889,6.103562E-05,9.15532E-05,-.001
3.77889,-3.738422E-04,2.822895E-04,-.001
3.77989,-4.043598E-04,2.594013E-04,-.001
3.78089,-3.585834E-04,-3.051781E-05,6.66667E-04
3.781891,-7.629441E-05,-3.814721E-05,6.66667E-04
3.782892,-1.602182E-04,-7.629441E-05,2.33333E-03
3.783892,-2.746601E-04,-3.280658E-04,-.001
3.784893,-2.212534E-04,-1.75477E-04,-.001
3.785893,-2.975482E-04,-3.814721E-05,-.002
3.786893,-5.874671E-04,-2.594013E-04,-.001
3.787894,-5.340613E-04,-1.678476E-04,-.001
3.788895,-1.167305E-03,0,-.002
3.789895,-1.571663E-03,5.416907E-04,-2.33333E-03
3.790895,-1.85395E-03,8.773841E-04,-.001
3.791896,-2.563491E-03,5.264319E-04,6.66667E-04
3.792897,-3.677383E-03,3.967304E-04,-6.66667E-04
3.793897,-4.91336E-03,5.798377E-04,-2.33333E-03
3.794898,-6.538421E-03,4.27248E-04,6.66667E-04
3.795898,-7.68283E-03,2.059946E-04,-.001
3.796898,-9.018004E-03,2.059946E-04,6.66667E-04
3.797899,-9.544432E-03,2.13624E-04,-.002
3.7989,-9.57495E-03,3.12807E-04,-.001
3.7999,-9.140074E-03,2.28883E-05,-.001
3.8009,-8.201659E-03,-1.983652E-04,-6.66667E-04
3.801901,-7.30899E-03,3.585834E-04,-.001
3.802902,-5.767852E-03,3.12807E-04,-.001
3.803902,-4.310638E-03,4.57766E-05,-6.66667E-04
3.804903,-3.227249E-03,-8.392381E-05,-6.66667E-04
3.805903,-2.113357E-03,-1.525888E-04,6.66667E-04
3.806903,-1.159675E-03,-1.3733E-04,-.001
3.807904,-5.569495E-04,1.907358E-04,-6.66667E-04
3.808905,-2.746601E-04,4.959144E-04,-6.66667E-04
3.809905,-3.204364E-04,3.50954E-04,-6.66667E-04
3.810905,-3.204364E-04,1.449594E-04,-6.66667E-04
3.811906,7.629453E-06,4.196186E-04,.001
3.812907,1.678476E-04,3.662128E-04,-6.66667E-04
3.813907,-3.50954E-04,1.678476E-04,-6.66667E-04
3.814908,-5.340599E-05,-3.204364E-04,6.66667E-04
3.815908,1.297006E-04,-5.798377E-04,-6.66667E-04
3.816908,1.525888E-04,-1.602182E-04,-.001
3.817909,-5.340599E-05,-7.629453E-06,.001
3.81891,-3.738422E-04,8.392381E-05,6.66667E-04
3.81991,-2.670307E-04,3.356952E-04,-.001
3.82091,-1.449594E-04,4.88285E-04,-.002
3.821911,0,4.653949E-04,6.66667E-04
3.822912,-1.449594E-04,1.75477E-04,-6.66667E-04
3.823912,0,2.517719E-04,-.001
3.824913,4.57766E-05,-4.196186E-04,-.001
3.825913,-1.602182E-04,-3.051776E-04,-6.66667E-04
3.826913,-1.907358E-04,-2.899189E-04,-.001
3.827914,-2.212534E-04,-4.348774E-04,-.002
3.828915,-5.340599E-05,-3.204364E-04,-3.66667E-03
3.829915,-3.814721E-05,-3.50954E-04,-6.66667E-04
3.830915,2.212534E-04,-3.280658E-04,-6.66667E-04
3.831916,2.822895E-04,-1.602182E-04,-6.66667E-04
3.832916,4.653949E-04,2.594013E-04,-.002
3.833917,4.959144E-04,6.332435E-04,-2.33333E-03
3.834918,3.814716E-04,9.460486E-04,-6.66667E-04
3.835918,5.188026E-04,9.689368E-04,-6.66667E-04
3.836918,-1.525891E-05,5.416907E-04,-6.66667E-04
3.837919,0,2.059946E-04,-.002
3.83892,8.392381E-05,-2.13624E-04,6.66667E-04
3.83992,-1.144414E-04,-6.713904E-04,-6.66667E-04
3.84092,1.525891E-05,-3.433246E-04,-.001
3.841921,-3.051776E-04,-1.75477E-04,-.001
3.842921,-6.256141E-04,1.678476E-04,-.001
3.843922,-5.416907E-04,8.392381E-05,-6.66667E-04
3.844923,-3.738422E-04,-1.3733E-04,-2.33333E-03
3.845923,5.340599E-05,-2.288828E-04,-.001
3.846923,-3.051781E-05,-1.06812E-04,-6.66667E-04
3.847924,2.899189E-04,2.059946E-04,-.001
3.848925,3.967304E-04,7.324256E-04,6.66667E-04
3.849925,1.449594E-04,5.722083E-04,-6.66667E-04
3.850925,-5.340599E-05,3.12807E-04,-6.66667E-04
3.851926,3.585834E-04,2.365122E-04,-2.33333E-03
3.852926,9.918259E-05,1.75477E-04,6.66667E-04
3.853927,2.365122E-04,1.983652E-04,-.001
3.854928,5.340599E-05,-1.907358E-04,-.001
3.855928,-8.392381E-05,-2.212534E-04,-3.66667E-03
3.856929,-3.051781E-05,-2.212534E-04,6.66667E-04
3.857929,3.814721E-05,-3.356952E-04,6.66667E-04
3.85893,3.051781E-05,-4.27248E-04,2.33333E-03
3.85993,-3.967304E-04,-3.738422E-04,-.002
3.86093,-5.340613E-04,-5.111732E-04,6.66667E-04
3.861931,2.28883E-05,-5.722083E-04,-.001
3.862931,-7.629453E-06,-5.264319E-04,-6.66667E-04
3.863932,-6.179847E-04,-5.569495E-04,-.001
3.864933,-7.40055E-04,-4.425067E-04,6.66667E-04
3.865933,-4.196186E-04,-3.738422E-04,.001
3.866934,-1.907358E-04,4.57766E-05,6.66667E-04
3.867934,1.525888E-04,-2.13624E-04,6.66667E-04
3.868935,2.822895E-04,4.57766E-05,-.002
3.869935,4.959144E-04,1.907358E-04,-6.66667E-04
3.870935,4.119892E-04,7.629441E-05,.001
3.871936,3.50954E-04,-3.89101E-04,-.001
3.872936,2.899189E-04,-2.212534E-04,-6.66667E-04
3.873937,-8.392381E-05,1.678476E-04,-3.66667E-03
3.874938,-3.051781E-05,0,-.002
3.875938,1.602182E-04,-7.629453E-06,6.66667E-04
3.876939,0,3.356952E-04,-.001
3.877939,6.866502E-05,2.670307E-04,-.002
3.87894,3.662128E-04,6.866502E-05,-6.66667E-04
3.87994,4.730243E-04,1.449594E-04,-3.66667E-03
3.88094,4.730243E-04,2.441425E-04,-.002
3.881941,3.051776E-04,-1.3733E-04,-6.66667E-04
3.882941,3.738422E-04,-1.525891E-05,-6.66667E-04
3.883942,5.188026E-04,4.57766E-05,-6.66667E-04
3.884943,5.645789E-04,4.653949E-04,.001
3.885943,1.983652E-04,5.416907E-04,-6.66667E-04
3.886944,2.059946E-04,5.874671E-04,.001
3.887944,1.06812E-04,5.035438E-04,-3.66667E-03
3.888945,-6.103562E-05,4.730243E-04,-2.33333E-03
3.889945,4.57766E-05,9.918259E-05,-6.66667E-04
3.890945,-7.629453E-06,2.13624E-04,-6.66667E-04
3.891946,9.15532E-05,-6.103562E-05,-6.66667E-04
3.892946,2.288828E-04,-2.822895E-04,.001
3.893947,1.907358E-04,-4.27248E-04,6.66667E-04
3.894948,-2.28883E-05,3.051781E-05,-.002
3.895948,-1.525888E-04,2.288828E-04,.001
3.896949,-1.907358E-04,2.594013E-04,6.66667E-04
3.897949,-2.670307E-04,1.525888E-04,6.66667E-04
3.89895,-7.629453E-06,1.907358E-04,-.001
3.89995,-2.594013E-04,2.441425E-04,-.001
3.90095,-4.88285E-04,1.983652E-04,-6.66667E-04
3.901951,-4.806537E-04,-3.433246E-04,-.001
3.902952,-1.75477E-04,-6.332435E-04,-6.66667E-04
3.903952,-2.594013E-04,-6.713904E-04,-.002
3.904953,-2.441425E-04,-4.425067E-04,-.001
3.905953,-1.220712E-04,-2.365122E-04,-.001
3.906954,-1.831064E-04,-2.212534E-04,-.002
3.907954,-4.119892E-04,1.06812E-04,.002
3.908955,-5.874671E-04,-1.602182E-04,-.002
3.909955,-3.280658E-04,-1.678476E-04,-6.66667E-04
3.910955,-5.493201E-04,-4.57766E-05,3.66667E-03
3.911956,-7.01908E-04,-1.831064E-04,-.002
3.912957,-5.111732E-04,-3.280658E-04,-2.33333E-03
3.913957,-3.204364E-04,-2.975482E-04,2.33333E-03
3.914958,8.392381E-05,-5.722083E-04,-.001
3.915958,3.12807E-04,-4.348774E-04,-.001
3.916959,2.059946E-04,-3.585834E-04,-.001
3.917959,1.983652E-04,-1.220712E-04,-6.66667E-04
3.91896,-1.525891E-05,2.288828E-04,.001
3.91996,-1.602182E-04,3.280658E-04,-6.66667E-04
3.92096,-3.12807E-04,3.12807E-04,-.002
3.921961,-1.144414E-04,7.629441E-05,-6.66667E-04
3.922962,8.392381E-05,-1.297006E-04,-.002
3.923962,0,-1.602182E-04,-.001
3.924963,1.907358E-04,-2.670307E-04,-6.66667E-04
3.925963,1.449594E-04,-3.738422E-04,-.001
3.926964,7.629441E-05,-1.602182E-04,-6.66667E-04
3.927964,1.297006E-04,-1.602182E-04,-.001
3.928965,-5.340599E-05,-3.204364E-04,6.66667E-04
3.929965,-2.822895E-04,-2.212534E-04,-.001
3.930965,-3.814716E-04,-1.983652E-04,.001
3.931966,-4.119892E-04,-3.585834E-04,.001
3.932967,1.525888E-04,-5.111732E-04,-.002
3.933967,5.264319E-04,-7.476844E-04,-.001
3.934968,3.356952E-04,-5.645789E-04,-.001
3.935968,5.569495E-04,-5.111732E-04,-.001
3.936969,5.493201E-04,-6.027259E-04,-.001
3.937969,6.256141E-04,-3.12807E-04,-6.66667E-04
3.93897,6.485023E-04,-5.340599E-05,6.66667E-04
3.93997,4.348774E-04,-1.449594E-04,6.66667E-04
3.94097,9.918259E-05,3.814721E-05,-6.66667E-04
3.941971,-1.449594E-04,1.525891E-05,6.66667E-04
3.942972,-3.051776E-04,-1.907358E-04,-6.66667E-04
3.943972,-2.13624E-04,7.629453E-06,-.001
3.944973,-3.204364E-04,1.983652E-04,.001
3.945973,-3.280658E-04,3.12807E-04,-6.66667E-04
3.946974,6.103562E-05,2.059946E-04,6.66667E-04
3.947974,-3.814721E-05,2.746601E-04,-.002
3.948975,5.340599E-05,3.814721E-05,-.001
3.949975,-3.051776E-04,-1.06812E-04,-.002
3.950975,-5.416907E-04,-1.678476E-04,-.001
3.951976,-1.449594E-04,-1.907358E-04,-.001
3.952977,1.907358E-04,4.57766E-05,6.66667E-04
3.953977,2.899189E-04,5.340599E-05,.001
3.954978,3.814721E-05,1.602182E-04,-6.66667E-04
3.955978,-6.103553E-04,1.602182E-04,-.001
3.956979,-7.247962E-04,2.746601E-04,6.66667E-04
3.957979,-4.27248E-04,4.348774E-04,6.66667E-04
3.95898,-3.280658E-04,3.738422E-04,-6.66667E-04
3.95998,-2.975482E-04,5.645789E-04,-6.66667E-04
3.96098,-3.50954E-04,5.493201E-04,-.001
3.961981,-4.119892E-04,4.501361E-04,-.002
3.962982,-2.365122E-04,4.501361E-04,.001
3.963982,4.57766E-05,5.569495E-04,-2.33333E-03
3.964983,1.75477E-04,1.678476E-04,6.66667E-04
3.965983,3.204364E-04,4.57766E-05,-.001
3.966984,1.983652E-04,-1.602182E-04,6.66667E-04
3.967984,1.06812E-04,-2.822895E-04,6.66667E-04
3.968985,-1.831064E-04,-1.831064E-04,6.66667E-04
3.969985,-2.13624E-04,1.831064E-04,-.002
3.970985,-2.28883E-05,5.722083E-04,-6.66667E-04
3.971986,0,4.577655E-04,6.66667E-04
3.972987,-4.196186E-04,7.629441E-05,-.002
3.973987,7.629441E-05,2.28883E-05,6.66667E-04
3.974988,2.517719E-04,1.983652E-04,6.66667E-04
3.975988,9.15532E-05,-9.918259E-05,-.001
3.976989,0,-2.13624E-04,-2.33333E-03
3.977989,9.918259E-05,-4.501361E-04,-.001
3.97899,4.730243E-04,-4.806537E-04,-.001
3.97999,6.103553E-04,-2.670307E-04,-6.66667E-04
3.98099,4.196186E-04,1.144414E-04,6.66667E-04
3.981991,1.525888E-04,6.256141E-04,-.002
3.982992,-1.06812E-04,6.332435E-04,6.66667E-04
3.983992,1.525891E-05,0,6.66667E-04
3.984993,1.3733E-04,-3.051781E-05,6.66667E-04
3.985993,1.220712E-04,1.449594E-04,-6.66667E-04
3.986994,3.50954E-04,2.365122E-04,-6.66667E-04
3.987994,2.899189E-04,-3.814721E-05,.001
3.988995,9.918259E-05,-3.738422E-04,-6.66667E-04
3.989995,3.814721E-05,-1.602182E-04,-.002
3.990995,1.983652E-04,-2.13624E-04,-2.33333E-03
3.991996,3.662128E-04,-1.602182E-04,6.66667E-04
3.992997,9.15532E-05,-2.13624E-04,.001
3.993997,6.866502E-05,9.918259E-05,-6.66667E-04
3.994998,-7.629441E-05,4.196186E-04,-.001
3.995998,1.525888E-04,2.059946E-04,-6.66667E-04
3.996999,3.50954E-04,-6.103562E-05,.001
3.997999,2.594013E-04,5.340599E-05,-.001
3.999,0,-9.15532E-05,.001
4,-1.06812E-04,-6.103562E-05,.001
