"c:\users\esrlabn1\desktop\bence\ir_spectroscopy\532nm_odmr\magnet_map_1_680nm\027.dat  ---  04-27-2026 13:04:04"
""
"cavityli 20 2 4 2000 1 0 0"
"                             ;                             ;seth_xesr_precise 325.99 1 0 -2.5"
"setlockin 188.67 0.004 0 0.03 0.2"
4,2000
2,-1.06812E-04,-6.103562E-05,.001
2.001,-2.899189E-04,1.06812E-04,-.002
2.002001,-5.188026E-04,9.15532E-05,-2.33333E-03
2.003001,-6.408729E-04,-1.678476E-04,-2.33333E-03
2.004002,-3.50954E-04,-3.814716E-04,-.001
2.005002,-1.297006E-04,-6.866492E-04,-.001
2.006003,-9.918259E-05,-4.653949E-04,2.33333E-03
2.007004,-3.738422E-04,-9.15532E-05,-.002
2.008004,-2.670307E-04,3.356952E-04,.001
2.009005,-4.730243E-04,2.288828E-04,-.002
2.010005,-5.798377E-04,6.103562E-05,-6.66667E-04
2.011005,-8.316077E-04,1.06812E-04,-.002
2.012006,-1.159675E-03,-1.602182E-04,6.66667E-04
2.013006,-1.792915E-03,-3.356952E-04,-.002
2.014007,-2.700821E-03,-2.441425E-04,-6.66667E-04
2.015007,-3.707901E-03,-1.06812E-04,.001
2.016008,-4.577667E-03,-1.525888E-04,-2.33333E-03
2.017009,-.0052872,-1.06812E-04,-.001
2.018009,-6.248504E-03,6.103562E-05,-.001
2.01901,-7.995665E-03,-1.907358E-04,-3.66667E-03
2.02001,-1.020056E-02,7.629453E-06,6.66667E-04
2.02101,-1.141363E-02,-4.806537E-04,-6.66667E-04
2.022011,-1.194769E-02,-9.7657E-04,-6.66667E-04
2.023011,-1.181799E-02,-1.045235E-03,-6.66667E-04
2.024012,-1.147467E-02,-1.152046E-03,-6.66667E-04
2.025012,-1.087958E-02,-1.167305E-03,-6.66667E-04
2.026013,-1.016241E-02,-1.113899E-03,-6.66667E-04
2.027014,-8.407652E-03,-6.63761E-04,6.66667E-04
2.028014,-6.965667E-03,-5.188026E-04,-6.66667E-04
2.029015,-5.203277E-03,-1.3733E-04,.001
2.030015,-3.891006E-03,-5.340599E-05,-.002
2.031015,-3.265396E-03,-1.907358E-04,-.002
2.032016,-2.410904E-03,-3.12807E-04,-3.66667E-03
2.033016,-1.716621E-03,-2.670307E-04,6.66667E-04
2.034017,-1.419075E-03,-3.204364E-04,6.66667E-04
2.035017,-9.841993E-04,-6.408729E-04,.001
2.036018,-9.460486E-04,-4.501361E-04,-3.66667E-03
2.037019,-7.01908E-04,3.433246E-04,-.001
2.038019,-3.585834E-04,3.12807E-04,-6.66667E-04
2.03902,-2.212534E-04,4.196186E-04,-.002
2.04002,-1.06812E-04,3.12807E-04,-.002
2.04102,-1.220712E-04,1.983652E-04,6.66667E-04
2.042021,-1.525891E-05,1.831064E-04,6.66667E-04
2.043021,1.220712E-04,4.501361E-04,-2.33333E-03
2.044022,1.525891E-05,4.959144E-04,.001
2.045022,9.15532E-05,4.959144E-04,6.66667E-04
2.046023,2.288828E-04,9.918259E-05,-.001
2.047024,2.441425E-04,-4.043598E-04,-.001
2.048024,1.678476E-04,-7.171668E-04,6.66667E-04
2.049025,2.288828E-04,-4.348774E-04,-.001
2.050025,-1.525888E-04,-1.831064E-04,-3.66667E-03
2.051026,-2.13624E-04,-3.051781E-05,-.001
2.052026,1.144414E-04,-9.918259E-05,-6.66667E-04
2.053026,2.746601E-04,-3.356952E-04,-.001
2.054027,5.264319E-04,-2.288828E-04,6.66667E-04
2.055027,4.653949E-04,-1.907358E-04,3.66667E-03
2.056028,2.059946E-04,-7.629441E-05,6.66667E-04
2.057029,-1.678476E-04,1.525891E-05,.001
2.058029,-3.50954E-04,1.449594E-04,-6.66667E-04
2.05903,-5.493201E-04,7.629441E-05,6.66667E-04
2.06003,-5.340613E-04,1.678476E-04,.001
2.061031,-4.27248E-04,-5.340599E-05,6.66667E-04
2.062031,-4.119892E-04,-2.594013E-04,-.002
2.063031,-6.408729E-04,-3.204364E-04,6.66667E-04
2.064032,-4.806537E-04,-3.204364E-04,-.001
2.065032,-3.814716E-04,-2.517719E-04,-6.66667E-04
2.066033,-4.425067E-04,7.629453E-06,-.001
2.067034,0,-4.57766E-05,.002
2.068034,6.103553E-04,2.746601E-04,-6.66667E-04
2.069035,8.316077E-04,5.340599E-05,-.002
2.070035,4.196186E-04,-3.433246E-04,-.001
2.071036,3.051781E-05,-2.975482E-04,-.001
2.072036,-1.602182E-04,-1.3733E-04,-6.66667E-04
2.073036,-1.297006E-04,-1.06812E-04,-3.66667E-03
2.074037,6.103562E-05,-4.119892E-04,-.001
2.075037,-6.103562E-05,-2.517719E-04,6.66667E-04
2.076038,-9.15532E-05,-5.340599E-05,-.002
2.077039,-5.340599E-05,3.814721E-05,-.001
2.078039,-3.204364E-04,1.3733E-04,-6.66667E-04
2.07904,-3.662128E-04,1.907358E-04,.001
2.08004,2.28883E-05,3.12807E-04,.001
2.081041,1.907358E-04,5.950965E-04,-.002
2.082041,2.517719E-04,3.356952E-04,-.001
2.083041,0,6.332435E-04,-.001
2.084042,8.392381E-05,5.416907E-04,-.002
2.085042,-1.678476E-04,4.57766E-05,-6.66667E-04
2.086043,-4.88285E-04,-6.866502E-05,-6.66667E-04
2.087044,-5.340613E-04,-3.051776E-04,-6.66667E-04
2.088044,-3.814716E-04,-2.13624E-04,.001
2.089045,1.75477E-04,1.297006E-04,-.001
2.090045,-8.392381E-05,2.594013E-04,6.66667E-04
2.091046,3.814721E-05,5.340599E-05,-.001
2.092046,2.28883E-05,-5.340599E-05,-6.66667E-04
2.093046,1.75477E-04,-1.3733E-04,-.002
2.094047,5.188026E-04,3.051781E-05,-2.33333E-03
2.095047,5.722083E-04,-2.975482E-04,.001
2.096048,5.035438E-04,-3.051776E-04,2.33333E-03
2.097049,4.959144E-04,-3.50954E-04,-6.66667E-04
2.098049,1.678476E-04,-2.059946E-04,-6.66667E-04
2.09905,5.188026E-04,-3.814721E-05,-6.66667E-04
2.10005,2.594013E-04,1.3733E-04,.001
2.101051,2.288828E-04,3.433246E-04,-.001
2.102051,0,9.15532E-05,6.66667E-04
2.103051,1.525891E-05,-6.103562E-05,-6.66667E-04
2.104052,-7.629441E-05,-2.441425E-04,.001
2.105052,-4.501361E-04,-1.220712E-04,-.001
2.106053,-4.119892E-04,-3.051776E-04,-6.66667E-04
2.107054,-1.983652E-04,-1.907358E-04,.001
2.108054,-2.746601E-04,-2.441425E-04,-3.66667E-03
2.109055,-4.501361E-04,-3.585834E-04,6.66667E-04
2.110055,-4.119892E-04,-5.416907E-04,-.002
2.111056,-6.103562E-05,-4.88285E-04,.001
2.112056,-1.907358E-04,-1.297006E-04,-.002
2.113056,-2.288828E-04,-3.814721E-05,.001
2.114057,-3.89101E-04,-2.365122E-04,-.001
2.115057,-5.340613E-04,-1.75477E-04,.001
2.116058,-5.340613E-04,-1.602182E-04,.002
2.117059,-6.256141E-04,-5.493201E-04,-.001
2.118059,-2.13624E-04,-3.356952E-04,-.002
2.11906,1.678476E-04,-4.27248E-04,-.001
2.12006,1.3733E-04,-1.678476E-04,-.001
2.121061,2.899189E-04,-1.297006E-04,6.66667E-04
2.122061,9.15532E-05,-2.13624E-04,6.66667E-04
2.123062,4.730243E-04,-9.918259E-05,6.66667E-04
2.124062,7.934608E-04,2.288828E-04,-2.33333E-03
2.125062,6.103553E-04,1.75477E-04,-.001
2.126063,8.163489E-04,3.814721E-05,-2.33333E-03
2.127064,5.645789E-04,7.629453E-06,.002
2.128064,4.88285E-04,-8.392381E-05,.001
2.129065,2.212534E-04,5.340599E-05,.001
2.130065,6.866502E-05,5.340599E-05,-6.66667E-04
2.131066,1.297006E-04,3.814721E-05,-2.33333E-03
2.132066,2.822895E-04,1.06812E-04,-.001
2.133067,3.814716E-04,3.662128E-04,-3.66667E-03
2.134067,-4.57766E-05,0,-3.66667E-03
2.135067,-5.950965E-04,-6.866502E-05,-.002
2.136068,-1.06812E-04,9.918259E-05,-6.66667E-04
2.137069,4.043598E-04,1.297006E-04,-.001
2.138069,3.204364E-04,1.06812E-04,-6.66667E-04
2.13907,2.441425E-04,1.678476E-04,.001
2.14007,-5.340599E-05,2.288828E-04,-.001
2.141071,-3.280658E-04,-1.831064E-04,-.002
2.142071,-4.806537E-04,-1.602182E-04,.001
2.143072,-1.06812E-04,-3.204364E-04,-.001
2.144072,-1.525888E-04,-8.392381E-05,-.001
2.145072,-5.340613E-04,-9.918259E-05,-6.66667E-04
2.146073,-4.27248E-04,-3.50954E-04,-6.66667E-04
2.147074,-4.196186E-04,-3.204364E-04,-.001
2.148074,-3.814716E-04,6.866502E-05,-.001
2.149075,-2.517719E-04,6.713904E-04,-.001
2.150075,-2.288828E-04,8.392371E-04,-.001
2.151076,-1.75477E-04,6.332435E-04,-.001
2.152076,-1.449594E-04,4.57766E-05,.001
2.153077,-1.06812E-04,1.06812E-04,6.66667E-04
2.154077,-2.594013E-04,3.356952E-04,-6.66667E-04
2.155077,7.629453E-06,9.918259E-05,-.001
2.156078,1.75477E-04,-5.340599E-05,-6.66667E-04
2.157079,-9.15532E-05,-3.814721E-05,-6.66667E-04
2.158079,-3.051781E-05,6.103562E-05,-.002
2.15908,0,3.662128E-04,-.002
2.16008,-1.06812E-04,9.15532E-05,-.002
2.161081,2.594013E-04,-7.629441E-05,.001
2.162081,3.814716E-04,-1.983652E-04,-6.66667E-04
2.163082,2.059946E-04,-2.059946E-04,6.66667E-04
2.164082,1.75477E-04,-3.051781E-05,-6.66667E-04
2.165082,9.918259E-05,3.967304E-04,-.002
2.166083,-4.57766E-05,4.27248E-04,-.002
2.167084,-2.441425E-04,3.585834E-04,-.001
2.168084,-1.983652E-04,4.425067E-04,-.001
2.169085,1.525891E-05,3.585834E-04,-6.66667E-04
2.170085,3.738422E-04,9.918259E-05,.001
2.171086,3.204364E-04,-3.356952E-04,-.001
2.172086,2.441425E-04,1.525891E-05,-6.66667E-04
2.173087,2.212534E-04,7.629453E-06,-6.66667E-04
2.174087,-1.525891E-05,-2.441425E-04,-6.66667E-04
2.175087,-1.220712E-04,-6.103562E-05,6.66667E-04
2.176088,-1.602182E-04,2.670307E-04,-6.66667E-04
2.177088,-1.75477E-04,5.340599E-05,-6.66667E-04
2.178089,-2.670307E-04,-3.814721E-05,-.002
2.17909,-5.340613E-04,-5.264319E-04,-.001
2.18009,-1.831064E-04,-7.78202E-04,6.66667E-04
2.181091,2.899189E-04,-5.569495E-04,-6.66667E-04
2.182091,3.051776E-04,-1.602182E-04,-.001
2.183092,2.288828E-04,1.602182E-04,-6.66667E-04
2.184092,5.264319E-04,5.264319E-04,6.66667E-04
2.185092,5.340613E-04,3.662128E-04,-6.66667E-04
2.186093,2.212534E-04,3.585834E-04,.001
2.187093,0,2.441425E-04,-.001
2.188094,2.441425E-04,9.918259E-05,-.002
2.189095,2.212534E-04,-5.340599E-05,-.002
2.190095,5.264319E-04,-1.525891E-05,-.001
2.191096,6.713904E-04,9.918259E-05,.001
2.192096,5.722083E-04,1.449594E-04,6.66667E-04
2.193097,5.798377E-04,-3.814721E-05,-6.66667E-04
2.194097,4.653949E-04,-1.602182E-04,6.66667E-04
2.195097,-5.111732E-04,1.3733E-04,-.001
2.196098,-8.544959E-04,3.051776E-04,-2.33333E-03
2.197098,-6.408729E-04,-3.051781E-05,-.001
2.198099,-5.188026E-04,-3.204364E-04,6.66667E-04
2.1991,-2.13624E-04,0,-.001
2.2001,-5.340599E-05,3.051776E-04,6.66667E-04
2.201101,-1.602182E-04,5.569495E-04,.001
2.202101,-1.297006E-04,2.441425E-04,.001
2.203102,-1.602182E-04,8.392381E-05,-6.66667E-04
2.204102,2.28883E-05,3.051781E-05,-6.66667E-04
2.205102,0,-3.051776E-04,-.001
2.206103,-5.340599E-05,-4.425067E-04,.002
2.207103,1.678476E-04,-2.441425E-04,-2.33333E-03
2.208104,3.12807E-04,2.212534E-04,6.66667E-04
2.209105,2.670307E-04,1.144414E-04,-.001
2.210105,3.662128E-04,-2.441425E-04,-.002
2.211106,2.822895E-04,-3.50954E-04,.001
2.212106,9.15532E-05,-2.13624E-04,-6.66667E-04
2.213107,4.57766E-05,-1.831064E-04,-6.66667E-04
2.214107,8.392381E-05,-1.144414E-04,.001
2.215107,2.059946E-04,9.15532E-05,.001
2.216108,3.051776E-04,3.967304E-04,-.001
2.217108,6.332435E-04,1.06812E-04,-6.66667E-04
2.218109,5.188026E-04,-1.220712E-04,-.001
2.21911,3.280658E-04,0,.002
2.22011,4.425067E-04,-2.28883E-05,.002
2.221111,6.103562E-05,9.918259E-05,-6.66667E-04
2.222111,-7.629441E-05,4.653949E-04,-6.66667E-04
2.223112,3.051781E-05,5.264319E-04,-6.66667E-04
2.224112,5.416907E-04,4.425067E-04,-.001
2.225112,4.043598E-04,5.874671E-04,-6.66667E-04
2.226113,9.15532E-05,3.12807E-04,-.002
2.227113,-2.975482E-04,6.027259E-04,-.001
2.228114,-2.13624E-04,5.340613E-04,-.001
2.229115,-2.746601E-04,3.662128E-04,-6.66667E-04
2.230115,-4.348774E-04,-7.629441E-05,-.001
2.231116,-7.629441E-05,-2.517719E-04,6.66667E-04
2.232116,-3.738422E-04,2.822895E-04,-6.66667E-04
2.233117,7.629453E-06,3.585834E-04,-.002
2.234117,-1.449594E-04,1.831064E-04,-.002
2.235118,-2.517719E-04,-1.449594E-04,6.66667E-04
2.236118,9.918259E-05,-4.501361E-04,6.66667E-04
2.237118,3.12807E-04,-4.577655E-04,-6.66667E-04
2.238119,3.814716E-04,-1.525888E-04,-.002
2.23912,4.653949E-04,-3.433246E-04,-.001
2.24012,5.569495E-04,-1.831064E-04,-.002
2.241121,4.043598E-04,-6.103562E-05,-6.66667E-04
2.242121,5.264319E-04,3.814716E-04,-6.66667E-04
2.243122,4.959144E-04,4.88285E-04,.001
2.244122,1.831064E-04,4.653949E-04,2.33333E-03
2.245123,2.059946E-04,4.730243E-04,6.66667E-04
2.246123,2.517719E-04,1.678476E-04,6.66667E-04
2.247123,4.119892E-04,-6.866502E-05,-3.66667E-03
2.248124,2.899189E-04,2.594013E-04,-6.66667E-04
2.249125,2.975482E-04,3.738422E-04,.001
2.250125,2.822895E-04,3.814716E-04,6.66667E-04
2.251126,3.814721E-05,5.874671E-04,-6.66667E-04
2.252126,-1.06812E-04,3.662128E-04,-.002
2.253127,2.212534E-04,2.594013E-04,.001
2.254127,4.57766E-05,-1.525891E-05,.001
2.255128,2.28883E-05,0,.001
2.256128,-1.602182E-04,-3.433246E-04,.001
2.257128,-6.103562E-05,-5.111732E-04,6.66667E-04
2.258129,-4.57766E-05,-3.12807E-04,-.001
2.25913,4.57766E-05,-1.297006E-04,-.001
2.26013,4.196186E-04,-5.722083E-04,-6.66667E-04
2.261131,5.874671E-04,-1.06812E-04,6.66667E-04
2.262131,5.035438E-04,2.899189E-04,.001
2.263132,4.425067E-04,2.670307E-04,-6.66667E-04
2.264132,7.629441E-05,7.629441E-05,6.66667E-04
2.265133,-1.525891E-05,-3.967304E-04,-.002
2.266133,2.670307E-04,-1.75477E-04,-3.66667E-03
2.267133,1.3733E-04,4.57766E-05,-6.66667E-04
2.268134,5.340599E-05,3.662128E-04,-.001
2.269135,1.525888E-04,-1.06812E-04,-2.33333E-03
2.270135,-7.629453E-06,-1.06812E-04,-.001
2.271136,9.918259E-05,-2.059946E-04,-2.33333E-03
2.272136,0,-1.75477E-04,.002
2.273137,1.144414E-04,-7.629441E-05,.001
2.274137,4.501361E-04,6.866502E-05,-6.66667E-04
2.275138,3.12807E-04,6.103553E-04,-.002
2.276138,5.340599E-05,5.645789E-04,-.002
2.277139,-1.220712E-04,1.449594E-04,-.002
2.278139,-1.75477E-04,-4.196186E-04,-.001
2.27914,-3.356952E-04,-3.051776E-04,-2.33333E-03
2.28014,-1.144414E-04,-7.629453E-06,-2.33333E-03
2.281141,-3.051781E-05,2.594013E-04,.001
2.282141,5.035438E-04,3.50954E-04,.001
2.283142,7.476844E-04,1.525888E-04,.001
2.284142,6.866502E-05,3.12807E-04,-6.66667E-04
2.285143,-3.204364E-04,1.220712E-04,6.66667E-04
2.286143,-3.662128E-04,-2.670307E-04,.001
2.287144,-2.13624E-04,-2.13624E-04,-6.66667E-04
2.288144,1.525891E-05,-2.746601E-04,-6.66667E-04
2.289145,-8.392381E-05,-2.13624E-04,-6.66667E-04
2.290145,7.629441E-05,-1.75477E-04,-6.66667E-04
2.291146,3.204364E-04,-5.340599E-05,-.002
2.292146,3.433246E-04,1.525891E-05,-3.66667E-03
2.293147,3.12807E-04,2.13624E-04,.001
2.294147,1.144414E-04,8.392381E-05,-.001
2.295148,-5.340599E-05,1.297006E-04,-.001
2.296148,1.525888E-04,2.059946E-04,-.001
2.297149,-6.103562E-05,3.662128E-04,-6.66667E-04
2.298149,9.918259E-05,2.059946E-04,-.002
2.29915,8.392381E-05,-1.220712E-04,2.33333E-03
2.30015,1.449594E-04,6.866502E-05,-6.66667E-04
2.301151,-1.678476E-04,-1.144414E-04,-3.66667E-03
2.302151,4.57766E-05,-2.28883E-05,-.001
2.303152,1.602182E-04,3.12807E-04,-6.66667E-04
2.304152,-2.13624E-04,4.88285E-04,-2.33333E-03
2.305153,-3.280658E-04,1.983652E-04,-2.33333E-03
2.306153,-1.602182E-04,-1.75477E-04,-6.66667E-04
2.307154,-2.746601E-04,-1.75477E-04,-.002
2.308154,-3.738422E-04,6.866502E-05,-.001
2.309155,-2.594013E-04,2.670307E-04,-6.66667E-04
2.310155,0,4.57766E-05,-.001
2.311156,4.348774E-04,1.449594E-04,-6.66667E-04
2.312156,5.111732E-04,2.13624E-04,-6.66667E-04
2.313157,3.814716E-04,2.746601E-04,6.66667E-04
2.314157,1.831064E-04,1.831064E-04,6.66667E-04
2.315158,-3.051781E-05,-2.517719E-04,.002
2.316158,1.297006E-04,-5.035438E-04,.001
2.317159,9.918259E-05,-5.874671E-04,-.002
2.318159,1.144414E-04,-6.866492E-04,-6.66667E-04
2.31916,-6.103562E-05,-3.662128E-04,-.001
2.32016,1.983652E-04,-3.662128E-04,-6.66667E-04
2.321161,-3.12807E-04,-3.280658E-04,-6.66667E-04
2.322161,-1.220712E-04,-4.730243E-04,-5.33333E-03
2.323162,1.144414E-04,-3.280658E-04,.001
2.324162,3.50954E-04,-1.602182E-04,.001
2.325163,2.594013E-04,1.144414E-04,-.001
2.326163,0,5.264319E-04,.001
2.327164,3.051781E-05,4.653949E-04,.001
2.328164,1.06812E-04,6.027259E-04,-6.66667E-04
2.329165,-6.103562E-05,1.75477E-04,-.001
2.330165,-1.449594E-04,2.212534E-04,-.001
2.331166,3.356952E-04,3.662128E-04,-.002
2.332166,1.678476E-04,2.822895E-04,-.002
2.333167,-2.28883E-05,4.196186E-04,-6.66667E-04
2.334167,-2.13624E-04,4.730243E-04,-6.66667E-04
2.335168,-1.525891E-05,3.051776E-04,.002
2.336168,-3.814716E-04,2.670307E-04,-.002
2.337169,-3.433246E-04,3.738422E-04,.001
2.338169,-3.967304E-04,4.501361E-04,-.001
2.33917,-1.297006E-04,3.814716E-04,-.002
2.34017,-1.449594E-04,-1.06812E-04,-.002
2.341171,-4.730243E-04,-3.204364E-04,-2.33333E-03
2.342171,-5.569495E-04,-2.899189E-04,-.001
2.343172,-5.188026E-04,-3.814716E-04,-.002
2.344172,-1.3733E-04,-3.50954E-04,.001
2.345173,6.103562E-05,-9.15532E-05,.001
2.346173,4.57766E-05,-4.425067E-04,-.001
2.347174,-1.602182E-04,-4.501361E-04,-.001
2.348174,9.15532E-05,-3.051776E-04,6.66667E-04
2.349174,-7.629453E-06,-5.798377E-04,-3.66667E-03
2.350175,4.57766E-05,-3.967304E-04,.001
2.351176,-3.814721E-05,-2.28883E-05,-.001
2.352176,1.525888E-04,3.12807E-04,6.66667E-04
2.353177,4.577655E-04,5.493201E-04,.001
2.354177,7.247962E-04,5.798377E-04,-.002
2.355178,7.629432E-04,3.280658E-04,-.001
2.356178,4.27248E-04,-1.525891E-05,-.002
2.357179,9.918259E-05,-1.297006E-04,-.002
2.358179,0,2.13624E-04,.001
2.359179,5.340599E-05,2.822895E-04,6.66667E-04
2.36018,1.525888E-04,2.059946E-04,-.001
2.361181,-3.051781E-05,5.340599E-05,-.001
2.362181,1.525891E-05,1.449594E-04,6.66667E-04
2.363182,-2.059946E-04,2.28883E-05,.002
2.364182,-3.356952E-04,1.75477E-04,-.001
2.365183,-4.57766E-05,3.738422E-04,-.002
2.366183,4.57766E-05,3.738422E-04,2.33333E-03
2.367184,3.12807E-04,5.340599E-05,.001
2.368184,5.722083E-04,-1.602182E-04,-6.66667E-04
2.369184,6.256141E-04,1.220712E-04,6.66667E-04
2.370185,1.06812E-04,2.594013E-04,-6.66667E-04
2.371186,-5.340599E-05,1.144414E-04,-6.66667E-04
2.372186,-3.814721E-05,9.918259E-05,-.002
2.373187,-1.75477E-04,1.06812E-04,-2.33333E-03
2.374187,-5.950965E-04,4.57766E-05,-6.66667E-04
2.375188,-3.204364E-04,3.204364E-04,.002
2.376188,1.525891E-05,2.594013E-04,6.66667E-04
2.377189,-4.653949E-04,1.297006E-04,6.66667E-04
2.378189,-4.653949E-04,0,.001
2.379189,-3.738422E-04,1.297006E-04,.001
2.38019,-1.06812E-04,-4.57766E-05,-2.33333E-03
2.381191,1.144414E-04,-1.06812E-04,-6.66667E-04
2.382191,1.602182E-04,-1.220712E-04,-6.66667E-04
2.383192,9.918259E-05,4.57766E-05,-6.66667E-04
2.384192,1.3733E-04,1.220712E-04,-6.66667E-04
2.385193,-3.12807E-04,2.670307E-04,-.001
2.386193,-2.594013E-04,-8.392381E-05,-6.66667E-04
2.387194,-3.814716E-04,-6.179847E-04,-3.66667E-03
2.388194,-4.27248E-04,-8.697547E-04,6.66667E-04
2.389194,-3.356952E-04,-5.874671E-04,.001
2.390195,-3.204364E-04,-3.814721E-05,-.002
2.391196,-5.569495E-04,-8.392381E-05,-.002
2.392196,-3.967304E-04,2.594013E-04,.001
2.393197,-7.629453E-06,-7.629453E-06,.001
2.394197,-2.28883E-05,-1.144414E-04,6.66667E-04
2.395198,3.89101E-04,1.297006E-04,-.002
2.396198,4.806537E-04,-7.629441E-05,.002
2.397199,6.866502E-05,-2.13624E-04,-.004
2.398199,-7.629453E-06,-6.103562E-05,-.001
2.399199,0,-1.75477E-04,6.66667E-04
2.4002,-4.043598E-04,-2.670307E-04,-.001
2.401201,-5.798377E-04,-2.975482E-04,-6.66667E-04
2.402201,-6.866492E-04,8.392381E-05,-.001
2.403202,-6.790198E-04,-7.629453E-06,6.66667E-04
2.404202,-2.746601E-04,-1.06812E-04,-.002
2.405203,-3.051776E-04,-1.75477E-04,2.33333E-03
2.406203,-4.348774E-04,-2.212534E-04,6.66667E-04
2.407204,-3.204364E-04,-3.433246E-04,-6.66667E-04
2.408204,-4.27248E-04,-2.975482E-04,-.001
2.409204,-5.340613E-04,5.340599E-05,-6.66667E-04
2.410205,-2.746601E-04,0,-.002
2.411206,-3.738422E-04,6.103562E-05,-.001
2.412206,-3.051776E-04,2.441425E-04,-.002
2.413207,-3.738422E-04,3.50954E-04,.001
2.414207,-4.653949E-04,2.975482E-04,.002
2.415208,-1.602182E-04,1.3733E-04,-.001
2.416208,-2.13624E-04,-1.3733E-04,6.66667E-04
2.417209,-8.926429E-04,2.059946E-04,-6.66667E-04
2.418209,-7.01908E-04,3.204364E-04,.001
2.41921,-4.88285E-04,2.517719E-04,6.66667E-04
2.42021,-2.441425E-04,1.525888E-04,.001
2.421211,5.340599E-05,6.103562E-05,6.66667E-04
2.422211,-9.15532E-05,-1.449594E-04,2.33333E-03
2.423212,5.340599E-05,-2.594013E-04,-.001
2.424212,9.918259E-05,-1.75477E-04,-.002
2.425213,2.13624E-04,-2.746601E-04,-.001
2.426213,-7.629453E-06,-1.75477E-04,-.001
2.427214,-7.629441E-05,-4.196186E-04,-.002
2.428214,-1.602182E-04,-4.501361E-04,-.001
2.429215,-9.15532E-05,0,.001
2.430215,1.06812E-04,4.730243E-04,-.001
2.431216,3.280658E-04,2.899189E-04,-.001
2.432216,4.119892E-04,6.027259E-04,-.001
2.433217,4.27248E-04,4.043598E-04,6.66667E-04
2.434217,4.27248E-04,9.918259E-05,-.002
2.435218,-7.629453E-06,2.28883E-05,-6.66667E-04
2.436218,-2.670307E-04,1.144414E-04,-6.66667E-04
2.437219,-3.12807E-04,9.918259E-05,-.002
2.438219,-6.866502E-05,1.297006E-04,6.66667E-04
2.43922,-7.629453E-06,-9.15532E-05,6.66667E-04
2.44022,5.188026E-04,5.340599E-05,-6.66667E-04
2.441221,1.35041E-03,1.983652E-04,-.001
2.442221,8.316077E-04,5.340613E-04,6.66667E-04
2.443222,2.975482E-04,3.051776E-04,.001
2.444222,3.280658E-04,-7.629453E-06,-6.66667E-04
2.445223,1.75477E-04,-3.204364E-04,.002
2.446223,3.204364E-04,1.75477E-04,-6.66667E-04
2.447224,2.288828E-04,6.179847E-04,-6.66667E-04
2.448224,4.57766E-05,5.035438E-04,-.001
2.449225,2.28883E-05,2.670307E-04,6.66667E-04
2.450225,-5.340599E-05,1.220712E-04,-.001
2.451226,-7.629453E-06,-1.602182E-04,-2.33333E-03
2.452226,-3.814721E-05,-1.220712E-04,-.001
2.453227,-3.738422E-04,3.356952E-04,-6.66667E-04
2.454227,-1.449594E-04,3.89101E-04,-.001
2.455228,-9.15532E-05,6.332435E-04,-.001
2.456228,-1.983652E-04,4.57766E-05,.001
2.457229,-1.297006E-04,-1.678476E-04,-6.66667E-04
2.458229,-2.13624E-04,-2.822895E-04,-.001
2.45923,-2.594013E-04,-3.280658E-04,-.001
2.46023,-1.144414E-04,-2.594013E-04,-.002
2.461231,-1.297006E-04,-3.50954E-04,6.66667E-04
2.462231,-5.340599E-05,-1.06812E-04,.002
2.463232,1.525888E-04,3.738422E-04,.001
2.464232,2.365122E-04,5.340613E-04,-.002
2.465233,0,5.950965E-04,.001
2.466233,-2.670307E-04,2.288828E-04,-.002
2.467234,-3.738422E-04,2.288828E-04,-2.33333E-03
2.468234,2.28883E-05,1.525888E-04,.002
2.469235,5.188026E-04,-3.204364E-04,-.002
2.470235,4.730243E-04,-3.967304E-04,-.001
2.471236,-1.525891E-05,-5.035438E-04,6.66667E-04
2.472236,-3.280658E-04,-7.095374E-04,-6.66667E-04
2.473237,-6.408729E-04,-8.239783E-04,-6.66667E-04
2.474237,-4.043598E-04,-6.790198E-04,.002
2.475238,0,-2.517719E-04,.002
2.476238,2.441425E-04,2.059946E-04,.001
2.477239,3.814721E-05,3.585834E-04,-.001
2.478239,-4.57766E-05,6.866502E-05,-2.33333E-03
2.47924,4.57766E-05,0,.001
2.48024,-7.629441E-05,1.678476E-04,-.002
2.481241,-4.043598E-04,8.392381E-05,-6.66667E-04
2.482241,-4.730243E-04,3.89101E-04,6.66667E-04
2.483242,-7.629441E-05,2.899189E-04,6.66667E-04
2.484242,2.059946E-04,-3.433246E-04,6.66667E-04
2.485243,-9.918259E-05,-1.907358E-04,-.002
2.486243,-2.594013E-04,-3.814721E-05,2.33333E-03
2.487244,-1.525888E-04,-3.051781E-05,-2.33333E-03
2.488244,-1.525888E-04,-7.629441E-05,6.66667E-04
2.489245,-1.75477E-04,-5.035438E-04,-.001
2.490245,-1.983652E-04,-6.179847E-04,-6.66667E-04
2.491246,-1.831064E-04,-3.433246E-04,-.001
2.492246,-4.57766E-05,-2.059946E-04,-.002
2.493247,3.433246E-04,6.866502E-05,-6.66667E-04
2.494247,2.975482E-04,3.204364E-04,-.002
2.495248,-6.103562E-05,-8.392381E-05,6.66667E-04
2.496248,-5.340599E-05,1.678476E-04,-.001
2.497249,1.449594E-04,3.662128E-04,-.001
2.498249,1.983652E-04,4.57766E-05,.001
2.49925,-2.13624E-04,-3.204364E-04,-6.66667E-04
2.50025,-2.822895E-04,-4.57766E-05,-6.66667E-04
2.501251,-2.899189E-04,-1.297006E-04,-.002
2.502251,-6.103562E-05,8.392381E-05,-6.66667E-04
2.503252,1.297006E-04,9.918259E-05,-.002
2.504252,7.629441E-05,2.441425E-04,-6.66667E-04
2.505253,-4.27248E-04,3.051776E-04,6.66667E-04
2.506253,-5.493201E-04,1.525891E-05,6.66667E-04
2.507254,-4.501361E-04,1.3733E-04,.001
2.508254,-2.365122E-04,4.57766E-05,-3.66667E-03
2.509255,-2.670307E-04,0,.001
2.510255,1.220712E-04,-1.602182E-04,-6.66667E-04
2.511256,3.662128E-04,0,.001
2.512256,4.425067E-04,-1.907358E-04,6.66667E-04
2.513257,2.212534E-04,2.28883E-05,-.002
2.514257,4.57766E-05,-1.831064E-04,-6.66667E-04
2.515258,3.051776E-04,-2.670307E-04,-6.66667E-04
2.516258,1.983652E-04,-2.441425E-04,-2.33333E-03
2.517259,9.918259E-05,-1.983652E-04,6.66667E-04
2.518259,-1.525891E-05,1.602182E-04,.001
2.51926,-2.28883E-05,7.629453E-06,-6.66667E-04
2.52026,1.983652E-04,-2.13624E-04,-.002
2.521261,2.822895E-04,-3.12807E-04,-.002
2.522261,1.449594E-04,-2.517719E-04,-.001
2.523262,4.730243E-04,-2.13624E-04,.001
2.524262,4.653949E-04,-4.425067E-04,-.002
2.525263,3.356952E-04,-2.212534E-04,6.66667E-04
2.526263,5.645789E-04,-1.831064E-04,-6.66667E-04
2.527264,3.12807E-04,-3.204364E-04,-.001
2.528264,0,-1.449594E-04,-3.66667E-03
2.529265,-2.13624E-04,-3.204364E-04,-6.66667E-04
2.530265,0,-3.738422E-04,-6.66667E-04
2.531266,-7.629453E-06,-6.103562E-05,.001
2.532266,2.212534E-04,1.144414E-04,-3.66667E-03
2.533267,2.212534E-04,1.297006E-04,-.002
2.534267,3.50954E-04,3.280658E-04,-6.66667E-04
2.535268,4.043598E-04,1.144414E-04,-.002
2.536268,9.918259E-05,-1.983652E-04,6.66667E-04
2.537269,-1.678476E-04,-5.645789E-04,.001
2.538269,-2.975482E-04,-7.934608E-04,-.001
2.53927,-4.425067E-04,-6.027259E-04,.001
2.54027,4.57766E-05,-2.975482E-04,-6.66667E-04
2.541271,3.12807E-04,-1.297006E-04,.001
2.542271,2.975482E-04,3.051781E-05,-.001
2.543272,2.441425E-04,3.051781E-05,-.002
2.544272,3.662128E-04,4.501361E-04,-6.66667E-04
2.545273,5.798377E-04,4.196186E-04,6.66667E-04
2.546273,2.899189E-04,2.059946E-04,.002
2.547274,-1.983652E-04,-3.967304E-04,-.001
2.548274,-3.814716E-04,-4.730243E-04,-.001
2.549275,-2.365122E-04,-5.340599E-05,-.001
2.550275,4.88285E-04,1.907358E-04,-6.66667E-04
2.551276,3.967304E-04,3.356952E-04,-6.66667E-04
2.552276,1.678476E-04,4.348774E-04,-6.66667E-04
2.553277,1.220712E-04,4.88285E-04,.001
2.554277,-1.907358E-04,1.831064E-04,-6.66667E-04
2.555278,0,-8.392381E-05,-.002
2.556278,6.103562E-05,-1.602182E-04,6.66667E-04
2.557279,8.392381E-05,1.678476E-04,-6.66667E-04
2.558279,-1.06812E-04,1.449594E-04,-.001
2.55928,1.525888E-04,2.746601E-04,.001
2.56028,1.3733E-04,0,-6.66667E-04
2.561281,1.678476E-04,-1.525888E-04,6.66667E-04
2.562281,-6.179847E-04,-1.3733E-04,6.66667E-04
2.563282,-6.179847E-04,-2.059946E-04,-2.33333E-03
2.564282,-4.653949E-04,-9.918259E-05,-6.66667E-04
2.565283,-7.40055E-04,1.525888E-04,-6.66667E-04
2.566283,-7.01908E-04,-3.051781E-05,.001
2.567284,-1.007088E-03,-1.983652E-04,.001
2.568284,-6.866492E-04,-7.629453E-06,-6.66667E-04
2.569285,-3.12807E-04,-1.144414E-04,6.66667E-04
2.570285,3.051781E-05,-1.3733E-04,6.66667E-04
2.571286,3.50954E-04,-7.629453E-06,-2.33333E-03
2.572286,2.975482E-04,1.297006E-04,6.66667E-04
2.573287,1.220712E-04,1.983652E-04,-6.66667E-04
2.574287,1.525888E-04,1.983652E-04,.001
2.575288,0,-2.28883E-05,-.002
2.576288,-1.678476E-04,-1.525891E-05,6.66667E-04
2.577289,-1.449594E-04,8.392381E-05,6.66667E-04
2.578289,-1.06812E-04,-4.043598E-04,2.33333E-03
2.57929,7.629441E-05,-4.348774E-04,-6.66667E-04
2.58029,-2.28883E-05,-3.738422E-04,-.001
2.581291,-2.670307E-04,0,-.002
2.582291,-1.06812E-04,-1.144414E-04,-6.66667E-04
2.583292,-1.220712E-04,-8.392381E-05,-2.33333E-03
2.584292,7.629453E-06,-2.670307E-04,-6.66667E-04
2.585293,-1.144414E-04,-2.28883E-05,.001
2.586293,-1.3733E-04,9.918259E-05,-.001
2.587294,3.051776E-04,3.89101E-04,.001
2.588294,5.722083E-04,5.722083E-04,-6.66667E-04
2.589295,6.179847E-04,2.594013E-04,.001
2.590295,5.264319E-04,1.297006E-04,-.002
2.591296,4.119892E-04,-9.15532E-05,.001
2.592296,1.75477E-04,-2.13624E-04,.002
2.593297,-1.831064E-04,-1.831064E-04,-6.66667E-04
2.594297,-5.645789E-04,-1.678476E-04,-.002
2.595298,-4.88285E-04,-2.975482E-04,-6.66667E-04
2.596298,-3.814721E-05,-5.035438E-04,-.001
2.597299,1.525888E-04,-4.577655E-04,-6.66667E-04
2.598299,4.425067E-04,-5.188026E-04,-6.66667E-04
2.5993,1.907358E-04,-6.485023E-04,6.66667E-04
2.6003,-1.831064E-04,-4.196186E-04,.001
2.601301,-3.204364E-04,-1.831064E-04,-.001
2.602301,-4.653949E-04,1.297006E-04,6.66667E-04
2.603302,-3.814721E-05,-1.06812E-04,-6.66667E-04
2.604302,-1.449594E-04,-7.629453E-06,-.001
2.605303,-2.13624E-04,-4.57766E-05,.001
2.606303,3.814721E-05,4.57766E-05,-6.66667E-04
2.607304,-1.602182E-04,9.918259E-05,-.001
2.608304,-2.899189E-04,2.517719E-04,-.004
2.609305,1.75477E-04,9.15532E-05,2.33333E-03
2.610305,2.059946E-04,-2.13624E-04,-6.66667E-04
2.611306,2.899189E-04,3.051781E-05,-.001
2.612306,2.059946E-04,6.103562E-05,6.66667E-04
2.613307,-1.907358E-04,5.340599E-05,-6.66667E-04
2.614307,-7.629441E-05,2.517719E-04,-6.66667E-04
2.615308,-3.051781E-05,4.730243E-04,-2.33333E-03
2.616308,-9.918259E-05,5.340613E-04,-6.66667E-04
2.617309,-1.602182E-04,4.959144E-04,.001
2.618309,-9.918259E-05,3.89101E-04,6.66667E-04
2.61931,-3.204364E-04,2.441425E-04,-.002
2.62031,-4.806537E-04,-1.75477E-04,6.66667E-04
2.621311,-5.264319E-04,1.220712E-04,-.002
2.622311,-2.670307E-04,4.425067E-04,-.001
2.623312,2.365122E-04,3.280658E-04,.001
2.624312,2.13624E-04,-1.602182E-04,-.002
2.625313,1.220712E-04,-3.433246E-04,-.002
2.626313,-6.866502E-05,-2.059946E-04,-.002
2.627314,3.280658E-04,1.75477E-04,-.001
2.628314,4.88285E-04,5.950965E-04,-.002
2.629315,6.63761E-04,1.525888E-04,2.33333E-03
2.630315,2.899189E-04,3.433246E-04,6.66667E-04
2.631316,1.602182E-04,9.918259E-05,6.66667E-04
2.632316,-2.365122E-04,-9.15532E-05,-.002
2.633317,-6.179847E-04,2.13624E-04,-2.33333E-03
2.634317,-6.179847E-04,4.196186E-04,-6.66667E-04
2.635318,-7.629441E-05,4.88285E-04,-6.66667E-04
2.636318,3.433246E-04,-2.28883E-05,-6.66667E-04
2.637319,6.866502E-05,-7.629441E-05,-.001
2.638319,1.06812E-04,-7.629441E-05,-.001
2.63932,-2.365122E-04,3.12807E-04,.001
2.64032,-6.408729E-04,-9.918259E-05,6.66667E-04
2.641321,-5.645789E-04,7.629453E-06,-3.66667E-03
2.642321,-3.204364E-04,-6.103562E-05,-6.66667E-04
2.643322,-3.204364E-04,-4.57766E-05,-6.66667E-04
2.644322,-2.13624E-04,-1.525891E-05,6.66667E-04
2.645323,-3.585834E-04,-1.144414E-04,-6.66667E-04
2.646323,-3.50954E-04,1.75477E-04,6.66667E-04
2.647324,-3.50954E-04,3.50954E-04,-.002
2.648324,-3.280658E-04,4.653949E-04,.001
2.649325,-6.408729E-04,2.365122E-04,-6.66667E-04
2.650325,-6.485023E-04,7.629453E-06,-6.66667E-04
2.651326,-6.713904E-04,0,-6.66667E-04
2.652326,-2.365122E-04,1.75477E-04,-.001
2.653327,-1.144414E-04,3.585834E-04,-6.66667E-04
2.654327,-5.874671E-04,3.89101E-04,-.001
2.655328,-6.408729E-04,3.433246E-04,-6.66667E-04
2.656328,-4.653949E-04,2.517719E-04,6.66667E-04
2.657329,-3.814716E-04,-4.196186E-04,-.001
2.658329,-1.678476E-04,-4.730243E-04,-.001
2.65933,9.918259E-05,-2.975482E-04,-3.66667E-03
2.66033,5.340599E-05,-1.3733E-04,-.001
2.661331,-9.15532E-05,-1.3733E-04,-.001
2.662331,-4.119892E-04,1.144414E-04,-6.66667E-04
2.663332,-3.662128E-04,3.051776E-04,-6.66667E-04
2.664332,5.340599E-05,2.28883E-05,-.001
2.665333,3.50954E-04,1.525888E-04,-6.66667E-04
2.666333,4.88285E-04,2.288828E-04,-.002
2.667334,6.103562E-05,-8.392381E-05,-6.66667E-04
2.668334,2.670307E-04,2.28883E-05,6.66667E-04
2.669335,-1.525888E-04,-2.441425E-04,-6.66667E-04
2.670335,-3.280658E-04,-5.340599E-05,-6.66667E-04
2.671336,-1.602182E-04,-1.602182E-04,-2.33333E-03
2.672336,-2.365122E-04,2.899189E-04,-.002
2.673337,-6.713904E-04,-1.220712E-04,-6.66667E-04
2.674337,-9.53678E-04,-3.50954E-04,-.002
2.675338,-1.327522E-03,-1.983652E-04,-3.66667E-03
2.676338,-1.60981E-03,9.918259E-05,-.002
2.677339,-1.495369E-03,4.57766E-05,.001
2.678339,-1.716621E-03,-3.356952E-04,-6.66667E-04
2.67934,-2.067581E-03,-4.806537E-04,6.66667E-04
2.68034,-2.441421E-03,-4.348774E-04,-6.66667E-04
2.681341,-2.822891E-03,-1.297006E-04,6.66667E-04
2.682341,-2.594009E-03,-2.899189E-04,6.66667E-04
2.683342,-2.548233E-03,-3.051776E-04,-6.66667E-04
2.684342,-2.800003E-03,-2.594013E-04,6.66667E-04
2.685343,-3.067032E-03,-1.3733E-04,.001
2.686343,-3.540054E-03,2.059946E-04,6.66667E-04
2.687344,-3.410354E-03,-3.814721E-05,6.66667E-04
2.688344,-3.074661E-03,-2.899189E-04,-.002
2.689345,-2.594009E-03,-1.297006E-04,.001
2.690345,-1.991287E-03,3.50954E-04,-.002
2.691346,-1.663215E-03,4.425067E-04,.002
2.692346,-1.289375E-03,3.12807E-04,6.66667E-04
2.693347,-9.460486E-04,2.288828E-04,-.001
2.694347,-1.113899E-03,-8.392381E-05,-6.66667E-04
2.695348,-1.335151E-03,-5.569495E-04,-6.66667E-04
2.696348,-9.689368E-04,-8.087195E-04,-.001
2.697349,-1.602182E-04,-6.485023E-04,-6.66667E-04
2.698349,-1.449594E-04,-7.705726E-04,.002
2.69935,-8.392381E-05,-5.874671E-04,.001
2.70035,5.340599E-05,-2.899189E-04,-6.66667E-04
2.701351,-1.525891E-05,-7.629453E-06,-.001
2.702351,9.918259E-05,-9.918259E-05,-6.66667E-04
2.703352,4.119892E-04,8.392381E-05,-.001
2.704352,2.594013E-04,1.3733E-04,-.002
2.705353,6.866502E-05,-3.051781E-05,.001
2.706353,-3.051781E-05,4.57766E-05,-.001
2.707354,-2.822895E-04,-1.220712E-04,-6.66667E-04
2.708354,-2.441425E-04,-1.602182E-04,-6.66667E-04
2.709355,-2.517719E-04,-1.220712E-04,-.001
2.710355,-5.874671E-04,-4.57766E-05,2.33333E-03
2.711356,-7.171668E-04,-2.059946E-04,-.001
2.712356,-7.40055E-04,-6.256141E-04,.001
2.713357,-5.950965E-04,-4.959144E-04,-.002
2.714357,-2.746601E-04,-6.866492E-04,-.002
2.715358,-7.629441E-05,-3.89101E-04,-6.66667E-04
2.716358,2.28883E-05,-3.051781E-05,-.001
2.717359,1.525888E-04,2.059946E-04,-2.33333E-03
2.718359,-7.629441E-05,2.975482E-04,6.66667E-04
2.71936,7.629453E-06,2.517719E-04,-.002
2.72036,4.501361E-04,4.57766E-05,6.66667E-04
2.721361,5.874671E-04,2.899189E-04,-6.66667E-04
2.722361,2.594013E-04,2.594013E-04,.001
2.723362,3.50954E-04,2.059946E-04,.001
2.724362,3.051776E-04,1.525888E-04,.001
2.725363,1.06812E-04,2.517719E-04,.001
2.726363,-6.103562E-05,2.899189E-04,6.66667E-04
2.727364,-2.594013E-04,1.602182E-04,-.001
2.728364,-2.594013E-04,0,-.001
2.729365,4.57766E-05,-2.517719E-04,-.002
2.730365,3.89101E-04,-4.653949E-04,-2.33333E-03
2.731366,4.196186E-04,-2.288828E-04,-.001
2.732366,5.188026E-04,-4.27248E-04,-6.66667E-04
2.733367,6.332435E-04,-5.340613E-04,6.66667E-04
2.734367,3.12807E-04,-4.959144E-04,-.002
2.735368,1.983652E-04,-4.806537E-04,.001
2.736368,-9.918259E-05,-3.585834E-04,-6.66667E-04
2.737369,-6.103562E-05,-1.449594E-04,6.66667E-04
2.738369,-2.822895E-04,-3.814721E-05,-.001
2.73937,-4.959144E-04,7.629441E-05,-2.33333E-03
2.74037,-7.095374E-04,1.907358E-04,.001
2.741371,-4.501361E-04,-1.525891E-05,-.002
2.742371,3.12807E-04,-2.670307E-04,-6.66667E-04
2.743372,3.89101E-04,-3.356952E-04,6.66667E-04
2.744372,2.975482E-04,-1.525888E-04,-.001
2.745373,1.831064E-04,-2.212534E-04,-.002
2.746373,2.594013E-04,-1.678476E-04,-6.66667E-04
2.747374,1.75477E-04,3.814721E-05,-.001
2.748374,1.678476E-04,9.15532E-05,6.66667E-04
2.749375,1.06812E-04,-1.449594E-04,-.002
2.750375,-2.28883E-05,-4.196186E-04,-.001
2.751376,3.12807E-04,-5.874671E-04,6.66667E-04
2.752376,3.50954E-04,-3.967304E-04,-6.66667E-04
2.753377,5.722083E-04,1.983652E-04,-.001
2.754377,9.918259E-05,1.144414E-04,-6.66667E-04
2.755378,2.28883E-05,-3.814721E-05,-.001
2.756378,-2.059946E-04,2.517719E-04,6.66667E-04
2.757379,-4.119892E-04,4.730243E-04,.001
2.758379,-1.449594E-04,5.188026E-04,.001
2.75938,9.918259E-05,5.645789E-04,-6.66667E-04
2.76038,1.678476E-04,4.501361E-04,-6.66667E-04
2.761381,1.678476E-04,3.204364E-04,6.66667E-04
2.762381,2.28883E-05,4.501361E-04,6.66667E-04
2.763382,2.670307E-04,3.280658E-04,-.001
2.764382,4.119892E-04,5.340599E-05,.002
2.765383,-7.629441E-05,2.28883E-05,.001
2.766383,-3.051776E-04,-3.433246E-04,-3.66667E-03
2.767384,-1.297006E-04,-2.975482E-04,-6.66667E-04
2.768384,9.15532E-05,-2.13624E-04,6.66667E-04
2.769385,3.433246E-04,-7.01908E-04,-6.66667E-04
2.770385,1.06812E-04,-5.111732E-04,-3.66667E-03
2.771386,9.15532E-05,-4.425067E-04,-6.66667E-04
2.772386,2.594013E-04,-5.111732E-04,6.66667E-04
2.773387,2.594013E-04,-1.525888E-04,.001
2.774387,2.670307E-04,-1.525891E-05,-.002
2.775388,1.297006E-04,1.06812E-04,-2.33333E-03
2.776388,-2.288828E-04,1.525891E-05,6.66667E-04
2.777389,-9.15532E-05,7.629441E-05,6.66667E-04
2.778389,-1.297006E-04,2.28883E-05,-.001
2.77939,-9.918259E-05,3.50954E-04,-.001
2.78039,-2.28883E-05,6.485023E-04,-.001
2.781391,-3.051781E-05,6.027259E-04,-.001
2.782391,1.602182E-04,1.014717E-03,2.33333E-03
2.783392,3.433246E-04,8.697547E-04,-.002
2.784392,3.814716E-04,5.493201E-04,-.001
2.785393,2.670307E-04,5.798377E-04,-6.66667E-04
2.786393,4.119892E-04,5.264319E-04,.001
2.787394,1.220712E-04,4.806537E-04,-.002
2.788394,-3.12807E-04,-1.220712E-04,-.002
2.789395,-7.01908E-04,-1.3733E-04,-.002
2.790395,-5.874671E-04,1.449594E-04,-6.66667E-04
2.791396,-4.27248E-04,2.288828E-04,-3.66667E-03
2.792396,-1.3733E-04,4.577655E-04,6.66667E-04
2.793397,2.670307E-04,3.89101E-04,-.002
2.794397,6.866492E-04,-3.814721E-05,-6.66667E-04
2.795398,1.113899E-03,1.678476E-04,-2.33333E-03
2.796398,7.324256E-04,1.297006E-04,-.002
2.797399,5.569495E-04,2.28883E-05,-.001
2.798399,2.059946E-04,-1.144414E-04,-2.33333E-03
2.7994,4.57766E-05,6.866502E-05,-3.66667E-03
2.8004,2.670307E-04,2.365122E-04,-.001
2.801401,-1.06812E-04,0,-.001
2.802401,-4.806537E-04,4.57766E-05,.001
2.803402,-1.06812E-04,3.280658E-04,6.66667E-04
2.804402,7.629453E-06,2.670307E-04,-6.66667E-04
2.805403,-8.392381E-05,-5.340599E-05,-6.66667E-04
2.806403,-3.051776E-04,-7.629441E-05,6.66667E-04
2.807404,9.918259E-05,-7.629453E-06,-6.66667E-04
2.808404,1.220712E-04,1.75477E-04,6.66667E-04
2.809405,1.525891E-05,4.196186E-04,.001
2.810405,7.629453E-06,2.517719E-04,-.001
2.811406,9.15532E-05,2.212534E-04,.001
2.812406,1.525891E-05,3.051781E-05,-6.66667E-04
2.813407,-2.13624E-04,-4.959144E-04,.001
2.814407,-2.746601E-04,-1.678476E-04,.002
2.815408,7.629441E-05,0,-2.33333E-03
2.816408,6.103553E-04,1.449594E-04,-.002
2.817409,4.196186E-04,1.06812E-04,6.66667E-04
2.818409,3.051776E-04,0,6.66667E-04
2.81941,2.13624E-04,7.629453E-06,-.001
2.82041,2.594013E-04,-3.814721E-05,6.66667E-04
2.821411,-3.967304E-04,-3.738422E-04,-.001
2.822411,-5.340613E-04,-3.967304E-04,.001
2.823412,-5.569495E-04,-3.204364E-04,.001
2.824412,-6.942786E-04,-6.103562E-05,-6.66667E-04
2.825413,-7.171668E-04,2.670307E-04,6.66667E-04
2.826413,-5.569495E-04,2.059946E-04,-.002
2.827414,-1.144414E-04,0,-3.66667E-03
2.828414,1.297006E-04,-9.15532E-05,6.66667E-04
2.829415,4.577655E-04,9.918259E-05,-.002
2.830415,1.75477E-04,1.220712E-04,-.001
2.831416,3.204364E-04,-1.144414E-04,-6.66667E-04
2.832416,1.525891E-05,-2.899189E-04,-6.66667E-04
2.833417,2.059946E-04,-1.297006E-04,.002
2.834417,1.3733E-04,1.75477E-04,-.002
2.835418,-1.525891E-05,9.918259E-05,-3.66667E-03
2.836418,-7.629441E-05,3.814716E-04,-.001
2.837419,-2.822895E-04,3.433246E-04,-.001
2.838419,-1.144414E-04,2.059946E-04,.001
2.83942,3.051781E-05,-8.392381E-05,-.001
2.84042,1.678476E-04,1.907358E-04,6.66667E-04
2.841421,1.525888E-04,2.670307E-04,.002
2.842421,5.188026E-04,1.831064E-04,-6.66667E-04
2.843422,5.416907E-04,-1.297006E-04,6.66667E-04
2.844422,1.297006E-04,-2.975482E-04,-6.66667E-04
2.845423,9.918259E-05,-3.204364E-04,-3.66667E-03
2.846423,-9.918259E-05,-1.525888E-04,-6.66667E-04
2.847424,-3.051781E-05,-3.50954E-04,6.66667E-04
2.848424,-1.602182E-04,-3.204364E-04,.001
2.849425,-3.814721E-05,8.392381E-05,-.002
2.850425,-2.13624E-04,2.822895E-04,-.001
2.851426,-6.866492E-04,-6.103562E-05,-.001
2.852426,-9.384193E-04,1.75477E-04,-.002
2.853427,-5.722083E-04,4.27248E-04,-.001
2.854427,-1.602182E-04,1.297006E-04,-6.66667E-04
2.855428,-3.814721E-05,1.220712E-04,-6.66667E-04
2.856428,-4.57766E-05,-2.441425E-04,-.002
2.857429,-8.392381E-05,-1.678476E-04,-.001
2.858429,1.831064E-04,3.814721E-05,.001
2.85943,1.831064E-04,-1.297006E-04,6.66667E-04
2.86043,5.111732E-04,0,6.66667E-04
2.861431,2.670307E-04,-1.3733E-04,.001
2.862431,-3.89101E-04,6.866502E-05,-.002
2.863432,-4.27248E-04,1.297006E-04,2.33333E-03
2.864432,-2.13624E-04,3.204364E-04,6.66667E-04
2.865433,-2.899189E-04,4.119892E-04,6.66667E-04
2.866433,7.629441E-05,1.06812E-04,-.002
2.867434,1.983652E-04,-9.918259E-05,-.002
2.868434,-3.051781E-05,4.57766E-05,-.001
2.869435,1.06812E-04,2.746601E-04,-.001
2.870435,-2.28883E-05,8.392381E-05,-.002
2.871436,-2.13624E-04,-5.340599E-05,6.66667E-04
2.872436,-2.13624E-04,1.144414E-04,-.001
2.873437,4.57766E-05,1.449594E-04,-6.66667E-04
2.874437,1.144414E-04,-1.449594E-04,-.002
2.875438,3.50954E-04,-8.392381E-05,-.001
2.876438,4.119892E-04,-3.814721E-05,-6.66667E-04
2.877439,2.365122E-04,-2.288828E-04,-.001
2.878439,1.220712E-04,-4.577655E-04,.002
2.87944,-2.594013E-04,-2.212534E-04,-6.66667E-04
2.88044,-5.340613E-04,-1.06812E-04,6.66667E-04
2.881441,-5.874671E-04,1.220712E-04,-.001
2.882441,-6.027259E-04,-2.746601E-04,-6.66667E-04
2.883442,-2.441425E-04,-3.662128E-04,-.001
2.884442,4.57766E-05,-8.392381E-05,-.002
2.885443,1.144414E-04,-2.212534E-04,-.001
2.886443,1.678476E-04,1.525891E-05,-.002
2.887444,1.525888E-04,1.297006E-04,-6.66667E-04
2.888444,2.059946E-04,2.059946E-04,-6.66667E-04
2.889445,2.059946E-04,1.831064E-04,-.001
2.890445,1.3733E-04,3.433246E-04,-.002
2.891446,-1.602182E-04,3.738422E-04,-.001
2.892446,-1.3733E-04,2.365122E-04,-6.66667E-04
2.893447,-3.814721E-05,0,6.66667E-04
2.894447,-3.051781E-05,-2.594013E-04,-2.33333E-03
2.895448,-2.746601E-04,-5.188026E-04,.001
2.896448,-1.602182E-04,-4.043598E-04,-.002
2.897449,-1.831064E-04,-4.27248E-04,-.001
2.898449,-2.670307E-04,-4.501361E-04,.002
2.89945,-3.12807E-04,-3.12807E-04,6.66667E-04
2.90045,-1.06812E-04,-1.297006E-04,-.001
2.901451,-3.280658E-04,-6.103562E-05,-.002
2.902451,-5.798377E-04,-2.212534E-04,-3.66667E-03
2.903452,-6.866492E-04,-3.12807E-04,-.002
2.904452,-4.27248E-04,-7.629453E-06,-.001
2.905453,-7.01908E-04,2.670307E-04,-6.66667E-04
2.906453,-1.060493E-03,2.746601E-04,-2.33333E-03
2.907454,-1.258858E-03,3.12807E-04,-2.33333E-03
2.908454,-1.533516E-03,3.12807E-04,6.66667E-04
2.909455,-1.747139E-03,1.144414E-04,-3.66667E-03
2.910455,-1.60218E-03,8.392381E-05,-2.33333E-03
2.911456,-1.892097E-03,2.28883E-05,6.66667E-04
2.912456,-2.105728E-03,-3.051781E-05,-.001
2.913457,-2.273574E-03,1.06812E-04,-.002
2.914457,-2.716079E-03,-4.806537E-04,-6.66667E-04
2.915458,-2.96022E-03,-6.561317E-04,-.001
2.916458,-3.028885E-03,-5.874671E-04,6.66667E-04
2.917459,-3.08229E-03,-1.75477E-04,6.66667E-04
2.918459,-3.013626E-03,1.678476E-04,-.002
2.91946,-2.952591E-03,3.585834E-04,-2.33333E-03
2.92046,-2.815261E-03,6.332435E-04,-.002
2.921461,-2.45668E-03,2.975482E-04,.001
2.922461,-2.037063E-03,6.103562E-05,-6.66667E-04
2.923462,-1.48011E-03,9.15532E-05,-6.66667E-04
2.924462,-1.197822E-03,2.594013E-04,6.66667E-04
2.925463,-8.850135E-04,5.035438E-04,-.001
2.926463,-8.544959E-04,5.264319E-04,-6.66667E-04
2.927464,-6.408729E-04,1.678476E-04,-6.66667E-04
2.928464,-8.926429E-04,4.653949E-04,-.001
2.929465,-7.40055E-04,6.103553E-04,.002
2.930465,-5.874671E-04,4.577655E-04,-.001
2.931466,-3.12807E-04,7.171668E-04,-6.66667E-04
2.932466,-1.983652E-04,5.111732E-04,-6.66667E-04
2.933467,-3.12807E-04,3.12807E-04,-6.66667E-04
2.934467,-2.594013E-04,2.746601E-04,.001
2.935468,-8.392381E-05,9.918259E-05,.002
2.936468,-9.15532E-05,6.866502E-05,6.66667E-04
2.937469,-3.433246E-04,4.119892E-04,-.001
2.938469,-9.918259E-05,3.051776E-04,-6.66667E-04
2.93947,-2.212534E-04,0,-6.66667E-04
2.94047,-5.340599E-05,8.392381E-05,-.002
2.941471,4.57766E-05,6.103562E-05,-.002
2.942471,-3.814721E-05,4.501361E-04,-.002
2.943472,1.983652E-04,2.975482E-04,-6.66667E-04
2.944472,3.051776E-04,8.392381E-05,-.001
2.945473,4.196186E-04,-9.15532E-05,.001
2.946473,3.662128E-04,1.144414E-04,-.002
2.947474,0,2.594013E-04,-.001
2.948474,3.280658E-04,-2.670307E-04,-3.66667E-03
2.949475,5.798377E-04,-3.738422E-04,-6.66667E-04
2.950475,3.280658E-04,-5.340613E-04,-6.66667E-04
2.951476,1.297006E-04,-6.179847E-04,.001
2.952476,-1.678476E-04,-4.348774E-04,.001
2.953477,-4.730243E-04,-1.983652E-04,-.002
2.954477,-2.13624E-04,-3.204364E-04,.001
2.955478,1.220712E-04,-2.441425E-04,-.001
2.956478,1.449594E-04,-3.051781E-05,-.001
2.957479,-5.340599E-05,8.392381E-05,.001
2.958479,-1.831064E-04,-1.525891E-05,-6.66667E-04
2.95948,3.814721E-05,6.866502E-05,6.66667E-04
2.96048,9.15532E-05,-2.594013E-04,-6.66667E-04
2.961481,-6.103562E-05,-4.653949E-04,-.002
2.962481,-3.051776E-04,-5.416907E-04,-2.33333E-03
2.963482,-1.525888E-04,-1.75477E-04,-.001
2.964482,-4.043598E-04,1.525888E-04,6.66667E-04
2.965483,-2.517719E-04,2.441425E-04,-.001
2.966483,-1.602182E-04,3.12807E-04,-.002
2.967484,6.103562E-05,2.288828E-04,6.66667E-04
2.968484,1.525888E-04,3.051776E-04,-6.66667E-04
2.969485,-7.629441E-05,3.433246E-04,-6.66667E-04
2.970485,-6.866502E-05,5.645789E-04,-.001
2.971486,1.297006E-04,3.89101E-04,.001
2.972486,-8.392381E-05,2.365122E-04,-.001
2.973487,-4.577655E-04,1.525891E-05,-.002
2.974487,-8.010902E-04,1.602182E-04,-6.66667E-04
2.975488,-4.348774E-04,3.662128E-04,-.001
2.976488,-2.899189E-04,7.629453E-06,-.002
2.977489,1.678476E-04,-2.517719E-04,6.66667E-04
2.978489,5.111732E-04,-3.585834E-04,-.002
2.97949,6.866492E-04,-1.983652E-04,-6.66667E-04
2.98049,3.738422E-04,-1.602182E-04,-.002
2.981491,2.441425E-04,-1.983652E-04,6.66667E-04
2.982491,3.50954E-04,-1.297006E-04,6.66667E-04
2.983492,2.441425E-04,6.103562E-05,-.001
2.984492,-6.866502E-05,-1.525891E-05,6.66667E-04
2.985493,-2.212534E-04,-2.288828E-04,-.001
2.986493,-1.525891E-05,-1.983652E-04,-.002
2.987494,4.57766E-05,6.866502E-05,-6.66667E-04
2.988494,6.866502E-05,1.297006E-04,-.001
2.989495,6.103562E-05,1.525888E-04,-.002
2.990495,-3.051781E-05,3.051781E-05,-6.66667E-04
2.991496,1.449594E-04,4.196186E-04,-.001
2.992496,2.13624E-04,7.171668E-04,-.001
2.993497,3.12807E-04,2.059946E-04,.001
2.994497,5.264319E-04,1.3733E-04,6.66667E-04
2.995498,2.899189E-04,-8.392381E-05,-6.66667E-04
2.996498,3.50954E-04,-4.577655E-04,-.001
2.997499,3.662128E-04,-2.288828E-04,-3.66667E-03
2.998499,3.051781E-05,-2.13624E-04,-6.66667E-04
2.9995,1.678476E-04,9.15532E-05,-.001
3.0005,5.340599E-05,-4.57766E-05,-2.33333E-03
3.001501,-9.918259E-05,-1.831064E-04,6.66667E-04
3.002501,-3.814716E-04,-3.051781E-05,-6.66667E-04
3.003502,-3.356952E-04,9.15532E-05,-6.66667E-04
3.004502,6.866502E-05,1.525888E-04,.001
3.005503,-1.602182E-04,2.13624E-04,6.66667E-04
3.006503,-8.392381E-05,3.356952E-04,-.001
3.007504,1.06812E-04,1.449594E-04,-.001
3.008504,2.28883E-05,3.356952E-04,-.001
3.009505,-7.629441E-05,5.111732E-04,-6.66667E-04
3.010505,2.059946E-04,3.051776E-04,6.66667E-04
3.011506,5.798377E-04,3.814721E-05,.001
3.012506,6.790198E-04,5.264319E-04,-6.66667E-04
3.013507,5.874671E-04,5.569495E-04,-6.66667E-04
3.014507,1.907358E-04,6.485023E-04,-.002
3.015508,-7.629453E-06,5.874671E-04,-.001
3.016508,1.983652E-04,1.678476E-04,6.66667E-04
3.017509,3.356952E-04,2.670307E-04,-.002
3.018509,4.425067E-04,2.594013E-04,-6.66667E-04
3.01951,3.50954E-04,2.365122E-04,6.66667E-04
3.02051,2.899189E-04,3.356952E-04,-6.66667E-04
3.021511,0,3.50954E-04,6.66667E-04
3.022511,-1.907358E-04,-3.814716E-04,.001
3.023512,-4.425067E-04,-3.50954E-04,-.001
3.024512,-7.40055E-04,1.297006E-04,-6.66667E-04
3.025513,-8.850135E-04,2.441425E-04,-.001
3.026513,-4.501361E-04,1.06812E-04,-6.66667E-04
3.027514,-4.653949E-04,-2.28883E-05,-6.66667E-04
3.028514,-6.408729E-04,-9.918259E-05,-6.66667E-04
3.029515,-2.670307E-04,1.525891E-05,6.66667E-04
3.030515,-1.983652E-04,-4.806537E-04,-.001
3.031516,1.831064E-04,-6.408729E-04,6.66667E-04
3.032516,4.806537E-04,-2.822895E-04,6.66667E-04
3.033517,2.288828E-04,-2.28883E-05,2.33333E-03
3.034517,1.678476E-04,7.629453E-06,.001
3.035518,-3.814721E-05,2.899189E-04,.001
3.036518,-6.103562E-05,-1.525888E-04,6.66667E-04
3.037519,1.602182E-04,-3.12807E-04,-2.33333E-03
3.038519,2.441425E-04,-3.433246E-04,-6.66667E-04
3.03952,2.594013E-04,-3.585834E-04,-.001
3.04052,1.220712E-04,-4.730243E-04,-.002
3.041521,-2.365122E-04,-3.967304E-04,-.001
3.042521,-3.89101E-04,-3.280658E-04,.001
3.043522,-4.501361E-04,-4.043598E-04,-.002
3.044522,-5.874671E-04,-5.950965E-04,.002
3.045523,-5.188026E-04,-5.416907E-04,-6.66667E-04
3.046523,-2.288828E-04,-3.356952E-04,-.001
3.047524,-2.517719E-04,-2.28883E-05,-6.66667E-04
3.048524,-1.449594E-04,3.662128E-04,.001
3.049525,1.831064E-04,1.525888E-04,-6.66667E-04
3.050525,4.57766E-05,-7.629441E-05,-6.66667E-04
3.051526,2.059946E-04,0,.001
3.052526,3.051781E-05,3.12807E-04,-.001
3.053527,-2.746601E-04,-5.340599E-05,-6.66667E-04
3.054527,-1.831064E-04,-1.06812E-04,6.66667E-04
3.055528,0,-1.525888E-04,.001
3.056528,-8.392381E-05,-3.280658E-04,-6.66667E-04
3.057529,-2.441425E-04,-3.738422E-04,.002
3.058529,-5.035438E-04,7.629453E-06,6.66667E-04
3.05953,-5.340613E-04,-5.340599E-05,-.002
3.06053,-7.78202E-04,1.297006E-04,-.001
3.061531,-4.119892E-04,2.13624E-04,-.001
3.062531,-2.212534E-04,8.392381E-05,-6.66667E-04
3.063532,1.602182E-04,7.629453E-06,.001
3.064532,3.204364E-04,-7.629441E-05,-6.66667E-04
3.065533,5.188026E-04,-7.629441E-05,6.66667E-04
3.066533,3.662128E-04,-2.365122E-04,6.66667E-04
3.067534,7.629453E-06,-1.06812E-04,-.001
3.068534,-1.525891E-05,2.670307E-04,-6.66667E-04
3.069535,-1.06812E-04,-3.814721E-05,6.66667E-04
3.070535,1.525891E-05,-2.517719E-04,-.001
3.071536,4.043598E-04,1.525891E-05,6.66667E-04
3.072536,2.670307E-04,1.525888E-04,.001
3.073537,3.12807E-04,1.3733E-04,6.66667E-04
3.074537,6.866502E-05,-1.144414E-04,-2.33333E-03
3.075538,-1.449594E-04,-6.103562E-05,-.002
3.076538,-9.918259E-05,2.975482E-04,-.001
3.077539,-5.645789E-04,4.27248E-04,-6.66667E-04
3.078539,-4.806537E-04,3.662128E-04,6.66667E-04
3.07954,-7.629441E-05,7.40055E-04,6.66667E-04
3.08054,9.15532E-05,8.621253E-04,-.002
3.081541,-5.340599E-05,7.324256E-04,6.66667E-04
3.082541,2.059946E-04,2.288828E-04,-.002
3.083542,1.220712E-04,3.12807E-04,.001
3.084542,2.670307E-04,2.975482E-04,.002
3.085543,1.75477E-04,4.501361E-04,.002
3.086543,2.594013E-04,3.12807E-04,-.001
3.087544,-1.525888E-04,4.27248E-04,-.002
3.088544,-1.831064E-04,8.392381E-05,6.66667E-04
3.089545,-2.28883E-05,5.340599E-05,6.66667E-04
3.090545,3.662128E-04,6.103562E-05,-.001
3.091546,2.594013E-04,4.196186E-04,6.66667E-04
3.092546,9.918259E-05,3.662128E-04,-2.33333E-03
3.093547,2.975482E-04,1.831064E-04,-6.66667E-04
3.094547,-6.103562E-05,1.525891E-05,-6.66667E-04
3.095548,-1.297006E-04,2.365122E-04,-6.66667E-04
3.096548,-7.629441E-05,2.822895E-04,-.001
3.097549,6.103562E-05,-2.899189E-04,6.66667E-04
3.098549,-9.918259E-05,-3.433246E-04,.002
3.09955,-6.408729E-04,-3.50954E-04,6.66667E-04
3.10055,-5.950965E-04,-1.831064E-04,-6.66667E-04
3.101551,-6.790198E-04,6.103562E-05,6.66667E-04
3.102551,-4.806537E-04,-3.814721E-05,-.001
3.103552,-1.602182E-04,6.103562E-05,2.33333E-03
3.104552,-9.918259E-05,3.662128E-04,-.002
3.105553,-1.3733E-04,-1.525891E-05,-3.66667E-03
3.106553,-4.959144E-04,-2.13624E-04,-.002
3.107554,-5.874671E-04,-2.212534E-04,6.66667E-04
3.108554,-6.027259E-04,-4.425067E-04,-6.66667E-04
3.109555,-5.264319E-04,-7.934608E-04,.001
3.110555,-4.730243E-04,-6.713904E-04,-.002
3.111556,-3.967304E-04,-2.670307E-04,6.66667E-04
3.112556,-4.730243E-04,5.111732E-04,-2.33333E-03
3.113557,-8.468665E-04,7.476844E-04,-.002
3.114557,-1.403816E-03,4.425067E-04,-.001
3.115558,-2.07521E-03,4.577655E-04,-6.66667E-04
3.116558,-2.822891E-03,1.831064E-04,-6.66667E-04
3.117559,-3.860489E-03,-3.051781E-05,-6.66667E-04
3.118559,-4.707366E-03,6.866502E-05,.001
3.11956,-5.889922E-03,-1.06812E-04,6.66667E-04
3.12056,-7.217437E-03,-3.204364E-04,-.002
3.121561,-8.81964E-03,-7.247962E-04,-.002
3.122561,-1.020056E-02,-9.460486E-04,.001
3.123562,-1.214606E-02,-1.434334E-03,-.002
3.124562,-1.398474E-02,-1.655586E-03,-6.66667E-04
3.125563,-1.499182E-02,-1.808174E-03,-.001
3.126563,-1.452643E-02,-1.663215E-03,.002
3.127564,-1.358038E-02,-1.274116E-03,-.001
3.128564,-1.201636E-02,-1.083381E-03,6.66667E-04
3.129565,-1.035315E-02,-9.53678E-04,-.001
3.130565,-8.606017E-03,-7.705726E-04,6.66667E-04
3.131566,-7.186919E-03,-4.043598E-04,.001
3.132566,-5.775481E-03,-5.035438E-04,-.001
3.133567,-4.684478E-03,-4.653949E-04,-.001
3.134567,-3.707901E-03,9.918259E-05,-6.66667E-04
3.135568,-2.800003E-03,1.525888E-04,-6.66667E-04
3.136568,-2.33461E-03,1.831064E-04,-6.66667E-04
3.137569,-1.525886E-03,-1.678476E-04,6.66667E-04
3.138569,-1.335151E-03,-5.416907E-04,-6.66667E-04
3.13957,-8.926429E-04,-2.822895E-04,-.002
3.14057,-9.155311E-04,3.814721E-05,-6.66667E-04
3.141571,-7.858314E-04,3.051776E-04,-.002
3.142571,-5.645789E-04,2.365122E-04,6.66667E-04
3.143572,-2.288828E-04,9.15532E-05,-.002
3.144572,-1.297006E-04,2.212534E-04,-.001
3.145573,-4.119892E-04,1.831064E-04,.001
3.146573,-3.814716E-04,-3.814721E-05,-.001
3.147574,-2.441425E-04,4.57766E-05,-.002
3.148574,-1.602182E-04,-1.06812E-04,-6.66667E-04
3.149575,1.06812E-04,-2.288828E-04,-.001
3.150575,0,-4.043598E-04,-.002
3.151576,4.57766E-05,-1.602182E-04,6.66667E-04
3.152576,2.670307E-04,1.06812E-04,6.66667E-04
3.153577,3.662128E-04,2.288828E-04,.001
3.154577,3.662128E-04,6.866502E-05,-.002
3.155578,3.204364E-04,6.103562E-05,-.002
3.156578,-3.814721E-05,0,6.66667E-04
3.157579,1.525888E-04,-5.340599E-05,-3.66667E-03
3.158579,5.340599E-05,-2.365122E-04,-.001
3.15958,-1.907358E-04,-2.13624E-04,-6.66667E-04
3.16058,-1.602182E-04,-3.280658E-04,-2.33333E-03
3.161581,6.866502E-05,-2.059946E-04,-.002
3.162581,1.144414E-04,-2.28883E-05,6.66667E-04
3.163582,2.594013E-04,-1.297006E-04,-2.33333E-03
3.164582,4.806537E-04,-1.06812E-04,-.002
3.165583,9.918259E-05,-2.670307E-04,-3.66667E-03
3.166583,3.662128E-04,-4.119892E-04,-.001
3.167584,4.501361E-04,-5.874671E-04,-.002
3.168584,3.204364E-04,6.103562E-05,.001
3.169585,-5.340599E-05,4.119892E-04,.001
3.170585,-1.06812E-04,4.730243E-04,-3.66667E-03
3.171586,-1.144414E-04,1.602182E-04,-2.33333E-03
3.172586,-2.822895E-04,-1.449594E-04,-6.66667E-04
3.173587,-4.653949E-04,-1.449594E-04,6.66667E-04
3.174587,-3.204364E-04,2.059946E-04,-.001
3.175588,-3.12807E-04,2.517719E-04,.002
3.176588,-1.220712E-04,-5.340599E-05,-.001
3.177589,-1.983652E-04,-2.13624E-04,-.002
3.178589,2.670307E-04,-1.75477E-04,-.001
3.17959,2.746601E-04,-3.967304E-04,-6.66667E-04
3.18059,7.629441E-05,-1.525891E-05,.001
3.181591,-2.517719E-04,6.866502E-05,-2.33333E-03
3.182591,-2.670307E-04,1.525888E-04,6.66667E-04
3.183592,-7.629441E-05,-1.3733E-04,6.66667E-04
3.184592,1.3733E-04,-6.103562E-05,-6.66667E-04
3.185593,-1.220712E-04,-3.204364E-04,6.66667E-04
3.186593,-3.051781E-05,-5.340613E-04,-.001
3.187594,-1.602182E-04,-2.899189E-04,6.66667E-04
3.188594,-1.144414E-04,9.918259E-05,-6.66667E-04
3.189595,-3.433246E-04,9.918259E-05,.001
3.190595,-2.365122E-04,9.918259E-05,-.001
3.191596,-5.340599E-05,-1.3733E-04,-2.33333E-03
3.192596,3.051781E-05,-4.196186E-04,.001
3.193597,-8.392381E-05,-2.670307E-04,.001
3.194597,-4.959144E-04,-4.577655E-04,-.001
3.195598,-5.264319E-04,-2.899189E-04,-2.33333E-03
3.196598,-7.629453E-06,2.365122E-04,6.66667E-04
3.197599,4.501361E-04,2.899189E-04,-.002
3.198599,4.730243E-04,3.051776E-04,-.002
3.1996,3.662128E-04,1.144414E-04,-3.66667E-03
3.2006,2.365122E-04,-3.433246E-04,-.001
3.201601,3.356952E-04,-2.059946E-04,6.66667E-04
3.202601,1.3733E-04,0,-6.66667E-04
3.203602,0,-2.441425E-04,.002
3.204602,1.907358E-04,-1.983652E-04,-2.33333E-03
3.205603,2.899189E-04,2.822895E-04,-.002
3.206603,3.967304E-04,3.204364E-04,-6.66667E-04
3.207604,4.501361E-04,3.356952E-04,-6.66667E-04
3.208604,2.594013E-04,2.746601E-04,-.002
3.209605,-4.57766E-05,1.297006E-04,6.66667E-04
3.210605,-1.75477E-04,-2.13624E-04,.001
3.211606,-2.212534E-04,-2.670307E-04,-.001
3.212606,-1.297006E-04,-2.822895E-04,-.001
3.213607,2.975482E-04,-1.06812E-04,-.001
3.214607,2.28883E-05,-1.449594E-04,-.002
3.215608,-1.525891E-05,-2.975482E-04,-.001
3.216608,-1.449594E-04,-1.983652E-04,-6.66667E-04
3.217609,-3.814721E-05,-5.340599E-05,.001
3.218609,-1.678476E-04,-1.06812E-04,-.002
3.21961,-4.043598E-04,-5.340599E-05,-2.33333E-03
3.22061,-5.340613E-04,-4.27248E-04,-.002
3.221611,-7.629432E-04,-4.348774E-04,-6.66667E-04
3.222611,-8.087195E-04,-1.602182E-04,6.66667E-04
3.223612,-6.332435E-04,-2.441425E-04,-2.33333E-03
3.224612,-1.75477E-04,0,-.001
3.225613,0,4.57766E-05,-6.66667E-04
3.226614,-1.220712E-04,-1.220712E-04,-.001
3.227614,-2.517719E-04,-1.983652E-04,-.002
3.228614,-3.662128E-04,-2.670307E-04,.001
3.229615,-1.06812E-04,-3.662128E-04,-.001
3.230615,2.212534E-04,-3.967304E-04,6.66667E-04
3.231616,3.356952E-04,-1.06812E-04,-6.66667E-04
3.232616,2.212534E-04,5.340599E-05,6.66667E-04
3.233617,2.365122E-04,2.365122E-04,.001
3.234617,3.662128E-04,2.670307E-04,-6.66667E-04
3.235618,1.831064E-04,1.3733E-04,6.66667E-04
3.236619,2.746601E-04,9.918259E-05,-3.66667E-03
3.237619,2.059946E-04,3.051781E-05,-.001
3.238619,2.594013E-04,4.57766E-05,-2.33333E-03
3.23962,5.340599E-05,6.103562E-05,-2.33333E-03
3.24062,-2.365122E-04,1.907358E-04,-.002
3.241621,-1.525891E-05,1.449594E-04,-.001
3.242621,7.629453E-06,3.662128E-04,-.002
3.243622,1.3733E-04,2.517719E-04,-6.66667E-04
3.244622,-2.212534E-04,4.57766E-05,-.001
3.245623,-2.899189E-04,-1.602182E-04,-.001
3.246624,-1.297006E-04,-2.13624E-04,-.001
3.247624,-2.594013E-04,-1.525891E-05,-6.66667E-04
3.248624,-6.866492E-04,-1.449594E-04,-6.66667E-04
3.249625,-4.806537E-04,-1.3733E-04,-.002
3.250625,-6.866502E-05,-1.220712E-04,-.001
3.251626,4.119892E-04,-1.831064E-04,6.66667E-04
3.252626,2.822895E-04,9.15532E-05,-.002
3.253627,3.356952E-04,3.814721E-05,6.66667E-04
3.254627,1.144414E-04,-1.220712E-04,-.001
3.255628,1.602182E-04,1.907358E-04,-.001
3.256629,1.449594E-04,4.348774E-04,-.001
3.257629,5.798377E-04,4.27248E-04,-6.66667E-04
3.258629,7.01908E-04,1.983652E-04,-.001
3.25963,2.212534E-04,-2.746601E-04,-.001
3.26063,2.517719E-04,-5.493201E-04,-.002
3.261631,4.196186E-04,-6.408729E-04,-.002
3.262631,1.907358E-04,-8.163489E-04,-6.66667E-04
3.263632,-6.103562E-05,-6.103553E-04,-.002
3.264632,-4.119892E-04,-2.212534E-04,-3.66667E-03
3.265633,2.28883E-05,-8.392381E-05,-.002
3.266634,1.75477E-04,9.15532E-05,.002
3.267634,2.975482E-04,6.866502E-05,-6.66667E-04
3.268634,1.907358E-04,-1.144414E-04,.001
3.269635,9.918259E-05,1.907358E-04,6.66667E-04
3.270635,3.051776E-04,5.111732E-04,.001
3.271636,2.822895E-04,3.814716E-04,.001
3.272636,2.899189E-04,1.525888E-04,.001
3.273637,-1.678476E-04,2.28883E-05,-.002
3.274637,-2.212534E-04,-2.670307E-04,-.002
3.275638,-2.670307E-04,-5.416907E-04,-6.66667E-04
3.276639,-4.27248E-04,-1.983652E-04,-.002
3.277639,-1.220712E-04,3.814721E-05,-.001
3.278639,8.392381E-05,1.06812E-04,-.002
3.27964,1.449594E-04,7.629453E-06,6.66667E-04
3.28064,-1.06812E-04,1.602182E-04,-6.66667E-04
3.281641,-2.441425E-04,2.822895E-04,-.001
3.282641,-2.594013E-04,-3.814721E-05,-.002
3.283642,-1.678476E-04,-3.356952E-04,-6.66667E-04
3.284642,-7.629441E-05,0,-.002
3.285643,-1.525888E-04,9.15532E-05,-.001
3.286644,-1.907358E-04,2.059946E-04,-.001
3.287644,4.57766E-05,3.814721E-05,.002
3.288644,2.594013E-04,-2.28883E-05,-.002
3.289645,2.28883E-05,1.06812E-04,-6.66667E-04
3.290645,1.220712E-04,-2.059946E-04,-.001
3.291646,-1.297006E-04,-5.340599E-05,-.001
3.292646,-3.204364E-04,-5.340599E-05,-.001
3.293647,2.288828E-04,-1.144414E-04,6.66667E-04
3.294647,3.89101E-04,-6.866502E-05,-.001
3.295648,1.220712E-04,-1.3733E-04,-.001
3.296649,-1.525888E-04,-3.585834E-04,-3.66667E-03
3.297649,-3.204364E-04,-2.13624E-04,6.66667E-04
3.298649,-2.441425E-04,-4.730243E-04,.001
3.29965,-1.06812E-04,-6.485023E-04,-.001
3.30065,-1.525891E-05,-4.348774E-04,-.001
3.301651,3.051781E-05,-1.602182E-04,-.001
3.302651,1.525888E-04,-1.831064E-04,-.001
3.303652,-1.144414E-04,-1.449594E-04,-6.66667E-04
3.304652,-2.13624E-04,-2.670307E-04,-.002
3.305653,-1.144414E-04,1.525891E-05,.001
3.306653,5.340599E-05,4.57766E-05,.001
3.307654,1.06812E-04,4.57766E-05,-.002
3.308654,4.57766E-05,7.629441E-05,-.001
3.309655,1.602182E-04,3.89101E-04,.001
3.310655,8.392381E-05,1.525888E-04,-.001
3.311656,1.678476E-04,7.629441E-05,-6.66667E-04
3.312656,1.144414E-04,2.212534E-04,-.001
3.313657,1.297006E-04,2.975482E-04,-6.66667E-04
3.314657,-1.3733E-04,-6.103562E-05,2.33333E-03
3.315658,-2.28883E-05,-4.27248E-04,.001
3.316658,-3.204364E-04,-6.561317E-04,-.001
3.317659,-6.942786E-04,-7.01908E-04,6.66667E-04
3.318659,-6.256141E-04,-2.13624E-04,-3.66667E-03
3.31966,-1.06812E-04,-4.57766E-05,-6.66667E-04
3.32066,-2.517719E-04,0,.002
3.321661,-4.806537E-04,-5.340599E-05,.001
3.322661,-4.348774E-04,-1.831064E-04,-.001
3.323662,-1.525888E-04,-2.517719E-04,6.66667E-04
3.324662,-1.3733E-04,-3.738422E-04,-6.66667E-04
3.325663,-4.806537E-04,-2.746601E-04,-6.66667E-04
3.326663,-2.975482E-04,-9.15532E-05,.001
3.327664,-1.220712E-04,-2.28883E-05,-.001
3.328664,-3.356952E-04,-3.814721E-05,-.002
3.329665,-3.814716E-04,-2.28883E-05,-.001
3.330665,-2.13624E-04,2.288828E-04,-.001
3.331666,-1.3733E-04,2.746601E-04,-3.66667E-03
3.332666,2.059946E-04,8.392381E-05,6.66667E-04
3.333667,2.288828E-04,1.525888E-04,6.66667E-04
3.334667,2.365122E-04,1.75477E-04,.001
3.335668,-7.629453E-06,1.06812E-04,-2.33333E-03
3.336668,-2.822895E-04,1.983652E-04,-.002
3.337669,-6.027259E-04,3.585834E-04,.001
3.338669,-6.561317E-04,2.212534E-04,6.66667E-04
3.33967,-4.806537E-04,-1.831064E-04,-.002
3.34067,-3.738422E-04,3.814721E-05,-.001
3.341671,-3.204364E-04,4.57766E-05,-.001
3.342671,1.220712E-04,-1.220712E-04,-6.66667E-04
3.343672,-7.629453E-06,-1.144414E-04,-.001
3.344672,-7.629441E-05,3.814721E-05,-2.33333E-03
3.345673,-1.907358E-04,-1.525891E-05,6.66667E-04
3.346673,-1.06812E-04,-1.831064E-04,6.66667E-04
3.347674,-3.433246E-04,-4.57766E-05,-.001
3.348674,-5.950965E-04,-2.288828E-04,-6.66667E-04
3.349675,-3.204364E-04,-4.348774E-04,.001
3.350675,-2.365122E-04,-2.212534E-04,-.001
3.351676,7.629453E-06,-4.043598E-04,-.001
3.352676,1.449594E-04,-5.493201E-04,-3.66667E-03
3.353677,5.340599E-05,-2.899189E-04,6.66667E-04
3.354677,3.051781E-05,-4.043598E-04,-6.66667E-04
3.355678,-3.585834E-04,-5.340613E-04,6.66667E-04
3.356678,-3.051776E-04,-8.239783E-04,-.002
3.357679,1.602182E-04,-8.850135E-04,.001
3.358679,2.822895E-04,-1.007088E-03,-.002
3.35968,1.525888E-04,-6.713904E-04,-6.66667E-04
3.36068,4.348774E-04,-5.035438E-04,6.66667E-04
3.361681,4.119892E-04,3.051781E-05,.001
3.362681,5.035438E-04,-1.3733E-04,-.002
3.363682,4.425067E-04,-1.220712E-04,6.66667E-04
3.364682,-3.051781E-05,-9.918259E-05,.001
3.365683,-4.119892E-04,-2.594013E-04,-.001
3.366683,-2.13624E-04,-6.179847E-04,6.66667E-04
3.367684,-3.89101E-04,-5.340613E-04,-.002
3.368684,-6.63761E-04,-3.585834E-04,6.66667E-04
3.369685,-6.561317E-04,-3.814721E-05,6.66667E-04
3.370685,-2.13624E-04,2.288828E-04,-.002
3.371686,-3.051776E-04,-5.340599E-05,-.001
3.372686,-4.806537E-04,-1.75477E-04,-.002
3.373687,-2.441425E-04,1.983652E-04,-.002
3.374687,-1.678476E-04,2.212534E-04,-6.66667E-04
3.375688,-2.670307E-04,3.50954E-04,-3.66667E-03
3.376688,-2.059946E-04,4.959144E-04,-2.33333E-03
3.377689,-1.06812E-04,1.06812E-04,-.001
3.378689,1.06812E-04,-7.629441E-05,-.002
3.37969,1.220712E-04,-9.918259E-05,3.66667E-03
3.38069,-9.15532E-05,-4.425067E-04,-.002
3.381691,-3.280658E-04,-4.119892E-04,.001
3.382691,-5.722083E-04,-2.365122E-04,-2.33333E-03
3.383692,-2.899189E-04,2.059946E-04,-6.66667E-04
3.384692,8.392381E-05,2.670307E-04,-.001
3.385693,-1.907358E-04,4.57766E-05,.002
3.386693,-4.043598E-04,9.918259E-05,-.002
3.387694,-4.577655E-04,-1.144414E-04,-6.66667E-04
3.388694,-2.13624E-04,-3.662128E-04,.001
3.389695,-3.204364E-04,-7.324256E-04,.001
3.390696,-4.119892E-04,-6.103553E-04,-.002
3.391696,-3.356952E-04,-6.942786E-04,.002
3.392696,-1.602182E-04,-3.12807E-04,-6.66667E-04
3.393697,-3.585834E-04,1.3733E-04,2.33333E-03
3.394697,-2.975482E-04,5.340599E-05,-6.66667E-04
3.395698,-2.288828E-04,-2.13624E-04,-.001
3.396698,-4.501361E-04,-4.57766E-05,.002
3.397699,-7.095374E-04,1.75477E-04,-.002
3.398699,-8.544959E-04,5.111732E-04,-.001
3.3997,-7.01908E-04,2.365122E-04,-6.66667E-04
3.400701,-4.27248E-04,1.06812E-04,-.001
3.401701,4.57766E-05,-2.441425E-04,-6.66667E-04
3.402701,-2.212534E-04,-4.348774E-04,.001
3.403702,-6.179847E-04,-3.051781E-05,-6.66667E-04
3.404702,-2.746601E-04,2.059946E-04,-6.66667E-04
3.405703,-9.15532E-05,7.629453E-06,-2.33333E-03
3.406703,-4.501361E-04,4.57766E-05,-.001
3.407704,-4.959144E-04,-2.28883E-05,-.001
3.408704,-5.340613E-04,-9.15532E-05,-.002
3.409705,-7.553138E-04,-4.57766E-05,-6.66667E-04
3.410706,-7.934608E-04,-8.392381E-05,-6.66667E-04
3.411706,-4.88285E-04,-3.738422E-04,6.66667E-04
3.412706,-5.722083E-04,-2.212534E-04,-.001
3.413707,-7.01908E-04,1.602182E-04,-.001
3.414707,-7.934608E-04,0,-2.33333E-03
3.415708,-5.645789E-04,1.06812E-04,.002
3.416708,-7.095374E-04,-7.629453E-06,-.002
3.417709,-1.022346E-03,-2.670307E-04,-.001
3.418709,-1.716621E-03,-2.288828E-04,-6.66667E-04
3.41971,-2.151504E-03,-3.738422E-04,6.66667E-04
3.420711,-2.281204E-03,-4.88285E-04,-.002
3.421711,-2.662674E-03,-8.163489E-04,-.001
3.422711,-3.280655E-03,-8.163489E-04,-6.66667E-04
3.423712,-4.119903E-03,-7.01908E-04,6.66667E-04
3.424712,-5.126983E-03,-7.705726E-04,-6.66667E-04
3.425713,-6.202728E-03,-4.653949E-04,2.33333E-03
3.426713,-7.30136E-03,-3.967304E-04,-6.66667E-04
3.427714,-8.781493E-03,-7.476844E-04,.002
3.428714,-1.078039E-02,-1.174934E-03,-6.66667E-04
3.429715,-1.266485E-02,-1.579292E-03,-.001
3.430716,-1.464087E-02,-1.693733E-03,-.001
3.431716,-1.659405E-02,-2.044693E-03,-.002
3.432716,-1.835644E-02,-2.479568E-03,.001
3.433717,-.0197984,-3.067032E-03,-.002
3.434717,-2.093518E-02,-3.33406E-03,6.66667E-04
3.435718,-2.159131E-02,-3.318802E-03,6.66667E-04
3.436718,-2.104962E-02,-2.990738E-03,6.66667E-04
3.437719,-1.967633E-02,-2.510086E-03,2.33333E-03
3.438719,-1.880658E-02,-2.32698E-03,-.001
3.43972,-1.750195E-02,-2.059951E-03,-.001
3.440721,-1.568615E-02,-1.846321E-03,6.66667E-04
3.441721,-1.388556E-02,-1.35041E-03,-.001
3.442721,-1.194006E-02,-8.468665E-04,-.002
3.443722,-1.033789E-02,-3.967304E-04,-6.66667E-04
3.444722,-8.880675E-03,-4.653949E-04,-.001
3.445723,-7.125884E-03,-3.433246E-04,-6.66667E-04
3.446723,-5.622894E-03,1.983652E-04,-2.33333E-03
3.447724,-4.684478E-03,4.57766E-05,.001
3.448724,-4.03598E-03,9.15532E-05,-6.66667E-04
3.449725,-3.669754E-03,3.12807E-04,.002
3.450726,-3.074661E-03,1.297006E-04,6.66667E-04
3.451726,-2.426162E-03,4.57766E-05,-6.66667E-04
3.452726,-2.120987E-03,5.340599E-05,-6.66667E-04
3.453727,-1.960769E-03,-9.15532E-05,-.001
3.454727,-1.762398E-03,9.918259E-05,-.001
3.455728,-1.235969E-03,4.577655E-04,-.001
3.456728,-9.155311E-04,6.103562E-05,-.001
3.457729,-4.27248E-04,3.814721E-05,.002
3.458729,-5.493201E-04,1.831064E-04,-.001
3.45973,-9.307899E-04,-2.28883E-05,6.66667E-04
3.460731,-5.874671E-04,-4.043598E-04,-6.66667E-04
3.461731,-2.441425E-04,-2.13624E-04,.001
3.462731,9.918259E-05,1.983652E-04,.001
3.463732,1.525891E-05,3.50954E-04,-6.66667E-04
3.464732,-2.13624E-04,1.449594E-04,6.66667E-04
3.465733,-1.220712E-04,-3.738422E-04,2.33333E-03
3.466733,1.525891E-05,-2.441425E-04,6.66667E-04
3.467734,1.602182E-04,-2.517719E-04,-6.66667E-04
3.468734,-9.918259E-05,-1.06812E-04,-.002
3.469735,-4.27248E-04,-3.204364E-04,-.001
3.470736,-3.204364E-04,-1.602182E-04,-6.66667E-04
3.471736,-4.88285E-04,-4.27248E-04,-.002
3.472736,-2.975482E-04,-3.356952E-04,-6.66667E-04
3.473737,-4.577655E-04,-3.204364E-04,.001
3.474737,-5.798377E-04,-3.967304E-04,-.001
3.475738,-6.408729E-04,-4.425067E-04,-2.33333E-03
3.476738,-4.119892E-04,-4.119892E-04,.001
3.477739,-4.27248E-04,-3.280658E-04,6.66667E-04
3.478739,9.15532E-05,-1.983652E-04,-.001
3.47974,3.12807E-04,9.15532E-05,-6.66667E-04
3.480741,1.983652E-04,2.594013E-04,-.001
3.481741,3.051781E-05,1.297006E-04,-.002
3.482741,-1.144414E-04,6.332435E-04,.001
3.483742,-2.28883E-05,8.926429E-04,-2.33333E-03
3.484742,-3.12807E-04,5.264319E-04,-6.66667E-04
3.485743,-1.144414E-04,4.27248E-04,.001
3.486743,-7.629441E-05,2.059946E-04,-6.66667E-04
3.487744,-1.831064E-04,4.196186E-04,.001
3.488744,-1.06812E-04,5.493201E-04,-2.33333E-03
3.489745,-7.629453E-06,2.975482E-04,-6.66667E-04
3.490746,3.814716E-04,7.629441E-05,.001
3.491746,7.324256E-04,8.392381E-05,-.001
3.492746,3.204364E-04,1.449594E-04,-.001
3.493747,-1.602182E-04,3.356952E-04,-6.66667E-04
3.494747,-1.144414E-04,1.678476E-04,.002
3.495748,-9.918259E-05,-1.602182E-04,.001
3.496748,3.814721E-05,-2.670307E-04,6.66667E-04
3.497749,-1.297006E-04,-3.433246E-04,-.001
3.498749,0,-1.06812E-04,-6.66667E-04
3.49975,3.89101E-04,-2.13624E-04,-6.66667E-04
3.500751,4.57766E-05,4.57766E-05,-6.66667E-04
3.501751,2.059946E-04,-9.15532E-05,-2.33333E-03
3.502751,2.899189E-04,-2.212534E-04,-.001
3.503752,1.75477E-04,-1.144414E-04,-6.66667E-04
3.504752,-1.06812E-04,1.678476E-04,.001
3.505753,1.220712E-04,1.220712E-04,.001
3.506753,9.15532E-05,-2.899189E-04,-2.33333E-03
3.507754,-1.449594E-04,-3.585834E-04,-6.66667E-04
3.508754,-4.425067E-04,-4.425067E-04,-6.66667E-04
3.509755,-8.392371E-04,-4.959144E-04,-.002
3.510756,-6.713904E-04,-4.196186E-04,-.002
3.511756,-9.15532E-05,-6.408729E-04,6.66667E-04
3.512756,1.602182E-04,-5.493201E-04,.001
3.513757,3.50954E-04,-5.416907E-04,-.001
3.514757,3.051776E-04,-6.027259E-04,6.66667E-04
3.515758,3.585834E-04,-4.348774E-04,-.001
3.516758,3.738422E-04,-1.144414E-04,.001
3.517759,4.57766E-05,4.57766E-05,6.66667E-04
3.518759,4.57766E-05,2.28883E-05,-6.66667E-04
3.51976,-1.602182E-04,-2.28883E-05,-.002
3.520761,-3.814721E-05,6.866502E-05,.001
3.521761,9.15532E-05,-2.28883E-05,-.002
3.522761,4.196186E-04,6.866502E-05,-.001
3.523762,4.730243E-04,9.15532E-05,-.001
3.524762,2.594013E-04,-5.340599E-05,.001
3.525763,-7.629441E-05,-1.144414E-04,.001
3.526763,-3.356952E-04,-2.517719E-04,-.002
3.527764,-4.196186E-04,-2.670307E-04,6.66667E-04
3.528764,-4.196186E-04,-1.831064E-04,-.001
3.529765,-3.204364E-04,2.441425E-04,-.001
3.530766,-1.144414E-04,4.196186E-04,6.66667E-04
3.531766,3.051781E-05,1.220712E-04,-.002
3.532766,-1.75477E-04,-2.059946E-04,6.66667E-04
3.533767,-4.043598E-04,-3.280658E-04,6.66667E-04
3.534767,-2.822895E-04,-1.678476E-04,-.001
3.535768,-4.27248E-04,-8.392381E-05,-.001
3.536768,-4.043598E-04,-3.204364E-04,6.66667E-04
3.537769,-4.653949E-04,-3.051776E-04,-6.66667E-04
3.538769,-2.746601E-04,2.594013E-04,-6.66667E-04
3.53977,1.220712E-04,4.27248E-04,-6.66667E-04
3.540771,3.50954E-04,9.918259E-05,-.002
3.541771,3.50954E-04,1.06812E-04,.001
3.542771,2.28883E-05,5.874671E-04,.001
3.543772,-3.814721E-05,5.950965E-04,-6.66667E-04
3.544772,2.059946E-04,1.144414E-04,-.001
3.545773,3.662128E-04,-3.50954E-04,-.002
3.546773,2.212534E-04,-5.340613E-04,-6.66667E-04
3.547774,-2.670307E-04,-6.179847E-04,.001
3.548774,-4.653949E-04,-7.40055E-04,-6.66667E-04
3.549775,-1.449594E-04,-6.485023E-04,.001
3.550776,-3.89101E-04,-5.569495E-04,-6.66667E-04
3.551776,-1.678476E-04,-2.746601E-04,-6.66667E-04
3.552776,-3.204364E-04,-2.594013E-04,.001
3.553777,-6.408729E-04,1.602182E-04,-.001
3.554777,-7.476844E-04,5.798377E-04,-.002
3.555778,-9.155311E-04,9.15532E-05,-.001
3.556778,-8.544959E-04,-5.340599E-05,6.66667E-04
3.557779,-7.324256E-04,5.340599E-05,6.66667E-04
3.558779,-8.316077E-04,9.918259E-05,6.66667E-04
3.55978,-1.327522E-03,0,.001
3.560781,-1.487739E-03,-1.297006E-04,.001
3.561781,-1.510628E-03,3.280658E-04,.001
3.562781,-1.85395E-03,3.50954E-04,6.66667E-04
3.563782,-2.182022E-03,2.365122E-04,-6.66667E-04
3.564783,-2.487198E-03,9.918259E-05,.001
3.565783,-3.120437E-03,-6.103562E-05,.001
3.566783,-3.578201E-03,-6.866502E-05,6.66667E-04
3.567784,-3.479019E-03,-3.738422E-04,-6.66667E-04
3.568784,-3.349319E-03,-8.010902E-04,-.001
3.569785,-3.128067E-03,-2.899189E-04,.001
3.570786,-2.983108E-03,-3.50954E-04,-6.66667E-04
3.571786,-2.937332E-03,-2.899189E-04,-6.66667E-04
3.572786,-2.800003E-03,-1.983652E-04,-.001
3.573787,-2.609268E-03,-4.196186E-04,.002
3.574788,-2.143875E-03,-6.408729E-04,6.66667E-04
3.575788,-2.014175E-03,-6.256141E-04,6.66667E-04
3.576788,-1.556404E-03,-4.043598E-04,-.001
3.577789,-1.182564E-03,-2.365122E-04,-.001
3.578789,-6.713904E-04,-2.212534E-04,-.002
3.57979,-7.40055E-04,-3.662128E-04,-6.66667E-04
3.580791,-8.468665E-04,-3.967304E-04,-.002
3.581791,-1.007088E-03,-4.501361E-04,-6.66667E-04
3.582791,-6.63761E-04,-3.12807E-04,.001
3.583792,-5.874671E-04,-3.12807E-04,-.002
3.584793,-5.111732E-04,-3.738422E-04,-.001
3.585793,-9.384193E-04,-1.297006E-04,6.66667E-04
3.586793,-6.027259E-04,1.220712E-04,-6.66667E-04
3.587794,-4.348774E-04,2.670307E-04,-.002
3.588794,-4.57766E-05,5.264319E-04,6.66667E-04
3.589795,2.059946E-04,4.043598E-04,-.002
3.590796,2.365122E-04,1.907358E-04,-.001
3.591796,1.525888E-04,5.035438E-04,.001
3.592796,4.57766E-05,4.196186E-04,-.001
3.593797,9.918259E-05,7.629441E-05,-.001
3.594798,1.06812E-04,-1.907358E-04,-.002
3.595798,7.629441E-05,-3.204364E-04,-.002
3.596798,1.06812E-04,-3.051781E-05,-.002
3.597799,3.814716E-04,-3.814721E-05,-.002
3.598799,3.89101E-04,2.670307E-04,-6.66667E-04
3.5998,4.196186E-04,-6.866502E-05,.001
3.600801,1.831064E-04,2.28883E-05,-.001
3.601801,-6.103562E-05,-7.629453E-06,-6.66667E-04
3.602801,1.06812E-04,-7.629441E-05,-6.66667E-04
3.603802,-4.196186E-04,-2.975482E-04,6.66667E-04
3.604803,-2.670307E-04,-1.983652E-04,.001
3.605803,2.28883E-05,-4.57766E-05,-.001
3.606803,5.340599E-05,-1.220712E-04,-6.66667E-04
3.607804,-1.602182E-04,-1.06812E-04,-6.66667E-04
3.608804,-1.449594E-04,-1.525888E-04,-6.66667E-04
3.609805,-2.594013E-04,7.629441E-05,-.001
3.610806,-1.602182E-04,5.569495E-04,6.66667E-04
3.611806,-8.392381E-05,5.569495E-04,6.66667E-04
3.612806,5.340599E-05,5.188026E-04,6.66667E-04
3.613807,8.392381E-05,4.959144E-04,-6.66667E-04
3.614808,-4.57766E-05,1.3733E-04,-.002
3.615808,3.967304E-04,7.629453E-06,-.001
3.616808,-5.340599E-05,-7.629453E-06,-3.66667E-03
3.617809,-9.15532E-05,-1.06812E-04,-6.66667E-04
3.618809,-1.449594E-04,-1.602182E-04,-6.66667E-04
3.61981,-4.348774E-04,-1.06812E-04,-.001
3.620811,-4.730243E-04,1.831064E-04,-.001
3.621811,-5.416907E-04,3.280658E-04,6.66667E-04
3.622811,-4.653949E-04,3.662128E-04,-6.66667E-04
3.623812,-7.934608E-04,4.043598E-04,.001
3.624813,-7.934608E-04,4.577655E-04,-6.66667E-04
3.625813,-6.63761E-04,1.831064E-04,.002
3.626813,-1.525891E-05,-7.629453E-06,-6.66667E-04
3.627814,-3.814721E-05,4.57766E-05,-2.33333E-03
3.628814,-4.501361E-04,4.57766E-05,-.001
3.629815,-6.866492E-04,-6.866502E-05,-.002
3.630816,-5.111732E-04,9.918259E-05,-6.66667E-04
3.631816,4.806537E-04,4.88285E-04,-.002
3.632816,4.88285E-04,7.705726E-04,-.001
3.633817,3.662128E-04,2.594013E-04,6.66667E-04
3.634818,-4.425067E-04,2.975482E-04,-2.33333E-03
3.635818,-6.790198E-04,-1.220712E-04,6.66667E-04
3.636818,-2.441425E-04,-4.57766E-05,6.66667E-04
3.637819,1.525888E-04,3.814721E-05,-6.66667E-04
3.638819,2.746601E-04,3.89101E-04,-.001
3.63982,1.525888E-04,1.525888E-04,-.002
3.640821,-4.57766E-05,-2.517719E-04,-.001
3.641821,-8.392381E-05,-2.365122E-04,.001
3.642821,-6.866502E-05,-1.525891E-05,2.33333E-03
3.643822,-1.144414E-04,0,2.33333E-03
3.644823,-2.13624E-04,1.220712E-04,-6.66667E-04
3.645823,-2.059946E-04,8.392381E-05,.001
3.646823,4.119892E-04,-7.629453E-06,.001
3.647824,3.12807E-04,-2.28883E-05,6.66667E-04
3.648824,2.899189E-04,8.392381E-05,-.001
3.649825,4.57766E-05,5.264319E-04,.002
3.650826,0,7.858314E-04,-.002
3.651826,8.392381E-05,3.585834E-04,-6.66667E-04
3.652826,1.3733E-04,4.425067E-04,-.004
3.653827,0,2.594013E-04,.001
3.654828,-3.662128E-04,4.57766E-05,-.001
3.655828,-7.553138E-04,-1.75477E-04,.001
3.656828,-6.713904E-04,-1.525888E-04,-.002
3.657829,-4.27248E-04,7.629441E-05,.001
3.658829,-4.806537E-04,-3.585834E-04,-.002
3.65983,-7.476844E-04,-4.27248E-04,-.002
3.66083,-1.312263E-03,-2.288828E-04,.001
3.661831,-1.502998E-03,-6.103562E-05,-6.66667E-04
3.662831,-1.876839E-03,1.525888E-04,.002
3.663832,-1.960769E-03,-2.975482E-04,-6.66667E-04
3.664833,-1.991287E-03,-5.416907E-04,.002
3.665833,-2.388015E-03,-6.63761E-04,-.002
3.666833,-2.594009E-03,-1.75477E-04,-6.66667E-04
3.667834,-3.059402E-03,4.57766E-05,.001
3.668834,-3.631607E-03,5.340613E-04,-6.66667E-04
3.669835,-4.440337E-03,4.196186E-04,-.001
3.670835,-.0052872,8.392381E-05,.001
3.671836,-5.493194E-03,2.13624E-04,.002
3.672836,-5.729705E-03,3.50954E-04,6.66667E-04
3.673837,-5.470306E-03,3.814721E-05,-.001
3.674838,-5.401641E-03,1.602182E-04,-.002
3.675838,-4.852325E-03,-1.297006E-04,.001
3.676838,-4.417449E-03,-4.119892E-04,6.66667E-04
3.677839,-3.936797E-03,7.629441E-05,6.66667E-04
3.678839,-3.417984E-03,4.730243E-04,-6.66667E-04
3.67984,-2.746597E-03,4.730243E-04,-.002
3.68084,-2.281204E-03,6.485023E-04,-.002
3.681841,-1.525886E-03,7.095374E-04,.002
3.682841,-1.327522E-03,8.926429E-04,-3.66667E-03
3.683842,-1.182564E-03,6.790198E-04,-.001
3.684843,-1.052864E-03,2.13624E-04,-2.33333E-03
3.685843,-1.060493E-03,3.051781E-05,-6.66667E-04
3.686843,-4.806537E-04,7.629453E-06,.001
3.687844,-2.746601E-04,6.103562E-05,-.001
3.688844,-2.13624E-04,4.57766E-05,-6.66667E-04
3.689845,0,-4.043598E-04,-6.66667E-04
3.690845,0,-1.907358E-04,-.001
3.691846,-1.06812E-04,2.365122E-04,-3.66667E-03
3.692847,5.340599E-05,6.408729E-04,-6.66667E-04
3.693847,-1.144414E-04,7.858314E-04,.001
3.694848,0,7.858314E-04,.001
3.695848,-3.814721E-05,2.517719E-04,-.002
3.696848,1.75477E-04,-5.340599E-05,.002
3.697849,2.059946E-04,-2.975482E-04,-2.33333E-03
3.698849,4.57766E-05,-7.629453E-06,6.66667E-04
3.69985,7.629441E-05,2.746601E-04,-.002
3.70085,1.525891E-05,1.525888E-04,-6.66667E-04
3.701851,-1.144414E-04,3.814721E-05,2.33333E-03
3.702852,-3.051781E-05,2.059946E-04,-.002
3.703852,-6.866502E-05,2.28883E-05,-2.33333E-03
3.704853,2.670307E-04,-2.13624E-04,.002
3.705853,5.798377E-04,-1.06812E-04,.001
3.706853,5.264319E-04,4.57766E-05,-.001
3.707854,7.629441E-05,-1.525888E-04,-6.66667E-04
3.708854,1.525891E-05,-1.983652E-04,-.002
3.709855,2.746601E-04,9.15532E-05,-6.66667E-04
3.710855,2.059946E-04,2.975482E-04,-.002
3.711856,-5.340599E-05,2.059946E-04,-6.66667E-04
3.712857,1.525891E-05,-2.212534E-04,-.001
3.713857,2.365122E-04,-4.348774E-04,6.66667E-04
3.714858,1.525888E-04,-2.746601E-04,-.001
3.715858,-3.051781E-05,-3.433246E-04,-6.66667E-04
3.716858,-9.15532E-05,0,-.002
3.717859,-3.814716E-04,2.594013E-04,-.002
3.718859,-3.89101E-04,5.111732E-04,6.66667E-04
3.71986,-3.738422E-04,3.662128E-04,.002
3.72086,-4.043598E-04,-2.059946E-04,-.002
3.721861,-5.950965E-04,-1.831064E-04,-.001
3.722862,-3.967304E-04,7.629441E-05,6.66667E-04
3.723862,0,4.196186E-04,-.002
3.724863,3.051781E-05,6.332435E-04,-6.66667E-04
3.725863,-2.670307E-04,9.15532E-05,-.001
3.726863,-6.63761E-04,-3.738422E-04,.001
3.727864,-6.790198E-04,-1.144414E-04,.002
3.728864,-6.256141E-04,-3.814721E-05,-.002
3.729865,-2.975482E-04,2.059946E-04,-.001
3.730865,-4.57766E-05,3.89101E-04,-6.66667E-04
3.731866,-1.06812E-04,2.746601E-04,6.66667E-04
3.732867,-3.814721E-05,8.392381E-05,-.001
3.733867,3.814721E-05,6.103562E-05,6.66667E-04
3.734868,2.517719E-04,1.144414E-04,-6.66667E-04
3.735868,2.975482E-04,4.119892E-04,-.002
3.736868,5.188026E-04,3.662128E-04,-.002
3.737869,3.814721E-05,1.3733E-04,.001
3.73887,-7.629453E-06,-3.814716E-04,-.002
3.73987,-1.602182E-04,-6.179847E-04,.001
3.74087,-3.051776E-04,-5.874671E-04,.001
3.741871,-3.50954E-04,-2.059946E-04,.001
3.742872,-1.678476E-04,-2.28883E-05,6.66667E-04
3.743872,3.051781E-05,-1.06812E-04,-6.66667E-04
3.744873,2.365122E-04,7.629453E-06,-.001
3.745873,4.196186E-04,2.28883E-05,-.002
3.746873,5.874671E-04,2.594013E-04,-6.66667E-04
3.747874,6.866492E-04,2.899189E-04,6.66667E-04
3.748875,2.517719E-04,2.28883E-05,.001
3.749875,3.204364E-04,0,6.66667E-04
3.750875,1.297006E-04,3.814721E-05,-.002
3.751876,-2.517719E-04,-7.629453E-06,-.002
3.752877,-3.12807E-04,-2.28883E-05,6.66667E-04
3.753877,-3.051776E-04,1.144414E-04,-6.66667E-04
3.754878,0,-1.297006E-04,-6.66667E-04
3.755878,2.365122E-04,-2.670307E-04,-.001
3.756878,-1.831064E-04,-1.983652E-04,-.001
3.757879,0,-1.602182E-04,-.001
3.75888,1.3733E-04,-2.517719E-04,6.66667E-04
3.75988,2.059946E-04,-1.907358E-04,-6.66667E-04
3.76088,3.50954E-04,-2.594013E-04,-6.66667E-04
3.761881,3.662128E-04,-2.670307E-04,-.002
3.762882,2.288828E-04,0,-.002
3.763882,3.12807E-04,1.297006E-04,6.66667E-04
3.764883,1.907358E-04,7.629453E-06,-3.66667E-03
3.765883,4.119892E-04,-9.15532E-05,-.001
3.766883,4.653949E-04,-3.051781E-05,-.001
3.767884,1.678476E-04,2.288828E-04,6.66667E-04
3.768885,1.220712E-04,1.907358E-04,-6.66667E-04
3.769885,2.059946E-04,5.340599E-05,2.33333E-03
3.770885,1.831064E-04,1.525888E-04,.001
3.771886,9.15532E-05,2.822895E-04,-6.66667E-04
3.772887,6.179847E-04,-2.28883E-05,.002
3.773887,1.06812E-04,-1.602182E-04,-.001
3.774888,7.629441E-05,-5.340599E-05,-.001
3.775888,3.12807E-04,-5.340613E-04,-.002
3.776888,4.043598E-04,-6.866492E-04,-.001
3.777889,-5.340599E-05,-5.798377E-04,6.66667E-04
3.77889,1.220712E-04,-6.103562E-05,.001
3.77989,3.051776E-04,-1.602182E-04,-6.66667E-04
3.78089,-1.297006E-04,-3.204364E-04,-.002
3.781891,-3.585834E-04,-3.814716E-04,-.002
3.782892,-2.670307E-04,6.866502E-05,.001
3.783892,2.28883E-05,1.602182E-04,6.66667E-04
3.784893,-3.814721E-05,0,6.66667E-04
3.785893,-9.918259E-05,-3.204364E-04,-.002
3.786893,7.629453E-06,-5.645789E-04,-6.66667E-04
3.787894,-1.602182E-04,-5.874671E-04,-.002
3.788895,-5.874671E-04,-6.485023E-04,-.001
3.789895,-7.40055E-04,-2.441425E-04,6.66667E-04
3.790895,-1.113899E-03,-4.57766E-05,6.66667E-04
3.791896,-1.342781E-03,1.525888E-04,-6.66667E-04
3.792897,-2.059951E-03,2.212534E-04,-2.33333E-03
3.793897,-3.295913E-03,2.212534E-04,-6.66667E-04
3.794898,-5.058318E-03,1.525888E-04,6.66667E-04
3.795898,-7.293731E-03,-3.051776E-04,.002
3.796898,-8.667052E-03,-4.501361E-04,-6.66667E-04
3.797899,-9.32318E-03,-1.3733E-04,6.66667E-04
3.7989,-9.735167E-03,2.365122E-04,-6.66667E-04
3.7999,-9.536803E-03,0,-.002
3.8009,-8.926451E-03,-2.517719E-04,.001
3.801901,-8.033812E-03,-5.722083E-04,-.001
3.802902,-6.393462E-03,-4.806537E-04,-6.66667E-04
3.803902,-4.966766E-03,2.28883E-05,-.001
3.804903,-3.746048E-03,1.75477E-04,-.002
3.805903,-2.822891E-03,-1.602182E-04,-6.66667E-04
3.806903,-1.960769E-03,-6.103562E-05,-.001
3.807904,-1.426704E-03,2.288828E-04,-.001
3.808905,-1.319893E-03,3.50954E-04,-6.66667E-04
3.809905,-1.052864E-03,9.918259E-05,-6.66667E-04
3.810905,-6.332435E-04,-6.866502E-05,-6.66667E-04
3.811906,-4.501361E-04,-8.392381E-05,-.001
3.812907,1.449594E-04,-1.678476E-04,-.002
3.813907,6.790198E-04,-2.288828E-04,6.66667E-04
3.814908,4.196186E-04,-3.585834E-04,.002
3.815908,3.433246E-04,-1.449594E-04,-6.66667E-04
3.816908,4.88285E-04,-2.822895E-04,-6.66667E-04
3.817909,7.78202E-04,-3.814716E-04,6.66667E-04
3.81891,9.918287E-04,-3.50954E-04,-.001
3.81991,7.858314E-04,-2.746601E-04,2.33333E-03
3.82091,4.27248E-04,-1.602182E-04,-.002
3.821911,3.662128E-04,-2.365122E-04,-.002
3.822912,2.975482E-04,-3.12807E-04,6.66667E-04
3.823912,2.059946E-04,-3.204364E-04,-.002
3.824913,-1.525891E-05,-1.983652E-04,-6.66667E-04
3.825913,-3.204364E-04,-2.13624E-04,-6.66667E-04
3.826913,-4.653949E-04,-3.967304E-04,-.002
3.827914,-1.907358E-04,-6.027259E-04,.002
3.828915,-2.670307E-04,-3.12807E-04,6.66667E-04
3.829915,-2.670307E-04,9.15532E-05,-.001
3.830915,-9.15532E-05,3.051776E-04,-.001
3.831916,1.220712E-04,3.433246E-04,.001
3.832916,5.798377E-04,-2.365122E-04,-3.66667E-03
3.833917,5.416907E-04,-2.670307E-04,.001
3.834918,3.051776E-04,-3.280658E-04,-6.66667E-04
3.835918,1.907358E-04,-7.629441E-05,-.001
3.836918,4.043598E-04,1.831064E-04,-.001
3.837919,4.730243E-04,7.629453E-06,6.66667E-04
3.83892,3.204364E-04,-2.365122E-04,-6.66667E-04
3.83992,-3.12807E-04,-5.340613E-04,.001
3.84092,-2.441425E-04,-1.678476E-04,.001
3.841921,5.340599E-05,7.629441E-05,-2.33333E-03
3.842921,-1.06812E-04,-5.340599E-05,-6.66667E-04
3.843922,-3.738422E-04,0,-6.66667E-04
3.844923,-5.874671E-04,-3.433246E-04,-.001
3.845923,-6.866492E-04,-3.662128E-04,.001
3.846923,-3.433246E-04,-3.356952E-04,-3.66667E-03
3.847924,-2.670307E-04,-2.13624E-04,-.001
3.848925,-4.425067E-04,-1.220712E-04,-6.66667E-04
3.849925,-3.738422E-04,9.918259E-05,-.001
3.850925,-3.433246E-04,1.907358E-04,6.66667E-04
3.851926,-3.662128E-04,4.501361E-04,-6.66667E-04
3.852926,-5.798377E-04,1.449594E-04,-.001
3.853927,-3.356952E-04,1.831064E-04,-.002
3.854928,-2.822895E-04,3.12807E-04,-.001
3.855928,-3.204364E-04,4.57766E-05,-.002
3.856929,-3.967304E-04,-2.594013E-04,-.001
3.857929,-1.220712E-04,-4.653949E-04,.001
3.85893,2.746601E-04,-4.730243E-04,-2.33333E-03
3.85993,-1.602182E-04,-4.27248E-04,6.66667E-04
3.86093,-2.899189E-04,-5.493201E-04,-6.66667E-04
3.861931,-3.204364E-04,-7.01908E-04,6.66667E-04
3.862931,-1.06812E-04,-3.585834E-04,-.002
3.863932,0,9.918259E-05,-.002
3.864933,2.441425E-04,2.13624E-04,6.66667E-04
3.865933,-1.602182E-04,2.594013E-04,-6.66667E-04
3.866934,0,1.525888E-04,-.001
3.867934,9.15532E-05,-9.918259E-05,.001
3.868935,-1.602182E-04,-2.059946E-04,-3.66667E-03
3.869935,-4.27248E-04,-3.662128E-04,.002
3.870935,-4.653949E-04,-1.144414E-04,-6.66667E-04
3.871936,-3.051776E-04,-7.629441E-05,-.001
3.872936,-2.517719E-04,-1.220712E-04,6.66667E-04
3.873937,-1.3733E-04,-1.06812E-04,-6.66667E-04
3.874938,-1.449594E-04,-2.13624E-04,-.001
3.875938,1.831064E-04,-4.043598E-04,.001
3.876939,3.50954E-04,-4.88285E-04,.001
3.877939,2.670307E-04,-6.256141E-04,-6.66667E-04
3.87894,2.13624E-04,-4.043598E-04,-6.66667E-04
3.87994,3.50954E-04,-3.051781E-05,6.66667E-04
3.88094,4.730243E-04,0,.001
3.881941,0,7.629441E-05,-.001
3.882941,-1.907358E-04,1.144414E-04,6.66667E-04
3.883942,2.13624E-04,4.57766E-05,-6.66667E-04
3.884943,-6.103562E-05,9.918259E-05,-.001
3.885943,4.57766E-05,-1.06812E-04,.001
3.886944,2.441425E-04,-2.365122E-04,-6.66667E-04
3.887944,-1.297006E-04,-1.297006E-04,-6.66667E-04
3.888945,-4.501361E-04,-1.907358E-04,.002
3.889945,-6.63761E-04,-1.449594E-04,.002
3.890945,-9.155311E-04,-2.212534E-04,-.002
3.891946,-6.942786E-04,-2.822895E-04,6.66667E-04
3.892946,-2.670307E-04,-1.06812E-04,-.001
3.893947,-6.103562E-05,-2.594013E-04,6.66667E-04
3.894948,-2.594013E-04,7.629453E-06,6.66667E-04
3.895948,-6.866502E-05,-4.119892E-04,-.001
3.896949,-2.059946E-04,-4.27248E-04,-2.33333E-03
3.897949,7.629453E-06,-4.577655E-04,6.66667E-04
3.89895,-7.629441E-05,-3.585834E-04,-.001
3.89995,-2.13624E-04,-1.297006E-04,.001
3.90095,-8.392381E-05,1.449594E-04,.002
3.901951,1.06812E-04,1.831064E-04,.001
3.902952,2.975482E-04,-2.059946E-04,-6.66667E-04
3.903952,1.144414E-04,-2.517719E-04,-.002
3.904953,2.28883E-05,0,6.66667E-04
3.905953,-4.57766E-05,-5.340599E-05,-3.66667E-03
3.906954,3.814721E-05,-1.831064E-04,6.66667E-04
3.907954,1.220712E-04,-3.12807E-04,-6.66667E-04
3.908955,7.629453E-06,-4.348774E-04,-.001
3.909955,-2.212534E-04,-5.950965E-04,.001
3.910955,2.059946E-04,-5.798377E-04,.002
3.911956,4.730243E-04,-5.111732E-04,.001
3.912957,4.730243E-04,-7.01908E-04,.001
3.913957,1.06812E-04,-5.111732E-04,.001
3.914958,1.678476E-04,-2.441425E-04,.001
3.915958,2.975482E-04,-1.144414E-04,-.002
3.916959,4.57766E-05,-3.814721E-05,-.001
3.917959,-2.288828E-04,-2.746601E-04,-.002
3.91896,6.866502E-05,-5.340613E-04,-6.66667E-04
3.91996,1.297006E-04,-4.959144E-04,-6.66667E-04
3.92096,-1.678476E-04,-5.111732E-04,-.001
3.921961,-4.425067E-04,-3.433246E-04,-.001
3.922962,-2.899189E-04,-1.831064E-04,6.66667E-04
3.923962,-7.629453E-06,1.907358E-04,-.001
3.924963,3.051781E-05,2.594013E-04,-6.66667E-04
3.925963,2.212534E-04,-1.06812E-04,-.001
3.926964,1.449594E-04,-1.678476E-04,-.002
3.927964,-3.814721E-05,6.866502E-05,-2.33333E-03
3.928965,-1.602182E-04,-1.983652E-04,-6.66667E-04
3.929965,-9.918259E-05,-7.629453E-06,-.002
3.930965,9.918259E-05,2.13624E-04,-2.33333E-03
3.931966,-1.144414E-04,9.15532E-05,6.66667E-04
3.932967,-2.365122E-04,2.212534E-04,-6.66667E-04
3.933967,-7.629441E-05,1.983652E-04,-6.66667E-04
3.934968,-2.975482E-04,-3.814721E-05,-.001
3.935968,3.051781E-05,2.13624E-04,-.002
3.936969,2.212534E-04,-2.059946E-04,-.002
3.937969,1.06812E-04,-3.89101E-04,-.002
3.93897,-1.3733E-04,-4.043598E-04,-6.66667E-04
3.93997,-2.059946E-04,-8.392381E-05,6.66667E-04
3.94097,7.629453E-06,1.449594E-04,6.66667E-04
3.941971,1.602182E-04,8.392381E-05,-.001
3.942972,1.06812E-04,2.059946E-04,-3.66667E-03
3.943972,-6.103562E-05,2.822895E-04,6.66667E-04
3.944973,-2.212534E-04,5.111732E-04,-.002
3.945973,-1.144414E-04,6.485023E-04,-6.66667E-04
3.946974,3.585834E-04,3.356952E-04,-6.66667E-04
3.947974,6.027259E-04,2.13624E-04,6.66667E-04
3.948975,9.002723E-04,2.28883E-05,-.002
3.949975,8.926429E-04,1.144414E-04,6.66667E-04
3.950975,9.53678E-04,4.57766E-05,-.001
3.951976,5.493201E-04,1.678476E-04,6.66667E-04
3.952977,1.602182E-04,3.814716E-04,-6.66667E-04
3.953977,4.57766E-05,2.059946E-04,-.001
3.954978,1.297006E-04,9.918259E-05,6.66667E-04
3.955978,-6.103562E-05,3.814721E-05,-6.66667E-04
3.956979,-1.220712E-04,2.13624E-04,.001
3.957979,-2.28883E-05,1.06812E-04,-.002
3.95898,-2.365122E-04,-1.525888E-04,-.002
3.95998,-1.3733E-04,-2.059946E-04,-.001
3.96098,2.594013E-04,-1.525891E-05,6.66667E-04
3.961981,-3.051781E-05,1.602182E-04,-.002
3.962982,-1.525891E-05,1.297006E-04,6.66667E-04
3.963982,1.144414E-04,-1.602182E-04,-6.66667E-04
3.964983,-1.602182E-04,-9.15532E-05,6.66667E-04
3.965983,0,-9.15532E-05,.001
3.966984,1.297006E-04,-3.738422E-04,2.33333E-03
3.967984,9.918259E-05,-3.051776E-04,-.001
3.968985,1.144414E-04,-1.602182E-04,6.66667E-04
3.969985,1.75477E-04,-1.3733E-04,-3.66667E-03
3.970985,3.12807E-04,-9.15532E-05,-6.66667E-04
3.971986,1.3733E-04,-1.602182E-04,-.001
3.972987,3.89101E-04,-1.907358E-04,-6.66667E-04
3.973987,3.814721E-05,-4.806537E-04,-.001
3.974988,-2.212534E-04,-3.662128E-04,-6.66667E-04
3.975988,2.28883E-05,-5.340599E-05,-2.33333E-03
3.976989,-3.814721E-05,2.28883E-05,-6.66667E-04
3.977989,-3.204364E-04,1.3733E-04,-.001
3.97899,-2.594013E-04,0,-3.66667E-03
3.97999,6.866502E-05,-9.15532E-05,-.001
3.98099,1.525888E-04,-2.13624E-04,6.66667E-04
3.981991,4.959144E-04,-1.3733E-04,-.002
3.982992,3.051776E-04,-4.653949E-04,-.001
3.983992,3.12807E-04,-5.264319E-04,-.001
3.984993,2.059946E-04,-4.653949E-04,-6.66667E-04
3.985993,1.3733E-04,-1.75477E-04,.002
3.986994,1.449594E-04,-1.602182E-04,-6.66667E-04
3.987994,1.525891E-05,-2.975482E-04,-6.66667E-04
3.988995,-1.907358E-04,-4.577655E-04,-6.66667E-04
3.989995,-1.3733E-04,-1.907358E-04,.001
3.990995,-5.340599E-05,3.12807E-04,.001
3.991996,2.059946E-04,2.059946E-04,6.66667E-04
3.992997,1.602182E-04,1.678476E-04,-6.66667E-04
3.993997,-5.340599E-05,4.959144E-04,-2.33333E-03
3.994998,-3.89101E-04,5.035438E-04,6.66667E-04
3.995998,-3.738422E-04,2.975482E-04,-2.33333E-03
3.996999,-4.119892E-04,3.814716E-04,6.66667E-04
3.997999,-4.501361E-04,1.602182E-04,-.002
3.999,-1.3733E-04,-1.449594E-04,-.002
4,3.967304E-04,-6.866492E-04,-6.66667E-04
