"c:\users\esrlabn1\desktop\bence\ir_spectroscopy\532nm_odmr\magnet_map_1_680nm\054.dat  ---  04-27-2026 13:50:19"
""
"cavityli 20 2 4 2000 1 0 0"
"                             ;                             ;seth_xesr_precise 325.78 1 0 -2.5"
"setlockin 188.67 0.004 0 0.03 0.2"
4,2000
2,-2.13624E-04,2.594013E-04,-.001
2.001,-1.602182E-04,1.144414E-04,-6.66667E-04
2.002001,1.678476E-04,-1.144414E-04,-6.66667E-04
2.003001,-1.449594E-04,-3.12807E-04,-.002
2.004002,3.051781E-05,1.831064E-04,-3.66667E-03
2.005002,-1.3733E-04,3.662128E-04,-6.66667E-04
2.006003,-2.822895E-04,4.196186E-04,-2.33333E-03
2.007004,-3.967304E-04,3.051781E-05,.001
2.008004,-2.365122E-04,1.907358E-04,-.001
2.009005,-6.561317E-04,9.918259E-05,-2.33333E-03
2.010005,-8.392371E-04,-2.212534E-04,.001
2.011005,-7.858314E-04,7.629453E-06,-6.66667E-04
2.012006,-1.121528E-03,-2.594013E-04,.004
2.013006,-1.548775E-03,-2.670307E-04,-.001
2.014007,-2.601638E-03,-4.425067E-04,6.66667E-04
2.015007,-3.616348E-03,-4.27248E-04,-.001
2.016008,-4.15805E-03,-6.103553E-04,6.66667E-04
2.017009,-4.592925E-03,-6.179847E-04,-.001
2.018009,-5.935699E-03,-3.204364E-04,6.66667E-04
2.01901,-7.68283E-03,-5.874671E-04,-2.33333E-03
2.02001,-9.872496E-03,-8.010902E-04,-.001
2.02101,-1.104742E-02,-7.01908E-04,-6.66667E-04
2.022011,-1.159674E-02,-7.324256E-04,-.001
2.023011,-1.213843E-02,-6.713904E-04,-.002
2.024012,-1.170355E-02,-8.468665E-04,-6.66667E-04
2.025012,-1.098639E-02,-7.476844E-04,6.66667E-04
2.026013,-9.941161E-03,-1.167305E-03,-6.66667E-04
2.027014,-8.583128E-03,-1.091011E-03,-.001
2.028014,-7.125884E-03,-3.967304E-04,-.001
2.029015,-5.462676E-03,-1.06812E-04,-.002
2.030015,-4.28775E-03,-5.340599E-05,-6.66667E-04
2.031015,-3.013626E-03,7.629441E-05,-.001
2.032016,-2.243057E-03,-7.629453E-06,-.001
2.033016,-1.441963E-03,3.814721E-05,.001
2.034017,-9.918287E-04,1.75477E-04,6.66667E-04
2.035017,-9.53678E-04,3.12807E-04,.001
2.036018,-6.866492E-04,3.662128E-04,-6.66667E-04
2.037019,-3.433246E-04,3.051776E-04,-.002
2.038019,-2.365122E-04,-1.297006E-04,-.001
2.03902,7.629453E-06,-4.27248E-04,2.33333E-03
2.04002,3.051781E-05,-2.746601E-04,-.002
2.04102,-2.517719E-04,2.594013E-04,6.66667E-04
2.042021,-2.441425E-04,2.441425E-04,6.66667E-04
2.043021,-7.629453E-06,2.899189E-04,-6.66667E-04
2.044022,1.525888E-04,4.653949E-04,-6.66667E-04
2.045022,2.28883E-05,2.212534E-04,-.001
2.046023,7.629441E-05,-5.340599E-05,6.66667E-04
2.047024,-4.57766E-05,-1.449594E-04,-6.66667E-04
2.048024,-3.738422E-04,8.392381E-05,.001
2.049025,-5.798377E-04,2.13624E-04,-6.66667E-04
2.050025,-5.493201E-04,-2.517719E-04,-.001
2.051026,-4.119892E-04,-1.3733E-04,-3.66667E-03
2.052026,2.28883E-05,2.212534E-04,-.001
2.053026,-9.15532E-05,4.57766E-05,-.002
2.054027,8.392381E-05,-3.051776E-04,.001
2.055027,3.50954E-04,-3.356952E-04,-6.66667E-04
2.056028,1.3733E-04,3.280658E-04,-.002
2.057029,-2.899189E-04,4.501361E-04,-2.33333E-03
2.058029,-4.119892E-04,-1.220712E-04,-.002
2.05903,1.297006E-04,-7.629441E-05,-.001
2.06003,1.297006E-04,1.75477E-04,-6.66667E-04
2.061031,9.918259E-05,2.517719E-04,-3.66667E-03
2.062031,3.814721E-05,1.983652E-04,-2.33333E-03
2.063031,-3.433246E-04,8.392381E-05,-6.66667E-04
2.064032,-1.602182E-04,-7.629441E-05,.001
2.065032,-7.629441E-05,-1.449594E-04,.001
2.066033,-2.13624E-04,-3.89101E-04,6.66667E-04
2.067034,-3.280658E-04,-7.40055E-04,-6.66667E-04
2.068034,-4.27248E-04,-6.332435E-04,-.002
2.069035,-2.975482E-04,-3.738422E-04,.001
2.070035,-2.441425E-04,-2.059946E-04,.001
2.071036,-1.75477E-04,1.220712E-04,-.002
2.072036,6.103553E-04,2.822895E-04,-6.66667E-04
2.073036,6.942786E-04,0,-.001
2.074037,4.501361E-04,3.280658E-04,6.66667E-04
2.075037,2.975482E-04,5.111732E-04,-3.66667E-03
2.076038,2.059946E-04,-3.814721E-05,-.002
2.077039,-1.06812E-04,6.866502E-05,-6.66667E-04
2.078039,-2.13624E-04,0,-.002
2.07904,-1.3733E-04,1.220712E-04,6.66667E-04
2.08004,-1.602182E-04,-1.907358E-04,-6.66667E-04
2.081041,7.629453E-06,0,-6.66667E-04
2.082041,-1.602182E-04,8.392381E-05,.001
2.083041,-3.814721E-05,2.28883E-05,.001
2.084042,-4.57766E-05,-3.814721E-05,-.002
2.085042,-2.365122E-04,-7.629441E-05,-6.66667E-04
2.086043,-5.340599E-05,-3.051776E-04,-.002
2.087044,1.678476E-04,-2.517719E-04,-6.66667E-04
2.088044,-4.806537E-04,-2.441425E-04,.001
2.089045,-1.144414E-04,-1.144414E-04,-6.66667E-04
2.090045,9.918259E-05,-2.975482E-04,.002
2.091046,3.051781E-05,-1.144414E-04,.001
2.092046,9.15532E-05,-2.441425E-04,-.001
2.093046,0,-5.264319E-04,-6.66667E-04
2.094047,1.983652E-04,-2.28883E-05,-.001
2.095047,5.340599E-05,4.196186E-04,-.001
2.096048,3.051781E-05,7.553138E-04,-2.33333E-03
2.097049,-1.831064E-04,2.594013E-04,-2.33333E-03
2.098049,-4.730243E-04,-7.629441E-05,-.001
2.09905,-3.12807E-04,-1.297006E-04,.001
2.10005,1.220712E-04,6.103562E-05,-.001
2.101051,-1.449594E-04,7.629441E-05,-.001
2.102051,-3.662128E-04,3.585834E-04,6.66667E-04
2.103051,-4.730243E-04,2.975482E-04,-6.66667E-04
2.104052,-3.814716E-04,1.678476E-04,6.66667E-04
2.105052,-2.975482E-04,-4.57766E-05,-2.33333E-03
2.106053,-1.3733E-04,-7.629453E-06,6.66667E-04
2.107054,-6.866502E-05,2.594013E-04,-6.66667E-04
2.108054,4.57766E-05,1.525891E-05,.001
2.109055,1.525888E-04,-3.738422E-04,-.001
2.110055,4.27248E-04,-1.449594E-04,-6.66667E-04
2.111056,2.365122E-04,0,-.001
2.112056,1.449594E-04,1.3733E-04,-6.66667E-04
2.113056,3.12807E-04,4.425067E-04,-6.66667E-04
2.114057,-8.392381E-05,9.918259E-05,-.001
2.115057,-3.738422E-04,-1.602182E-04,6.66667E-04
2.116058,-2.670307E-04,-2.13624E-04,6.66667E-04
2.117059,-1.06812E-04,9.918259E-05,6.66667E-04
2.118059,-6.866502E-05,1.525888E-04,6.66667E-04
2.11906,1.220712E-04,-2.28883E-05,-.001
2.12006,2.288828E-04,-1.06812E-04,-6.66667E-04
2.121061,3.12807E-04,-1.525891E-05,-.001
2.122061,4.88285E-04,1.144414E-04,.001
2.123062,6.103553E-04,-1.831064E-04,-6.66667E-04
2.124062,4.27248E-04,1.831064E-04,-6.66667E-04
2.125062,8.392381E-05,5.645789E-04,6.66667E-04
2.126063,-1.144414E-04,5.645789E-04,.001
2.127064,-4.730243E-04,2.517719E-04,-.004
2.128064,-3.738422E-04,-1.525891E-05,-2.33333E-03
2.129065,-2.365122E-04,-1.602182E-04,6.66667E-04
2.130065,2.365122E-04,-2.441425E-04,-.001
2.131066,4.88285E-04,7.629441E-05,-.001
2.132066,5.416907E-04,9.918259E-05,-.001
2.133067,3.662128E-04,-2.670307E-04,6.66667E-04
2.134067,2.288828E-04,-4.88285E-04,-6.66667E-04
2.135067,5.188026E-04,-4.196186E-04,6.66667E-04
2.136068,7.01908E-04,-4.119892E-04,6.66667E-04
2.137069,4.653949E-04,-5.340613E-04,.001
2.138069,3.433246E-04,1.144414E-04,-.001
2.13907,1.220712E-04,9.918259E-05,-2.33333E-03
2.14007,7.629441E-05,-3.356952E-04,-2.33333E-03
2.141071,3.967304E-04,-4.27248E-04,-3.66667E-03
2.142071,4.27248E-04,-3.204364E-04,6.66667E-04
2.143072,6.103562E-05,-4.348774E-04,-.002
2.144072,7.629441E-05,-7.095374E-04,-6.66667E-04
2.145072,4.806537E-04,-5.722083E-04,-6.66667E-04
2.146073,-2.212534E-04,-5.340613E-04,6.66667E-04
2.147074,-4.27248E-04,-5.340613E-04,-.001
2.148074,3.051781E-05,-2.975482E-04,-6.66667E-04
2.149075,1.75477E-04,-2.28883E-05,-.001
2.150075,-2.594013E-04,2.288828E-04,.001
2.151076,-2.288828E-04,2.670307E-04,6.66667E-04
2.152076,-3.814721E-05,1.678476E-04,-.002
2.153077,2.288828E-04,1.144414E-04,-.001
2.154077,1.75477E-04,1.06812E-04,6.66667E-04
2.155077,3.12807E-04,1.144414E-04,-6.66667E-04
2.156078,8.392381E-05,3.051781E-05,-.002
2.157079,3.051781E-05,-7.629441E-05,-.001
2.158079,-3.051781E-05,7.629453E-06,.001
2.15908,-5.340613E-04,-1.449594E-04,-6.66667E-04
2.16008,-5.416907E-04,-3.051776E-04,-2.33333E-03
2.161081,-1.525888E-04,-3.356952E-04,-.002
2.162081,-1.3733E-04,-2.365122E-04,.001
2.163082,2.288828E-04,-4.425067E-04,-.002
2.164082,2.899189E-04,-2.899189E-04,-.001
2.165082,1.3733E-04,-2.441425E-04,6.66667E-04
2.166083,-1.907358E-04,-2.899189E-04,-.002
2.167084,3.814721E-05,-4.959144E-04,-.002
2.168084,2.059946E-04,-6.866502E-05,.001
2.169085,3.051781E-05,3.051776E-04,-.002
2.170085,2.28883E-05,2.365122E-04,.001
2.171086,-4.57766E-05,2.670307E-04,-6.66667E-04
2.172086,-1.907358E-04,-3.814721E-05,-6.66667E-04
2.173087,-1.06812E-04,3.814721E-05,-.001
2.174087,3.051776E-04,7.629441E-05,-.001
2.175087,4.119892E-04,2.28883E-05,-.001
2.176088,3.662128E-04,4.57766E-05,-6.66667E-04
2.177088,2.670307E-04,-1.06812E-04,-6.66667E-04
2.178089,-4.57766E-05,1.831064E-04,-.002
2.17909,-1.678476E-04,4.959144E-04,-.001
2.18009,-1.449594E-04,2.441425E-04,-.001
2.181091,-1.602182E-04,1.525888E-04,-6.66667E-04
2.182091,-2.899189E-04,3.204364E-04,6.66667E-04
2.183092,-2.670307E-04,-7.629453E-06,-3.66667E-03
2.184092,-1.3733E-04,-3.280658E-04,.001
2.185092,0,-7.629453E-06,.002
2.186093,-2.288828E-04,-4.57766E-05,-.002
2.187093,-2.517719E-04,1.220712E-04,-.001
2.188094,-3.738422E-04,3.89101E-04,6.66667E-04
2.189095,-1.525891E-05,8.392381E-05,.001
2.190095,2.288828E-04,-1.06812E-04,-3.66667E-03
2.191096,-3.051781E-05,1.144414E-04,6.66667E-04
2.192096,-5.188026E-04,2.594013E-04,.001
2.193097,-5.264319E-04,1.3733E-04,-.002
2.194097,-6.103562E-05,4.653949E-04,.002
2.195097,-3.051781E-05,3.50954E-04,-3.66667E-03
2.196098,-1.144414E-04,1.907358E-04,.001
2.197098,2.059946E-04,8.392381E-05,6.66667E-04
2.198099,4.730243E-04,1.983652E-04,-6.66667E-04
2.1991,7.629441E-05,6.866502E-05,-6.66667E-04
2.2001,-5.111732E-04,-7.629453E-06,-.002
2.201101,-2.13624E-04,-3.814721E-05,-6.66667E-04
2.202101,0,-1.525891E-05,-2.33333E-03
2.203102,-4.57766E-05,6.103562E-05,6.66667E-04
2.204102,-1.907358E-04,-1.06812E-04,.002
2.205102,-3.585834E-04,-1.525888E-04,-.002
2.206103,7.629441E-05,-2.899189E-04,-2.33333E-03
2.207103,1.06812E-04,-3.738422E-04,.001
2.208104,-1.144414E-04,-1.06812E-04,6.66667E-04
2.209105,-1.831064E-04,1.525888E-04,-.001
2.210105,-8.392381E-05,2.441425E-04,.001
2.211106,5.340599E-05,6.103562E-05,6.66667E-04
2.212106,1.06812E-04,1.907358E-04,.001
2.213107,4.57766E-05,-2.670307E-04,-6.66667E-04
2.214107,-8.392381E-05,-2.365122E-04,-6.66667E-04
2.215107,-3.814716E-04,-1.06812E-04,6.66667E-04
2.216108,-2.13624E-04,1.525891E-05,6.66667E-04
2.217108,-1.602182E-04,4.57766E-05,-6.66667E-04
2.218109,-1.678476E-04,1.602182E-04,-.001
2.21911,1.678476E-04,-3.051781E-05,-6.66667E-04
2.22011,0,-2.670307E-04,-.001
2.221111,-1.449594E-04,-2.288828E-04,-.001
2.222111,-5.340613E-04,-5.035438E-04,-6.66667E-04
2.223112,-4.27248E-04,-3.280658E-04,-6.66667E-04
2.224112,-2.212534E-04,-3.280658E-04,-.002
2.225112,-8.392381E-05,2.975482E-04,-2.33333E-03
2.226113,-3.738422E-04,1.602182E-04,6.66667E-04
2.227113,-5.416907E-04,1.525888E-04,-.001
2.228114,-4.806537E-04,4.57766E-05,-.001
2.229115,-2.822895E-04,-2.670307E-04,-.001
2.230115,-2.288828E-04,-1.983652E-04,-.001
2.231116,3.738422E-04,-9.15532E-05,6.66667E-04
2.232116,4.196186E-04,-6.103562E-05,-6.66667E-04
2.233117,4.959144E-04,-1.06812E-04,-6.66667E-04
2.234117,2.059946E-04,2.594013E-04,.002
2.235118,-3.051776E-04,2.365122E-04,.002
2.236118,-4.348774E-04,9.918259E-05,6.66667E-04
2.237118,-6.866502E-05,-2.13624E-04,6.66667E-04
2.238119,4.57766E-05,-1.525888E-04,2.33333E-03
2.23912,2.899189E-04,2.13624E-04,-2.33333E-03
2.24012,6.103562E-05,4.348774E-04,6.66667E-04
2.241121,-1.678476E-04,2.822895E-04,-.002
2.242121,-7.095374E-04,7.629441E-05,-6.66667E-04
2.243122,-5.569495E-04,-2.365122E-04,.001
2.244122,-1.449594E-04,-4.57766E-05,-.001
2.245123,-1.983652E-04,-2.28883E-05,.001
2.246123,-1.144414E-04,2.13624E-04,.001
2.247123,-4.27248E-04,3.662128E-04,-3.66667E-03
2.248124,-1.907358E-04,-1.297006E-04,-6.66667E-04
2.249125,1.220712E-04,-4.806537E-04,-6.66667E-04
2.250125,3.356952E-04,-3.662128E-04,6.66667E-04
2.251126,3.967304E-04,-3.433246E-04,6.66667E-04
2.252126,-5.340599E-05,-4.730243E-04,.001
2.253127,-1.907358E-04,-6.332435E-04,-.001
2.254127,-3.662128E-04,-7.171668E-04,-.002
2.255128,-5.111732E-04,-3.89101E-04,-.001
2.256128,-3.662128E-04,-1.220712E-04,6.66667E-04
2.257128,-2.899189E-04,2.28883E-05,-.001
2.258129,-9.15532E-05,-6.103562E-05,6.66667E-04
2.25913,-4.043598E-04,-6.103562E-05,.001
2.26013,-4.501361E-04,-4.806537E-04,-.002
2.261131,-3.051776E-04,-4.653949E-04,-.002
2.262131,2.594013E-04,-4.730243E-04,-.001
2.263132,1.449594E-04,-4.577655E-04,-.002
2.264132,-1.678476E-04,-1.144414E-04,-6.66667E-04
2.265133,-9.15532E-05,1.06812E-04,-6.66667E-04
2.266133,-6.866502E-05,-1.3733E-04,.001
2.267133,-2.059946E-04,-1.75477E-04,-6.66667E-04
2.268134,9.918259E-05,-1.602182E-04,6.66667E-04
2.269135,-1.907358E-04,-5.340599E-05,-.001
2.270135,-4.806537E-04,1.144414E-04,-.001
2.271136,1.525891E-05,3.585834E-04,.001
2.272136,2.288828E-04,4.425067E-04,-.001
2.273137,-2.059946E-04,1.144414E-04,.002
2.274137,-1.297006E-04,-2.28883E-05,-6.66667E-04
2.275138,-1.75477E-04,-1.907358E-04,-6.66667E-04
2.276138,3.814721E-05,-2.899189E-04,6.66667E-04
2.277139,3.051781E-05,-1.525888E-04,-6.66667E-04
2.278139,4.653949E-04,-1.144414E-04,-.001
2.27914,6.713904E-04,9.918259E-05,-.001
2.28014,5.645789E-04,9.918259E-05,.001
2.281141,2.212534E-04,1.220712E-04,-6.66667E-04
2.282141,-2.441425E-04,2.13624E-04,-.002
2.283142,-5.722083E-04,1.678476E-04,6.66667E-04
2.284142,-9.918259E-05,-1.220712E-04,-6.66667E-04
2.285143,2.365122E-04,-2.975482E-04,-2.33333E-03
2.286143,9.918259E-05,-1.75477E-04,-6.66667E-04
2.287144,3.814716E-04,-1.06812E-04,6.66667E-04
2.288144,1.678476E-04,9.918259E-05,-.001
2.289145,-5.340613E-04,-1.3733E-04,-6.66667E-04
2.290145,-3.967304E-04,3.814721E-05,-.001
2.291146,-3.433246E-04,-1.06812E-04,-6.66667E-04
2.292146,-3.204364E-04,-2.13624E-04,-6.66667E-04
2.293147,-6.103553E-04,-3.204364E-04,.001
2.294147,-8.087195E-04,-4.88285E-04,-6.66667E-04
2.295148,-7.247962E-04,-3.433246E-04,6.66667E-04
2.296148,-6.790198E-04,7.629441E-05,-.002
2.297149,-4.806537E-04,4.57766E-05,-.001
2.298149,-4.57766E-05,-2.212534E-04,6.66667E-04
2.29915,-2.594013E-04,-2.670307E-04,-6.66667E-04
2.30015,1.449594E-04,-4.806537E-04,-3.66667E-03
2.301151,1.449594E-04,-7.629453E-06,-.001
2.302151,3.814721E-05,2.594013E-04,.002
2.303152,-1.06812E-04,7.629453E-06,6.66667E-04
2.304152,8.392381E-05,-6.103562E-05,.001
2.305153,0,-9.15532E-05,6.66667E-04
2.306153,-6.866502E-05,-4.57766E-05,.002
2.307154,-1.678476E-04,1.907358E-04,-6.66667E-04
2.308154,-1.602182E-04,9.918259E-05,-.001
2.309155,-1.144414E-04,-4.57766E-05,-6.66667E-04
2.310155,7.629441E-05,4.57766E-05,.001
2.311156,-7.629441E-05,-2.594013E-04,2.33333E-03
2.312156,-6.103562E-05,-5.340613E-04,-6.66667E-04
2.313157,-1.602182E-04,-6.942786E-04,-.001
2.314157,-4.196186E-04,-5.722083E-04,-.001
2.315158,-4.27248E-04,-6.866492E-04,6.66667E-04
2.316158,-2.670307E-04,-6.179847E-04,6.66667E-04
2.317159,0,-5.111732E-04,-.002
2.318159,9.918259E-05,-2.13624E-04,-.001
2.31916,1.525891E-05,-7.629441E-05,-6.66667E-04
2.32016,2.28883E-05,-2.441425E-04,-6.66667E-04
2.321161,-7.629441E-05,-6.103562E-05,-.001
2.322161,0,-1.144414E-04,-6.66667E-04
2.323162,3.051776E-04,1.06812E-04,-6.66667E-04
2.324162,1.831064E-04,-7.629453E-06,.001
2.325163,7.629453E-06,-8.392381E-05,-6.66667E-04
2.326163,0,-1.3733E-04,-2.33333E-03
2.327164,-1.06812E-04,-2.13624E-04,.001
2.328164,0,-4.119892E-04,-.001
2.329165,9.918259E-05,-2.517719E-04,-6.66667E-04
2.330165,5.264319E-04,-1.449594E-04,-.002
2.331166,4.806537E-04,2.670307E-04,.001
2.332166,3.738422E-04,2.059946E-04,-.002
2.333167,5.264319E-04,1.983652E-04,-.001
2.334167,3.738422E-04,2.059946E-04,-.001
2.335168,6.866502E-05,1.144414E-04,-.002
2.336168,9.15532E-05,-1.678476E-04,-2.33333E-03
2.337169,-1.983652E-04,-1.525891E-05,-.002
2.338169,-2.13624E-04,4.57766E-05,.001
2.33917,-6.103562E-05,-1.907358E-04,-.001
2.34017,-1.831064E-04,-5.340599E-05,.001
2.341171,-6.103562E-05,2.670307E-04,.001
2.342171,5.035438E-04,3.814721E-05,-6.66667E-04
2.343172,5.950965E-04,5.340599E-05,.002
2.344172,1.220712E-04,-1.449594E-04,-6.66667E-04
2.345173,-3.051781E-05,-1.678476E-04,-6.66667E-04
2.346173,-1.831064E-04,-2.288828E-04,-.001
2.347174,-5.340599E-05,-5.340599E-05,-6.66667E-04
2.348174,-3.204364E-04,2.517719E-04,-6.66667E-04
2.349174,-9.15532E-05,2.670307E-04,-6.66667E-04
2.350175,1.525891E-05,3.051776E-04,-.002
2.351176,6.103562E-05,5.340599E-05,-.001
2.352176,-1.831064E-04,-3.738422E-04,6.66667E-04
2.353177,8.392381E-05,-1.907358E-04,6.66667E-04
2.354177,9.15532E-05,-1.525888E-04,.001
2.355178,0,0,-6.66667E-04
2.356178,7.629441E-05,-7.629453E-06,.001
2.357179,8.392371E-04,-6.103562E-05,-.001
2.358179,9.918287E-04,0,-6.66667E-04
2.359179,7.324256E-04,-1.907358E-04,-6.66667E-04
2.36018,3.433246E-04,-1.678476E-04,-2.33333E-03
2.361181,1.602182E-04,-2.822895E-04,-2.33333E-03
2.362181,1.297006E-04,-5.416907E-04,-6.66667E-04
2.363182,4.57766E-05,-7.476844E-04,6.66667E-04
2.364182,1.220712E-04,6.866502E-05,.001
2.365183,1.75477E-04,-4.57766E-05,.001
2.366183,7.629441E-05,-3.433246E-04,6.66667E-04
2.367184,7.629441E-05,-6.332435E-04,-.002
2.368184,-1.907358E-04,-3.280658E-04,-6.66667E-04
2.369184,3.814721E-05,-2.517719E-04,.001
2.370185,3.814721E-05,6.866502E-05,.001
2.371186,-9.15532E-05,3.12807E-04,-.002
2.372186,-9.918259E-05,4.196186E-04,.002
2.373187,-9.15532E-05,4.501361E-04,-6.66667E-04
2.374187,7.629441E-05,2.517719E-04,-.002
2.375188,4.119892E-04,3.662128E-04,-2.33333E-03
2.376188,2.975482E-04,1.983652E-04,-6.66667E-04
2.377189,2.517719E-04,2.517719E-04,6.66667E-04
2.378189,3.12807E-04,-9.15532E-05,-.002
2.379189,5.950965E-04,-8.392381E-05,-2.33333E-03
2.38019,2.975482E-04,2.594013E-04,6.66667E-04
2.381191,-1.602182E-04,2.594013E-04,-.001
2.382191,-3.051776E-04,-1.06812E-04,-6.66667E-04
2.383192,-1.831064E-04,-3.12807E-04,-.001
2.384192,3.051781E-05,-4.806537E-04,6.66667E-04
2.385193,0,-6.103553E-04,-6.66667E-04
2.386193,7.629453E-06,-6.332435E-04,-6.66667E-04
2.387194,-3.814721E-05,-3.738422E-04,.002
2.388194,-5.340599E-05,-3.204364E-04,-.001
2.389194,1.525891E-05,-3.051781E-05,-6.66667E-04
2.390195,-3.051781E-05,-7.629453E-06,-.004
2.391196,1.75477E-04,-2.670307E-04,-6.66667E-04
2.392196,2.441425E-04,7.629453E-06,-.002
2.393197,6.866502E-05,6.103562E-05,-.001
2.394197,-6.866502E-05,1.220712E-04,-.002
2.395198,-1.06812E-04,-1.525891E-05,-6.66667E-04
2.396198,-5.340599E-05,4.57766E-05,-6.66667E-04
2.397199,9.15532E-05,1.525888E-04,.001
2.398199,-1.602182E-04,1.602182E-04,6.66667E-04
2.399199,-2.670307E-04,2.28883E-05,-6.66667E-04
2.4002,-9.918259E-05,2.212534E-04,-2.33333E-03
2.401201,-3.814721E-05,5.798377E-04,-.001
2.402201,7.629453E-06,3.051776E-04,-.001
2.403202,9.918259E-05,1.907358E-04,-6.66667E-04
2.404202,3.051776E-04,1.144414E-04,-.002
2.405203,3.433246E-04,1.06812E-04,-.001
2.406203,3.50954E-04,2.746601E-04,-.001
2.407204,2.899189E-04,7.629441E-05,-.001
2.408204,1.220712E-04,1.220712E-04,-6.66667E-04
2.409204,3.814721E-05,-2.13624E-04,-3.66667E-03
2.410205,-2.13624E-04,-4.425067E-04,-.001
2.411206,-3.051776E-04,-5.340599E-05,-2.33333E-03
2.412206,-1.220712E-04,-1.983652E-04,-.001
2.413207,-1.75477E-04,-2.517719E-04,6.66667E-04
2.414207,1.831064E-04,-2.441425E-04,.002
2.415208,3.89101E-04,-3.051776E-04,-.002
2.416208,3.50954E-04,5.340599E-05,-6.66667E-04
2.417209,6.866502E-05,-1.525891E-05,.001
2.418209,1.525888E-04,-1.06812E-04,6.66667E-04
2.41921,1.907358E-04,5.340599E-05,-6.66667E-04
2.42021,1.449594E-04,-1.220712E-04,-2.33333E-03
2.421211,1.297006E-04,-3.662128E-04,-6.66667E-04
2.422211,-1.602182E-04,-3.585834E-04,.002
2.423212,-1.06812E-04,-2.594013E-04,.001
2.424212,9.918259E-05,-5.111732E-04,-2.33333E-03
2.425213,5.340599E-05,1.297006E-04,.002
2.426213,3.50954E-04,5.493201E-04,-6.66667E-04
2.427214,1.525888E-04,5.111732E-04,.001
2.428214,1.449594E-04,4.119892E-04,.001
2.429215,2.594013E-04,3.967304E-04,-2.33333E-03
2.430215,4.043598E-04,1.525891E-05,-.001
2.431216,2.13624E-04,-3.051781E-05,-2.33333E-03
2.432216,9.918259E-05,1.525888E-04,3.66667E-03
2.433217,-9.918259E-05,-7.629453E-06,-6.66667E-04
2.434217,-3.204364E-04,-1.75477E-04,-6.66667E-04
2.435218,-3.12807E-04,-1.907358E-04,6.66667E-04
2.436218,-1.449594E-04,-6.332435E-04,6.66667E-04
2.437219,6.866502E-05,-2.975482E-04,-3.66667E-03
2.438219,1.449594E-04,1.220712E-04,-6.66667E-04
2.43922,1.831064E-04,-3.814721E-05,.001
2.44022,9.918259E-05,3.204364E-04,-.002
2.441221,2.822895E-04,3.356952E-04,6.66667E-04
2.442221,5.798377E-04,-2.441425E-04,-.004
2.443222,3.967304E-04,-3.662128E-04,.001
2.444222,-1.525888E-04,-3.280658E-04,-.001
2.445223,-4.57766E-05,4.57766E-05,-.002
2.446223,-1.602182E-04,-6.103562E-05,-.001
2.447224,-2.212534E-04,4.57766E-05,-3.66667E-03
2.448224,-1.3733E-04,-6.103562E-05,-6.66667E-04
2.449225,9.918259E-05,-1.525888E-04,6.66667E-04
2.450225,2.288828E-04,5.340599E-05,3.66667E-03
2.451226,2.059946E-04,2.288828E-04,-.002
2.452226,9.15532E-05,5.645789E-04,.002
2.453227,-5.340599E-05,6.942786E-04,-.002
2.454227,-3.280658E-04,6.179847E-04,-6.66667E-04
2.455228,-1.525888E-04,6.103553E-04,-6.66667E-04
2.456228,-2.212534E-04,6.485023E-04,-6.66667E-04
2.457229,-2.746601E-04,7.934608E-04,-6.66667E-04
2.458229,-1.06812E-04,3.204364E-04,-6.66667E-04
2.45923,4.57766E-05,4.653949E-04,-.001
2.46023,3.433246E-04,0,-.001
2.461231,4.348774E-04,-6.866502E-05,-3.66667E-03
2.462231,2.288828E-04,-1.525891E-05,-.001
2.463232,1.525891E-05,1.144414E-04,-.002
2.464232,-1.06812E-04,1.831064E-04,6.66667E-04
2.465233,-4.27248E-04,1.3733E-04,.001
2.466233,-4.348774E-04,1.220712E-04,6.66667E-04
2.467234,-1.525888E-04,1.602182E-04,.001
2.468234,1.144414E-04,-1.525891E-05,6.66667E-04
2.469235,-2.28883E-05,-2.059946E-04,-2.33333E-03
2.470235,1.602182E-04,-4.043598E-04,-.001
2.471236,1.525888E-04,-4.425067E-04,-.001
2.472236,1.525891E-05,-3.814716E-04,-6.66667E-04
2.473237,3.967304E-04,-4.653949E-04,-3.66667E-03
2.474237,3.662128E-04,-4.348774E-04,-.001
2.475238,1.907358E-04,-3.051781E-05,.001
2.476238,-6.866502E-05,-1.06812E-04,-6.66667E-04
2.477239,-1.602182E-04,-2.594013E-04,-.001
2.478239,1.3733E-04,9.15532E-05,.001
2.47924,1.75477E-04,-2.212534E-04,-.001
2.48024,3.662128E-04,-4.27248E-04,.001
2.481241,1.3733E-04,-3.433246E-04,-.002
2.482241,-2.441425E-04,-1.144414E-04,-.002
2.483242,-1.602182E-04,-1.06812E-04,.001
2.484242,6.866502E-05,1.525891E-05,6.66667E-04
2.485243,6.866502E-05,2.899189E-04,-6.66667E-04
2.486243,1.3733E-04,2.365122E-04,.001
2.487244,5.340599E-05,1.06812E-04,6.66667E-04
2.488244,1.297006E-04,9.15532E-05,-2.33333E-03
2.489245,2.365122E-04,-1.983652E-04,6.66667E-04
2.490245,1.3733E-04,-5.340599E-05,.001
2.491246,-5.340599E-05,3.814721E-05,-.001
2.492246,-8.392381E-05,7.629441E-05,.001
2.493247,-4.57766E-05,-3.585834E-04,-.001
2.494247,9.918259E-05,-8.010902E-04,-.001
2.495248,5.340599E-05,-6.63761E-04,-6.66667E-04
2.496248,1.449594E-04,-4.043598E-04,2.33333E-03
2.497249,0,-2.670307E-04,.001
2.498249,2.670307E-04,-2.059946E-04,.001
2.49925,4.043598E-04,-3.738422E-04,-6.66667E-04
2.50025,2.822895E-04,1.144414E-04,-6.66667E-04
2.501251,3.89101E-04,3.12807E-04,-.002
2.502251,5.035438E-04,1.449594E-04,.002
2.503252,7.629441E-05,4.57766E-05,6.66667E-04
2.504252,-2.594013E-04,4.577655E-04,-6.66667E-04
2.505253,-1.602182E-04,4.196186E-04,-6.66667E-04
2.506253,1.3733E-04,3.662128E-04,2.33333E-03
2.507254,4.348774E-04,3.89101E-04,-3.66667E-03
2.508254,6.332435E-04,2.441425E-04,6.66667E-04
2.509255,2.517719E-04,-8.392381E-05,-.002
2.510255,0,8.392381E-05,6.66667E-04
2.511256,1.06812E-04,1.297006E-04,-.002
2.512256,-1.220712E-04,2.441425E-04,-.001
2.513257,-3.204364E-04,2.212534E-04,-.002
2.514257,-3.814716E-04,1.220712E-04,-.002
2.515258,-4.653949E-04,-9.918259E-05,6.66667E-04
2.516258,-1.602182E-04,-2.517719E-04,.001
2.517259,-2.670307E-04,5.340599E-05,-.001
2.518259,-3.50954E-04,-9.918259E-05,6.66667E-04
2.51926,-1.678476E-04,1.525888E-04,-.002
2.52026,-2.28883E-05,1.75477E-04,-6.66667E-04
2.521261,1.525888E-04,1.06812E-04,-3.66667E-03
2.522261,4.043598E-04,1.525888E-04,-6.66667E-04
2.523262,2.059946E-04,-1.449594E-04,-2.33333E-03
2.524262,-2.746601E-04,-1.525888E-04,.002
2.525263,-3.738422E-04,1.75477E-04,6.66667E-04
2.526263,-4.119892E-04,1.06812E-04,-.002
2.527264,-2.212534E-04,2.13624E-04,.002
2.528264,2.13624E-04,5.035438E-04,-2.33333E-03
2.529265,4.27248E-04,3.051776E-04,.001
2.530265,3.967304E-04,-1.602182E-04,-3.66667E-03
2.531266,-1.525891E-05,-3.738422E-04,-6.66667E-04
2.532266,-2.517719E-04,3.814721E-05,-6.66667E-04
2.533267,-4.27248E-04,3.585834E-04,-.004
2.534267,-6.103562E-05,1.525888E-04,-.002
2.535268,9.918259E-05,2.212534E-04,.002
2.536268,-1.525888E-04,1.831064E-04,.001
2.537269,-3.356952E-04,-2.594013E-04,-2.33333E-03
2.538269,-2.822895E-04,-4.043598E-04,.001
2.53927,-1.06812E-04,-4.27248E-04,-.001
2.54027,-1.525891E-05,-2.212534E-04,-.002
2.541271,-2.975482E-04,-6.866502E-05,-6.66667E-04
2.542271,-1.297006E-04,-3.89101E-04,6.66667E-04
2.543272,-7.629441E-05,-5.035438E-04,.001
2.544272,-3.12807E-04,-3.051776E-04,.001
2.545273,1.297006E-04,-2.746601E-04,-.002
2.546273,1.06812E-04,-5.035438E-04,.001
2.547274,7.629441E-05,-2.899189E-04,-.001
2.548274,-2.517719E-04,4.57766E-05,-.001
2.549275,-2.594013E-04,1.525888E-04,-6.66667E-04
2.550275,-3.433246E-04,-3.814721E-05,-6.66667E-04
2.551276,-2.899189E-04,4.57766E-05,.001
2.552276,-4.501361E-04,2.28883E-05,-6.66667E-04
2.553277,-2.517719E-04,1.983652E-04,-.001
2.554277,-2.822895E-04,4.57766E-05,-6.66667E-04
2.555278,-3.051781E-05,1.297006E-04,-.001
2.556278,2.822895E-04,-2.365122E-04,-6.66667E-04
2.557279,1.525888E-04,-1.75477E-04,-6.66667E-04
2.558279,2.212534E-04,2.365122E-04,-2.33333E-03
2.55928,2.288828E-04,1.831064E-04,-6.66667E-04
2.56028,6.790198E-04,3.356952E-04,.001
2.561281,3.585834E-04,5.950965E-04,.001
2.562281,2.28883E-05,6.408729E-04,-6.66667E-04
2.563282,7.629441E-05,9.918259E-05,-.001
2.564282,-7.629453E-06,-7.629453E-06,-3.66667E-03
2.565283,-1.144414E-04,1.602182E-04,-6.66667E-04
2.566283,8.392381E-05,2.365122E-04,6.66667E-04
2.567284,3.051781E-05,2.059946E-04,-.002
2.568284,-2.28883E-05,4.119892E-04,-.002
2.569285,5.340599E-05,3.204364E-04,-.001
2.570285,1.983652E-04,0,-6.66667E-04
2.571286,6.103562E-05,3.356952E-04,-6.66667E-04
2.572286,3.204364E-04,2.059946E-04,.001
2.573287,5.416907E-04,2.441425E-04,-.001
2.574287,3.662128E-04,-1.06812E-04,6.66667E-04
2.575288,3.433246E-04,7.629453E-06,.002
2.576288,3.814716E-04,3.814716E-04,-6.66667E-04
2.577289,1.75477E-04,4.196186E-04,6.66667E-04
2.578289,-2.13624E-04,-1.75477E-04,6.66667E-04
2.57929,-3.738422E-04,-3.738422E-04,-.002
2.58029,-5.493201E-04,-3.356952E-04,-2.33333E-03
2.581291,-1.831064E-04,-1.3733E-04,-6.66667E-04
2.582291,-3.814721E-05,-1.525888E-04,.001
2.583292,1.06812E-04,-9.15532E-05,-6.66667E-04
2.584292,5.188026E-04,3.433246E-04,-.002
2.585293,1.525888E-04,1.525891E-05,.001
2.586293,-6.103562E-05,3.051781E-05,.001
2.587294,-2.670307E-04,2.594013E-04,6.66667E-04
2.588294,-3.814721E-05,2.594013E-04,.002
2.589295,2.975482E-04,2.670307E-04,.002
2.590295,3.433246E-04,2.899189E-04,.001
2.591296,3.662128E-04,2.670307E-04,-6.66667E-04
2.592296,-5.340599E-05,-2.670307E-04,-.001
2.593297,-1.3733E-04,-5.340613E-04,-6.66667E-04
2.594297,-1.525891E-05,-6.561317E-04,-.001
2.595298,1.525888E-04,-6.408729E-04,2.33333E-03
2.596298,1.831064E-04,-7.171668E-04,-6.66667E-04
2.597299,2.975482E-04,-5.569495E-04,-.001
2.598299,9.15532E-05,-4.27248E-04,6.66667E-04
2.5993,-1.907358E-04,7.629453E-06,-6.66667E-04
2.6003,-3.204364E-04,-3.051781E-05,6.66667E-04
2.601301,-1.678476E-04,-2.441425E-04,.001
2.602301,9.15532E-05,-3.356952E-04,-2.33333E-03
2.603302,3.585834E-04,-4.806537E-04,-6.66667E-04
2.604302,1.678476E-04,-7.171668E-04,-.001
2.605303,2.212534E-04,-6.256141E-04,-6.66667E-04
2.606303,1.525891E-05,1.525888E-04,-.001
2.607304,6.866502E-05,4.730243E-04,-6.66667E-04
2.608304,1.297006E-04,1.907358E-04,-.001
2.609305,2.441425E-04,-2.670307E-04,-6.66667E-04
2.610305,3.662128E-04,-1.831064E-04,6.66667E-04
2.611306,4.57766E-05,1.220712E-04,-.002
2.612306,-2.670307E-04,-1.831064E-04,.002
2.613307,-6.179847E-04,-1.449594E-04,6.66667E-04
2.614307,-7.629441E-05,3.814716E-04,6.66667E-04
2.615308,9.918259E-05,4.959144E-04,.001
2.616308,-6.866502E-05,5.264319E-04,6.66667E-04
2.617309,-1.449594E-04,2.975482E-04,-.001
2.618309,2.288828E-04,1.525888E-04,-.001
2.61931,-1.3733E-04,-3.051781E-05,-.002
2.62031,-3.967304E-04,-1.449594E-04,.001
2.621311,-3.585834E-04,-6.866502E-05,-.004
2.622311,-4.27248E-04,-2.212534E-04,-.002
2.623312,-4.27248E-04,-2.059946E-04,6.66667E-04
2.624312,-3.204364E-04,-3.89101E-04,-.001
2.625313,-3.204364E-04,-3.738422E-04,-.002
2.626313,-2.441425E-04,-5.340613E-04,-.001
2.627314,-3.204364E-04,-4.577655E-04,-.001
2.628314,7.629453E-06,-1.602182E-04,.001
2.629315,2.441425E-04,1.831064E-04,.002
2.630315,0,1.3733E-04,.001
2.631316,-1.297006E-04,-3.12807E-04,.001
2.632316,-3.89101E-04,-2.822895E-04,-6.66667E-04
2.633317,-2.212534E-04,-5.950965E-04,.001
2.634317,-1.678476E-04,-1.297006E-04,-.001
2.635318,-6.866502E-05,-1.525888E-04,-6.66667E-04
2.636318,-1.525888E-04,-1.144414E-04,6.66667E-04
2.637319,-7.629453E-06,9.918259E-05,-6.66667E-04
2.638319,4.57766E-05,2.212534E-04,6.66667E-04
2.63932,0,2.441425E-04,-.002
2.64032,-1.983652E-04,3.585834E-04,-.001
2.641321,-2.13624E-04,8.010902E-04,-6.66667E-04
2.642321,-1.220712E-04,6.790198E-04,-.001
2.643322,-2.517719E-04,2.975482E-04,2.33333E-03
2.644322,4.57766E-05,4.57766E-05,-2.33333E-03
2.645323,-8.392381E-05,2.059946E-04,-.001
2.646323,0,1.983652E-04,-.001
2.647324,-6.103562E-05,-7.629441E-05,-.002
2.648324,1.525891E-05,-4.27248E-04,-.001
2.649325,2.441425E-04,-1.525888E-04,-.001
2.650325,-6.103562E-05,-3.051781E-05,-6.66667E-04
2.651326,4.57766E-05,1.297006E-04,-6.66667E-04
2.652326,8.392381E-05,2.746601E-04,-.001
2.653327,1.678476E-04,-1.144414E-04,-.002
2.654327,3.662128E-04,-1.907358E-04,-6.66667E-04
2.655328,3.814721E-05,-1.06812E-04,6.66667E-04
2.656328,3.814721E-05,1.297006E-04,.001
2.657329,-4.57766E-05,-7.629453E-06,-6.66667E-04
2.658329,3.051776E-04,-1.449594E-04,-.002
2.65933,3.967304E-04,-5.340599E-05,-.002
2.66033,1.525888E-04,3.051776E-04,-2.33333E-03
2.661331,-9.918259E-05,2.746601E-04,6.66667E-04
2.662331,-5.340613E-04,-1.525888E-04,-.001
2.663332,-5.340613E-04,-2.517719E-04,.002
2.664332,-3.738422E-04,-3.204364E-04,-.001
2.665333,4.57766E-05,-1.831064E-04,6.66667E-04
2.666333,2.059946E-04,-3.814721E-05,-.002
2.667334,3.051781E-05,5.340599E-05,.001
2.668334,-1.06812E-04,2.13624E-04,6.66667E-04
2.669335,-2.746601E-04,3.12807E-04,-3.66667E-03
2.670335,-3.204364E-04,5.798377E-04,-.002
2.671336,-3.662128E-04,2.288828E-04,-2.33333E-03
2.672336,-4.577655E-04,1.06812E-04,-6.66667E-04
2.673337,-2.594013E-04,6.103562E-05,6.66667E-04
2.674337,-8.392371E-04,3.280658E-04,-.002
2.675338,-1.113899E-03,4.425067E-04,-.001
2.676338,-1.037605E-03,-9.15532E-05,6.66667E-04
2.677339,-1.670845E-03,-3.204364E-04,-.001
2.678339,-2.021804E-03,-1.06812E-04,-.002
2.67934,-2.250686E-03,9.918259E-05,2.33333E-03
2.68034,-2.746597E-03,1.831064E-04,-.001
2.681341,-3.242508E-03,3.50954E-04,2.33333E-03
2.682341,-3.433242E-03,4.959144E-04,.001
2.683342,-3.097549E-03,7.324256E-04,-6.66667E-04
2.684342,-3.295913E-03,6.332435E-04,-6.66667E-04
2.685343,-3.288284E-03,3.356952E-04,-.001
2.686343,-3.181472E-03,6.408729E-04,6.66667E-04
2.687344,-3.288284E-03,4.577655E-04,2.33333E-03
2.688344,-2.685562E-03,-3.814721E-05,-6.66667E-04
2.689345,-2.319351E-03,1.3733E-04,-6.66667E-04
2.690345,-1.960769E-03,4.88285E-04,-6.66667E-04
2.691346,-1.533516E-03,4.348774E-04,-6.66667E-04
2.692346,-1.159675E-03,2.13624E-04,.001
2.693347,-7.858314E-04,1.525891E-05,6.66667E-04
2.694347,-3.12807E-04,0,.001
2.695348,-3.50954E-04,1.144414E-04,-6.66667E-04
2.696348,-6.408729E-04,2.365122E-04,.002
2.697349,-6.713904E-04,2.212534E-04,-.001
2.698349,-7.40055E-04,0,-.002
2.69935,-7.171668E-04,-5.340599E-05,-6.66667E-04
2.70035,-4.27248E-04,0,-.001
2.701351,7.629453E-06,-8.392381E-05,-6.66667E-04
2.702351,4.196186E-04,-2.288828E-04,-6.66667E-04
2.703352,3.662128E-04,-2.822895E-04,-.001
2.704352,-1.983652E-04,-3.051776E-04,-.001
2.705353,-1.678476E-04,-4.730243E-04,-6.66667E-04
2.706353,9.918259E-05,-6.027259E-04,-.001
2.707354,1.983652E-04,-9.918259E-05,.001
2.708354,2.441425E-04,-1.144414E-04,-.002
2.709355,3.738422E-04,-6.485023E-04,6.66667E-04
2.710355,4.119892E-04,-2.746601E-04,-.001
2.711356,1.602182E-04,2.28883E-05,-.002
2.712356,-1.983652E-04,-1.06812E-04,-6.66667E-04
2.713357,-5.340599E-05,-1.983652E-04,-.002
2.714357,-3.89101E-04,-2.212534E-04,-.001
2.715358,-5.035438E-04,-2.212534E-04,-.001
2.716358,-3.50954E-04,-4.88285E-04,6.66667E-04
2.717359,-3.12807E-04,-3.051776E-04,.002
2.718359,-9.918259E-05,-3.814721E-05,6.66667E-04
2.71936,-3.814721E-05,2.059946E-04,6.66667E-04
2.72036,-1.602182E-04,2.28883E-05,-.001
2.721361,-3.662128E-04,-9.918259E-05,-.001
2.722361,-3.356952E-04,-2.212534E-04,-.001
2.723362,-3.967304E-04,-3.814721E-05,-.002
2.724362,-4.196186E-04,-1.144414E-04,-6.66667E-04
2.725363,-3.433246E-04,-2.899189E-04,-.002
2.726363,-2.594013E-04,-4.959144E-04,-6.66667E-04
2.727364,-2.975482E-04,-5.950965E-04,-6.66667E-04
2.728364,-5.340613E-04,-3.50954E-04,-.001
2.729365,-7.629432E-04,4.57766E-05,.001
2.730365,-3.662128E-04,3.814721E-05,.001
2.731366,-6.408729E-04,1.220712E-04,6.66667E-04
2.732366,-1.678476E-04,9.918259E-05,-.001
2.733367,-1.06812E-04,3.662128E-04,-2.33333E-03
2.734367,-2.670307E-04,2.975482E-04,-3.66667E-03
2.735368,-3.280658E-04,4.348774E-04,6.66667E-04
2.736368,-4.119892E-04,1.144417E-03,.001
2.737369,-3.585834E-04,8.544959E-04,-.002
2.738369,-3.204364E-04,6.790198E-04,6.66667E-04
2.73937,-1.907358E-04,7.40055E-04,.002
2.74037,6.103562E-05,8.163489E-04,-6.66667E-04
2.741371,1.449594E-04,5.264319E-04,-.001
2.742371,-7.629453E-06,5.188026E-04,.001
2.743372,8.392381E-05,5.569495E-04,6.66667E-04
2.744372,1.907358E-04,3.89101E-04,-6.66667E-04
2.745373,4.959144E-04,-9.918259E-05,-6.66667E-04
2.746373,2.365122E-04,-7.629441E-05,.001
2.747374,3.89101E-04,-5.340599E-05,-.001
2.748374,1.678476E-04,-1.602182E-04,6.66667E-04
2.749375,2.288828E-04,-1.525888E-04,6.66667E-04
2.750375,7.629453E-06,2.28883E-05,-.001
2.751376,-6.866502E-05,-2.28883E-05,-.002
2.752376,-2.288828E-04,-1.220712E-04,.001
2.753377,1.525891E-05,-4.88285E-04,-6.66667E-04
2.754377,-9.15532E-05,-4.653949E-04,-6.66667E-04
2.755378,-1.678476E-04,-1.297006E-04,6.66667E-04
2.756378,5.340599E-05,1.144414E-04,-.001
2.757379,3.12807E-04,2.288828E-04,-6.66667E-04
2.758379,3.12807E-04,8.392381E-05,.001
2.75938,3.50954E-04,-4.57766E-05,.001
2.76038,4.043598E-04,-1.831064E-04,-.001
2.761381,2.212534E-04,-2.899189E-04,-3.66667E-03
2.762381,1.602182E-04,-7.629441E-05,.001
2.763382,-2.28883E-05,-1.449594E-04,-.001
2.764382,-4.730243E-04,-1.3733E-04,.001
2.765383,-4.348774E-04,-2.975482E-04,.002
2.766383,-3.738422E-04,-2.899189E-04,-.002
2.767384,2.28883E-05,5.340599E-05,6.66667E-04
2.768384,-1.602182E-04,4.425067E-04,.001
2.769385,-2.212534E-04,4.730243E-04,6.66667E-04
2.770385,-4.806537E-04,5.798377E-04,-6.66667E-04
2.771386,-4.196186E-04,7.705726E-04,6.66667E-04
2.772386,-5.416907E-04,6.790198E-04,-.002
2.773387,-9.918259E-05,5.950965E-04,6.66667E-04
2.774387,-7.629453E-06,3.814716E-04,-2.33333E-03
2.775388,-5.340599E-05,2.441425E-04,-6.66667E-04
2.776388,-1.525891E-05,-2.059946E-04,-.001
2.777389,0,-3.12807E-04,-.002
2.778389,-1.220712E-04,-4.653949E-04,-6.66667E-04
2.77939,-1.06812E-04,-1.75477E-04,-.001
2.78039,-1.983652E-04,2.975482E-04,-.001
2.781391,-1.297006E-04,2.441425E-04,-.001
2.782391,1.144414E-04,1.525888E-04,-6.66667E-04
2.783392,-1.831064E-04,7.629453E-06,6.66667E-04
2.784392,-3.356952E-04,-1.06812E-04,.001
2.785393,-1.525888E-04,1.983652E-04,-6.66667E-04
2.786393,3.814716E-04,-2.28883E-05,-.001
2.787394,3.356952E-04,4.57766E-05,-.002
2.788394,4.043598E-04,4.806537E-04,-6.66667E-04
2.789395,4.196186E-04,6.408729E-04,.001
2.790395,2.28883E-05,5.264319E-04,.001
2.791396,-2.670307E-04,7.629441E-05,.001
2.792396,-2.288828E-04,-2.28883E-05,-2.33333E-03
2.793397,-2.288828E-04,9.15532E-05,-.001
2.794397,-3.204364E-04,1.449594E-04,-.001
2.795398,-2.594013E-04,-6.103562E-05,-3.66667E-03
2.796398,-2.13624E-04,-1.449594E-04,6.66667E-04
2.797399,3.051781E-05,-1.525891E-05,-.002
2.798399,3.280658E-04,-6.103562E-05,-6.66667E-04
2.7994,4.730243E-04,-5.340599E-05,.001
2.8004,5.111732E-04,-2.13624E-04,-6.66667E-04
2.801401,1.907358E-04,-3.814716E-04,-.001
2.802401,7.629441E-05,1.525891E-05,.001
2.803402,3.814721E-05,9.918259E-05,.001
2.804402,-2.13624E-04,1.907358E-04,-.002
2.805403,-4.27248E-04,1.06812E-04,-.001
2.806403,-4.043598E-04,3.204364E-04,-.001
2.807404,-2.288828E-04,1.06812E-04,-.001
2.808404,-3.585834E-04,-5.188026E-04,-.002
2.809405,-3.12807E-04,-2.899189E-04,.002
2.810405,-2.975482E-04,2.059946E-04,-6.66667E-04
2.811406,-4.806537E-04,2.594013E-04,-6.66667E-04
2.812406,-4.806537E-04,1.602182E-04,-2.33333E-03
2.813407,-6.866502E-05,2.517719E-04,6.66667E-04
2.814407,2.059946E-04,0,-.001
2.815408,1.297006E-04,1.449594E-04,6.66667E-04
2.816408,7.629453E-06,-2.899189E-04,-.004
2.817409,-1.06812E-04,-3.051776E-04,.001
2.818409,1.3733E-04,-3.738422E-04,-6.66667E-04
2.81941,9.15532E-05,-9.15532E-05,-6.66667E-04
2.82041,1.144414E-04,-1.220712E-04,-6.66667E-04
2.821411,2.13624E-04,1.525888E-04,.002
2.822411,-1.220712E-04,2.28883E-05,-.001
2.823412,-2.822895E-04,5.340599E-05,-6.66667E-04
2.824412,-1.602182E-04,2.059946E-04,-6.66667E-04
2.825413,6.103562E-05,2.212534E-04,-.002
2.826413,2.822895E-04,-1.220712E-04,-.002
2.827414,2.975482E-04,1.907358E-04,-2.33333E-03
2.828414,4.959144E-04,5.722083E-04,-.004
2.829415,3.89101E-04,7.324256E-04,-6.66667E-04
2.830415,4.57766E-05,9.155311E-04,-.001
2.831416,-1.06812E-04,6.866492E-04,.002
2.832416,-1.144414E-04,4.196186E-04,-.001
2.833417,-1.297006E-04,2.059946E-04,-6.66667E-04
2.834417,-4.88285E-04,9.15532E-05,.001
2.835418,-3.50954E-04,-7.629453E-06,-6.66667E-04
2.836418,-8.392381E-05,-4.27248E-04,-.002
2.837419,1.144414E-04,-7.324256E-04,-6.66667E-04
2.838419,-3.204364E-04,-3.204364E-04,.001
2.83942,-7.553138E-04,4.425067E-04,-.002
2.84042,-6.179847E-04,1.525888E-04,-.001
2.841421,-7.78202E-04,1.75477E-04,.001
2.842421,-5.340613E-04,2.28883E-05,-6.66667E-04
2.843422,-9.918259E-05,-2.746601E-04,-6.66667E-04
2.844422,3.50954E-04,-5.645789E-04,-.002
2.845423,1.983652E-04,-2.441425E-04,-6.66667E-04
2.846423,-1.907358E-04,-2.288828E-04,-.001
2.847424,-3.204364E-04,3.814721E-05,-.002
2.848424,-1.297006E-04,3.051776E-04,-.002
2.849425,-1.297006E-04,3.662128E-04,-.001
2.850425,3.814721E-05,2.822895E-04,.002
2.851426,8.392381E-05,-2.212534E-04,-6.66667E-04
2.852426,6.103562E-05,2.288828E-04,.001
2.853427,9.15532E-05,-2.288828E-04,-2.33333E-03
2.854427,-1.220712E-04,-3.356952E-04,-6.66667E-04
2.855428,-1.678476E-04,-1.297006E-04,.001
2.856428,-4.043598E-04,-4.27248E-04,6.66667E-04
2.857429,-3.967304E-04,-6.561317E-04,-3.66667E-03
2.858429,-7.476844E-04,-6.103562E-05,-.001
2.85943,-7.858314E-04,3.738422E-04,-.001
2.86043,-4.119892E-04,3.89101E-04,-.002
2.861431,-3.662128E-04,4.196186E-04,-6.66667E-04
2.862431,-4.730243E-04,1.297006E-04,-.002
2.863432,-4.959144E-04,-3.356952E-04,-.002
2.864432,-2.212534E-04,-1.06812E-04,-2.33333E-03
2.865433,1.06812E-04,7.629441E-05,6.66667E-04
2.866433,-1.525891E-05,-4.57766E-05,-.002
2.867434,2.059946E-04,3.50954E-04,-.002
2.868434,-1.831064E-04,4.577655E-04,-.001
2.869435,2.059946E-04,3.12807E-04,-.002
2.870435,4.730243E-04,-6.866502E-05,-2.33333E-03
2.871436,1.297006E-04,-3.12807E-04,.001
2.872436,1.525891E-05,1.525891E-05,-.002
2.873437,-3.051776E-04,-1.907358E-04,-6.66667E-04
2.874437,1.220712E-04,2.28883E-05,6.66667E-04
2.875438,4.730243E-04,1.983652E-04,-6.66667E-04
2.876438,4.043598E-04,-1.831064E-04,-.002
2.877439,1.3733E-04,-2.288828E-04,.001
2.878439,-9.15532E-05,-6.866502E-05,-3.66667E-03
2.87944,-3.585834E-04,1.525891E-05,-.002
2.88044,-4.577655E-04,-4.730243E-04,-.001
2.881441,0,-6.103553E-04,-.002
2.882441,1.220712E-04,-4.577655E-04,-6.66667E-04
2.883442,0,-9.15532E-05,-.001
2.884442,-1.525891E-05,-4.27248E-04,6.66667E-04
2.885443,-3.051781E-05,-2.13624E-04,-6.66667E-04
2.886443,3.356952E-04,6.866502E-05,.001
2.887444,3.280658E-04,-5.340599E-05,6.66667E-04
2.888444,2.212534E-04,4.196186E-04,-.001
2.889445,1.144414E-04,4.730243E-04,-3.66667E-03
2.890445,-2.365122E-04,-2.212534E-04,-6.66667E-04
2.891446,-5.798377E-04,-4.348774E-04,-6.66667E-04
2.892446,-4.196186E-04,-5.188026E-04,-6.66667E-04
2.893447,-5.645789E-04,-4.577655E-04,-6.66667E-04
2.894447,-2.899189E-04,-5.188026E-04,-.001
2.895448,2.670307E-04,-1.525888E-04,-6.66667E-04
2.896448,5.722083E-04,3.814721E-05,-.002
2.897449,5.722083E-04,-1.602182E-04,-6.66667E-04
2.898449,4.348774E-04,-2.670307E-04,.001
2.89945,2.594013E-04,-6.866492E-04,-.001
2.90045,-2.28883E-05,-3.738422E-04,-6.66667E-04
2.901451,1.220712E-04,-8.392381E-05,-6.66667E-04
2.902451,1.525888E-04,-1.449594E-04,-.002
2.903452,2.059946E-04,-6.866502E-05,-6.66667E-04
2.904452,-2.670307E-04,-6.103562E-05,6.66667E-04
2.905453,-6.790198E-04,-2.441425E-04,-.001
2.906453,-8.697547E-04,-3.738422E-04,-.004
2.907454,-1.281746E-03,-1.907358E-04,-.002
2.908454,-1.510628E-03,-6.103562E-05,-6.66667E-04
2.909455,-1.800545E-03,2.059946E-04,-6.66667E-04
2.910455,-1.762398E-03,-1.525888E-04,-6.66667E-04
2.911456,-1.73188E-03,-2.13624E-04,-.001
2.912456,-1.991287E-03,-2.365122E-04,.001
2.913457,-2.540603E-03,-1.525891E-05,-6.66667E-04
2.914457,-2.922073E-03,7.629441E-05,-6.66667E-04
2.915458,-3.532425E-03,1.831064E-04,-6.66667E-04
2.916458,-3.509536E-03,9.918259E-05,6.66667E-04
2.917459,-3.486648E-03,-1.220712E-04,-6.66667E-04
2.918459,-3.387466E-03,-1.907358E-04,-6.66667E-04
2.91946,-3.112808E-03,-2.594013E-04,-.002
2.92046,-2.998367E-03,-3.662128E-04,-.002
2.921461,-2.716079E-03,-2.288828E-04,-2.33333E-03
2.922461,-2.098098E-03,-5.264319E-04,-.001
2.923462,-1.518257E-03,-1.75477E-04,-6.66667E-04
2.924462,-1.190193E-03,-3.280658E-04,-2.33333E-03
2.925463,-9.384193E-04,-3.356952E-04,-6.66667E-04
2.926463,-9.384193E-04,-7.247962E-04,-.002
2.927464,-8.316077E-04,-4.501361E-04,.001
2.928464,-3.662128E-04,-2.212534E-04,-6.66667E-04
2.929465,-4.501361E-04,0,-.002
2.930465,-3.814716E-04,-2.13624E-04,-.002
2.931466,-7.629441E-05,-4.27248E-04,2.33333E-03
2.932466,-2.365122E-04,-1.678476E-04,.001
2.933467,-1.678476E-04,-4.806537E-04,6.66667E-04
2.934467,2.594013E-04,1.525891E-05,-.002
2.935468,1.220712E-04,-2.441425E-04,-6.66667E-04
2.936468,-3.814721E-05,1.525891E-05,.001
2.937469,4.57766E-05,2.059946E-04,.002
2.938469,-4.57766E-05,3.433246E-04,-2.33333E-03
2.93947,-1.220712E-04,1.3733E-04,-3.66667E-03
2.94047,9.918259E-05,-9.918259E-05,-2.33333E-03
2.941471,3.051776E-04,3.356952E-04,-6.66667E-04
2.942471,9.918259E-05,6.027259E-04,.002
2.943472,2.212534E-04,6.942786E-04,6.66667E-04
2.944472,2.059946E-04,7.934608E-04,-.001
2.945473,-1.678476E-04,7.553138E-04,-.001
2.946473,-3.967304E-04,3.50954E-04,.001
2.947474,6.866502E-05,1.525888E-04,-.001
2.948474,4.57766E-05,-2.13624E-04,.001
2.949475,2.975482E-04,-2.212534E-04,-.001
2.950475,2.594013E-04,1.831064E-04,6.66667E-04
2.951476,9.15532E-05,5.874671E-04,-6.66667E-04
2.952476,7.629453E-06,4.196186E-04,-6.66667E-04
2.953477,-4.501361E-04,4.806537E-04,-.002
2.954477,-3.585834E-04,6.027259E-04,-6.66667E-04
2.955478,-1.06812E-04,3.051776E-04,-.001
2.956478,-8.392381E-05,2.059946E-04,-.002
2.957479,3.12807E-04,6.866492E-04,-.001
2.958479,6.866502E-05,5.645789E-04,-6.66667E-04
2.95948,-1.525888E-04,1.3733E-04,-.001
2.96048,-3.051781E-05,-7.629453E-06,.001
2.961481,-1.678476E-04,1.144414E-04,-6.66667E-04
2.962481,-2.212534E-04,-1.06812E-04,-6.66667E-04
2.963482,-6.866502E-05,-1.983652E-04,-6.66667E-04
2.964482,4.57766E-05,-2.670307E-04,-.002
2.965483,2.288828E-04,-1.06812E-04,.001
2.966483,3.051781E-05,-1.831064E-04,-.001
2.967484,4.57766E-05,-3.814716E-04,-6.66667E-04
2.968484,9.918259E-05,-4.57766E-05,-.001
2.969485,1.144414E-04,5.340599E-05,6.66667E-04
2.970485,1.602182E-04,-2.594013E-04,-.002
2.971486,-3.433246E-04,-1.678476E-04,-.002
2.972486,-5.035438E-04,-7.629441E-05,-.002
2.973487,-3.814716E-04,-2.28883E-05,-.002
2.974487,-3.204364E-04,1.449594E-04,-.004
2.975488,-2.13624E-04,2.517719E-04,-6.66667E-04
2.976488,-8.392381E-05,3.814716E-04,.002
2.977489,-5.569495E-04,6.790198E-04,-.002
2.978489,-3.356952E-04,6.561317E-04,.001
2.97949,-1.602182E-04,2.822895E-04,-6.66667E-04
2.98049,9.15532E-05,3.051776E-04,6.66667E-04
2.981491,4.196186E-04,1.525888E-04,-.001
2.982491,2.670307E-04,-1.525891E-05,-.002
2.983492,2.28883E-05,2.059946E-04,-6.66667E-04
2.984492,4.57766E-05,2.975482E-04,-.002
2.985493,8.392381E-05,1.297006E-04,-6.66667E-04
2.986493,-2.13624E-04,3.814716E-04,6.66667E-04
2.987494,-1.983652E-04,1.525891E-05,-6.66667E-04
2.988494,4.57766E-05,-2.670307E-04,-6.66667E-04
2.989495,3.814721E-05,1.75477E-04,6.66667E-04
2.990495,9.918259E-05,7.629441E-05,6.66667E-04
2.991496,-6.866502E-05,1.525888E-04,.001
2.992496,8.392381E-05,4.119892E-04,-.001
2.993497,3.433246E-04,2.746601E-04,.001
2.994497,-7.629441E-05,4.27248E-04,.002
2.995498,-1.297006E-04,2.899189E-04,6.66667E-04
2.996498,-5.340599E-05,1.297006E-04,-.001
2.997499,1.525888E-04,2.746601E-04,-.001
2.998499,2.441425E-04,1.678476E-04,-.002
2.9995,1.602182E-04,1.75477E-04,-.001
3.0005,7.629453E-06,1.831064E-04,6.66667E-04
3.001501,-1.3733E-04,-1.907358E-04,-.001
3.002501,1.3733E-04,-2.594013E-04,-.001
3.003502,4.730243E-04,-3.50954E-04,6.66667E-04
3.004502,3.89101E-04,-4.730243E-04,-2.33333E-03
3.005503,5.493201E-04,-4.043598E-04,.001
3.006503,3.356952E-04,-9.15532E-05,-2.33333E-03
3.007504,1.983652E-04,2.28883E-05,-6.66667E-04
3.008504,-1.297006E-04,1.678476E-04,-.002
3.009505,-3.814721E-05,2.517719E-04,-6.66667E-04
3.010505,1.449594E-04,8.544959E-04,.001
3.011506,-1.144414E-04,6.790198E-04,6.66667E-04
3.012506,7.629453E-06,5.493201E-04,6.66667E-04
3.013507,-1.220712E-04,5.035438E-04,-6.66667E-04
3.014507,-2.13624E-04,5.950965E-04,-.002
3.015508,-1.06812E-04,6.408729E-04,-.002
3.016508,6.103562E-05,5.416907E-04,-6.66667E-04
3.017509,-1.983652E-04,3.738422E-04,-5.33333E-03
3.018509,-4.425067E-04,2.899189E-04,-2.33333E-03
3.01951,-5.569495E-04,2.594013E-04,2.33333E-03
3.02051,-2.746601E-04,1.831064E-04,-6.66667E-04
3.021511,-4.425067E-04,4.88285E-04,-.001
3.022511,-5.874671E-04,4.196186E-04,-.002
3.023512,-4.196186E-04,4.425067E-04,-2.33333E-03
3.024512,9.918259E-05,5.798377E-04,.002
3.025513,2.365122E-04,-2.365122E-04,6.66667E-04
3.026513,2.517719E-04,-2.975482E-04,-.001
3.027514,3.12807E-04,-2.441425E-04,-2.33333E-03
3.028514,4.501361E-04,-2.594013E-04,-6.66667E-04
3.029515,3.433246E-04,-2.670307E-04,-2.33333E-03
3.030515,-9.918259E-05,1.3733E-04,2.33333E-03
3.031516,-1.983652E-04,3.433246E-04,-6.66667E-04
3.032516,-5.264319E-04,6.103553E-04,6.66667E-04
3.033517,-4.348774E-04,4.27248E-04,6.66667E-04
3.034517,-3.204364E-04,2.517719E-04,-6.66667E-04
3.035518,-1.831064E-04,1.525888E-04,.001
3.036518,-6.103562E-05,-6.866502E-05,-6.66667E-04
3.037519,1.525888E-04,3.814721E-05,-6.66667E-04
3.038519,1.525888E-04,1.06812E-04,6.66667E-04
3.03952,-7.629441E-05,4.57766E-05,-.001
3.04052,-2.13624E-04,3.814721E-05,-.002
3.041521,-2.517719E-04,1.602182E-04,-6.66667E-04
3.042521,-3.738422E-04,-3.280658E-04,-.001
3.043522,-2.288828E-04,-1.907358E-04,-.002
3.044522,-3.433246E-04,1.297006E-04,-.002
3.045523,-4.043598E-04,3.051781E-05,-.002
3.046523,-2.212534E-04,1.983652E-04,-5.66667E-03
3.047524,2.517719E-04,1.983652E-04,-.002
3.048524,3.814716E-04,9.918259E-05,-.001
3.049525,2.059946E-04,5.340599E-05,-.002
3.050525,-3.280658E-04,1.525888E-04,-6.66667E-04
3.051526,-2.517719E-04,1.220712E-04,-.001
3.052526,-6.103562E-05,-4.57766E-05,-.001
3.053527,1.06812E-04,-8.392381E-05,.001
3.054527,3.814721E-05,1.3733E-04,-.002
3.055528,1.449594E-04,1.907358E-04,-3.66667E-03
3.056528,3.356952E-04,4.196186E-04,-.002
3.057529,3.356952E-04,5.264319E-04,-.001
3.058529,-9.15532E-05,2.822895E-04,-6.66667E-04
3.05953,-1.602182E-04,-5.340599E-05,-6.66667E-04
3.06053,-1.525888E-04,-2.059946E-04,6.66667E-04
3.061531,-6.866502E-05,8.392381E-05,.001
3.062531,-1.678476E-04,2.28883E-05,6.66667E-04
3.063532,-1.602182E-04,-9.15532E-05,-.001
3.064532,2.059946E-04,9.918259E-05,6.66667E-04
3.065533,3.051776E-04,4.88285E-04,-.002
3.066533,2.059946E-04,-2.28883E-05,6.66667E-04
3.067534,6.103553E-04,-9.15532E-05,-6.66667E-04
3.068534,7.247962E-04,-5.340599E-05,-6.66667E-04
3.069535,3.814721E-05,1.06812E-04,.001
3.070535,2.059946E-04,-2.13624E-04,-6.66667E-04
3.071536,4.653949E-04,-5.722083E-04,-.001
3.072536,0,-2.441425E-04,-.002
3.073537,9.918259E-05,0,-.001
3.074537,2.288828E-04,1.907358E-04,-6.66667E-04
3.075538,9.918259E-05,-9.15532E-05,-6.66667E-04
3.076538,-1.3733E-04,-2.13624E-04,-3.66667E-03
3.077539,-1.3733E-04,1.449594E-04,-.002
3.078539,4.57766E-05,2.517719E-04,-.001
3.07954,1.144414E-04,0,6.66667E-04
3.08054,1.75477E-04,3.051781E-05,-.001
3.081541,2.059946E-04,-4.119892E-04,-.001
3.082541,2.517719E-04,-3.433246E-04,-.001
3.083542,2.670307E-04,-3.051776E-04,.001
3.084542,1.983652E-04,-6.63761E-04,-.001
3.085543,1.220712E-04,-6.027259E-04,-.001
3.086543,1.831064E-04,-3.738422E-04,-6.66667E-04
3.087544,3.738422E-04,-4.196186E-04,6.66667E-04
3.088544,4.501361E-04,-2.746601E-04,6.66667E-04
3.089545,6.942786E-04,-4.57766E-05,-.002
3.090545,3.356952E-04,1.75477E-04,6.66667E-04
3.091546,1.525891E-05,6.866502E-05,-.002
3.092546,-9.15532E-05,0,-.002
3.093547,-3.814721E-05,-1.525888E-04,-2.33333E-03
3.094547,1.602182E-04,-1.907358E-04,-2.33333E-03
3.095548,1.525888E-04,-1.144414E-04,-2.33333E-03
3.096548,-6.866502E-05,3.814721E-05,-.001
3.097549,5.340599E-05,3.814721E-05,-.002
3.098549,7.629441E-05,-1.983652E-04,-.001
3.09955,1.220712E-04,-2.899189E-04,-6.66667E-04
3.10055,1.602182E-04,-5.722083E-04,.002
3.101551,-1.525891E-05,-5.950965E-04,2.33333E-03
3.102551,-1.602182E-04,-5.340613E-04,6.66667E-04
3.103552,-3.89101E-04,-1.06812E-04,.001
3.104552,-3.967304E-04,-1.220712E-04,-.001
3.105553,6.103562E-05,-1.06812E-04,-6.66667E-04
3.106553,2.212534E-04,-4.959144E-04,-.001
3.107554,2.441425E-04,-4.425067E-04,.001
3.108554,9.918259E-05,-9.15532E-05,6.66667E-04
3.109555,-4.88285E-04,-1.831064E-04,-6.66667E-04
3.110555,-1.121528E-03,-4.806537E-04,6.66667E-04
3.111556,-1.495369E-03,2.28883E-05,-6.66667E-04
3.112556,-1.312263E-03,1.3733E-04,6.66667E-04
3.113557,-1.35041E-03,3.051776E-04,-6.66667E-04
3.114557,-2.166763E-03,4.425067E-04,-2.33333E-03
3.115558,-2.494827E-03,1.220712E-04,-.002
3.116558,-2.563491E-03,-2.517719E-04,6.66667E-04
3.117559,-3.58583E-03,-2.670307E-04,6.66667E-04
3.118559,-5.020171E-03,-3.433246E-04,.001
3.11956,-6.233245E-03,-2.13624E-04,-6.66667E-04
3.12056,-7.728606E-03,-3.204364E-04,-6.66667E-04
3.121561,-8.934081E-03,-6.027259E-04,.001
3.122561,-1.033789E-02,-1.113899E-03,6.66667E-04
3.123562,-1.177984E-02,-1.220711E-03,-6.66667E-04
3.124562,-1.335913E-02,-1.380928E-03,-.002
3.125563,-1.435858E-02,-1.800545E-03,6.66667E-04
3.126563,-1.440436E-02,-2.044693E-03,-6.66667E-04
3.127564,-1.319891E-02,-1.632698E-03,.002
3.128564,-1.168066E-02,-1.197822E-03,.002
3.129565,-.0101853,-6.790198E-04,6.66667E-04
3.130565,-8.773863E-03,-4.27248E-04,-2.33333E-03
3.131566,-7.576019E-03,-4.959144E-04,-.002
3.132566,-6.187469E-03,-5.722083E-04,-6.66667E-04
3.133567,-4.806548E-03,-6.256141E-04,-6.66667E-04
3.134567,-3.540054E-03,-4.653949E-04,-.001
3.135568,-2.647415E-03,-2.899189E-04,-6.66667E-04
3.136568,-1.960769E-03,-1.06812E-04,.001
3.137569,-1.121528E-03,4.57766E-05,-.001
3.138569,-1.167305E-03,0,.001
3.13957,-1.533516E-03,-6.103562E-05,6.66667E-04
3.14057,-9.079017E-04,2.28883E-05,-.001
3.141571,-2.365122E-04,9.15532E-05,.001
3.142571,-3.204364E-04,9.918259E-05,-.001
3.143572,-1.06812E-04,2.059946E-04,-6.66667E-04
3.144572,-2.670307E-04,2.899189E-04,.001
3.145573,-4.043598E-04,2.594013E-04,-3.66667E-03
3.146573,-4.043598E-04,3.738422E-04,.001
3.147574,-4.119892E-04,-3.814721E-05,-.001
3.148574,-3.662128E-04,-1.144414E-04,-.002
3.149575,-3.967304E-04,-4.27248E-04,-6.66667E-04
3.150575,-2.670307E-04,9.15532E-05,-.002
3.151576,-1.602182E-04,1.525888E-04,2.33333E-03
3.152576,-5.340599E-05,-1.983652E-04,-6.66667E-04
3.153577,1.831064E-04,-2.212534E-04,-2.33333E-03
3.154577,4.57766E-05,-1.525891E-05,-6.66667E-04
3.155578,-1.525891E-05,2.288828E-04,-6.66667E-04
3.156578,1.602182E-04,2.670307E-04,6.66667E-04
3.157579,-5.340599E-05,4.730243E-04,6.66667E-04
3.158579,2.670307E-04,4.043598E-04,-6.66667E-04
3.15958,3.89101E-04,9.918259E-05,.001
3.16058,1.831064E-04,5.340599E-05,.001
3.161581,3.204364E-04,-1.602182E-04,-.002
3.162581,6.103553E-04,-2.28883E-05,-6.66667E-04
3.163582,1.678476E-04,2.059946E-04,6.66667E-04
3.164582,8.392381E-05,2.899189E-04,-.001
3.165583,2.059946E-04,2.13624E-04,-6.66667E-04
3.166583,3.50954E-04,4.196186E-04,-.002
3.167584,2.746601E-04,4.653949E-04,.001
3.168584,-1.06812E-04,4.119892E-04,-.001
3.169585,-4.119892E-04,4.57766E-05,-.001
3.170585,-4.959144E-04,4.57766E-05,-6.66667E-04
3.171586,-4.27248E-04,4.043598E-04,-.002
3.172586,-2.517719E-04,6.103553E-04,-.001
3.173587,-1.525891E-05,-1.525891E-05,.001
3.174587,1.907358E-04,-3.585834E-04,-.001
3.175588,-3.051781E-05,-5.340599E-05,-6.66667E-04
3.176588,4.57766E-05,1.449594E-04,-.001
3.177589,-2.28883E-05,-9.15532E-05,-.002
3.178589,8.392381E-05,-1.144414E-04,-2.33333E-03
3.17959,1.06812E-04,2.899189E-04,6.66667E-04
3.18059,-5.340599E-05,6.103562E-05,-.002
3.181591,-5.340599E-05,-2.13624E-04,-.002
3.182591,1.525888E-04,-1.06812E-04,-6.66667E-04
3.183592,1.525888E-04,6.103562E-05,-.001
3.184592,1.525888E-04,-1.602182E-04,-.001
3.185593,-1.525888E-04,-3.051781E-05,.001
3.186593,-1.602182E-04,-3.12807E-04,-.001
3.187594,-1.602182E-04,-3.433246E-04,-.002
3.188594,-2.212534E-04,-5.340613E-04,-.002
3.189595,-2.441425E-04,-2.670307E-04,-.001
3.190595,-1.06812E-04,2.28883E-05,6.66667E-04
3.191596,-2.746601E-04,1.3733E-04,-.001
3.192596,-1.602182E-04,-1.983652E-04,6.66667E-04
3.193597,7.629453E-06,-6.713904E-04,-.002
3.194597,3.051776E-04,-5.264319E-04,-.001
3.195598,2.13624E-04,-6.103553E-04,-.001
3.196598,-1.06812E-04,-4.043598E-04,-.001
3.197599,2.670307E-04,-3.814721E-05,6.66667E-04
3.198599,1.983652E-04,1.06812E-04,-.001
3.1996,9.918259E-05,2.975482E-04,-6.66667E-04
3.2006,-3.204364E-04,1.144414E-04,.001
3.201601,-3.204364E-04,-3.280658E-04,-.002
3.202601,9.918259E-05,-2.517719E-04,-.001
3.203602,1.678476E-04,2.365122E-04,-6.66667E-04
3.204602,1.831064E-04,1.525888E-04,-.002
3.205603,1.525891E-05,2.594013E-04,-6.66667E-04
3.206603,1.06812E-04,2.822895E-04,-.001
3.207604,2.670307E-04,3.662128E-04,-.002
3.208604,-1.06812E-04,5.264319E-04,-.001
3.209605,-2.13624E-04,2.975482E-04,6.66667E-04
3.210605,-1.3733E-04,3.814721E-05,-6.66667E-04
3.211606,0,1.678476E-04,6.66667E-04
3.212606,3.12807E-04,3.051776E-04,-.002
3.213607,4.959144E-04,1.3733E-04,6.66667E-04
3.214607,1.678476E-04,2.059946E-04,6.66667E-04
3.215608,4.57766E-05,2.594013E-04,-2.33333E-03
3.216608,5.340599E-05,1.06812E-04,.001
3.217609,0,1.75477E-04,-6.66667E-04
3.218609,-6.103562E-05,3.662128E-04,-3.66667E-03
3.21961,-5.340599E-05,-7.629453E-06,.001
3.22061,-1.907358E-04,-7.629453E-06,-6.66667E-04
3.221611,-1.602182E-04,1.602182E-04,.001
3.222611,1.525888E-04,1.449594E-04,6.66667E-04
3.223612,2.059946E-04,4.196186E-04,-6.66667E-04
3.224612,-9.15532E-05,3.12807E-04,-.001
3.225613,-3.814721E-05,-1.449594E-04,.002
3.226614,-2.594013E-04,-1.983652E-04,6.66667E-04
3.227614,2.28883E-05,-5.340599E-05,-6.66667E-04
3.228614,-1.144414E-04,-9.918259E-05,-.002
3.229615,-1.678476E-04,-1.3733E-04,.001
3.230615,-4.043598E-04,5.340599E-05,-3.66667E-03
3.231616,-3.051776E-04,7.629453E-06,6.66667E-04
3.232616,3.50954E-04,8.392381E-05,.002
3.233617,2.13624E-04,-3.12807E-04,-6.66667E-04
3.234617,-1.75477E-04,-5.111732E-04,-6.66667E-04
3.235618,-1.220712E-04,-3.12807E-04,6.66667E-04
3.236619,-1.525888E-04,-3.89101E-04,-.001
3.237619,-4.57766E-05,-5.340599E-05,-.002
3.238619,2.594013E-04,-5.340599E-05,-.001
3.23962,3.89101E-04,-9.918259E-05,-.002
3.24062,9.918259E-05,-1.75477E-04,6.66667E-04
3.241621,-2.517719E-04,-1.06812E-04,-6.66667E-04
3.242621,-1.06812E-04,-5.340599E-05,6.66667E-04
3.243622,-1.907358E-04,3.051781E-05,.001
3.244622,-3.051781E-05,-1.525888E-04,-.002
3.245623,1.220712E-04,-2.13624E-04,.002
3.246624,0,-9.918259E-05,.001
3.247624,3.814716E-04,-1.06812E-04,-6.66667E-04
3.248624,3.738422E-04,-1.525891E-05,-.001
3.249625,6.866502E-05,7.629441E-05,-3.66667E-03
3.250625,2.212534E-04,-3.051781E-05,6.66667E-04
3.251626,1.06812E-04,-1.144414E-04,6.66667E-04
3.252626,-2.212534E-04,-1.3733E-04,6.66667E-04
3.253627,-5.340599E-05,2.594013E-04,-2.33333E-03
3.254627,6.866502E-05,4.348774E-04,-.002
3.255628,3.280658E-04,1.907358E-04,-3.66667E-03
3.256629,2.594013E-04,-1.220712E-04,.001
3.257629,-2.28883E-05,6.103562E-05,-6.66667E-04
3.258629,-3.051781E-05,2.288828E-04,6.66667E-04
3.25963,9.918259E-05,3.585834E-04,6.66667E-04
3.26063,2.212534E-04,4.959144E-04,-.002
3.261631,6.866502E-05,4.959144E-04,-6.66667E-04
3.262631,4.043598E-04,3.585834E-04,-3.66667E-03
3.263632,5.874671E-04,4.57766E-05,-.001
3.264632,1.907358E-04,-1.3733E-04,-.002
3.265633,0,-1.907358E-04,.001
3.266634,6.103562E-05,4.653949E-04,6.66667E-04
3.267634,2.899189E-04,5.035438E-04,-3.66667E-03
3.268634,4.653949E-04,3.12807E-04,-.002
3.269635,3.967304E-04,-1.602182E-04,6.66667E-04
3.270635,1.449594E-04,-5.416907E-04,.001
3.271636,-2.28883E-05,-9.002723E-04,-.002
3.272636,-3.50954E-04,-8.850135E-04,.001
3.273637,-3.814716E-04,-8.239783E-04,-.001
3.274637,-1.525891E-05,-3.585834E-04,-2.33333E-03
3.275638,-5.340599E-05,-1.449594E-04,-2.33333E-03
3.276639,1.144414E-04,-8.392381E-05,6.66667E-04
3.277639,3.967304E-04,-6.485023E-04,6.66667E-04
3.278639,5.111732E-04,-6.866492E-04,-6.66667E-04
3.27964,4.653949E-04,-3.967304E-04,-.002
3.28064,4.196186E-04,-5.340613E-04,-.001
3.281641,2.288828E-04,-4.501361E-04,-6.66667E-04
3.282641,-2.13624E-04,-3.204364E-04,-2.33333E-03
3.283642,-4.577655E-04,2.212534E-04,-.001
3.284642,-4.043598E-04,4.119892E-04,-6.66667E-04
3.285643,-2.594013E-04,2.975482E-04,6.66667E-04
3.286644,-1.06812E-04,-1.144414E-04,-.002
3.287644,4.57766E-05,-1.525888E-04,.001
3.288644,0,-9.918259E-05,-6.66667E-04
3.289645,-2.365122E-04,1.907358E-04,-.001
3.290645,3.051781E-05,6.027259E-04,-6.66667E-04
3.291646,-2.441425E-04,5.264319E-04,.001
3.292646,-6.485023E-04,2.594013E-04,.001
3.293647,-6.561317E-04,7.629441E-05,-.001
3.294647,-3.814721E-05,-4.806537E-04,6.66667E-04
3.295648,2.365122E-04,-1.602182E-04,.001
3.296649,5.798377E-04,3.051776E-04,-3.66667E-03
3.297649,3.967304E-04,2.365122E-04,-6.66667E-04
3.298649,2.594013E-04,-4.57766E-05,-6.66667E-04
3.29965,1.525888E-04,-5.340599E-05,-6.66667E-04
3.30065,2.288828E-04,-4.501361E-04,.001
3.301651,4.730243E-04,-3.585834E-04,-6.66667E-04
3.302651,1.220712E-04,8.392381E-05,-.002
3.303652,2.059946E-04,6.179847E-04,-6.66667E-04
3.304652,-3.814721E-05,8.087195E-04,-.001
3.305653,9.918259E-05,9.460486E-04,.002
3.306653,3.12807E-04,8.010902E-04,-.002
3.307654,4.653949E-04,7.324256E-04,-6.66667E-04
3.308654,1.06812E-04,4.348774E-04,.001
3.309655,1.678476E-04,3.738422E-04,6.66667E-04
3.310655,1.907358E-04,-2.28883E-05,-6.66667E-04
3.311656,1.602182E-04,4.043598E-04,-.002
3.312656,3.12807E-04,3.356952E-04,6.66667E-04
3.313657,2.899189E-04,3.585834E-04,-6.66667E-04
3.314657,2.13624E-04,4.501361E-04,-.002
3.315658,6.866502E-05,3.356952E-04,6.66667E-04
3.316658,9.15532E-05,3.814716E-04,-2.33333E-03
3.317659,0,-5.340599E-05,-6.66667E-04
3.318659,8.392381E-05,-2.288828E-04,6.66667E-04
3.31966,2.059946E-04,-9.15532E-05,.001
3.32066,2.365122E-04,-1.144414E-04,6.66667E-04
3.321661,3.814721E-05,-3.814721E-05,6.66667E-04
3.322661,-2.059946E-04,6.103562E-05,-.001
3.323662,-6.866502E-05,-1.907358E-04,-.001
3.324662,9.918259E-05,-2.822895E-04,-6.66667E-04
3.325663,4.57766E-05,-3.12807E-04,6.66667E-04
3.326663,4.196186E-04,-3.814716E-04,-.001
3.327664,4.959144E-04,-5.340599E-05,-6.66667E-04
3.328664,1.525888E-04,-2.746601E-04,6.66667E-04
3.329665,1.06812E-04,-5.340599E-05,6.66667E-04
3.330665,8.392381E-05,-6.866502E-05,.001
3.331666,7.629453E-06,5.340613E-04,6.66667E-04
3.332666,-7.629453E-06,2.899189E-04,.001
3.333667,-1.75477E-04,-2.059946E-04,.001
3.334667,-1.907358E-04,-1.983652E-04,.001
3.335668,-6.332435E-04,3.051781E-05,6.66667E-04
3.336668,-5.035438E-04,2.594013E-04,-6.66667E-04
3.337669,-1.297006E-04,-8.392381E-05,.001
3.338669,1.525891E-05,-1.297006E-04,-2.33333E-03
3.33967,0,-2.670307E-04,.002
3.34067,-4.196186E-04,-1.602182E-04,-2.33333E-03
3.341671,-3.738422E-04,-1.06812E-04,-.002
3.342671,3.051781E-05,-2.975482E-04,-6.66667E-04
3.343672,4.57766E-05,-2.517719E-04,-.002
3.344672,8.392381E-05,-3.662128E-04,-.002
3.345673,-2.212534E-04,-7.629441E-05,2.33333E-03
3.346673,-3.280658E-04,-9.15532E-05,6.66667E-04
3.347674,-4.348774E-04,4.57766E-05,-2.33333E-03
3.348674,-4.425067E-04,-3.051781E-05,-.001
3.349675,-2.365122E-04,-1.220712E-04,-6.66667E-04
3.350675,4.57766E-05,-1.220712E-04,-.001
3.351676,2.670307E-04,-1.525891E-05,-.002
3.352676,3.814721E-05,-2.517719E-04,-.002
3.353677,-7.629453E-06,-2.288828E-04,-.001
3.354677,-3.814716E-04,9.918259E-05,-6.66667E-04
3.355678,-6.790198E-04,1.75477E-04,-6.66667E-04
3.356678,-3.662128E-04,2.594013E-04,-.001
3.357679,9.918259E-05,1.220712E-04,6.66667E-04
3.358679,3.967304E-04,1.678476E-04,6.66667E-04
3.35968,7.629453E-06,-1.525891E-05,-.004
3.36068,-9.918259E-05,-4.57766E-05,-.001
3.361681,-2.975482E-04,-3.12807E-04,-6.66667E-04
3.362681,-2.13624E-04,-4.425067E-04,-6.66667E-04
3.363682,4.57766E-05,-4.959144E-04,-.001
3.364682,-1.678476E-04,-4.348774E-04,-.002
3.365683,-1.831064E-04,3.051781E-05,.002
3.366683,1.983652E-04,-2.28883E-05,-6.66667E-04
3.367684,2.059946E-04,-1.144414E-04,-6.66667E-04
3.368684,5.569495E-04,-3.738422E-04,6.66667E-04
3.369685,9.918259E-05,-6.103553E-04,-.002
3.370685,-1.831064E-04,-8.010902E-04,-.002
3.371686,-3.433246E-04,-1.602182E-04,6.66667E-04
3.372686,9.918259E-05,2.746601E-04,-6.66667E-04
3.373687,6.179847E-04,1.525888E-04,-.002
3.374687,2.13624E-04,-2.670307E-04,.001
3.375688,-9.918259E-05,-2.441425E-04,-.001
3.376688,-1.831064E-04,-4.577655E-04,-6.66667E-04
3.377689,-2.594013E-04,-4.653949E-04,.001
3.378689,-9.918259E-05,-1.06812E-04,-.001
3.37969,-1.144414E-04,2.059946E-04,-.002
3.38069,-1.3733E-04,4.119892E-04,6.66667E-04
3.381691,-5.722083E-04,6.866502E-05,-.001
3.382691,-5.722083E-04,-1.983652E-04,-6.66667E-04
3.383692,-2.059946E-04,-6.103562E-05,-6.66667E-04
3.384692,-2.899189E-04,-3.814721E-05,-.002
3.385693,-3.051776E-04,-3.204364E-04,-6.66667E-04
3.386693,3.814721E-05,-2.365122E-04,-.001
3.387694,-1.602182E-04,7.629453E-06,-3.66667E-03
3.388694,-1.3733E-04,1.525891E-05,.001
3.389695,9.15532E-05,6.866502E-05,-6.66667E-04
3.390696,1.449594E-04,1.602182E-04,-.001
3.391696,-1.449594E-04,1.3733E-04,-.002
3.392696,-3.433246E-04,-3.356952E-04,.001
3.393697,-2.13624E-04,-2.288828E-04,-6.66667E-04
3.394697,-2.822895E-04,-3.204364E-04,-.002
3.395698,-4.57766E-05,-4.043598E-04,-.001
3.396698,-2.13624E-04,-3.967304E-04,2.33333E-03
3.397699,-9.15532E-05,-3.051776E-04,-6.66667E-04
3.398699,-1.449594E-04,-7.629441E-05,-6.66667E-04
3.3997,0,3.814721E-05,6.66667E-04
3.400701,1.220712E-04,-7.629441E-05,.001
3.401701,-3.280658E-04,2.746601E-04,-6.66667E-04
3.402701,-5.798377E-04,7.553138E-04,-.001
3.403702,-5.188026E-04,4.196186E-04,-6.66667E-04
3.404702,-8.926429E-04,1.678476E-04,-6.66667E-04
3.405703,-8.010902E-04,-4.57766E-05,-.002
3.406703,-7.095374E-04,-3.814716E-04,.002
3.407704,0,-6.942786E-04,-.001
3.408704,9.15532E-05,-4.959144E-04,-.001
3.409705,6.866502E-05,-2.670307E-04,-.002
3.410706,-2.670307E-04,-4.57766E-05,.001
3.411706,-4.119892E-04,-8.392381E-05,-.001
3.412706,-4.577655E-04,-2.517719E-04,-6.66667E-04
3.413707,-5.874671E-04,-2.365122E-04,-.001
3.414707,-8.773841E-04,-1.831064E-04,-6.66667E-04
3.415708,-1.113899E-03,-1.06812E-04,6.66667E-04
3.416708,-1.487739E-03,-2.288828E-04,-.001
3.417709,-1.220711E-03,-2.746601E-04,-.002
3.418709,-1.411445E-03,1.525888E-04,-.002
3.41971,-1.640327E-03,4.57766E-05,-6.66667E-04
3.420711,-1.930244E-03,-2.441425E-04,.001
3.421711,-2.647415E-03,-2.441425E-04,.001
3.422711,-3.623977E-03,-4.27248E-04,-.002
3.423712,-4.180938E-03,-6.866492E-04,-.002
3.424712,-5.210906E-03,-5.035438E-04,-.001
3.425713,-6.408721E-03,-2.670307E-04,.001
3.426713,-7.667571E-03,-3.585834E-04,-.001
3.427714,-9.407103E-03,-7.01908E-04,-.002
3.428714,-1.101691E-02,-8.621253E-04,-.002
3.429715,-1.278692E-02,-8.697547E-04,6.66667E-04
3.430716,-1.457983E-02,-1.548775E-03,-6.66667E-04
3.431716,-1.625073E-02,-2.166763E-03,-.002
3.432716,-1.821911E-02,-2.58638E-03,.001
3.433717,-1.990521E-02,-3.051773E-03,-2.33333E-03
3.434717,-2.085888E-02,-2.96022E-03,.001
3.435718,-2.100384E-02,-2.58638E-03,.001
3.436718,-2.050793E-02,-2.624527E-03,6.66667E-04
3.437719,-1.960003E-02,-2.601638E-03,-.002
3.438719,-1.826489E-02,-2.136245E-03,-6.66667E-04
3.43972,-1.684582E-02,-1.655586E-03,6.66667E-04
3.440721,-.0151673,-1.266487E-03,-6.66667E-04
3.441721,-1.370245E-02,-1.060493E-03,6.66667E-04
3.442721,-1.212317E-02,-1.335151E-03,6.66667E-04
3.443722,-1.028448E-02,-1.121528E-03,6.66667E-04
3.444722,-8.018553E-03,-8.850135E-04,-3.66667E-03
3.445723,-7.05722E-03,-5.111732E-04,-.001
3.446723,-6.111175E-03,-2.975482E-04,-2.33333E-03
3.447724,-4.966766E-03,-6.103562E-05,-6.66667E-04
3.448724,-4.28775E-03,-1.449594E-04,-6.66667E-04
3.449725,-3.509536E-03,-5.340599E-05,-.002
3.450726,-2.746597E-03,-1.220712E-04,-.002
3.451726,-2.380386E-03,-2.13624E-04,-.001
3.452726,-1.991287E-03,-1.297006E-04,.001
3.453727,-1.220711E-03,4.57766E-05,-.001
3.454727,-1.060493E-03,4.57766E-05,-6.66667E-04
3.455728,-5.722083E-04,-5.340613E-04,-2.33333E-03
3.456728,-6.713904E-04,-7.247962E-04,-.001
3.457729,-6.63761E-04,-4.959144E-04,-6.66667E-04
3.458729,-5.493201E-04,-2.975482E-04,-6.66667E-04
3.45973,-5.493201E-04,-2.975482E-04,-6.66667E-04
3.460731,-4.730243E-04,-1.602182E-04,-.001
3.461731,-2.13624E-04,-2.594013E-04,-6.66667E-04
3.462731,-3.051776E-04,-3.967304E-04,-3.66667E-03
3.463732,-6.942786E-04,-1.144414E-04,-.002
3.464732,-7.171668E-04,1.144414E-04,-.001
3.465733,-4.653949E-04,-1.983652E-04,6.66667E-04
3.466733,-4.348774E-04,-8.392381E-05,-6.66667E-04
3.467734,-3.50954E-04,7.629453E-06,-6.66667E-04
3.468734,-3.89101E-04,2.13624E-04,-.002
3.469735,-9.918259E-05,4.806537E-04,-6.66667E-04
3.470736,-1.678476E-04,6.179847E-04,.002
3.471736,-3.204364E-04,6.332435E-04,-6.66667E-04
3.472736,-5.340599E-05,4.27248E-04,.001
3.473737,7.629453E-06,2.28883E-05,-6.66667E-04
3.474737,5.340599E-05,7.629441E-05,.001
3.475738,6.103562E-05,3.051776E-04,6.66667E-04
3.476738,-4.577655E-04,4.730243E-04,-.002
3.477739,-5.950965E-04,5.340599E-05,6.66667E-04
3.478739,-4.806537E-04,2.288828E-04,-2.33333E-03
3.47974,-2.670307E-04,-7.629441E-05,.001
3.480741,-6.103562E-05,-1.144414E-04,-.002
3.481741,-9.918259E-05,-2.212534E-04,3.66667E-03
3.482741,1.525891E-05,-5.950965E-04,6.66667E-04
3.483742,1.831064E-04,-4.501361E-04,-6.66667E-04
3.484742,-7.629453E-06,1.297006E-04,-.002
3.485743,-3.433246E-04,1.3733E-04,6.66667E-04
3.486743,-2.517719E-04,2.670307E-04,-.002
3.487744,-2.594013E-04,3.051776E-04,.001
3.488744,-1.525888E-04,2.28883E-05,.001
3.489745,1.983652E-04,-4.959144E-04,-6.66667E-04
3.490746,-2.441425E-04,-5.264319E-04,-.001
3.491746,-3.738422E-04,7.629453E-06,-2.33333E-03
3.492746,-4.27248E-04,-1.297006E-04,-6.66667E-04
3.493747,-3.967304E-04,4.88285E-04,-6.66667E-04
3.494747,-9.918259E-05,1.75477E-04,-6.66667E-04
3.495748,2.059946E-04,-2.28883E-05,-.001
3.496748,-1.525891E-05,-1.06812E-04,.001
3.497749,-4.119892E-04,-2.670307E-04,-6.66667E-04
3.498749,-2.670307E-04,-1.06812E-04,-.002
3.49975,-1.220712E-04,2.059946E-04,-.001
3.500751,5.340599E-05,1.144414E-04,-.002
3.501751,6.103562E-05,1.831064E-04,.002
3.502751,-2.517719E-04,3.967304E-04,6.66667E-04
3.503752,-2.441425E-04,1.602182E-04,-6.66667E-04
3.504752,-3.50954E-04,1.75477E-04,-6.66667E-04
3.505753,-2.975482E-04,2.594013E-04,6.66667E-04
3.506753,-3.204364E-04,-1.06812E-04,-.002
3.507754,-4.425067E-04,-1.75477E-04,-6.66667E-04
3.508754,-1.75477E-04,-2.059946E-04,.001
3.509755,-4.57766E-05,-3.814721E-05,6.66667E-04
3.510756,0,2.212534E-04,6.66667E-04
3.511756,-8.392381E-05,3.738422E-04,6.66667E-04
3.512756,2.670307E-04,4.119892E-04,-6.66667E-04
3.513757,2.212534E-04,2.288828E-04,-3.66667E-03
3.514757,1.907358E-04,1.144414E-04,-6.66667E-04
3.515758,2.441425E-04,9.15532E-05,.001
3.516758,-1.220712E-04,1.144414E-04,.001
3.517759,-3.814716E-04,6.103562E-05,6.66667E-04
3.518759,-9.15532E-05,1.525891E-05,-6.66667E-04
3.51976,3.814721E-05,5.340599E-05,-6.66667E-04
3.520761,-2.594013E-04,-2.365122E-04,.001
3.521761,-3.738422E-04,-2.441425E-04,-2.33333E-03
3.522761,-4.27248E-04,-6.103562E-05,-.001
3.523762,-1.06812E-04,1.983652E-04,-.002
3.524762,-1.144414E-04,3.204364E-04,-6.66667E-04
3.525763,-1.220712E-04,9.918259E-05,-2.33333E-03
3.526763,-3.814721E-05,-9.918259E-05,-.001
3.527764,4.57766E-05,1.144414E-04,-6.66667E-04
3.528764,-6.866502E-05,2.517719E-04,-6.66667E-04
3.529765,-4.043598E-04,9.918259E-05,-.001
3.530766,-8.163489E-04,2.059946E-04,-2.33333E-03
3.531766,-7.553138E-04,2.975482E-04,-.001
3.532766,-6.256141E-04,-1.449594E-04,.001
3.533767,-2.517719E-04,-2.670307E-04,-6.66667E-04
3.534767,1.06812E-04,-4.57766E-05,.002
3.535768,1.602182E-04,3.814721E-05,-.002
3.536768,-4.57766E-05,-6.866502E-05,-.001
3.537769,-2.517719E-04,-6.103562E-05,-.002
3.538769,-8.392381E-05,9.15532E-05,.001
3.53977,0,-5.340599E-05,.001
3.540771,4.57766E-05,-3.204364E-04,-6.66667E-04
3.541771,-1.144414E-04,-3.356952E-04,-6.66667E-04
3.542771,2.28883E-05,-1.678476E-04,3.66667E-03
3.543772,9.918259E-05,2.059946E-04,-.002
3.544772,3.814721E-05,6.408729E-04,-6.66667E-04
3.545773,-5.035438E-04,1.449594E-04,-6.66667E-04
3.546773,-4.653949E-04,5.340599E-05,-.001
3.547774,3.814721E-05,1.525891E-05,-2.33333E-03
3.548774,2.594013E-04,-1.831064E-04,-6.66667E-04
3.549775,-5.340599E-05,1.297006E-04,.001
3.550776,4.57766E-05,9.918259E-05,6.66667E-04
3.551776,2.517719E-04,1.525891E-05,.001
3.552776,3.356952E-04,-1.449594E-04,6.66667E-04
3.553777,9.918259E-05,-7.629453E-06,6.66667E-04
3.554777,-5.340599E-05,-2.059946E-04,.002
3.555778,-1.602182E-04,1.220712E-04,-.002
3.556778,-2.670307E-04,4.425067E-04,-.001
3.557779,-6.561317E-04,4.196186E-04,-.001
3.558779,-1.113899E-03,6.027259E-04,-.002
3.55978,-1.258858E-03,7.629453E-06,-2.33333E-03
3.560781,-1.373298E-03,-3.356952E-04,6.66667E-04
3.561781,-1.655586E-03,-2.594013E-04,-6.66667E-04
3.562781,-1.85395E-03,-3.738422E-04,.002
3.563782,-2.441421E-03,-3.89101E-04,-.001
3.564783,-3.303543E-03,-1.449594E-04,-.001
3.565783,-3.486648E-03,-6.790198E-04,-6.66667E-04
3.566783,-3.685012E-03,-4.043598E-04,-6.66667E-04
3.567784,-3.540054E-03,-3.738422E-04,-3.66667E-03
3.568784,-3.273025E-03,-4.730243E-04,2.33333E-03
3.569785,-3.234878E-03,-3.89101E-04,-2.33333E-03
3.570786,-2.967849E-03,-7.629453E-06,-.001
3.571786,-2.990738E-03,-2.517719E-04,.001
3.572786,-2.800003E-03,-3.662128E-04,-.002
3.573787,-2.594009E-03,-1.525891E-05,6.66667E-04
3.574788,-2.342239E-03,3.204364E-04,-.002
3.575788,-2.067581E-03,4.730243E-04,-6.66667E-04
3.576788,-1.60981E-03,6.713904E-04,6.66667E-04
3.577789,-1.388557E-03,5.645789E-04,.001
3.578789,-1.045235E-03,5.722083E-04,6.66667E-04
3.57979,-5.493201E-04,6.027259E-04,-6.66667E-04
3.580791,-5.035438E-04,-9.918259E-05,-2.33333E-03
3.581791,-8.773841E-04,-1.449594E-04,.002
3.582791,-6.790198E-04,7.629453E-06,-.001
3.583792,-4.88285E-04,1.907358E-04,-.001
3.584793,-5.874671E-04,-1.06812E-04,.001
3.585793,-3.12807E-04,-2.441425E-04,6.66667E-04
3.586793,-2.288828E-04,-1.678476E-04,.001
3.587794,-2.059946E-04,3.051781E-05,-6.66667E-04
3.588794,-5.035438E-04,2.059946E-04,-6.66667E-04
3.589795,-6.866492E-04,-2.517719E-04,-6.66667E-04
3.590796,-8.316077E-04,7.629453E-06,-.001
3.591796,-7.01908E-04,-1.449594E-04,-3.66667E-03
3.592796,9.15532E-05,-1.75477E-04,-3.66667E-03
3.593797,3.12807E-04,7.629441E-05,6.66667E-04
3.594798,5.264319E-04,3.662128E-04,-2.33333E-03
3.595798,2.365122E-04,2.670307E-04,2.33333E-03
3.596798,6.103562E-05,-9.918259E-05,6.66667E-04
3.597799,-4.57766E-05,-1.525891E-05,-6.66667E-04
3.598799,1.220712E-04,5.035438E-04,-6.66667E-04
3.5998,2.441425E-04,6.179847E-04,-.002
3.600801,3.051776E-04,4.88285E-04,-6.66667E-04
3.601801,7.858314E-04,3.12807E-04,-6.66667E-04
3.602801,3.738422E-04,2.517719E-04,-6.66667E-04
3.603802,6.866502E-05,7.629453E-06,-6.66667E-04
3.604803,0,1.449594E-04,-6.66667E-04
3.605803,1.831064E-04,1.06812E-04,.002
3.606803,2.975482E-04,2.899189E-04,.001
3.607804,4.501361E-04,1.220712E-04,.001
3.608804,3.051781E-05,-1.3733E-04,-.002
3.609805,-1.525891E-05,2.13624E-04,-6.66667E-04
3.610806,-5.340613E-04,4.57766E-05,6.66667E-04
3.611806,-5.874671E-04,-3.814721E-05,-6.66667E-04
3.612806,-7.553138E-04,0,-6.66667E-04
3.613807,-6.027259E-04,1.144414E-04,-.001
3.614808,-2.212534E-04,1.678476E-04,-.002
3.615808,-1.602182E-04,-1.907358E-04,-.002
3.616808,-5.340599E-05,-5.264319E-04,-6.66667E-04
3.617809,-1.602182E-04,-6.561317E-04,-.001
3.618809,-5.493201E-04,-7.40055E-04,-2.33333E-03
3.61981,-5.264319E-04,-4.959144E-04,-6.66667E-04
3.620811,-2.288828E-04,2.059946E-04,-6.66667E-04
3.621811,-1.983652E-04,1.449594E-04,6.66667E-04
3.622811,-4.27248E-04,-3.204364E-04,-6.66667E-04
3.623812,-2.899189E-04,-9.15532E-05,6.66667E-04
3.624813,-1.678476E-04,2.059946E-04,6.66667E-04
3.625813,7.629441E-05,2.059946E-04,-6.66667E-04
3.626813,1.983652E-04,1.602182E-04,-.002
3.627814,1.06812E-04,1.144414E-04,6.66667E-04
3.628814,2.28883E-05,1.525888E-04,-.001
3.629815,9.918259E-05,-5.340599E-05,-6.66667E-04
3.630816,7.629453E-06,2.212534E-04,6.66667E-04
3.631816,9.918259E-05,2.594013E-04,-6.66667E-04
3.632816,1.06812E-04,6.103553E-04,-.002
3.633817,6.103562E-05,6.713904E-04,-.001
3.634818,9.918259E-05,7.858314E-04,-.002
3.635818,-2.13624E-04,4.577655E-04,.002
3.636818,-3.280658E-04,0,-.001
3.637819,-2.746601E-04,-2.13624E-04,6.66667E-04
3.638819,-4.577655E-04,1.220712E-04,6.66667E-04
3.63982,-7.629453E-06,-7.629453E-06,.001
3.640821,-1.602182E-04,1.297006E-04,.002
3.641821,1.831064E-04,-1.602182E-04,-.002
3.642821,2.441425E-04,-5.416907E-04,6.66667E-04
3.643822,2.670307E-04,-1.525888E-04,-.002
3.644823,1.144414E-04,9.15532E-05,-3.66667E-03
3.645823,0,-2.441425E-04,-.001
3.646823,-2.059946E-04,-1.525891E-05,-6.66667E-04
3.647824,-3.738422E-04,-1.983652E-04,6.66667E-04
3.648824,-4.501361E-04,4.57766E-05,-.002
3.649825,-4.577655E-04,-7.629453E-06,6.66667E-04
3.650826,-4.27248E-04,7.629453E-06,-.002
3.651826,-2.517719E-04,1.06812E-04,-2.33333E-03
3.652826,-2.28883E-05,0,-.002
3.653827,-3.967304E-04,-5.340599E-05,.001
3.654828,-2.822895E-04,1.907358E-04,.001
3.655828,-4.730243E-04,2.975482E-04,-6.66667E-04
3.656828,-4.348774E-04,1.525891E-05,-6.66667E-04
3.657829,-4.577655E-04,-1.449594E-04,-6.66667E-04
3.658829,-6.256141E-04,-3.662128E-04,-.002
3.65983,-6.408729E-04,-4.196186E-04,-6.66667E-04
3.66083,-3.814716E-04,-1.449594E-04,-.001
3.661831,-8.392371E-04,6.866502E-05,.001
3.662831,-1.502998E-03,2.059946E-04,.001
3.663832,-1.945503E-03,3.280658E-04,-.001
3.664833,-2.426162E-03,1.907358E-04,-.002
3.665833,-3.08229E-03,1.907358E-04,-2.33333E-03
3.666833,-3.433242E-03,1.297006E-04,-2.33333E-03
3.667834,-3.417984E-03,-5.340613E-04,-5.33333E-03
3.668834,-3.723159E-03,-4.348774E-04,-2.33333E-03
3.669835,-4.051238E-03,-5.569495E-04,-.002
3.670835,-4.776031E-03,-6.63761E-04,6.66667E-04
3.671836,-5.233794E-03,-4.959144E-04,.001
3.672836,-.0055466,-2.670307E-04,-6.66667E-04
3.673837,-5.355865E-03,-3.051776E-04,6.66667E-04
3.674838,-5.249053E-03,-6.179847E-04,6.66667E-04
3.675838,-4.760772E-03,-4.730243E-04,-2.33333E-03
3.676838,-4.470855E-03,-7.247962E-04,-6.66667E-04
3.677839,-4.112273E-03,-2.670307E-04,6.66667E-04
3.678839,-3.58583E-03,1.525888E-04,-3.66667E-03
3.67984,-2.731338E-03,4.730243E-04,6.66667E-04
3.68084,-2.08284E-03,4.57766E-05,-6.66667E-04
3.681841,-1.48011E-03,-2.288828E-04,.001
3.682841,-1.197822E-03,-5.340613E-04,.001
3.683842,-7.40055E-04,-5.722083E-04,-6.66667E-04
3.684843,-3.89101E-04,-3.12807E-04,-.001
3.685843,-2.441425E-04,-1.525888E-04,-.001
3.686843,-5.188026E-04,4.57766E-05,.001
3.687844,-4.196186E-04,1.3733E-04,-.002
3.688844,-7.095374E-04,1.144414E-04,-.001
3.689845,-4.959144E-04,-3.585834E-04,-.002
3.690845,-1.525888E-04,-6.485023E-04,6.66667E-04
3.691846,-1.06812E-04,-5.035438E-04,.001
3.692847,-2.594013E-04,-2.975482E-04,-.001
3.693847,-3.585834E-04,-4.501361E-04,6.66667E-04
3.694848,-2.28883E-05,-8.392381E-05,.002
3.695848,-3.204364E-04,1.220712E-04,6.66667E-04
3.696848,-2.975482E-04,4.57766E-05,6.66667E-04
3.697849,-3.051781E-05,-2.670307E-04,-.001
3.698849,-1.06812E-04,-3.738422E-04,-6.66667E-04
3.69985,-3.433246E-04,-3.814716E-04,-.004
3.70085,-3.204364E-04,-2.975482E-04,-.002
3.701851,-1.602182E-04,-1.831064E-04,-6.66667E-04
3.702852,3.12807E-04,-2.28883E-05,-.002
3.703852,4.577655E-04,-8.392381E-05,-.001
3.704853,5.722083E-04,-2.288828E-04,-.001
3.705853,4.196186E-04,-3.585834E-04,-6.66667E-04
3.706853,1.983652E-04,-2.059946E-04,-.002
3.707854,3.50954E-04,-2.28883E-05,-6.66667E-04
3.708854,5.950965E-04,3.814716E-04,-6.66667E-04
3.709855,4.88285E-04,1.525891E-05,-6.66667E-04
3.710855,3.12807E-04,-3.433246E-04,-.002
3.711856,3.051781E-05,-1.449594E-04,.001
3.712857,-1.144414E-04,-2.441425E-04,-.001
3.713857,1.297006E-04,-2.28883E-05,.001
3.714858,1.06812E-04,4.57766E-05,-6.66667E-04
3.715858,-3.051781E-05,1.75477E-04,6.66667E-04
3.716858,2.594013E-04,1.602182E-04,-.002
3.717859,9.15532E-05,1.831064E-04,6.66667E-04
3.718859,-1.907358E-04,1.678476E-04,-.001
3.71986,-5.950965E-04,-1.06812E-04,2.33333E-03
3.72086,-2.975482E-04,-5.340599E-05,-6.66667E-04
3.721861,-9.15532E-05,2.059946E-04,-.001
3.722862,1.449594E-04,2.288828E-04,-.001
3.723862,1.06812E-04,2.746601E-04,-.001
3.724863,-2.13624E-04,-3.051781E-05,-.002
3.725863,9.918259E-05,-4.806537E-04,-6.66667E-04
3.726863,-1.297006E-04,-5.645789E-04,-.001
3.727864,-4.043598E-04,-2.822895E-04,-.001
3.728864,-1.907358E-04,-4.57766E-05,.001
3.729865,-1.06812E-04,-7.629441E-05,6.66667E-04
3.730865,-4.653949E-04,-1.831064E-04,.004
3.731866,-2.059946E-04,-3.89101E-04,6.66667E-04
3.732867,-1.220712E-04,-3.814716E-04,-6.66667E-04
3.733867,2.594013E-04,1.297006E-04,.001
3.734868,3.967304E-04,3.12807E-04,-6.66667E-04
3.735868,7.476844E-04,3.662128E-04,-6.66667E-04
3.736868,6.790198E-04,3.051776E-04,6.66667E-04
3.737869,5.645789E-04,7.629441E-05,-.002
3.73887,-1.06812E-04,-2.288828E-04,-6.66667E-04
3.73987,-2.517719E-04,-5.493201E-04,-3.66667E-03
3.74087,-2.28883E-05,-5.798377E-04,.001
3.741871,2.059946E-04,-5.340613E-04,-6.66667E-04
3.742872,4.043598E-04,-4.27248E-04,6.66667E-04
3.743872,9.918259E-05,-1.525891E-05,6.66667E-04
3.744873,3.967304E-04,5.035438E-04,-.002
3.745873,3.051776E-04,6.027259E-04,-.001
3.746873,-3.738422E-04,2.441425E-04,6.66667E-04
3.747874,-4.88285E-04,6.103562E-05,.002
3.748875,-3.585834E-04,3.051781E-05,-.001
3.749875,-2.594013E-04,-1.525891E-05,.001
3.750875,0,-1.449594E-04,-6.66667E-04
3.751876,2.28883E-05,-4.501361E-04,.001
3.752877,6.866502E-05,-1.983652E-04,.001
3.753877,-1.678476E-04,-2.670307E-04,6.66667E-04
3.754878,3.12807E-04,0,-2.33333E-03
3.755878,3.662128E-04,9.918259E-05,-.002
3.756878,1.297006E-04,-1.144414E-04,-6.66667E-04
3.757879,2.822895E-04,9.918259E-05,.001
3.75888,-3.814721E-05,2.212534E-04,-6.66667E-04
3.75988,4.57766E-05,1.3733E-04,-3.66667E-03
3.76088,2.13624E-04,2.059946E-04,6.66667E-04
3.761881,1.983652E-04,5.340613E-04,.001
3.762882,2.059946E-04,5.264319E-04,-.001
3.763882,2.28883E-05,3.967304E-04,.001
3.764883,6.103562E-05,-3.814721E-05,-.002
3.765883,-2.28883E-05,-2.594013E-04,6.66667E-04
3.766883,-1.144414E-04,-1.525888E-04,-6.66667E-04
3.767884,0,-3.280658E-04,-.002
3.768885,-9.15532E-05,-4.119892E-04,.001
3.769885,-1.297006E-04,-3.967304E-04,6.66667E-04
3.770885,-1.907358E-04,-9.15532E-05,-.002
3.771886,-3.50954E-04,-1.06812E-04,-6.66667E-04
3.772887,-4.57766E-05,0,6.66667E-04
3.773887,4.196186E-04,-2.517719E-04,-.001
3.774888,2.746601E-04,4.57766E-05,-6.66667E-04
3.775888,2.594013E-04,1.297006E-04,-6.66667E-04
3.776888,1.449594E-04,3.12807E-04,-2.33333E-03
3.777889,-2.13624E-04,2.13624E-04,-2.33333E-03
3.77889,-3.204364E-04,1.525888E-04,-.001
3.77989,5.340599E-05,3.280658E-04,6.66667E-04
3.78089,-3.051781E-05,4.196186E-04,-6.66667E-04
3.781891,2.594013E-04,4.043598E-04,-6.66667E-04
3.782892,9.15532E-05,5.569495E-04,-.001
3.783892,4.57766E-05,3.662128E-04,-.002
3.784893,6.866502E-05,-1.75477E-04,-.001
3.785893,7.629441E-05,-4.119892E-04,-6.66667E-04
3.786893,-3.50954E-04,-3.204364E-04,-.001
3.787894,-8.392371E-04,-2.13624E-04,-.001
3.788895,-1.22834E-03,2.288828E-04,6.66667E-04
3.789895,-1.419075E-03,-6.866502E-05,-3.66667E-03
3.790895,-1.48011E-03,-4.501361E-04,.001
3.791896,-1.937874E-03,-4.425067E-04,.001
3.792897,-2.769485E-03,-5.645789E-04,-.002
3.793897,-4.097015E-03,-1.907358E-04,6.66667E-04
3.794898,-5.889922E-03,2.594013E-04,6.66667E-04
3.795898,-7.659942E-03,5.950965E-04,.002
3.796898,-8.804381E-03,0,-6.66667E-04
3.797899,-9.361327E-03,-2.13624E-04,.001
3.7989,-9.353697E-03,-5.493201E-04,-2.33333E-03
3.7999,-9.033263E-03,8.392381E-05,6.66667E-04
3.8009,-8.148253E-03,-1.220712E-04,-.001
3.801901,-6.835967E-03,1.602182E-04,.001
3.802902,-5.760223E-03,1.297006E-04,-.001
3.803902,-4.592925E-03,4.57766E-05,-2.33333E-03
3.804903,-3.433242E-03,-7.629453E-06,-.001
3.805903,-2.502456E-03,-2.746601E-04,-.001
3.806903,-1.640327E-03,-1.3733E-04,.001
3.807904,-1.007088E-03,8.392381E-05,-.001
3.808905,-6.790198E-04,3.12807E-04,6.66667E-04
3.809905,-5.111732E-04,4.196186E-04,-6.66667E-04
3.810905,-4.27248E-04,3.051776E-04,-6.66667E-04
3.811906,-1.06812E-04,1.525888E-04,-6.66667E-04
3.812907,3.051776E-04,1.678476E-04,-.001
3.813907,2.670307E-04,2.441425E-04,-.001
3.814908,3.051776E-04,5.188026E-04,6.66667E-04
3.815908,5.340613E-04,4.730243E-04,-.001
3.816908,5.188026E-04,1.983652E-04,-.002
3.817909,2.822895E-04,1.297006E-04,-.001
3.81891,-7.629441E-05,4.57766E-05,6.66667E-04
3.81991,-1.602182E-04,2.670307E-04,-.002
3.82091,-1.525888E-04,1.144414E-04,-.002
3.821911,7.629453E-06,-9.15532E-05,6.66667E-04
3.822912,9.15532E-05,-2.746601E-04,-.002
3.823912,-9.918259E-05,1.678476E-04,-6.66667E-04
3.824913,-1.525888E-04,3.12807E-04,-.002
3.825913,-1.602182E-04,3.662128E-04,-.002
3.826913,4.57766E-05,7.78202E-04,-.002
3.827914,2.975482E-04,4.806537E-04,6.66667E-04
3.828915,2.594013E-04,2.899189E-04,-6.66667E-04
3.829915,2.594013E-04,3.280658E-04,-.001
3.830915,5.340599E-05,4.57766E-05,-.002
3.831916,-2.517719E-04,2.212534E-04,-.002
3.832916,-1.907358E-04,2.594013E-04,-.001
3.833917,-3.204364E-04,2.822895E-04,-6.66667E-04
3.834918,-2.517719E-04,2.670307E-04,6.66667E-04
3.835918,-1.06812E-04,9.15532E-05,-6.66667E-04
3.836918,4.196186E-04,3.051781E-05,.002
3.837919,1.983652E-04,2.975482E-04,-6.66667E-04
3.83892,0,7.095374E-04,-.002
3.83992,2.059946E-04,6.866492E-04,-.001
3.84092,3.89101E-04,6.790198E-04,6.66667E-04
3.841921,4.730243E-04,7.629453E-06,-.002
3.842921,-1.525891E-05,-4.806537E-04,.001
3.843922,2.441425E-04,-2.517719E-04,-.001
3.844923,3.738422E-04,-1.525888E-04,-.001
3.845923,4.577655E-04,-1.06812E-04,6.66667E-04
3.846923,2.670307E-04,9.918259E-05,-.001
3.847924,3.662128E-04,6.866502E-05,-.002
3.848925,3.12807E-04,1.75477E-04,-.001
3.849925,-1.297006E-04,2.517719E-04,-.001
3.850925,1.678476E-04,1.06812E-04,-.002
3.851926,2.059946E-04,9.15532E-05,-.001
3.852926,1.831064E-04,-8.392381E-05,-2.33333E-03
3.853927,2.594013E-04,-3.814716E-04,6.66667E-04
3.854928,3.204364E-04,-2.594013E-04,-6.66667E-04
3.855928,2.594013E-04,-1.525891E-05,-.001
3.856929,1.602182E-04,5.340599E-05,-.002
3.857929,2.059946E-04,1.449594E-04,-6.66667E-04
3.85893,9.918259E-05,3.50954E-04,-.002
3.85993,3.433246E-04,2.288828E-04,.002
3.86093,4.730243E-04,-1.678476E-04,6.66667E-04
3.861931,3.12807E-04,-2.441425E-04,-.002
3.862931,5.493201E-04,-1.678476E-04,-.002
3.863932,3.433246E-04,-5.340599E-05,-.001
3.864933,-4.043598E-04,1.75477E-04,-2.33333E-03
3.865933,-3.356952E-04,-5.340599E-05,-.001
3.866934,9.918259E-05,-1.3733E-04,.002
3.867934,6.485023E-04,-1.06812E-04,-6.66667E-04
3.868935,8.163489E-04,7.629453E-06,.001
3.869935,9.460486E-04,2.594013E-04,-.002
3.870935,4.730243E-04,-2.670307E-04,-.001
3.871936,1.525891E-05,-1.678476E-04,-.001
3.872936,1.678476E-04,9.918259E-05,6.66667E-04
3.873937,4.57766E-05,4.730243E-04,-.001
3.874938,4.730243E-04,3.738422E-04,-.002
3.875938,6.103553E-04,-6.103562E-05,.001
3.876939,4.501361E-04,-2.594013E-04,-2.33333E-03
3.877939,5.340613E-04,3.051781E-05,6.66667E-04
3.87894,3.585834E-04,1.220712E-04,6.66667E-04
3.87994,1.983652E-04,1.602182E-04,-.001
3.88094,3.12807E-04,1.06812E-04,-6.66667E-04
3.881941,-2.441425E-04,3.433246E-04,6.66667E-04
3.882941,-4.501361E-04,5.340613E-04,-6.66667E-04
3.883942,-6.256141E-04,5.569495E-04,-6.66667E-04
3.884943,-3.738422E-04,4.196186E-04,-.001
3.885943,-4.27248E-04,2.441425E-04,-.001
3.886944,-2.288828E-04,5.188026E-04,-6.66667E-04
3.887944,-2.975482E-04,2.899189E-04,6.66667E-04
3.888945,3.814721E-05,-3.051781E-05,-2.33333E-03
3.889945,1.907358E-04,-9.918259E-05,-.001
3.890945,-2.975482E-04,-1.678476E-04,-6.66667E-04
3.891946,-7.629441E-05,9.918259E-05,6.66667E-04
3.892946,-8.392381E-05,-5.340599E-05,-6.66667E-04
3.893947,-3.738422E-04,-7.629453E-06,-3.66667E-03
3.894948,-6.866492E-04,-3.051781E-05,-6.66667E-04
3.895948,-3.662128E-04,1.75477E-04,.001
3.896949,-5.340599E-05,-9.918259E-05,6.66667E-04
3.897949,-1.831064E-04,-1.3733E-04,-.002
3.89895,-1.678476E-04,-2.594013E-04,-.001
3.89995,1.525891E-05,-2.13624E-04,-6.66667E-04
3.90095,-2.28883E-05,-1.907358E-04,6.66667E-04
3.901951,-6.866502E-05,-4.577655E-04,6.66667E-04
3.902952,-1.144414E-04,-3.967304E-04,6.66667E-04
3.903952,-2.517719E-04,-3.356952E-04,-6.66667E-04
3.904953,1.602182E-04,-3.12807E-04,-.002
3.905953,1.144414E-04,-2.822895E-04,-.001
3.906954,-1.449594E-04,-3.204364E-04,-2.33333E-03
3.907954,-2.594013E-04,-1.831064E-04,6.66667E-04
3.908955,-2.746601E-04,-5.340599E-05,-.001
3.909955,-9.15532E-05,-8.392381E-05,-.001
3.910955,1.75477E-04,3.051781E-05,-6.66667E-04
3.911956,-1.220712E-04,1.983652E-04,-.001
3.912957,-2.365122E-04,2.517719E-04,-.001
3.913957,-1.525891E-05,1.75477E-04,-6.66667E-04
3.914958,-3.50954E-04,1.449594E-04,-.001
3.915958,-4.730243E-04,-2.822895E-04,-.001
3.916959,-4.425067E-04,-3.12807E-04,-6.66667E-04
3.917959,-7.629432E-04,-1.06812E-04,6.66667E-04
3.91896,-3.738422E-04,-1.678476E-04,3.66667E-03
3.91996,1.06812E-04,2.28883E-05,-2.33333E-03
3.92096,-1.525891E-05,1.678476E-04,6.66667E-04
3.921961,-1.3733E-04,2.594013E-04,-.002
3.922962,2.288828E-04,3.662128E-04,-6.66667E-04
3.923962,6.866502E-05,1.525888E-04,-.002
3.924963,2.28883E-05,-3.814721E-05,.002
3.925963,-1.06812E-04,-1.297006E-04,-6.66667E-04
3.926964,-9.15532E-05,-2.441425E-04,.001
3.927964,3.433246E-04,-3.433246E-04,6.66667E-04
3.928965,4.119892E-04,-6.256141E-04,-.002
3.929965,5.874671E-04,-4.348774E-04,.001
3.930965,8.087195E-04,-4.577655E-04,-6.66667E-04
3.931966,3.433246E-04,-8.392381E-05,-6.66667E-04
3.932967,1.525888E-04,1.602182E-04,-6.66667E-04
3.933967,-5.340599E-05,4.348774E-04,6.66667E-04
3.934968,-6.866502E-05,2.517719E-04,-6.66667E-04
3.935968,-4.88285E-04,-9.15532E-05,-.001
3.936969,-4.806537E-04,1.602182E-04,-6.66667E-04
3.937969,-2.365122E-04,-3.051781E-05,-2.33333E-03
3.93897,1.831064E-04,-6.103562E-05,-.001
3.93997,2.13624E-04,8.392381E-05,6.66667E-04
3.94097,1.525888E-04,3.738422E-04,6.66667E-04
3.941971,1.220712E-04,1.75477E-04,.002
3.942972,-1.831064E-04,3.967304E-04,-.002
3.943972,-1.449594E-04,1.678476E-04,-6.66667E-04
3.944973,7.629441E-05,-1.220712E-04,-6.66667E-04
3.945973,-1.525891E-05,7.629441E-05,-6.66667E-04
3.946974,-3.204364E-04,2.13624E-04,-.001
3.947974,-3.356952E-04,5.874671E-04,.001
3.948975,-3.50954E-04,2.059946E-04,6.66667E-04
3.949975,-3.051776E-04,-1.3733E-04,-2.33333E-03
3.950975,-2.822895E-04,1.525888E-04,.001
3.951976,1.449594E-04,4.501361E-04,6.66667E-04
3.952977,1.602182E-04,3.814716E-04,-3.66667E-03
3.953977,3.50954E-04,7.629441E-05,.002
3.954978,4.27248E-04,3.051781E-05,-6.66667E-04
3.955978,2.365122E-04,9.918259E-05,-.002
3.956979,3.814716E-04,2.365122E-04,-3.66667E-03
3.957979,6.561317E-04,3.662128E-04,-.002
3.95898,8.316077E-04,2.212534E-04,.001
3.95998,4.501361E-04,-5.340599E-05,-.001
3.96098,2.059946E-04,2.28883E-05,.001
3.961981,-3.051781E-05,-6.103562E-05,6.66667E-04
3.962982,-5.340599E-05,-5.493201E-04,.001
3.963982,1.449594E-04,-4.959144E-04,-6.66667E-04
3.964983,9.15532E-05,-2.365122E-04,-6.66667E-04
3.965983,-9.15532E-05,-1.75477E-04,-.001
3.966984,-3.814721E-05,-3.738422E-04,-.002
3.967984,1.525888E-04,-3.356952E-04,.001
3.968985,3.433246E-04,4.425067E-04,-.001
3.969985,3.12807E-04,6.103553E-04,-.002
3.970985,4.959144E-04,2.899189E-04,-6.66667E-04
3.971986,5.798377E-04,6.103562E-05,-3.66667E-03
3.972987,1.831064E-04,2.288828E-04,-.002
3.973987,1.220712E-04,-2.28883E-05,.001
3.974988,3.051781E-05,3.814721E-05,-.002
3.975988,-2.28883E-05,1.144414E-04,6.66667E-04
3.976989,3.051781E-05,2.746601E-04,-.001
3.977989,-1.525888E-04,3.814716E-04,-6.66667E-04
3.97899,2.899189E-04,2.28883E-05,-.001
3.97999,2.899189E-04,-2.441425E-04,6.66667E-04
3.98099,1.907358E-04,-2.670307E-04,6.66667E-04
3.981991,-1.983652E-04,-9.918259E-05,-.001
3.982992,-3.585834E-04,-1.983652E-04,-.001
3.983992,-3.051781E-05,-3.433246E-04,6.66667E-04
3.984993,3.814721E-05,8.392381E-05,.002
3.985993,9.918259E-05,-2.13624E-04,-.002
3.986994,7.629453E-06,-6.561317E-04,-6.66667E-04
3.987994,2.059946E-04,-8.239783E-04,.002
3.988995,1.831064E-04,-7.40055E-04,-.002
3.989995,-2.13624E-04,-5.340613E-04,-6.66667E-04
3.990995,-2.517719E-04,-1.3733E-04,6.66667E-04
3.991996,-3.280658E-04,1.220712E-04,-.001
3.992997,4.57766E-05,2.059946E-04,-.002
3.993997,-8.392381E-05,-3.738422E-04,6.66667E-04
3.994998,5.111732E-04,-6.713904E-04,-6.66667E-04
3.995998,4.806537E-04,-2.822895E-04,6.66667E-04
3.996999,4.501361E-04,-8.392381E-05,-.002
3.997999,1.907358E-04,3.356952E-04,-6.66667E-04
3.999,3.051776E-04,2.517719E-04,.001
4,5.874671E-04,-3.585834E-04,6.66667E-04
