"c:\users\esrlabn1\desktop\bence\ir_spectroscopy\532nm_odmr\magnet_map_1_680nm\073.dat  ---  04-27-2026 14:22:53"
""
"cavityli 20 2 4 2000 1 0 0"
"                             ;                             ;seth_xesr_precise 325.8 1 0 -2.5"
"setlockin 188.67 0.004 0 0.03 0.2"
4,2000
2,9.918259E-05,7.629453E-06,-6.66667E-04
2.001,1.3733E-04,-1.220712E-04,-.001
2.002001,-3.814721E-05,-3.967304E-04,.001
2.003001,-2.365122E-04,-1.75477E-04,-6.66667E-04
2.004002,-1.449594E-04,6.866502E-05,-6.66667E-04
2.005002,-3.967304E-04,1.678476E-04,-6.66667E-04
2.006003,-5.264319E-04,6.103553E-04,-6.66667E-04
2.007004,-5.950965E-04,3.12807E-04,-2.33333E-03
2.008004,-4.501361E-04,-1.297006E-04,-2.33333E-03
2.009005,-3.433246E-04,-5.569495E-04,-.002
2.010005,-4.043598E-04,-9.231605E-04,-.001
2.011005,-4.348774E-04,-7.40055E-04,-6.66667E-04
2.012006,-1.167305E-03,-5.264319E-04,.001
2.013006,-1.739509E-03,-4.119892E-04,-6.66667E-04
2.014007,-2.273574E-03,-2.059946E-04,.002
2.015007,-3.021255E-03,-3.585834E-04,.001
2.016008,-4.074126E-03,-9.15532E-05,-.001
2.017009,-5.096465E-03,-3.12807E-04,-.002
2.018009,-6.55368E-03,2.28883E-05,-6.66667E-04
2.01901,-8.491576E-03,7.629453E-06,-.002
2.02001,-1.022345E-02,9.918259E-05,-3.66667E-03
2.02101,-1.148993E-02,-4.348774E-04,6.66667E-04
2.022011,-1.183325E-02,-8.850135E-04,6.66667E-04
2.023011,-.0118714,-7.553138E-04,6.66667E-04
2.024012,-1.125342E-02,-4.806537E-04,-6.66667E-04
2.025012,-1.024634E-02,-3.738422E-04,-6.66667E-04
2.026013,-8.926451E-03,3.051781E-05,-.001
2.027014,-7.377654E-03,-6.866502E-05,2.33333E-03
2.028014,-6.446868E-03,-5.340599E-05,.001
2.029015,-5.378753E-03,-2.28883E-05,-6.66667E-04
2.030015,-4.142791E-03,1.06812E-04,6.66667E-04
2.031015,-3.112808E-03,1.831064E-04,-.002
2.032016,-1.777656E-03,-1.907358E-04,-.001
2.033016,-8.239783E-04,-1.907358E-04,-6.66667E-04
2.034017,-9.53678E-04,-6.103562E-05,-.001
2.035017,-1.327522E-03,-6.103562E-05,6.66667E-04
2.036018,-6.866492E-04,-2.670307E-04,-2.33333E-03
2.037019,-3.89101E-04,-1.678476E-04,-6.66667E-04
2.038019,-4.959144E-04,-1.06812E-04,.001
2.03902,-4.27248E-04,-1.220712E-04,.001
2.04002,-6.408729E-04,-1.3733E-04,-.001
2.04102,-7.629441E-05,1.678476E-04,-.001
2.042021,7.629441E-05,1.449594E-04,-6.66667E-04
2.043021,-3.051776E-04,-2.13624E-04,-3.66667E-03
2.044022,-5.340613E-04,-1.06812E-04,-6.66667E-04
2.045022,-4.730243E-04,-1.525888E-04,-6.66667E-04
2.046023,-2.212534E-04,-4.27248E-04,-.004
2.047024,-2.059946E-04,-3.738422E-04,6.66667E-04
2.048024,-1.220712E-04,-5.340599E-05,.001
2.049025,-4.57766E-05,-1.525888E-04,.001
2.050025,-2.746601E-04,-2.288828E-04,-6.66667E-04
2.051026,-1.525891E-05,-1.525888E-04,-2.33333E-03
2.052026,1.220712E-04,-7.629453E-06,6.66667E-04
2.053026,-1.525888E-04,9.15532E-05,2.33333E-03
2.054027,-5.111732E-04,2.288828E-04,-.002
2.055027,-5.416907E-04,5.340599E-05,-3.66667E-03
2.056028,-4.27248E-04,1.525891E-05,-6.66667E-04
2.057029,-4.57766E-05,1.983652E-04,-6.66667E-04
2.058029,1.525888E-04,-1.525891E-05,-.001
2.05903,7.629453E-06,-9.15532E-05,-2.33333E-03
2.06003,1.831064E-04,-1.525891E-05,-.001
2.061031,7.629453E-06,-1.678476E-04,6.66667E-04
2.062031,1.75477E-04,-1.449594E-04,-2.33333E-03
2.063031,2.13624E-04,-1.983652E-04,6.66667E-04
2.064032,3.662128E-04,-2.212534E-04,.001
2.065032,6.63761E-04,0,-.001
2.066033,6.256141E-04,2.822895E-04,.001
2.067034,3.738422E-04,1.06812E-04,-2.33333E-03
2.068034,-3.814721E-05,1.297006E-04,6.66667E-04
2.069035,-5.111732E-04,1.907358E-04,-3.66667E-03
2.070035,-6.027259E-04,2.212534E-04,6.66667E-04
2.071036,-2.899189E-04,3.662128E-04,.001
2.072036,-7.629441E-05,-1.602182E-04,6.66667E-04
2.073036,-1.449594E-04,-9.15532E-05,.001
2.074037,-1.907358E-04,-2.13624E-04,-6.66667E-04
2.075037,-3.051776E-04,-2.899189E-04,2.33333E-03
2.076038,1.3733E-04,-1.983652E-04,-.002
2.077039,3.967304E-04,-2.899189E-04,-.002
2.078039,2.975482E-04,-6.866502E-05,6.66667E-04
2.07904,4.27248E-04,-3.50954E-04,-6.66667E-04
2.08004,2.059946E-04,-3.280658E-04,2.33333E-03
2.081041,1.907358E-04,7.629453E-06,.002
2.082041,5.340613E-04,-1.75477E-04,-6.66667E-04
2.083041,3.738422E-04,-5.035438E-04,.001
2.084042,2.365122E-04,-2.517719E-04,-6.66667E-04
2.085042,1.06812E-04,-3.051781E-05,6.66667E-04
2.086043,9.918259E-05,1.220712E-04,.001
2.087044,1.297006E-04,3.50954E-04,.001
2.088044,6.866502E-05,1.983652E-04,-6.66667E-04
2.089045,-1.144414E-04,-1.297006E-04,-6.66667E-04
2.090045,-1.144414E-04,-1.602182E-04,-.002
2.091046,2.441425E-04,2.28883E-05,-.001
2.092046,-2.28883E-05,4.196186E-04,-.001
2.093046,3.814721E-05,4.806537E-04,-.001
2.094047,-9.15532E-05,5.340613E-04,-.001
2.095047,-2.365122E-04,2.746601E-04,-6.66667E-04
2.096048,-1.602182E-04,-2.594013E-04,-.001
2.097049,-5.340599E-05,-2.899189E-04,-6.66667E-04
2.098049,7.629453E-06,1.144414E-04,-6.66667E-04
2.09905,1.525891E-05,2.517719E-04,-.002
2.10005,1.907358E-04,6.942786E-04,-.001
2.101051,2.594013E-04,4.425067E-04,-.002
2.102051,2.059946E-04,9.918259E-05,-.001
2.103051,3.051781E-05,-2.670307E-04,-.001
2.104052,2.746601E-04,-5.493201E-04,.002
2.105052,2.212534E-04,-1.449594E-04,.001
2.106053,4.043598E-04,5.340599E-05,-3.66667E-03
2.107054,2.441425E-04,9.15532E-05,6.66667E-04
2.108054,-1.75477E-04,2.13624E-04,6.66667E-04
2.109055,-4.653949E-04,2.899189E-04,-6.66667E-04
2.110055,-6.713904E-04,1.602182E-04,.001
2.111056,-6.332435E-04,2.059946E-04,6.66667E-04
2.112056,-1.449594E-04,3.051776E-04,.002
2.113056,-6.103562E-05,4.348774E-04,.001
2.114057,2.28883E-05,4.27248E-04,-2.33333E-03
2.115057,7.629441E-05,-2.28883E-05,.001
2.116058,-6.866502E-05,-9.918259E-05,-.001
2.117059,-4.88285E-04,1.525888E-04,-.001
2.118059,-3.585834E-04,1.220712E-04,-.001
2.11906,2.28883E-05,2.288828E-04,.001
2.12006,-7.629453E-06,2.288828E-04,-.001
2.121061,-2.059946E-04,-1.983652E-04,.001
2.122061,-4.959144E-04,-2.517719E-04,-.002
2.123062,-2.059946E-04,4.57766E-05,-6.66667E-04
2.124062,1.831064E-04,-1.297006E-04,6.66667E-04
2.125062,2.059946E-04,-5.340599E-05,-.001
2.126063,3.662128E-04,0,.001
2.127064,6.713904E-04,2.975482E-04,6.66667E-04
2.128064,6.866492E-04,3.12807E-04,-.001
2.129065,3.50954E-04,1.678476E-04,-.001
2.130065,4.57766E-05,1.602182E-04,-.001
2.131066,0,3.051781E-05,-.001
2.132066,2.441425E-04,-4.57766E-05,-6.66667E-04
2.133067,3.662128E-04,-1.602182E-04,6.66667E-04
2.134067,3.356952E-04,-1.220712E-04,-.002
2.135067,6.256141E-04,-2.441425E-04,-.001
2.136068,5.111732E-04,-1.3733E-04,6.66667E-04
2.137069,1.678476E-04,-8.392381E-05,6.66667E-04
2.138069,1.06812E-04,-1.525891E-05,6.66667E-04
2.13907,-2.288828E-04,7.629441E-05,-5.33333E-03
2.14007,-2.13624E-04,4.119892E-04,.001
2.141071,3.814721E-05,3.051776E-04,-.001
2.142071,-3.051781E-05,2.365122E-04,-6.66667E-04
2.143072,-1.525891E-05,4.119892E-04,-6.66667E-04
2.144072,0,4.043598E-04,-.001
2.145072,4.196186E-04,1.525891E-05,-6.66667E-04
2.146073,1.907358E-04,-6.866502E-05,-.002
2.147074,2.365122E-04,0,-.002
2.148074,6.027259E-04,3.89101E-04,6.66667E-04
2.149075,3.662128E-04,7.629441E-05,-.001
2.150075,4.806537E-04,-3.814721E-05,.002
2.151076,2.975482E-04,-1.3733E-04,-6.66667E-04
2.152076,1.678476E-04,-1.449594E-04,6.66667E-04
2.153077,1.831064E-04,-9.15532E-05,-.002
2.154077,3.967304E-04,-1.525888E-04,-.002
2.155077,-8.392381E-05,-3.433246E-04,.001
2.156078,-1.75477E-04,-7.629453E-06,2.33333E-03
2.157079,-1.449594E-04,2.059946E-04,-6.66667E-04
2.158079,-1.678476E-04,2.212534E-04,-.001
2.15908,-1.525891E-05,-1.220712E-04,.001
2.16008,1.525888E-04,4.57766E-05,.001
2.161081,2.517719E-04,-1.144414E-04,.001
2.162081,5.798377E-04,4.577655E-04,-6.66667E-04
2.163082,7.171668E-04,5.188026E-04,6.66667E-04
2.164082,5.264319E-04,7.324256E-04,-6.66667E-04
2.165082,1.831064E-04,7.78202E-04,-.002
2.166083,2.746601E-04,6.256141E-04,.002
2.167084,3.50954E-04,5.798377E-04,-6.66667E-04
2.168084,2.822895E-04,6.332435E-04,-.002
2.169085,-4.57766E-05,4.196186E-04,-.001
2.170085,1.75477E-04,-1.449594E-04,-.001
2.171086,4.119892E-04,-3.204364E-04,-6.66667E-04
2.172086,3.12807E-04,-6.866502E-05,-6.66667E-04
2.173087,-2.594013E-04,2.975482E-04,-6.66667E-04
2.174087,-1.449594E-04,8.392381E-05,-.002
2.175087,6.103562E-05,2.594013E-04,-.002
2.176088,1.06812E-04,7.629453E-06,-.001
2.177088,1.3733E-04,3.204364E-04,6.66667E-04
2.178089,4.57766E-05,6.942786E-04,-.002
2.17909,-5.340599E-05,5.264319E-04,6.66667E-04
2.18009,-1.06812E-04,1.983652E-04,-6.66667E-04
2.181091,9.918259E-05,2.059946E-04,6.66667E-04
2.182091,-6.866502E-05,-2.28883E-05,.002
2.183092,-2.517719E-04,-2.28883E-05,-.002
2.184092,-3.204364E-04,-1.06812E-04,-.002
2.185092,-3.585834E-04,4.57766E-05,-6.66667E-04
2.186093,-2.059946E-04,3.967304E-04,-.002
2.187093,-1.907358E-04,6.866502E-05,-6.66667E-04
2.188094,-2.365122E-04,0,-.001
2.189095,-1.983652E-04,3.12807E-04,-.002
2.190095,-1.449594E-04,4.196186E-04,-.001
2.191096,-2.746601E-04,9.15532E-05,6.66667E-04
2.192096,2.28883E-05,-9.15532E-05,-.002
2.193097,2.594013E-04,6.866502E-05,-.001
2.194097,4.577655E-04,1.144414E-04,-6.66667E-04
2.195097,1.3733E-04,-5.340599E-05,6.66667E-04
2.196098,-2.28883E-05,-8.392381E-05,-.002
2.197098,-9.918259E-05,-3.051781E-05,6.66667E-04
2.198099,-5.340599E-05,4.57766E-05,-6.66667E-04
2.1991,2.441425E-04,-2.28883E-05,-.001
2.2001,3.12807E-04,3.051781E-05,-.002
2.201101,5.188026E-04,4.57766E-05,-2.33333E-03
2.202101,5.950965E-04,-5.340599E-05,-6.66667E-04
2.203102,2.746601E-04,-5.340599E-05,-.001
2.204102,-3.814721E-05,1.525891E-05,-6.66667E-04
2.205102,1.831064E-04,1.220712E-04,-.001
2.206103,3.662128E-04,1.449594E-04,6.66667E-04
2.207103,3.967304E-04,1.831064E-04,-.002
2.208104,-2.288828E-04,1.220712E-04,-.001
2.209105,-3.662128E-04,1.525888E-04,-.001
2.210105,-2.13624E-04,3.89101E-04,-6.66667E-04
2.211106,7.629453E-06,1.525891E-05,.002
2.212106,7.629453E-06,-1.297006E-04,-6.66667E-04
2.213107,-3.814716E-04,9.918259E-05,.001
2.214107,-1.907358E-04,3.967304E-04,.001
2.215107,-2.899189E-04,3.280658E-04,6.66667E-04
2.216108,-1.449594E-04,1.525888E-04,-6.66667E-04
2.217108,-7.629453E-06,-4.57766E-05,6.66667E-04
2.218109,-1.983652E-04,-8.392381E-05,6.66667E-04
2.21911,4.57766E-05,0,.001
2.22011,1.449594E-04,-1.75477E-04,6.66667E-04
2.221111,2.670307E-04,-1.144414E-04,-6.66667E-04
2.222111,1.297006E-04,-3.50954E-04,6.66667E-04
2.223112,-7.629441E-05,-4.57766E-05,-.001
2.224112,-5.340599E-05,1.525888E-04,-6.66667E-04
2.225112,3.204364E-04,1.907358E-04,-.001
2.226113,3.662128E-04,8.392381E-05,-6.66667E-04
2.227113,2.746601E-04,-3.50954E-04,-5.33333E-03
2.228114,2.594013E-04,-4.501361E-04,-.001
2.229115,2.212534E-04,-1.220712E-04,.001
2.230115,2.28883E-05,5.340599E-05,-.001
2.231116,-1.3733E-04,1.678476E-04,-.002
2.232116,-1.831064E-04,4.57766E-05,-2.33333E-03
2.233117,-3.662128E-04,9.918259E-05,.001
2.234117,-2.288828E-04,5.264319E-04,6.66667E-04
2.235118,-4.043598E-04,2.899189E-04,-.002
2.236118,-2.670307E-04,-1.144414E-04,-.002
2.237118,-1.06812E-04,-1.983652E-04,-.002
2.238119,0,-2.212534E-04,-6.66667E-04
2.23912,3.12807E-04,-2.975482E-04,-.002
2.24012,9.15532E-05,-4.57766E-05,6.66667E-04
2.241121,-2.822895E-04,5.264319E-04,-6.66667E-04
2.242121,-1.75477E-04,7.324256E-04,6.66667E-04
2.243122,-1.602182E-04,7.705726E-04,6.66667E-04
2.244122,-2.13624E-04,3.433246E-04,-.001
2.245123,-1.831064E-04,2.594013E-04,-.002
2.246123,-3.051781E-05,2.670307E-04,-.001
2.247123,-1.06812E-04,1.220712E-04,-3.66667E-03
2.248124,-1.06812E-04,-1.297006E-04,6.66667E-04
2.249125,-8.392381E-05,8.392381E-05,-.001
2.250125,-3.12807E-04,4.501361E-04,.001
2.251126,-2.059946E-04,7.01908E-04,6.66667E-04
2.252126,-1.06812E-04,6.332435E-04,.001
2.253127,-1.449594E-04,5.645789E-04,-6.66667E-04
2.254127,-3.814721E-05,7.858314E-04,.001
2.255128,6.866502E-05,5.798377E-04,-6.66667E-04
2.256128,3.12807E-04,3.967304E-04,-6.66667E-04
2.257128,1.144414E-04,-3.204364E-04,-.001
2.258129,-3.814721E-05,-7.40055E-04,6.66667E-04
2.25913,2.746601E-04,-6.790198E-04,-6.66667E-04
2.26013,4.806537E-04,-4.27248E-04,-6.66667E-04
2.261131,4.730243E-04,-3.433246E-04,6.66667E-04
2.262131,4.730243E-04,-3.814716E-04,-6.66667E-04
2.263132,-3.051781E-05,7.629453E-06,-.001
2.264132,-2.13624E-04,3.280658E-04,-3.66667E-03
2.265133,-5.340599E-05,5.950965E-04,.001
2.266133,1.678476E-04,3.50954E-04,.001
2.267133,4.88285E-04,2.517719E-04,-6.66667E-04
2.268134,3.585834E-04,2.059946E-04,.001
2.269135,-1.525891E-05,3.662128E-04,-6.66667E-04
2.270135,-7.629441E-05,2.594013E-04,-.002
2.271136,-2.670307E-04,2.28883E-05,-.001
2.272136,-3.051776E-04,-1.06812E-04,6.66667E-04
2.273137,-2.746601E-04,-6.103562E-05,-.002
2.274137,-5.722083E-04,8.392381E-05,6.66667E-04
2.275138,-5.111732E-04,-1.06812E-04,6.66667E-04
2.276138,-3.662128E-04,6.866502E-05,6.66667E-04
2.277139,-1.220712E-04,-1.06812E-04,-.002
2.278139,-1.75477E-04,1.144414E-04,-2.33333E-03
2.27914,-4.119892E-04,3.12807E-04,-6.66667E-04
2.28014,-5.188026E-04,1.983652E-04,6.66667E-04
2.281141,-5.722083E-04,2.594013E-04,-.002
2.282141,-3.280658E-04,1.678476E-04,-.001
2.283142,2.365122E-04,4.348774E-04,-6.66667E-04
2.284142,5.874671E-04,2.517719E-04,-.002
2.285143,5.111732E-04,-5.340599E-05,-6.66667E-04
2.286143,6.179847E-04,-1.525888E-04,-.001
2.287144,4.119892E-04,4.57766E-05,-6.66667E-04
2.288144,7.629441E-05,1.525891E-05,-.001
2.289145,9.15532E-05,-2.899189E-04,-6.66667E-04
2.290145,-6.103562E-05,-2.746601E-04,6.66667E-04
2.291146,-9.15532E-05,-2.670307E-04,-.001
2.292146,-3.662128E-04,-2.365122E-04,-6.66667E-04
2.293147,-1.602182E-04,-3.204364E-04,.001
2.294147,-9.918259E-05,-4.806537E-04,-2.33333E-03
2.295148,-1.06812E-04,-6.790198E-04,-.002
2.296148,-8.392381E-05,-7.324256E-04,6.66667E-04
2.297149,-6.866502E-05,-2.670307E-04,.001
2.298149,1.144414E-04,-5.340599E-05,-.002
2.29915,2.059946E-04,9.918259E-05,-.001
2.30015,-1.75477E-04,1.525891E-05,-6.66667E-04
2.301151,-6.103553E-04,0,-.001
2.302151,-4.196186E-04,-2.746601E-04,-6.66667E-04
2.303152,-3.051776E-04,-8.392381E-05,-.001
2.304152,-1.449594E-04,-1.449594E-04,6.66667E-04
2.305153,4.57766E-05,6.103562E-05,.002
2.306153,6.866502E-05,2.059946E-04,-.002
2.307154,-1.06812E-04,1.602182E-04,-.002
2.308154,-1.3733E-04,7.629453E-06,-.002
2.309155,1.449594E-04,1.983652E-04,-6.66667E-04
2.310155,2.13624E-04,1.449594E-04,-.001
2.311156,-5.340599E-05,3.814721E-05,-.001
2.312156,-4.57766E-05,2.441425E-04,-2.33333E-03
2.313157,1.220712E-04,1.144414E-04,6.66667E-04
2.314157,2.670307E-04,2.28883E-05,-6.66667E-04
2.315158,3.12807E-04,9.918259E-05,6.66667E-04
2.316158,1.525888E-04,2.059946E-04,.001
2.317159,3.051781E-05,8.392381E-05,-.001
2.318159,8.392381E-05,-3.204364E-04,-.001
2.31916,5.264319E-04,-3.738422E-04,-2.33333E-03
2.32016,3.356952E-04,-1.75477E-04,-.001
2.321161,-1.297006E-04,-8.392381E-05,-.002
2.322161,1.3733E-04,-1.06812E-04,-6.66667E-04
2.323162,9.15532E-05,7.629441E-05,-6.66667E-04
2.324162,2.822895E-04,-2.28883E-05,-.001
2.325163,2.059946E-04,-5.340599E-05,-.002
2.326163,-1.144414E-04,-2.670307E-04,-6.66667E-04
2.327164,-1.75477E-04,-9.918259E-05,-.001
2.328164,-5.340599E-05,-1.525888E-04,6.66667E-04
2.329165,-2.670307E-04,-1.983652E-04,6.66667E-04
2.330165,-4.959144E-04,-4.806537E-04,6.66667E-04
2.331166,-1.525888E-04,-3.204364E-04,6.66667E-04
2.332166,7.629453E-06,-3.738422E-04,-.002
2.333167,-2.670307E-04,-4.88285E-04,.002
2.334167,-1.907358E-04,-1.602182E-04,6.66667E-04
2.335168,-2.975482E-04,4.57766E-05,-6.66667E-04
2.336168,-1.144414E-04,-2.28883E-05,-6.66667E-04
2.337169,-2.517719E-04,0,-6.66667E-04
2.338169,-3.738422E-04,2.899189E-04,-.001
2.33917,-6.103553E-04,2.212534E-04,6.66667E-04
2.34017,-6.561317E-04,2.059946E-04,-.001
2.341171,-7.171668E-04,4.119892E-04,6.66667E-04
2.342171,-5.569495E-04,4.730243E-04,6.66667E-04
2.343172,-2.212534E-04,1.525888E-04,-.001
2.344172,-5.340613E-04,-1.525891E-05,-.001
2.345173,-3.204364E-04,-1.983652E-04,.001
2.346173,-4.806537E-04,-9.15532E-05,-6.66667E-04
2.347174,-4.27248E-04,-2.594013E-04,6.66667E-04
2.348174,6.866502E-05,-5.645789E-04,6.66667E-04
2.349174,3.051781E-05,-4.043598E-04,-6.66667E-04
2.350175,9.918259E-05,5.340599E-05,-2.33333E-03
2.351176,1.907358E-04,-9.918259E-05,-6.66667E-04
2.352176,-1.525891E-05,-1.525888E-04,-6.66667E-04
2.353177,-2.670307E-04,-2.670307E-04,.001
2.354177,-2.670307E-04,-2.441425E-04,-2.33333E-03
2.355178,1.831064E-04,-1.220712E-04,6.66667E-04
2.356178,4.196186E-04,-7.629453E-06,-6.66667E-04
2.357179,2.517719E-04,-7.629441E-05,-.001
2.358179,1.297006E-04,1.525888E-04,-.001
2.359179,1.907358E-04,2.212534E-04,-.002
2.36018,2.059946E-04,-1.3733E-04,-3.66667E-03
2.361181,9.918259E-05,-3.50954E-04,-6.66667E-04
2.362181,0,-2.365122E-04,6.66667E-04
2.363182,-6.866502E-05,3.12807E-04,-.002
2.364182,-2.517719E-04,1.831064E-04,-6.66667E-04
2.365183,-2.13624E-04,1.678476E-04,.001
2.366183,3.051776E-04,-3.50954E-04,6.66667E-04
2.367184,6.561317E-04,-6.790198E-04,-6.66667E-04
2.368184,3.662128E-04,-6.256141E-04,-6.66667E-04
2.369184,2.822895E-04,-6.866492E-04,-.001
2.370185,2.517719E-04,-5.798377E-04,-2.33333E-03
2.371186,-4.57766E-05,-9.918259E-05,-6.66667E-04
2.372186,-1.602182E-04,3.204364E-04,-2.33333E-03
2.373187,-2.212534E-04,3.12807E-04,6.66667E-04
2.374187,-2.13624E-04,3.280658E-04,6.66667E-04
2.375188,-5.340599E-05,2.059946E-04,3.66667E-03
2.376188,1.220712E-04,-9.918259E-05,-6.66667E-04
2.377189,2.899189E-04,-2.441425E-04,-3.66667E-03
2.378189,9.918259E-05,-3.967304E-04,-6.66667E-04
2.379189,-4.501361E-04,-5.645789E-04,2.33333E-03
2.38019,-8.316077E-04,-6.408729E-04,-6.66667E-04
2.381191,-3.967304E-04,-2.288828E-04,-6.66667E-04
2.382191,-9.15532E-05,7.629453E-06,.002
2.383192,4.57766E-05,-3.051781E-05,-6.66667E-04
2.384192,1.831064E-04,-1.220712E-04,6.66667E-04
2.385193,4.806537E-04,3.12807E-04,-6.66667E-04
2.386193,1.75477E-04,-6.866502E-05,6.66667E-04
2.387194,-1.602182E-04,7.629453E-06,-2.33333E-03
2.388194,3.12807E-04,-1.525891E-05,.001
2.389194,4.577655E-04,-1.831064E-04,6.66667E-04
2.390195,4.196186E-04,-1.602182E-04,-.002
2.391196,9.15532E-05,-2.594013E-04,-.001
2.392196,2.28883E-05,-1.525888E-04,-.001
2.393197,-1.602182E-04,0,-.002
2.394197,-4.27248E-04,9.15532E-05,-6.66667E-04
2.395198,-3.814721E-05,1.525891E-05,.001
2.396198,3.051781E-05,2.288828E-04,-6.66667E-04
2.397199,1.75477E-04,6.332435E-04,-.001
2.398199,5.340599E-05,5.874671E-04,-6.66667E-04
2.399199,2.975482E-04,3.051776E-04,-6.66667E-04
2.4002,2.13624E-04,-4.57766E-05,-6.66667E-04
2.401201,3.051781E-05,-1.678476E-04,-.001
2.402201,-1.678476E-04,-1.3733E-04,-6.66667E-04
2.403202,1.983652E-04,-7.629441E-05,-.001
2.404202,1.144414E-04,1.3733E-04,.001
2.405203,1.75477E-04,1.3733E-04,-.002
2.406203,1.449594E-04,-9.918259E-05,6.66667E-04
2.407204,1.144414E-04,-2.441425E-04,-6.66667E-04
2.408204,1.525888E-04,-3.50954E-04,-.002
2.409204,-1.525888E-04,-5.111732E-04,-.002
2.410205,-7.095374E-04,-7.095374E-04,.001
2.411206,-5.035438E-04,-6.332435E-04,-6.66667E-04
2.412206,1.75477E-04,-8.850135E-04,-2.33333E-03
2.413207,5.950965E-04,-5.493201E-04,.002
2.414207,5.340613E-04,-2.365122E-04,-.001
2.415208,2.594013E-04,-1.983652E-04,6.66667E-04
2.416208,-2.670307E-04,-2.822895E-04,-.001
2.417209,-3.051781E-05,0,-.002
2.418209,-1.602182E-04,9.15532E-05,.002
2.41921,6.866502E-05,-1.678476E-04,.001
2.42021,4.425067E-04,-2.365122E-04,6.66667E-04
2.421211,5.493201E-04,-1.144414E-04,2.33333E-03
2.422211,1.983652E-04,-9.15532E-05,-.001
2.423212,1.525888E-04,-6.103562E-05,-.002
2.424212,2.594013E-04,5.798377E-04,-.001
2.425213,2.594013E-04,6.179847E-04,-6.66667E-04
2.426213,1.525888E-04,2.059946E-04,-.002
2.427214,1.06812E-04,1.907358E-04,-3.66667E-03
2.428214,3.356952E-04,-2.13624E-04,-.001
2.429215,1.525891E-05,-3.814716E-04,-6.66667E-04
2.430215,1.525891E-05,-5.188026E-04,-.001
2.431216,1.220712E-04,-4.043598E-04,-6.66667E-04
2.432216,-3.051781E-05,-8.392381E-05,-.002
2.433217,-1.831064E-04,-9.15532E-05,6.66667E-04
2.434217,2.365122E-04,1.144414E-04,6.66667E-04
2.435218,2.365122E-04,-1.983652E-04,-.002
2.436218,-4.57766E-05,-5.264319E-04,-.001
2.437219,0,-3.280658E-04,.001
2.438219,2.28883E-05,5.340599E-05,6.66667E-04
2.43922,3.051776E-04,-2.212534E-04,.002
2.44022,1.525891E-05,-3.738422E-04,.001
2.441221,-5.340599E-05,-6.179847E-04,-6.66667E-04
2.442221,-1.449594E-04,-6.256141E-04,-6.66667E-04
2.443222,-3.356952E-04,-3.662128E-04,-6.66667E-04
2.444222,-3.204364E-04,-1.602182E-04,-2.33333E-03
2.445223,-1.525891E-05,-1.449594E-04,-.001
2.446223,-4.57766E-05,-2.594013E-04,-.001
2.447224,1.831064E-04,-3.585834E-04,6.66667E-04
2.448224,1.907358E-04,-1.602182E-04,-.001
2.449225,2.594013E-04,-3.967304E-04,.002
2.450225,9.918259E-05,-5.340613E-04,-.004
2.451226,-2.059946E-04,-5.416907E-04,-6.66667E-04
2.452226,-2.288828E-04,-5.416907E-04,-6.66667E-04
2.453227,-2.822895E-04,-2.746601E-04,-6.66667E-04
2.454227,-2.822895E-04,-2.594013E-04,.001
2.455228,-1.449594E-04,-3.051781E-05,6.66667E-04
2.456228,-7.629441E-05,-1.75477E-04,-.002
2.457229,-1.449594E-04,-4.196186E-04,-.001
2.458229,-1.449594E-04,-5.722083E-04,6.66667E-04
2.45923,-1.449594E-04,-4.196186E-04,.001
2.46023,-1.06812E-04,-2.441425E-04,-6.66667E-04
2.461231,8.392381E-05,-3.051781E-05,-6.66667E-04
2.462231,0,-1.3733E-04,-.002
2.463232,-1.525888E-04,-6.256141E-04,-6.66667E-04
2.464232,-3.051776E-04,-7.553138E-04,6.66667E-04
2.465233,-2.899189E-04,-9.231605E-04,-.001
2.466233,-4.501361E-04,-4.501361E-04,-2.33333E-03
2.467234,-2.594013E-04,-9.15532E-05,6.66667E-04
2.468234,-1.602182E-04,-1.144414E-04,-2.33333E-03
2.469235,-9.15532E-05,-2.594013E-04,-.001
2.470235,-1.983652E-04,1.983652E-04,-.002
2.471236,1.3733E-04,5.188026E-04,-6.66667E-04
2.472236,4.501361E-04,2.059946E-04,-2.33333E-03
2.473237,3.89101E-04,-1.06812E-04,-.002
2.474237,4.348774E-04,-4.806537E-04,.001
2.475238,4.730243E-04,-3.89101E-04,-.001
2.476238,2.288828E-04,-2.822895E-04,-6.66667E-04
2.477239,0,-7.629441E-05,6.66667E-04
2.478239,4.57766E-05,3.814721E-05,.001
2.47924,-2.28883E-05,9.918259E-05,.001
2.48024,9.918259E-05,9.918259E-05,-6.66667E-04
2.481241,1.75477E-04,2.441425E-04,-6.66667E-04
2.482241,2.365122E-04,3.433246E-04,6.66667E-04
2.483242,6.866502E-05,-1.602182E-04,6.66667E-04
2.484242,1.983652E-04,-2.212534E-04,.001
2.485243,3.280658E-04,-6.408729E-04,-.002
2.486243,4.88285E-04,-6.63761E-04,-.001
2.487244,1.678476E-04,-2.670307E-04,-6.66667E-04
2.488244,-7.629441E-05,2.899189E-04,6.66667E-04
2.489245,-9.15532E-05,6.332435E-04,2.33333E-03
2.490245,2.288828E-04,4.196186E-04,-6.66667E-04
2.491246,3.051776E-04,3.662128E-04,6.66667E-04
2.492246,4.806537E-04,2.746601E-04,-6.66667E-04
2.493247,5.874671E-04,3.50954E-04,-.001
2.494247,1.525888E-04,4.806537E-04,.001
2.495248,1.144414E-04,2.441425E-04,-6.66667E-04
2.496248,2.28883E-05,4.196186E-04,.001
2.497249,-3.433246E-04,3.967304E-04,-.002
2.498249,-3.738422E-04,2.059946E-04,-6.66667E-04
2.49925,-4.806537E-04,2.594013E-04,-.001
2.50025,-6.866502E-05,5.035438E-04,-6.66667E-04
2.501251,9.15532E-05,6.027259E-04,.001
2.502251,1.75477E-04,4.501361E-04,6.66667E-04
2.503252,2.822895E-04,6.179847E-04,-6.66667E-04
2.504252,1.144414E-04,3.433246E-04,-.001
2.505253,-3.814721E-05,1.678476E-04,-2.33333E-03
2.506253,1.3733E-04,6.866502E-05,-.002
2.507254,-1.06812E-04,2.288828E-04,-.001
2.508254,-1.144414E-04,3.051776E-04,-.002
2.509255,-7.629453E-06,2.670307E-04,-6.66667E-04
2.510255,3.967304E-04,1.75477E-04,-.002
2.511256,2.441425E-04,1.831064E-04,6.66667E-04
2.512256,2.899189E-04,3.051776E-04,6.66667E-04
2.513257,2.594013E-04,0,6.66667E-04
2.514257,4.577655E-04,-1.06812E-04,-6.66667E-04
2.515258,3.12807E-04,-3.356952E-04,-.002
2.516258,2.059946E-04,-1.75477E-04,.001
2.517259,1.983652E-04,7.629441E-05,6.66667E-04
2.518259,-1.220712E-04,1.449594E-04,-6.66667E-04
2.51926,3.051781E-05,-4.57766E-05,-6.66667E-04
2.52026,4.653949E-04,6.866502E-05,-.002
2.521261,5.340613E-04,1.525888E-04,.002
2.522261,4.501361E-04,1.602182E-04,.001
2.523262,2.899189E-04,5.264319E-04,-.001
2.524262,3.051776E-04,9.384193E-04,-6.66667E-04
2.525263,2.746601E-04,5.188026E-04,-.001
2.526263,1.525888E-04,3.280658E-04,-.001
2.527264,2.822895E-04,9.15532E-05,-6.66667E-04
2.528264,1.144414E-04,2.517719E-04,-6.66667E-04
2.529265,-7.629453E-06,1.907358E-04,-3.66667E-03
2.530265,3.051781E-05,2.059946E-04,-.001
2.531266,-2.13624E-04,1.907358E-04,-6.66667E-04
2.532266,-1.602182E-04,-7.629453E-06,-6.66667E-04
2.533267,-5.340599E-05,0,.001
2.534267,2.365122E-04,7.629441E-05,-.001
2.535268,1.75477E-04,1.907358E-04,6.66667E-04
2.536268,2.059946E-04,4.043598E-04,.001
2.537269,3.50954E-04,2.746601E-04,-.004
2.538269,5.188026E-04,2.594013E-04,-6.66667E-04
2.53927,5.722083E-04,3.204364E-04,-.002
2.54027,5.416907E-04,-7.629453E-06,-.002
2.541271,1.678476E-04,-3.662128E-04,.001
2.542271,1.144414E-04,-1.75477E-04,6.66667E-04
2.543272,-2.059946E-04,-7.629441E-05,-.002
2.544272,-1.831064E-04,-2.594013E-04,-.001
2.545273,-4.27248E-04,-3.738422E-04,5.33333E-03
2.546273,-2.517719E-04,-2.13624E-04,-3.66667E-03
2.547274,-1.297006E-04,-2.441425E-04,6.66667E-04
2.548274,1.220712E-04,-2.517719E-04,-.001
2.549275,2.899189E-04,-4.119892E-04,.001
2.550275,-5.340599E-05,-1.75477E-04,-.001
2.551276,-5.340599E-05,-3.280658E-04,.001
2.552276,1.144414E-04,-3.433246E-04,-.002
2.553277,1.06812E-04,-1.602182E-04,-.002
2.554277,1.678476E-04,-1.678476E-04,-6.66667E-04
2.555278,-1.831064E-04,1.525888E-04,2.33333E-03
2.556278,-1.3733E-04,-1.525891E-05,-.001
2.557279,9.15532E-05,-1.907358E-04,-6.66667E-04
2.558279,1.525888E-04,-9.918259E-05,.001
2.55928,2.059946E-04,3.814721E-05,-6.66667E-04
2.56028,1.525891E-05,2.975482E-04,-6.66667E-04
2.561281,2.746601E-04,3.356952E-04,6.66667E-04
2.562281,-2.28883E-05,3.89101E-04,-.001
2.563282,-8.392381E-05,-7.629441E-05,-.001
2.564282,-1.06812E-04,-6.103562E-05,-2.33333E-03
2.565283,-5.340599E-05,-3.051781E-05,-3.66667E-03
2.566283,1.525888E-04,-2.288828E-04,-6.66667E-04
2.567284,3.662128E-04,2.059946E-04,6.66667E-04
2.568284,9.15532E-05,3.50954E-04,.001
2.569285,-3.051776E-04,1.831064E-04,-.001
2.570285,-3.204364E-04,4.57766E-05,-6.66667E-04
2.571286,-2.975482E-04,-3.051781E-05,-6.66667E-04
2.572286,-5.340599E-05,-9.918259E-05,.002
2.573287,-3.814721E-05,0,-.001
2.574287,-1.144414E-04,-9.918259E-05,-.001
2.575288,0,-1.602182E-04,6.66667E-04
2.576288,1.525891E-05,-1.144414E-04,-.001
2.577289,-3.12807E-04,-2.212534E-04,6.66667E-04
2.578289,-3.738422E-04,1.297006E-04,-6.66667E-04
2.57929,-5.340599E-05,1.907358E-04,6.66667E-04
2.58029,-5.340599E-05,7.629453E-06,6.66667E-04
2.581291,3.814721E-05,1.3733E-04,-.002
2.582291,-1.144414E-04,4.043598E-04,6.66667E-04
2.583292,6.103562E-05,4.196186E-04,-.002
2.584292,3.433246E-04,1.3733E-04,.002
2.585293,4.348774E-04,-6.866502E-05,-.001
2.586293,2.441425E-04,1.220712E-04,-.002
2.587294,-7.629441E-05,3.814721E-05,-.001
2.588294,-4.348774E-04,9.918259E-05,-.001
2.589295,-2.365122E-04,3.967304E-04,6.66667E-04
2.590295,4.57766E-05,4.88285E-04,-3.66667E-03
2.591296,-5.340599E-05,8.392381E-05,-.001
2.592296,-1.678476E-04,4.57766E-05,-6.66667E-04
2.593297,-2.670307E-04,-1.297006E-04,.001
2.594297,-5.340599E-05,-1.907358E-04,-.001
2.595298,-2.059946E-04,-1.678476E-04,-6.66667E-04
2.596298,-2.365122E-04,-5.340599E-05,-.002
2.597299,-5.416907E-04,0,6.66667E-04
2.598299,-6.179847E-04,7.629441E-05,6.66667E-04
2.5993,-6.713904E-04,-5.340599E-05,-.001
2.6003,-3.356952E-04,-3.204364E-04,.002
2.601301,3.814721E-05,-2.594013E-04,-.001
2.602301,2.746601E-04,-2.441425E-04,-.004
2.603302,6.713904E-04,3.814721E-05,-6.66667E-04
2.604302,4.501361E-04,2.594013E-04,-6.66667E-04
2.605303,1.983652E-04,1.75477E-04,-6.66667E-04
2.606303,3.12807E-04,5.340613E-04,-.002
2.607304,9.918259E-05,4.196186E-04,-.001
2.608304,-5.340599E-05,2.212534E-04,-.001
2.609305,9.15532E-05,-3.738422E-04,-.001
2.610305,3.814721E-05,-3.12807E-04,6.66667E-04
2.611306,-1.983652E-04,3.814721E-05,-.001
2.612306,-1.06812E-04,1.602182E-04,.001
2.613307,1.297006E-04,1.449594E-04,-6.66667E-04
2.614307,-2.441425E-04,-1.3733E-04,-3.66667E-03
2.615308,-3.967304E-04,-4.348774E-04,.001
2.616308,-4.88285E-04,-7.629441E-05,-.002
2.617309,-7.629441E-05,3.814716E-04,-.002
2.618309,2.746601E-04,4.730243E-04,-6.66667E-04
2.61931,2.594013E-04,4.043598E-04,-6.66667E-04
2.62031,-1.06812E-04,-2.670307E-04,-.001
2.621311,2.28883E-05,-7.324256E-04,.001
2.622311,-5.340599E-05,-7.78202E-04,-2.33333E-03
2.623312,2.13624E-04,-3.204364E-04,-6.66667E-04
2.624312,2.212534E-04,-3.051781E-05,.001
2.625313,7.629441E-05,-1.678476E-04,6.66667E-04
2.626313,-8.392381E-05,-1.907358E-04,-.002
2.627314,-2.517719E-04,-1.525888E-04,-.001
2.628314,-4.043598E-04,-1.144414E-04,-.001
2.629315,-4.348774E-04,-3.50954E-04,-2.33333E-03
2.630315,-3.433246E-04,-7.553138E-04,-6.66667E-04
2.631316,-2.13624E-04,-7.01908E-04,-6.66667E-04
2.632316,1.449594E-04,-6.256141E-04,6.66667E-04
2.633317,9.15532E-05,-2.975482E-04,-6.66667E-04
2.634317,1.144414E-04,-9.15532E-05,-.001
2.635318,1.220712E-04,4.57766E-05,.002
2.636318,1.3733E-04,-2.517719E-04,-.002
2.637319,-2.746601E-04,-5.798377E-04,-.002
2.638319,-5.493201E-04,-4.119892E-04,-.001
2.63932,-6.408729E-04,1.297006E-04,-.001
2.64032,-3.356952E-04,2.899189E-04,-6.66667E-04
2.641321,-1.297006E-04,-2.670307E-04,-.001
2.642321,4.57766E-05,-3.280658E-04,.001
2.643322,-6.103562E-05,-3.12807E-04,-.001
2.644322,-1.525891E-05,-1.983652E-04,6.66667E-04
2.645323,-1.525888E-04,9.918259E-05,.001
2.646323,-1.3733E-04,-1.144414E-04,6.66667E-04
2.647324,-4.57766E-05,-2.517719E-04,-.001
2.648324,-1.525891E-05,-1.983652E-04,2.33333E-03
2.649325,-6.103562E-05,-1.907358E-04,-.002
2.650325,-2.670307E-04,-4.57766E-05,-.001
2.651326,-5.035438E-04,-1.678476E-04,6.66667E-04
2.652326,-3.662128E-04,-3.738422E-04,-6.66667E-04
2.653327,-1.06812E-04,-5.340599E-05,.001
2.654327,1.983652E-04,-1.602182E-04,6.66667E-04
2.655328,2.594013E-04,-2.746601E-04,-.002
2.656328,-1.525891E-05,-3.051781E-05,-.001
2.657329,-3.051781E-05,-3.051781E-05,-6.66667E-04
2.658329,-9.15532E-05,1.220712E-04,-3.66667E-03
2.65933,-9.15532E-05,-3.814721E-05,-.001
2.66033,-2.746601E-04,-2.746601E-04,6.66667E-04
2.661331,-4.88285E-04,-6.713904E-04,-.002
2.662331,-3.89101E-04,-5.264319E-04,-.001
2.663332,-2.746601E-04,-4.730243E-04,6.66667E-04
2.664332,-5.264319E-04,-2.975482E-04,-.002
2.665333,-3.662128E-04,-2.594013E-04,-6.66667E-04
2.666333,5.340599E-05,-3.89101E-04,-.001
2.667334,6.103562E-05,-4.27248E-04,-6.66667E-04
2.668334,-1.525891E-05,-4.27248E-04,-6.66667E-04
2.669335,-9.918259E-05,-2.13624E-04,-.002
2.670335,-3.967304E-04,0,.001
2.671336,-5.416907E-04,-1.06812E-04,-6.66667E-04
2.672336,-3.967304E-04,1.297006E-04,-6.66667E-04
2.673337,-6.866492E-04,7.629441E-05,-.002
2.674337,-8.087195E-04,-1.449594E-04,-.001
2.675338,-8.773841E-04,7.629441E-05,.001
2.676338,-1.190193E-03,1.525891E-05,-.002
2.677339,-1.35804E-03,2.517719E-04,.001
2.678339,-1.869209E-03,2.517719E-04,-.001
2.67934,-2.525344E-03,1.297006E-04,-6.66667E-04
2.68034,-2.58638E-03,7.629453E-06,6.66667E-04
2.681341,-3.051773E-03,-4.57766E-05,-.001
2.682341,-3.311172E-03,-1.449594E-04,6.66667E-04
2.683342,-3.280655E-03,-2.13624E-04,-.001
2.684342,-3.364578E-03,-8.392381E-05,-.001
2.685343,-3.433242E-03,2.975482E-04,-.001
2.686343,-3.227249E-03,2.441425E-04,-6.66667E-04
2.687344,-2.990738E-03,3.12807E-04,-.002
2.688344,-2.738968E-03,3.12807E-04,-6.66667E-04
2.689345,-2.174392E-03,3.280658E-04,-.001
2.690345,-1.914985E-03,3.814721E-05,6.66667E-04
2.691346,-1.739509E-03,-2.13624E-04,6.66667E-04
2.692346,-1.312263E-03,-8.392381E-05,.001
2.693347,-1.197822E-03,-7.629441E-05,-6.66667E-04
2.694347,-7.78202E-04,-7.629453E-06,.001
2.695348,-8.163489E-04,-6.103562E-05,-.001
2.696348,-8.926429E-04,-1.525888E-04,-6.66667E-04
2.697349,-1.037605E-03,-3.738422E-04,-6.66667E-04
2.698349,-8.010902E-04,-4.27248E-04,-.001
2.69935,-4.730243E-04,-7.629441E-05,-.001
2.70035,-9.918259E-05,1.525888E-04,-.001
2.701351,9.15532E-05,1.678476E-04,6.66667E-04
2.702351,-6.866502E-05,-1.144414E-04,-.002
2.703352,-2.13624E-04,2.975482E-04,-6.66667E-04
2.704352,7.629453E-06,6.332435E-04,-.002
2.705353,-3.738422E-04,6.713904E-04,-.001
2.706353,-2.746601E-04,4.730243E-04,.001
2.707354,-2.441425E-04,3.12807E-04,-.001
2.708354,-5.340599E-05,1.983652E-04,.001
2.709355,-3.12807E-04,7.629453E-06,-.001
2.710355,-3.280658E-04,-2.13624E-04,-6.66667E-04
2.711356,-2.746601E-04,1.678476E-04,6.66667E-04
2.712356,-1.525888E-04,-5.340599E-05,-.001
2.713357,7.629441E-05,-2.13624E-04,.001
2.714357,-3.12807E-04,-1.06812E-04,-3.66667E-03
2.715358,-4.653949E-04,2.822895E-04,2.33333E-03
2.716358,-2.441425E-04,7.629453E-06,-6.66667E-04
2.717359,-2.746601E-04,-3.814721E-05,-.001
2.718359,-1.831064E-04,2.365122E-04,-6.66667E-04
2.71936,-5.340599E-05,3.585834E-04,-6.66667E-04
2.72036,-6.103562E-05,4.425067E-04,-6.66667E-04
2.721361,-5.340599E-05,3.051776E-04,6.66667E-04
2.722361,-3.051776E-04,2.822895E-04,.001
2.723362,-4.196186E-04,4.043598E-04,-.002
2.724362,-6.103562E-05,5.569495E-04,2.33333E-03
2.725363,-9.15532E-05,5.264319E-04,-6.66667E-04
2.726363,-5.035438E-04,5.950965E-04,.001
2.727364,-4.196186E-04,6.332435E-04,6.66667E-04
2.728364,3.814721E-05,6.485023E-04,-.002
2.729365,-5.340599E-05,4.88285E-04,6.66667E-04
2.730365,-1.602182E-04,5.340599E-05,6.66667E-04
2.731366,-1.3733E-04,-7.629441E-05,-6.66667E-04
2.732366,-6.103562E-05,1.449594E-04,-.002
2.733367,-2.670307E-04,1.144414E-04,-.002
2.734367,-2.899189E-04,-1.602182E-04,-2.33333E-03
2.735368,-2.822895E-04,-4.425067E-04,-6.66667E-04
2.736368,-2.746601E-04,-2.212534E-04,-2.33333E-03
2.737369,-2.13624E-04,-3.204364E-04,-.001
2.738369,2.441425E-04,-6.866502E-05,6.66667E-04
2.73937,2.975482E-04,4.57766E-05,.001
2.74037,-5.340599E-05,2.13624E-04,6.66667E-04
2.741371,-1.602182E-04,8.392381E-05,.001
2.742371,-5.950965E-04,2.28883E-05,-6.66667E-04
2.743372,-4.577655E-04,2.28883E-05,-.001
2.744372,-1.06812E-04,-1.602182E-04,-.001
2.745373,-4.57766E-05,0,.001
2.746373,-1.678476E-04,1.297006E-04,-.001
2.747374,-3.50954E-04,1.144414E-04,.001
2.748374,-2.13624E-04,4.806537E-04,-6.66667E-04
2.749375,4.57766E-05,-1.525891E-05,-6.66667E-04
2.750375,-1.75477E-04,-7.705726E-04,.001
2.751376,-2.746601E-04,-6.561317E-04,-.001
2.752376,-2.670307E-04,-2.975482E-04,-.002
2.753377,-2.059946E-04,-2.13624E-04,-6.66667E-04
2.754377,6.866502E-05,-8.392381E-05,-.001
2.755378,2.441425E-04,-1.831064E-04,-6.66667E-04
2.756378,2.365122E-04,-4.653949E-04,-6.66667E-04
2.757379,3.051781E-05,-6.332435E-04,6.66667E-04
2.758379,-6.103562E-05,-5.264319E-04,.001
2.75938,2.365122E-04,-6.408729E-04,-6.66667E-04
2.76038,7.629441E-05,-6.63761E-04,-.001
2.761381,-7.629441E-05,-4.348774E-04,2.33333E-03
2.762381,-2.670307E-04,1.525888E-04,-.001
2.763382,-1.220712E-04,-1.831064E-04,.001
2.764382,-2.212534E-04,-3.051781E-05,-2.33333E-03
2.765383,-4.043598E-04,6.103562E-05,6.66667E-04
2.766383,-6.866502E-05,9.918259E-05,6.66667E-04
2.767384,9.918259E-05,8.392381E-05,.001
2.768384,-1.06812E-04,-4.27248E-04,-.002
2.769385,-3.051776E-04,-6.332435E-04,-.002
2.770385,-1.297006E-04,-2.670307E-04,-.001
2.771386,-6.103562E-05,3.814721E-05,-.002
2.772386,1.75477E-04,2.594013E-04,-.001
2.773387,4.57766E-05,1.75477E-04,-6.66667E-04
2.774387,9.918259E-05,-6.103562E-05,-.001
2.775388,2.365122E-04,-3.738422E-04,-6.66667E-04
2.776388,-1.06812E-04,-4.27248E-04,-.001
2.777389,-1.831064E-04,-5.340613E-04,-.001
2.778389,-3.662128E-04,-3.814721E-05,-6.66667E-04
2.77939,-3.585834E-04,-2.441425E-04,-6.66667E-04
2.78039,3.814721E-05,-4.043598E-04,6.66667E-04
2.781391,3.204364E-04,-4.577655E-04,-.001
2.782391,5.035438E-04,-2.899189E-04,-.001
2.783392,3.814716E-04,-6.103562E-05,-6.66667E-04
2.784392,1.525888E-04,9.918259E-05,-.001
2.785393,-3.814721E-05,2.670307E-04,-.001
2.786393,1.449594E-04,8.010902E-04,6.66667E-04
2.787394,1.220712E-04,9.53678E-04,-.001
2.788394,3.12807E-04,1.144414E-04,6.66667E-04
2.789395,-5.340599E-05,-2.517719E-04,-6.66667E-04
2.790395,-2.670307E-04,-4.88285E-04,-6.66667E-04
2.791396,-2.670307E-04,-1.831064E-04,-6.66667E-04
2.792396,-2.13624E-04,-4.57766E-05,.001
2.793397,-2.13624E-04,1.144414E-04,-6.66667E-04
2.794397,1.297006E-04,-4.57766E-05,-6.66667E-04
2.795398,-1.06812E-04,-4.119892E-04,-.004
2.796398,-4.119892E-04,-1.602182E-04,-6.66667E-04
2.797399,-2.975482E-04,-3.051781E-05,-.002
2.798399,-7.629441E-05,-9.15532E-05,-.001
2.7994,-2.670307E-04,-7.629441E-05,.001
2.8004,-4.27248E-04,2.441425E-04,.001
2.801401,-2.670307E-04,8.392381E-05,-6.66667E-04
2.802401,-2.441425E-04,-2.13624E-04,-3.66667E-03
2.803402,-1.907358E-04,4.57766E-05,-6.66667E-04
2.804402,0,1.678476E-04,-6.66667E-04
2.805403,1.907358E-04,-3.814721E-05,-.001
2.806403,0,-4.425067E-04,6.66667E-04
2.807404,-6.103562E-05,-2.899189E-04,-.002
2.808404,8.392381E-05,6.866502E-05,-6.66667E-04
2.809405,1.297006E-04,2.059946E-04,6.66667E-04
2.810405,-1.983652E-04,2.059946E-04,-.001
2.811406,-4.425067E-04,-1.525888E-04,-.001
2.812406,-2.594013E-04,-4.577655E-04,6.66667E-04
2.813407,1.297006E-04,-3.662128E-04,6.66667E-04
2.814407,3.50954E-04,-3.89101E-04,-6.66667E-04
2.815408,1.678476E-04,-1.297006E-04,-.001
2.816408,-5.340599E-05,3.814721E-05,-6.66667E-04
2.817409,8.392381E-05,1.525888E-04,-.001
2.818409,2.670307E-04,4.501361E-04,6.66667E-04
2.81941,2.670307E-04,3.051776E-04,.001
2.82041,1.907358E-04,3.814721E-05,-.001
2.821411,2.517719E-04,3.89101E-04,-6.66667E-04
2.822411,3.12807E-04,5.340613E-04,-6.66667E-04
2.823412,2.365122E-04,5.188026E-04,6.66667E-04
2.824412,1.602182E-04,-8.392381E-05,.002
2.825413,2.13624E-04,-3.051781E-05,-6.66667E-04
2.826413,2.975482E-04,1.525888E-04,6.66667E-04
2.827414,3.89101E-04,2.212534E-04,-6.66667E-04
2.828414,2.975482E-04,3.814721E-05,.001
2.829415,0,-8.392381E-05,-.001
2.830415,-6.866502E-05,-1.602182E-04,-.002
2.831416,2.594013E-04,1.06812E-04,6.66667E-04
2.832416,3.814716E-04,-1.06812E-04,6.66667E-04
2.833417,6.790198E-04,2.594013E-04,-6.66667E-04
2.834417,9.079017E-04,4.348774E-04,-2.33333E-03
2.835418,6.332435E-04,4.806537E-04,-.002
2.836418,1.907358E-04,1.525888E-04,-6.66667E-04
2.837419,-4.57766E-05,-1.983652E-04,-6.66667E-04
2.838419,-2.13624E-04,-7.629453E-06,.001
2.83942,8.392381E-05,-4.27248E-04,-.002
2.84042,3.280658E-04,-5.798377E-04,6.66667E-04
2.841421,4.806537E-04,-6.332435E-04,6.66667E-04
2.842421,-8.392381E-05,-5.493201E-04,-6.66667E-04
2.843422,-3.051781E-05,-3.50954E-04,6.66667E-04
2.844422,2.975482E-04,3.051781E-05,2.33333E-03
2.845423,-2.28883E-05,-1.06812E-04,-6.66667E-04
2.846423,-4.119892E-04,-2.746601E-04,-6.66667E-04
2.847424,-1.75477E-04,-4.57766E-05,6.66667E-04
2.848424,9.918259E-05,-8.392381E-05,-.001
2.849425,3.12807E-04,-1.449594E-04,-6.66667E-04
2.850425,4.730243E-04,-2.670307E-04,6.66667E-04
2.851426,6.027259E-04,7.629441E-05,.001
2.852426,6.408729E-04,3.12807E-04,-.001
2.853427,2.059946E-04,1.678476E-04,-.002
2.854427,2.594013E-04,2.517719E-04,-2.33333E-03
2.855428,4.57766E-05,1.525888E-04,-.002
2.856428,1.297006E-04,0,.001
2.857429,2.822895E-04,1.06812E-04,-.001
2.858429,3.356952E-04,3.814716E-04,-.001
2.85943,2.28883E-05,4.501361E-04,-6.66667E-04
2.86043,-7.629453E-06,1.449594E-04,-.001
2.861431,3.814721E-05,-2.059946E-04,6.66667E-04
2.862431,-8.392381E-05,-7.629441E-05,-6.66667E-04
2.863432,1.144414E-04,1.06812E-04,-6.66667E-04
2.864432,2.441425E-04,1.831064E-04,-3.66667E-03
2.865433,4.27248E-04,6.866492E-04,-.002
2.866433,3.433246E-04,3.738422E-04,-6.66667E-04
2.867434,8.392381E-05,4.88285E-04,6.66667E-04
2.868434,4.57766E-05,2.059946E-04,-.001
2.869435,1.907358E-04,-1.602182E-04,-6.66667E-04
2.870435,-3.051781E-05,1.75477E-04,2.33333E-03
2.871436,-5.340599E-05,5.798377E-04,-.002
2.872436,2.975482E-04,4.730243E-04,.001
2.873437,4.88285E-04,1.525888E-04,-6.66667E-04
2.874437,-7.629453E-06,2.28883E-05,-.001
2.875438,1.449594E-04,1.983652E-04,.001
2.876438,9.15532E-05,3.585834E-04,-6.66667E-04
2.877439,1.525891E-05,-7.629453E-06,.001
2.878439,-2.594013E-04,1.525891E-05,6.66667E-04
2.87944,-2.13624E-04,3.814721E-05,-6.66667E-04
2.88044,-1.602182E-04,3.051776E-04,2.33333E-03
2.881441,-1.06812E-04,5.569495E-04,-.002
2.882441,-3.356952E-04,6.561317E-04,-.001
2.883442,-3.967304E-04,2.975482E-04,-3.66667E-03
2.884442,-2.822895E-04,1.525888E-04,6.66667E-04
2.885443,-1.449594E-04,3.051776E-04,.001
2.886443,-2.746601E-04,3.662128E-04,-6.66667E-04
2.887444,-5.111732E-04,3.967304E-04,.001
2.888444,-4.27248E-04,1.907358E-04,-6.66667E-04
2.889445,-3.50954E-04,-1.75477E-04,-6.66667E-04
2.890445,5.340599E-05,-2.594013E-04,-.002
2.891446,1.220712E-04,-1.144414E-04,-.001
2.892446,4.57766E-05,3.814721E-05,-6.66667E-04
2.893447,8.392381E-05,1.907358E-04,-6.66667E-04
2.894447,1.144414E-04,1.525891E-05,-.001
2.895448,-3.204364E-04,-2.28883E-05,-6.66667E-04
2.896448,-3.50954E-04,3.662128E-04,-6.66667E-04
2.897449,-3.280658E-04,3.662128E-04,-6.66667E-04
2.898449,-3.50954E-04,1.678476E-04,.001
2.89945,-6.866502E-05,-1.602182E-04,-.002
2.90045,-1.525891E-05,-6.103562E-05,-.001
2.901451,-4.501361E-04,-1.525891E-05,6.66667E-04
2.902451,-2.13624E-04,-2.670307E-04,-6.66667E-04
2.903452,-1.983652E-04,-1.602182E-04,-.002
2.904452,-3.204364E-04,-5.340599E-05,-2.33333E-03
2.905453,-6.485023E-04,2.365122E-04,6.66667E-04
2.906453,-6.256141E-04,2.670307E-04,.002
2.907454,-9.307899E-04,3.662128E-04,-.001
2.908454,-1.502998E-03,4.959144E-04,6.66667E-04
2.909455,-1.670845E-03,9.918259E-05,-.001
2.910455,-2.059951E-03,-6.866502E-05,-6.66667E-04
2.911456,-2.616897E-03,9.918259E-05,-.004
2.912456,-2.983108E-03,7.629441E-05,.001
2.913457,-3.150955E-03,1.907358E-04,-.002
2.914457,-3.433242E-03,2.746601E-04,.001
2.915458,-3.501907E-03,-7.629441E-05,-6.66667E-04
2.916458,-3.402725E-03,3.051781E-05,-6.66667E-04
2.917459,-3.570572E-03,-2.670307E-04,-.002
2.918459,-3.425613E-03,-6.103553E-04,.001
2.91946,-3.280655E-03,-4.653949E-04,-.001
2.92046,-2.853408E-03,-2.975482E-04,-.001
2.921461,-2.197281E-03,-1.75477E-04,-6.66667E-04
2.922461,-1.922615E-03,-1.220712E-04,-6.66667E-04
2.923462,-1.770027E-03,-2.594013E-04,-.002
2.924462,-1.48011E-03,-4.043598E-04,-.001
2.925463,-1.029976E-03,9.15532E-05,-6.66667E-04
2.926463,-7.247962E-04,4.119892E-04,-.002
2.927464,-1.983652E-04,2.594013E-04,-6.66667E-04
2.928464,-1.602182E-04,0,.001
2.929465,6.866502E-05,-1.3733E-04,6.66667E-04
2.930465,1.297006E-04,-3.89101E-04,6.66667E-04
2.931466,3.433246E-04,-4.27248E-04,-.001
2.932466,1.220712E-04,-1.449594E-04,-6.66667E-04
2.933467,6.866502E-05,-6.103562E-05,-.001
2.934467,1.983652E-04,1.06812E-04,-6.66667E-04
2.935468,3.12807E-04,3.356952E-04,-.002
2.936468,2.670307E-04,6.790198E-04,-.001
2.937469,-9.918259E-05,3.12807E-04,-6.66667E-04
2.938469,-3.051781E-05,-2.288828E-04,-3.66667E-03
2.93947,1.144414E-04,-5.035438E-04,-2.33333E-03
2.94047,1.907358E-04,-2.13624E-04,-.002
2.941471,-1.449594E-04,-1.144414E-04,6.66667E-04
2.942471,-3.051776E-04,-1.3733E-04,-.002
2.943472,-2.212534E-04,2.28883E-05,-3.66667E-03
2.944472,6.103562E-05,5.645789E-04,-6.66667E-04
2.945473,2.28883E-05,6.179847E-04,.002
2.946473,-1.449594E-04,2.13624E-04,.001
2.947474,-1.06812E-04,1.525888E-04,6.66667E-04
2.948474,4.57766E-05,1.297006E-04,-.001
2.949475,1.983652E-04,-2.594013E-04,-.001
2.950475,3.89101E-04,-3.204364E-04,.001
2.951476,1.678476E-04,8.392381E-05,-6.66667E-04
2.952476,-1.06812E-04,1.220712E-04,-.002
2.953477,3.051781E-05,-9.15532E-05,6.66667E-04
2.954477,-6.866502E-05,-9.15532E-05,-6.66667E-04
2.955478,-1.297006E-04,-5.340599E-05,6.66667E-04
2.956478,-2.28883E-05,-5.340599E-05,-6.66667E-04
2.957479,1.831064E-04,-7.629441E-05,-6.66667E-04
2.958479,0,3.12807E-04,-6.66667E-04
2.95948,6.866502E-05,5.188026E-04,-.001
2.96048,-3.89101E-04,4.730243E-04,-6.66667E-04
2.961481,-4.806537E-04,2.365122E-04,-.001
2.962481,-2.212534E-04,2.13624E-04,-.001
2.963482,1.907358E-04,0,-6.66667E-04
2.964482,2.441425E-04,1.297006E-04,-2.33333E-03
2.965483,3.051776E-04,1.3733E-04,6.66667E-04
2.966483,-1.3733E-04,4.196186E-04,-6.66667E-04
2.967484,-2.670307E-04,5.798377E-04,-6.66667E-04
2.968484,5.340599E-05,1.831064E-04,6.66667E-04
2.969485,-8.392381E-05,-2.822895E-04,.002
2.970485,-4.425067E-04,-4.88285E-04,-6.66667E-04
2.971486,-3.280658E-04,-3.051776E-04,-3.66667E-03
2.972486,-9.918259E-05,-1.144414E-04,-.001
2.973487,-5.340599E-05,1.907358E-04,.001
2.974487,-9.15532E-05,1.220712E-04,-6.66667E-04
2.975488,3.814721E-05,5.340599E-05,.002
2.976488,-1.678476E-04,-1.602182E-04,-.002
2.977489,-1.06812E-04,-2.975482E-04,6.66667E-04
2.978489,2.13624E-04,-2.670307E-04,.001
2.97949,3.814716E-04,1.220712E-04,-5.66667E-03
2.98049,3.433246E-04,3.356952E-04,-6.66667E-04
2.981491,3.585834E-04,-2.28883E-05,-6.66667E-04
2.982491,6.332435E-04,6.103562E-05,-.002
2.983492,8.697547E-04,1.144414E-04,-6.66667E-04
2.984492,4.043598E-04,-1.144414E-04,6.66667E-04
2.985493,1.449594E-04,3.051776E-04,-.002
2.986493,2.670307E-04,3.12807E-04,.001
2.987494,2.594013E-04,3.967304E-04,-6.66667E-04
2.988494,2.975482E-04,1.06812E-04,6.66667E-04
2.989495,2.594013E-04,-1.983652E-04,6.66667E-04
2.990495,2.059946E-04,-5.340613E-04,-6.66667E-04
2.991496,5.264319E-04,-3.89101E-04,.002
2.992496,5.340613E-04,-9.918259E-05,.001
2.993497,3.50954E-04,-2.441425E-04,-2.33333E-03
2.994497,5.264319E-04,-5.111732E-04,-6.66667E-04
2.995498,2.365122E-04,-4.196186E-04,6.66667E-04
2.996498,3.662128E-04,-4.119892E-04,-.001
2.997499,1.144414E-04,3.356952E-04,.001
2.998499,9.918259E-05,0,-.001
2.9995,4.57766E-05,-2.517719E-04,6.66667E-04
3.0005,2.670307E-04,-5.416907E-04,6.66667E-04
3.001501,2.975482E-04,-1.3733E-04,-.001
3.002501,5.111732E-04,-1.525891E-05,-.001
3.003502,4.88285E-04,-2.899189E-04,6.66667E-04
3.004502,4.806537E-04,9.15532E-05,-6.66667E-04
3.005503,3.12807E-04,1.831064E-04,-6.66667E-04
3.006503,2.212534E-04,-5.340599E-05,-2.33333E-03
3.007504,4.57766E-05,-2.365122E-04,-.001
3.008504,3.204364E-04,-2.670307E-04,6.66667E-04
3.009505,1.220712E-04,-3.585834E-04,-6.66667E-04
3.010505,2.28883E-05,-5.340613E-04,-6.66667E-04
3.011506,1.220712E-04,-2.441425E-04,6.66667E-04
3.012506,-9.918259E-05,-3.738422E-04,-6.66667E-04
3.013507,3.585834E-04,-5.722083E-04,.001
3.014507,3.814716E-04,-3.89101E-04,-.001
3.015508,2.13624E-04,-7.629441E-05,-.001
3.016508,-1.3733E-04,-2.13624E-04,-6.66667E-04
3.017509,-2.517719E-04,-3.738422E-04,-.002
3.018509,-2.517719E-04,1.525891E-05,.001
3.01951,-4.959144E-04,2.28883E-05,.001
3.02051,-2.288828E-04,9.15532E-05,6.66667E-04
3.021511,6.866502E-05,2.670307E-04,-6.66667E-04
3.022511,-4.57766E-05,4.043598E-04,-.002
3.023512,8.392381E-05,1.907358E-04,-6.66667E-04
3.024512,1.525888E-04,-5.950965E-04,-6.66667E-04
3.025513,3.051781E-05,-7.705726E-04,6.66667E-04
3.026513,-5.340599E-05,-5.874671E-04,-.001
3.027514,1.220712E-04,-3.814716E-04,-6.66667E-04
3.028514,0,-3.12807E-04,-.002
3.029515,-6.866502E-05,-2.822895E-04,.001
3.030515,-6.866502E-05,-2.746601E-04,.002
3.031516,-1.06812E-04,-2.288828E-04,6.66667E-04
3.032516,-1.907358E-04,-1.06812E-04,-6.66667E-04
3.033517,-2.13624E-04,-1.3733E-04,-6.66667E-04
3.034517,-1.602182E-04,-2.975482E-04,-6.66667E-04
3.035518,-1.678476E-04,-1.144414E-04,6.66667E-04
3.036518,1.449594E-04,-2.13624E-04,.001
3.037519,2.517719E-04,-1.449594E-04,-6.66667E-04
3.038519,2.670307E-04,-3.814721E-05,-6.66667E-04
3.03952,-5.340599E-05,7.629453E-06,-2.33333E-03
3.04052,-1.75477E-04,1.3733E-04,-.002
3.041521,-6.866502E-05,1.983652E-04,-6.66667E-04
3.042521,-1.06812E-04,-5.340599E-05,-.002
3.043522,2.899189E-04,-2.746601E-04,-6.66667E-04
3.044522,7.78202E-04,-4.88285E-04,-2.33333E-03
3.045523,1.075752E-03,-2.212534E-04,-.001
3.046523,1.068123E-03,-3.433246E-04,-.002
3.047524,7.324256E-04,-9.918259E-05,-6.66667E-04
3.048524,4.425067E-04,-8.392381E-05,-.001
3.049525,-1.06812E-04,-2.13624E-04,-.002
3.050525,-2.670307E-04,-1.983652E-04,6.66667E-04
3.051526,-1.602182E-04,-1.525888E-04,-.001
3.052526,-4.501361E-04,-3.051776E-04,6.66667E-04
3.053527,-3.204364E-04,-5.340613E-04,.001
3.054527,-2.288828E-04,-3.356952E-04,6.66667E-04
3.055528,-2.594013E-04,4.57766E-05,6.66667E-04
3.056528,-3.585834E-04,1.297006E-04,6.66667E-04
3.057529,-5.722083E-04,4.730243E-04,-6.66667E-04
3.058529,-6.63761E-04,7.095374E-04,-6.66667E-04
3.05953,-2.670307E-04,1.144414E-04,-.002
3.06053,0,-1.449594E-04,-.002
3.061531,-3.662128E-04,-2.670307E-04,6.66667E-04
3.062531,-3.051781E-05,0,-.002
3.063532,1.678476E-04,3.051781E-05,-6.66667E-04
3.064532,1.449594E-04,-2.212534E-04,6.66667E-04
3.065533,1.907358E-04,-2.212534E-04,-6.66667E-04
3.066533,-1.06812E-04,-1.907358E-04,-.002
3.067534,1.297006E-04,2.517719E-04,-2.33333E-03
3.068534,4.196186E-04,2.746601E-04,-2.33333E-03
3.069535,3.814716E-04,1.602182E-04,6.66667E-04
3.070535,1.144414E-04,-2.365122E-04,-.002
3.071536,8.392381E-05,-6.103562E-05,-.001
3.072536,9.918259E-05,7.629441E-05,-.001
3.073537,2.288828E-04,1.678476E-04,-6.66667E-04
3.074537,2.975482E-04,-4.57766E-05,.001
3.075538,2.594013E-04,-1.06812E-04,.001
3.076538,5.035438E-04,-2.975482E-04,-6.66667E-04
3.077539,3.356952E-04,-3.738422E-04,6.66667E-04
3.078539,1.525888E-04,-3.204364E-04,6.66667E-04
3.07954,-3.280658E-04,-2.13624E-04,-6.66667E-04
3.08054,-6.408729E-04,-2.670307E-04,6.66667E-04
3.081541,-5.569495E-04,-1.983652E-04,.002
3.082541,-2.288828E-04,-2.822895E-04,-.002
3.083542,-1.06812E-04,-4.119892E-04,-6.66667E-04
3.084542,-1.602182E-04,-3.967304E-04,-.001
3.085543,1.525888E-04,0,-6.66667E-04
3.086543,-7.629441E-05,1.3733E-04,.001
3.087544,-1.602182E-04,2.822895E-04,-.001
3.088544,-1.75477E-04,2.059946E-04,.001
3.089545,-2.975482E-04,2.059946E-04,-6.66667E-04
3.090545,-5.874671E-04,9.15532E-05,-6.66667E-04
3.091546,-6.103553E-04,-2.670307E-04,6.66667E-04
3.092546,-4.348774E-04,-1.144414E-04,-.002
3.093547,-1.907358E-04,0,6.66667E-04
3.094547,1.525888E-04,9.15532E-05,.001
3.095548,-1.220712E-04,-8.392381E-05,6.66667E-04
3.096548,2.059946E-04,-4.27248E-04,-.002
3.097549,3.738422E-04,-2.13624E-04,6.66667E-04
3.098549,4.501361E-04,-2.059946E-04,.001
3.09955,2.441425E-04,-4.730243E-04,-6.66667E-04
3.10055,4.57766E-05,-1.144414E-04,6.66667E-04
3.101551,1.525888E-04,-1.602182E-04,-6.66667E-04
3.102551,1.06812E-04,-4.57766E-05,6.66667E-04
3.103552,4.653949E-04,-1.525888E-04,-6.66667E-04
3.104552,4.88285E-04,-1.06812E-04,-.002
3.105553,5.188026E-04,-2.059946E-04,.002
3.106553,-7.629453E-06,-3.662128E-04,-.001
3.107554,-5.340599E-05,-1.907358E-04,-.001
3.108554,-3.12807E-04,-5.340599E-05,-.001
3.109555,-3.204364E-04,1.525891E-05,6.66667E-04
3.110555,1.525891E-05,4.57766E-05,-.002
3.111556,0,2.594013E-04,6.66667E-04
3.112556,-5.416907E-04,2.746601E-04,-.001
3.113557,-9.53678E-04,6.866502E-05,-.001
3.114557,-1.434334E-03,0,-.002
3.115558,-1.785286E-03,7.629441E-05,-.001
3.116558,-2.540603E-03,1.75477E-04,6.66667E-04
3.117559,-3.547683E-03,-3.433246E-04,-3.66667E-03
3.118559,-5.073577E-03,-5.416907E-04,-.001
3.11956,-6.263763E-03,-3.433246E-04,.001
3.12056,-7.278472E-03,-2.899189E-04,-.002
3.121561,-8.323729E-03,-4.806537E-04,-2.33333E-03
3.122561,-9.513915E-03,-8.850135E-04,-.001
3.123562,-1.145178E-02,-1.319893E-03,6.66667E-04
3.124562,-1.313788E-02,-1.571663E-03,-6.66667E-04
3.125563,-1.396948E-02,-1.304634E-03,-.001
3.126563,-1.367956E-02,-1.373298E-03,-.002
3.127564,-1.226813E-02,-1.403816E-03,-.001
3.128564,-1.129156E-02,-1.167305E-03,-.001
3.129565,-9.979308E-03,-8.468665E-04,-.002
3.130565,-8.407652E-03,-7.553138E-04,-2.33333E-03
3.131566,-6.843597E-03,-5.188026E-04,6.66667E-04
3.132566,-5.279571E-03,-7.629453E-06,6.66667E-04
3.133567,-4.15042E-03,4.57766E-05,.001
3.134567,-3.486648E-03,4.57766E-05,-.001
3.135568,-2.868667E-03,4.57766E-05,6.66667E-04
3.136568,-2.349868E-03,6.103562E-05,.001
3.137569,-1.747139E-03,1.449594E-04,-.001
3.138569,-1.48011E-03,1.449594E-04,.001
3.13957,-8.468665E-04,-1.06812E-04,.002
3.14057,-5.035438E-04,-2.746601E-04,.001
3.141571,-2.975482E-04,-9.15532E-05,-6.66667E-04
3.142571,-2.517719E-04,-2.059946E-04,-6.66667E-04
3.143572,-1.907358E-04,-1.3733E-04,.001
3.144572,-4.806537E-04,-2.746601E-04,6.66667E-04
3.145573,-1.06812E-04,-2.441425E-04,-.001
3.146573,-3.204364E-04,-2.212534E-04,-.002
3.147574,-1.06812E-04,4.57766E-05,.001
3.148574,-2.212534E-04,9.918259E-05,.001
3.149575,-8.392381E-05,3.280658E-04,.001
3.150575,-1.220712E-04,5.340613E-04,6.66667E-04
3.151576,-2.059946E-04,2.746601E-04,-.001
3.152576,-3.356952E-04,2.288828E-04,-6.66667E-04
3.153577,1.144414E-04,6.103562E-05,.001
3.154577,2.365122E-04,-9.53678E-04,-.001
3.155578,3.051776E-04,-1.09864E-03,-6.66667E-04
3.156578,2.13624E-04,-7.476844E-04,-6.66667E-04
3.157579,2.594013E-04,-3.433246E-04,-2.33333E-03
3.158579,5.722083E-04,6.103562E-05,.001
3.15958,5.645789E-04,9.918259E-05,6.66667E-04
3.16058,3.12807E-04,-4.57766E-05,-2.33333E-03
3.161581,2.365122E-04,-5.340599E-05,-.002
3.162581,1.06812E-04,-2.28883E-05,.002
3.163582,-2.594013E-04,-3.814721E-05,6.66667E-04
3.164582,7.629453E-06,-4.57766E-05,-.002
3.165583,9.918259E-05,5.340599E-05,-.001
3.166583,1.3733E-04,1.220712E-04,6.66667E-04
3.167584,-1.75477E-04,5.416907E-04,.001
3.168584,1.525888E-04,3.585834E-04,6.66667E-04
3.169585,-3.814721E-05,9.918259E-05,-6.66667E-04
3.170585,-1.907358E-04,-2.517719E-04,-.001
3.171586,-2.746601E-04,-2.594013E-04,-.002
3.172586,-1.525888E-04,-1.831064E-04,6.66667E-04
3.173587,-3.662128E-04,-2.441425E-04,.002
3.174587,-1.678476E-04,-1.678476E-04,-.001
3.175588,-1.602182E-04,-1.06812E-04,-2.33333E-03
3.176588,-4.27248E-04,0,-.001
3.177589,-3.738422E-04,9.918259E-05,.001
3.178589,-4.577655E-04,2.441425E-04,-6.66667E-04
3.17959,-4.806537E-04,2.899189E-04,-.001
3.18059,-3.585834E-04,1.678476E-04,-6.66667E-04
3.181591,-7.629453E-06,-3.051781E-05,.002
3.182591,3.89101E-04,-1.525888E-04,6.66667E-04
3.183592,7.629453E-06,-5.340599E-05,6.66667E-04
3.184592,2.899189E-04,-5.340599E-05,2.33333E-03
3.185593,-1.144414E-04,-6.103562E-05,.001
3.186593,-3.89101E-04,1.144414E-04,-2.33333E-03
3.187594,-3.585834E-04,-2.670307E-04,-.001
3.188594,-2.517719E-04,-2.288828E-04,-3.66667E-03
3.189595,7.629441E-05,-5.340613E-04,.001
3.190595,1.907358E-04,-2.746601E-04,-.001
3.191596,2.13624E-04,-2.28883E-05,-.002
3.192596,1.831064E-04,-6.866502E-05,.001
3.193597,7.629453E-06,2.899189E-04,2.33333E-03
3.194597,-1.907358E-04,4.043598E-04,.001
3.195598,-5.340599E-05,2.441425E-04,6.66667E-04
3.196598,-1.144414E-04,7.095374E-04,-.001
3.197599,-9.15532E-05,7.858314E-04,6.66667E-04
3.198599,9.918259E-05,8.392371E-04,.001
3.1996,3.051781E-05,4.730243E-04,-.002
3.2006,-1.3733E-04,0,.001
3.201601,-2.594013E-04,-2.822895E-04,-6.66667E-04
3.202601,-3.967304E-04,-1.602182E-04,-6.66667E-04
3.203602,-2.899189E-04,-1.06812E-04,-6.66667E-04
3.204602,-2.212534E-04,-1.525888E-04,-.001
3.205603,-3.12807E-04,-3.12807E-04,-6.66667E-04
3.206603,-2.899189E-04,-4.425067E-04,-6.66667E-04
3.207604,-2.975482E-04,-1.220712E-04,-6.66667E-04
3.208604,-9.15532E-05,-5.035438E-04,-.001
3.209605,-3.814721E-05,-6.790198E-04,-.001
3.210605,6.103562E-05,-4.959144E-04,-.002
3.211606,3.280658E-04,-5.035438E-04,-.002
3.212606,1.75477E-04,-3.051781E-05,-.001
3.213607,3.051781E-05,-7.629441E-05,-6.66667E-04
3.214607,-1.678476E-04,-2.975482E-04,-.001
3.215608,1.06812E-04,-3.12807E-04,-.001
3.216608,4.57766E-05,-2.670307E-04,.001
3.217609,1.06812E-04,-2.441425E-04,-6.66667E-04
3.218609,1.525891E-05,-4.501361E-04,-.002
3.21961,2.441425E-04,-3.738422E-04,-6.66667E-04
3.22061,-2.059946E-04,7.629453E-06,-6.66667E-04
3.221611,-6.790198E-04,2.212534E-04,.001
3.222611,-1.525888E-04,2.441425E-04,6.66667E-04
3.223612,-1.678476E-04,3.814721E-05,6.66667E-04
3.224612,-5.035438E-04,-3.204364E-04,-6.66667E-04
3.225613,-6.256141E-04,-4.043598E-04,6.66667E-04
3.226614,-3.433246E-04,-2.13624E-04,6.66667E-04
3.227614,-1.983652E-04,2.212534E-04,6.66667E-04
3.228614,-3.50954E-04,3.12807E-04,6.66667E-04
3.229615,-6.866492E-04,-1.297006E-04,-.001
3.230615,-2.13624E-04,7.629441E-05,-.001
3.231616,7.629453E-06,1.75477E-04,-.001
3.232616,6.027259E-04,2.059946E-04,-6.66667E-04
3.233617,7.705726E-04,1.983652E-04,-6.66667E-04
3.234617,4.653949E-04,3.051781E-05,-.001
3.235618,1.678476E-04,-3.12807E-04,6.66667E-04
3.236619,2.441425E-04,-2.899189E-04,-.001
3.237619,2.975482E-04,-1.525888E-04,-2.33333E-03
3.238619,5.950965E-04,2.13624E-04,-.002
3.23962,3.89101E-04,-7.629453E-06,.001
3.24062,2.746601E-04,-2.365122E-04,-.002
3.241621,2.517719E-04,-1.525888E-04,.002
3.242621,-7.629453E-06,-3.280658E-04,.001
3.243622,-1.449594E-04,-3.89101E-04,-6.66667E-04
3.244622,-3.738422E-04,-3.967304E-04,-.001
3.245623,-4.27248E-04,-2.899189E-04,-6.66667E-04
3.246624,-4.348774E-04,-4.959144E-04,-.002
3.247624,-2.13624E-04,-3.204364E-04,-.001
3.248624,-6.866502E-05,-2.975482E-04,-.001
3.249625,6.866502E-05,-1.3733E-04,.002
3.250625,1.449594E-04,-3.433246E-04,-.001
3.251626,2.059946E-04,-3.204364E-04,.001
3.252626,6.103562E-05,-3.738422E-04,-.002
3.253627,-2.288828E-04,-1.449594E-04,-.002
3.254627,-4.043598E-04,-7.629453E-06,-2.33333E-03
3.255628,-2.670307E-04,-4.57766E-05,.002
3.256629,-1.220712E-04,1.678476E-04,-.002
3.257629,-1.602182E-04,1.144414E-04,-.002
3.258629,0,1.75477E-04,-6.66667E-04
3.25963,-1.602182E-04,-2.212534E-04,6.66667E-04
3.26063,-8.392381E-05,2.059946E-04,6.66667E-04
3.261631,-4.119892E-04,6.103562E-05,-2.33333E-03
3.262631,-3.967304E-04,3.051781E-05,.001
3.263632,-2.212534E-04,3.662128E-04,-.002
3.264632,-4.57766E-05,4.196186E-04,6.66667E-04
3.265633,-5.340599E-05,2.212534E-04,-6.66667E-04
3.266634,4.57766E-05,-1.144414E-04,-6.66667E-04
3.267634,7.629441E-05,-3.433246E-04,-.001
3.268634,7.629441E-05,-3.280658E-04,-2.33333E-03
3.269635,5.950965E-04,1.3733E-04,-3.66667E-03
3.270635,3.50954E-04,9.918259E-05,-6.66667E-04
3.271636,3.814716E-04,-1.06812E-04,-.002
3.272636,-3.051781E-05,-2.517719E-04,-.001
3.273637,-1.525888E-04,-7.629441E-05,-6.66667E-04
3.274637,-4.806537E-04,-2.059946E-04,-.002
3.275638,-3.50954E-04,-2.746601E-04,-.001
3.276639,-2.517719E-04,-2.28883E-05,-6.66667E-04
3.277639,-1.144414E-04,2.288828E-04,-6.66667E-04
3.278639,1.75477E-04,6.866502E-05,-.002
3.27964,-1.06812E-04,-3.051781E-05,-.002
3.28064,-1.297006E-04,-8.392381E-05,-.002
3.281641,1.525891E-05,3.89101E-04,-.002
3.282641,1.297006E-04,2.288828E-04,-.002
3.283642,1.602182E-04,1.3733E-04,.001
3.284642,2.975482E-04,-6.103562E-05,-.002
3.285643,4.577655E-04,-5.340599E-05,.001
3.286644,1.06812E-04,1.525891E-05,.001
3.287644,3.814721E-05,3.051781E-05,.001
3.288644,3.204364E-04,-8.392381E-05,-6.66667E-04
3.289645,4.119892E-04,1.525888E-04,-.002
3.290645,3.89101E-04,3.662128E-04,-.001
3.291646,1.678476E-04,6.179847E-04,6.66667E-04
3.292646,1.907358E-04,2.594013E-04,-2.33333E-03
3.293647,2.288828E-04,-3.051781E-05,-.001
3.294647,3.356952E-04,3.738422E-04,-.001
3.295648,-3.051781E-05,9.613074E-04,-.002
3.296649,1.831064E-04,1.052864E-03,-6.66667E-04
3.297649,3.204364E-04,1.037605E-03,-5.33333E-03
3.298649,3.433246E-04,6.256141E-04,-.001
3.29965,1.678476E-04,1.602182E-04,6.66667E-04
3.30065,2.822895E-04,1.602182E-04,-.002
3.301651,3.738422E-04,3.89101E-04,-.001
3.302651,2.288828E-04,3.051776E-04,-6.66667E-04
3.303652,1.06812E-04,1.983652E-04,6.66667E-04
3.304652,4.57766E-05,1.907358E-04,-2.33333E-03
3.305653,-6.103562E-05,1.3733E-04,-.002
3.306653,-1.144414E-04,1.449594E-04,6.66667E-04
3.307654,-4.348774E-04,-1.602182E-04,-6.66667E-04
3.308654,-1.983652E-04,3.814721E-05,-.001
3.309655,-1.144414E-04,-1.525891E-05,-.001
3.310655,-3.814716E-04,-6.103562E-05,-.001
3.311656,-4.27248E-04,1.525888E-04,-.002
3.312656,-6.63761E-04,8.392381E-05,-6.66667E-04
3.313657,-4.043598E-04,-3.433246E-04,-.001
3.314657,-5.340599E-05,-5.416907E-04,-6.66667E-04
3.315658,2.059946E-04,-5.798377E-04,-6.66667E-04
3.316658,-5.340599E-05,-7.171668E-04,-.001
3.317659,0,-4.577655E-04,-6.66667E-04
3.318659,-5.340599E-05,-3.280658E-04,6.66667E-04
3.31966,8.392381E-05,-5.874671E-04,-6.66667E-04
3.32066,1.220712E-04,-3.738422E-04,.002
3.321661,3.50954E-04,-2.212534E-04,-.002
3.322661,2.975482E-04,-9.918259E-05,-3.66667E-03
3.323662,1.144414E-04,3.051781E-05,-.001
3.324662,8.392381E-05,2.059946E-04,-6.66667E-04
3.325663,-1.907358E-04,7.629453E-06,-2.33333E-03
3.326663,-5.111732E-04,-5.340599E-05,-6.66667E-04
3.327664,-8.087195E-04,-2.517719E-04,-.001
3.328664,-7.934608E-04,-2.288828E-04,-.001
3.329665,-6.942786E-04,-3.051776E-04,.002
3.330665,-4.806537E-04,7.629441E-05,-.001
3.331666,-6.63761E-04,2.28883E-05,.001
3.332666,-3.585834E-04,-2.13624E-04,-2.33333E-03
3.333667,-1.06812E-04,-1.602182E-04,-.001
3.334667,-2.13624E-04,2.059946E-04,-.002
3.335668,-1.525888E-04,3.12807E-04,-.001
3.336668,-1.678476E-04,3.967304E-04,-6.66667E-04
3.337669,1.144414E-04,3.50954E-04,-.001
3.338669,4.043598E-04,-1.983652E-04,-6.66667E-04
3.33967,2.288828E-04,-2.28883E-05,6.66667E-04
3.34067,2.059946E-04,2.13624E-04,6.66667E-04
3.341671,5.340599E-05,-1.602182E-04,.001
3.342671,-2.13624E-04,-1.831064E-04,-.002
3.343672,-3.814716E-04,-1.06812E-04,-6.66667E-04
3.344672,1.144414E-04,-1.449594E-04,-.001
3.345673,1.06812E-04,-1.602182E-04,-6.66667E-04
3.346673,-5.340599E-05,-1.3733E-04,6.66667E-04
3.347674,-1.525888E-04,-1.678476E-04,-6.66667E-04
3.348674,-1.06812E-04,0,6.66667E-04
3.349675,2.28883E-05,1.220712E-04,-6.66667E-04
3.350675,-2.517719E-04,3.280658E-04,.002
3.351676,-4.88285E-04,4.653949E-04,-.002
3.352676,-5.645789E-04,4.425067E-04,.001
3.353677,-2.975482E-04,2.746601E-04,-.001
3.354677,-2.670307E-04,1.525888E-04,-.001
3.355678,-3.967304E-04,2.059946E-04,-.001
3.356678,-2.670307E-04,5.264319E-04,-.001
3.357679,-9.15532E-05,5.645789E-04,-.002
3.358679,-6.103562E-05,5.798377E-04,-6.66667E-04
3.35968,-3.051781E-05,3.738422E-04,6.66667E-04
3.36068,-1.220712E-04,1.144414E-04,6.66667E-04
3.361681,-3.051781E-05,1.144414E-04,-.002
3.362681,1.678476E-04,-1.602182E-04,.001
3.363682,1.525891E-05,-2.212534E-04,-.002
3.364682,0,-2.517719E-04,.001
3.365683,-2.517719E-04,1.525891E-05,-.001
3.366683,-3.433246E-04,9.918259E-05,.002
3.367684,-5.874671E-04,-1.525891E-05,6.66667E-04
3.368684,-1.297006E-04,-4.806537E-04,.001
3.369685,-7.629453E-06,-4.653949E-04,-6.66667E-04
3.370685,3.356952E-04,-6.256141E-04,-.001
3.371686,1.06812E-04,-4.425067E-04,-3.66667E-03
3.372686,5.340599E-05,-3.051781E-05,-.002
3.373687,-2.517719E-04,-3.051781E-05,-6.66667E-04
3.374687,-6.256141E-04,9.918259E-05,-.002
3.375688,-4.119892E-04,-8.392381E-05,-6.66667E-04
3.376688,-4.119892E-04,-3.89101E-04,.001
3.377689,-2.975482E-04,-1.06812E-04,-.001
3.378689,-5.340599E-05,-2.13624E-04,-6.66667E-04
3.37969,-1.144414E-04,-6.103562E-05,6.66667E-04
3.38069,-4.348774E-04,-3.814721E-05,.001
3.381691,-3.585834E-04,-5.340599E-05,-.002
3.382691,-3.662128E-04,9.918259E-05,-2.33333E-03
3.383692,-6.790198E-04,-2.594013E-04,-.001
3.384692,-3.12807E-04,-1.449594E-04,-.001
3.385693,-1.525891E-05,1.831064E-04,-6.66667E-04
3.386693,4.57766E-05,9.918259E-05,-6.66667E-04
3.387694,-6.866502E-05,0,-6.66667E-04
3.388694,-8.392381E-05,-7.629453E-06,6.66667E-04
3.389695,1.297006E-04,7.629453E-06,-.001
3.390696,1.525888E-04,2.28883E-05,-.001
3.391696,1.144414E-04,2.059946E-04,-2.33333E-03
3.392696,-4.196186E-04,4.88285E-04,-6.66667E-04
3.393697,-1.983652E-04,2.746601E-04,-6.66667E-04
3.394697,-3.204364E-04,5.340599E-05,-.001
3.395698,-1.75477E-04,1.75477E-04,.001
3.396698,4.57766E-05,-1.06812E-04,-6.66667E-04
3.397699,-1.220712E-04,-1.983652E-04,-6.66667E-04
3.398699,-8.468665E-04,-1.831064E-04,6.66667E-04
3.3997,-9.155311E-04,-1.907358E-04,.001
3.400701,-5.340613E-04,2.212534E-04,.001
3.401701,-3.585834E-04,1.907358E-04,-.002
3.402701,-1.907358E-04,1.3733E-04,-.001
3.403702,-7.629453E-06,-3.356952E-04,-.001
3.404702,3.051781E-05,-1.831064E-04,-.001
3.405703,1.525891E-05,-7.629441E-05,6.66667E-04
3.406703,-1.06812E-04,3.051781E-05,6.66667E-04
3.407704,7.629453E-06,-1.449594E-04,-.001
3.408704,5.340599E-05,-2.28883E-05,.001
3.409705,-1.144414E-04,1.75477E-04,-6.66667E-04
3.410706,-3.738422E-04,2.822895E-04,-6.66667E-04
3.411706,-7.934608E-04,1.144414E-04,2.33333E-03
3.412706,-1.068123E-03,-3.051781E-05,-6.66667E-04
3.413707,-1.243599E-03,-2.899189E-04,6.66667E-04
3.414707,-1.09864E-03,0,-.001
3.415708,-8.163489E-04,4.57766E-05,-.001
3.416708,-9.994581E-04,8.392381E-05,-6.66667E-04
3.417709,-1.09864E-03,2.517719E-04,6.66667E-04
3.418709,-1.243599E-03,2.517719E-04,6.66667E-04
3.41971,-1.754768E-03,2.059946E-04,-.001
3.420711,-2.258316E-03,-1.06812E-04,-.002
3.421711,-2.761856E-03,-4.196186E-04,-.002
3.422711,-3.189102E-03,-3.204364E-04,-3.66667E-03
3.423712,-4.005462E-03,-4.806537E-04,-2.33333E-03
3.424712,-5.012542E-03,-6.027259E-04,.001
3.425713,-5.828887E-03,-5.874671E-04,.001
3.426713,-7.171661E-03,-7.476844E-04,-.001
3.427714,-8.323729E-03,-9.918287E-04,-6.66667E-04
3.428714,-1.024634E-02,-1.266487E-03,-2.33333E-03
3.429715,-1.214606E-02,-1.632698E-03,-6.66667E-04
3.430716,-1.416785E-02,-1.548775E-03,-6.66667E-04
3.431716,-1.592267E-02,-1.777656E-03,-.001
3.432716,-.0176698,-1.800545E-03,-.002
3.433717,-1.939404E-02,-1.960769E-03,6.66667E-04
3.434717,-2.064526E-02,-2.151504E-03,-6.66667E-04
3.435718,-2.113354E-02,-2.532974E-03,6.66667E-04
3.436718,-.0210954,-2.273574E-03,-6.66667E-04
3.437719,-2.000439E-02,-1.876839E-03,6.66667E-04
3.438719,-1.795208E-02,-2.07521E-03,-2.33333E-03
3.43972,-1.651013E-02,-2.159134E-03,6.66667E-04
3.440721,-1.505286E-02,-2.159134E-03,.001
3.441721,-1.346594E-02,-1.785286E-03,-.001
3.442721,-1.157385E-02,-1.35041E-03,6.66667E-04
3.443722,-1.000983E-02,-1.136787E-03,.001
3.444722,-8.522093E-03,-8.621253E-04,-.001
3.445723,-6.973296E-03,-7.171668E-04,6.66667E-04
3.446723,-5.821258E-03,-4.806537E-04,-.001
3.447724,-4.928619E-03,-2.13624E-04,-.001
3.448724,-3.898636E-03,-3.051781E-05,-.001
3.449725,-3.33406E-03,-3.662128E-04,-6.66667E-04
3.450726,-2.464309E-03,-4.653949E-04,-2.33333E-03
3.451726,-1.991287E-03,-3.051781E-05,-6.66667E-04
3.452726,-1.777656E-03,-3.738422E-04,.002
3.453727,-1.571663E-03,-5.035438E-04,6.66667E-04
3.454727,-1.403816E-03,-4.27248E-04,-2.33333E-03
3.455728,-9.231605E-04,-3.738422E-04,6.66667E-04
3.456728,-5.569495E-04,-3.051776E-04,-6.66667E-04
3.457729,-2.670307E-04,7.629453E-06,-.002
3.458729,-1.831064E-04,3.967304E-04,-6.66667E-04
3.45973,-6.561317E-04,4.425067E-04,.001
3.460731,-9.155311E-04,2.212534E-04,-.001
3.461731,-7.705726E-04,-7.629441E-05,-3.66667E-03
3.462731,-7.01908E-04,1.06812E-04,-.002
3.463732,-5.188026E-04,4.27248E-04,.001
3.464732,-2.670307E-04,6.63761E-04,-6.66667E-04
3.465733,2.28883E-05,4.196186E-04,6.66667E-04
3.466733,2.517719E-04,2.746601E-04,-.001
3.467734,3.356952E-04,3.356952E-04,6.66667E-04
3.468734,-7.629441E-05,2.594013E-04,.001
3.469735,-3.204364E-04,1.06812E-04,6.66667E-04
3.470736,-3.280658E-04,1.525891E-05,-.001
3.471736,-5.340599E-05,1.75477E-04,-.001
3.472736,4.57766E-05,3.662128E-04,.002
3.473737,9.918259E-05,-5.340599E-05,-2.33333E-03
3.474737,-7.629441E-05,-1.602182E-04,-6.66667E-04
3.475738,-2.670307E-04,-3.356952E-04,6.66667E-04
3.476738,-1.525888E-04,-1.678476E-04,.001
3.477739,-1.06812E-04,-1.678476E-04,-.001
3.478739,1.525888E-04,-1.297006E-04,-.001
3.47974,3.051781E-05,3.662128E-04,-.001
3.480741,1.06812E-04,3.50954E-04,6.66667E-04
3.481741,-3.051781E-05,1.220712E-04,-.001
3.482741,-6.866502E-05,1.144414E-04,-2.33333E-03
3.483742,6.103562E-05,1.525888E-04,-.002
3.484742,3.89101E-04,1.3733E-04,6.66667E-04
3.485743,-2.059946E-04,6.103562E-05,-6.66667E-04
3.486743,-1.3733E-04,-7.629453E-06,-.002
3.487744,1.831064E-04,1.525891E-05,-.002
3.488744,-5.340599E-05,-3.12807E-04,-.001
3.489745,-2.059946E-04,-2.13624E-04,-6.66667E-04
3.490746,7.629441E-05,-3.356952E-04,6.66667E-04
3.491746,7.629453E-06,-4.806537E-04,6.66667E-04
3.492746,3.280658E-04,-4.043598E-04,-.001
3.493747,4.88285E-04,-4.27248E-04,-.002
3.494747,3.814716E-04,-3.738422E-04,-6.66667E-04
3.495748,1.144414E-04,-3.50954E-04,-2.33333E-03
3.496748,-1.06812E-04,7.629441E-05,6.66667E-04
3.497749,-1.907358E-04,1.525888E-04,-6.66667E-04
3.498749,-2.670307E-04,-1.3733E-04,-6.66667E-04
3.49975,-2.13624E-04,-4.653949E-04,-.002
3.500751,-2.670307E-04,-2.670307E-04,-6.66667E-04
3.501751,-4.959144E-04,-1.297006E-04,-.001
3.502751,-5.111732E-04,-3.89101E-04,-.001
3.503752,-1.75477E-04,-3.356952E-04,6.66667E-04
3.504752,-3.051781E-05,-2.365122E-04,-3.66667E-03
3.505753,7.629453E-06,7.629453E-06,-6.66667E-04
3.506753,-1.06812E-04,-1.678476E-04,6.66667E-04
3.507754,2.670307E-04,-3.738422E-04,.001
3.508754,1.75477E-04,-2.670307E-04,-.001
3.509755,5.340599E-05,3.051781E-05,-.001
3.510756,-2.28883E-05,8.392381E-05,-.001
3.511756,-3.585834E-04,-2.975482E-04,.001
3.512756,-6.408729E-04,-1.144414E-04,.002
3.513757,-6.256141E-04,1.06812E-04,-.001
3.514757,-2.670307E-04,0,-.001
3.515758,-1.525888E-04,1.983652E-04,-6.66667E-04
3.516758,1.449594E-04,3.433246E-04,-6.66667E-04
3.517759,1.907358E-04,5.569495E-04,-6.66667E-04
3.518759,2.822895E-04,6.103553E-04,.001
3.51976,-1.220712E-04,4.196186E-04,.001
3.520761,-2.441425E-04,-1.297006E-04,-.001
3.521761,-2.822895E-04,-3.204364E-04,6.66667E-04
3.522761,-3.051776E-04,-4.043598E-04,6.66667E-04
3.523762,-3.433246E-04,-3.50954E-04,-.001
3.524762,-2.13624E-04,-6.408729E-04,-.002
3.525763,-1.06812E-04,-3.051776E-04,6.66667E-04
3.526763,-1.831064E-04,-4.27248E-04,-6.66667E-04
3.527764,-4.27248E-04,-5.188026E-04,6.66667E-04
3.528764,-4.27248E-04,-5.340599E-05,-6.66667E-04
3.529765,-6.408729E-04,3.89101E-04,.001
3.530766,-7.247962E-04,5.645789E-04,6.66667E-04
3.531766,-5.340613E-04,4.348774E-04,-.002
3.532766,-5.340613E-04,3.12807E-04,-.001
3.533767,-6.63761E-04,2.13624E-04,6.66667E-04
3.534767,-4.653949E-04,-1.449594E-04,-6.66667E-04
3.535768,-4.653949E-04,-4.27248E-04,-.001
3.536768,-4.196186E-04,-3.585834E-04,-.001
3.537769,-2.670307E-04,-2.975482E-04,-.002
3.538769,2.28883E-05,-3.967304E-04,6.66667E-04
3.53977,-9.15532E-05,4.57766E-05,-6.66667E-04
3.540771,-1.602182E-04,3.662128E-04,-.002
3.541771,-2.975482E-04,2.975482E-04,-6.66667E-04
3.542771,-3.204364E-04,7.629441E-05,-2.33333E-03
3.543772,-3.814716E-04,-2.28883E-05,-.001
3.544772,-2.13624E-04,-1.297006E-04,-.002
3.545773,-3.738422E-04,6.103562E-05,-.001
3.546773,-5.188026E-04,8.392381E-05,-.001
3.547774,-4.348774E-04,-1.907358E-04,6.66667E-04
3.548774,-2.13624E-04,-2.365122E-04,-.001
3.549775,-6.866492E-04,-1.144414E-04,6.66667E-04
3.550776,-6.63761E-04,-1.525888E-04,-.001
3.551776,-5.340613E-04,-4.27248E-04,-.002
3.552776,-4.653949E-04,-8.163489E-04,-6.66667E-04
3.553777,-4.196186E-04,-9.002723E-04,-.001
3.554777,-3.356952E-04,-5.798377E-04,-6.66667E-04
3.555778,-3.433246E-04,-4.57766E-05,-6.66667E-04
3.556778,-6.790198E-04,-1.06812E-04,-2.33333E-03
3.557779,-7.629432E-04,-2.059946E-04,-.001
3.558779,-8.087195E-04,-6.866502E-05,-6.66667E-04
3.55978,-1.052864E-03,1.525888E-04,6.66667E-04
3.560781,-1.419075E-03,2.594013E-04,6.66667E-04
3.561781,-1.815803E-03,3.051776E-04,.001
3.562781,-1.968399E-03,4.501361E-04,.001
3.563782,-2.342239E-03,3.280658E-04,-.002
3.564783,-2.555862E-03,2.288828E-04,-6.66667E-04
3.565783,-2.746597E-03,-1.220712E-04,-6.66667E-04
3.566783,-2.944961E-03,-4.806537E-04,-.001
3.567784,-3.219619E-03,-4.27248E-04,-.001
3.568784,-3.570572E-03,-2.822895E-04,-6.66667E-04
3.569785,-3.753677E-03,1.907358E-04,.001
3.570786,-3.532425E-03,1.525891E-05,-.001
3.571786,-3.364578E-03,-4.425067E-04,-.002
3.572786,-2.990738E-03,-2.746601E-04,.001
3.573787,-2.807632E-03,1.144414E-04,-6.66667E-04
3.574788,-2.304092E-03,4.27248E-04,.001
3.575788,-2.098098E-03,3.89101E-04,.001
3.576788,-1.976028E-03,2.059946E-04,-.001
3.577789,-1.556404E-03,1.907358E-04,-.001
3.578789,-9.53678E-04,6.790198E-04,-6.66667E-04
3.57979,-7.553138E-04,3.204364E-04,2.33333E-03
3.580791,-5.645789E-04,2.365122E-04,.002
3.581791,-4.119892E-04,4.348774E-04,-.002
3.582791,-3.433246E-04,5.340613E-04,-3.66667E-03
3.583792,-2.212534E-04,3.89101E-04,-6.66667E-04
3.584793,-1.3733E-04,-5.340599E-05,-.002
3.585793,-4.043598E-04,5.340599E-05,-6.66667E-04
3.586793,-3.738422E-04,2.594013E-04,-6.66667E-04
3.587794,8.392381E-05,1.831064E-04,6.66667E-04
3.588794,1.220712E-04,1.220712E-04,6.66667E-04
3.589795,-7.629441E-05,-2.212534E-04,-.002
3.590796,3.814721E-05,-1.678476E-04,-6.66667E-04
3.591796,1.525891E-05,-2.746601E-04,-6.66667E-04
3.592796,-1.144414E-04,-9.15532E-05,-.001
3.593797,-2.059946E-04,1.220712E-04,6.66667E-04
3.594798,-1.602182E-04,-7.629441E-05,-.002
3.595798,-8.392381E-05,-1.525891E-05,-6.66667E-04
3.596798,-2.670307E-04,1.75477E-04,-.001
3.597799,-3.89101E-04,6.866502E-05,6.66667E-04
3.598799,-3.356952E-04,-1.297006E-04,6.66667E-04
3.5998,-2.059946E-04,7.629453E-06,-2.33333E-03
3.600801,-1.144414E-04,1.678476E-04,-2.33333E-03
3.601801,-1.3733E-04,-1.06812E-04,6.66667E-04
3.602801,-3.585834E-04,-1.831064E-04,-6.66667E-04
3.603802,-2.594013E-04,-1.75477E-04,-6.66667E-04
3.604803,-2.441425E-04,-1.602182E-04,.001
3.605803,-8.392381E-05,-5.035438E-04,-2.33333E-03
3.606803,3.12807E-04,-6.408729E-04,-6.66667E-04
3.607804,4.348774E-04,-4.196186E-04,-.001
3.608804,7.858314E-04,1.144414E-04,-5.33333E-03
3.609805,8.010902E-04,1.525891E-05,-6.66667E-04
3.610806,1.831064E-04,-1.06812E-04,.001
3.611806,1.3733E-04,4.57766E-05,-6.66667E-04
3.612806,-2.365122E-04,-8.392381E-05,-6.66667E-04
3.613807,-2.365122E-04,3.662128E-04,-6.66667E-04
3.614808,-3.814721E-05,3.89101E-04,6.66667E-04
3.615808,-1.983652E-04,2.212534E-04,-2.33333E-03
3.616808,-6.103562E-05,2.212534E-04,-.001
3.617809,6.866502E-05,4.27248E-04,-6.66667E-04
3.618809,-1.220712E-04,6.027259E-04,6.66667E-04
3.61981,-1.75477E-04,1.3733E-04,-.002
3.620811,-6.103562E-05,-1.602182E-04,-6.66667E-04
3.621811,-3.814721E-05,-3.356952E-04,-.004
3.622811,-1.06812E-04,-3.204364E-04,-2.33333E-03
3.623812,3.967304E-04,-2.212534E-04,-.002
3.624813,1.220712E-04,-2.365122E-04,-.001
3.625813,0,-2.975482E-04,6.66667E-04
3.626813,-1.449594E-04,-2.670307E-04,-.002
3.627814,-1.144414E-04,-5.111732E-04,.002
3.628814,5.340599E-05,-4.577655E-04,-6.66667E-04
3.629815,4.57766E-05,-2.822895E-04,-.002
3.630816,-2.746601E-04,-1.220712E-04,6.66667E-04
3.631816,-7.629441E-05,1.06812E-04,6.66667E-04
3.632816,2.28883E-05,-4.57766E-05,.001
3.633817,1.220712E-04,-2.746601E-04,6.66667E-04
3.634818,4.119892E-04,-3.814721E-05,6.66667E-04
3.635818,3.280658E-04,2.059946E-04,.002
3.636818,4.043598E-04,1.144414E-04,-.002
3.637819,4.730243E-04,2.594013E-04,-6.66667E-04
3.638819,3.738422E-04,-2.28883E-05,-6.66667E-04
3.63982,4.57766E-05,-2.822895E-04,-6.66667E-04
3.640821,-3.356952E-04,-1.144414E-04,-6.66667E-04
3.641821,-5.416907E-04,1.525891E-05,-6.66667E-04
3.642821,-3.89101E-04,3.051781E-05,-2.33333E-03
3.643822,-1.449594E-04,2.670307E-04,6.66667E-04
3.644823,0,4.043598E-04,-.001
3.645823,1.525888E-04,2.059946E-04,2.33333E-03
3.646823,-4.57766E-05,3.12807E-04,-.002
3.647824,-8.392381E-05,1.449594E-04,.001
3.648824,-3.051776E-04,1.602182E-04,-6.66667E-04
3.649825,-1.525888E-04,-3.814721E-05,6.66667E-04
3.650826,-2.13624E-04,-2.517719E-04,-6.66667E-04
3.651826,-1.602182E-04,-9.918259E-05,-2.33333E-03
3.652826,-7.629441E-05,-6.103562E-05,-.002
3.653827,-2.059946E-04,-3.662128E-04,-.001
3.654828,-5.111732E-04,-2.746601E-04,-6.66667E-04
3.655828,-5.722083E-04,-2.517719E-04,-.002
3.656828,-5.950965E-04,-3.738422E-04,-6.66667E-04
3.657829,-7.40055E-04,-3.89101E-04,.001
3.658829,-5.493201E-04,-2.670307E-04,.001
3.65983,-3.50954E-04,-9.918259E-05,-.001
3.66083,-6.942786E-04,-2.13624E-04,.002
3.661831,-7.934608E-04,6.103562E-05,-.002
3.662831,-8.697547E-04,4.57766E-05,-3.66667E-03
3.663832,-1.48011E-03,-1.678476E-04,-.002
3.664833,-2.059951E-03,-4.196186E-04,-.001
3.665833,-2.304092E-03,-2.517719E-04,-6.66667E-04
3.666833,-2.815261E-03,-1.831064E-04,6.66667E-04
3.667834,-3.33406E-03,-3.280658E-04,-.001
3.668834,-4.219085E-03,-1.220712E-04,-.002
3.669835,-4.959136E-03,3.051776E-04,.001
3.670835,-5.470306E-03,3.89101E-04,.001
3.671836,-5.783111E-03,3.12807E-04,6.66667E-04
3.672836,-6.019622E-03,7.629441E-05,-6.66667E-04
3.673837,-5.79074E-03,-6.866502E-05,-.001
3.674838,-5.264312E-03,9.918259E-05,6.66667E-04
3.675838,-4.890472E-03,2.059946E-04,-.001
3.676838,-4.753143E-03,1.297006E-04,-.001
3.677839,-3.952056E-03,4.348774E-04,6.66667E-04
3.678839,-3.257766E-03,1.678476E-04,-6.66667E-04
3.67984,-3.013626E-03,-1.3733E-04,-6.66667E-04
3.68084,-2.243057E-03,3.204364E-04,-.002
3.681841,-1.449592E-03,4.88285E-04,-.002
3.682841,-9.002723E-04,4.730243E-04,-.002
3.683842,-7.858314E-04,2.899189E-04,-6.66667E-04
3.684843,-5.264319E-04,0,.002
3.685843,-8.392381E-05,-7.629453E-06,-.002
3.686843,3.50954E-04,2.288828E-04,.002
3.687844,1.907358E-04,3.356952E-04,-.001
3.688844,-8.392381E-05,3.12807E-04,6.66667E-04
3.689845,-1.831064E-04,1.678476E-04,-6.66667E-04
3.690845,-4.196186E-04,1.449594E-04,-6.66667E-04
3.691846,-2.670307E-04,1.602182E-04,-.001
3.692847,-6.103562E-05,4.119892E-04,-3.66667E-03
3.693847,-2.594013E-04,5.798377E-04,-.001
3.694848,-1.75477E-04,3.662128E-04,.002
3.695848,-7.629453E-06,7.629441E-05,-.001
3.696848,2.365122E-04,3.356952E-04,-6.66667E-04
3.697849,2.365122E-04,2.594013E-04,.001
3.698849,1.525888E-04,3.356952E-04,-6.66667E-04
3.69985,-7.629453E-06,4.27248E-04,-.001
3.70085,-3.814721E-05,2.059946E-04,.002
3.701851,8.392381E-05,-2.212534E-04,-.001
3.702852,-6.103562E-05,-3.356952E-04,-.002
3.703852,1.75477E-04,1.06812E-04,-.001
3.704853,4.196186E-04,1.831064E-04,6.66667E-04
3.705853,3.280658E-04,7.629441E-05,6.66667E-04
3.706853,-6.103562E-05,6.103562E-05,-6.66667E-04
3.707854,-1.06812E-04,8.392381E-05,-.002
3.708854,9.918259E-05,6.866502E-05,-6.66667E-04
3.709855,3.814721E-05,2.441425E-04,-6.66667E-04
3.710855,-2.13624E-04,9.918259E-05,-.002
3.711856,-2.288828E-04,-1.144414E-04,-.001
3.712857,9.918259E-05,-4.196186E-04,-.001
3.713857,3.814721E-05,-2.288828E-04,-.001
3.714858,-3.738422E-04,-1.3733E-04,-.002
3.715858,-1.602182E-04,1.449594E-04,-.001
3.716858,-3.204364E-04,1.602182E-04,-.001
3.717859,-2.13624E-04,4.57766E-05,6.66667E-04
3.718859,-6.408729E-04,4.653949E-04,-6.66667E-04
3.71986,-5.874671E-04,2.365122E-04,-6.66667E-04
3.72086,-4.27248E-04,1.831064E-04,.001
3.721861,-1.3733E-04,9.15532E-05,.001
3.722862,-1.06812E-04,-5.340599E-05,-.001
3.723862,-3.662128E-04,-1.144414E-04,-.001
3.724863,-4.577655E-04,6.103562E-05,-6.66667E-04
3.725863,-4.730243E-04,1.449594E-04,-.001
3.726863,-7.01908E-04,2.746601E-04,.001
3.727864,-2.975482E-04,3.12807E-04,-.001
3.728864,7.629441E-05,3.89101E-04,.001
3.729865,-1.220712E-04,4.57766E-05,-.002
3.730865,-1.831064E-04,-1.525891E-05,.002
3.731866,0,-2.212534E-04,-.001
3.732867,7.629453E-06,-8.392381E-05,-.001
3.733867,5.035438E-04,0,-.002
3.734868,4.653949E-04,5.416907E-04,-6.66667E-04
3.735868,2.28883E-05,7.247962E-04,-.002
3.736868,-2.441425E-04,1.983652E-04,-.001
3.737869,-2.365122E-04,8.392381E-05,6.66667E-04
3.73887,-3.051776E-04,0,-6.66667E-04
3.73987,-3.204364E-04,-1.525888E-04,-.002
3.74087,-2.822895E-04,1.831064E-04,.001
3.741871,-3.814721E-05,2.441425E-04,-.001
3.742872,-6.103562E-05,1.525891E-05,-.002
3.743872,-1.602182E-04,-1.678476E-04,.001
3.744873,-1.449594E-04,-2.899189E-04,-.001
3.745873,-7.629441E-05,-3.356952E-04,-.001
3.746873,-3.051781E-05,-1.983652E-04,6.66667E-04
3.747874,-1.144414E-04,-2.822895E-04,-.002
3.748875,-1.75477E-04,5.340599E-05,6.66667E-04
3.749875,-1.525891E-05,-7.629441E-05,-.001
3.750875,-6.866502E-05,6.103562E-05,-6.66667E-04
3.751876,-1.75477E-04,-2.212534E-04,-.001
3.752877,-2.975482E-04,-4.119892E-04,-.002
3.753877,-3.280658E-04,-1.220712E-04,-.002
3.754878,-4.57766E-05,-1.144414E-04,6.66667E-04
3.755878,3.12807E-04,-1.3733E-04,-.001
3.756878,3.585834E-04,-1.297006E-04,-6.66667E-04
3.757879,2.594013E-04,3.814721E-05,.001
3.75888,6.866502E-05,4.57766E-05,-.002
3.75988,-3.738422E-04,2.517719E-04,-.001
3.76088,-3.051776E-04,1.831064E-04,-.002
3.761881,-7.629441E-05,2.822895E-04,6.66667E-04
3.762882,9.918259E-05,3.662128E-04,-.001
3.763882,3.051781E-05,-3.051781E-05,-.001
3.764883,2.594013E-04,3.585834E-04,.001
3.765883,2.441425E-04,7.629441E-05,-.001
3.766883,1.525888E-04,-2.670307E-04,-.001
3.767884,4.425067E-04,4.57766E-05,-6.66667E-04
3.768885,1.06812E-04,6.103562E-05,-6.66667E-04
3.769885,-1.907358E-04,2.288828E-04,-2.33333E-03
3.770885,-1.220712E-04,0,.001
3.771886,-3.50954E-04,1.144414E-04,6.66667E-04
3.772887,-2.059946E-04,2.746601E-04,-6.66667E-04
3.773887,-1.602182E-04,9.918259E-05,-.002
3.774888,-4.501361E-04,-9.15532E-05,-.001
3.775888,-4.043598E-04,2.288828E-04,-.001
3.776888,-1.06812E-04,2.517719E-04,6.66667E-04
3.777889,-2.517719E-04,4.730243E-04,-.001
3.77889,-1.3733E-04,2.517719E-04,-.001
3.77989,4.57766E-05,-1.449594E-04,-.001
3.78089,-2.13624E-04,9.918259E-05,-6.66667E-04
3.781891,-3.051781E-05,1.602182E-04,-.002
3.782892,9.918259E-05,4.196186E-04,-.002
3.783892,-7.629453E-06,3.356952E-04,-.002
3.784893,-1.602182E-04,2.441425E-04,-6.66667E-04
3.785893,-2.594013E-04,1.297006E-04,-2.33333E-03
3.786893,-3.814716E-04,-2.059946E-04,-6.66667E-04
3.787894,-4.577655E-04,1.449594E-04,.001
3.788895,-5.264319E-04,8.392381E-05,6.66667E-04
3.789895,-7.247962E-04,1.602182E-04,-.002
3.790895,-1.266487E-03,2.059946E-04,-6.66667E-04
3.791896,-2.067581E-03,4.57766E-05,-2.33333E-03
3.792897,-2.32698E-03,2.822895E-04,-6.66667E-04
3.793897,-3.524795E-03,2.441425E-04,-6.66667E-04
3.794898,-5.104095E-03,1.525888E-04,.001
3.795898,-6.828338E-03,1.06812E-04,6.66667E-04
3.796898,-7.949889E-03,9.918259E-05,6.66667E-04
3.797899,-8.880675E-03,1.525891E-05,-2.33333E-03
3.7989,-9.254515E-03,-2.975482E-04,-.001
3.7999,-9.353697E-03,-5.264319E-04,-2.33333E-03
3.8009,-8.81201E-03,-4.806537E-04,-.001
3.801901,-7.43106E-03,-2.212534E-04,6.66667E-04
3.802902,-5.744964E-03,-6.866502E-05,-2.33333E-03
3.803902,-4.615813E-03,-1.602182E-04,.001
3.804903,-3.524795E-03,-2.670307E-04,6.66667E-04
3.805903,-2.647415E-03,-1.06812E-04,-.001
3.806903,-1.663215E-03,1.06812E-04,6.66667E-04
3.807904,-1.007088E-03,1.525888E-04,-6.66667E-04
3.808905,-7.934608E-04,2.517719E-04,6.66667E-04
3.809905,-4.806537E-04,3.12807E-04,6.66667E-04
3.810905,-2.441425E-04,5.798377E-04,6.66667E-04
3.811906,6.103562E-05,3.356952E-04,-.001
3.812907,1.449594E-04,0,6.66667E-04
3.813907,2.975482E-04,-2.059946E-04,-.001
3.814908,1.3733E-04,-1.75477E-04,-6.66667E-04
3.815908,2.670307E-04,-2.059946E-04,-.001
3.816908,0,-2.212534E-04,-.002
3.817909,5.340599E-05,-1.75477E-04,-3.66667E-03
3.81891,1.06812E-04,-3.204364E-04,-.002
3.81991,3.051776E-04,-2.670307E-04,.001
3.82091,1.678476E-04,6.866502E-05,6.66667E-04
3.821911,-1.525891E-05,3.12807E-04,-6.66667E-04
3.822912,-5.340599E-05,3.89101E-04,-6.66667E-04
3.823912,-3.12807E-04,4.501361E-04,6.66667E-04
3.824913,-1.983652E-04,2.441425E-04,-.001
3.825913,1.678476E-04,1.525888E-04,-.001
3.826913,1.06812E-04,-8.392381E-05,6.66667E-04
3.827914,-4.57766E-05,-3.051776E-04,-.001
3.828915,-3.051781E-05,-2.13624E-04,6.66667E-04
3.829915,-6.103562E-05,-7.629453E-06,-6.66667E-04
3.830915,-2.059946E-04,1.525888E-04,-.001
3.831916,-1.297006E-04,-7.629441E-05,-6.66667E-04
3.832916,-1.06812E-04,-4.577655E-04,-.001
3.833917,-3.814716E-04,-3.662128E-04,6.66667E-04
3.834918,-4.119892E-04,-1.75477E-04,-.002
3.835918,-4.806537E-04,6.103562E-05,-6.66667E-04
3.836918,-6.408729E-04,6.103562E-05,-.002
3.837919,-6.63761E-04,-2.746601E-04,-6.66667E-04
3.83892,-4.88285E-04,-4.425067E-04,-2.33333E-03
3.83992,6.866502E-05,-2.13624E-04,-6.66667E-04
3.84092,2.059946E-04,1.3733E-04,-.002
3.841921,4.119892E-04,1.983652E-04,-.002
3.842921,2.670307E-04,-1.144414E-04,-6.66667E-04
3.843922,-2.594013E-04,7.629441E-05,-.001
3.844923,-4.348774E-04,2.059946E-04,-6.66667E-04
3.845923,-2.746601E-04,2.365122E-04,-2.33333E-03
3.846923,-1.525888E-04,1.907358E-04,.001
3.847924,-1.06812E-04,7.629453E-06,-.001
3.848925,1.144414E-04,-1.831064E-04,6.66667E-04
3.849925,9.15532E-05,-4.577655E-04,.002
3.850925,-3.204364E-04,-3.662128E-04,-6.66667E-04
3.851926,-1.602182E-04,-4.653949E-04,-6.66667E-04
3.852926,1.06812E-04,-4.806537E-04,-.001
3.853927,1.449594E-04,-2.975482E-04,-6.66667E-04
3.854928,-5.340599E-05,-2.212534E-04,-.002
3.855928,1.525891E-05,-3.204364E-04,-.002
3.856929,-1.602182E-04,-3.738422E-04,.001
3.857929,-2.288828E-04,-4.806537E-04,-.001
3.85893,-7.629453E-06,-5.340613E-04,-6.66667E-04
3.85993,1.06812E-04,-5.264319E-04,-6.66667E-04
3.86093,1.907358E-04,-5.111732E-04,6.66667E-04
3.861931,4.57766E-05,-3.433246E-04,.001
3.862931,9.918259E-05,-3.50954E-04,.002
3.863932,4.501361E-04,4.57766E-05,-.002
3.864933,2.822895E-04,1.602182E-04,-.002
3.865933,2.13624E-04,4.653949E-04,6.66667E-04
3.866934,-1.525891E-05,3.433246E-04,-2.33333E-03
3.867934,-1.297006E-04,1.06812E-04,-.002
3.868935,3.051781E-05,2.517719E-04,.001
3.869935,-1.3733E-04,3.280658E-04,-.001
3.870935,-2.365122E-04,7.01908E-04,-.002
3.871936,-3.051781E-05,6.408729E-04,-6.66667E-04
3.872936,-8.392381E-05,6.103562E-05,-6.66667E-04
3.873937,-2.059946E-04,-1.06812E-04,-6.66667E-04
3.874938,-5.340599E-05,-3.204364E-04,-.002
3.875938,-3.738422E-04,-2.212534E-04,-.001
3.876939,-5.950965E-04,-4.88285E-04,-.001
3.877939,-3.738422E-04,-2.746601E-04,.001
3.87894,-5.340599E-05,9.15532E-05,6.66667E-04
3.87994,6.866502E-05,1.220712E-04,6.66667E-04
3.88094,1.831064E-04,5.340599E-05,.001
3.881941,1.525888E-04,5.340599E-05,.001
3.882941,4.57766E-05,-7.629453E-06,-.001
3.883942,4.57766E-05,9.918259E-05,-6.66667E-04
3.884943,4.57766E-05,-6.866502E-05,-.002
3.885943,6.027259E-04,9.15532E-05,6.66667E-04
3.886944,4.501361E-04,-9.918259E-05,-.001
3.887944,2.899189E-04,-9.15532E-05,-6.66667E-04
3.888945,8.392381E-05,1.449594E-04,.001
3.889945,-1.144414E-04,4.196186E-04,.001
3.890945,6.103562E-05,2.059946E-04,-6.66667E-04
3.891946,3.051781E-05,-1.602182E-04,-.001
3.892946,4.57766E-05,-6.866502E-05,-6.66667E-04
3.893947,-3.204364E-04,4.57766E-05,-.001
3.894948,-4.88285E-04,2.13624E-04,-.001
3.895948,-2.13624E-04,1.525891E-05,-.002
3.896949,-1.602182E-04,4.57766E-05,-6.66667E-04
3.897949,-4.043598E-04,-1.678476E-04,-6.66667E-04
3.89895,-2.670307E-04,-3.662128E-04,-3.66667E-03
3.89995,-2.441425E-04,-1.831064E-04,-.001
3.90095,-3.585834E-04,-2.28883E-05,-.001
3.901951,-1.602182E-04,-3.051781E-05,6.66667E-04
3.902952,3.051781E-05,5.340599E-05,-.001
3.903952,1.678476E-04,3.585834E-04,-6.66667E-04
3.904953,1.831064E-04,6.027259E-04,-.001
3.905953,1.449594E-04,3.585834E-04,-.002
3.906954,4.196186E-04,-7.629441E-05,.001
3.907954,4.043598E-04,-6.790198E-04,.001
3.908955,6.332435E-04,-6.866492E-04,6.66667E-04
3.909955,4.806537E-04,-7.553138E-04,6.66667E-04
3.910955,1.220712E-04,-4.577655E-04,-6.66667E-04
3.911956,3.280658E-04,-3.12807E-04,.004
3.912957,-1.602182E-04,-2.517719E-04,6.66667E-04
3.913957,-3.814716E-04,-8.392381E-05,-.001
3.914958,-9.15532E-05,-1.220712E-04,-.001
3.915958,1.525888E-04,4.57766E-05,-.002
3.916959,4.425067E-04,2.059946E-04,.002
3.917959,5.264319E-04,6.485023E-04,-.004
3.91896,2.288828E-04,8.010902E-04,-6.66667E-04
3.91996,4.57766E-05,7.858314E-04,6.66667E-04
3.92096,2.365122E-04,3.662128E-04,-.002
3.921961,2.517719E-04,0,.001
3.922962,0,-6.63761E-04,-6.66667E-04
3.923962,-3.738422E-04,-8.239783E-04,-6.66667E-04
3.924963,-5.111732E-04,-7.247962E-04,-.001
3.925963,-4.653949E-04,-3.662128E-04,-.001
3.926964,-5.874671E-04,-1.678476E-04,-6.66667E-04
3.927964,-5.798377E-04,-4.57766E-05,6.66667E-04
3.928965,-4.425067E-04,-7.629453E-06,-.004
3.929965,-1.449594E-04,3.051776E-04,-6.66667E-04
3.930965,1.449594E-04,6.332435E-04,-6.66667E-04
3.931966,1.297006E-04,6.408729E-04,-2.33333E-03
3.932967,4.57766E-05,5.035438E-04,-.002
3.933967,9.15532E-05,1.3733E-04,-6.66667E-04
3.934968,2.899189E-04,-1.75477E-04,-.002
3.935968,1.449594E-04,-3.662128E-04,-6.66667E-04
3.936969,3.50954E-04,-2.670307E-04,.001
3.937969,5.264319E-04,-3.585834E-04,.001
3.93897,4.27248E-04,-1.75477E-04,6.66667E-04
3.93997,-1.75477E-04,-1.525888E-04,-6.66667E-04
3.94097,9.15532E-05,-1.06812E-04,6.66667E-04
3.941971,-2.822895E-04,3.814716E-04,.001
3.942972,-3.204364E-04,4.043598E-04,-.002
3.943972,-3.814716E-04,4.577655E-04,-.001
3.944973,-2.822895E-04,2.288828E-04,-3.66667E-03
3.945973,-9.15532E-05,3.433246E-04,6.66667E-04
3.946974,9.918259E-05,1.983652E-04,.001
3.947974,1.297006E-04,1.983652E-04,-6.66667E-04
3.948975,7.629453E-06,1.06812E-04,.001
3.949975,1.449594E-04,-2.441425E-04,-.002
3.950975,4.425067E-04,-4.577655E-04,-.002
3.951976,4.730243E-04,-2.594013E-04,-6.66667E-04
3.952977,9.460486E-04,-9.15532E-05,-.002
3.953977,9.53678E-04,1.3733E-04,.001
3.954978,8.316077E-04,6.103562E-05,.001
3.955978,6.713904E-04,3.280658E-04,.001
3.956979,4.653949E-04,-4.27248E-04,.001
3.957979,5.645789E-04,-4.27248E-04,6.66667E-04
3.95898,7.858314E-04,-2.975482E-04,-.001
3.95998,6.485023E-04,-1.3733E-04,-.002
3.96098,4.88285E-04,-1.983652E-04,-.002
3.961981,5.188026E-04,-7.629453E-06,-.001
3.962982,3.814716E-04,7.629441E-05,-6.66667E-04
3.963982,4.57766E-05,-1.525891E-05,-6.66667E-04
3.964983,-1.678476E-04,-2.13624E-04,-.001
3.965983,-9.15532E-05,-5.111732E-04,-6.66667E-04
3.966984,-9.918259E-05,-3.433246E-04,-3.66667E-03
3.967984,-7.629441E-05,-2.899189E-04,.001
3.968985,-1.449594E-04,-3.12807E-04,-.002
3.969985,-3.738422E-04,1.907358E-04,-6.66667E-04
3.970985,-5.340613E-04,2.975482E-04,.001
3.971986,-3.051781E-05,1.75477E-04,-6.66667E-04
3.972987,3.12807E-04,-1.449594E-04,-6.66667E-04
3.973987,3.051776E-04,-4.196186E-04,.001
3.974988,6.103562E-05,-4.119892E-04,-6.66667E-04
3.975988,-2.670307E-04,-2.670307E-04,.001
3.976989,-1.983652E-04,-2.517719E-04,-6.66667E-04
3.977989,6.103562E-05,-1.602182E-04,-2.33333E-03
3.97899,9.918259E-05,1.220712E-04,6.66667E-04
3.97999,1.831064E-04,1.831064E-04,-2.33333E-03
3.98099,1.525888E-04,1.678476E-04,-2.33333E-03
3.981991,-3.051781E-05,1.3733E-04,.001
3.982992,-3.814721E-05,2.746601E-04,-6.66667E-04
3.983992,6.103562E-05,1.831064E-04,-2.33333E-03
3.984993,4.57766E-05,-4.57766E-05,-.001
3.985993,1.678476E-04,-8.392381E-05,-.001
3.986994,5.340599E-05,-1.602182E-04,-.002
3.987994,-1.678476E-04,-8.392381E-05,-.001
3.988995,0,0,.001
3.989995,4.88285E-04,-2.365122E-04,-6.66667E-04
3.990995,4.730243E-04,-1.907358E-04,6.66667E-04
3.991996,4.501361E-04,-6.866502E-05,-.001
3.992997,3.12807E-04,2.059946E-04,-.002
3.993997,1.831064E-04,5.340599E-05,-6.66667E-04
3.994998,1.297006E-04,2.441425E-04,-6.66667E-04
3.995998,-3.814716E-04,5.874671E-04,-.001
3.996999,-4.348774E-04,6.713904E-04,-.002
3.997999,-2.13624E-04,6.485023E-04,6.66667E-04
3.999,-1.06812E-04,4.425067E-04,-6.66667E-04
4,2.059946E-04,2.822895E-04,.001
