"c:\users\esrlabn1\desktop\bence\ir_spectroscopy\532nm_odmr\magnet_map_1_680nm\118.dat  ---  04-27-2026 15:39:58"
""
"cavityli 20 2 4 2000 1 0 0"
"                             ;                             ;seth_xesr_precise 326.06 1 0 -2.5"
"setlockin 188.67 0.004 0 0.03 0.2"
4,2000
2,-2.288828E-04,1.75477E-04,-6.66667E-04
2.001,-2.13624E-04,-1.3733E-04,-6.66667E-04
2.002001,-2.212534E-04,-2.670307E-04,-6.66667E-04
2.003001,-1.602182E-04,-1.831064E-04,.001
2.004002,-4.196186E-04,6.103562E-05,.002
2.005002,-3.89101E-04,1.983652E-04,.001
2.006003,-2.670307E-04,1.144414E-04,-6.66667E-04
2.007004,-4.27248E-04,1.907358E-04,.002
2.008004,-2.13624E-04,4.730243E-04,-.002
2.009005,-1.75477E-04,7.858314E-04,-6.66667E-04
2.010005,-4.27248E-04,7.78202E-04,-.002
2.011005,-7.247962E-04,4.88285E-04,-.001
2.012006,-1.037605E-03,2.822895E-04,6.66667E-04
2.013006,-1.85395E-03,-7.629453E-06,-6.66667E-04
2.014007,-2.380386E-03,1.06812E-04,-.001
2.015007,-3.120437E-03,-2.441425E-04,.001
2.016008,-4.020721E-03,-4.959144E-04,-2.33333E-03
2.017009,-4.974395E-03,-6.256141E-04,-.002
2.018009,-6.599456E-03,-7.78202E-04,6.66667E-04
2.01901,-8.514464E-03,-8.621253E-04,.001
2.02001,-1.010138E-02,-8.697547E-04,6.66667E-04
2.02101,-1.113135E-02,-9.155311E-04,-6.66667E-04
2.022011,-1.155096E-02,-9.384193E-04,-.001
2.023011,-1.114661E-02,-1.083381E-03,-6.66667E-04
2.024012,-1.072699E-02,-9.231605E-04,-6.66667E-04
2.025012,-1.003271E-02,-7.095374E-04,-.002
2.026013,-8.94171E-03,-3.356952E-04,-2.33333E-03
2.027014,-7.698089E-03,-4.806537E-04,.001
2.028014,-6.42398E-03,-5.340613E-04,-.001
2.029015,-5.126983E-03,-3.89101E-04,-.001
2.030015,-3.883377E-03,-5.493201E-04,-.001
2.031015,-3.028885E-03,-9.384193E-04,6.66667E-04
2.032016,-2.067581E-03,-7.934608E-04,-6.66667E-04
2.033016,-1.297005E-03,-5.645789E-04,6.66667E-04
2.034017,-7.934608E-04,-6.866492E-04,-.001
2.035017,-5.340613E-04,-2.441425E-04,-.001
2.036018,-6.179847E-04,1.144414E-04,-.001
2.037019,-5.035438E-04,3.356952E-04,-6.66667E-04
2.038019,-4.653949E-04,4.730243E-04,6.66667E-04
2.03902,6.866502E-05,4.196186E-04,.001
2.04002,3.662128E-04,1.907358E-04,.002
2.04102,2.822895E-04,-3.051776E-04,6.66667E-04
2.042021,3.12807E-04,-6.485023E-04,-.001
2.043021,6.866502E-05,-8.316077E-04,-6.66667E-04
2.044022,-1.525891E-05,-4.577655E-04,6.66667E-04
2.045022,-6.103562E-05,-3.814716E-04,-.002
2.046023,5.340599E-05,-1.3733E-04,-.001
2.047024,4.425067E-04,-1.3733E-04,-6.66667E-04
2.048024,3.50954E-04,9.918259E-05,6.66667E-04
2.049025,2.28883E-05,7.629441E-05,6.66667E-04
2.050025,-4.57766E-05,-4.57766E-05,6.66667E-04
2.051026,-3.814721E-05,0,-2.33333E-03
2.052026,3.814716E-04,7.629453E-06,-.001
2.053026,7.629441E-05,4.57766E-05,-6.66667E-04
2.054027,-1.75477E-04,3.356952E-04,-.001
2.055027,1.220712E-04,3.50954E-04,-.001
2.056028,2.594013E-04,2.822895E-04,-6.66667E-04
2.057029,6.179847E-04,3.50954E-04,-.001
2.058029,1.602182E-04,2.212534E-04,-6.66667E-04
2.05903,4.57766E-05,-1.06812E-04,.001
2.06003,-2.822895E-04,1.06812E-04,6.66667E-04
2.061031,1.525891E-05,1.678476E-04,-.002
2.062031,8.392381E-05,2.441425E-04,.001
2.063031,-1.3733E-04,7.629453E-06,-.002
2.064032,1.297006E-04,9.918259E-05,-.002
2.065032,5.035438E-04,1.297006E-04,-6.66667E-04
2.066033,2.059946E-04,2.441425E-04,6.66667E-04
2.067034,-5.340599E-05,9.15532E-05,-6.66667E-04
2.068034,4.196186E-04,-1.449594E-04,.001
2.069035,4.196186E-04,-2.059946E-04,2.33333E-03
2.070035,2.441425E-04,3.662128E-04,-2.33333E-03
2.071036,7.629441E-05,3.585834E-04,-.001
2.072036,-2.670307E-04,2.975482E-04,-6.66667E-04
2.073036,-3.738422E-04,3.204364E-04,.001
2.074037,-3.051776E-04,-1.220712E-04,-6.66667E-04
2.075037,-5.569495E-04,-3.738422E-04,-.001
2.076038,-6.256141E-04,-5.340613E-04,6.66667E-04
2.077039,-6.63761E-04,-4.577655E-04,-.001
2.078039,-8.468665E-04,-2.746601E-04,.001
2.07904,-6.485023E-04,-4.653949E-04,-.001
2.08004,1.525891E-05,-5.111732E-04,6.66667E-04
2.081041,6.866502E-05,-3.204364E-04,-.002
2.082041,-1.06812E-04,-3.051781E-05,.001
2.083041,-8.392381E-05,1.220712E-04,-.001
2.084042,3.967304E-04,-5.340599E-05,-6.66667E-04
2.085042,4.27248E-04,-3.051781E-05,.001
2.086043,4.348774E-04,-7.629441E-05,-.001
2.087044,2.288828E-04,9.15532E-05,-2.33333E-03
2.088044,1.907358E-04,-1.3733E-04,-.002
2.089045,-2.13624E-04,-5.340599E-05,-2.33333E-03
2.090045,-1.525888E-04,8.392381E-05,.001
2.091046,-4.196186E-04,1.3733E-04,-.001
2.092046,-2.594013E-04,1.525888E-04,.001
2.093046,1.75477E-04,3.814716E-04,-6.66667E-04
2.094047,4.88285E-04,5.035438E-04,-.002
2.095047,2.212534E-04,2.13624E-04,-.001
2.096048,4.57766E-05,-1.525891E-05,-3.66667E-03
2.097049,-2.441425E-04,2.28883E-05,-6.66667E-04
2.098049,-2.28883E-05,-1.75477E-04,6.66667E-04
2.09905,-4.501361E-04,-7.934608E-04,-6.66667E-04
2.10005,-4.959144E-04,-3.662128E-04,-.002
2.101051,-1.831064E-04,-2.212534E-04,-6.66667E-04
2.102051,-2.746601E-04,-1.220712E-04,-.001
2.103051,-4.959144E-04,-2.28883E-05,-6.66667E-04
2.104052,-5.264319E-04,9.918259E-05,6.66667E-04
2.105052,-2.13624E-04,3.12807E-04,-6.66667E-04
2.106053,-1.75477E-04,4.577655E-04,-.002
2.107054,9.918259E-05,3.89101E-04,-.001
2.108054,3.051781E-05,5.264319E-04,.002
2.109055,-1.983652E-04,1.983652E-04,-6.66667E-04
2.110055,-9.15532E-05,-5.340599E-05,6.66667E-04
2.111056,-2.899189E-04,-8.392381E-05,-6.66667E-04
2.112056,-4.196186E-04,-7.629453E-06,6.66667E-04
2.113056,-3.89101E-04,-6.103562E-05,.002
2.114057,-2.28883E-05,-2.746601E-04,6.66667E-04
2.115057,-9.15532E-05,-2.670307E-04,6.66667E-04
2.116058,-1.983652E-04,-1.602182E-04,-.001
2.117059,-2.517719E-04,-1.220712E-04,-.002
2.118059,-5.340599E-05,2.288828E-04,.001
2.11906,-1.449594E-04,1.602182E-04,-6.66667E-04
2.12006,2.059946E-04,3.814721E-05,-.001
2.121061,6.561317E-04,-7.629441E-05,-6.66667E-04
2.122061,6.866492E-04,0,.001
2.123062,4.88285E-04,8.392381E-05,-.001
2.124062,2.670307E-04,7.629441E-05,-.001
2.125062,4.425067E-04,-2.28883E-05,-6.66667E-04
2.126063,5.722083E-04,-9.918259E-05,-6.66667E-04
2.127064,5.645789E-04,-3.204364E-04,.001
2.128064,5.645789E-04,-5.111732E-04,-.001
2.129065,5.722083E-04,-6.63761E-04,-.002
2.130065,4.806537E-04,-4.577655E-04,-6.66667E-04
2.131066,1.144414E-04,-4.196186E-04,6.66667E-04
2.132066,-1.06812E-04,-3.814716E-04,6.66667E-04
2.133067,8.392381E-05,-6.027259E-04,6.66667E-04
2.134067,-4.57766E-05,-1.983652E-04,-6.66667E-04
2.135067,1.06812E-04,2.13624E-04,-2.33333E-03
2.136068,4.730243E-04,1.831064E-04,-.002
2.137069,3.051776E-04,1.449594E-04,-.001
2.138069,2.594013E-04,1.983652E-04,-.001
2.13907,1.831064E-04,0,-6.66667E-04
2.14007,-2.670307E-04,7.629453E-06,-.004
2.141071,-4.348774E-04,1.907358E-04,-.001
2.142071,-1.602182E-04,6.866502E-05,-3.66667E-03
2.143072,-3.814721E-05,-1.06812E-04,.001
2.144072,-3.50954E-04,-3.814721E-05,-.001
2.145072,2.28883E-05,-9.918259E-05,-.001
2.146073,1.06812E-04,2.059946E-04,-.001
2.147074,5.111732E-04,-1.602182E-04,-.001
2.148074,5.264319E-04,-3.280658E-04,6.66667E-04
2.149075,3.585834E-04,-4.27248E-04,-6.66667E-04
2.150075,2.288828E-04,-8.392381E-05,-6.66667E-04
2.151076,-1.678476E-04,3.204364E-04,-6.66667E-04
2.152076,-3.356952E-04,3.814716E-04,-.001
2.153077,-1.678476E-04,4.501361E-04,-.001
2.154077,-6.103562E-05,-1.06812E-04,.001
2.155077,-1.220712E-04,-3.280658E-04,-.002
2.156078,5.340599E-05,-3.585834E-04,6.66667E-04
2.157079,1.678476E-04,4.57766E-05,-6.66667E-04
2.158079,-6.866502E-05,5.340599E-05,-.002
2.15908,-4.501361E-04,1.144414E-04,6.66667E-04
2.16008,-5.188026E-04,1.220712E-04,-.002
2.161081,-5.645789E-04,-5.340599E-05,-.002
2.162081,-4.425067E-04,0,-.001
2.163082,-2.365122E-04,3.89101E-04,-.001
2.164082,-9.15532E-05,2.975482E-04,-.001
2.165082,-1.06812E-04,-2.13624E-04,-.002
2.166083,5.340599E-05,-3.814721E-05,-.001
2.167084,2.594013E-04,-2.13624E-04,6.66667E-04
2.168084,1.602182E-04,8.392381E-05,-.002
2.169085,3.662128E-04,0,6.66667E-04
2.170085,3.967304E-04,-1.449594E-04,-6.66667E-04
2.171086,1.678476E-04,2.28883E-05,-.002
2.172086,5.188026E-04,1.449594E-04,-.001
2.173087,4.806537E-04,0,-.001
2.174087,2.899189E-04,7.629441E-05,-6.66667E-04
2.175087,2.594013E-04,-5.340599E-05,-.001
2.176088,3.585834E-04,1.602182E-04,-6.66667E-04
2.177088,4.043598E-04,7.629453E-06,-.001
2.178089,5.798377E-04,-3.585834E-04,-.001
2.17909,7.629441E-05,-5.188026E-04,.002
2.18009,-3.967304E-04,-9.15532E-05,6.66667E-04
2.181091,-5.264319E-04,2.059946E-04,-.001
2.182091,-1.297006E-04,2.670307E-04,6.66667E-04
2.183092,-1.678476E-04,2.212534E-04,-.002
2.184092,-1.3733E-04,5.111732E-04,-.001
2.185092,6.103562E-05,8.926429E-04,-6.66667E-04
2.186093,-1.525891E-05,7.171668E-04,-6.66667E-04
2.187093,3.280658E-04,5.340613E-04,6.66667E-04
2.188094,1.06812E-04,2.670307E-04,-6.66667E-04
2.189095,-1.602182E-04,3.89101E-04,6.66667E-04
2.190095,-2.975482E-04,3.433246E-04,6.66667E-04
2.191096,-2.822895E-04,1.449594E-04,-.002
2.192096,-4.425067E-04,-5.340599E-05,-6.66667E-04
2.193097,-4.806537E-04,-2.517719E-04,-6.66667E-04
2.194097,9.918259E-05,9.918259E-05,-6.66667E-04
2.195097,3.738422E-04,3.280658E-04,6.66667E-04
2.196098,1.144414E-04,2.822895E-04,.001
2.197098,1.297006E-04,0,-6.66667E-04
2.198099,1.525891E-05,-7.629441E-05,-2.33333E-03
2.1991,-2.059946E-04,-1.220712E-04,-6.66667E-04
2.2001,-3.814716E-04,-7.629441E-05,-6.66667E-04
2.201101,1.831064E-04,1.220712E-04,-.001
2.202101,3.814716E-04,1.678476E-04,-6.66667E-04
2.203102,5.950965E-04,8.392381E-05,6.66667E-04
2.204102,5.798377E-04,-1.525891E-05,-.002
2.205102,1.983652E-04,-1.831064E-04,-.001
2.206103,-2.288828E-04,-4.959144E-04,6.66667E-04
2.207103,-3.814716E-04,-3.204364E-04,-.002
2.208104,-3.50954E-04,-1.220712E-04,-2.33333E-03
2.209105,-3.204364E-04,9.15532E-05,-6.66667E-04
2.210105,-3.204364E-04,1.602182E-04,-6.66667E-04
2.211106,-2.899189E-04,2.594013E-04,6.66667E-04
2.212106,-2.28883E-05,8.392381E-05,-6.66667E-04
2.213107,1.297006E-04,3.356952E-04,-6.66667E-04
2.214107,-2.13624E-04,3.814716E-04,-6.66667E-04
2.215107,-3.738422E-04,6.103562E-05,-6.66667E-04
2.216108,-3.12807E-04,-1.678476E-04,6.66667E-04
2.217108,-5.340599E-05,-3.50954E-04,-6.66667E-04
2.218109,2.517719E-04,-2.13624E-04,.002
2.21911,4.501361E-04,1.831064E-04,-6.66667E-04
2.22011,3.433246E-04,2.594013E-04,.001
2.221111,2.594013E-04,6.713904E-04,-2.33333E-03
2.222111,3.738422E-04,3.662128E-04,.001
2.223112,7.629453E-06,2.059946E-04,-6.66667E-04
2.224112,-1.602182E-04,2.365122E-04,-.001
2.225112,-2.517719E-04,0,6.66667E-04
2.226113,-1.449594E-04,8.392381E-05,-3.66667E-03
2.227113,1.297006E-04,-1.06812E-04,6.66667E-04
2.228114,9.918259E-05,-5.340599E-05,-6.66667E-04
2.229115,-4.57766E-05,3.585834E-04,6.66667E-04
2.230115,-2.365122E-04,6.790198E-04,6.66667E-04
2.231116,-1.06812E-04,4.348774E-04,-6.66667E-04
2.232116,6.866502E-05,1.525888E-04,-6.66667E-04
2.233117,1.06812E-04,-1.220712E-04,-.002
2.234117,0,1.983652E-04,6.66667E-04
2.235118,-4.27248E-04,2.365122E-04,-.002
2.236118,-3.662128E-04,3.585834E-04,-2.33333E-03
2.237118,-2.059946E-04,2.517719E-04,6.66667E-04
2.238119,-1.06812E-04,1.983652E-04,-6.66667E-04
2.23912,-1.602182E-04,1.907358E-04,-.001
2.24012,-4.57766E-05,3.051781E-05,.001
2.241121,3.814721E-05,8.392381E-05,6.66667E-04
2.242121,-2.28883E-05,1.525891E-05,-.001
2.243122,-5.264319E-04,-1.75477E-04,.001
2.244122,-3.814721E-05,-5.188026E-04,-6.66667E-04
2.245123,1.678476E-04,-3.738422E-04,.001
2.246123,1.907358E-04,-2.899189E-04,-3.66667E-03
2.247123,2.288828E-04,-3.204364E-04,.002
2.248124,3.89101E-04,-1.3733E-04,6.66667E-04
2.249125,5.798377E-04,-2.13624E-04,-.002
2.250125,3.50954E-04,-1.831064E-04,.001
2.251126,-1.06812E-04,-5.340599E-05,-.001
2.252126,1.525891E-05,3.356952E-04,-2.33333E-03
2.253127,1.983652E-04,1.220712E-04,-2.33333E-03
2.254127,3.051776E-04,2.899189E-04,.001
2.255128,3.967304E-04,5.722083E-04,6.66667E-04
2.256128,1.983652E-04,3.89101E-04,.001
2.257128,9.918259E-05,2.288828E-04,-.001
2.258129,-9.918259E-05,1.907358E-04,2.33333E-03
2.25913,7.629453E-06,-1.75477E-04,-6.66667E-04
2.26013,3.662128E-04,4.57766E-05,6.66667E-04
2.261131,5.035438E-04,2.059946E-04,-.001
2.262131,1.907358E-04,2.899189E-04,-.002
2.263132,7.629441E-05,2.822895E-04,6.66667E-04
2.264132,-7.629453E-06,9.918259E-05,-6.66667E-04
2.265133,1.06812E-04,1.220712E-04,-.001
2.266133,3.967304E-04,4.57766E-05,-.002
2.267133,4.577655E-04,-1.3733E-04,.001
2.268134,2.746601E-04,-1.602182E-04,6.66667E-04
2.269135,1.831064E-04,3.051781E-05,6.66667E-04
2.270135,4.043598E-04,2.975482E-04,.001
2.271136,2.212534E-04,3.50954E-04,-.002
2.272136,3.433246E-04,1.220712E-04,-6.66667E-04
2.273137,3.051781E-05,1.525891E-05,6.66667E-04
2.274137,-1.602182E-04,-1.06812E-04,-6.66667E-04
2.275138,-3.738422E-04,-1.144414E-04,.001
2.276138,-2.594013E-04,-5.340599E-05,-6.66667E-04
2.277139,-5.035438E-04,-4.119892E-04,-.001
2.278139,-5.111732E-04,-5.874671E-04,6.66667E-04
2.27914,-2.059946E-04,-1.983652E-04,2.33333E-03
2.28014,-4.806537E-04,0,-6.66667E-04
2.281141,-3.204364E-04,-5.340599E-05,-6.66667E-04
2.282141,-1.449594E-04,-4.196186E-04,6.66667E-04
2.283142,-2.059946E-04,-3.12807E-04,6.66667E-04
2.284142,-4.501361E-04,-9.15532E-05,-.001
2.285143,-1.831064E-04,2.212534E-04,-6.66667E-04
2.286143,2.746601E-04,1.297006E-04,-6.66667E-04
2.287144,1.907358E-04,-3.814721E-05,-.001
2.288144,-2.28883E-05,1.678476E-04,-.002
2.289145,-1.983652E-04,1.602182E-04,-.002
2.290145,-3.585834E-04,-2.212534E-04,-6.66667E-04
2.291146,-2.670307E-04,-1.602182E-04,-6.66667E-04
2.292146,-5.035438E-04,-6.103562E-05,.001
2.293147,-3.051776E-04,-7.629441E-05,-.001
2.294147,-1.449594E-04,-4.27248E-04,6.66667E-04
2.295148,1.983652E-04,-4.043598E-04,-6.66667E-04
2.296148,4.119892E-04,-1.602182E-04,2.33333E-03
2.297149,4.501361E-04,-4.348774E-04,-.002
2.298149,5.950965E-04,-2.059946E-04,6.66667E-04
2.29915,2.822895E-04,-3.433246E-04,6.66667E-04
2.30015,1.525891E-05,-3.738422E-04,-6.66667E-04
2.301151,-1.525891E-05,-1.678476E-04,6.66667E-04
2.302151,-4.043598E-04,6.866502E-05,6.66667E-04
2.303152,-4.043598E-04,2.28883E-05,-.002
2.304152,-7.171668E-04,3.12807E-04,-.001
2.305153,-6.866492E-04,5.645789E-04,-.001
2.306153,-3.051776E-04,3.433246E-04,-2.33333E-03
2.307154,-1.220712E-04,2.594013E-04,-.001
2.308154,1.144414E-04,1.525888E-04,6.66667E-04
2.309155,1.525891E-05,3.814721E-05,-.001
2.310155,3.814721E-05,5.493201E-04,-.001
2.311156,1.297006E-04,9.7657E-04,-6.66667E-04
2.312156,9.918259E-05,9.994581E-04,-.001
2.313157,-2.212534E-04,9.384193E-04,-.002
2.314157,1.144414E-04,9.231605E-04,.001
2.315158,3.662128E-04,7.629432E-04,.002
2.316158,4.88285E-04,3.967304E-04,2.33333E-03
2.317159,4.577655E-04,3.50954E-04,.001
2.318159,-4.57766E-05,1.525891E-05,-.002
2.31916,-4.959144E-04,1.602182E-04,-6.66667E-04
2.32016,-5.493201E-04,5.340599E-05,6.66667E-04
2.321161,-6.866502E-05,-1.220712E-04,-.001
2.322161,3.814721E-05,-2.288828E-04,-6.66667E-04
2.323162,2.746601E-04,1.678476E-04,.001
2.324162,9.918259E-05,9.918259E-05,6.66667E-04
2.325163,-1.297006E-04,1.525891E-05,-.001
2.326163,-1.144414E-04,-3.051781E-05,-3.66667E-03
2.327164,2.28883E-05,-2.517719E-04,-.001
2.328164,1.3733E-04,-1.75477E-04,-.002
2.329165,4.57766E-05,-1.06812E-04,-.002
2.330165,4.57766E-05,-3.814721E-05,-.002
2.331166,1.144414E-04,-2.517719E-04,-.002
2.332166,2.288828E-04,-9.15532E-05,-2.33333E-03
2.333167,1.525888E-04,-1.06812E-04,-6.66667E-04
2.334167,-6.103562E-05,-3.204364E-04,-.001
2.335168,3.051776E-04,-3.967304E-04,-6.66667E-04
2.336168,-1.525888E-04,-3.738422E-04,-.001
2.337169,-3.12807E-04,-4.196186E-04,-6.66667E-04
2.338169,9.918259E-05,-4.653949E-04,-6.66667E-04
2.33917,4.57766E-05,-7.171668E-04,-.002
2.34017,-4.57766E-05,-3.814716E-04,-2.33333E-03
2.341171,7.629453E-06,-3.280658E-04,-.001
2.342171,-3.204364E-04,-2.746601E-04,.002
2.343172,-3.967304E-04,-2.059946E-04,-.001
2.344172,-5.035438E-04,-7.629441E-05,-.001
2.345173,-2.517719E-04,2.13624E-04,-.001
2.346173,-2.13624E-04,1.983652E-04,.001
2.347174,-3.433246E-04,-4.27248E-04,.001
2.348174,-5.798377E-04,-9.613074E-04,6.66667E-04
2.349174,-3.051776E-04,-8.468665E-04,6.66667E-04
2.350175,-1.907358E-04,-3.50954E-04,-6.66667E-04
2.351176,-2.899189E-04,-1.75477E-04,6.66667E-04
2.352176,-9.918259E-05,-5.340599E-05,-6.66667E-04
2.353177,2.594013E-04,-2.365122E-04,6.66667E-04
2.354177,0,3.051781E-05,-.002
2.355178,-4.196186E-04,2.594013E-04,-.002
2.356178,-5.798377E-04,-1.678476E-04,-2.33333E-03
2.357179,-6.332435E-04,3.814721E-05,.001
2.358179,-6.485023E-04,-3.814721E-05,-.001
2.359179,-5.340613E-04,3.814721E-05,-6.66667E-04
2.36018,-3.967304E-04,-1.525891E-05,.002
2.361181,-3.738422E-04,3.89101E-04,-6.66667E-04
2.362181,-1.525888E-04,3.89101E-04,.001
2.363182,-1.3733E-04,2.288828E-04,-.002
2.364182,-1.831064E-04,1.602182E-04,.002
2.365183,-4.730243E-04,-1.75477E-04,-.001
2.366183,-4.119892E-04,-3.356952E-04,-6.66667E-04
2.367184,-3.433246E-04,-3.89101E-04,-6.66667E-04
2.368184,-3.204364E-04,-2.13624E-04,.001
2.369184,3.051781E-05,-1.907358E-04,-6.66667E-04
2.370185,2.13624E-04,-1.449594E-04,.001
2.371186,-7.629441E-05,-2.441425E-04,-.002
2.372186,-1.525888E-04,-5.798377E-04,-6.66667E-04
2.373187,-4.57766E-05,-6.790198E-04,-.002
2.374187,3.051781E-05,-4.196186E-04,-.001
2.375188,-8.392381E-05,-3.204364E-04,-2.33333E-03
2.376188,-5.493201E-04,-5.416907E-04,-.002
2.377189,-7.171668E-04,-2.670307E-04,-6.66667E-04
2.378189,-4.043598E-04,-1.06812E-04,.001
2.379189,-2.365122E-04,9.15532E-05,6.66667E-04
2.38019,-4.959144E-04,-5.340599E-05,-6.66667E-04
2.381191,-1.602182E-04,-3.204364E-04,-.002
2.382191,9.918259E-05,-2.365122E-04,.001
2.383192,3.50954E-04,1.602182E-04,-6.66667E-04
2.384192,1.602182E-04,3.662128E-04,.001
2.385193,-2.28883E-05,5.950965E-04,-6.66667E-04
2.386193,9.918259E-05,7.40055E-04,6.66667E-04
2.387194,3.051781E-05,3.738422E-04,-.002
2.388194,-9.918259E-05,8.392381E-05,-2.33333E-03
2.389194,4.501361E-04,-2.670307E-04,-6.66667E-04
2.390195,2.594013E-04,-2.13624E-04,-6.66667E-04
2.391196,1.525888E-04,-8.392381E-05,-.001
2.392196,9.15532E-05,-7.629441E-05,-.004
2.393197,-5.340599E-05,-5.569495E-04,6.66667E-04
2.394197,-1.06812E-04,-5.493201E-04,-6.66667E-04
2.395198,-4.27248E-04,-3.662128E-04,.001
2.396198,-6.713904E-04,-5.874671E-04,-.002
2.397199,-5.569495E-04,-2.670307E-04,-.002
2.398199,-2.899189E-04,-3.051781E-05,-.001
2.399199,-6.103562E-05,-2.28883E-05,6.66667E-04
2.4002,2.594013E-04,-8.392381E-05,-.002
2.401201,3.12807E-04,-2.212534E-04,-.001
2.402201,6.027259E-04,1.525891E-05,6.66667E-04
2.403202,1.525888E-04,1.3733E-04,2.33333E-03
2.404202,4.57766E-05,8.392381E-05,-.002
2.405203,-1.602182E-04,1.831064E-04,-.001
2.406203,-2.594013E-04,1.144414E-04,-.001
2.407204,-2.975482E-04,7.629453E-06,-6.66667E-04
2.408204,4.57766E-05,-1.983652E-04,-2.33333E-03
2.409204,-3.051781E-05,-1.220712E-04,-.001
2.410205,-5.340599E-05,-1.525888E-04,6.66667E-04
2.411206,-3.814721E-05,7.629441E-05,-6.66667E-04
2.412206,-4.57766E-05,3.433246E-04,-.002
2.413207,-5.340599E-05,5.264319E-04,-.001
2.414207,7.629453E-06,4.425067E-04,-6.66667E-04
2.415208,-1.983652E-04,4.730243E-04,.001
2.416208,-1.144414E-04,2.441425E-04,.001
2.417209,-1.831064E-04,9.918259E-05,-.001
2.418209,-1.602182E-04,-2.441425E-04,.001
2.41921,-3.814721E-05,-5.340599E-05,2.33333E-03
2.42021,-2.13624E-04,1.3733E-04,.001
2.421211,-2.899189E-04,3.814721E-05,-.002
2.422211,-2.288828E-04,0,-6.66667E-04
2.423212,-1.06812E-04,2.594013E-04,-.001
2.424212,3.814721E-05,2.059946E-04,-6.66667E-04
2.425213,4.88285E-04,3.12807E-04,-6.66667E-04
2.426213,4.577655E-04,2.28883E-05,-6.66667E-04
2.427214,5.416907E-04,-2.059946E-04,-.001
2.428214,4.577655E-04,-3.662128E-04,-.002
2.429215,5.035438E-04,-2.746601E-04,-.001
2.430215,5.569495E-04,-3.89101E-04,-.002
2.431216,4.27248E-04,-2.975482E-04,-6.66667E-04
2.432216,1.220712E-04,9.15532E-05,-6.66667E-04
2.433217,7.629453E-06,2.441425E-04,-6.66667E-04
2.434217,-1.907358E-04,2.441425E-04,-.002
2.435218,3.814716E-04,-5.340599E-05,-.001
2.436218,6.408729E-04,-5.340599E-05,6.66667E-04
2.437219,6.256141E-04,-1.449594E-04,-6.66667E-04
2.438219,5.188026E-04,-2.670307E-04,-6.66667E-04
2.43922,3.051776E-04,-1.3733E-04,-.001
2.44022,6.103562E-05,-1.831064E-04,-3.66667E-03
2.441221,1.983652E-04,-1.449594E-04,6.66667E-04
2.442221,2.059946E-04,-9.918259E-05,-.002
2.443222,2.365122E-04,0,.001
2.444222,2.517719E-04,3.585834E-04,6.66667E-04
2.445223,1.525891E-05,2.212534E-04,-3.66667E-03
2.446223,0,1.220712E-04,-6.66667E-04
2.447224,-7.629453E-06,1.525888E-04,-.001
2.448224,-2.441425E-04,3.814721E-05,.001
2.449225,-3.12807E-04,9.918259E-05,-6.66667E-04
2.450225,-2.746601E-04,1.525888E-04,-2.33333E-03
2.451226,-3.433246E-04,2.746601E-04,-.002
2.452226,-5.188026E-04,2.365122E-04,6.66667E-04
2.453227,-5.645789E-04,0,-6.66667E-04
2.454227,-4.27248E-04,-9.15532E-05,-.001
2.455228,2.899189E-04,-1.602182E-04,-6.66667E-04
2.456228,8.087195E-04,-2.13624E-04,-6.66667E-04
2.457229,6.866492E-04,9.918259E-05,-.001
2.458229,2.059946E-04,1.678476E-04,6.66667E-04
2.45923,-2.441425E-04,2.517719E-04,-6.66667E-04
2.46023,-1.831064E-04,-7.629453E-06,-2.33333E-03
2.461231,-1.907358E-04,-2.13624E-04,-.002
2.462231,-6.103562E-05,-2.13624E-04,-.001
2.463232,-5.340599E-05,-5.340599E-05,6.66667E-04
2.464232,-1.3733E-04,-3.50954E-04,6.66667E-04
2.465233,-6.942786E-04,-3.280658E-04,6.66667E-04
2.466233,-4.501361E-04,-2.822895E-04,6.66667E-04
2.467234,6.103562E-05,-6.408729E-04,-6.66667E-04
2.468234,3.814721E-05,-7.858314E-04,-.002
2.469235,-3.814721E-05,-6.942786E-04,-3.66667E-03
2.470235,1.678476E-04,-4.119892E-04,-.002
2.471236,1.220712E-04,-5.111732E-04,.001
2.472236,1.831064E-04,-2.594013E-04,-.001
2.473237,3.280658E-04,-5.340599E-05,-.002
2.474237,5.340599E-05,3.814721E-05,-.001
2.475238,9.918259E-05,1.525888E-04,-.002
2.476238,-2.059946E-04,2.28883E-05,6.66667E-04
2.477239,-3.50954E-04,6.866502E-05,-6.66667E-04
2.478239,-1.602182E-04,-2.13624E-04,-5.33333E-03
2.47924,-1.525891E-05,-4.730243E-04,-.001
2.48024,-1.06812E-04,-3.204364E-04,-.002
2.481241,-1.983652E-04,1.220712E-04,6.66667E-04
2.482241,-4.425067E-04,-1.831064E-04,-6.66667E-04
2.483242,-9.918259E-05,-1.06812E-04,-.001
2.484242,-3.814721E-05,-7.629441E-05,-.001
2.485243,-3.814716E-04,2.212534E-04,-.002
2.486243,-4.959144E-04,1.831064E-04,-.002
2.487244,-2.975482E-04,9.918259E-05,-.001
2.488244,-2.13624E-04,-5.340599E-05,.001
2.489245,3.204364E-04,7.629441E-05,-6.66667E-04
2.490245,3.12807E-04,2.594013E-04,6.66667E-04
2.491246,4.57766E-05,2.441425E-04,.002
2.492246,-3.051781E-05,-8.392381E-05,-6.66667E-04
2.493247,0,-2.13624E-04,-6.66667E-04
2.494247,1.983652E-04,3.814721E-05,-.001
2.495248,2.975482E-04,5.340599E-05,6.66667E-04
2.496248,2.441425E-04,-6.103562E-05,-.002
2.497249,-3.585834E-04,9.918259E-05,-6.66667E-04
2.498249,-2.899189E-04,2.594013E-04,6.66667E-04
2.49925,-1.525891E-05,3.50954E-04,6.66667E-04
2.50025,5.035438E-04,2.441425E-04,6.66667E-04
2.501251,4.88285E-04,-5.340599E-05,6.66667E-04
2.502251,4.348774E-04,9.15532E-05,-.002
2.503252,1.06812E-04,-2.28883E-05,-.001
2.504252,1.678476E-04,-2.212534E-04,-6.66667E-04
2.505253,3.051781E-05,-7.629441E-05,-6.66667E-04
2.506253,-1.297006E-04,-1.602182E-04,-6.66667E-04
2.507254,1.144414E-04,1.525888E-04,-.001
2.508254,6.866502E-05,2.288828E-04,-.001
2.509255,-5.340599E-05,5.111732E-04,.001
2.510255,-1.525891E-05,7.553138E-04,-6.66667E-04
2.511256,5.493201E-04,5.874671E-04,-.001
2.512256,8.392371E-04,1.449594E-04,-.001
2.513257,6.942786E-04,-6.866502E-05,6.66667E-04
2.514257,4.501361E-04,-1.75477E-04,-6.66667E-04
2.515258,-4.577655E-04,-1.144414E-04,-6.66667E-04
2.516258,-4.959144E-04,1.525888E-04,6.66667E-04
2.517259,-1.06812E-04,5.340599E-05,-.002
2.518259,1.678476E-04,-4.57766E-05,.002
2.51926,3.89101E-04,1.983652E-04,.002
2.52026,1.75477E-04,1.983652E-04,-6.66667E-04
2.521261,2.594013E-04,1.75477E-04,6.66667E-04
2.522261,1.907358E-04,1.831064E-04,-.002
2.523262,-9.918259E-05,1.297006E-04,-.001
2.524262,-5.340599E-05,1.678476E-04,-.002
2.525263,-3.051781E-05,1.3733E-04,-.001
2.526263,-4.119892E-04,3.814721E-05,.001
2.527264,-3.12807E-04,1.144414E-04,-2.33333E-03
2.528264,-3.50954E-04,3.662128E-04,-6.66667E-04
2.529265,-4.806537E-04,4.348774E-04,6.66667E-04
2.530265,-3.051776E-04,3.585834E-04,-6.66667E-04
2.531266,6.866502E-05,2.288828E-04,-.001
2.532266,1.220712E-04,2.212534E-04,-2.33333E-03
2.533267,-1.602182E-04,-1.525888E-04,6.66667E-04
2.534267,-9.15532E-05,-1.297006E-04,-6.66667E-04
2.535268,-1.907358E-04,2.13624E-04,-.002
2.536268,-6.63761E-04,9.918259E-05,-.001
2.537269,-3.50954E-04,3.814721E-05,.001
2.538269,7.629453E-06,-1.144414E-04,.001
2.53927,2.899189E-04,-2.365122E-04,-6.66667E-04
2.54027,2.059946E-04,-2.288828E-04,-6.66667E-04
2.541271,2.517719E-04,-2.288828E-04,-.001
2.542271,4.27248E-04,3.12807E-04,6.66667E-04
2.543272,8.392381E-05,4.348774E-04,2.33333E-03
2.544272,3.051781E-05,6.866502E-05,-3.66667E-03
2.545273,-3.967304E-04,2.594013E-04,-.001
2.546273,0,1.525888E-04,.001
2.547274,2.594013E-04,7.629453E-06,-.002
2.548274,5.035438E-04,6.866502E-05,-.002
2.549275,5.569495E-04,7.629453E-06,-6.66667E-04
2.550275,5.416907E-04,8.392381E-05,-2.33333E-03
2.551276,6.027259E-04,-6.103562E-05,-.001
2.552276,4.27248E-04,-8.392381E-05,-.002
2.553277,1.983652E-04,-2.28883E-05,-6.66667E-04
2.554277,1.449594E-04,4.57766E-05,-6.66667E-04
2.555278,5.111732E-04,6.103562E-05,-6.66667E-04
2.556278,4.653949E-04,9.918259E-05,-6.66667E-04
2.557279,-6.866502E-05,1.983652E-04,-6.66667E-04
2.558279,-3.051776E-04,4.425067E-04,-.001
2.55928,-3.051781E-05,4.730243E-04,-.001
2.56028,1.831064E-04,4.57766E-05,-.001
2.561281,3.585834E-04,1.525891E-05,-6.66667E-04
2.562281,6.179847E-04,-1.907358E-04,6.66667E-04
2.563282,1.678476E-04,-3.662128E-04,-.001
2.564282,-2.28883E-05,-4.348774E-04,2.33333E-03
2.565283,-1.144414E-04,-1.678476E-04,-6.66667E-04
2.566283,2.28883E-05,7.629453E-06,-6.66667E-04
2.567284,3.585834E-04,-1.602182E-04,6.66667E-04
2.568284,-2.365122E-04,-2.746601E-04,.001
2.569285,-2.670307E-04,0,-6.66667E-04
2.570285,-2.365122E-04,-2.441425E-04,6.66667E-04
2.571286,4.57766E-05,-6.103562E-05,-.002
2.572286,4.88285E-04,-1.297006E-04,6.66667E-04
2.573287,4.425067E-04,-3.051781E-05,-2.33333E-03
2.574287,2.059946E-04,4.57766E-05,.002
2.575288,3.12807E-04,-1.678476E-04,-2.33333E-03
2.576288,3.89101E-04,7.629453E-06,-.001
2.577289,4.653949E-04,1.907358E-04,-6.66667E-04
2.578289,1.525888E-04,1.678476E-04,-6.66667E-04
2.57929,1.525891E-05,4.730243E-04,-6.66667E-04
2.58029,-3.738422E-04,6.027259E-04,.001
2.581291,-4.425067E-04,6.866492E-04,.001
2.582291,-6.179847E-04,2.288828E-04,.002
2.583292,-3.967304E-04,-1.983652E-04,-6.66667E-04
2.584292,7.629453E-06,-4.348774E-04,-.002
2.585293,-2.13624E-04,-4.348774E-04,-.004
2.586293,-3.204364E-04,-6.942786E-04,-6.66667E-04
2.587294,-5.874671E-04,-7.247962E-04,-3.66667E-03
2.588294,-3.738422E-04,-7.40055E-04,-6.66667E-04
2.589295,-4.57766E-05,-6.790198E-04,-6.66667E-04
2.590295,-2.746601E-04,-4.806537E-04,-.001
2.591296,-2.975482E-04,-2.288828E-04,-6.66667E-04
2.592296,-2.212534E-04,0,6.66667E-04
2.593297,-3.356952E-04,-6.866502E-05,6.66667E-04
2.594297,0,1.525888E-04,-6.66667E-04
2.595298,2.517719E-04,1.831064E-04,-6.66667E-04
2.596298,9.918259E-05,2.059946E-04,-6.66667E-04
2.597299,1.525891E-05,1.3733E-04,-.001
2.598299,-2.059946E-04,2.059946E-04,-.001
2.5993,3.814721E-05,2.212534E-04,-.002
2.6003,4.88285E-04,4.196186E-04,6.66667E-04
2.601301,4.196186E-04,2.288828E-04,-6.66667E-04
2.602301,-5.340599E-05,7.629441E-05,-.001
2.603302,-6.103562E-05,-5.340599E-05,-3.66667E-03
2.604302,9.918259E-05,4.57766E-05,.001
2.605303,9.918259E-05,-5.340599E-05,-6.66667E-04
2.606303,-1.907358E-04,-1.449594E-04,.001
2.607304,1.144414E-04,-1.525888E-04,-6.66667E-04
2.608304,2.059946E-04,-2.594013E-04,-6.66667E-04
2.609305,4.27248E-04,-3.12807E-04,-6.66667E-04
2.610305,2.059946E-04,-1.3733E-04,-.002
2.611306,-6.866502E-05,-1.678476E-04,6.66667E-04
2.612306,-1.907358E-04,-3.280658E-04,.001
2.613307,-2.059946E-04,-2.13624E-04,-6.66667E-04
2.614307,-5.340599E-05,-2.441425E-04,-6.66667E-04
2.615308,-7.629441E-05,-3.356952E-04,-6.66667E-04
2.616308,-5.264319E-04,-2.899189E-04,.002
2.617309,-5.874671E-04,1.525891E-05,.001
2.618309,-3.356952E-04,9.15532E-05,-6.66667E-04
2.61931,-3.814721E-05,1.144414E-04,-.002
2.62031,-7.629453E-06,1.525888E-04,-6.66667E-04
2.621311,-6.866502E-05,1.525888E-04,-.002
2.622311,1.06812E-04,2.594013E-04,-.001
2.623312,3.814721E-05,1.525888E-04,6.66667E-04
2.624312,9.918259E-05,2.822895E-04,.002
2.625313,2.059946E-04,2.594013E-04,.001
2.626313,-2.594013E-04,1.602182E-04,6.66667E-04
2.627314,-3.814721E-05,-5.340599E-05,-6.66667E-04
2.628314,-1.525891E-05,3.051776E-04,.001
2.629315,-1.525891E-05,3.814721E-05,-.002
2.630315,-1.449594E-04,1.3733E-04,-.002
2.631316,-1.678476E-04,5.569495E-04,-.002
2.632316,-3.12807E-04,3.814716E-04,-.002
2.633317,-2.212534E-04,6.103562E-05,-6.66667E-04
2.634317,5.340599E-05,-1.602182E-04,-.002
2.635318,-2.28883E-05,-1.144414E-04,-6.66667E-04
2.636318,1.297006E-04,3.12807E-04,-2.33333E-03
2.637319,9.15532E-05,1.75477E-04,-.001
2.638319,2.13624E-04,3.585834E-04,-.001
2.63932,4.196186E-04,1.220712E-04,6.66667E-04
2.64032,1.75477E-04,1.831064E-04,6.66667E-04
2.641321,-2.13624E-04,2.899189E-04,6.66667E-04
2.642321,-4.27248E-04,-5.340599E-05,-2.33333E-03
2.643322,-2.746601E-04,-1.3733E-04,-6.66667E-04
2.644322,-2.670307E-04,-2.822895E-04,6.66667E-04
2.645323,-4.119892E-04,-1.06812E-04,-6.66667E-04
2.646323,-2.822895E-04,1.525888E-04,.002
2.647324,-2.822895E-04,-2.059946E-04,-3.66667E-03
2.648324,-1.3733E-04,-1.06812E-04,-6.66667E-04
2.649325,1.525891E-05,4.57766E-05,-.002
2.650325,1.06812E-04,-1.06812E-04,6.66667E-04
2.651326,3.12807E-04,3.814721E-05,-6.66667E-04
2.652326,1.75477E-04,4.196186E-04,-.001
2.653327,1.831064E-04,2.746601E-04,-.001
2.654327,-1.983652E-04,-3.814721E-05,-6.66667E-04
2.655328,-2.365122E-04,-6.866502E-05,-3.66667E-03
2.656328,3.814721E-05,4.653949E-04,-.001
2.657329,2.822895E-04,8.316077E-04,-6.66667E-04
2.658329,2.594013E-04,3.12807E-04,-.001
2.65933,3.814721E-05,-1.525891E-05,-.001
2.66033,4.57766E-05,-9.918259E-05,-.001
2.661331,9.918259E-05,-1.907358E-04,-.001
2.662331,-5.340599E-05,3.814721E-05,6.66667E-04
2.663332,-3.814721E-05,-1.06812E-04,6.66667E-04
2.664332,1.3733E-04,-3.967304E-04,-2.33333E-03
2.665333,2.28883E-05,-3.051781E-05,-.002
2.666333,2.594013E-04,-5.340599E-05,-.001
2.667334,4.196186E-04,3.280658E-04,.002
2.668334,9.918259E-05,3.967304E-04,-.001
2.669335,-3.738422E-04,3.051776E-04,6.66667E-04
2.670335,-7.629441E-05,2.212534E-04,6.66667E-04
2.671336,-6.103562E-05,0,-6.66667E-04
2.672336,-3.051776E-04,-6.866502E-05,-6.66667E-04
2.673337,-5.416907E-04,3.662128E-04,2.33333E-03
2.674337,-3.814716E-04,2.212534E-04,.002
2.675338,-8.773841E-04,-1.06812E-04,-6.66667E-04
2.676338,-9.079017E-04,-2.212534E-04,-6.66667E-04
2.677339,-1.541145E-03,-2.670307E-04,-6.66667E-04
2.678339,-1.892097E-03,-5.340613E-04,6.66667E-04
2.67934,-2.433792E-03,-3.738422E-04,6.66667E-04
2.68034,-2.58638E-03,-4.425067E-04,.001
2.681341,-2.861038E-03,-5.111732E-04,-.002
2.682341,-3.135696E-03,-2.13624E-04,6.66667E-04
2.683342,-3.196731E-03,-9.918259E-05,-2.33333E-03
2.684342,-3.288284E-03,-2.13624E-04,6.66667E-04
2.685343,-2.944961E-03,7.629453E-06,.001
2.686343,-2.449051E-03,2.288828E-04,-3.66667E-03
2.687344,-2.014175E-03,-1.144414E-04,6.66667E-04
2.688344,-1.792915E-03,-3.12807E-04,-2.33333E-03
2.689345,-1.899727E-03,-3.662128E-04,-6.66667E-04
2.690345,-2.098098E-03,-3.585834E-04,6.66667E-04
2.691346,-1.625068E-03,-3.051776E-04,-.001
2.692346,-9.384193E-04,-1.3733E-04,-.001
2.693347,-5.340613E-04,1.525888E-04,-.002
2.694347,-4.119892E-04,1.831064E-04,6.66667E-04
2.695348,-3.662128E-04,1.525888E-04,.001
2.696348,-3.89101E-04,1.3733E-04,.002
2.697349,-3.204364E-04,1.525888E-04,-6.66667E-04
2.698349,-2.517719E-04,1.678476E-04,2.33333E-03
2.69935,-2.670307E-04,4.501361E-04,-6.66667E-04
2.70035,1.525891E-05,4.653949E-04,.001
2.701351,6.103562E-05,1.06812E-04,-.001
2.702351,-3.051781E-05,-3.814716E-04,-.002
2.703352,-1.678476E-04,-1.75477E-04,-.001
2.704352,-1.602182E-04,-1.75477E-04,-.001
2.705353,-9.918259E-05,-4.57766E-05,-.001
2.706353,-2.059946E-04,9.918259E-05,-.001
2.707354,-1.907358E-04,-3.051781E-05,-.002
2.708354,-3.204364E-04,0,-.002
2.709355,-7.476844E-04,-1.06812E-04,-.002
2.710355,-8.316077E-04,-1.678476E-04,-6.66667E-04
2.711356,-6.256141E-04,-6.103562E-05,.001
2.712356,-2.899189E-04,2.13624E-04,6.66667E-04
2.713357,-2.288828E-04,3.585834E-04,-6.66667E-04
2.714357,-3.738422E-04,4.57766E-05,-2.33333E-03
2.715358,-3.50954E-04,1.907358E-04,-.001
2.716358,-1.06812E-04,2.365122E-04,-6.66667E-04
2.717359,-3.051776E-04,1.983652E-04,-6.66667E-04
2.718359,-9.15532E-05,1.678476E-04,-.001
2.71936,-8.392381E-05,4.57766E-05,-.001
2.72036,2.594013E-04,-5.340599E-05,-.002
2.721361,3.051776E-04,-1.983652E-04,-6.66667E-04
2.722361,2.822895E-04,7.629441E-05,-.002
2.723362,1.678476E-04,2.13624E-04,.001
2.724362,2.594013E-04,-2.28883E-05,-6.66667E-04
2.725363,-4.57766E-05,1.678476E-04,.001
2.726363,-1.449594E-04,-1.06812E-04,6.66667E-04
2.727364,-2.28883E-05,-1.06812E-04,6.66667E-04
2.728364,2.517719E-04,2.13624E-04,-.002
2.729365,2.746601E-04,-2.13624E-04,-.002
2.730365,1.220712E-04,-3.051776E-04,-6.66667E-04
2.731366,0,-1.3733E-04,6.66667E-04
2.732366,1.525888E-04,-2.059946E-04,6.66667E-04
2.733367,1.3733E-04,-2.975482E-04,-.001
2.734367,-9.15532E-05,1.831064E-04,-.001
2.735368,-5.035438E-04,3.585834E-04,-.001
2.736368,-5.035438E-04,4.57766E-05,-6.66667E-04
2.737369,-3.738422E-04,-1.831064E-04,6.66667E-04
2.738369,-3.051776E-04,-2.28883E-05,-.001
2.73937,-9.918259E-05,3.814721E-05,-.001
2.74037,-2.13624E-04,6.103562E-05,-.002
2.741371,-1.983652E-04,-8.392381E-05,-6.66667E-04
2.742371,-2.13624E-04,-8.392381E-05,6.66667E-04
2.743372,-4.577655E-04,6.103562E-05,-.002
2.744372,-4.119892E-04,9.918259E-05,-6.66667E-04
2.745373,8.392381E-05,1.144414E-04,6.66667E-04
2.746373,2.28883E-05,3.433246E-04,6.66667E-04
2.747374,-3.967304E-04,4.730243E-04,-6.66667E-04
2.748374,-2.13624E-04,2.059946E-04,-.001
2.749375,9.15532E-05,1.06812E-04,6.66667E-04
2.750375,3.50954E-04,6.103562E-05,-.001
2.751376,-3.051781E-05,7.629453E-06,-6.66667E-04
2.752376,1.525891E-05,1.678476E-04,-.001
2.753377,-2.365122E-04,2.670307E-04,.002
2.754377,-6.332435E-04,4.653949E-04,-2.33333E-03
2.755378,-8.010902E-04,1.06812E-04,-.001
2.756378,-6.256141E-04,-8.392381E-05,6.66667E-04
2.757379,-3.662128E-04,-3.204364E-04,.002
2.758379,-2.28883E-05,-1.525891E-05,-6.66667E-04
2.75938,2.212534E-04,1.75477E-04,.001
2.76038,1.907358E-04,1.678476E-04,-3.66667E-03
2.761381,-9.918259E-05,-1.144414E-04,-.002
2.762381,7.629453E-06,-2.746601E-04,-2.33333E-03
2.763382,1.06812E-04,-3.967304E-04,-.002
2.764382,5.340599E-05,-1.06812E-04,-6.66667E-04
2.765383,-1.06812E-04,-2.517719E-04,.001
2.766383,-7.629441E-05,-1.525888E-04,-6.66667E-04
2.767384,7.629441E-05,-2.13624E-04,.001
2.768384,0,-3.738422E-04,-.001
2.769385,6.866502E-05,-1.907358E-04,-6.66667E-04
2.770385,-3.814721E-05,-1.06812E-04,.001
2.771386,6.866502E-05,-5.340599E-05,-.001
2.772386,1.449594E-04,-4.57766E-05,6.66667E-04
2.773387,2.441425E-04,2.28883E-05,6.66667E-04
2.774387,6.027259E-04,2.13624E-04,.001
2.775388,5.340613E-04,2.594013E-04,6.66667E-04
2.776388,4.348774E-04,-7.629441E-05,6.66667E-04
2.777389,3.280658E-04,-2.059946E-04,-.001
2.778389,3.814721E-05,-2.822895E-04,6.66667E-04
2.77939,2.441425E-04,-4.806537E-04,-.001
2.78039,3.280658E-04,-1.3733E-04,-.001
2.781391,-3.814721E-05,2.670307E-04,6.66667E-04
2.782391,4.730243E-04,3.280658E-04,.001
2.783392,4.196186E-04,-7.629453E-06,-6.66667E-04
2.784392,4.119892E-04,1.525888E-04,-5.33333E-03
2.785393,1.297006E-04,-9.15532E-05,-6.66667E-04
2.786393,4.653949E-04,-1.220712E-04,-.001
2.787394,6.408729E-04,-5.188026E-04,.001
2.788394,2.212534E-04,-7.095374E-04,-.001
2.789395,8.392381E-05,-5.340613E-04,-6.66667E-04
2.790395,2.28883E-05,-4.501361E-04,-6.66667E-04
2.791396,1.678476E-04,-3.12807E-04,.001
2.792396,2.594013E-04,-1.220712E-04,6.66667E-04
2.793397,1.525888E-04,1.983652E-04,.001
2.794397,9.918259E-05,3.356952E-04,-6.66667E-04
2.795398,0,4.57766E-05,-.002
2.796398,8.392381E-05,-2.975482E-04,-3.66667E-03
2.797399,2.288828E-04,-1.983652E-04,-6.66667E-04
2.798399,4.196186E-04,-9.918259E-05,.001
2.7994,1.144414E-04,2.365122E-04,-.002
2.8004,-6.866502E-05,4.425067E-04,6.66667E-04
2.801401,-2.13624E-04,1.525888E-04,6.66667E-04
2.802401,3.051781E-05,1.525888E-04,-.001
2.803402,4.57766E-05,1.3733E-04,6.66667E-04
2.804402,-7.629453E-06,-1.525891E-05,-6.66667E-04
2.805403,7.629441E-05,5.340599E-05,-6.66667E-04
2.806403,1.907358E-04,0,6.66667E-04
2.807404,2.670307E-04,2.441425E-04,-6.66667E-04
2.808404,-1.525891E-05,2.594013E-04,6.66667E-04
2.809405,-1.983652E-04,1.525888E-04,-.001
2.810405,-3.204364E-04,-1.297006E-04,-6.66667E-04
2.811406,-2.899189E-04,-3.662128E-04,-6.66667E-04
2.812406,-3.204364E-04,-4.27248E-04,-6.66667E-04
2.813407,-5.188026E-04,-2.594013E-04,-.002
2.814407,-6.561317E-04,-4.043598E-04,-2.33333E-03
2.815408,-4.730243E-04,-1.907358E-04,6.66667E-04
2.816408,-2.365122E-04,-2.517719E-04,-.002
2.817409,-4.196186E-04,-3.204364E-04,-.001
2.818409,-5.340599E-05,-3.204364E-04,-.001
2.81941,9.918259E-05,-5.340599E-05,-.001
2.82041,-1.525891E-05,2.594013E-04,6.66667E-04
2.821411,-4.27248E-04,3.051781E-05,-.001
2.822411,-4.27248E-04,-4.348774E-04,-6.66667E-04
2.823412,-2.594013E-04,-3.433246E-04,6.66667E-04
2.824412,-2.517719E-04,-8.392381E-05,-.001
2.825413,-6.103562E-05,-2.594013E-04,.001
2.826413,-1.75477E-04,-2.670307E-04,-.002
2.827414,-3.280658E-04,-6.790198E-04,-2.33333E-03
2.828414,-3.814721E-05,-4.730243E-04,-6.66667E-04
2.829415,4.425067E-04,-1.297006E-04,-.001
2.830415,4.196186E-04,-5.340599E-05,-.002
2.831416,1.220712E-04,-1.220712E-04,-.001
2.832416,-9.918259E-05,1.75477E-04,.001
2.833417,-1.525888E-04,-1.525888E-04,.001
2.834417,1.06812E-04,-2.670307E-04,-6.66667E-04
2.835418,-2.212534E-04,-2.288828E-04,-.001
2.836418,-2.059946E-04,-6.63761E-04,.001
2.837419,-9.15532E-05,-7.40055E-04,-6.66667E-04
2.838419,1.907358E-04,-6.179847E-04,-3.66667E-03
2.83942,9.918259E-05,1.06812E-04,.001
2.84042,-3.433246E-04,2.288828E-04,6.66667E-04
2.841421,-3.204364E-04,8.392381E-05,-6.66667E-04
2.842421,-2.13624E-04,-2.670307E-04,-6.66667E-04
2.843422,-2.822895E-04,-4.501361E-04,-6.66667E-04
2.844422,-2.594013E-04,-1.3733E-04,-3.66667E-03
2.845423,-1.06812E-04,-2.365122E-04,-.001
2.846423,6.103562E-05,-9.15532E-05,-6.66667E-04
2.847424,-2.28883E-05,-3.051781E-05,-.001
2.848424,-1.06812E-04,-1.220712E-04,6.66667E-04
2.849425,-2.059946E-04,-1.678476E-04,-6.66667E-04
2.850425,-3.204364E-04,-2.746601E-04,-.001
2.851426,-5.722083E-04,-2.13624E-04,.001
2.852426,-6.103553E-04,-4.57766E-05,-6.66667E-04
2.853427,-3.12807E-04,4.57766E-05,-.001
2.854427,0,-5.340599E-05,6.66667E-04
2.855428,1.983652E-04,-1.602182E-04,-.002
2.856428,3.280658E-04,0,-6.66667E-04
2.857429,5.188026E-04,-7.629453E-06,-.001
2.858429,3.204364E-04,9.918259E-05,-2.33333E-03
2.85943,1.602182E-04,2.746601E-04,-6.66667E-04
2.86043,-2.288828E-04,9.15532E-05,-6.66667E-04
2.861431,-6.866502E-05,-2.975482E-04,.001
2.862431,7.629441E-05,-3.356952E-04,-6.66667E-04
2.863432,1.678476E-04,-5.340599E-05,-6.66667E-04
2.864432,8.392381E-05,-3.967304E-04,.001
2.865433,1.907358E-04,-2.899189E-04,.001
2.866433,3.051776E-04,-1.602182E-04,.001
2.867434,3.12807E-04,-3.204364E-04,.001
2.868434,8.392381E-05,-1.602182E-04,-.001
2.869435,9.15532E-05,3.814721E-05,6.66667E-04
2.870435,2.365122E-04,2.899189E-04,6.66667E-04
2.871436,-3.051781E-05,1.907358E-04,.002
2.872436,9.918259E-05,-5.340599E-05,6.66667E-04
2.873437,3.12807E-04,-2.288828E-04,.001
2.874437,3.738422E-04,0,-.001
2.875438,2.212534E-04,0,-.001
2.876438,1.449594E-04,-1.3733E-04,-.002
2.877439,-1.602182E-04,-1.602182E-04,-6.66667E-04
2.878439,-4.730243E-04,-1.907358E-04,.001
2.87944,-3.814716E-04,-5.264319E-04,-.001
2.88044,-2.212534E-04,-4.959144E-04,-6.66667E-04
2.881441,-5.188026E-04,-4.806537E-04,.001
2.882441,-2.441425E-04,-4.501361E-04,-6.66667E-04
2.883442,1.449594E-04,-3.738422E-04,-.001
2.884442,9.15532E-05,-3.662128E-04,-6.66667E-04
2.885443,-5.340599E-05,-5.950965E-04,-.001
2.886443,-2.28883E-05,-7.171668E-04,-.001
2.887444,0,-1.983652E-04,-.001
2.888444,4.57766E-05,-2.594013E-04,6.66667E-04
2.889445,8.392381E-05,1.525888E-04,.001
2.890445,3.433246E-04,2.517719E-04,6.66667E-04
2.891446,4.043598E-04,2.517719E-04,-6.66667E-04
2.892446,3.12807E-04,4.57766E-05,6.66667E-04
2.893447,2.670307E-04,-3.204364E-04,6.66667E-04
2.894447,-7.629453E-06,-9.15532E-05,-6.66667E-04
2.895448,3.280658E-04,-1.297006E-04,.001
2.896448,2.28883E-05,3.051781E-05,-.001
2.897449,-2.13624E-04,1.602182E-04,-.001
2.898449,-4.348774E-04,3.738422E-04,6.66667E-04
2.89945,-4.043598E-04,2.975482E-04,.002
2.90045,-1.525888E-04,1.831064E-04,-6.66667E-04
2.901451,-1.525888E-04,1.144414E-04,6.66667E-04
2.902451,-4.043598E-04,0,6.66667E-04
2.903452,-8.468665E-04,-5.340599E-05,.001
2.904452,-7.934608E-04,-3.814721E-05,-.001
2.905453,-2.441425E-04,6.866502E-05,-6.66667E-04
2.906453,-5.722083E-04,1.983652E-04,.001
2.907454,-7.629432E-04,-3.12807E-04,-6.66667E-04
2.908454,-9.460486E-04,-4.577655E-04,-6.66667E-04
2.909455,-1.48011E-03,-4.653949E-04,-6.66667E-04
2.910455,-1.472481E-03,-1.144414E-04,-.001
2.911456,-1.960769E-03,-6.103562E-05,6.66667E-04
2.912456,-2.45668E-03,-1.602182E-04,.001
2.913457,-2.754226E-03,-3.204364E-04,6.66667E-04
2.914457,-3.204361E-03,-5.569495E-04,-.001
2.915458,-3.21199E-03,-5.874671E-04,-6.66667E-04
2.916458,-2.685562E-03,-4.88285E-04,-6.66667E-04
2.917459,-2.792373E-03,-3.051781E-05,-.002
2.918459,-2.891555E-03,-2.13624E-04,.001
2.91946,-2.616897E-03,-3.433246E-04,-.002
2.92046,-2.357498E-03,-3.50954E-04,-.001
2.921461,-1.983657E-03,2.594013E-04,-.001
2.922461,-1.815803E-03,1.06812E-04,-6.66667E-04
2.923462,-1.945503E-03,1.525888E-04,6.66667E-04
2.924462,-1.449592E-03,-6.103562E-05,.001
2.925463,-6.485023E-04,7.629441E-05,-6.66667E-04
2.926463,-6.179847E-04,9.15532E-05,-6.66667E-04
2.927464,-1.037605E-03,1.525888E-04,-.001
2.928464,-1.014717E-03,3.585834E-04,6.66667E-04
2.929465,-5.645789E-04,4.043598E-04,-.001
2.930465,-4.806537E-04,4.348774E-04,-6.66667E-04
2.931466,-5.416907E-04,7.934608E-04,-.001
2.932466,-5.264319E-04,8.926429E-04,6.66667E-04
2.933467,-1.75477E-04,6.790198E-04,-.002
2.934467,-9.15532E-05,5.188026E-04,-6.66667E-04
2.935468,-1.907358E-04,6.179847E-04,.001
2.936468,6.103562E-05,3.50954E-04,.001
2.937469,4.57766E-05,2.517719E-04,-.001
2.938469,1.525888E-04,0,-.001
2.93947,-6.103562E-05,3.814721E-05,-.001
2.94047,-5.264319E-04,2.517719E-04,-.001
2.941471,-4.501361E-04,4.119892E-04,6.66667E-04
2.942471,1.297006E-04,7.01908E-04,-6.66667E-04
2.943472,1.525888E-04,6.332435E-04,-6.66667E-04
2.944472,2.28883E-05,2.059946E-04,.001
2.945473,-2.059946E-04,-1.602182E-04,.001
2.946473,-1.678476E-04,-3.356952E-04,-6.66667E-04
2.947474,-3.585834E-04,-7.095374E-04,-.001
2.948474,7.629453E-06,-9.689368E-04,-.001
2.949475,2.670307E-04,-4.348774E-04,-.002
2.950475,3.50954E-04,-2.670307E-04,-.001
2.951476,3.585834E-04,-1.602182E-04,.002
2.952476,3.12807E-04,-2.212534E-04,-6.66667E-04
2.953477,1.983652E-04,-1.06812E-04,-2.33333E-03
2.954477,2.365122E-04,4.57766E-05,-6.66667E-04
2.955478,4.196186E-04,-1.220712E-04,-6.66667E-04
2.956478,2.899189E-04,3.051776E-04,-.001
2.957479,8.392381E-05,1.907358E-04,-2.33333E-03
2.958479,1.449594E-04,2.899189E-04,6.66667E-04
2.95948,-1.144414E-04,3.356952E-04,6.66667E-04
2.96048,-7.629441E-05,3.12807E-04,-.002
2.961481,3.433246E-04,8.392381E-05,.002
2.962481,2.594013E-04,3.967304E-04,6.66667E-04
2.963482,-7.629441E-05,4.730243E-04,6.66667E-04
2.964482,-1.831064E-04,4.653949E-04,.002
2.965483,-3.585834E-04,4.806537E-04,-.002
2.966483,-2.13624E-04,6.866502E-05,6.66667E-04
2.967484,2.670307E-04,-7.629453E-06,-.002
2.968484,2.288828E-04,-1.525891E-05,.002
2.969485,1.75477E-04,1.678476E-04,6.66667E-04
2.970485,-9.918259E-05,1.144414E-04,6.66667E-04
2.971486,-1.983652E-04,-1.75477E-04,.001
2.972486,-2.670307E-04,-1.06812E-04,.001
2.973487,-2.746601E-04,4.57766E-05,6.66667E-04
2.974487,-5.264319E-04,-1.3733E-04,-.001
2.975488,-3.738422E-04,-2.365122E-04,.001
2.976488,-4.119892E-04,-6.027259E-04,-6.66667E-04
2.977489,-3.280658E-04,-8.468665E-04,-6.66667E-04
2.978489,8.392381E-05,-7.324256E-04,6.66667E-04
2.97949,7.095374E-04,-7.629432E-04,-.002
2.98049,5.798377E-04,-6.561317E-04,-.001
2.981491,1.831064E-04,-2.670307E-04,-.001
2.982491,-7.629453E-06,-3.280658E-04,6.66667E-04
2.983492,3.051781E-05,-2.13624E-04,-6.66667E-04
2.984492,4.348774E-04,9.918259E-05,-6.66667E-04
2.985493,6.332435E-04,3.433246E-04,-6.66667E-04
2.986493,2.746601E-04,9.918259E-05,.001
2.987494,1.3733E-04,-1.06812E-04,-6.66667E-04
2.988494,3.433246E-04,-4.196186E-04,-.002
2.989495,2.059946E-04,-5.340613E-04,6.66667E-04
2.990495,-4.57766E-05,-2.13624E-04,6.66667E-04
2.991496,-7.629453E-06,-3.204364E-04,-.001
2.992496,2.899189E-04,-5.340613E-04,6.66667E-04
2.993497,4.119892E-04,-6.256141E-04,2.33333E-03
2.994497,1.75477E-04,-4.88285E-04,-.002
2.995498,4.57766E-05,-2.899189E-04,-.001
2.996498,-2.059946E-04,-1.144414E-04,-.002
2.997499,-6.103562E-05,2.441425E-04,6.66667E-04
2.998499,-3.814721E-05,3.50954E-04,-3.66667E-03
2.9995,1.525891E-05,6.256141E-04,-.002
3.0005,1.06812E-04,3.967304E-04,-.001
3.001501,7.629441E-05,2.670307E-04,-.002
3.002501,-1.602182E-04,1.449594E-04,-2.33333E-03
3.003502,-2.517719E-04,1.449594E-04,6.66667E-04
3.004502,1.525891E-05,3.814721E-05,-.002
3.005503,3.356952E-04,-1.75477E-04,.001
3.006503,3.280658E-04,-2.212534E-04,.001
3.007504,2.059946E-04,-1.678476E-04,6.66667E-04
3.008504,2.13624E-04,-2.899189E-04,-.001
3.009505,1.983652E-04,-7.629441E-05,-.002
3.010505,1.75477E-04,-1.297006E-04,.001
3.011506,-7.629453E-06,-2.288828E-04,-2.33333E-03
3.012506,-1.602182E-04,2.28883E-05,.001
3.013507,7.629453E-06,3.204364E-04,-.002
3.014507,0,3.967304E-04,6.66667E-04
3.015508,-2.441425E-04,1.525888E-04,-.001
3.016508,-3.433246E-04,-1.06812E-04,-.001
3.017509,-1.602182E-04,-3.89101E-04,-3.66667E-03
3.018509,-2.365122E-04,-3.50954E-04,-2.33333E-03
3.01951,2.212534E-04,-4.27248E-04,6.66667E-04
3.02051,0,-2.899189E-04,-6.66667E-04
3.021511,-2.059946E-04,-1.831064E-04,6.66667E-04
3.022511,-2.670307E-04,-1.449594E-04,-6.66667E-04
3.023512,3.89101E-04,-3.814721E-05,-6.66667E-04
3.024512,6.179847E-04,4.57766E-05,-6.66667E-04
3.025513,5.950965E-04,2.059946E-04,-.001
3.026513,2.517719E-04,4.043598E-04,6.66667E-04
3.027514,-3.814716E-04,3.585834E-04,6.66667E-04
3.028514,-4.806537E-04,1.220712E-04,6.66667E-04
3.029515,-5.340599E-05,-1.907358E-04,.001
3.030515,-1.144414E-04,-1.449594E-04,-.002
3.031516,-3.204364E-04,1.602182E-04,6.66667E-04
3.032516,-1.602182E-04,3.662128E-04,-.001
3.033517,9.15532E-05,-5.340599E-05,-.001
3.034517,2.288828E-04,-3.12807E-04,.002
3.035518,4.501361E-04,-2.059946E-04,-.002
3.036518,2.13624E-04,2.059946E-04,-.001
3.037519,3.814721E-05,1.06812E-04,-.004
3.038519,-1.602182E-04,-2.822895E-04,-.001
3.03952,-4.88285E-04,-5.111732E-04,-6.66667E-04
3.04052,-5.645789E-04,-2.365122E-04,-6.66667E-04
3.041521,-3.967304E-04,1.06812E-04,6.66667E-04
3.042521,4.57766E-05,1.449594E-04,-.001
3.043522,-3.051781E-05,1.678476E-04,-6.66667E-04
3.044522,-3.280658E-04,-1.06812E-04,-2.33333E-03
3.045523,-4.27248E-04,-2.517719E-04,.001
3.046523,-6.63761E-04,-2.441425E-04,-.002
3.047524,-4.806537E-04,-1.907358E-04,-6.66667E-04
3.048524,-2.975482E-04,-3.12807E-04,6.66667E-04
3.049525,4.57766E-05,-4.119892E-04,-.001
3.050525,-1.525888E-04,-2.594013E-04,6.66667E-04
3.051526,-3.204364E-04,-2.517719E-04,-.001
3.052526,-3.814721E-05,-1.678476E-04,-.001
3.053527,2.28883E-05,2.059946E-04,6.66667E-04
3.054527,1.678476E-04,1.831064E-04,-6.66667E-04
3.055528,3.356952E-04,3.051781E-05,-6.66667E-04
3.056528,1.3733E-04,-4.043598E-04,.001
3.057529,1.602182E-04,-7.934608E-04,-6.66667E-04
3.058529,2.594013E-04,-4.27248E-04,-.001
3.05953,-4.57766E-05,-1.831064E-04,2.33333E-03
3.06053,-1.144414E-04,-3.967304E-04,-6.66667E-04
3.061531,-2.13624E-04,-3.356952E-04,-.001
3.062531,-7.629453E-06,-3.89101E-04,6.66667E-04
3.063532,1.525891E-05,-2.594013E-04,-.001
3.064532,-8.392381E-05,-2.517719E-04,-6.66667E-04
3.065533,1.3733E-04,-1.602182E-04,-6.66667E-04
3.066533,-1.678476E-04,-7.629453E-06,-.001
3.067534,-8.392381E-05,-2.059946E-04,.001
3.068534,-2.288828E-04,-2.13624E-04,-.001
3.069535,-5.340599E-05,-1.525888E-04,-6.66667E-04
3.070535,2.517719E-04,-2.899189E-04,-6.66667E-04
3.071536,4.043598E-04,-3.204364E-04,-6.66667E-04
3.072536,4.348774E-04,-6.866502E-05,-6.66667E-04
3.073537,2.441425E-04,-7.629453E-06,.002
3.074537,9.15532E-05,9.918259E-05,6.66667E-04
3.075538,1.220712E-04,4.653949E-04,-2.33333E-03
3.076538,-4.730243E-04,6.790198E-04,6.66667E-04
3.077539,-8.544959E-04,4.88285E-04,-.001
3.078539,-7.553138E-04,3.280658E-04,.001
3.07954,-3.50954E-04,6.408729E-04,-.001
3.08054,6.103562E-05,5.416907E-04,2.33333E-03
3.081541,2.059946E-04,5.493201E-04,-.001
3.082541,1.449594E-04,5.493201E-04,-6.66667E-04
3.083542,-7.629441E-05,5.874671E-04,-.002
3.084542,-3.814721E-05,7.858314E-04,.001
3.085543,3.662128E-04,4.730243E-04,.001
3.086543,4.57766E-05,5.340613E-04,6.66667E-04
3.087544,-1.907358E-04,5.264319E-04,-2.33333E-03
3.088544,-1.297006E-04,3.814716E-04,6.66667E-04
3.089545,6.103562E-05,5.188026E-04,.001
3.090545,8.392381E-05,4.653949E-04,.001
3.091546,-2.212534E-04,2.13624E-04,.002
3.092546,-2.441425E-04,2.13624E-04,.002
3.093547,-2.670307E-04,4.27248E-04,.001
3.094547,-4.88285E-04,5.264319E-04,-.002
3.095548,-4.959144E-04,5.111732E-04,-6.66667E-04
3.096548,-3.204364E-04,-3.051781E-05,-.002
3.097549,-1.220712E-04,1.3733E-04,-6.66667E-04
3.098549,1.525891E-05,6.485023E-04,-6.66667E-04
3.09955,1.907358E-04,4.806537E-04,-.002
3.10055,1.678476E-04,-6.103562E-05,-2.33333E-03
3.101551,5.188026E-04,-1.525888E-04,-6.66667E-04
3.102551,6.027259E-04,2.212534E-04,-.002
3.103552,4.959144E-04,3.814716E-04,6.66667E-04
3.104552,-6.103562E-05,2.517719E-04,-.001
3.105553,-3.12807E-04,2.059946E-04,-6.66667E-04
3.106553,-3.662128E-04,3.356952E-04,-.001
3.107554,-6.027259E-04,1.06812E-04,-.001
3.108554,-6.866492E-04,2.059946E-04,6.66667E-04
3.109555,-4.196186E-04,9.918259E-05,-.001
3.110555,-2.899189E-04,7.629441E-05,-6.66667E-04
3.111556,-4.425067E-04,-1.220712E-04,-.001
3.112556,-8.316077E-04,-4.730243E-04,-.001
3.113557,-1.220711E-03,-5.722083E-04,.001
3.114557,-1.640327E-03,-4.653949E-04,6.66667E-04
3.115558,-1.876839E-03,-6.866492E-04,-6.66667E-04
3.116558,-2.555862E-03,-7.476844E-04,-.002
3.117559,-3.59346E-03,-2.746601E-04,-6.66667E-04
3.118559,-4.730254E-03,-4.730243E-04,6.66667E-04
3.11956,-5.897552E-03,-2.746601E-04,6.66667E-04
3.12056,-6.828338E-03,-2.670307E-04,.001
3.121561,-8.262694E-03,-3.051776E-04,-6.66667E-04
3.122561,-9.880126E-03,-5.416907E-04,-6.66667E-04
3.123562,-1.170355E-02,-8.163489E-04,-2.33333E-03
3.124562,-1.353461E-02,-1.472481E-03,-.002
3.125563,-1.453406E-02,-1.632698E-03,-6.66667E-04
3.126563,-1.396948E-02,-1.533516E-03,-.001
3.127564,-1.268774E-02,-1.411445E-03,-3.66667E-03
3.128564,-1.097876E-02,-1.052864E-03,.001
3.129565,-9.491026E-03,-8.544959E-04,-.002
3.130565,-8.323729E-03,-4.577655E-04,.001
3.131566,-6.965667E-03,-1.525888E-04,-.002
3.132566,-5.569488E-03,-2.517719E-04,6.66667E-04
3.133567,-4.219085E-03,-1.144414E-04,6.66667E-04
3.134567,-3.242508E-03,-7.629453E-06,6.66667E-04
3.135568,-2.487198E-03,-3.738422E-04,-.002
3.136568,-1.991287E-03,-3.12807E-04,.001
3.137569,-1.670845E-03,-1.449594E-04,-3.66667E-03
3.138569,-1.159675E-03,-1.449594E-04,-6.66667E-04
3.13957,-7.78202E-04,-1.525891E-05,6.66667E-04
3.14057,-7.247962E-04,2.365122E-04,6.66667E-04
3.141571,-6.485023E-04,-9.15532E-05,-6.66667E-04
3.142571,-4.348774E-04,-1.678476E-04,-3.66667E-03
3.143572,-3.662128E-04,7.629441E-05,-.001
3.144572,-3.051776E-04,1.525891E-05,-.001
3.145573,-2.288828E-04,3.662128E-04,6.66667E-04
3.146573,-3.585834E-04,5.950965E-04,.001
3.147574,9.918259E-05,3.051776E-04,-.001
3.148574,-1.525891E-05,1.602182E-04,-.002
3.149575,-2.212534E-04,-1.75477E-04,6.66667E-04
3.150575,-3.051781E-05,-9.918259E-05,6.66667E-04
3.151576,-1.06812E-04,0,2.33333E-03
3.152576,-1.602182E-04,2.13624E-04,-.001
3.153577,-2.13624E-04,9.15532E-05,-6.66667E-04
3.154577,-9.15532E-05,-3.280658E-04,6.66667E-04
3.155578,-9.918259E-05,-4.196186E-04,.001
3.156578,4.57766E-05,-3.662128E-04,6.66667E-04
3.157579,2.13624E-04,-3.814721E-05,-.002
3.158579,4.806537E-04,1.678476E-04,-.001
3.15958,4.196186E-04,3.50954E-04,-.002
3.16058,3.662128E-04,8.926429E-04,6.66667E-04
3.161581,3.50954E-04,3.585834E-04,-.002
3.162581,1.75477E-04,-1.220712E-04,-.001
3.163582,1.525888E-04,-3.967304E-04,-.002
3.164582,3.814721E-05,-4.119892E-04,-.002
3.165583,-2.059946E-04,-4.425067E-04,.001
3.166583,7.629453E-06,-4.577655E-04,-.002
3.167584,-1.525888E-04,-8.087195E-04,-.002
3.168584,-7.629453E-06,-2.899189E-04,6.66667E-04
3.169585,-1.525891E-05,6.866502E-05,-6.66667E-04
3.170585,-1.06812E-04,8.392381E-05,-6.66667E-04
3.171586,1.678476E-04,1.525888E-04,-.001
3.172586,4.043598E-04,4.57766E-05,-.002
3.173587,4.425067E-04,4.57766E-05,2.33333E-03
3.174587,3.12807E-04,-5.340599E-05,-3.66667E-03
3.175588,9.918259E-05,-7.629441E-05,6.66667E-04
3.176588,3.662128E-04,-1.06812E-04,6.66667E-04
3.177589,3.12807E-04,4.57766E-05,-2.33333E-03
3.178589,1.831064E-04,6.866502E-05,6.66667E-04
3.17959,1.831064E-04,-1.525888E-04,.001
3.18059,-3.280658E-04,4.57766E-05,-3.66667E-03
3.181591,-5.874671E-04,-1.449594E-04,-3.66667E-03
3.182591,-7.629432E-04,-6.103553E-04,2.33333E-03
3.183592,-6.866492E-04,-2.13624E-04,-.001
3.184592,-4.501361E-04,1.525888E-04,-6.66667E-04
3.185593,-8.392381E-05,2.899189E-04,.001
3.186593,-2.822895E-04,1.907358E-04,-.001
3.187594,-9.307899E-04,-7.629453E-06,-6.66667E-04
3.188594,-7.705726E-04,-2.670307E-04,6.66667E-04
3.189595,-2.975482E-04,-3.12807E-04,-.002
3.190595,-3.204364E-04,-1.06812E-04,-6.66667E-04
3.191596,-8.392381E-05,-2.13624E-04,-.001
3.192596,1.831064E-04,-3.051776E-04,6.66667E-04
3.193597,6.866502E-05,-4.425067E-04,.001
3.194597,-5.340599E-05,-3.662128E-04,-6.66667E-04
3.195598,-2.670307E-04,3.051781E-05,-6.66667E-04
3.196598,-6.866502E-05,0,-.001
3.197599,2.746601E-04,9.918259E-05,-.001
3.198599,2.899189E-04,1.525888E-04,-.001
3.1996,1.06812E-04,1.144414E-04,-.001
3.2006,1.525888E-04,3.356952E-04,-2.33333E-03
3.201601,3.051776E-04,2.899189E-04,-6.66667E-04
3.202601,5.340599E-05,1.983652E-04,-.001
3.203602,6.103562E-05,-1.06812E-04,-.001
3.204602,1.525888E-04,-1.525888E-04,-.001
3.205603,1.220712E-04,3.356952E-04,-6.66667E-04
3.206603,4.57766E-05,2.594013E-04,-6.66667E-04
3.207604,1.525891E-05,1.75477E-04,-.001
3.208604,-1.602182E-04,1.525888E-04,-.001
3.209605,-5.264319E-04,-1.297006E-04,6.66667E-04
3.210605,-4.577655E-04,2.594013E-04,6.66667E-04
3.211606,-2.288828E-04,3.12807E-04,-6.66667E-04
3.212606,-4.043598E-04,2.746601E-04,-.002
3.213607,-1.75477E-04,1.602182E-04,6.66667E-04
3.214607,3.662128E-04,2.594013E-04,-6.66667E-04
3.215608,4.348774E-04,-1.06812E-04,.001
3.216608,4.730243E-04,-2.746601E-04,-.002
3.217609,4.730243E-04,-7.629441E-05,-.004
3.218609,-2.28883E-05,1.75477E-04,6.66667E-04
3.21961,-1.75477E-04,1.525891E-05,-.002
3.22061,-3.280658E-04,0,-.001
3.221611,-2.517719E-04,3.204364E-04,-6.66667E-04
3.222611,-2.899189E-04,3.89101E-04,-6.66667E-04
3.223612,-2.13624E-04,3.12807E-04,-.001
3.224612,8.392381E-05,1.06812E-04,-6.66667E-04
3.225613,1.144414E-04,-2.822895E-04,-.001
3.226614,1.449594E-04,0,-.001
3.227614,5.340599E-05,1.144414E-04,-.002
3.228614,6.866502E-05,-9.918259E-05,-6.66667E-04
3.229615,2.594013E-04,-1.75477E-04,-.002
3.230615,2.059946E-04,-2.670307E-04,6.66667E-04
3.231616,-8.392381E-05,-3.051776E-04,-.001
3.232616,3.051781E-05,2.594013E-04,-.001
3.233617,1.831064E-04,6.790198E-04,.002
3.234617,1.220712E-04,5.264319E-04,-6.66667E-04
3.235618,-1.525891E-05,4.653949E-04,.001
3.236619,1.525888E-04,7.629441E-05,-6.66667E-04
3.237619,4.730243E-04,-1.06812E-04,.001
3.238619,2.059946E-04,-3.204364E-04,-.002
3.23962,-7.629453E-06,-5.569495E-04,-.002
3.24062,-2.594013E-04,-7.171668E-04,-6.66667E-04
3.241621,-2.059946E-04,-3.12807E-04,-.001
3.242621,1.297006E-04,-2.670307E-04,-.001
3.243622,-2.28883E-05,-3.051781E-05,-3.66667E-03
3.244622,-2.212534E-04,3.280658E-04,-2.33333E-03
3.245623,-4.119892E-04,1.678476E-04,-.002
3.246624,-4.425067E-04,6.103562E-05,6.66667E-04
3.247624,-4.348774E-04,-3.356952E-04,.001
3.248624,-7.705726E-04,9.15532E-05,-.002
3.249625,-9.002723E-04,-1.983652E-04,.001
3.250625,-4.425067E-04,-3.204364E-04,-.001
3.251626,-3.50954E-04,-4.348774E-04,-6.66667E-04
3.252626,-8.392381E-05,-3.12807E-04,-.001
3.253627,1.525891E-05,-2.746601E-04,6.66667E-04
3.254627,4.348774E-04,1.525888E-04,-.001
3.255628,5.340613E-04,5.264319E-04,-.002
3.256629,5.798377E-04,5.722083E-04,6.66667E-04
3.257629,3.738422E-04,3.585834E-04,.001
3.258629,2.212534E-04,2.746601E-04,-.002
3.25963,-7.629441E-05,2.059946E-04,.002
3.26063,-3.585834E-04,4.959144E-04,6.66667E-04
3.261631,-2.059946E-04,5.188026E-04,-.002
3.262631,-2.517719E-04,6.179847E-04,.002
3.263632,-5.340599E-05,5.874671E-04,.001
3.264632,-9.15532E-05,1.983652E-04,2.33333E-03
3.265633,1.06812E-04,0,6.66667E-04
3.266634,3.662128E-04,-2.288828E-04,-6.66667E-04
3.267634,2.28883E-05,-3.738422E-04,.001
3.268634,-8.392381E-05,-2.288828E-04,.002
3.269635,-4.57766E-05,-1.220712E-04,-.001
3.270635,2.059946E-04,0,-6.66667E-04
3.271636,3.662128E-04,-1.525888E-04,.001
3.272636,3.051776E-04,-2.365122E-04,-.001
3.273637,5.340599E-05,-1.06812E-04,6.66667E-04
3.274637,5.340599E-05,-1.06812E-04,.001
3.275638,9.15532E-05,-4.043598E-04,-6.66667E-04
3.276639,-1.525888E-04,0,-.002
3.277639,-2.13624E-04,-4.57766E-05,-6.66667E-04
3.278639,-1.144414E-04,-5.340599E-05,-.002
3.27964,-2.13624E-04,7.629453E-06,-.001
3.28064,-2.670307E-04,4.730243E-04,-.001
3.281641,-5.340599E-05,6.713904E-04,-.001
3.282641,2.059946E-04,3.662128E-04,-6.66667E-04
3.283642,1.220712E-04,-1.449594E-04,-.001
3.284642,9.918259E-05,-4.043598E-04,-2.33333E-03
3.285643,4.806537E-04,-4.57766E-05,6.66667E-04
3.286644,4.27248E-04,3.12807E-04,-.002
3.287644,3.12807E-04,4.959144E-04,6.66667E-04
3.288644,4.57766E-05,7.095374E-04,-6.66667E-04
3.289645,-1.525888E-04,5.950965E-04,-2.33333E-03
3.290645,-6.63761E-04,5.569495E-04,-.002
3.291646,-7.629432E-04,4.730243E-04,6.66667E-04
3.292646,-3.280658E-04,4.425067E-04,-.002
3.293647,-1.144414E-04,4.730243E-04,6.66667E-04
3.294647,-6.103562E-05,1.297006E-04,-.002
3.295648,-2.517719E-04,-1.983652E-04,-.001
3.296649,-3.356952E-04,-2.13624E-04,-6.66667E-04
3.297649,-1.297006E-04,9.918259E-05,-6.66667E-04
3.298649,-5.340599E-05,-1.983652E-04,6.66667E-04
3.29965,-2.059946E-04,-3.738422E-04,.001
3.30065,-4.730243E-04,-3.051781E-05,2.33333E-03
3.301651,-3.50954E-04,-3.204364E-04,-6.66667E-04
3.302651,-6.408729E-04,-3.89101E-04,-6.66667E-04
3.303652,-2.975482E-04,-1.220712E-04,.001
3.304652,3.585834E-04,9.918259E-05,.001
3.305653,6.332435E-04,-1.3733E-04,-.001
3.306653,5.340613E-04,2.13624E-04,-6.66667E-04
3.307654,3.738422E-04,4.27248E-04,6.66667E-04
3.308654,2.288828E-04,1.678476E-04,6.66667E-04
3.309655,-2.059946E-04,-2.13624E-04,-.001
3.310655,-1.75477E-04,-1.525888E-04,-.001
3.311656,1.602182E-04,-6.103562E-05,-.002
3.312656,-3.12807E-04,-2.822895E-04,-.001
3.313657,-1.907358E-04,-2.670307E-04,6.66667E-04
3.314657,-2.441425E-04,-2.365122E-04,-2.33333E-03
3.315658,1.983652E-04,-2.365122E-04,-.001
3.316658,-9.918259E-05,-5.340599E-05,6.66667E-04
3.317659,-1.220712E-04,-2.899189E-04,6.66667E-04
3.318659,2.059946E-04,-6.103553E-04,-.002
3.31966,3.89101E-04,-5.340613E-04,.001
3.32066,1.907358E-04,-1.678476E-04,.001
3.321661,-4.57766E-05,1.678476E-04,-.001
3.322661,2.441425E-04,5.188026E-04,6.66667E-04
3.323662,6.103562E-05,6.561317E-04,.001
3.324662,3.814721E-05,1.449594E-04,-.001
3.325663,1.144414E-04,-1.449594E-04,.001
3.326663,1.678476E-04,-4.57766E-05,-6.66667E-04
3.327664,4.119892E-04,-2.13624E-04,-6.66667E-04
3.328664,-1.75477E-04,2.28883E-05,-.001
3.329665,-4.730243E-04,8.392381E-05,.001
3.330665,-4.806537E-04,2.441425E-04,-6.66667E-04
3.331666,-3.356952E-04,1.907358E-04,.001
3.332666,-2.28883E-05,-4.57766E-05,6.66667E-04
3.333667,-1.525891E-05,-1.602182E-04,-.002
3.334667,-3.280658E-04,1.602182E-04,.001
3.335668,-9.918259E-05,3.814721E-05,-2.33333E-03
3.336668,3.051781E-05,-3.204364E-04,.001
3.337669,-9.15532E-05,-1.220712E-04,-.002
3.338669,-1.297006E-04,-1.983652E-04,-.001
3.33967,-2.899189E-04,-7.629453E-06,-.002
3.34067,1.678476E-04,1.3733E-04,6.66667E-04
3.341671,-3.051776E-04,-1.3733E-04,6.66667E-04
3.342671,-3.051776E-04,-2.746601E-04,-.001
3.343672,-2.212534E-04,-1.220712E-04,-6.66667E-04
3.344672,0,3.051781E-05,-.001
3.345673,2.594013E-04,-2.212534E-04,-6.66667E-04
3.346673,6.103562E-05,-1.3733E-04,.001
3.347674,6.103562E-05,-1.602182E-04,.001
3.348674,-1.144414E-04,-1.678476E-04,6.66667E-04
3.349675,-5.340599E-05,-5.111732E-04,6.66667E-04
3.350675,2.670307E-04,-4.653949E-04,6.66667E-04
3.351676,3.051781E-05,-3.204364E-04,-6.66667E-04
3.352676,-2.059946E-04,-1.602182E-04,6.66667E-04
3.353677,-9.918259E-05,-5.264319E-04,-6.66667E-04
3.354677,-2.670307E-04,-3.204364E-04,6.66667E-04
3.355678,-2.212534E-04,-1.144414E-04,-.001
3.356678,-2.670307E-04,-1.144414E-04,6.66667E-04
3.357679,3.433246E-04,-1.144414E-04,6.66667E-04
3.358679,3.051776E-04,-1.983652E-04,-2.33333E-03
3.35968,-3.814721E-05,2.28883E-05,.001
3.36068,2.059946E-04,3.12807E-04,.002
3.361681,1.144414E-04,2.746601E-04,6.66667E-04
3.362681,7.629453E-06,4.501361E-04,-6.66667E-04
3.363682,-3.280658E-04,1.525888E-04,-.002
3.364682,-2.212534E-04,-1.449594E-04,-.001
3.365683,-2.212534E-04,-1.06812E-04,6.66667E-04
3.366683,-8.392381E-05,2.059946E-04,-3.66667E-03
3.367684,3.12807E-04,-1.525888E-04,-6.66667E-04
3.368684,0,-5.111732E-04,-.001
3.369685,-6.866502E-05,-2.212534E-04,6.66667E-04
3.370685,-2.13624E-04,-3.280658E-04,-6.66667E-04
3.371686,-5.340599E-05,-7.934608E-04,-.001
3.372686,8.392381E-05,-6.485023E-04,.001
3.373687,1.678476E-04,-6.256141E-04,-6.66667E-04
3.374687,2.899189E-04,-2.212534E-04,-6.66667E-04
3.375688,2.822895E-04,1.75477E-04,-.001
3.376688,-9.918259E-05,2.212534E-04,-3.66667E-03
3.377689,-4.88285E-04,1.297006E-04,6.66667E-04
3.378689,-6.408729E-04,-1.06812E-04,-.001
3.37969,-7.01908E-04,2.899189E-04,-.001
3.38069,-2.13624E-04,4.27248E-04,6.66667E-04
3.381691,1.06812E-04,2.594013E-04,-.002
3.382691,-2.365122E-04,3.814716E-04,6.66667E-04
3.383692,-1.75477E-04,2.899189E-04,-.001
3.384692,-4.119892E-04,0,-.001
3.385693,-4.27248E-04,-1.75477E-04,.001
3.386693,-1.75477E-04,-2.365122E-04,-6.66667E-04
3.387694,-4.27248E-04,5.340599E-05,-.002
3.388694,-7.40055E-04,3.12807E-04,-6.66667E-04
3.389695,-8.316077E-04,6.561317E-04,-.001
3.390696,-7.476844E-04,7.324256E-04,-6.66667E-04
3.391696,-4.806537E-04,5.188026E-04,6.66667E-04
3.392696,-6.408729E-04,6.713904E-04,-.001
3.393697,-1.678476E-04,9.15532E-05,.001
3.394697,-3.662128E-04,5.340599E-05,6.66667E-04
3.395698,-6.256141E-04,2.822895E-04,.001
3.396698,-5.035438E-04,8.163489E-04,.002
3.397699,-3.738422E-04,8.392371E-04,6.66667E-04
3.398699,-5.264319E-04,6.332435E-04,6.66667E-04
3.3997,-3.12807E-04,-1.525891E-05,6.66667E-04
3.400701,-4.119892E-04,-1.144414E-04,-6.66667E-04
3.401701,-5.722083E-04,-1.907358E-04,.001
3.402701,-5.416907E-04,-4.348774E-04,-6.66667E-04
3.403702,-5.569495E-04,-3.356952E-04,-2.33333E-03
3.404702,-1.75477E-04,-2.746601E-04,6.66667E-04
3.405703,-1.602182E-04,-2.822895E-04,-.001
3.406703,-2.670307E-04,-1.06812E-04,6.66667E-04
3.407704,-2.13624E-04,0,-6.66667E-04
3.408704,-3.738422E-04,0,-6.66667E-04
3.409705,-9.002723E-04,6.866502E-05,6.66667E-04
3.410706,-7.171668E-04,6.866502E-05,.001
3.411706,-7.247962E-04,2.365122E-04,-6.66667E-04
3.412706,-9.994581E-04,6.179847E-04,-.002
3.413707,-6.332435E-04,3.89101E-04,-.001
3.414707,-6.63761E-04,-2.28883E-05,-6.66667E-04
3.415708,-7.858314E-04,1.525888E-04,-.001
3.416708,-8.926429E-04,4.119892E-04,6.66667E-04
3.417709,-7.171668E-04,1.602182E-04,.002
3.418709,-8.468665E-04,-2.13624E-04,-.001
3.41971,-1.678474E-03,-5.035438E-04,-6.66667E-04
3.420711,-1.960769E-03,-2.441425E-04,-6.66667E-04
3.421711,-2.693191E-03,-4.653949E-04,.002
3.422711,-2.807632E-03,-5.874671E-04,-.002
3.423712,-3.34169E-03,-5.340613E-04,.001
3.424712,-4.074126E-03,-4.959144E-04,-.001
3.425713,-5.256683E-03,-5.264319E-04,6.66667E-04
3.426713,-6.568938E-03,-9.002723E-04,-.002
3.427714,-7.972777E-03,-1.167305E-03,-6.66667E-04
3.428714,-9.643614E-03,-9.613074E-04,-.001
3.429715,-1.113135E-02,-1.159675E-03,-2.33333E-03
3.430716,-1.301581E-02,-1.548775E-03,6.66667E-04
3.431716,-1.493841E-02,-2.029434E-03,-.001
3.432716,-1.710522E-02,-2.45668E-03,.001
3.433717,-1.885235E-02,-2.693191E-03,6.66667E-04
3.434717,-1.985943E-02,-2.777115E-03,-.001
3.435718,-2.059948E-02,-2.929702E-03,6.66667E-04
3.436718,-2.024853E-02,-2.624527E-03,6.66667E-04
3.437719,-1.950848E-02,-1.85395E-03,.001
3.438719,-1.843274E-02,-1.907356E-03,.001
3.43972,-.0170213,-2.006546E-03,-2.33333E-03
3.440721,-1.521307E-02,-1.380928E-03,-.001
3.441721,-1.342016E-02,-1.281746E-03,-3.66667E-03
3.442721,-1.174933E-02,-1.426704E-03,-2.33333E-03
3.443722,-9.872496E-03,-9.918287E-04,.001
3.444722,-7.850707E-03,-5.111732E-04,-6.66667E-04
3.445723,-6.668121E-03,-2.594013E-04,6.66667E-04
3.446723,-5.973846E-03,-6.103562E-05,.001
3.447724,-5.111724E-03,3.356952E-04,-2.33333E-03
3.448724,-3.807083E-03,4.27248E-04,-.001
3.449725,-3.181472E-03,2.441425E-04,.002
3.450726,-2.601638E-03,3.051776E-04,-6.66667E-04
3.451726,-2.143875E-03,2.899189E-04,-6.66667E-04
3.452726,-2.090469E-03,2.670307E-04,-2.33333E-03
3.453727,-1.716621E-03,6.866502E-05,-6.66667E-04
3.454727,-1.304634E-03,-1.831064E-04,-.001
3.455728,-1.068123E-03,-5.264319E-04,-6.66667E-04
3.456728,-1.007088E-03,-7.095374E-04,-6.66667E-04
3.457729,-1.220711E-03,-3.051776E-04,-.001
3.458729,-1.266487E-03,1.297006E-04,-6.66667E-04
3.45973,-1.22834E-03,3.814716E-04,6.66667E-04
3.460731,-7.78202E-04,3.12807E-04,-.001
3.461731,-3.204364E-04,3.814716E-04,-6.66667E-04
3.462731,-6.103562E-05,1.75477E-04,-6.66667E-04
3.463732,-6.103562E-05,3.051781E-05,-2.33333E-03
3.464732,-1.75477E-04,7.629453E-06,.002
3.465733,-6.866502E-05,-1.220712E-04,-.001
3.466733,3.814721E-05,-1.144414E-04,.001
3.467734,-2.212534E-04,3.051781E-05,.001
3.468734,-2.594013E-04,-1.678476E-04,-.001
3.469735,4.57766E-05,1.06812E-04,-.001
3.470736,1.525888E-04,1.525891E-05,6.66667E-04
3.471736,3.280658E-04,1.602182E-04,.002
3.472736,1.144414E-04,1.525888E-04,.001
3.473737,-1.06812E-04,2.28883E-05,-.001
3.474737,-2.594013E-04,2.517719E-04,.001
3.475738,-2.288828E-04,-6.866502E-05,6.66667E-04
3.476738,-2.365122E-04,6.103562E-05,-.002
3.477739,0,1.449594E-04,-.001
3.478739,-2.13624E-04,-7.629453E-06,-.002
3.47974,-2.822895E-04,-2.365122E-04,-.002
3.480741,-2.13624E-04,-2.899189E-04,-6.66667E-04
3.481741,-5.340599E-05,-3.738422E-04,.001
3.482741,-9.15532E-05,-3.280658E-04,2.33333E-03
3.483742,-3.12807E-04,-1.449594E-04,.001
3.484742,-2.670307E-04,-2.594013E-04,-6.66667E-04
3.485743,1.75477E-04,-5.340613E-04,-6.66667E-04
3.486743,1.449594E-04,-5.035438E-04,-.002
3.487744,-2.212534E-04,-2.212534E-04,6.66667E-04
3.488744,-1.144414E-04,-2.746601E-04,-3.66667E-03
3.489745,-5.340599E-05,-7.629453E-06,-2.33333E-03
3.490746,-5.340599E-05,-1.75477E-04,-.001
3.491746,-1.06812E-04,1.297006E-04,-2.33333E-03
3.492746,-2.059946E-04,7.629453E-06,.001
3.493747,-1.3733E-04,1.525891E-05,-.002
3.494747,-1.525888E-04,1.983652E-04,-6.66667E-04
3.495748,-3.433246E-04,-7.629441E-05,.001
3.496748,-2.365122E-04,-3.50954E-04,-.001
3.497749,-2.594013E-04,-1.678476E-04,-6.66667E-04
3.498749,-1.678476E-04,2.441425E-04,-.002
3.49975,1.525888E-04,3.662128E-04,-6.66667E-04
3.500751,-1.525891E-05,1.678476E-04,6.66667E-04
3.501751,2.746601E-04,4.196186E-04,-6.66667E-04
3.502751,2.822895E-04,5.340613E-04,-.001
3.503752,1.220712E-04,5.188026E-04,6.66667E-04
3.504752,-7.629453E-06,1.297006E-04,2.33333E-03
3.505753,-2.746601E-04,-2.13624E-04,.001
3.506753,-2.975482E-04,-3.356952E-04,.001
3.507754,-6.027259E-04,3.051781E-05,.001
3.508754,-2.13624E-04,6.866502E-05,-.001
3.509755,-5.340599E-05,3.814721E-05,-.002
3.510756,-1.525888E-04,-1.525891E-05,-.002
3.511756,-2.13624E-04,-2.365122E-04,-.002
3.512756,-2.670307E-04,-3.814716E-04,-6.66667E-04
3.513757,-3.50954E-04,-4.88285E-04,.001
3.514757,-3.12807E-04,-3.814716E-04,-.002
3.515758,-3.967304E-04,7.629453E-06,-3.66667E-03
3.516758,-3.738422E-04,-2.899189E-04,.001
3.517759,7.629453E-06,-1.144414E-04,6.66667E-04
3.518759,-6.866502E-05,1.602182E-04,-.002
3.51976,-2.288828E-04,2.517719E-04,-6.66667E-04
3.520761,-4.730243E-04,4.196186E-04,-6.66667E-04
3.521761,-5.340599E-05,4.806537E-04,-.001
3.522761,2.288828E-04,4.806537E-04,-.002
3.523762,1.449594E-04,5.569495E-04,6.66667E-04
3.524762,-1.602182E-04,2.28883E-05,6.66667E-04
3.525763,-3.738422E-04,-4.57766E-05,-.002
3.526763,-5.264319E-04,-2.28883E-05,6.66667E-04
3.527764,-3.967304E-04,-3.204364E-04,-.002
3.528764,-1.144414E-04,-4.196186E-04,6.66667E-04
3.529765,-1.297006E-04,2.365122E-04,-.002
3.530766,1.297006E-04,1.983652E-04,-2.33333E-03
3.531766,3.433246E-04,1.297006E-04,-.001
3.532766,-1.525891E-05,6.408729E-04,2.33333E-03
3.533767,-2.517719E-04,5.493201E-04,6.66667E-04
3.534767,-1.907358E-04,9.918259E-05,6.66667E-04
3.535768,-9.918259E-05,4.57766E-05,-6.66667E-04
3.536768,-2.365122E-04,-1.3733E-04,-.001
3.537769,-4.27248E-04,-6.103562E-05,-.001
3.538769,-6.866492E-04,-4.730243E-04,-.001
3.53977,-3.280658E-04,-8.773841E-04,.002
3.540771,-3.814716E-04,-6.866492E-04,-6.66667E-04
3.541771,-1.602182E-04,-6.027259E-04,.001
3.542771,0,-5.798377E-04,6.66667E-04
3.543772,-1.06812E-04,-3.585834E-04,-6.66667E-04
3.544772,2.517719E-04,0,-.002
3.545773,5.798377E-04,-5.035438E-04,.001
3.546773,6.332435E-04,-3.738422E-04,-.002
3.547774,2.975482E-04,-1.602182E-04,-6.66667E-04
3.548774,4.119892E-04,-2.365122E-04,.002
3.549775,1.75477E-04,-1.75477E-04,.002
3.550776,2.059946E-04,2.975482E-04,-6.66667E-04
3.551776,7.629453E-06,1.525888E-04,-.002
3.552776,-2.13624E-04,-1.144414E-04,-.002
3.553777,-5.645789E-04,2.594013E-04,.002
3.554777,-8.468665E-04,4.196186E-04,.001
3.555778,-7.247962E-04,5.798377E-04,-6.66667E-04
3.556778,-6.713904E-04,6.256141E-04,-6.66667E-04
3.557779,-7.095374E-04,4.88285E-04,.001
3.558779,-1.220711E-03,1.678476E-04,.001
3.55978,-1.502998E-03,1.75477E-04,-6.66667E-04
3.560781,-1.640327E-03,1.06812E-04,-6.66667E-04
3.561781,-1.586922E-03,-2.212534E-04,-.001
3.562781,-1.815803E-03,-3.662128E-04,-6.66667E-04
3.563782,-2.349868E-03,-3.662128E-04,-.001
3.564783,-2.441421E-03,-1.297006E-04,-.001
3.565783,-2.800003E-03,2.28883E-05,6.66667E-04
3.566783,-3.433242E-03,3.356952E-04,-6.66667E-04
3.567784,-3.860489E-03,4.730243E-04,3.66667E-03
3.568784,-3.761306E-03,4.653949E-04,-6.66667E-04
3.569785,-3.547683E-03,6.103562E-05,-2.33333E-03
3.570786,-3.669754E-03,-7.629441E-05,-6.66667E-04
3.571786,-3.387466E-03,-1.297006E-04,-.001
3.572786,-3.067032E-03,-3.280658E-04,-.002
3.573787,-3.08229E-03,-3.738422E-04,.002
3.574788,-2.815261E-03,-9.918259E-05,-2.33333E-03
3.575788,-2.281204E-03,0,-.002
3.576788,-2.059951E-03,2.288828E-04,-.002
3.577789,-1.762398E-03,3.89101E-04,-2.33333E-03
3.578789,-1.533516E-03,3.814716E-04,-.002
3.57979,-1.403816E-03,3.662128E-04,.001
3.580791,-7.40055E-04,2.212534E-04,-.001
3.581791,-5.111732E-04,-8.392381E-05,6.66667E-04
3.582791,-6.256141E-04,-3.280658E-04,-6.66667E-04
3.583792,-7.171668E-04,-5.111732E-04,-.002
3.584793,-2.212534E-04,-3.204364E-04,-2.33333E-03
3.585793,3.814721E-05,-3.280658E-04,-6.66667E-04
3.586793,1.602182E-04,6.103562E-05,-.001
3.587794,4.88285E-04,5.569495E-04,-6.66667E-04
3.588794,5.493201E-04,2.594013E-04,-.001
3.589795,4.043598E-04,-3.814721E-05,-6.66667E-04
3.590796,3.356952E-04,-3.204364E-04,-.002
3.591796,2.822895E-04,-5.035438E-04,-.002
3.592796,7.629441E-05,-2.899189E-04,-.002
3.593797,1.220712E-04,-2.365122E-04,-.002
3.594798,2.822895E-04,-3.814721E-05,.001
3.595798,1.983652E-04,-2.365122E-04,-6.66667E-04
3.596798,2.670307E-04,-1.06812E-04,-6.66667E-04
3.597799,5.340613E-04,3.814721E-05,-6.66667E-04
3.598799,4.27248E-04,2.059946E-04,-6.66667E-04
3.5998,4.730243E-04,7.629441E-05,-2.33333E-03
3.600801,1.983652E-04,-1.525888E-04,-.002
3.601801,5.340599E-05,-7.629453E-06,2.33333E-03
3.602801,1.297006E-04,9.918259E-05,.002
3.603802,-7.629453E-06,3.12807E-04,6.66667E-04
3.604803,-2.594013E-04,7.705726E-04,-.001
3.605803,9.918259E-05,5.950965E-04,6.66667E-04
3.606803,3.051776E-04,8.163489E-04,-6.66667E-04
3.607804,3.814716E-04,6.332435E-04,-.001
3.608804,3.814721E-05,2.746601E-04,-.001
3.609805,-2.28883E-05,3.051781E-05,-.001
3.610806,1.678476E-04,-2.059946E-04,-.002
3.611806,3.12807E-04,-3.814721E-05,-2.33333E-03
3.612806,2.517719E-04,7.629441E-05,-.001
3.613807,0,1.06812E-04,-.001
3.614808,-5.340599E-05,-3.814721E-05,.001
3.615808,-1.831064E-04,-3.051776E-04,-.002
3.616808,-1.907358E-04,-5.798377E-04,.001
3.617809,-5.340599E-05,0,-.001
3.618809,-2.288828E-04,-3.051781E-05,-2.33333E-03
3.61981,-7.629441E-05,-1.06812E-04,-6.66667E-04
3.620811,2.288828E-04,-9.15532E-05,.001
3.621811,1.75477E-04,-1.75477E-04,.001
3.622811,1.525888E-04,2.594013E-04,-6.66667E-04
3.623812,2.059946E-04,8.392381E-05,-.001
3.624813,1.525891E-05,-3.738422E-04,.001
3.625813,2.288828E-04,-4.577655E-04,-.002
3.626813,8.392381E-05,-6.485023E-04,6.66667E-04
3.627814,-1.602182E-04,-6.866492E-04,-6.66667E-04
3.628814,2.13624E-04,-7.78202E-04,6.66667E-04
3.629815,-1.06812E-04,-6.866492E-04,-.001
3.630816,-2.670307E-04,-2.746601E-04,-.001
3.631816,4.653949E-04,-1.144414E-04,-.002
3.632816,6.561317E-04,1.678476E-04,-6.66667E-04
3.633817,8.392371E-04,5.035438E-04,-6.66667E-04
3.634818,9.079017E-04,4.425067E-04,-.001
3.635818,7.705726E-04,2.212534E-04,.001
3.636818,5.416907E-04,1.3733E-04,-.001
3.637819,3.814716E-04,0,-.001
3.638819,-3.356952E-04,-2.365122E-04,-2.33333E-03
3.63982,-5.188026E-04,-2.746601E-04,-.002
3.640821,-1.907358E-04,-2.517719E-04,-.002
3.641821,-1.06812E-04,-4.806537E-04,-.001
3.642821,-2.28883E-05,-2.13624E-04,-.001
3.643822,3.433246E-04,3.814721E-05,.001
3.644823,9.918259E-05,4.043598E-04,-6.66667E-04
3.645823,1.831064E-04,4.959144E-04,6.66667E-04
3.646823,5.416907E-04,1.831064E-04,-6.66667E-04
3.647824,7.705726E-04,3.051781E-05,-.002
3.648824,6.790198E-04,2.059946E-04,-6.66667E-04
3.649825,5.188026E-04,2.517719E-04,-.002
3.650826,9.15532E-05,9.918259E-05,6.66667E-04
3.651826,-1.06812E-04,-7.629441E-05,-3.66667E-03
3.652826,-2.517719E-04,9.918259E-05,-6.66667E-04
3.653827,-2.822895E-04,1.525888E-04,-6.66667E-04
3.654828,1.06812E-04,1.525888E-04,-.001
3.655828,-1.525891E-05,-1.525891E-05,.001
3.656828,-3.051781E-05,-2.746601E-04,-.001
3.657829,-3.50954E-04,1.144414E-04,-6.66667E-04
3.658829,-6.485023E-04,8.392381E-05,.002
3.65983,-9.231605E-04,5.340599E-05,-.002
3.66083,-1.09864E-03,-2.899189E-04,-6.66667E-04
3.661831,-7.324256E-04,-5.416907E-04,6.66667E-04
3.662831,-1.304634E-03,-8.392381E-05,-6.66667E-04
3.663832,-1.95314E-03,-1.297006E-04,-.001
3.664833,-1.85395E-03,-1.449594E-04,-6.66667E-04
3.665833,-1.983657E-03,-4.57766E-05,-6.66667E-04
3.666833,-2.441421E-03,2.365122E-04,6.66667E-04
3.667834,-2.975479E-03,2.365122E-04,.001
3.668834,-4.013091E-03,3.89101E-04,-.002
3.669835,-4.554778E-03,2.059946E-04,-.002
3.670835,-5.073577E-03,-3.585834E-04,6.66667E-04
3.671836,-.0052872,-2.441425E-04,-.001
3.672836,-.0052872,-1.75477E-04,-6.66667E-04
3.673837,-5.355865E-03,-1.06812E-04,-.002
3.674838,-5.180389E-03,-1.525891E-05,-.002
3.675838,-4.333526E-03,-2.594013E-04,-6.66667E-04
3.676838,-4.020721E-03,-5.950965E-04,-.001
3.677839,-3.974944E-03,-4.27248E-04,.001
3.678839,-3.280655E-03,-1.06812E-04,-.001
3.67984,-2.296463E-03,-2.670307E-04,-.002
3.68084,-1.396187E-03,1.297006E-04,-.001
3.681841,-1.029976E-03,1.831064E-04,.001
3.682841,-9.53678E-04,1.983652E-04,.001
3.683842,-4.425067E-04,1.220712E-04,-.001
3.684843,-6.866502E-05,-3.051776E-04,-6.66667E-04
3.685843,-1.678476E-04,-1.297006E-04,-.002
3.686843,-1.297006E-04,6.866502E-05,-.001
3.687844,-2.28883E-05,-2.13624E-04,-.001
3.688844,-1.831064E-04,-4.348774E-04,-.001
3.689845,-5.340613E-04,-2.13624E-04,-.001
3.690845,-4.577655E-04,7.629453E-06,.001
3.691846,-2.746601E-04,-3.814721E-05,-.001
3.692847,-2.670307E-04,3.967304E-04,-.002
3.693847,-6.866502E-05,3.585834E-04,-6.66667E-04
3.694848,1.907358E-04,2.059946E-04,-.001
3.695848,2.441425E-04,3.662128E-04,-6.66667E-04
3.696848,-8.392381E-05,3.280658E-04,-.001
3.697849,-3.814721E-05,1.75477E-04,-6.66667E-04
3.698849,1.3733E-04,2.670307E-04,6.66667E-04
3.69985,4.57766E-05,4.730243E-04,.002
3.70085,8.392381E-05,9.002723E-04,.001
3.701851,8.392381E-05,5.493201E-04,-6.66667E-04
3.702852,1.525888E-04,1.06812E-04,-6.66667E-04
3.703852,-1.525891E-05,-2.28883E-05,6.66667E-04
3.704853,4.57766E-05,-3.814721E-05,-6.66667E-04
3.705853,-8.392381E-05,-1.297006E-04,-6.66667E-04
3.706853,3.051781E-05,-2.365122E-04,-.001
3.707854,-1.525888E-04,-1.907358E-04,6.66667E-04
3.708854,3.814721E-05,-7.629441E-05,6.66667E-04
3.709855,4.57766E-05,-2.28883E-05,-.001
3.710855,-2.28883E-05,3.051781E-05,-6.66667E-04
3.711856,-2.13624E-04,2.212534E-04,-.002
3.712857,-5.874671E-04,2.899189E-04,6.66667E-04
3.713857,-6.408729E-04,3.662128E-04,-6.66667E-04
3.714858,-2.288828E-04,-4.57766E-05,.001
3.715858,-4.043598E-04,-1.602182E-04,-6.66667E-04
3.716858,-4.119892E-04,1.449594E-04,-6.66667E-04
3.717859,3.051781E-05,2.212534E-04,-.002
3.718859,2.288828E-04,9.918259E-05,-.002
3.71986,1.297006E-04,6.790198E-04,-.001
3.72086,1.75477E-04,8.087195E-04,-.002
3.721861,1.220712E-04,3.12807E-04,-2.33333E-03
3.722862,0,-1.3733E-04,-.001
3.723862,4.730243E-04,-1.678476E-04,2.33333E-03
3.724863,2.288828E-04,1.3733E-04,-6.66667E-04
3.725863,-2.288828E-04,8.316077E-04,6.66667E-04
3.726863,-1.3733E-04,5.340613E-04,-6.66667E-04
3.727864,-4.57766E-05,4.88285E-04,.001
3.728864,-5.188026E-04,9.918259E-05,-.001
3.729865,-5.493201E-04,1.525888E-04,.001
3.730865,4.57766E-05,-1.297006E-04,6.66667E-04
3.731866,2.517719E-04,-2.365122E-04,-.001
3.732867,-7.629453E-06,2.212534E-04,-6.66667E-04
3.733867,-6.103553E-04,4.959144E-04,-6.66667E-04
3.734868,-3.12807E-04,2.365122E-04,-2.33333E-03
3.735868,-4.959144E-04,5.035438E-04,.002
3.736868,-5.645789E-04,4.043598E-04,-6.66667E-04
3.737869,-5.188026E-04,4.27248E-04,-6.66667E-04
3.73887,-5.340599E-05,2.059946E-04,-.002
3.73987,-1.3733E-04,4.196186E-04,6.66667E-04
3.74087,-1.06812E-04,5.111732E-04,-.001
3.741871,-1.06812E-04,2.594013E-04,-6.66667E-04
3.742872,-2.365122E-04,0,.001
3.743872,-4.806537E-04,1.525891E-05,-.001
3.744873,-1.449594E-04,9.918259E-05,-2.33333E-03
3.745873,-2.28883E-05,-3.814721E-05,6.66667E-04
3.746873,7.629453E-06,1.831064E-04,-2.33333E-03
3.747874,-1.525888E-04,1.525888E-04,6.66667E-04
3.748875,-2.975482E-04,-1.831064E-04,-.002
3.749875,-4.806537E-04,-2.212534E-04,.001
3.750875,-6.561317E-04,-2.441425E-04,-6.66667E-04
3.751876,-2.670307E-04,-2.212534E-04,-2.33333E-03
3.752877,1.602182E-04,-9.15532E-05,-6.66667E-04
3.753877,2.975482E-04,5.416907E-04,-.002
3.754878,-2.13624E-04,7.247962E-04,-.001
3.755878,-2.746601E-04,4.730243E-04,-3.66667E-03
3.756878,3.12807E-04,-6.103562E-05,-.001
3.757879,4.806537E-04,-2.13624E-04,.001
3.75888,3.280658E-04,-1.06812E-04,-.001
3.75988,3.89101E-04,-3.12807E-04,-6.66667E-04
3.76088,2.441425E-04,-3.356952E-04,-.002
3.761881,-1.220712E-04,-5.340613E-04,-6.66667E-04
3.762882,-1.525888E-04,-4.348774E-04,-6.66667E-04
3.763882,1.220712E-04,-1.449594E-04,-6.66667E-04
3.764883,3.662128E-04,-1.525891E-05,.001
3.765883,4.348774E-04,9.918259E-05,-6.66667E-04
3.766883,1.678476E-04,7.629453E-06,6.66667E-04
3.767884,-6.103562E-05,-6.866502E-05,-.001
3.768885,-2.899189E-04,1.602182E-04,-6.66667E-04
3.769885,-1.144414E-04,-1.831064E-04,6.66667E-04
3.770885,9.918259E-05,-3.356952E-04,-.001
3.771886,-2.670307E-04,-4.959144E-04,-6.66667E-04
3.772887,-1.06812E-04,-3.204364E-04,-6.66667E-04
3.773887,8.392381E-05,-2.975482E-04,6.66667E-04
3.774888,-5.340599E-05,-1.678476E-04,-.002
3.775888,2.441425E-04,-3.356952E-04,.002
3.776888,3.662128E-04,-5.874671E-04,.002
3.777889,1.678476E-04,-4.88285E-04,.001
3.77889,2.975482E-04,-3.585834E-04,-6.66667E-04
3.77989,8.392381E-05,-8.392381E-05,-.002
3.78089,2.28883E-05,-1.297006E-04,-6.66667E-04
3.781891,9.918259E-05,7.629441E-05,-.001
3.782892,2.441425E-04,3.433246E-04,-6.66667E-04
3.783892,3.50954E-04,3.051776E-04,-.001
3.784893,1.525888E-04,2.517719E-04,-6.66667E-04
3.785893,-2.441425E-04,2.059946E-04,-6.66667E-04
3.786893,-2.746601E-04,4.27248E-04,.001
3.787894,-3.738422E-04,5.188026E-04,-.002
3.788895,-9.307899E-04,3.051776E-04,.001
3.789895,-1.243599E-03,2.975482E-04,.001
3.790895,-1.419075E-03,1.449594E-04,-.001
3.791896,-1.998916E-03,1.449594E-04,-2.33333E-03
3.792897,-2.616897E-03,5.340599E-05,6.66667E-04
3.793897,-3.654495E-03,2.212534E-04,.001
3.794898,-5.622894E-03,2.975482E-04,-.002
3.795898,-7.988036E-03,2.594013E-04,-.001
3.796898,-9.132445E-03,2.212534E-04,-.001
3.797899,-9.758055E-03,6.866502E-05,-6.66667E-04
3.7989,-9.552062E-03,1.525888E-04,-.002
3.7999,-9.185851E-03,-5.340599E-05,-6.66667E-04
3.8009,-8.453429E-03,-6.866502E-05,6.66667E-04
3.801901,-7.55313E-03,-1.449594E-04,-.001
3.802902,-6.210357E-03,4.196186E-04,-.001
3.803902,-4.829437E-03,7.095374E-04,-.001
3.804903,-3.402725E-03,1.602182E-04,-6.66667E-04
3.805903,-2.273574E-03,2.059946E-04,-6.66667E-04
3.806903,-1.625068E-03,1.75477E-04,-6.66667E-04
3.807904,-1.449592E-03,-9.918259E-05,-6.66667E-04
3.808905,-1.045235E-03,-1.3733E-04,-6.66667E-04
3.809905,-7.858314E-04,-7.629453E-06,-.001
3.810905,-8.087195E-04,-6.103562E-05,-3.66667E-03
3.811906,-4.501361E-04,2.899189E-04,.002
3.812907,-2.517719E-04,2.822895E-04,-6.66667E-04
3.813907,3.051776E-04,-6.866502E-05,-.001
3.814908,4.27248E-04,1.06812E-04,-.001
3.815908,9.918259E-05,5.340599E-05,-6.66667E-04
3.816908,1.220712E-04,-5.340599E-05,-2.33333E-03
3.817909,3.89101E-04,6.103562E-05,-.002
3.81891,7.324256E-04,3.12807E-04,.001
3.81991,8.773841E-04,7.01908E-04,-.001
3.82091,5.874671E-04,7.858314E-04,6.66667E-04
3.821911,4.043598E-04,5.264319E-04,-3.66667E-03
3.822912,5.722083E-04,4.119892E-04,-3.66667E-03
3.823912,5.264319E-04,8.392381E-05,-.001
3.824913,4.501361E-04,-1.144414E-04,-.001
3.825913,2.365122E-04,-2.28883E-05,2.33333E-03
3.826913,-8.392381E-05,-2.517719E-04,-.002
3.827914,-1.678476E-04,-3.433246E-04,-.001
3.828915,-5.035438E-04,0,-2.33333E-03
3.829915,-4.043598E-04,9.15532E-05,-.002
3.830915,2.822895E-04,-2.975482E-04,-6.66667E-04
3.831916,6.942786E-04,-1.297006E-04,-6.66667E-04
3.832916,5.950965E-04,4.806537E-04,-6.66667E-04
3.833917,6.713904E-04,1.831064E-04,.001
3.834918,3.280658E-04,2.517719E-04,-.001
3.835918,-4.27248E-04,-6.103562E-05,-6.66667E-04
3.836918,-4.27248E-04,-2.13624E-04,.001
3.837919,-6.561317E-04,-1.06812E-04,-.001
3.83892,-4.27248E-04,-6.103562E-05,.001
3.83992,7.629453E-06,1.06812E-04,-.002
3.84092,2.441425E-04,2.975482E-04,-.001
3.841921,4.501361E-04,4.577655E-04,-.002
3.842921,6.103553E-04,2.059946E-04,-.002
3.843922,5.645789E-04,2.212534E-04,-6.66667E-04
3.844923,6.485023E-04,-3.051781E-05,6.66667E-04
3.845923,3.662128E-04,2.517719E-04,-.001
3.846923,6.63761E-04,3.814721E-05,.001
3.847924,5.340613E-04,-2.975482E-04,-.001
3.848925,5.264319E-04,-3.89101E-04,-3.66667E-03
3.849925,5.493201E-04,-3.356952E-04,6.66667E-04
3.850925,2.288828E-04,7.629441E-05,.001
3.851926,7.629453E-06,-4.57766E-05,-.002
3.852926,-8.392381E-05,-1.75477E-04,.001
3.853927,-1.06812E-04,-1.75477E-04,-6.66667E-04
3.854928,-1.983652E-04,-1.220712E-04,-6.66667E-04
3.855928,-2.899189E-04,-3.051781E-05,3.66667E-03
3.856929,-1.602182E-04,0,6.66667E-04
3.857929,1.297006E-04,0,-6.66667E-04
3.85893,3.433246E-04,1.983652E-04,-6.66667E-04
3.85993,1.983652E-04,1.907358E-04,.002
3.86093,-1.525888E-04,-7.629453E-06,-6.66667E-04
3.861931,-1.220712E-04,1.525891E-05,.001
3.862931,-2.670307E-04,1.983652E-04,-.002
3.863932,-1.144414E-04,-7.629441E-05,6.66667E-04
3.864933,-7.629453E-06,-1.449594E-04,6.66667E-04
3.865933,-5.340599E-05,-1.602182E-04,-6.66667E-04
3.866934,1.297006E-04,-3.89101E-04,-2.33333E-03
3.867934,1.602182E-04,-2.975482E-04,-3.66667E-03
3.868935,4.57766E-05,-4.57766E-05,-2.33333E-03
3.869935,4.119892E-04,-1.525891E-05,-.002
3.870935,3.433246E-04,-2.441425E-04,-6.66667E-04
3.871936,1.678476E-04,-9.918259E-05,-.001
3.872936,4.043598E-04,-3.051781E-05,-6.66667E-04
3.873937,2.594013E-04,-3.814721E-05,-.001
3.874938,4.27248E-04,4.57766E-05,-6.66667E-04
3.875938,4.730243E-04,3.280658E-04,-.001
3.876939,4.348774E-04,2.594013E-04,-6.66667E-04
3.877939,3.738422E-04,1.297006E-04,.001
3.87894,3.051781E-05,2.594013E-04,6.66667E-04
3.87994,-4.196186E-04,6.332435E-04,6.66667E-04
3.88094,-5.722083E-04,6.561317E-04,-.002
3.881941,1.678476E-04,3.585834E-04,6.66667E-04
3.882941,4.88285E-04,7.629453E-06,-.001
3.883942,4.119892E-04,-1.220712E-04,-.001
3.884943,1.525888E-04,-1.907358E-04,-6.66667E-04
3.885943,1.525888E-04,-1.297006E-04,-3.66667E-03
3.886944,6.103562E-05,-3.738422E-04,-.002
3.887944,1.144414E-04,-4.27248E-04,.001
3.888945,0,-2.288828E-04,-6.66667E-04
3.889945,6.866502E-05,-2.212534E-04,6.66667E-04
3.890945,2.28883E-05,-3.280658E-04,-.001
3.891946,2.822895E-04,-3.12807E-04,6.66667E-04
3.892946,4.806537E-04,-7.171668E-04,-6.66667E-04
3.893947,5.111732E-04,-6.027259E-04,2.33333E-03
3.894948,3.89101E-04,-1.06812E-04,-6.66667E-04
3.895948,2.288828E-04,-5.340599E-05,.001
3.896949,8.392381E-05,-2.746601E-04,-.002
3.897949,-5.340599E-05,-4.806537E-04,6.66667E-04
3.89895,-3.051776E-04,-2.212534E-04,.001
3.89995,-1.678476E-04,1.449594E-04,-6.66667E-04
3.90095,1.06812E-04,3.12807E-04,-.001
3.901951,1.525888E-04,3.662128E-04,6.66667E-04
3.902952,3.051776E-04,3.89101E-04,-6.66667E-04
3.903952,1.983652E-04,4.577655E-04,-6.66667E-04
3.904953,-1.525891E-05,2.670307E-04,6.66667E-04
3.905953,-2.13624E-04,2.975482E-04,-.001
3.906954,6.103562E-05,1.983652E-04,.001
3.907954,7.01908E-04,-7.629441E-05,.002
3.908955,6.713904E-04,-6.103562E-05,-3.66667E-03
3.909955,2.899189E-04,-2.822895E-04,.001
3.910955,4.653949E-04,-3.280658E-04,-6.66667E-04
3.911956,3.12807E-04,-4.27248E-04,-.001
3.912957,-5.340599E-05,-3.433246E-04,6.66667E-04
3.913957,-1.449594E-04,-6.866502E-05,-.002
3.914958,3.051781E-05,-1.525891E-05,-.001
3.915958,-5.340599E-05,-1.602182E-04,6.66667E-04
3.916959,-4.653949E-04,-2.746601E-04,.001
3.917959,-5.493201E-04,-3.051781E-05,-.001
3.91896,-3.356952E-04,-3.814721E-05,-.002
3.91996,-1.06812E-04,5.340599E-05,.001
3.92096,-2.365122E-04,-1.220712E-04,-.002
3.921961,-7.629441E-05,7.629453E-06,-.002
3.922962,1.831064E-04,0,-.001
3.923962,3.12807E-04,-6.713904E-04,-.001
3.924963,3.356952E-04,-7.858314E-04,.001
3.925963,3.12807E-04,-5.569495E-04,-.001
3.926964,9.918259E-05,-4.27248E-04,-.002
3.927964,7.629453E-06,-4.730243E-04,-6.66667E-04
3.928965,-9.918259E-05,-2.441425E-04,-.002
3.929965,6.103562E-05,1.144414E-04,-6.66667E-04
3.930965,1.602182E-04,9.918259E-05,.002
3.931966,2.594013E-04,1.678476E-04,-6.66667E-04
3.932967,-3.204364E-04,1.449594E-04,-.001
3.933967,0,5.493201E-04,-.001
3.934968,5.340613E-04,5.798377E-04,6.66667E-04
3.935968,3.433246E-04,8.392381E-05,6.66667E-04
3.936969,0,3.89101E-04,.001
3.937969,0,3.50954E-04,-6.66667E-04
3.93897,-7.629441E-05,-3.814721E-05,-6.66667E-04
3.93997,8.392381E-05,-1.602182E-04,-.001
3.94097,3.051781E-05,-1.602182E-04,-.001
3.941971,1.602182E-04,-1.220712E-04,.001
3.942972,9.918259E-05,-1.297006E-04,-.001
3.943972,-2.288828E-04,8.392381E-05,.001
3.944973,-2.670307E-04,1.449594E-04,-.001
3.945973,-1.525888E-04,1.06812E-04,-6.66667E-04
3.946974,-2.517719E-04,-1.297006E-04,6.66667E-04
3.947974,-9.15532E-05,-8.392381E-05,2.33333E-03
3.948975,3.814716E-04,3.814721E-05,.001
3.949975,5.188026E-04,4.57766E-05,-.001
3.950975,4.88285E-04,-2.28883E-05,-.002
3.951976,1.75477E-04,2.28883E-05,.002
3.952977,-1.907358E-04,4.57766E-05,-.001
3.953977,-2.365122E-04,-3.051781E-05,-2.33333E-03
3.954978,-2.365122E-04,8.392381E-05,6.66667E-04
3.955978,1.525888E-04,9.15532E-05,.001
3.956979,5.798377E-04,-5.340599E-05,-6.66667E-04
3.957979,5.264319E-04,-3.814716E-04,-2.33333E-03
3.95898,6.408729E-04,-5.950965E-04,-.001
3.95998,5.798377E-04,-3.585834E-04,-6.66667E-04
3.96098,2.594013E-04,-1.831064E-04,-2.33333E-03
3.961981,2.28883E-05,1.525891E-05,.001
3.962982,3.051781E-05,9.15532E-05,6.66667E-04
3.963982,-9.15532E-05,-5.340599E-05,.002
3.964983,-5.340599E-05,-7.629453E-06,-6.66667E-04
3.965983,-2.13624E-04,1.525888E-04,6.66667E-04
3.966984,3.814721E-05,2.365122E-04,6.66667E-04
3.967984,2.212534E-04,3.814721E-05,-.001
3.968985,7.629453E-06,-5.340599E-05,-6.66667E-04
3.969985,-3.814721E-05,0,-.001
3.970985,1.525891E-05,-7.629441E-05,-6.66667E-04
3.971986,1.220712E-04,2.28883E-05,-6.66667E-04
3.972987,-2.212534E-04,1.3733E-04,.002
3.973987,-4.119892E-04,2.212534E-04,-3.66667E-03
3.974988,-7.095374E-04,-4.57766E-05,-6.66667E-04
3.975988,-3.356952E-04,-2.212534E-04,-6.66667E-04
3.976989,-9.918259E-05,-1.602182E-04,-6.66667E-04
3.977989,7.629441E-05,-2.899189E-04,-6.66667E-04
3.97899,7.705726E-04,2.059946E-04,.001
3.97999,9.155311E-04,2.670307E-04,.001
3.98099,8.544959E-04,3.738422E-04,-2.33333E-03
3.981991,5.645789E-04,2.746601E-04,-2.33333E-03
3.982992,3.280658E-04,2.212534E-04,-.002
3.983992,7.629453E-06,-6.103562E-05,-.001
3.984993,-4.27248E-04,-2.899189E-04,-.001
3.985993,-4.806537E-04,1.06812E-04,-.002
3.986994,-3.814716E-04,1.449594E-04,6.66667E-04
3.987994,-3.204364E-04,-7.629453E-06,-.001
3.988995,-3.89101E-04,9.918259E-05,-.001
3.989995,-1.602182E-04,-1.75477E-04,-.001
3.990995,-8.392381E-05,-3.204364E-04,-6.66667E-04
3.991996,-5.340599E-05,-4.348774E-04,-6.66667E-04
3.992997,-2.13624E-04,-5.340613E-04,-.001
3.993997,-2.670307E-04,-8.392381E-05,-3.66667E-03
3.994998,-1.297006E-04,-3.051781E-05,-6.66667E-04
3.995998,-3.356952E-04,4.348774E-04,6.66667E-04
3.996999,-3.89101E-04,5.264319E-04,-.001
3.997999,-5.416907E-04,4.959144E-04,-6.66667E-04
3.999,-5.493201E-04,5.798377E-04,-.002
4,-3.356952E-04,5.111732E-04,-6.66667E-04
