"c:\users\esrlabn1\desktop\bence\ir_spectroscopy\1000nm_odmr\telecom_avg\067.dat  ---  04-13-2026 16:47:56"
"D4, 800 nm LPF, 90 mW green laser at sample,  20dBm+30dB MW"
"ihr_sweep 1200 1750 0.5 1 2"
"sethpsweeper 20 0 2.87 3.799 ;ihr_setup 0 2 0 2 2 1200     ;                             ;"
"setlockin 188.67 0.004 0 0.1 0.01"
5,1101
1200,-.001,6.08686E-03,-8.89305E-04,6.14884E-03
1200.5,-.002,6.08733E-03,-8.67847E-04,6.14217E-03
1201,.001,.0061045,-8.59264E-04,6.16983E-03
1201.5,6.66667E-04,6.15743E-03,-8.64986E-04,6.22466E-03
1202,-6.66667E-04,6.17126E-03,-8.63556E-04,6.22895E-03
1202.5,-6.66667E-04,6.16172E-03,-8.5545E-04,6.21656E-03
1203,-.001,.0061703,-8.72616E-04,6.23515E-03
1203.5,-2.33333E-03,6.19605E-03,-8.9312E-04,6.26758E-03
1204,-.002,6.21751E-03,-8.95504E-04,6.28474E-03
1204.5,.002,6.21274E-03,-8.7643E-04,6.27425E-03
1205,.001,6.22228E-03,-8.78815E-04,.0062876
1205.5,.001,6.23468E-03,-9.07425E-04,6.30811E-03
1206,.001,6.27235E-03,-8.84537E-04,.0063329
1206.5,-.001,6.27139E-03,-8.89782E-04,6.34006E-03
1207,6.66667E-04,6.29428E-03,-8.87398E-04,6.35961E-03
1207.5,.001,6.31288E-03,-9.1267E-04,6.38297E-03
1208,.001,6.34292E-03,-9.24591E-04,6.41349E-03
1208.5,.002,6.34435E-03,-9.35081E-04,.0064154
1209,.001,6.36628E-03,-9.18392E-04,6.43447E-03
1209.5,-.001,6.37344E-03,-9.15531E-04,6.44115E-03
1210,-.001,6.38154E-03,-9.09332E-04,6.45021E-03
1210.5,-6.66667E-04,6.38822E-03,-8.87398E-04,6.44019E-03
1211,6.66667E-04,6.36247E-03,-8.97888E-04,6.42207E-03
1211.5,-6.66667E-04,6.36294E-03,-9.13624E-04,6.43447E-03
1212,-6.66667E-04,6.39585E-03,-8.98842E-04,.0064626
1212.5,-.001,6.41158E-03,-8.73569E-04,6.47262E-03
1213,6.66667E-04,6.40824E-03,-8.69755E-04,6.46642E-03
1213.5,6.66667E-04,6.39728E-03,-8.74046E-04,6.45545E-03
1214,-.001,6.38297E-03,-9.01703E-04,6.44782E-03
1214.5,-.001,6.38583E-03,-9.13624E-04,6.45068E-03
1215,6.66667E-04,6.39585E-03,-9.1267E-04,6.46022E-03
1215.5,6.66667E-04,6.38965E-03,-8.95504E-04,.0064545
1216,-.001,.0063968,-8.80722E-04,6.46022E-03
1216.5,-.001,6.38488E-03,-8.99795E-04,6.44448E-03
1217,6.66667E-04,6.37963E-03,-9.31267E-04,6.44973E-03
1217.5,-6.66667E-04,6.39012E-03,-9.29359E-04,6.45307E-03
1218,6.66667E-04,6.38393E-03,-9.09809E-04,6.43972E-03
1218.5,6.66667E-04,6.36104E-03,-9.05994E-04,6.42589E-03
1219,-6.66667E-04,6.35293E-03,-9.05994E-04,6.41444E-03
1219.5,-.001,6.35388E-03,-9.1267E-04,6.41444E-03
1220,-6.66667E-04,6.34387E-03,-8.80245E-04,6.40157E-03
1220.5,.001,6.30859E-03,-8.69278E-04,6.36199E-03
1221,-.001,6.29523E-03,-8.8406E-04,6.36485E-03
1221.5,.001,6.31478E-03,-8.96934E-04,.0063763
1222,-2.33333E-03,6.28904E-03,-8.77861E-04,6.34196E-03
1222.5,6.66667E-04,6.25899E-03,-8.86921E-04,.0063248
1223,-6.66667E-04,6.25184E-03,-8.95027E-04,6.30668E-03
1223.5,-6.66667E-04,6.23181E-03,-8.86921E-04,6.29571E-03
1224,-.002,6.22657E-03,-8.9312E-04,6.29047E-03
1224.5,-6.66667E-04,6.21703E-03,-9.02656E-04,6.27854E-03
1225,.001,6.20082E-03,-9.08379E-04,6.27092E-03
1225.5,-.002,6.20082E-03,-9.10763E-04,6.26567E-03
1226,-.002,6.18985E-03,-9.16485E-04,6.26329E-03
1226.5,-6.66667E-04,6.19987E-03,-8.95981E-04,6.26519E-03
1227,-6.66667E-04,6.18842E-03,-8.88828E-04,6.25136E-03
1227.5,-.002,6.17555E-03,-8.82152E-04,6.23325E-03
1228,6.66667E-04,6.13883E-03,-8.81199E-04,6.19128E-03
1228.5,6.66667E-04,6.11451E-03,-8.94073E-04,6.17889E-03
1229,-.001,6.10688E-03,-8.85013E-04,6.16792E-03
1229.5,.002,6.09687E-03,-8.82152E-04,6.16029E-03
1230,6.66667E-04,.0060859,-8.67371E-04,6.14741E-03
1230.5,-.002,6.08161E-03,-8.64986E-04,6.14265E-03
1231,-.001,6.08018E-03,-8.64986E-04,.0061374
1231.5,-.001,6.03917E-03,-8.80722E-04,6.09496E-03
1232,-.001,6.00055E-03,-8.41144E-04,6.05205E-03
1232.5,-6.66667E-04,5.95096E-03,-8.34946E-04,6.00341E-03
1233,.001,5.92092E-03,-8.40668E-04,5.97718E-03
1233.5,.001,5.92044E-03,-8.53065E-04,5.98338E-03
1234,-.001,5.91901E-03,-8.71662E-04,5.98291E-03
1234.5,6.66667E-04,5.92521E-03,-8.49251E-04,5.98052E-03
1235,-.001,5.87419E-03,-8.49728E-04,5.92998E-03
1235.5,-.001,5.84176E-03,-8.70708E-04,.0059109
1236,-.001,5.85559E-03,-8.48297E-04,5.91329E-03
1236.5,-.001,5.84558E-03,-8.40668E-04,.0059047
1237,-.001,5.82698E-03,-8.26363E-04,5.87896E-03
1237.5,.002,5.78359E-03,-8.18733E-04,5.83413E-03
1238,-6.66667E-04,5.76356E-03,-8.44482E-04,5.83032E-03
1238.5,6.66667E-04,5.79455E-03,-8.40668E-04,.0058513
1239,-.002,5.77691E-03,-8.24455E-04,5.82698E-03
1239.5,6.66667E-04,5.72398E-03,-8.31608E-04,5.78025E-03
1240,-.002,5.70777E-03,-8.16349E-04,5.76356E-03
1240.5,2.33333E-03,5.69585E-03,-8.05859E-04,5.74782E-03
1241,-6.66667E-04,5.66295E-03,-8.03474E-04,5.71826E-03
1241.5,-2.33333E-03,5.65723E-03,-8.02044E-04,.0057092
1242,-.002,5.65198E-03,-8.41621E-04,5.71349E-03
1242.5,-.002,5.64292E-03,-8.14442E-04,5.69537E-03
1243,-.001,5.61097E-03,-7.86785E-04,.0056577
1243.5,-6.66667E-04,.0055733,-8.08243E-04,5.62957E-03
1244,6.66667E-04,5.57092E-03,-7.95368E-04,5.62385E-03
1244.5,-6.66667E-04,5.53563E-03,-7.92984E-04,5.59524E-03
1245,-.001,5.52228E-03,-7.9203E-04,5.57759E-03
1245.5,-.001,5.53373E-03,-7.95368E-04,.0055919
1246,-6.66667E-04,5.50798E-03,-7.83447E-04,5.55757E-03
1246.5,.001,5.49653E-03,-8.0109E-04,5.55328E-03
1247,-.001,5.47555E-03,-7.91077E-04,5.53325E-03
1247.5,.001,.0054622,-7.75818E-04,5.51656E-03
1248,6.66667E-04,5.44694E-03,-7.82494E-04,5.49987E-03
1248.5,-.002,5.42501E-03,-7.78679E-04,5.47889E-03
1249,-6.66667E-04,5.39353E-03,-7.57698E-04,5.44313E-03
1249.5,-.001,5.38591E-03,-7.55791E-04,5.43359E-03
1250,6.66667E-04,5.36063E-03,-7.58652E-04,5.40927E-03
1250.5,-6.66667E-04,5.33774E-03,-7.77248E-04,5.38829E-03
1251,6.66667E-04,5.30294E-03,-7.39101E-04,5.35062E-03
1251.5,-.002,.005281,-7.31472E-04,5.32725E-03
1252,6.66667E-04,5.25144E-03,-7.12398E-04,5.29292E-03
1252.5,.001,5.21758E-03,-7.05723E-04,.0052667
1253,3.66667E-03,5.21329E-03,-7.48638E-04,5.26813E-03
1253.5,-6.66667E-04,.0052152,-7.21935E-04,5.25954E-03
1254,-.002,5.19517E-03,-7.26704E-04,.0052357
1254.5,-.001,5.17467E-03,-7.37194E-04,5.22378E-03
1255,.001,5.12889E-03,-7.29565E-04,5.17657E-03
1255.5,-.001,5.12889E-03,-7.30518E-04,.005178
1256,-.001,5.11172E-03,-7.30995E-04,5.15702E-03
1256.5,6.66667E-04,5.06976E-03,-7.23843E-04,5.11459E-03
1257,6.66667E-04,5.05117E-03,-7.41009E-04,5.10886E-03
1257.5,.001,5.07167E-03,-7.26704E-04,5.11935E-03
1258,-2.33333E-03,5.04497E-03,-7.15736E-04,5.09027E-03
1258.5,-.002,5.01445E-03,-7.21935E-04,5.07262E-03
1259,-.001,5.01063E-03,-7.23843E-04,5.05689E-03
1259.5,-6.66667E-04,5.00396E-03,-7.18597E-04,5.05021E-03
1260,-.001,4.96963E-03,-7.21458E-04,5.01397E-03
1260.5,-.001,4.93291E-03,-7.19551E-04,4.97487E-03
1261,3.66667E-03,4.88952E-03,-7.23366E-04,4.93529E-03
1261.5,-.002,4.86568E-03,-7.22412E-04,4.91765E-03
1262,6.66667E-04,4.87426E-03,-7.19074E-04,4.92814E-03
1262.5,.001,4.88189E-03,-6.95709E-04,4.92671E-03
1263,.001,4.84899E-03,-6.67099E-04,4.89095E-03
1263.5,.001,4.84565E-03,-6.50886E-04,.0048857
1264,-.002,4.82705E-03,-6.7902E-04,4.87092E-03
1264.5,-.002,4.81895E-03,-6.7139E-04,4.86186E-03
1265,-6.66667E-04,4.81322E-03,-6.43734E-04,4.85328E-03
1265.5,.001,4.75553E-03,-6.54701E-04,4.79463E-03
1266,-6.66667E-04,4.74361E-03,-6.66622E-04,4.79558E-03
1266.5,6.66667E-04,4.75362E-03,-6.95709E-04,4.79844E-03
1267,-6.66667E-04,4.70546E-03,-6.79974E-04,4.74313E-03
1267.5,6.66667E-04,4.67494E-03,-6.64238E-04,4.72453E-03
1268,-.001,4.67399E-03,-6.7139E-04,4.72406E-03
1268.5,-3.66667E-03,4.68162E-03,-6.55178E-04,4.72596E-03
1269,6.66667E-04,4.67113E-03,-6.65668E-04,4.71404E-03
1269.5,-.002,4.62964E-03,-6.5947E-04,4.67065E-03
1270,-.002,4.61534E-03,-6.67099E-04,4.66493E-03
1270.5,-.001,4.62154E-03,-6.53271E-04,4.66731E-03
1271,6.66667E-04,4.62487E-03,-6.46595E-04,4.66731E-03
1271.5,.001,4.58768E-03,-6.52317E-04,4.62535E-03
1272,6.66667E-04,4.55335E-03,-6.55178E-04,4.60103E-03
1272.5,-.001,4.56479E-03,-6.58516E-04,4.61534E-03
1273,-.001,4.55239E-03,-.0006609,.0045996
1273.5,.001,4.54286E-03,-6.5947E-04,4.58673E-03
1274,6.66667E-04,4.52903E-03,-6.52794E-04,.0045791
1274.5,-.002,4.53141E-03,-6.3372E-04,4.57051E-03
1275,-3.66667E-03,.0045028,-6.34674E-04,4.54572E-03
1275.5,.001,4.48993E-03,-6.3229E-04,4.53714E-03
1276,.002,4.48707E-03,-6.29429E-04,4.52331E-03
1276.5,-6.66667E-04,.0044618,-6.27521E-04,4.50471E-03
1277,-6.66667E-04,4.44034E-03,-6.47072E-04,4.48897E-03
1277.5,-.001,4.43843E-03,-6.46118E-04,4.48039E-03
1278,-2.33333E-03,4.41268E-03,-6.32767E-04,4.45655E-03
1278.5,-.001,4.39885E-03,-6.17031E-04,4.43605E-03
1279,-6.66667E-04,4.38169E-03,-6.00819E-04,4.42508E-03
1279.5,-6.66667E-04,4.38073E-03,-5.8699E-04,4.41459E-03
1280,-.002,4.34545E-03,-5.8699E-04,.0043855
1280.5,.001,4.33686E-03,-6.07017E-04,4.37167E-03
1281,-.001,4.31731E-03,-6.21799E-04,4.36214E-03
1281.5,-.002,4.32637E-03,-6.43734E-04,4.37358E-03
1282,-6.66667E-04,4.33305E-03,-6.5041E-04,4.38264E-03
1282.5,-6.66667E-04,4.32399E-03,-6.45164E-04,4.36547E-03
1283,-.001,4.31398E-03,-6.17985E-04,4.35784E-03
1283.5,-.002,4.30253E-03,-6.12263E-04,4.34163E-03
1284,-6.66667E-04,4.28441E-03,-6.10355E-04,4.32637E-03
1284.5,.004,4.27726E-03,-6.29429E-04,.0043216
1285,-.002,.004262,-6.17508E-04,.0043011
1285.5,-.001,.0042434,-6.07017E-04,4.29061E-03
1286,.001,.004262,-6.37058E-04,4.31111E-03
1286.5,-6.66667E-04,4.27297E-03,-6.0368E-04,4.31398E-03
1287,6.66667E-04,4.26105E-03,-5.8699E-04,4.29633E-03
1287.5,-6.66667E-04,4.22814E-03,-5.96527E-04,4.25962E-03
1288,-3.66667E-03,4.20716E-03,-5.88421E-04,4.24579E-03
1288.5,-.001,4.20669E-03,-5.78884E-04,4.25008E-03
1289,-.001,4.21956E-03,-5.76977E-04,4.25866E-03
1289.5,-6.66667E-04,4.22099E-03,-6.01772E-04,4.26725E-03
1290,6.66667E-04,4.22719E-03,-5.93666E-04,4.26772E-03
1290.5,-.001,4.20669E-03,-5.70778E-04,4.23339E-03
1291,-6.66667E-04,4.16043E-03,-5.82699E-04,4.20097E-03
1291.5,-6.66667E-04,4.17474E-03,-6.11786E-04,4.22242E-03
1292,.001,4.17903E-03,-6.04633E-04,4.22099E-03
1292.5,6.66667E-04,4.17283E-03,-5.89851E-04,4.21336E-03
1293,-.001,4.15376E-03,-5.8699E-04,4.19429E-03
1293.5,-6.66667E-04,.0041385,-5.95573E-04,4.18189E-03
1294,-.002,4.13373E-03,-5.97481E-04,4.17855E-03
1294.5,-.002,.0041714,-5.92235E-04,4.21908E-03
1295,.001,4.18046E-03,-5.6887E-04,4.21765E-03
1295.5,-.002,4.17569E-03,-5.55996E-04,4.21241E-03
1296,-6.66667E-04,4.13755E-03,-5.76977E-04,4.17283E-03
1296.5,-6.66667E-04,4.13612E-03,-5.93189E-04,4.18475E-03
1297,.001,.0041509,-6.03203E-04,4.19286E-03
1297.5,.002,4.14708E-03,-5.99388E-04,4.18761E-03
1298,-.002,4.14565E-03,-5.88898E-04,.00419
1298.5,-.001,4.13945E-03,-5.89851E-04,4.18141E-03
1299,-.001,4.13564E-03,-5.9462E-04,4.17998E-03
1299.5,.001,4.14279E-03,-5.79361E-04,4.18571E-03
1300,-.002,4.18094E-03,-5.86513E-04,4.22862E-03
1300.5,-.002,4.18952E-03,-5.76023E-04,4.22958E-03
1301,6.66667E-04,4.18141E-03,-5.74116E-04,.0042167
1301.5,-6.66667E-04,4.16234E-03,-5.82699E-04,4.19667E-03
1302,-6.66667E-04,4.15376E-03,-5.88421E-04,4.19667E-03
1302.5,-6.66667E-04,4.16616E-03,-5.87467E-04,4.20669E-03
1303,.001,.0041633,-5.99388E-04,.0042024
1303.5,-6.66667E-04,4.14613E-03,-5.98911E-04,4.18761E-03
1304,-.001,4.15042E-03,-5.82222E-04,4.19143E-03
1304.5,-6.66667E-04,4.13564E-03,-6.20846E-04,4.18285E-03
1305,-2.33333E-03,4.16759E-03,-6.09402E-04,4.21003E-03
1305.5,-.002,4.17665E-03,-5.88898E-04,4.22004E-03
1306,-6.66667E-04,4.18571E-03,-5.88421E-04,4.22004E-03
1306.5,6.66667E-04,4.15519E-03,-5.59811E-04,.00419
1307,-6.66667E-04,4.13993E-03,-5.6744E-04,4.17665E-03
1307.5,.002,4.15137E-03,-5.84606E-04,4.19334E-03
1308,-.002,4.15042E-03,-5.88421E-04,4.18761E-03
1308.5,-6.66667E-04,4.13802E-03,-5.79361E-04,4.17331E-03
1309,.002,4.13468E-03,-5.95096E-04,4.18046E-03
1309.5,-.001,4.13421E-03,-6.1417E-04,.0041838
1310,-.002,4.12467E-03,-5.90328E-04,4.16234E-03
1310.5,-.002,4.10464E-03,-5.63148E-04,.0041447
1311,-.002,4.10894E-03,-5.82699E-04,4.15233E-03
1311.5,-.001,4.11943E-03,-5.88421E-04,4.16473E-03
1312,-.001,4.12801E-03,-5.89851E-04,4.17188E-03
1312.5,-6.66667E-04,4.12849E-03,-5.83652E-04,4.16473E-03
1313,-.002,.0041199,-5.78407E-04,4.15424E-03
1313.5,.001,4.09082E-03,-5.91759E-04,4.12849E-03
1314,-.001,4.09082E-03,-5.81268E-04,4.13468E-03
1314.5,-.002,4.08891E-03,-5.79361E-04,4.12467E-03
1315,-.001,4.07651E-03,-5.79361E-04,4.11132E-03
1315.5,-.002,4.06268E-03,-5.83652E-04,4.10417E-03
1316,-.001,4.05315E-03,-5.83652E-04,4.08939E-03
1316.5,-.001,4.02597E-03,-5.99388E-04,4.06936E-03
1317,-6.66667E-04,.0040417,-5.95096E-04,4.08605E-03
1317.5,-.001,4.04552E-03,-5.58857E-04,4.07699E-03
1318,-.002,.0040212,-5.37399E-04,4.06268E-03
1318.5,-6.66667E-04,.0040293,-5.56473E-04,4.07222E-03
1319,-6.66667E-04,4.02167E-03,-5.71731E-04,4.05934E-03
1319.5,-.002,4.00069E-03,-5.64579E-04,4.03789E-03
1320,-.001,3.98353E-03,-5.61718E-04,4.01738E-03
1320.5,-6.66667E-04,3.94872E-03,-5.4932E-04,3.98353E-03
1321,-2.33333E-03,.0039492,-5.6744E-04,3.98353E-03
1321.5,6.66667E-04,3.92774E-03,-5.66009E-04,3.96398E-03
1322,-.001,3.90293E-03,-5.42644E-04,3.93632E-03
1322.5,-6.66667E-04,3.90102E-03,-5.62195E-04,3.94109E-03
1323,6.66667E-04,3.91391E-03,-5.55996E-04,3.95635E-03
1323.5,2.33333E-03,3.89005E-03,-5.37399E-04,3.92821E-03
1324,-.001,3.88671E-03,-5.49797E-04,.0039244
1324.5,6.66667E-04,3.88099E-03,-5.53612E-04,3.91868E-03
1325,-.001,3.85572E-03,-5.52658E-04,3.89339E-03
1325.5,-6.66667E-04,3.84571E-03,-5.42644E-04,3.87384E-03
1326,-2.33333E-03,3.81137E-03,-5.2071E-04,3.84094E-03
1326.5,-.002,3.80184E-03,-5.24048E-04,.0038314
1327,-.001,3.78276E-03,-5.21664E-04,3.81567E-03
1327.5,-6.66667E-04,3.76703E-03,-5.37399E-04,3.81137E-03
1328,-6.66667E-04,3.79325E-03,-5.24525E-04,3.82282E-03
1328.5,-6.66667E-04,.0037718,-5.24525E-04,3.80184E-03
1329,-.001,3.73794E-03,-5.31677E-04,3.77275E-03
1329.5,-3.66667E-03,3.75177E-03,-5.40737E-04,3.79087E-03
1330,-.002,3.73842E-03,-5.45505E-04,3.77275E-03
1330.5,.001,3.71124E-03,-5.23094E-04,3.73937E-03
1331,-6.66667E-04,3.68406E-03,-4.95438E-04,3.71505E-03
1331.5,-.002,3.66832E-03,-4.93053E-04,3.69503E-03
1332,.001,3.63733E-03,-4.83038E-04,3.66832E-03
1332.5,-.002,3.62636E-03,-5.06882E-04,3.65736E-03
1333,-.001,.003603,-5.19756E-04,3.63924E-03
1333.5,6.66667E-04,3.60633E-03,-5.22617E-04,3.64305E-03
1334,.001,.0035987,-4.97822E-04,3.63018E-03
1334.5,6.66667E-04,3.57105E-03,-4.92577E-04,3.60061E-03
1335,-.002,3.55007E-03,-4.87329E-04,3.58011E-03
1335.5,-6.66667E-04,3.53147E-03,-4.94961E-04,3.56819E-03
1336,-.001,3.53815E-03,-4.87329E-04,3.57439E-03
1336.5,-6.66667E-04,3.53862E-03,-5.07835E-04,3.56676E-03
1337,6.66667E-04,3.51717E-03,-5.0259E-04,3.54673E-03
1337.5,-.001,3.48188E-03,-4.90192E-04,3.51097E-03
1338,-.001,.0034423,-4.95438E-04,3.47091E-03
1338.5,-.001,3.42371E-03,-4.98775E-04,3.46471E-03
1339,-6.66667E-04,3.42228E-03,-4.73978E-04,3.44945E-03
1339.5,-2.33333E-03,3.38842E-03,-4.67779E-04,3.41846E-03
1340,-.002,3.37507E-03,-4.82084E-04,3.40368E-03
1340.5,6.66667E-04,3.35456E-03,-4.73501E-04,3.38413E-03
1341,-.002,3.32834E-03,-4.59196E-04,3.35933E-03
1341.5,6.66667E-04,3.32977E-03,-4.57289E-04,3.35599E-03
1342,-6.66667E-04,3.30926E-03,-4.48229E-04,3.33549E-03
1342.5,2.33333E-03,3.27732E-03,-4.74932E-04,.0033064
1343,-6.66667E-04,3.24823E-03,-4.78746E-04,.0032859
1343.5,-.001,3.26444E-03,-4.52997E-04,3.29401E-03
1344,6.66667E-04,3.24441E-03,-4.23433E-04,.0032611
1344.5,-6.66667E-04,3.20579E-03,-4.38215E-04,3.23679E-03
1345,-6.66667E-04,3.20436E-03,-4.65872E-04,3.23202E-03
1345.5,-6.66667E-04,3.19387E-03,-4.62057E-04,3.22343E-03
1346,-.001,3.15858E-03,-4.63011E-04,3.18958E-03
1346.5,6.66667E-04,.0031376,-4.46321E-04,3.16288E-03
1347,-3.66667E-03,3.11805E-03,-4.36308E-04,3.14619E-03
1347.5,6.66667E-04,3.11901E-03,-4.49659E-04,3.15477E-03
1348,-.001,3.09755E-03,-4.32016E-04,3.11996E-03
1348.5,-.001,3.03175E-03,-4.40123E-04,3.05177E-03
1349,.001,2.97453E-03,-4.42984E-04,3.00552E-03
1349.5,-.001,2.99646E-03,-4.41076E-04,3.03032E-03
1350,.001,2.98454E-03,-4.06744E-04,3.00743E-03
1350.5,.001,2.96117E-03,-3.86717E-04,2.97691E-03
1351,6.66667E-04,.0029278,-3.90531E-04,2.95021E-03
1351.5,-6.66667E-04,2.91301E-03,-4.06267E-04,2.93352E-03
1352,.002,2.86724E-03,-4.14373E-04,.0028906
1352.5,-.002,2.84196E-03,-4.16758E-04,2.87296E-03
1353,-6.66667E-04,.0028372,-4.00545E-04,2.86247E-03
1353.5,-.001,2.82909E-03,-4.02452E-04,2.85627E-03
1354,-6.66667E-04,.0028062,-3.83856E-04,2.82575E-03
1354.5,-6.66667E-04,2.76424E-03,-3.92916E-04,2.78713E-03
1355,6.66667E-04,2.73325E-03,-4.06744E-04,2.75756E-03
1355.5,-.002,.0027137,-4.00068E-04,2.74278E-03
1356,6.66667E-04,2.69844E-03,-4.01022E-04,2.72705E-03
1356.5,2.33333E-03,2.66506E-03,-4.17711E-04,2.69414E-03
1357,6.66667E-04,2.65171E-03,-3.99115E-04,.0026765
1357.5,6.66667E-04,2.62739E-03,-3.74319E-04,2.64837E-03
1358,-.002,.0025983,-3.68597E-04,2.62071E-03
1358.5,-6.66667E-04,2.58876E-03,-3.68597E-04,2.61022E-03
1359,-.001,2.58066E-03,-3.83379E-04,2.60879E-03
1359.5,.001,2.56158E-03,-3.81948E-04,2.58495E-03
1360,-.002,2.52201E-03,-3.62398E-04,2.54442E-03
1360.5,6.66667E-04,2.51628E-03,-3.5906E-04,2.54013E-03
1361,-6.66667E-04,2.48767E-03,-3.67166E-04,2.51485E-03
1361.5,6.66667E-04,2.48243E-03,-3.61921E-04,2.50579E-03
1362,-6.66667E-04,2.45906E-03,-3.39987E-04,2.47242E-03
1362.5,-.001,2.42378E-03,-3.34265E-04,2.44237E-03
1363,-6.66667E-04,2.41663E-03,-3.42371E-04,2.44094E-03
1363.5,.001,2.41663E-03,-3.44755E-04,.0024357
1364,-6.66667E-04,2.40137E-03,-3.34742E-04,2.42378E-03
1364.5,-6.66667E-04,2.39898E-03,-3.35695E-04,2.41806E-03
1365,-.002,2.38897E-03,-3.19006E-04,2.40661E-03
1365.5,6.66667E-04,2.35511E-03,-3.32357E-04,2.37562E-03
1366,.001,2.33842E-03,-3.48093E-04,2.36179E-03
1366.5,-6.66667E-04,2.34129E-03,-3.44278E-04,2.37037E-03
1367,-6.66667E-04,.0023389,-3.09946E-04,2.35464E-03
1367.5,6.66667E-04,2.30457E-03,-3.13761E-04,2.32174E-03
1368,-.002,2.30218E-03,-3.32357E-04,2.32936E-03
1368.5,6.66667E-04,2.31983E-03,-3.35695E-04,2.34224E-03
1369,-6.66667E-04,2.31172E-03,-3.25205E-04,2.33318E-03
1369.5,.001,2.26738E-03,-3.17099E-04,.0022874
1370,-6.66667E-04,2.25164E-03,-3.32834E-04,.0022731
1370.5,6.66667E-04,2.24639E-03,-3.3045E-04,2.27357E-03
1371,.001,2.25593E-03,-3.08992E-04,2.27787E-03
1371.5,.001,2.24544E-03,-3.19006E-04,2.26213E-03
1372,-6.66667E-04,2.21635E-03,-3.22344E-04,.0022359
1372.5,.001,2.19919E-03,-3.27589E-04,2.21874E-03
1373,6.66667E-04,2.18965E-03,-3.0327E-04,2.21016E-03
1373.5,-6.66667E-04,2.19013E-03,-2.69415E-04,2.19537E-03
1374,6.66667E-04,2.15389E-03,-2.85627E-04,2.17582E-03
1374.5,6.66667E-04,2.16676E-03,-3.1996E-04,2.18965E-03
1375,-2.33333E-03,2.16247E-03,-3.08992E-04,2.17248E-03
1375.5,-6.66667E-04,2.12814E-03,-3.10423E-04,2.14101E-03
1376,-6.66667E-04,2.10334E-03,-3.18529E-04,2.12957E-03
1376.5,-6.66667E-04,2.10477E-03,-3.17099E-04,2.12862E-03
1377,-.001,2.09476E-03,-3.16622E-04,2.11526E-03
1377.5,.001,2.08189E-03,-3.02793E-04,2.10573E-03
1378,-.001,2.05185E-03,-2.90396E-04,2.06329E-03
1378.5,-.001,2.03182E-03,-2.96118E-04,2.04565E-03
1379,-.002,2.00702E-03,-2.98502E-04,2.02848E-03
1379.5,-.001,2.01418E-03,-2.8372E-04,2.03229E-03
1380,6.66667E-04,1.99606E-03,-2.68938E-04,2.00988E-03
1380.5,6.66667E-04,1.98461E-03,-.0002656,1.99892E-03
1381,2.33333E-03,1.96458E-03,-2.58924E-04,1.97746E-03
1381.5,-6.66667E-04,1.93644E-03,-2.57017E-04,.0019517
1382,.001,1.93406E-03,-2.64646E-04,1.95362E-03
1382.5,6.66667E-04,1.93644E-03,-2.54633E-04,1.94884E-03
1383,-.001,1.91165E-03,-2.57017E-04,1.92595E-03
1383.5,6.66667E-04,1.90259E-03,-2.8372E-04,.0019188
1384,-2.33333E-03,1.87875E-03,-2.77998E-04,1.90211E-03
1384.5,.001,1.89925E-03,-2.87058E-04,1.92118E-03
1385,.001,1.87684E-03,-2.54156E-04,1.88876E-03
1385.5,-6.66667E-04,1.85395E-03,-2.55587E-04,1.86587E-03
1386,-6.66667E-04,1.86492E-03,-2.75614E-04,1.88399E-03
1386.5,6.66667E-04,1.86063E-03,-2.83243E-04,1.88065E-03
1387,-.001,1.86682E-03,-2.61785E-04,1.88304E-03
1387.5,-.001,1.85586E-03,-2.61785E-04,1.86921E-03
1388,-.001,1.82296E-03,-2.68461E-04,1.83917E-03
1388.5,6.66667E-04,1.81485E-03,-2.59878E-04,1.83202E-03
1389,6.66667E-04,1.80388E-03,-2.54156E-04,1.81628E-03
1389.5,.001,.0017767,-2.51295E-04,1.79292E-03
1390,-.001,1.77289E-03,-2.66077E-04,1.79148E-03
1390.5,-.001,1.76478E-03,-2.59878E-04,1.78147E-03
1391,-.002,1.75525E-03,-2.72276E-04,1.78052E-03
1391.5,6.66667E-04,1.76335E-03,-2.72753E-04,1.78052E-03
1392,6.66667E-04,1.74666E-03,-2.50341E-04,1.75715E-03
1392.5,-6.66667E-04,1.70565E-03,-2.38896E-04,1.72377E-03
1393,6.66667E-04,1.71185E-03,-2.51772E-04,.0017233
1393.5,-.001,1.68944E-03,-2.43665E-04,1.70518E-03
1394,-6.66667E-04,1.69946E-03,-2.40804E-04,1.71376E-03
1394.5,-6.66667E-04,1.68277E-03,-2.34128E-04,1.69421E-03
1395,-2.33333E-03,1.66417E-03,-2.52726E-04,1.68515E-03
1395.5,6.66667E-04,1.67132E-03,-2.53679E-04,1.68944E-03
1396,-.002,1.64605E-03,-2.33651E-04,1.66083E-03
1396.5,-6.66667E-04,1.63413E-03,-2.27929E-04,1.64462E-03
1397,-6.66667E-04,1.61553E-03,-2.40804E-04,1.63747E-03
1397.5,.001,1.61553E-03,-2.56063E-04,1.63556E-03
1398,.001,1.60886E-03,-2.55587E-04,1.63365E-03
1398.5,-2.33333E-03,1.61219E-03,-2.4605E-04,1.63651E-03
1399,.001,1.61696E-03,-2.25545E-04,1.62459E-03
1399.5,6.66667E-04,1.56213E-03,-2.11717E-04,1.56689E-03
1400,-3.66667E-03,1.56213E-03,-2.17439E-04,1.57595E-03
1400.5,.002,1.53447E-03,-.0002203,1.54639E-03
1401,.001,1.54019E-03,-2.18392E-04,1.55926E-03
1401.5,.001,1.54544E-03,-2.3079E-04,1.55783E-03
1402,6.66667E-04,1.53733E-03,-2.2173E-04,1.54925E-03
1402.5,-2.33333E-03,1.51635E-03,-2.09809E-04,1.53685E-03
1403,6.66667E-04,1.52684E-03,-2.1267E-04,1.53495E-03
1403.5,-6.66667E-04,1.51683E-03,-1.98842E-04,1.52255E-03
1404,-.001,1.48774E-03,-1.86921E-04,1.49489E-03
1404.5,6.66667E-04,1.47105E-03,-1.88828E-04,1.48297E-03
1405,6.66667E-04,1.47057E-03,-2.05518E-04,1.48202E-03
1405.5,-.001,1.46914E-03,-2.18392E-04,1.48679E-03
1406,.001,1.45579E-03,-2.19346E-04,.0014701
1406.5,.001,1.43958E-03,-2.18392E-04,1.46151E-03
1407,-6.66667E-04,1.44482E-03,-2.16008E-04,1.46056E-03
1407.5,-6.66667E-04,1.42527E-03,-.0002203,1.44053E-03
1408,2.33333E-03,1.43386E-03,-1.9455E-04,1.44816E-03
1408.5,-.001,1.43147E-03,-1.7357E-04,1.43481E-03
1409,-6.66667E-04,1.40143E-03,-1.85967E-04,1.41383E-03
1409.5,-6.66667E-04,1.39905E-03,-2.02657E-04,1.41669E-03
1410,-.002,1.40954E-03,-2.01703E-04,.0014248
1410.5,6.66667E-04,1.38379E-03,-1.92643E-04,1.39285E-03
1411,.001,1.35279E-03,-1.99319E-04,1.36758E-03
1411.5,.001,1.34278E-03,-2.06471E-04,1.35518E-03
1412,-6.66667E-04,1.34946E-03,-1.98365E-04,1.36424E-03
1412.5,-.002,1.35709E-03,-1.68324E-04,1.35804E-03
1413,6.66667E-04,1.32275E-03,-1.49728E-04,1.32657E-03
1413.5,-.001,1.32848E-03,-1.61172E-04,1.33134E-03
1414,-.001,1.30463E-03,-1.93597E-04,1.32037E-03
1414.5,-3.66667E-03,1.32323E-03,-1.95027E-04,1.33849E-03
1415,6.66667E-04,1.31751E-03,-.000175,1.32848E-03
1415.5,6.66667E-04,1.30988E-03,-1.77384E-04,1.32085E-03
1416,.001,1.29033E-03,-1.88352E-04,1.29891E-03
1416.5,.001,1.27888E-03,-2.00749E-04,1.29176E-03
1417,.002,1.28175E-03,-1.78338E-04,1.29081E-03
1417.5,-6.66667E-04,1.27841E-03,-1.62126E-04,1.28556E-03
1418,.001,1.25218E-03,-1.83106E-04,1.26792E-03
1418.5,-.002,1.26696E-03,-1.85014E-04,.0012765
1419,.001,1.24265E-03,-1.78338E-04,1.25027E-03
1419.5,-6.66667E-04,.0012188,-1.74046E-04,1.23072E-03
1420,-.002,.0012188,-1.94074E-04,1.23454E-03
1420.5,.001,1.22309E-03,-1.81199E-04,1.23502E-03
1421,-.001,1.19592E-03,-1.78815E-04,1.20545E-03
1421.5,6.66667E-04,1.19115E-03,-1.75954E-04,1.20497E-03
1422,-6.66667E-04,1.19162E-03,-1.81199E-04,1.20354E-03
1422.5,-2.33333E-03,1.18304E-03,-.000175,.0011983
1423,6.66667E-04,1.19592E-03,-1.69755E-04,1.20593E-03
1423.5,-.001,.0011716,-1.8406E-04,1.18161E-03
1424,-6.66667E-04,1.16492E-03,-1.52589E-04,1.17541E-03
1424.5,-.001,.0011859,-1.6451E-04,1.19735E-03
1425,6.66667E-04,1.17112E-03,-1.62126E-04,1.17684E-03
1425.5,-6.66667E-04,1.13154E-03,-1.96458E-04,1.14537E-03
1426,-6.66667E-04,1.12582E-03,-1.94074E-04,1.14632E-03
1426.5,-6.66667E-04,1.13488E-03,-1.78338E-04,1.14489E-03
1427,-.002,1.11867E-03,-1.59741E-04,1.11962E-03
1427.5,.001,1.08863E-03,-1.52112E-04,1.09769E-03
1428,-.002,1.09387E-03,-1.79769E-04,1.10722E-03
1428.5,-.002,.0010891,-1.7357E-04,1.10389E-03
1429,-6.66667E-04,1.08052E-03,-1.54973E-04,.0010891
1429.5,-.001,1.05859E-03,-1.56404E-04,1.07146E-03
1430,-6.66667E-04,1.07766E-03,-1.54496E-04,1.09053E-03
1430.5,.001,1.07289E-03,-1.40668E-04,1.07814E-03
1431,6.66667E-04,1.05382E-03,-1.35423E-04,.0010562
1431.5,-6.66667E-04,1.04667E-03,-1.43052E-04,1.05954E-03
1432,-6.66667E-04,1.05096E-03,-1.33038E-04,1.06049E-03
1432.5,-2.33333E-03,1.05906E-03,-1.30177E-04,.0010686
1433,-.001,1.02664E-03,-1.36853E-04,.0010295
1433.5,-.001,9.95643E-04,-1.52112E-04,.0010109
1434,-.002,1.01758E-03,-1.34469E-04,1.02759E-03
1434.5,6.66667E-04,1.01901E-03,-1.21594E-04,1.02473E-03
1435,-.001,9.989809E-04,-.0001359,1.00327E-03
1435.5,-6.66667E-04,9.95643E-04,-1.44483E-04,1.01043E-03
1436,-.001,.0010171,-1.60695E-04,1.03284E-03
1436.5,.002,1.00899E-03,-1.38284E-04,1.01281E-03
1437,-.002,9.73228E-04,-1.21594E-04,9.784769E-04
1437.5,-.002,9.69891E-04,-1.28747E-04,9.83246E-04
1438,-.001,9.77524E-04,-1.48774E-04,9.91829E-04
1438.5,-6.66667E-04,9.88014E-04,-1.43052E-04,9.951669E-04
1439,-.002,9.54155E-04,-1.24932E-04,9.53678E-04
1439.5,-6.66667E-04,9.25068E-04,-1.2827E-04,9.27452E-04
1440,-.002,9.2316E-04,-1.45436E-04,9.3985E-04
1440.5,-3.66667E-03,9.26498E-04,-1.3733E-04,9.34605E-04
1441,-.001,9.35558E-04,-1.36376E-04,9.44141E-04
1441.5,.001,9.22207E-04,-1.33515E-04,9.3079E-04
1442,-.001,9.14577E-04,-1.42098E-04,9.27929E-04
1442.5,-6.66667E-04,9.1124E-04,-1.59741E-04,9.25545E-04
1443,-6.66667E-04,9.00749E-04,-1.64033E-04,9.09809E-04
1443.5,-.001,8.97411E-04,-1.54019E-04,9.1267E-04
1444,6.66667E-04,8.74046E-04,-1.48774E-04,8.78338E-04
1444.5,-.002,8.64509E-04,-1.51158E-04,8.80722E-04
1445,6.66667E-04,8.76907E-04,-1.40191E-04,8.8549E-04
1445.5,-.001,8.78338E-04,-1.15395E-04,8.86921E-04
1446,-6.66667E-04,8.65463E-04,-1.02997E-04,8.61172E-04
1446.5,.001,8.44005E-04,-1.25409E-04,8.53542E-04
1447,-.002,8.40668E-04,-1.48774E-04,8.49251E-04
1447.5,-6.66667E-04,8.40191E-04,-1.23979E-04,8.45913E-04
1448,-2.33333E-03,8.3733E-04,-1.02997E-04,8.42098E-04
1448.5,.001,8.23501E-04,-1.15872E-04,8.32561E-04
1449,-.002,8.35422E-04,-1.30654E-04,8.54019E-04
1449.5,-.001,8.4782E-04,-1.17779E-04,8.51158E-04
1450,-.001,8.30654E-04,-1.07766E-04,8.31131E-04
1450.5,-.001,7.96322E-04,-1.06335E-04,8.00136E-04
1451,-.002,7.92507E-04,-9.82289E-05,7.95845E-04
1451.5,-.002,7.90123E-04,-1.02997E-04,8.03951E-04
1452,-.001,8.15872E-04,-9.87058E-05,8.15395E-04
1452.5,6.66667E-04,7.8154E-04,-9.29837E-05,7.83447E-04
1453,-6.66667E-04,7.68188E-04,-1.18256E-04,7.82494E-04
1453.5,6.66667E-04,8.01567E-04,-1.14918E-04,8.10627E-04
1454,-.001,7.75818E-04,-1.00136E-04,7.72957E-04
1454.5,-.001,7.41486E-04,-1.03951E-04,7.44823E-04
1455,-.001,7.39578E-04,-1.02997E-04,7.42916E-04
1455.5,-.001,7.39578E-04,-1.04428E-04,7.51976E-04
1456,6.66667E-04,7.79156E-04,-1.1015E-04,7.88216E-04
1456.5,-.001,7.67235E-04,-1.06335E-04,7.69619E-04
1457,6.66667E-04,7.48161E-04,-1.07766E-04,7.56744E-04
1457.5,.001,7.49592E-04,-1.02997E-04,7.47684E-04
1458,-.001,7.23843E-04,-1.16349E-04,7.39101E-04
1458.5,-6.66667E-04,7.5293E-04,-1.25409E-04,7.70573E-04
1459,-6.66667E-04,7.51499E-04,-1.13965E-04,7.53406E-04
1459.5,2.33333E-03,7.28611E-04,-9.34605E-05,7.31949E-04
1460,-.001,7.02385E-04,-9.48911E-05,7.08584E-04
1460.5,-.002,6.92848E-04,-8.77385E-05,6.95232E-04
1461,-6.66667E-04,.0007062,-9.10764E-05,7.1812E-04
1461.5,6.66667E-04,7.20505E-04,-1.15872E-04,7.30518E-04
1462,-.001,7.12875E-04,-1.23502E-04,7.21458E-04
1462.5,6.66667E-04,6.95709E-04,-9.25069E-05,6.97616E-04
1463,-.001,6.80927E-04,-7.91554E-05,6.84265E-04
1463.5,-.001,6.65668E-04,-9.53679E-05,6.75205E-04
1464,-.001,6.80927E-04,-9.63216E-05,6.8808E-04
1464.5,-.002,6.76636E-04,-7.62944E-05,6.73775E-04
1465,-.002,6.43734E-04,-9.01227E-05,6.50886E-04
1465.5,-.001,6.59946E-04,-1.09673E-04,6.7139E-04
1466,.001,6.77589E-04,-1.08243E-04,6.87603E-04
1466.5,-.001,6.66145E-04,-1.11104E-04,6.7139E-04
1467,.001,6.59946E-04,-1.15872E-04,6.75205E-04
1467.5,-.002,6.69483E-04,-1.1921E-04,6.76636E-04
1468,-.001,6.53271E-04,-8.86922E-05,6.56132E-04
1468.5,2.33333E-03,6.34197E-04,-1.02044E-04,6.40873E-04
1469,-6.66667E-04,6.33243E-04,-1.1158E-04,6.41827E-04
1469.5,2.33333E-03,6.41827E-04,-9.53679E-05,6.46595E-04
1470,-6.66667E-04,6.31336E-04,-8.48775E-05,6.39919E-04
1470.5,.001,6.40396E-04,-9.15532E-05,6.47072E-04
1471,6.66667E-04,6.25614E-04,-9.82289E-05,6.35628E-04
1471.5,-6.66667E-04,6.14647E-04,-7.43871E-05,6.16077E-04
1472,-.001,6.10832E-04,-6.96187E-05,6.16554E-04
1472.5,.001,6.09878E-04,-7.29566E-05,.0006156
1473,-2.33333E-03,6.01772E-04,-7.67712E-05,6.04156E-04
1473.5,-.002,5.9462E-04,-6.77113E-05,5.92235E-04
1474,-6.66667E-04,5.78407E-04,-5.86512E-05,.0005765
1474.5,6.66667E-04,5.83652E-04,-8.20165E-05,5.96527E-04
1475,-.001,6.04156E-04,-6.34198E-05,6.02726E-04
1475.5,-.001,5.87944E-04,-6.24661E-05,5.89851E-04
1476,-6.66667E-04,5.76977E-04,-1.0109E-04,5.82699E-04
1476.5,-.002,5.86037E-04,-9.01227E-05,5.9605E-04
1477,6.66667E-04,5.84606E-04,-8.58312E-05,5.88421E-04
1477.5,-.001,5.70778E-04,-7.00955E-05,5.74593E-04
1478,-.002,5.74116E-04,-7.96323E-05,5.81745E-04
1478.5,.001,5.80315E-04,-6.8665E-05,.0005765
1479,-6.66667E-04,5.68394E-04,-7.67712E-05,5.76023E-04
1479.5,-6.66667E-04,5.59811E-04,-8.44006E-05,5.58857E-04
1480,2.33333E-03,5.66963E-04,-8.86922E-05,5.73639E-04
1480.5,-6.66667E-04,5.55519E-04,-8.05859E-05,5.58857E-04
1481,-.002,5.33585E-04,-7.43871E-05,5.35969E-04
1481.5,-.001,5.35969E-04,-9.53679E-05,5.48843E-04
1482,-.001,5.4026E-04,-1.05381E-04,5.4932E-04
1482.5,-.001,5.36922E-04,-8.53543E-05,5.42168E-04
1483,6.66667E-04,5.24525E-04,-6.10356E-05,5.23571E-04
1483.5,6.66667E-04,5.15465E-04,-6.96187E-05,5.17372E-04
1484,-6.66667E-04,5.22617E-04,-7.00955E-05,5.33108E-04
1484.5,-6.66667E-04,5.34538E-04,-6.48503E-05,5.34061E-04
1485,-6.66667E-04,5.17849E-04,-5.6267E-05,5.15942E-04
1485.5,-6.66667E-04,5.06882E-04,-7.24797E-05,5.20233E-04
1486,-6.66667E-04,5.28816E-04,-7.48639E-05,5.35969E-04
1486.5,-6.66667E-04,5.35969E-04,-6.05586E-05,5.29293E-04
1487,-6.66667E-04,5.07358E-04,-8.20165E-05,5.15942E-04
1487.5,-.002,5.19279E-04,-8.77385E-05,5.29293E-04
1488,-.001,5.23571E-04,-8.48775E-05,5.25001E-04
1488.5,-6.66667E-04,4.83515E-04,-6.43735E-05,4.84945E-04
1489,-6.66667E-04,4.70163E-04,-6.62808E-05,4.77316E-04
1489.5,-3.66667E-03,4.92577E-04,-7.00955E-05,4.94961E-04
1490,-.002,4.69686E-04,-4.91145E-05,4.72547E-04
1490.5,-.002,4.77316E-04,-6.34198E-05,4.86376E-04
1491,-.001,4.9353E-04,-6.48503E-05,4.99252E-04
1491.5,.002,4.84945E-04,-4.95913E-05,4.82084E-04
1492,6.66667E-04,4.61103E-04,-5.81744E-05,4.65872E-04
1492.5,-.001,4.73501E-04,-7.86786E-05,4.80654E-04
1493,-.002,4.81607E-04,-8.53543E-05,4.83038E-04
1493.5,-.001,4.75409E-04,-8.39238E-05,4.81607E-04
1494,-.002,4.41076E-04,-6.77113E-05,4.45845E-04
1494.5,-.002,4.46798E-04,-7.10492E-05,4.54905E-04
1495,6.66667E-04,4.60627E-04,-6.24661E-05,4.68256E-04
1495.5,-.001,4.59196E-04,-7.05724E-05,4.62534E-04
1496,-.001,4.63964E-04,-8.05859E-05,4.71117E-04
1496.5,-.001,4.62534E-04,-5.00681E-05,4.65872E-04
1497,-.001,4.62534E-04,-6.34198E-05,4.65395E-04
1497.5,-.001,4.51567E-04,-7.20029E-05,4.60627E-04
1498,-.001,4.55381E-04,-8.53543E-05,4.66349E-04
1498.5,-.002,4.50136E-04,-6.67577E-05,4.47752E-04
1499,-.001,4.44891E-04,-7.43871E-05,4.49659E-04
1499.5,-.002,4.26294E-04,-6.91419E-05,4.36308E-04
1500,-6.66667E-04,4.32016E-04,-5.00681E-05,4.29155E-04
1500.5,-.001,4.22956E-04,-3.71935E-05,4.2391E-04
1501,-6.66667E-04,4.10082E-04,-5.53133E-05,4.19142E-04
1501.5,.002,4.27725E-04,-6.43735E-05,4.34401E-04
1502,.001,4.11512E-04,-6.34198E-05,4.1342E-04
1502.5,-.002,4.11512E-04,-7.39102E-05,4.21526E-04
1503,-6.66667E-04,4.20095E-04,-5.86512E-05,4.21526E-04
1503.5,-.001,4.07221E-04,-4.05314E-05,4.06267E-04
1504,-2.33333E-03,3.96254E-04,-6.24661E-05,4.02452E-04
1504.5,-6.66667E-04,4.13897E-04,-7.20029E-05,4.25341E-04
1505,-.001,4.3297E-04,-5.10218E-05,4.30109E-04
1505.5,.001,3.89101E-04,-4.48229E-05,3.90055E-04
1506,-.001,3.84809E-04,-5.96049E-05,3.91962E-04
1506.5,6.66667E-04,3.93393E-04,-5.3406E-05,3.98638E-04
1507,6.66667E-04,4.01022E-04,-5.24523E-05,4.01976E-04
1507.5,-6.66667E-04,3.80518E-04,-6.00817E-05,3.86717E-04
1508,-2.33333E-03,4.0436E-04,-7.39102E-05,4.11512E-04
1508.5,-.001,4.06267E-04,-5.19755E-05,4.09605E-04
1509,-.002,3.81948E-04,-5.10218E-05,3.82902E-04
1509.5,.001,3.82902E-04,-5.19755E-05,3.8624E-04
1510,-.001,3.78134E-04,-5.96049E-05,3.80518E-04
1510.5,6.66667E-04,3.63352E-04,-5.24523E-05,3.60014E-04
1511,.001,3.43801E-04,-6.10356E-05,3.50954E-04
1511.5,-.002,3.71935E-04,-6.19893E-05,3.8767E-04
1512,-6.66667E-04,3.82902E-04,-4.14851E-05,3.75273E-04
1512.5,.001,3.67643E-04,-5.29292E-05,3.72412E-04
1513,-.002,3.83379E-04,-6.8665E-05,3.91962E-04
1513.5,-6.66667E-04,3.90531E-04,-5.6267E-05,3.91962E-04
1514,.001,3.69551E-04,-3.5763E-05,3.67643E-04
1514.5,.002,3.70504E-04,-5.3406E-05,3.81472E-04
1515,-6.66667E-04,3.85763E-04,-7.29566E-05,3.93393E-04
1515.5,.001,3.69551E-04,-4.95913E-05,3.61921E-04
1516,.001,3.37603E-04,-5.10218E-05,3.44278E-04
1516.5,-6.66667E-04,3.53815E-04,-6.43735E-05,3.61921E-04
1517,6.66667E-04,3.56199E-04,-3.8624E-05,.00035
1517.5,-.001,3.32834E-04,-4.86376E-05,3.38556E-04
1518,-6.66667E-04,3.32834E-04,-6.10356E-05,3.43325E-04
1518.5,-6.66667E-04,3.54292E-04,-5.24523E-05,3.54292E-04
1519,.001,3.26158E-04,-4.33924E-05,3.27112E-04
1519.5,-.002,3.34265E-04,-5.3406E-05,3.42848E-04
1520,-.001,3.56199E-04,-3.76704E-05,3.55246E-04
1520.5,-2.33333E-03,3.58107E-04,-2.33651E-05,3.58583E-04
1521,-6.66667E-04,3.36172E-04,-5.76975E-05,3.40464E-04
1521.5,-.001,3.44755E-04,-5.57902E-05,3.51431E-04
1522,-.001,3.51908E-04,-4.86376E-05,3.47616E-04
1522.5,-.002,3.10423E-04,-6.10356E-05,3.17575E-04
1523,.001,2.99932E-04,-6.67577E-05,3.15191E-04
1523.5,-2.33333E-03,3.20913E-04,-6.77113E-05,3.32834E-04
1524,-6.66667E-04,3.36649E-04,-4.91145E-05,3.3951E-04
1524.5,-6.66667E-04,3.38556E-04,-1.85968E-05,3.32834E-04
1525,-6.66667E-04,3.17575E-04,-3.91009E-05,3.16622E-04
1525.5,-6.66667E-04,3.05178E-04,-4.62534E-05,3.11377E-04
1526,-.002,3.06608E-04,-3.8624E-05,3.11377E-04
1526.5,-6.66667E-04,3.18529E-04,-4.05314E-05,3.24251E-04
1527,-6.66667E-04,3.24251E-04,-3.95777E-05,3.24251E-04
1527.5,-6.66667E-04,3.29973E-04,-4.67303E-05,3.36172E-04
1528,6.66667E-04,3.2902E-04,-4.33924E-05,3.29973E-04
1528.5,-.001,3.07085E-04,-3.76704E-05,3.08516E-04
1529,.001,3.10423E-04,-4.05314E-05,3.15191E-04
1529.5,2.33333E-03,3.11853E-04,-2.9564E-05,.0003109
1530,-6.66667E-04,2.80859E-04,-3.76704E-05,2.82289E-04
1530.5,-.002,2.90873E-04,-4.95913E-05,2.98979E-04
1531,-6.66667E-04,2.98502E-04,-3.76704E-05,3.0184E-04
1531.5,-.001,2.88965E-04,-2.47956E-05,2.83243E-04
1532,6.66667E-04,2.75614E-04,-3.14715E-05,2.80382E-04
1532.5,-.001,2.98979E-04,-3.91009E-05,3.09469E-04
1533,6.66667E-04,3.08992E-04,-4.24387E-05,3.0327E-04
1533.5,-6.66667E-04,2.90396E-04,-4.91145E-05,2.95641E-04
1534,6.66667E-04,2.93734E-04,-5.57902E-05,3.04701E-04
1534.5,.002,3.0327E-04,-4.76839E-05,3.0327E-04
1535,-.001,2.84197E-04,-3.43325E-05,2.82289E-04
1535.5,-6.66667E-04,2.70369E-04,-5.00681E-05,2.81813E-04
1536,-.001,3.01363E-04,-2.00273E-05,2.95641E-04
1536.5,6.66667E-04,2.74183E-04,-3.43325E-05,2.68938E-04
1537,-.001,2.47004E-04,-5.53133E-05,2.59878E-04
1537.5,-.002,2.76091E-04,-4.00546E-05,2.79905E-04
1538,6.66667E-04,.0002656,-3.67167E-05,2.63216E-04
1538.5,.001,2.54156E-04,-2.62262E-05,2.60832E-04
1539,-2.33333E-03,2.72276E-04,-4.67303E-05,2.75137E-04
1539.5,-6.66667E-04,2.69892E-04,-3.24252E-05,2.69415E-04
1540,-.001,2.45573E-04,-2.81335E-05,2.52249E-04
1540.5,-.002,2.54633E-04,-3.14715E-05,2.58924E-04
1541,-2.33333E-03,2.64646E-04,-4.24387E-05,2.68461E-04
1541.5,-.001,2.59401E-04,-3.91009E-05,2.62262E-04
1542,-.001,2.42234E-04,-3.00409E-05,2.46527E-04
1542.5,.001,2.59878E-04,-3.24252E-05,2.57971E-04
1543,-.002,2.43188E-04,-2.52725E-05,2.43188E-04
1543.5,-.001,2.33651E-04,-4.57766E-05,2.43188E-04
1544,-.002,2.61309E-04,-3.91009E-05,2.61785E-04
1544.5,-2.33333E-03,2.5654E-04,-2.24115E-05,2.54633E-04
1545,-.001,2.41281E-04,-3.14715E-05,2.44142E-04
1545.5,.001,2.49865E-04,-3.91009E-05,2.53679E-04
1546,-2.33333E-03,2.59401E-04,-4.00546E-05,2.60832E-04
1546.5,-.001,2.43188E-04,-5.24523E-05,2.4748E-04
1547,-.002,2.4605E-04,-5.3406E-05,2.54633E-04
1547.5,-.001,2.57494E-04,-4.52998E-05,2.62739E-04
1548,6.66667E-04,2.58924E-04,-3.81472E-05,2.60355E-04
1548.5,-6.66667E-04,2.51295E-04,-2.14578E-05,2.45096E-04
1549,-.002,2.49865E-04,-2.57493E-05,2.50341E-04
1549.5,6.66667E-04,2.52249E-04,-2.62262E-05,2.53202E-04
1550,.001,2.40804E-04,-1.81199E-05,2.40804E-04
1550.5,-3.66667E-03,2.3842E-04,-3.48093E-05,2.42711E-04
1551,6.66667E-04,2.53679E-04,-1.81199E-05,2.56063E-04
1551.5,-6.66667E-04,2.40804E-04,5.24524E-06,2.36035E-04
1552,-6.66667E-04,2.28883E-04,-3.14715E-05,2.30313E-04
1552.5,-6.66667E-04,2.32221E-04,-3.00409E-05,2.31267E-04
1553,-.002,2.14101E-04,-2.33651E-05,2.08856E-04
1553.5,.001,1.96935E-04,-2.81335E-05,1.97412E-04
1554,-6.66667E-04,.0002203,-4.24387E-05,2.29836E-04
1554.5,-.001,2.36512E-04,-2.52725E-05,2.36035E-04
1555,-.001,2.18392E-04,-1.62126E-05,2.14101E-04
1555.5,.001,2.24114E-04,-4.00546E-05,2.25545E-04
1556,.001,2.20777E-04,-1.1921E-05,2.23638E-04
1556.5,-2.33333E-03,2.0361E-04,-9.05996E-06,1.97888E-04
1557,-.001,2.1267E-04,-3.71935E-05,2.22207E-04
1557.5,-.001,2.33174E-04,-3.33788E-05,2.36989E-04
1558,-.001,1.91213E-04,-1.76431E-05,1.86921E-04
1558.5,6.66667E-04,2.05995E-04,-2.76567E-05,2.13624E-04
1559,-6.66667E-04,2.27929E-04,-2.00273E-05,2.28406E-04
1559.5,.001,2.13624E-04,-1.33515E-05,2.10286E-04
1560,6.66667E-04,2.01226E-04,-3.24252E-05,2.0218E-04
1560.5,-6.66667E-04,2.1124E-04,-4.95913E-05,2.23638E-04
1561,6.66667E-04,2.28883E-04,-2.76567E-05,2.27452E-04
1561.5,-6.66667E-04,1.99319E-04,-2.57493E-05,1.95504E-04
1562,-.001,1.97412E-04,-3.5763E-05,2.10286E-04
1562.5,-6.66667E-04,2.08856E-04,-3.91009E-05,2.14578E-04
1563,6.66667E-04,2.09332E-04,-2.76567E-05,2.0361E-04
1563.5,-6.66667E-04,2.04564E-04,-3.43325E-05,2.10286E-04
1564,-6.66667E-04,2.06948E-04,-3.14715E-05,2.08856E-04
1564.5,.001,1.94074E-04,-4.10082E-05,1.95981E-04
1565,-.002,1.92643E-04,-3.81472E-05,2.00273E-04
1565.5,.001,2.04087E-04,-3.00409E-05,2.06948E-04
1566,6.66667E-04,1.89305E-04,-2.57493E-05,1.85967E-04
1566.5,6.66667E-04,1.90259E-04,-3.5763E-05,1.99319E-04
1567,-6.66667E-04,1.99796E-04,-3.43325E-05,2.05518E-04
1567.5,6.66667E-04,1.95981E-04,-1.62126E-05,1.90259E-04
1568,-2.33333E-03,1.77861E-04,-2.0981E-05,1.77861E-04
1568.5,-.002,1.77861E-04,-3.43325E-05,1.87875E-04
1569,-2.33333E-03,1.92166E-04,-2.00273E-05,1.91213E-04
1569.5,-2.33333E-03,1.79292E-04,-1.33515E-05,1.80722E-04
1570,6.66667E-04,1.90259E-04,-3.43325E-05,2.0361E-04
1570.5,-.001,.0002203,-2.9564E-05,2.24591E-04
1571,-.001,2.17439E-04,-1.71663E-05,2.07902E-04
1571.5,6.66667E-04,2.07902E-04,-4.38693E-05,2.15054E-04
1572,-.001,2.1124E-04,-2.24115E-05,2.09809E-04
1572.5,-.001,1.78338E-04,-5.72208E-06,1.74523E-04
1573,-6.66667E-04,1.69755E-04,-3.38557E-05,1.74523E-04
1573.5,6.66667E-04,1.86921E-04,-3.33788E-05,1.95504E-04
1574,-.002,2.05518E-04,-3.62399E-05,2.0218E-04
1574.5,-.001,1.8263E-04,-4.24387E-05,1.91213E-04
1575,-6.66667E-04,1.93597E-04,-2.81335E-05,2.01703E-04
1575.5,.002,2.10286E-04,-1.43052E-05,2.06471E-04
1576,-.002,1.8263E-04,-1.76431E-05,1.79769E-04
1576.5,-.002,1.85967E-04,-3.71935E-05,1.96935E-04
1577,6.66667E-04,1.90259E-04,-1.81199E-05,1.84537E-04
1577.5,-.001,1.83106E-04,-1.85968E-05,1.80245E-04
1578,.001,1.83106E-04,-4.67303E-05,1.87398E-04
1578.5,6.66667E-04,1.70709E-04,-3.91009E-05,1.7357E-04
1579,-6.66667E-04,1.69278E-04,-2.47956E-05,1.70232E-04
1579.5,6.66667E-04,1.71185E-04,-4.14851E-05,1.77861E-04
1580,6.66667E-04,1.77861E-04,-2.86104E-06,1.77861E-04
1580.5,6.66667E-04,1.80245E-04,5.24524E-06,1.72139E-04
1581,-6.66667E-04,1.53066E-04,-3.00409E-05,1.59265E-04
1581.5,.002,1.79292E-04,-3.14715E-05,1.83583E-04
1582,-.001,1.86921E-04,-4.7684E-06,1.80245E-04
1582.5,-.001,1.70232E-04,-1.09673E-05,1.74046E-04
1583,.001,1.76908E-04,-3.24252E-05,1.74523E-04
1583.5,-.001,1.63556E-04,-1.52589E-05,1.58311E-04
1584,-6.66667E-04,1.5545E-04,-2.3842E-06,1.51158E-04
1584.5,-6.66667E-04,1.50681E-04,-3.95777E-05,1.61649E-04
1585,6.66667E-04,1.67848E-04,-3.24252E-05,1.72139E-04
1585.5,-6.66667E-04,1.50205E-04,-3.5763E-05,1.44483E-04
1586,-6.66667E-04,.0001359,-4.67303E-05,1.49251E-04
1586.5,-.001,1.59265E-04,-3.09946E-05,1.65463E-04
1587,-5.33333E-03,1.58788E-04,-2.57493E-05,1.5545E-04
1587.5,-6.66667E-04,1.33992E-04,-2.05041E-05,1.3733E-04
1588,.001,1.48774E-04,-2.47956E-05,1.58311E-04
1588.5,6.66667E-04,1.63556E-04,-1.23978E-05,1.72616E-04
1589,-6.66667E-04,1.69278E-04,-2.62262E-05,1.67371E-04
1589.5,.001,1.44959E-04,-3.43325E-05,1.49728E-04
1590,.001,1.60218E-04,-2.62262E-05,1.6451E-04
1590.5,-.002,1.69755E-04,-2.3842E-06,1.64987E-04
1591,-.002,1.45913E-04,-1.95504E-05,1.45913E-04
1591.5,6.66667E-04,1.52112E-04,-2.19346E-05,1.5688E-04
1592,6.66667E-04,1.67848E-04,-6.67575E-06,1.64987E-04
1592.5,6.66667E-04,1.66417E-04,-1.00136E-05,1.67848E-04
1593,.001,1.51158E-04,-1.81199E-05,1.52589E-04
1593.5,-6.66667E-04,1.47344E-04,-7.62945E-06,1.45436E-04
1594,-.001,1.40191E-04,-2.05041E-05,1.38284E-04
1594.5,-3.66667E-03,1.34469E-04,-2.24115E-05,1.37807E-04
1595,.001,1.43052E-04,-2.14578E-05,1.42575E-04
1595.5,-.001,1.30654E-04,-4.7684E-06,1.24932E-04
1596,6.66667E-04,1.25409E-04,-1.81199E-05,1.30177E-04
1596.5,-.001,1.47344E-04,-1.90736E-05,1.48297E-04
1597,-6.66667E-04,1.5545E-04,-9.05996E-06,1.47344E-04
1597.5,6.66667E-04,1.2064E-04,-2.90872E-05,1.23025E-04
1598,.001,1.22548E-04,-5.72207E-05,1.36853E-04
1598.5,.001,1.42575E-04,-3.71935E-05,1.43529E-04
1599,.001,1.23502E-04,-3.09946E-05,1.33515E-04
1599.5,.001,1.43529E-04,-3.67167E-05,1.49251E-04
1600,.001,1.41145E-04,-1.81199E-05,1.39237E-04
1600.5,-2.33333E-03,1.35423E-04,-2.3842E-06,1.38284E-04
1601,-6.66667E-04,1.38284E-04,-1.33515E-05,1.4639E-04
1601.5,-.002,1.58311E-04,-8.10629E-06,1.54019E-04
1602,-.001,1.31131E-04,1.90736E-06,1.21594E-04
1602.5,6.66667E-04,1.12057E-04,-1.33515E-05,1.19687E-04
1603,-6.66667E-04,1.31608E-04,-2.90872E-05,1.32562E-04
1603.5,6.66667E-04,1.31131E-04,-6.67575E-06,1.33515E-04
1604,.001,1.33992E-04,-1.81199E-05,1.33038E-04
1604.5,.001,1.38761E-04,-2.05041E-05,1.40191E-04
1605,-6.66667E-04,1.34469E-04,-8.10629E-06,1.31608E-04
1605.5,-.002,1.24932E-04,-1.76431E-05,1.27793E-04
1606,-.001,1.31131E-04,-2.19346E-05,1.36853E-04
1606.5,-6.66667E-04,1.32562E-04,-5.72208E-06,1.29224E-04
1607,-2.33333E-03,1.17302E-04,7.15259E-06,1.17302E-04
1607.5,6.66667E-04,1.30654E-04,4.7684E-06,1.34946E-04
1608,-6.66667E-04,1.34946E-04,9.53682E-07,1.28747E-04
1608.5,-.001,1.18733E-04,-2.90872E-05,1.19687E-04
1609,-6.66667E-04,1.25886E-04,-3.43325E-05,1.36853E-04
1609.5,-.001,1.39237E-04,1.43052E-06,1.36853E-04
1610,6.66667E-04,1.08243E-04,5.72208E-06,1.08243E-04
1610.5,2.33333E-03,1.00613E-04,-2.3842E-06,1.04428E-04
1611,-6.66667E-04,1.16826E-04,-1.04905E-05,1.1921E-04
1611.5,-.002,1.27316E-04,-2.86104E-06,1.24455E-04
1612,-6.66667E-04,1.25886E-04,-3.33787E-06,1.33992E-04
1612.5,-6.66667E-04,1.36853E-04,-9.05996E-06,1.36853E-04
1613,-.001,1.31608E-04,-2.3842E-06,1.30654E-04
1613.5,-2.33333E-03,1.24932E-04,-1.00136E-05,1.32085E-04
1614,-.001,1.2827E-04,-2.81335E-05,1.27316E-04
1614.5,6.66667E-04,1.31608E-04,-1.4782E-05,1.31608E-04
1615,.002,1.32085E-04,-8.10629E-06,1.22548E-04
1615.5,-6.66667E-04,1.1921E-04,-2.3842E-05,1.23502E-04
1616,-6.66667E-04,1.25886E-04,-2.6703E-05,1.33992E-04
1616.5,-.001,1.33992E-04,1.90736E-06,1.24932E-04
1617,6.66667E-04,9.29837E-05,-1.66894E-05,9.05995E-05
1617.5,-2.33333E-03,1.01567E-04,-2.43188E-05,1.12534E-04
1618,-.001,1.06335E-04,-2.24115E-05,1.02044E-04
1618.5,-6.66667E-04,1.08243E-04,-2.33651E-05,1.14918E-04
1619,-6.66667E-04,1.25886E-04,-2.0981E-05,1.31131E-04
1619.5,-.002,1.23025E-04,-7.62945E-06,1.16826E-04
1620,-.001,1.0252E-04,-2.62262E-05,1.06335E-04
1620.5,-.002,1.16349E-04,-1.52589E-05,1.2064E-04
1621,6.66667E-04,1.07289E-04,8.58313E-06,9.87058E-05
1621.5,6.66667E-04,8.58312E-05,-2.3842E-06,8.05859E-05
1622,-.001,8.10628E-05,-3.33788E-05,9.05995E-05
1622.5,.001,9.96594E-05,-2.47956E-05,1.02044E-04
1623,-6.66667E-04,8.24933E-05,-1.95504E-05,8.48775E-05
1623.5,6.66667E-04,1.08719E-04,-3.67167E-05,1.21117E-04
1624,-6.66667E-04,1.07289E-04,-4.76839E-05,1.18733E-04
1624.5,.002,1.11104E-04,-3.14715E-05,1.14918E-04
1625,-2.33333E-03,1.04905E-04,-1.62126E-05,1.00613E-04
1625.5,-.001,9.53679E-05,-2.9564E-05,9.63216E-05
1626,-.001,8.82153E-05,-3.24252E-05,9.82289E-05
1626.5,6.66667E-04,8.10628E-05,-1.00136E-05,8.15396E-05
1627,6.66667E-04,8.58312E-05,-3.19483E-05,9.48911E-05
1627.5,.001,1.13965E-04,-2.6703E-05,1.15395E-04
1628,-.001,9.39374E-05,-1.38283E-05,9.53679E-05
1628.5,6.66667E-04,9.15532E-05,-1.90736E-05,9.48911E-05
1629,6.66667E-04,1.02044E-04,-2.6703E-05,1.04428E-04
1629.5,6.66667E-04,9.34605E-05,-1.14442E-05,9.39374E-05
1630,-.001,1.01567E-04,-1.66894E-05,1.01567E-04
1630.5,-.001,1.07289E-04,-3.24252E-05,1.1158E-04
1631,.001,8.48775E-05,-2.62262E-05,8.82153E-05
1631.5,.002,8.44006E-05,-3.91009E-05,9.67984E-05
1632,-.002,1.16349E-04,-2.86103E-05,1.21117E-04
1632.5,-.001,1.13011E-04,-5.24524E-06,1.09196E-04
1633,-.002,8.48775E-05,-1.43052E-05,9.05995E-05
1633.5,-6.66667E-04,1.0252E-04,-2.47956E-05,1.03474E-04
1634,-6.66667E-04,8.01091E-05,-1.04905E-05,7.48639E-05
1634.5,-6.66667E-04,6.2943E-05,-2.24115E-05,7.20029E-05
1635,-.001,8.39238E-05,-2.14578E-05,8.96459E-05
1635.5,.001,9.34605E-05,-1.71663E-05,9.48911E-05
1636,6.66667E-04,9.01227E-05,-3.00409E-05,9.72752E-05
1636.5,-6.66667E-04,9.39374E-05,-1.81199E-05,9.39374E-05
1637,-2.33333E-03,8.01091E-05,-2.86104E-06,7.72481E-05
1637.5,-6.66667E-04,8.96459E-05,-2.90872E-05,1.02997E-04
1638,.001,9.63216E-05,-3.00409E-05,1.0252E-04
1638.5,-6.66667E-04,8.29701E-05,-1.14442E-05,8.01091E-05
1639,-.002,8.01091E-05,-1.81199E-05,8.3447E-05
1639.5,6.66667E-04,8.53543E-05,-1.43052E-05,8.82153E-05
1640,-.001,7.96323E-05,1.00136E-05,7.34334E-05
1640.5,-6.66667E-04,7.72481E-05,-3.33787E-06,7.58176E-05
1641,-6.66667E-04,9.05995E-05,-9.05996E-06,1.00136E-04
1641.5,-6.66667E-04,1.0252E-04,7.62945E-06,9.63216E-05
1642,-6.66667E-04,9.15532E-05,-2.52725E-05,9.29837E-05
1642.5,.001,9.72752E-05,-2.47956E-05,1.02997E-04
1643,-.001,7.77249E-05,0,7.29566E-05
1643.5,.002,7.34334E-05,-2.52725E-05,8.01091E-05
1644,-.001,1.05858E-04,-3.00409E-05,1.1158E-04
1644.5,.001,1.08719E-04,-9.05996E-06,1.05381E-04
1645,-2.33333E-03,7.96323E-05,9.5368E-06,7.1526E-05
1645.5,.001,5.96049E-05,-7.15259E-06,6.00817E-05
1646,-.002,6.81882E-05,-2.24115E-05,7.24797E-05
1646.5,-6.66667E-04,5.96049E-05,-2.14578E-05,6.77113E-05
1647,-.001,7.00955E-05,-2.28883E-05,7.39102E-05
1647.5,-2.33333E-03,9.77521E-05,-2.33651E-05,9.72752E-05
1648,-6.66667E-04,8.67848E-05,1.43052E-06,8.3447E-05
1648.5,-.001,6.53272E-05,0,6.96187E-05
1649,.001,1.00613E-04,-7.15259E-06,1.0109E-04
1649.5,6.66667E-04,9.203E-05,-1.4782E-05,9.25069E-05
1650,-6.66667E-04,7.29566E-05,-1.90736E-05,7.62944E-05
1650.5,6.66667E-04,6.96187E-05,-1.33515E-05,6.77113E-05
1651,-6.66667E-04,6.81882E-05,-6.19891E-06,7.48639E-05
1651.5,-.001,9.48911E-05,-1.66894E-05,1.0109E-04
1652,-6.66667E-04,9.67984E-05,-4.7684E-06,9.29837E-05
1652.5,-6.66667E-04,6.5804E-05,-3.33787E-06,6.05586E-05
1653,-2.33333E-03,7.72481E-05,-1.43052E-06,8.39238E-05
1653.5,-6.66667E-04,8.6308E-05,1.09673E-05,8.39238E-05
1654,-6.66667E-04,6.05586E-05,5.24524E-06,5.0545E-05
1654.5,2.33333E-03,4.95913E-05,-3.81473E-06,5.38828E-05
1655,.001,6.48503E-05,2.86104E-06,6.91419E-05
1655.5,6.66667E-04,6.8665E-05,-1.90736E-06,6.2943E-05
1656,-2.33333E-03,5.81744E-05,-3.91009E-05,7.29566E-05
1656.5,-6.66667E-04,6.5804E-05,-2.33651E-05,6.81882E-05
1657,-2.33333E-03,5.38828E-05,-6.19891E-06,4.86376E-05
1657.5,-.002,6.38966E-05,-1.00136E-05,6.96187E-05
1658,.001,7.67712E-05,-7.62945E-06,8.15396E-05
1658.5,-.002,7.48639E-05,4.7684E-06,6.91419E-05
1659,-.001,7.34334E-05,-1.43052E-05,7.43871E-05
1659.5,.001,8.39238E-05,-2.05041E-05,8.72617E-05
1660,-.002,8.72617E-05,-1.28747E-05,8.48775E-05
1660.5,6.66667E-04,6.77113E-05,-8.58313E-06,6.34198E-05
1661,.001,7.10492E-05,-1.62126E-05,7.05724E-05
1661.5,-6.66667E-04,7.00955E-05,-6.67575E-06,6.81882E-05
1662,-.002,5.72207E-05,-1.14442E-05,5.67439E-05
1662.5,-.001,7.24797E-05,-5.72208E-06,7.62944E-05
1663,-2.33333E-03,7.29566E-05,7.62945E-06,7.05724E-05
1663.5,-6.66667E-04,5.10218E-05,-5.24524E-06,5.57902E-05
1664,-.001,8.01091E-05,1.90736E-06,8.01091E-05
1664.5,-.001,8.48775E-05,1.09673E-05,8.15396E-05
1665,-6.66667E-04,6.19893E-05,-1.90736E-06,6.24661E-05
1665.5,-2.33333E-03,6.96187E-05,-7.62945E-06,7.29566E-05
1666,-6.66667E-04,7.29566E-05,-5.72208E-06,6.67577E-05
1666.5,6.66667E-04,6.72345E-05,-2.90872E-05,7.48639E-05
1667,-6.66667E-04,8.39238E-05,-2.3842E-05,8.72617E-05
1667.5,.001,7.39102E-05,1.00136E-05,6.77113E-05
1668,6.66667E-04,4.81608E-05,2.3842E-06,5.0545E-05
1668.5,-2.33333E-03,5.6267E-05,1.90736E-06,6.19893E-05
1669,-6.66667E-04,6.53272E-05,-1.43052E-06,5.6267E-05
1669.5,-6.66667E-04,4.05314E-05,-1.57357E-05,4.95913E-05
1670,-.001,7.24797E-05,-6.67575E-06,8.24933E-05
1670.5,-.002,7.48639E-05,1.00136E-05,7.53407E-05
1671,-.001,5.86512E-05,8.58313E-06,5.57902E-05
1671.5,-6.66667E-04,6.34198E-05,-9.05996E-06,6.72345E-05
1672,.001,6.62808E-05,-2.24115E-05,7.10492E-05
1672.5,.001,6.19893E-05,-2.86104E-06,6.19893E-05
1673,-6.66667E-04,5.86512E-05,-1.43052E-05,6.05586E-05
1673.5,-.002,6.53272E-05,-2.86103E-05,7.1526E-05
1674,-2.33333E-03,5.3406E-05,-8.10629E-06,5.19755E-05
1674.5,-.001,5.72207E-05,-1.76431E-05,5.96049E-05
1675,-.001,7.39102E-05,-2.76567E-05,7.96323E-05
1675.5,-.004,6.8665E-05,-2.33651E-05,7.39102E-05
1676,-.002,5.24523E-05,-6.67575E-06,5.19755E-05
1676.5,-.001,5.48365E-05,1.43052E-06,6.00817E-05
1677,-.001,5.67439E-05,-1.43052E-06,5.81744E-05
1677.5,.001,5.10218E-05,-1.1921E-05,5.86512E-05
1678,-2.33333E-03,7.00955E-05,-6.67575E-06,6.81882E-05
1678.5,.001,5.29292E-05,-6.19891E-06,4.86376E-05
1679,-.001,5.29292E-05,-4.29156E-06,5.76975E-05
1679.5,-2.33333E-03,5.72207E-05,-9.05996E-06,5.6267E-05
1680,6.66667E-04,4.48229E-05,-1.09673E-05,4.38693E-05
1680.5,-6.66667E-04,4.48229E-05,-2.9564E-05,5.96049E-05
1681,-.001,6.81882E-05,-1.81199E-05,7.1526E-05
1681.5,-.002,6.38966E-05,-1.14442E-05,5.81744E-05
1682,6.66667E-04,4.00546E-05,-3.24252E-05,5.0545E-05
1682.5,-3.66667E-03,5.19755E-05,-6.67575E-06,6.00817E-05
1683,-.001,5.9128E-05,1.90736E-06,5.6267E-05
1683.5,-6.66667E-04,5.00681E-05,-3.00409E-05,5.72207E-05
1684,-6.66667E-04,6.62808E-05,-3.48093E-05,7.72481E-05
1684.5,.001,5.3406E-05,-1.66894E-05,5.6267E-05
1685,-6.66667E-04,4.57766E-05,-6.67575E-06,4.62534E-05
1685.5,6.66667E-04,5.6267E-05,-3.33787E-06,6.10356E-05
1686,6.66667E-04,7.05724E-05,-2.14578E-05,7.82018E-05
1686.5,.001,6.10356E-05,-1.43052E-05,6.34198E-05
1687,-.004,5.57902E-05,-1.85968E-05,5.53133E-05
1687.5,-.001,5.10218E-05,-1.57357E-05,5.00681E-05
1688,-6.66667E-04,3.38557E-05,1.43052E-06,3.00409E-05
1688.5,-.001,4.05314E-05,1.14442E-05,4.52998E-05
1689,.001,5.24523E-05,2.90872E-05,5.57902E-05
1689.5,.001,4.05314E-05,4.29156E-06,4.38693E-05
1690,.001,6.05586E-05,-1.09673E-05,6.5804E-05
1690.5,-2.33333E-03,5.72207E-05,1.14442E-05,5.38828E-05
1691,6.66667E-04,4.81608E-05,-2.6703E-05,5.6267E-05
1691.5,-.002,6.24661E-05,-1.28747E-05,6.19893E-05
1692,-.001,6.43735E-05,-2.47956E-05,6.77113E-05
1692.5,.001,5.0545E-05,-9.53682E-07,4.62534E-05
1693,-6.66667E-04,3.38557E-05,-1.33515E-05,3.52862E-05
1693.5,6.66667E-04,5.14986E-05,-2.76567E-05,6.53272E-05
1694,-.001,5.86512E-05,-1.66894E-05,6.10356E-05
1694.5,-.001,5.10218E-05,-1.76431E-05,5.19755E-05
1695,-.001,5.48365E-05,-4.57766E-05,7.29566E-05
1695.5,-.001,4.29156E-05,-1.52589E-05,4.38693E-05
1696,-2.33333E-03,3.05178E-05,2.86104E-06,3.19483E-05
1696.5,.001,5.00681E-05,-9.05996E-06,5.38828E-05
1697,-6.66667E-04,6.2943E-05,-8.10629E-06,6.91419E-05
1697.5,.002,5.67439E-05,-3.33788E-05,6.43735E-05
1698,-6.66667E-04,4.67303E-05,-2.81335E-05,5.53133E-05
1698.5,6.66667E-04,4.57766E-05,-1.23978E-05,3.71935E-05
1699,-.001,3.62399E-05,-1.43052E-05,4.29156E-05
1699.5,-6.66667E-04,4.91145E-05,-2.00273E-05,5.3406E-05
1700,.001,6.81882E-05,-1.04905E-05,7.10492E-05
1700.5,-6.66667E-04,6.19893E-05,-2.28883E-05,6.05586E-05
1701,6.66667E-04,5.72207E-05,-2.43188E-05,6.19893E-05
1701.5,-.002,4.86376E-05,-9.53682E-07,4.19619E-05
1702,-.001,2.9564E-05,-1.43052E-06,2.52725E-05
1702.5,.001,3.71935E-05,-8.10629E-06,4.33924E-05
1703,-2.33333E-03,5.43597E-05,1.52589E-05,6.00817E-05
1703.5,-6.66667E-04,4.52998E-05,0,4.19619E-05
1704,-6.66667E-04,5.38828E-05,-2.57493E-05,6.34198E-05
1704.5,-6.66667E-04,6.15125E-05,3.81473E-06,6.24661E-05
1705,6.66667E-04,5.53133E-05,1.04905E-05,5.24523E-05
1705.5,-.001,3.19483E-05,1.90736E-06,2.76567E-05
1706,-.002,3.38557E-05,-2.3842E-05,4.29156E-05
1706.5,-.002,4.05314E-05,1.28747E-05,4.43461E-05
1707,-6.66667E-04,2.76567E-05,6.19891E-06,2.86103E-05
1707.5,-.002,4.14851E-05,-1.33515E-05,4.72071E-05
1708,-.001,3.52862E-05,-9.5368E-06,3.38557E-05
1708.5,-6.66667E-04,3.2902E-05,-6.19891E-06,4.14851E-05
1709,-.001,5.10218E-05,-1.33515E-05,5.57902E-05
1709.5,6.66667E-04,4.29156E-05,-8.10629E-06,3.2902E-05
1710,-6.66667E-04,2.9564E-05,-2.14578E-05,4.05314E-05
1710.5,-.001,4.62534E-05,-7.15259E-06,4.72071E-05
1711,.002,4.19619E-05,-3.81473E-06,3.52862E-05
1711.5,2.33333E-03,4.19619E-05,-4.10082E-05,6.10356E-05
1712,-6.66667E-04,5.29292E-05,-2.05041E-05,5.86512E-05
1712.5,-6.66667E-04,3.81472E-05,-4.7684E-06,3.67167E-05
1713,6.66667E-04,3.62399E-05,-3.33788E-05,5.29292E-05
1713.5,-2.33333E-03,7.77249E-05,-1.38283E-05,8.05859E-05
1714,-.002,5.19755E-05,7.62945E-06,4.67303E-05
1714.5,-.001,3.67167E-05,1.71663E-05,4.00546E-05
1715,-.001,4.95913E-05,3.81473E-06,5.0545E-05
1715.5,6.66667E-04,4.62534E-05,-1.43052E-06,3.95777E-05
1716,.001,3.00409E-05,4.7684E-06,2.9564E-05
1716.5,-6.66667E-04,2.90872E-05,1.90736E-05,2.9564E-05
1717,-.001,1.71663E-05,1.23978E-05,2.3842E-05
1717.5,-.002,4.72071E-05,-1.90736E-05,6.10356E-05
1718,-6.66667E-04,6.53272E-05,-9.05996E-06,6.19893E-05
1718.5,-3.66667E-03,2.43188E-05,-1.57357E-05,2.76567E-05
1719,.002,3.00409E-05,-2.14578E-05,4.29156E-05
1719.5,-.001,4.52998E-05,-3.33787E-06,4.33924E-05
1720,.001,4.86376E-05,-2.90872E-05,5.72207E-05
1720.5,.001,6.53272E-05,-2.57493E-05,7.72481E-05
1721,-.001,5.6267E-05,9.53682E-07,5.43597E-05
1721.5,-6.66667E-04,3.2902E-05,1.38283E-05,3.2902E-05
1722,-6.66667E-04,4.48229E-05,-4.29156E-06,4.52998E-05
1722.5,.001,4.43461E-05,9.5368E-06,4.81608E-05
1723,-6.66667E-04,3.24252E-05,-7.62945E-06,3.48093E-05
1723.5,-6.66667E-04,5.72207E-05,-7.62945E-06,6.24661E-05
1724,-.001,6.05586E-05,-2.3842E-05,6.19893E-05
1724.5,-.002,4.10082E-05,-9.5368E-06,4.05314E-05
1725,.002,3.2902E-05,-9.05996E-06,3.09946E-05
1725.5,-.002,1.62126E-05,-1.81199E-05,2.52725E-05
1726,-.001,3.62399E-05,-3.09946E-05,4.91145E-05
1726.5,-.002,3.2902E-05,9.5368E-06,3.48093E-05
1727,6.66667E-04,2.28883E-05,1.04905E-05,1.43052E-05
1727.5,.001,2.9564E-05,-1.90736E-05,4.48229E-05
1728,-.001,5.57902E-05,9.53682E-07,5.43597E-05
1728.5,-.002,2.19346E-05,1.28747E-05,1.85968E-05
1729,-.001,3.24252E-05,-5.72208E-06,3.8624E-05
1729.5,-.001,6.34198E-05,-8.10629E-06,6.38966E-05
1730,.001,2.9564E-05,1.43052E-05,2.9564E-05
1730.5,-.002,1.95504E-05,7.62945E-06,1.76431E-05
1731,-.001,1.38283E-05,-7.15259E-06,1.14442E-05
1731.5,.001,8.58313E-06,0,1.33515E-05
1732,-.001,4.05314E-05,-5.24524E-06,4.62534E-05
1732.5,6.66667E-04,3.71935E-05,-1.81199E-05,3.52862E-05
1733,.001,1.95504E-05,-2.90872E-05,3.67167E-05
1733.5,-.002,3.71935E-05,-1.81199E-05,4.38693E-05
1734,-6.66667E-04,3.67167E-05,-3.33787E-06,3.52862E-05
1734.5,-2.33333E-03,2.71798E-05,-2.19346E-05,3.71935E-05
1735,-6.66667E-04,3.2902E-05,-1.66894E-05,3.48093E-05
1735.5,.001,1.62126E-05,6.19891E-06,1.38283E-05
1736,-.002,8.10629E-06,-1.57357E-05,2.0981E-05
1736.5,-6.66667E-04,3.71935E-05,-2.6703E-05,5.0545E-05
1737,-6.66667E-04,4.38693E-05,-4.7684E-06,4.10082E-05
1737.5,.001,2.86103E-05,-1.90736E-05,3.2902E-05
1738,-6.66667E-04,4.29156E-05,-2.3842E-06,4.29156E-05
1738.5,.001,4.19619E-05,-4.76841E-07,4.00546E-05
1739,-.001,3.91009E-05,-6.67575E-06,4.52998E-05
1739.5,-.002,4.86376E-05,4.7684E-06,5.29292E-05
1740,-.001,5.00681E-05,-5.24524E-06,4.86376E-05
1740.5,-6.66667E-04,4.48229E-05,-3.33787E-06,4.29156E-05
1741,-.002,3.24252E-05,-1.4782E-05,3.95777E-05
1741.5,-6.66667E-04,5.53133E-05,1.52589E-05,5.43597E-05
1742,-.001,4.95913E-05,2.6703E-05,5.96049E-05
1742.5,-.002,4.52998E-05,5.72208E-06,4.43461E-05
1743,6.66667E-04,3.2902E-05,-8.58313E-06,3.09946E-05
1743.5,.002,4.72071E-05,-1.57357E-05,5.10218E-05
1744,-6.66667E-04,5.67439E-05,2.43188E-05,5.86512E-05
1744.5,6.66667E-04,2.3842E-05,6.67575E-06,2.0981E-05
1745,-.001,3.09946E-05,-9.05996E-06,3.71935E-05
1745.5,.001,3.2902E-05,-4.29156E-06,2.86103E-05
1746,.002,2.9564E-05,0,3.09946E-05
1746.5,-6.66667E-04,4.33924E-05,4.76841E-07,3.91009E-05
1747,.001,2.76567E-05,1.09673E-05,2.86103E-05
1747.5,6.66667E-04,2.76567E-05,4.29156E-06,3.24252E-05
1748,.001,3.24252E-05,-1.81199E-05,3.67167E-05
1748.5,6.66667E-04,2.9564E-05,-1.09673E-05,3.09946E-05
1749,6.66667E-04,3.71935E-05,-1.23978E-05,4.52998E-05
1749.5,-.002,3.8624E-05,3.81473E-06,4.14851E-05
1750,-.001,1.52589E-05,1.09673E-05,1.43052E-05
