"c:\users\esrlabn1\desktop\bence\ir_spectroscopy\1000nm_odmr\telecom_avg\076.dat  ---  04-13-2026 17:14:18"
"D4, 800 nm LPF, 90 mW green laser at sample,  20dBm+30dB MW"
"ihr_sweep 1200 1750 0.5 1 2"
"sethpsweeper 20 0 2.87 3.799 ;ihr_setup 0 2 0 2 2 1200     ;                             ;"
"setlockin 188.67 0.004 0 0.1 0.01"
5,1101
1200,.002,6.14598E-03,-8.47343E-04,6.19271E-03
1200.5,-.001,6.12929E-03,-8.75954E-04,6.18985E-03
1201,.001,6.13216E-03,-9.09332E-04,6.20511E-03
1201.5,.001,6.12262E-03,-8.90736E-04,6.18318E-03
1202,-6.66667E-04,6.15028E-03,-.000875,6.22371E-03
1202.5,-.001,6.19033E-03,-8.75954E-04,6.25804E-03
1203,-.001,6.19271E-03,-8.91689E-04,6.25899E-03
1203.5,-6.66667E-04,6.20797E-03,-8.93597E-04,6.27568E-03
1204,-.002,6.22562E-03,-8.8406E-04,6.29142E-03
1204.5,-2.33333E-03,6.24946E-03,-8.69755E-04,6.31049E-03
1205,.001,6.21656E-03,-8.63556E-04,6.27473E-03
1205.5,-.001,6.23754E-03,-8.85013E-04,6.31002E-03
1206,-.001,6.28045E-03,-8.81676E-04,6.34196E-03
1206.5,-.002,6.29619E-03,-8.80245E-04,6.36438E-03
1207,.001,6.30191E-03,-8.78338E-04,6.36294E-03
1207.5,6.66667E-04,6.31717E-03,-9.05041E-04,6.38726E-03
1208,-6.66667E-04,.0063453,-9.10286E-04,6.41492E-03
1208.5,-2.33333E-03,6.36819E-03,-8.85013E-04,6.42684E-03
1209,-5.33333E-03,6.33433E-03,-8.91689E-04,6.39823E-03
1209.5,-6.66667E-04,6.34053E-03,-9.06948E-04,6.41349E-03
1210,.001,6.38059E-03,-8.95027E-04,6.44878E-03
1210.5,-6.66667E-04,6.37916E-03,-8.98842E-04,6.44496E-03
1211,-.001,6.39108E-03,-8.95504E-04,6.45164E-03
1211.5,-.001,6.38679E-03,-9.05041E-04,6.45021E-03
1212,.001,6.40538E-03,-8.99319E-04,6.47452E-03
1212.5,-.001,6.42398E-03,-8.9312E-04,6.47643E-03
1213,6.66667E-04,6.37487E-03,-9.18392E-04,6.43924E-03
1213.5,6.66667E-04,6.36533E-03,-9.20776E-04,6.43638E-03
1214,.002,6.40061E-03,-9.15054E-04,6.47309E-03
1214.5,.001,6.42541E-03,-9.28406E-04,.0064936
1215,.001,6.41492E-03,-9.21253E-04,6.47739E-03
1215.5,6.66667E-04,6.41349E-03,-9.1267E-04,6.47548E-03
1216,.001,6.39537E-03,-8.99795E-04,6.45402E-03
1216.5,-2.33333E-03,6.36581E-03,-8.9312E-04,6.42303E-03
1217,.001,6.36199E-03,-8.92643E-04,6.42493E-03
1217.5,-.001,6.37391E-03,-9.25068E-04,6.44591E-03
1218,-.001,6.36104E-03,-9.24114E-04,.0064235
1218.5,-.002,6.34959E-03,-9.31744E-04,6.41921E-03
1219,-.001,6.35198E-03,-9.19346E-04,6.41826E-03
1219.5,6.66667E-04,6.33672E-03,-9.0218E-04,6.39728E-03
1220,-6.66667E-04,6.32003E-03,-9.03133E-04,.0063782
1220.5,6.66667E-04,6.29094E-03,-8.95981E-04,6.35341E-03
1221,.001,6.29762E-03,-9.00749E-04,6.36294E-03
1221.5,6.66667E-04,.0062919,-9.15054E-04,6.35961E-03
1222,6.66667E-04,6.27759E-03,-9.13147E-04,6.34578E-03
1222.5,-6.66667E-04,6.29428E-03,-9.04087E-04,6.36056E-03
1223,-6.66667E-04,6.28522E-03,-9.05994E-04,.0063453
1223.5,-.001,6.25518E-03,-8.82152E-04,6.31526E-03
1224,-6.66667E-04,6.22514E-03,-8.78338E-04,6.27854E-03
1224.5,-6.66667E-04,6.19987E-03,-8.88351E-04,6.25661E-03
1225,6.66667E-04,6.19271E-03,-9.05994E-04,6.26186E-03
1225.5,-6.66667E-04,6.21608E-03,-8.80245E-04,6.27521E-03
1226,.001,6.19319E-03,-8.75477E-04,6.25136E-03
1226.5,-.002,6.17269E-03,-8.80722E-04,6.22991E-03
1227,.002,6.16983E-03,-8.69755E-04,6.22848E-03
1227.5,-.001,6.14789E-03,-8.71185E-04,6.20416E-03
1228,6.66667E-04,.006125,-8.75954E-04,6.18318E-03
1228.5,6.66667E-04,6.08876E-03,-8.8406E-04,6.15171E-03
1229,-.002,6.08256E-03,-9.02656E-04,6.15123E-03
1229.5,.001,6.08256E-03,-8.73093E-04,6.14217E-03
1230,-.002,6.05872E-03,-8.43052E-04,6.10831E-03
1230.5,-.002,6.03393E-03,-8.57357E-04,6.10259E-03
1231,-.002,.0060468,-8.78338E-04,6.10641E-03
1231.5,.002,6.04156E-03,-8.37807E-04,6.09639E-03
1232,-.001,6.00484E-03,-8.23025E-04,6.05395E-03
1232.5,-.001,5.97432E-03,-8.58787E-04,6.03679E-03
1233,-.001,5.97718E-03,-8.70232E-04,.0060406
1233.5,-6.66667E-04,5.97575E-03,-8.66417E-04,6.03965E-03
1234,-6.66667E-04,5.95286E-03,-8.22548E-04,6.00103E-03
1234.5,-.002,5.92855E-03,-8.45913E-04,5.99197E-03
1235,.002,5.93427E-03,-8.37807E-04,5.98863E-03
1235.5,6.66667E-04,.0058966,-8.30177E-04,5.94857E-03
1236,-6.66667E-04,5.86942E-03,-8.28747E-04,5.92807E-03
1236.5,-6.66667E-04,5.86465E-03,-8.19687E-04,5.91376E-03
1237,-.001,5.83556E-03,-8.09196E-04,5.88563E-03
1237.5,.001,5.82173E-03,-8.09673E-04,5.87752E-03
1238,.001,5.83127E-03,-8.11581E-04,5.88849E-03
1238.5,-2.33333E-03,5.81887E-03,-7.98706E-04,5.86656E-03
1239,.002,5.79169E-03,-7.81063E-04,5.83556E-03
1239.5,-6.66667E-04,5.77119E-03,-7.8297E-04,5.81792E-03
1240,-6.66667E-04,5.74401E-03,-7.92984E-04,5.78406E-03
1240.5,-6.66667E-04,5.71254E-03,-7.78679E-04,5.76022E-03
1241,-.001,5.69394E-03,-7.75341E-04,5.74258E-03
1241.5,-.001,5.67392E-03,-7.82017E-04,5.72732E-03
1242,-6.66667E-04,5.67344E-03,-7.89646E-04,5.73161E-03
1242.5,6.66667E-04,5.64387E-03,-7.87739E-04,5.68298E-03
1243,6.66667E-04,5.58332E-03,-8.02044E-04,5.64197E-03
1243.5,.001,5.59857E-03,-8.07289E-04,.0056558
1244,6.66667E-04,5.56567E-03,-7.9966E-04,5.61288E-03
1244.5,.001,5.53086E-03,-7.95368E-04,5.58427E-03
1245,-2.33333E-03,.005528,-7.75818E-04,5.57664E-03
1245.5,.001,5.50559E-03,-7.7248E-04,5.55328E-03
1246,-.002,.0054951,-7.6342E-04,5.54851E-03
1246.5,-.001,5.48699E-03,-7.73434E-04,.0055342
1247,6.66667E-04,5.47078E-03,-7.97275E-04,5.52657E-03
1247.5,-6.66667E-04,5.48175E-03,-7.89646E-04,5.52991E-03
1248,-.001,5.42167E-03,-7.72003E-04,5.45934E-03
1248.5,-2.33333E-03,5.39497E-03,-7.7248E-04,5.44456E-03
1249,-.001,5.37732E-03,-7.83924E-04,5.43454E-03
1249.5,6.66667E-04,5.39497E-03,-7.71526E-04,5.44789E-03
1250,-6.66667E-04,5.37351E-03,-7.64374E-04,5.42071E-03
1250.5,-6.66667E-04,5.34728E-03,-7.38148E-04,5.39163E-03
1251,.001,5.30961E-03,-7.42439E-04,5.35443E-03
1251.5,6.66667E-04,5.27528E-03,-7.62466E-04,5.33059E-03
1252,-.002,5.28196E-03,-7.30995E-04,5.32392E-03
1252.5,6.66667E-04,5.23666E-03,-7.39101E-04,5.27719E-03
1253,6.66667E-04,5.20137E-03,-7.40055E-04,5.25478E-03
1253.5,-.001,5.21711E-03,-7.34333E-04,5.27003E-03
1254,-.001,5.21901E-03,-7.19551E-04,5.26431E-03
1254.5,-.002,5.19565E-03,-7.19074E-04,5.24095E-03
1255,-3.66667E-03,5.16894E-03,-7.19074E-04,5.21758E-03
1255.5,-.001,5.14606E-03,-7.20982E-04,5.19374E-03
1256,.001,5.11888E-03,-7.19074E-04,5.16894E-03
1256.5,2.33333E-03,5.11268E-03,-6.95709E-04,5.14844E-03
1257,-.002,5.08502E-03,-6.91418E-04,5.13223E-03
1257.5,-6.66667E-04,5.08693E-03,-7.00001E-04,5.12365E-03
1258,-6.66667E-04,5.05641E-03,-6.8951E-04,5.08693E-03
1258.5,-.002,5.01207E-03,-7.05723E-04,5.06166E-03
1259,.001,5.01397E-03,-7.29088E-04,5.06499E-03
1259.5,3.66667E-03,4.99251E-03,-7.12875E-04,5.03924E-03
1260,-6.66667E-04,4.97058E-03,-7.14306E-04,5.01826E-03
1260.5,-.001,4.95866E-03,-7.12875E-04,5.00825E-03
1261,6.66667E-04,4.94865E-03,-7.09061E-04,4.99585E-03
1261.5,.001,.0049043,-7.08107E-04,4.94483E-03
1262,.001,4.87617E-03,-7.22412E-04,4.93339E-03
1262.5,-6.66667E-04,4.88761E-03,-7.29565E-04,4.94197E-03
1263,-6.66667E-04,4.87235E-03,-7.12398E-04,4.91765E-03
1263.5,-.001,4.83611E-03,-6.98093E-04,4.88427E-03
1264,6.66667E-04,4.82562E-03,-6.98093E-04,4.87569E-03
1264.5,-.002,4.82133E-03,-7.12398E-04,.0048776
1265,.002,4.83087E-03,-6.93325E-04,4.87569E-03
1265.5,-6.66667E-04,4.79797E-03,-6.79974E-04,4.83802E-03
1266,-6.66667E-04,4.74837E-03,-7.02385E-04,4.80273E-03
1266.5,.001,4.77698E-03,-6.75682E-04,4.82371E-03
1267,-6.66667E-04,4.77651E-03,-6.50886E-04,4.81465E-03
1267.5,6.66667E-04,4.73836E-03,-6.59946E-04,.0047808
1268,-.001,4.71166E-03,-6.70914E-04,4.75267E-03
1268.5,6.66667E-04,4.68495E-03,-6.58516E-04,4.72835E-03
1269,-6.66667E-04,4.68066E-03,-6.47549E-04,4.72358E-03
1269.5,6.66667E-04,4.65778E-03,-6.39919E-04,4.69068E-03
1270,6.66667E-04,4.65301E-03,-6.20846E-04,4.69497E-03
1270.5,-.001,4.63012E-03,-6.10355E-04,4.66779E-03
1271,-6.66667E-04,4.60866E-03,-6.40873E-04,4.65158E-03
1271.5,-6.66667E-04,4.60961E-03,-6.54701E-04,4.65396E-03
1272,6.66667E-04,4.59102E-03,-6.41827E-04,.0046325
1272.5,6.66667E-04,4.56622E-03,-6.42303E-04,4.61105E-03
1273,-.002,4.57385E-03,-6.3372E-04,4.61772E-03
1273.5,-.002,4.57194E-03,-6.18462E-04,4.61009E-03
1274,6.66667E-04,.0045419,-6.30382E-04,.004581
1274.5,-6.66667E-04,4.49327E-03,-6.44688E-04,4.53046E-03
1275,-6.66667E-04,4.46704E-03,-6.65192E-04,4.52045E-03
1275.5,.001,.0044966,-6.64715E-04,4.55096E-03
1276,6.66667E-04,.004509,-6.66145E-04,4.56908E-03
1276.5,-6.66667E-04,4.51329E-03,-6.87126E-04,4.57528E-03
1277,-6.66667E-04,4.50805E-03,-6.30859E-04,4.54524E-03
1277.5,-.001,4.49231E-03,-6.19892E-04,4.52808E-03
1278,-6.66667E-04,4.43462E-03,-6.1417E-04,4.46752E-03
1278.5,-6.66667E-04,4.40934E-03,-6.18462E-04,.0044494
1279,-6.66667E-04,4.40601E-03,-6.36104E-04,4.45703E-03
1279.5,-2.33333E-03,4.41507E-03,-6.03203E-04,4.44606E-03
1280,-6.66667E-04,4.37596E-03,-5.84606E-04,4.41077E-03
1280.5,-.001,4.37167E-03,-6.0368E-04,4.42269E-03
1281,-.002,4.39695E-03,-6.09402E-04,.004437
1281.5,-.001,4.37263E-03,-6.01295E-04,4.41363E-03
1282,-6.66667E-04,4.34831E-03,-6.09878E-04,4.38836E-03
1282.5,-6.66667E-04,4.33066E-03,-6.12263E-04,4.37263E-03
1283,-.001,4.33114E-03,-6.21799E-04,4.37883E-03
1283.5,2.33333E-03,4.34545E-03,-6.2466E-04,4.39265E-03
1284,-6.66667E-04,4.33972E-03,-6.13693E-04,.0043793
1284.5,-6.66667E-04,4.33782E-03,-5.95096E-04,4.38645E-03
1285,-6.66667E-04,4.33972E-03,-5.92712E-04,4.37263E-03
1285.5,-6.66667E-04,4.30062E-03,-6.01772E-04,.004334
1286,6.66667E-04,4.26772E-03,-5.88421E-04,4.30205E-03
1286.5,-.001,4.26009E-03,-6.0368E-04,4.30444E-03
1287,-3.66667E-03,4.27011E-03,-6.17985E-04,4.31064E-03
1287.5,-.002,4.27535E-03,-5.93189E-04,4.31445E-03
1288,-.002,4.25008E-03,-5.80791E-04,4.28823E-03
1288.5,6.66667E-04,4.24245E-03,-5.83176E-04,4.28107E-03
1289,-.002,4.24913E-03,-5.89374E-04,4.29061E-03
1289.5,-6.66667E-04,4.23768E-03,-5.89374E-04,.0042744
1290,6.66667E-04,4.20478E-03,-5.87467E-04,4.24197E-03
1290.5,6.66667E-04,4.17712E-03,-5.92712E-04,4.21908E-03
1291,-6.66667E-04,4.18189E-03,-6.10355E-04,4.22767E-03
1291.5,-6.66667E-04,4.20478E-03,-6.23707E-04,4.25532E-03
1292,-.002,4.19763E-03,-6.17985E-04,.0042434
1292.5,-6.66667E-04,4.19906E-03,-6.09878E-04,4.24293E-03
1293,-.001,4.17379E-03,-6.2466E-04,4.22004E-03
1293.5,-.001,4.18618E-03,-5.97004E-04,4.22671E-03
1294,-.002,4.15185E-03,-.0005765,4.19047E-03
1294.5,-.001,4.16568E-03,-5.9462E-04,4.21193E-03
1295,.001,4.16997E-03,-5.70301E-04,4.20573E-03
1295.5,.001,4.15137E-03,-5.72685E-04,4.18618E-03
1296,-.001,4.13278E-03,-6.00342E-04,4.18237E-03
1296.5,-6.66667E-04,4.15185E-03,-6.00342E-04,4.19524E-03
1297,2.33333E-03,4.14279E-03,-5.71731E-04,.0041838
1297.5,-3.66667E-03,4.14708E-03,-5.6744E-04,4.18809E-03
1298,-6.66667E-04,4.15471E-03,-5.76977E-04,.0041962
1298.5,-.001,4.14899E-03,-5.78407E-04,4.18523E-03
1299,-.002,4.12944E-03,-5.97004E-04,4.17235E-03
1299.5,-.001,4.14136E-03,-6.18938E-04,4.19286E-03
1300,.001,4.15042E-03,-5.91759E-04,4.19047E-03
1300.5,-6.66667E-04,4.14136E-03,-5.66963E-04,4.18141E-03
1301,-.002,4.14327E-03,-5.80315E-04,4.18809E-03
1301.5,-.002,4.16568E-03,-5.95096E-04,4.20859E-03
1302,6.66667E-04,4.16234E-03,-5.89851E-04,4.20287E-03
1302.5,.001,4.17808E-03,-5.8699E-04,4.21908E-03
1303,.001,4.16997E-03,-5.81745E-04,4.20812E-03
1303.5,-.002,4.17092E-03,-5.76977E-04,4.21527E-03
1304,-6.66667E-04,.004159,-5.93666E-04,4.19763E-03
1304.5,-6.66667E-04,4.15471E-03,-6.22753E-04,4.20812E-03
1305,-6.66667E-04,4.17331E-03,-5.88421E-04,4.21003E-03
1305.5,.001,4.15137E-03,-5.77454E-04,4.18475E-03
1306,.001,4.13468E-03,-5.85083E-04,4.17903E-03
1306.5,-6.66667E-04,4.14708E-03,-5.84129E-04,4.19047E-03
1307,-.001,4.16091E-03,-5.8556E-04,.0042024
1307.5,-6.66667E-04,4.15328E-03,-5.78407E-04,4.19143E-03
1308,2.33333E-03,4.15137E-03,-5.84129E-04,4.19286E-03
1308.5,6.66667E-04,4.14565E-03,-6.02726E-04,4.18475E-03
1309,-.002,4.14184E-03,-5.97004E-04,4.18046E-03
1309.5,-.001,4.12276E-03,-6.00819E-04,4.16902E-03
1310,-6.66667E-04,4.15328E-03,-5.9605E-04,4.20335E-03
1310.5,.001,4.17045E-03,-5.83652E-04,4.20526E-03
1311,.002,.0041323,-5.90805E-04,.0041714
1311.5,2.33333E-03,4.13039E-03,-6.04633E-04,4.17903E-03
1312,-.002,4.13612E-03,-5.89374E-04,4.17474E-03
1312.5,-.001,.004118,-5.83176E-04,4.15757E-03
1313,-.002,.0040994,-5.9605E-04,4.13898E-03
1313.5,-6.66667E-04,4.08843E-03,-5.90805E-04,4.13468E-03
1314,-6.66667E-04,.0040932,-5.68394E-04,4.13564E-03
1314.5,-.002,4.10512E-03,-5.89374E-04,4.14804E-03
1315,.001,4.10321E-03,-5.86037E-04,4.14231E-03
1315.5,-.002,4.09463E-03,-5.65533E-04,.0041261
1316,.001,4.06507E-03,-5.52658E-04,4.10321E-03
1316.5,-6.66667E-04,4.06745E-03,-5.72685E-04,.0041056
1317,-6.66667E-04,4.06173E-03,-5.81745E-04,4.10321E-03
1317.5,.001,4.05028E-03,-5.76023E-04,4.08843E-03
1318,-.002,4.02883E-03,-5.65056E-04,4.06268E-03
1318.5,-.001,.0040274,-5.6744E-04,.0040684
1319,-6.66667E-04,4.03026E-03,-5.84606E-04,.0040746
1319.5,-.001,4.01881E-03,-5.82699E-04,4.05648E-03
1320,.001,3.99306E-03,-5.57426E-04,4.02454E-03
1320.5,-6.66667E-04,3.96922E-03,-5.80315E-04,4.01643E-03
1321,-.002,3.98543E-03,-5.70301E-04,4.02597E-03
1321.5,6.66667E-04,3.96541E-03,-5.55996E-04,3.99831E-03
1322,.001,3.94061E-03,-5.45982E-04,3.97542E-03
1322.5,6.66667E-04,3.91725E-03,-5.61718E-04,3.95158E-03
1323,.002,3.90245E-03,-5.61718E-04,3.94395E-03
1323.5,-6.66667E-04,3.91439E-03,-5.56473E-04,3.95396E-03
1324,-.001,.0038953,-5.44075E-04,3.92392E-03
1324.5,-.004,3.86621E-03,-5.48366E-04,3.90293E-03
1325,-6.66667E-04,3.85238E-03,-5.48366E-04,3.89196E-03
1325.5,-2.33333E-03,3.84714E-03,-5.44075E-04,3.88671E-03
1326,-6.66667E-04,3.85095E-03,-5.4932E-04,3.88815E-03
1326.5,-6.66667E-04,.0038233,-5.50751E-04,3.85667E-03
1327,6.66667E-04,3.80041E-03,-5.57903E-04,3.83808E-03
1327.5,-.001,3.81042E-03,-5.6887E-04,.00385
1328,.001,3.79421E-03,-5.50751E-04,3.83045E-03
1328.5,-2.33333E-03,.0037594,-5.40737E-04,3.79802E-03
1329,-6.66667E-04,3.75082E-03,-5.24048E-04,3.78372E-03
1329.5,.001,3.73746E-03,-4.97822E-04,3.77227E-03
1330,-.002,3.74033E-03,-5.26909E-04,3.77561E-03
1330.5,.001,3.72268E-03,-5.4026E-04,3.75845E-03
1331,-6.66667E-04,3.71076E-03,-5.42644E-04,3.74843E-03
1331.5,-6.66667E-04,3.68597E-03,-5.36446E-04,3.71505E-03
1332,-6.66667E-04,3.65545E-03,-5.29293E-04,3.69169E-03
1332.5,.001,3.64734E-03,-5.35015E-04,3.68406E-03
1333,.001,3.62732E-03,-5.04021E-04,3.66165E-03
1333.5,-.002,3.60109E-03,-4.88762E-04,3.62875E-03
1334,.002,3.57439E-03,-5.04021E-04,3.61063E-03
1334.5,-.001,3.58631E-03,-5.1165E-04,3.62636E-03
1335,-.001,3.56866E-03,-5.08789E-04,3.60109E-03
1335.5,-.001,3.55579E-03,-4.98299E-04,3.58869E-03
1336,-6.66667E-04,3.54435E-03,-5.04021E-04,3.58011E-03
1336.5,-.002,3.53338E-03,-5.30723E-04,3.57153E-03
1337,.001,3.50668E-03,-5.02113E-04,3.53719E-03
1337.5,.001,3.48808E-03,-4.71117E-04,3.51144E-03
1338,-6.66667E-04,3.44755E-03,-5.07835E-04,3.48617E-03
1338.5,6.66667E-04,3.44993E-03,-5.0116E-04,3.48426E-03
1339,-.001,3.44659E-03,-4.85422E-04,3.47473E-03
1339.5,-6.66667E-04,3.42466E-03,-.0004797,3.45041E-03
1340,-.001,3.38842E-03,-4.83038E-04,3.41751E-03
1340.5,-.001,3.37936E-03,-4.77316E-04,3.40845E-03
1341,6.66667E-04,3.36124E-03,-4.82084E-04,3.39939E-03
1341.5,6.66667E-04,.0033498,-4.60627E-04,3.37602E-03
1342,-.002,3.32309E-03,-4.65395E-04,3.34693E-03
1342.5,-.001,3.29114E-03,-4.65395E-04,.003325
1343,-6.66667E-04,3.28876E-03,-4.76362E-04,3.32405E-03
1343.5,-6.66667E-04,3.29353E-03,-4.72071E-04,3.32834E-03
1344,-6.66667E-04,3.27207E-03,-4.63488E-04,3.30354E-03
1344.5,-6.66667E-04,3.24394E-03,-4.48706E-04,3.26778E-03
1345,.001,3.21819E-03,-4.36785E-04,3.24394E-03
1345.5,-.001,3.17718E-03,-4.5252E-04,3.20627E-03
1346,6.66667E-04,3.16145E-03,-4.62057E-04,3.18719E-03
1346.5,.002,3.13427E-03,-4.46798E-04,3.16621E-03
1347,-.001,3.11615E-03,-4.32493E-04,3.13903E-03
1347.5,-.002,3.09135E-03,-4.26771E-04,3.11805E-03
1348,-.001,3.07275E-03,-4.47275E-04,3.09993E-03
1348.5,.002,3.07275E-03,-4.34877E-04,.0030985
1349,.001,3.06036E-03,-4.25341E-04,3.08706E-03
1349.5,-6.66667E-04,3.00838E-03,-4.07221E-04,3.02412E-03
1350,-.002,2.96308E-03,-4.23433E-04,2.99169E-03
1350.5,-.002,2.95879E-03,-4.28678E-04,2.98549E-03
1351,-6.66667E-04,2.93781E-03,-4.17711E-04,.0029688
1351.5,-2.33333E-03,2.91015E-03,-4.15327E-04,2.93638E-03
1352,.001,2.87773E-03,-4.25817E-04,2.90586E-03
1352.5,.001,2.87344E-03,-4.18665E-04,2.90157E-03
1353,-.002,2.85102E-03,-3.97684E-04,2.87153E-03
1353.5,.001,2.83147E-03,-3.93869E-04,2.85436E-03
1354,6.66667E-04,.0028124,-3.87194E-04,2.83338E-03
1354.5,-.001,2.77664E-03,-3.6669E-04,2.79571E-03
1355,.001,2.75137E-03,-3.82425E-04,2.76949E-03
1355.5,.002,2.71274E-03,-3.94346E-04,2.73515E-03
1356,-.001,2.69939E-03,-3.93869E-04,.002728
1356.5,-6.66667E-04,2.69319E-03,-3.80995E-04,.0027137
1357,-6.66667E-04,2.65028E-03,-3.75273E-04,2.67078E-03
1357.5,-.001,2.61499E-03,-3.6812E-04,2.63692E-03
1358,-6.66667E-04,2.59878E-03,-3.77657E-04,2.62214E-03
1358.5,6.66667E-04,2.58256E-03,-3.66213E-04,2.60879E-03
1359,-.001,2.56349E-03,-3.80041E-04,2.58876E-03
1359.5,-.001,2.56111E-03,-3.80995E-04,.0025921
1360,6.66667E-04,2.54871E-03,-3.53338E-04,2.56111E-03
1360.5,-.001,2.49006E-03,-3.67643E-04,2.51199E-03
1361,-.002,2.49387E-03,-3.80995E-04,2.53011E-03
1361.5,-6.66667E-04,.0025139,-3.54769E-04,2.53154E-03
1362,-.001,2.47575E-03,-3.54769E-04,2.49149E-03
1362.5,6.66667E-04,2.43093E-03,-3.3951E-04,2.45048E-03
1363,-6.66667E-04,.002409,-3.35218E-04,2.43141E-03
1363.5,-6.66667E-04,2.42807E-03,-3.46186E-04,2.45334E-03
1364,6.66667E-04,.0024419,-3.32357E-04,2.45668E-03
1364.5,-2.33333E-03,2.40375E-03,-3.23774E-04,2.41615E-03
1365,-.001,2.36608E-03,-3.32834E-04,2.38229E-03
1365.5,.001,2.35511E-03,-3.58107E-04,2.38468E-03
1366,-.001,2.36751E-03,-3.51431E-04,2.38945E-03
1366.5,-.001,2.34748E-03,-3.3045E-04,2.36608E-03
1367,6.66667E-04,2.33985E-03,-3.04701E-04,2.35941E-03
1367.5,-6.66667E-04,2.32412E-03,-3.13761E-04,2.34176E-03
1368,6.66667E-04,2.30314E-03,-3.34742E-04,2.32698E-03
1368.5,-.001,2.30123E-03,-3.2139E-04,.0023203
1369,-.002,.0022855,-2.99456E-04,2.29789E-03
1369.5,6.66667E-04,2.24735E-03,-3.10423E-04,2.26785E-03
1370,-6.66667E-04,2.25212E-03,-3.25205E-04,2.28025E-03
1370.5,.001,2.26451E-03,-3.23774E-04,2.28788E-03
1371,-.002,2.24639E-03,-3.23297E-04,2.26976E-03
1371.5,.001,2.23209E-03,-3.28066E-04,.0022545
1372,.001,.0022545,-3.2139E-04,2.27834E-03
1372.5,-6.66667E-04,2.22112E-03,-3.02793E-04,2.22875E-03
1373,-.002,2.17773E-03,-3.1233E-04,2.19347E-03
1373.5,-6.66667E-04,2.17296E-03,-3.03747E-04,.0021949
1374,-.002,2.17439E-03,-2.90396E-04,2.18393E-03
1374.5,6.66667E-04,2.15246E-03,-2.96595E-04,2.16819E-03
1375,2.33333E-03,2.13815E-03,-3.0184E-04,2.15961E-03
1375.5,-6.66667E-04,2.14578E-03,-3.20436E-04,2.16438E-03
1376,-.002,2.12337E-03,-3.14238E-04,2.13958E-03
1376.5,-6.66667E-04,2.10907E-03,-2.96595E-04,2.12623E-03
1377,-6.66667E-04,2.08904E-03,-2.97071E-04,.0021105
1377.5,.001,2.08618E-03,-2.96118E-04,.0021043
1378,6.66667E-04,2.07473E-03,-2.91826E-04,2.09238E-03
1378.5,.001,2.04422E-03,-2.7323E-04,2.05661E-03
1379,-.001,2.02037E-03,-2.72753E-04,2.03325E-03
1379.5,-.001,1.99081E-03,-2.91826E-04,2.01656E-03
1380,-.002,1.98413E-03,-3.08516E-04,2.01084E-03
1380.5,.002,.0019951,-2.82766E-04,2.01179E-03
1381,-.001,1.96697E-03,-2.71799E-04,1.98127E-03
1381.5,.001,1.94741E-03,-2.89442E-04,1.96411E-03
1382,-6.66667E-04,1.92977E-03,-2.79905E-04,.0019455
1382.5,-.002,1.91546E-03,-2.61785E-04,1.93167E-03
1383,-.002,1.90879E-03,-2.57494E-04,1.92691E-03
1383.5,-2.33333E-03,1.90926E-03,-2.68461E-04,1.93167E-03
1384,-.002,1.91546E-03,-2.67984E-04,1.93406E-03
1384.5,6.66667E-04,1.89353E-03,-2.58924E-04,1.90736E-03
1385,-.002,1.87016E-03,-2.56063E-04,1.88685E-03
1385.5,-6.66667E-04,1.84584E-03,-2.73706E-04,1.86349E-03
1386,-6.66667E-04,1.85777E-03,-2.7323E-04,1.88542E-03
1386.5,-.001,.001894,-2.43665E-04,.0019045
1387,-.002,1.85729E-03,-2.25068E-04,1.86063E-03
1387.5,-.002,1.82486E-03,-2.48434E-04,1.84727E-03
1388,6.66667E-04,.0018344,-2.47957E-04,1.85014E-03
1388.5,-.002,1.81056E-03,-2.25068E-04,1.81676E-03
1389,.001,1.77527E-03,-2.61785E-04,1.79435E-03
1389.5,-6.66667E-04,.0017748,-2.70369E-04,1.80436E-03
1390,-.002,1.79673E-03,-2.54156E-04,1.81342E-03
1390.5,-.002,1.79148E-03,-2.50341E-04,.0018015
1391,-.002,1.76049E-03,-2.59401E-04,.0017748
1391.5,6.66667E-04,1.72663E-03,-2.69415E-04,1.74809E-03
1392,-6.66667E-04,.0017376,-2.61785E-04,1.75763E-03
1392.5,6.66667E-04,.0017376,-2.2936E-04,1.75048E-03
1393,-.001,1.71376E-03,-2.41757E-04,1.72807E-03
1393.5,-.002,1.69516E-03,-2.52726E-04,1.71424E-03
1394,-.001,.0016861,-2.57494E-04,1.70804E-03
1394.5,-6.66667E-04,1.68706E-03,-2.32697E-04,1.69946E-03
1395,-6.66667E-04,1.65177E-03,-2.24114E-04,1.65845E-03
1395.5,-.001,1.62602E-03,-2.25068E-04,1.64367E-03
1396,-6.66667E-04,.0016408,-2.32697E-04,.0016532
1396.5,-6.66667E-04,1.64319E-03,-2.22207E-04,1.65845E-03
1397,6.66667E-04,1.61982E-03,-2.02657E-04,1.62841E-03
1397.5,-6.66667E-04,.0015874,-1.95504E-04,1.59884E-03
1398,.001,1.59884E-03,-2.07425E-04,1.61172E-03
1398.5,6.66667E-04,1.59264E-03,-2.05041E-04,1.60552E-03
1399,-.001,1.58549E-03,-2.13147E-04,.0015955
1399.5,6.66667E-04,1.57786E-03,-2.24114E-04,1.58978E-03
1400,-6.66667E-04,1.57643E-03,-2.5511E-04,1.60313E-03
1400.5,-.002,1.59121E-03,-2.22684E-04,1.60218E-03
1401,.001,1.55164E-03,-.0002203,.0015626
1401.5,-.001,1.53781E-03,-2.18392E-04,1.55354E-03
1402,6.66667E-04,1.53256E-03,-2.13624E-04,1.54687E-03
1402.5,6.66667E-04,.0015359,-2.01226E-04,1.54687E-03
1403,-6.66667E-04,1.52446E-03,-2.05995E-04,1.53495E-03
1403.5,-6.66667E-04,1.50681E-03,-2.04087E-04,1.51921E-03
1404,6.66667E-04,1.48202E-03,-2.15531E-04,1.49728E-03
1404.5,-6.66667E-04,1.48536E-03,-2.25068E-04,1.49632E-03
1405,-.002,1.47057E-03,-1.99796E-04,1.48583E-03
1405.5,.001,1.47582E-03,-1.9455E-04,1.48822E-03
1406,-.001,1.48297E-03,-2.01703E-04,1.49251E-03
1406.5,-.001,1.47486E-03,-2.02657E-04,1.47868E-03
1407,-6.66667E-04,1.44387E-03,-2.09809E-04,1.45484E-03
1407.5,.001,1.44912E-03,-2.07425E-04,1.46342E-03
1408,-6.66667E-04,1.42957E-03,-1.98842E-04,1.43386E-03
1408.5,-6.66667E-04,1.39857E-03,-2.00749E-04,1.40286E-03
1409,-.001,1.38045E-03,-2.2173E-04,1.40382E-03
1409.5,-.002,.0014062,-2.24114E-04,1.42289E-03
1410,-.001,1.39523E-03,-1.83583E-04,1.40143E-03
1410.5,6.66667E-04,1.36424E-03,-1.95981E-04,1.37759E-03
1411,-.001,1.36424E-03,-2.09332E-04,1.38474E-03
1411.5,-6.66667E-04,1.37521E-03,-2.01226E-04,1.38665E-03
1412,-.002,1.35279E-03,-1.94074E-04,1.35995E-03
1412.5,-.002,.0013342,-1.62602E-04,1.34517E-03
1413,-.001,1.33611E-03,-1.75954E-04,1.34278E-03
1413.5,-.002,1.31179E-03,-1.90736E-04,1.32514E-03
1414,-3.66667E-03,.0013218,-1.90736E-04,1.33754E-03
1414.5,-.002,1.32895E-03,-1.89782E-04,1.34421E-03
1415,-6.66667E-04,1.31655E-03,-.000175,1.32418E-03
1415.5,-.001,1.30988E-03,-1.65463E-04,1.31417E-03
1416,.002,1.28985E-03,-1.9312E-04,1.30845E-03
1416.5,-.001,1.29414E-03,-1.83583E-04,.0013032
1417,-.002,1.29224E-03,-1.66417E-04,.0013032
1417.5,-6.66667E-04,1.26363E-03,-1.83583E-04,1.26792E-03
1418,-6.66667E-04,1.22548E-03,-1.91689E-04,1.23978E-03
1418.5,-6.66667E-04,1.23311E-03,-1.77861E-04,1.24789E-03
1419,6.66667E-04,1.22786E-03,-1.50681E-04,1.22834E-03
1419.5,.001,1.20927E-03,-1.48297E-04,.0012107
1420,6.66667E-04,1.19258E-03,-1.69755E-04,1.20497E-03
1420.5,-6.66667E-04,1.19401E-03,-1.89782E-04,1.21022E-03
1421,-6.66667E-04,1.21403E-03,-1.92643E-04,1.23215E-03
1421.5,6.66667E-04,1.20545E-03,-1.85491E-04,1.21547E-03
1422,-6.66667E-04,1.19019E-03,-1.67371E-04,.0011983
1422.5,.001,1.17541E-03,-1.66417E-04,1.18256E-03
1423,6.66667E-04,1.17017E-03,-1.91689E-04,1.18018E-03
1423.5,-.001,1.16826E-03,-1.83583E-04,1.18304E-03
1424,-.001,.0011716,-1.45436E-04,.0011716
1424.5,.001,1.14346E-03,-1.53542E-04,1.15014E-03
1425,.002,1.14823E-03,-1.5545E-04,1.16587E-03
1425.5,-.002,1.17017E-03,-1.51635E-04,1.17207E-03
1426,6.66667E-04,1.11819E-03,-1.51635E-04,1.12057E-03
1426.5,-2.33333E-03,1.09435E-03,-1.54496E-04,1.10818E-03
1427,-.002,1.11581E-03,-1.67371E-04,1.12582E-03
1427.5,-6.66667E-04,1.09959E-03,-1.46867E-04,1.10675E-03
1428,-.001,1.08529E-03,-1.37807E-04,1.09816E-03
1428.5,-6.66667E-04,1.08147E-03,-1.6594E-04,1.09721E-03
1429,-.002,1.09006E-03,-1.89305E-04,1.10532E-03
1429.5,-.001,1.08958E-03,-1.73093E-04,1.10341E-03
1430,-.001,1.06717E-03,-1.4639E-04,1.07289E-03
1430.5,-.001,1.05572E-03,-1.43052E-04,1.06383E-03
1431,-6.66667E-04,1.05382E-03,-1.44959E-04,1.06574E-03
1431.5,-6.66667E-04,1.07194E-03,-1.34946E-04,1.08243E-03
1432,.001,1.05048E-03,-1.21594E-04,.0010562
1432.5,6.66667E-04,1.05191E-03,-1.17302E-04,1.05334E-03
1433,6.66667E-04,1.01043E-03,-1.53542E-04,1.02425E-03
1433.5,-6.66667E-04,1.03522E-03,-1.55927E-04,1.05334E-03
1434,-.002,1.04571E-03,-1.3733E-04,.0010438
1434.5,6.66667E-04,1.00756E-03,-1.24455E-04,1.01233E-03
1435,-6.66667E-04,1.00423E-03,-1.40668E-04,1.01472E-03
1435.5,6.66667E-04,1.00327E-03,-1.57357E-04,1.01233E-03
1436,-.001,9.96597E-04,-1.34946E-04,.0010109
1436.5,-.001,1.00804E-03,-1.40668E-04,1.01662E-03
1437,-2.33333E-03,1.00184E-03,-1.48297E-04,1.01233E-03
1437.5,-.001,9.6846E-04,-1.33038E-04,9.66553E-04
1438,.001,9.35081E-04,-1.33038E-04,9.43188E-04
1438.5,.001,9.58923E-04,-1.48297E-04,9.75136E-04
1439,6.66667E-04,9.61307E-04,-1.29224E-04,9.67983E-04
1439.5,.001,9.48433E-04,-1.21117E-04,9.52248E-04
1440,6.66667E-04,9.37466E-04,-1.37807E-04,9.46525E-04
1440.5,-6.66667E-04,9.28883E-04,-1.4782E-04,9.39373E-04
1441,-6.66667E-04,9.22207E-04,-1.32085E-04,9.28883E-04
1441.5,-6.66667E-04,8.95504E-04,-9.44142E-05,8.95504E-04
1442,.001,8.86921E-04,-1.3733E-04,9.03133E-04
1442.5,6.66667E-04,8.96934E-04,-1.39237E-04,9.16485E-04
1443,-.002,9.36035E-04,-1.42098E-04,9.49863E-04
1443.5,.001,9.16962E-04,-1.23025E-04,9.17438E-04
1444,.001,8.86921E-04,-1.09673E-04,8.98842E-04
1444.5,2.33333E-03,9.0218E-04,-1.38284E-04,9.10763E-04
1445,-.001,8.96934E-04,-1.39714E-04,9.04564E-04
1445.5,6.66667E-04,8.93597E-04,-1.15872E-04,9.04087E-04
1446,-.002,.000875,-1.08719E-04,8.78815E-04
1446.5,-.001,8.59264E-04,-1.30654E-04,8.67371E-04
1447,-.001,8.64509E-04,-1.31131E-04,8.80722E-04
1447.5,-6.66667E-04,8.60695E-04,-1.17779E-04,8.62602E-04
1448,.001,8.29224E-04,-1.28747E-04,8.35422E-04
1448.5,-6.66667E-04,8.26363E-04,-1.33038E-04,8.34469E-04
1449,6.66667E-04,8.26839E-04,-1.02997E-04,8.34946E-04
1449.5,-6.66667E-04,8.28747E-04,-1.03474E-04,8.36376E-04
1450,6.66667E-04,8.15395E-04,-1.00136E-04,8.14918E-04
1450.5,6.66667E-04,8.18256E-04,-1.03951E-04,8.2064E-04
1451,-6.66667E-04,7.89169E-04,-1.02997E-04,7.95845E-04
1451.5,6.66667E-04,7.87262E-04,-1.35423E-04,8.04428E-04
1452,-.001,8.11581E-04,-1.05381E-04,8.17779E-04
1452.5,-2.33333E-03,7.81063E-04,-1.02997E-04,7.8297E-04
1453,-6.66667E-04,7.60559E-04,-9.10764E-05,7.64851E-04
1453.5,-6.66667E-04,7.67235E-04,-9.82289E-05,7.79156E-04
1454,6.66667E-04,7.89169E-04,-1.11104E-04,7.93938E-04
1454.5,-6.66667E-04,7.79156E-04,-9.58447E-05,7.84878E-04
1455,6.66667E-04,7.73434E-04,-9.82289E-05,7.80586E-04
1455.5,-6.66667E-04,7.78202E-04,-1.09196E-04,7.83924E-04
1456,-.001,7.7248E-04,-1.14441E-04,7.77248E-04
1456.5,-.001,7.59605E-04,-1.08719E-04,7.62943E-04
1457,6.66667E-04,7.33379E-04,-9.91826E-05,7.3481E-04
1457.5,-.001,7.28134E-04,-1.06335E-04,7.36717E-04
1458,-.001,7.35287E-04,-1.16349E-04,7.44347E-04
1458.5,.001,7.44823E-04,-1.21117E-04,7.57221E-04
1459,.001,7.62943E-04,-1.04905E-04,7.7391E-04
1459.5,.001,7.82494E-04,-9.25069E-05,7.81063E-04
1460,-3.66667E-03,7.42916E-04,-1.02997E-04,7.42916E-04
1460.5,-.002,7.40055E-04,-1.1015E-04,7.46254E-04
1461,6.66667E-04,7.40532E-04,-8.53543E-05,7.35763E-04
1461.5,6.66667E-04,7.10491E-04,-1.21117E-04,7.22889E-04
1462,-6.66667E-04,7.1812E-04,-1.13011E-04,7.28611E-04
1462.5,-.002,7.15736E-04,-8.3447E-05,7.20982E-04
1463,-.001,7.03815E-04,-1.06812E-04,7.0763E-04
1463.5,-2.33333E-03,6.6996E-04,-9.82289E-05,6.79497E-04
1464,6.66667E-04,6.94279E-04,-9.67984E-05,6.9857E-04
1464.5,-.002,6.89033E-04,-8.01091E-05,6.88557E-04
1465,-.002,6.69483E-04,-8.48775E-05,6.74251E-04
1465.5,-2.33333E-03,6.71867E-04,-1.21117E-04,6.88557E-04
1466,-3.66667E-03,6.78543E-04,-1.29701E-04,6.91894E-04
1466.5,6.66667E-04,6.66622E-04,-1.07289E-04,6.75205E-04
1467,6.66667E-04,6.49933E-04,-7.91554E-05,6.56608E-04
1467.5,6.66667E-04,6.60423E-04,-9.01227E-05,6.66145E-04
1468,-.001,6.65192E-04,-9.39374E-05,6.73775E-04
1468.5,-.002,6.50886E-04,-8.77385E-05,6.54224E-04
1469,-.002,6.27521E-04,-8.48775E-05,6.35151E-04
1469.5,6.66667E-04,6.40873E-04,-1.1158E-04,6.5184E-04
1470,.001,6.34674E-04,-8.29701E-05,6.38489E-04
1470.5,6.66667E-04,6.3372E-04,-7.34334E-05,6.35628E-04
1471,-.002,6.10832E-04,-6.62808E-05,6.12263E-04
1471.5,.002,5.98911E-04,-1.11104E-04,6.05587E-04
1472,-6.66667E-04,6.00819E-04,-1.05381E-04,6.1417E-04
1472.5,-6.66667E-04,6.04156E-04,-8.10628E-05,6.07017E-04
1473,-6.66667E-04,5.91282E-04,-9.77521E-05,5.96527E-04
1473.5,-2.33333E-03,5.93666E-04,-1.00136E-04,6.07494E-04
1474,-.001,6.05587E-04,-8.20165E-05,6.01295E-04
1474.5,-6.66667E-04,5.88421E-04,-8.77385E-05,5.98434E-04
1475,.001,5.97958E-04,-8.67848E-05,6.07494E-04
1475.5,-.001,6.01295E-04,-7.20029E-05,6.04156E-04
1476,.001,5.97004E-04,-6.91419E-05,5.97958E-04
1476.5,-6.66667E-04,5.82222E-04,-8.24933E-05,5.93189E-04
1477,-6.66667E-04,5.9605E-04,-9.63216E-05,6.01295E-04
1477.5,-6.66667E-04,5.93666E-04,-6.8665E-05,5.9462E-04
1478,-.001,5.99865E-04,-5.57902E-05,5.99865E-04
1478.5,6.66667E-04,5.76023E-04,-4.76839E-05,5.75546E-04
1479,6.66667E-04,5.49797E-04,-5.24523E-05,5.55042E-04
1479.5,-.001,.0005765,-7.20029E-05,5.83176E-04
1480,-2.33333E-03,5.61718E-04,-7.62944E-05,5.61241E-04
1480.5,6.66667E-04,5.3883E-04,-8.05859E-05,5.46936E-04
1481,.001,5.41691E-04,-1.08243E-04,5.53612E-04
1481.5,-6.66667E-04,5.33585E-04,-7.24797E-05,5.34061E-04
1482,6.66667E-04,5.27862E-04,-5.43597E-05,5.34538E-04
1482.5,-.001,5.30723E-04,-5.53133E-05,5.34538E-04
1483,-.002,5.21664E-04,-6.67577E-05,5.24525E-04
1483.5,-6.66667E-04,5.23571E-04,-5.29292E-05,5.27862E-04
1484,-.002,5.28816E-04,-5.9128E-05,5.29293E-04
1484.5,-.002,4.90669E-04,-8.96459E-05,4.96868E-04
1485,-.002,5.00683E-04,-9.15532E-05,5.11173E-04
1485.5,.001,5.08789E-04,-4.29156E-05,5.09266E-04
1486,-6.66667E-04,5.06882E-04,-7.43871E-05,5.08312E-04
1486.5,-6.66667E-04,4.94484E-04,-9.39374E-05,5.06882E-04
1487,-.001,4.97822E-04,-9.87058E-05,5.11173E-04
1487.5,-2.33333E-03,5.06882E-04,-7.34334E-05,5.11173E-04
1488,-.001,5.06882E-04,-5.6267E-05,5.11173E-04
1488.5,-.001,5.18326E-04,-6.24661E-05,5.2977E-04
1489,6.66667E-04,5.17372E-04,-7.34334E-05,5.16418E-04
1489.5,-.001,4.83992E-04,-5.96049E-05,4.84468E-04
1490,-.001,4.75409E-04,-7.05724E-05,4.84468E-04
1490.5,-6.66667E-04,4.92577E-04,-8.05859E-05,5.02113E-04
1491,.001,4.82084E-04,-6.8665E-05,4.86376E-04
1491.5,-6.66667E-04,4.70163E-04,-6.8665E-05,4.74932E-04
1492,6.66667E-04,4.67302E-04,-8.10628E-05,4.73024E-04
1492.5,-6.66667E-04,4.81131E-04,-8.67848E-05,4.92577E-04
1493,-.002,4.82561E-04,-6.62808E-05,4.83515E-04
1493.5,6.66667E-04,4.6015E-04,-7.43871E-05,4.65872E-04
1494,-.001,4.72547E-04,-7.67712E-05,4.80177E-04
1494.5,-6.66667E-04,4.6921E-04,-6.8665E-05,4.68256E-04
1495,.001,4.4203E-04,-7.53407E-05,4.47752E-04
1495.5,-.002,4.38215E-04,-8.20165E-05,4.45368E-04
1496,-3.66667E-03,4.41553E-04,-7.96323E-05,4.50136E-04
1496.5,6.66667E-04,4.49182E-04,-5.67439E-05,4.48706E-04
1497,.001,4.45368E-04,-6.72345E-05,4.50613E-04
1497.5,-.001,4.5252E-04,-7.10492E-05,4.62534E-04
1498,-.002,4.54905E-04,-4.67303E-05,4.5252E-04
1498.5,6.66667E-04,4.42507E-04,-4.52998E-05,4.48229E-04
1499,6.66667E-04,4.45368E-04,-5.48365E-05,4.5252E-04
1499.5,-3.66667E-03,4.5109E-04,-5.19755E-05,4.5252E-04
1500,6.66667E-04,4.36785E-04,-5.3406E-05,4.34877E-04
1500.5,-6.66667E-04,4.10082E-04,-7.10492E-05,4.24387E-04
1501,-.001,4.47275E-04,-6.77113E-05,4.52997E-04
1501.5,-2.33333E-03,4.38215E-04,-4.24387E-05,4.35354E-04
1502,6.66667E-04,4.16281E-04,-6.8665E-05,4.2391E-04
1502.5,-6.66667E-04,4.20572E-04,-6.96187E-05,4.25817E-04
1503,.001,4.28202E-04,-5.76975E-05,4.27248E-04
1503.5,6.66667E-04,4.07221E-04,-6.43735E-05,4.06267E-04
1504,-6.66667E-04,3.91962E-04,-8.48775E-05,4.02929E-04
1504.5,-.001,3.97684E-04,-7.77249E-05,4.07221E-04
1505,-6.66667E-04,3.94346E-04,-4.24387E-05,3.97207E-04
1505.5,6.66667E-04,3.91962E-04,-5.0545E-05,3.98161E-04
1506,2.33333E-03,4.09605E-04,-6.72345E-05,4.15804E-04
1506.5,-6.66667E-04,4.07221E-04,-6.19893E-05,4.09128E-04
1507,-.002,3.82902E-04,-4.57766E-05,3.82425E-04
1507.5,.001,3.91008E-04,-5.43597E-05,4.01022E-04
1508,-6.66667E-04,4.08174E-04,-4.81608E-05,4.10559E-04
1508.5,.001,3.82902E-04,-4.95913E-05,3.78134E-04
1509,6.66667E-04,3.72889E-04,-4.24387E-05,3.82902E-04
1509.5,.001,3.82425E-04,-5.24523E-05,3.8767E-04
1510,.001,3.75273E-04,-4.33924E-05,3.73842E-04
1510.5,-.002,3.62875E-04,-5.9128E-05,3.67643E-04
1511,-.001,3.71935E-04,-7.39102E-05,3.81472E-04
1511.5,.001,3.80518E-04,-3.8624E-05,3.80041E-04
1512,-.002,3.49047E-04,-3.2902E-05,3.47616E-04
1512.5,-.001,3.5763E-04,-6.24661E-05,3.6669E-04
1513,-.001,3.74796E-04,-6.96187E-05,3.82425E-04
1513.5,.001,3.75273E-04,-6.67577E-05,3.78611E-04
1514,-2.33333E-03,3.59537E-04,-7.91554E-05,3.63829E-04
1514.5,-.001,3.45709E-04,-8.82153E-05,3.59537E-04
1515,-.004,3.78611E-04,-6.5804E-05,3.90055E-04
1515.5,-.001,3.76226E-04,-4.29156E-05,3.69551E-04
1516,6.66667E-04,3.50477E-04,-4.76839E-05,3.58107E-04
1516.5,-.001,3.54292E-04,-5.9128E-05,3.60968E-04
1517,-.001,3.54292E-04,-5.43597E-05,3.49523E-04
1517.5,-6.66667E-04,3.28543E-04,-5.43597E-05,3.34265E-04
1518,-.001,3.3045E-04,-6.24661E-05,3.38556E-04
1518.5,.001,3.40464E-04,-5.67439E-05,3.49047E-04
1519,.001,3.50477E-04,-4.00546E-05,3.51431E-04
1519.5,-6.66667E-04,3.26635E-04,-6.38966E-05,3.35218E-04
1520,.001,3.47139E-04,-4.43461E-05,3.52385E-04
1520.5,-6.66667E-04,3.3951E-04,-3.33788E-05,3.3951E-04
1521,-.002,3.39987E-04,-3.91009E-05,3.44278E-04
1521.5,.001,3.45232E-04,-5.57902E-05,3.46186E-04
1522,-.002,3.31404E-04,-4.33924E-05,3.27589E-04
1522.5,-2.33333E-03,3.04701E-04,-3.5763E-05,3.10423E-04
1523,6.66667E-04,3.15668E-04,-4.43461E-05,3.1996E-04
1523.5,-.001,3.27112E-04,-4.29156E-05,3.33311E-04
1524,-.002,3.20913E-04,-2.9564E-05,3.23297E-04
1524.5,-.001,3.22344E-04,-3.5763E-05,3.20913E-04
1525,6.66667E-04,3.24728E-04,-5.38828E-05,3.32834E-04
1525.5,.002,3.28543E-04,-3.52862E-05,3.28066E-04
1526,.001,3.03747E-04,-5.3406E-05,3.07085E-04
1526.5,-3.66667E-03,3.1233E-04,-5.6267E-05,3.2139E-04
1527,.001,3.15191E-04,-4.29156E-05,3.20436E-04
1527.5,-6.66667E-04,3.18052E-04,-3.14715E-05,3.16622E-04
1528,-.001,3.01363E-04,-4.57766E-05,3.04224E-04
1528.5,-6.66667E-04,3.09946E-04,-5.14986E-05,3.13284E-04
1529,-.002,2.87058E-04,-3.09946E-05,2.85627E-04
1529.5,-3.66667E-03,2.85627E-04,-5.53133E-05,2.90873E-04
1530,.001,2.91349E-04,-7.91554E-05,3.06608E-04
1530.5,-6.66667E-04,2.97548E-04,-4.62534E-05,3.04224E-04
1531,-.001,2.88965E-04,-2.71798E-05,2.8515E-04
1531.5,6.66667E-04,2.7323E-04,-4.67303E-05,2.82289E-04
1532,-.002,2.97071E-04,-3.19483E-05,2.96595E-04
1532.5,-.002,2.86104E-04,-4.05314E-05,2.85627E-04
1533,-6.66667E-04,2.85627E-04,-5.24523E-05,2.90873E-04
1533.5,-2.33333E-03,2.96118E-04,-5.0545E-05,3.04224E-04
1534,.001,3.05654E-04,-2.81335E-05,2.97071E-04
1534.5,-2.33333E-03,2.86581E-04,-3.91009E-05,2.93257E-04
1535,.001,2.98502E-04,-6.48503E-05,3.06608E-04
1535.5,6.66667E-04,2.95641E-04,-5.10218E-05,2.98979E-04
1536,.001,2.97071E-04,-3.19483E-05,2.93257E-04
1536.5,-.002,2.70369E-04,-4.14851E-05,2.82289E-04
1537,-.002,2.78952E-04,-5.10218E-05,2.81813E-04
1537.5,-.001,2.69892E-04,-3.81472E-05,2.69892E-04
1538,-6.66667E-04,2.53202E-04,-3.52862E-05,2.54633E-04
1538.5,6.66667E-04,2.63216E-04,-4.29156E-05,2.70845E-04
1539,-.002,2.78475E-04,-3.62399E-05,2.76567E-04
1539.5,-6.66667E-04,2.62262E-04,-2.33651E-05,2.62262E-04
1540,.001,2.54156E-04,-3.00409E-05,2.57494E-04
1540.5,-.002,2.70845E-04,-3.14715E-05,2.72276E-04
1541,.001,2.64646E-04,-2.00273E-05,2.62262E-04
1541.5,.001,2.54633E-04,-4.38693E-05,2.66554E-04
1542,.001,2.79428E-04,-3.76704E-05,2.80859E-04
1542.5,-.002,2.84197E-04,-3.00409E-05,2.76091E-04
1543,2.33333E-03,2.48911E-04,-5.57902E-05,2.55587E-04
1543.5,-6.66667E-04,2.66077E-04,-4.86376E-05,2.72276E-04
1544,6.66667E-04,2.62739E-04,-4.43461E-05,2.59878E-04
1544.5,-.001,2.41281E-04,-2.90872E-05,2.43188E-04
1545,-.002,2.47004E-04,-3.09946E-05,2.50341E-04
1545.5,-6.66667E-04,2.57017E-04,-2.6703E-05,2.58448E-04
1546,6.66667E-04,2.45096E-04,-2.33651E-05,2.48434E-04
1546.5,6.66667E-04,2.48911E-04,-4.52998E-05,2.5654E-04
1547,.001,2.60355E-04,-3.95777E-05,2.65123E-04
1547.5,.001,2.58448E-04,-3.71935E-05,2.59878E-04
1548,.001,2.38896E-04,-4.10082E-05,2.41281E-04
1548.5,.002,2.57971E-04,-3.95777E-05,2.64646E-04
1549,-.001,2.58448E-04,-1.85968E-05,2.60355E-04
1549.5,-.001,2.52249E-04,-2.6703E-05,2.50341E-04
1550,-6.66667E-04,2.49388E-04,-4.24387E-05,2.50341E-04
1550.5,-6.66667E-04,2.4748E-04,-1.14442E-05,2.48434E-04
1551,6.66667E-04,2.34605E-04,-2.19346E-05,2.39373E-04
1551.5,-6.66667E-04,2.24591E-04,-4.19619E-05,2.28883E-04
1552,-2.33333E-03,2.15531E-04,-5.3406E-05,2.24591E-04
1552.5,-.001,2.34605E-04,-4.29156E-05,2.36512E-04
1553,6.66667E-04,2.3079E-04,-3.09946E-05,2.35558E-04
1553.5,-6.66667E-04,2.34605E-04,-2.86103E-05,2.36512E-04
1554,.001,2.41281E-04,-4.76839E-05,2.48434E-04
1554.5,-6.66667E-04,2.48911E-04,-4.91145E-05,2.50818E-04
1555,-6.66667E-04,2.20777E-04,-2.81335E-05,2.18869E-04
1555.5,-6.66667E-04,2.27929E-04,-4.76839E-05,2.37943E-04
1556,6.66667E-04,2.37466E-04,-4.91145E-05,2.3842E-04
1556.5,6.66667E-04,2.17439E-04,-4.10082E-05,2.15531E-04
1557,-.001,1.85491E-04,-4.10082E-05,1.87875E-04
1557.5,6.66667E-04,2.00273E-04,-3.24252E-05,2.10286E-04
1558,-6.66667E-04,1.95027E-04,-1.95504E-05,1.92166E-04
1558.5,-.001,2.0361E-04,-4.24387E-05,2.09809E-04
1559,.001,2.2173E-04,-3.91009E-05,2.28406E-04
1559.5,-3.66667E-03,2.25545E-04,-1.57357E-05,2.27452E-04
1560,-.002,2.28883E-04,-2.81335E-05,2.28883E-04
1560.5,-6.66667E-04,2.24114E-04,-5.14986E-05,2.31744E-04
1561,-6.66667E-04,2.41281E-04,-2.24115E-05,2.37943E-04
1561.5,-6.66667E-04,2.19823E-04,-1.14442E-05,2.1124E-04
1562,-.001,1.99319E-04,-1.33515E-05,2.03134E-04
1562.5,-.001,2.0218E-04,-2.24115E-05,2.0218E-04
1563,.001,1.99319E-04,-1.90736E-06,1.91213E-04
1563.5,-.002,1.75954E-04,-2.43188E-05,1.81199E-04
1564,-.002,1.86444E-04,-2.90872E-05,1.95027E-04
1564.5,.001,1.95027E-04,-2.14578E-05,1.89305E-04
1565,-.001,1.78338E-04,-3.95777E-05,1.82153E-04
1565.5,-6.66667E-04,2.0218E-04,-3.81472E-05,2.15531E-04
1566,-.001,2.16962E-04,-2.47956E-05,2.16962E-04
1566.5,.001,2.06471E-04,-3.71935E-05,2.0361E-04
1567,-6.66667E-04,1.85967E-04,-5.43597E-05,2.01226E-04
1567.5,6.66667E-04,2.01226E-04,-2.00273E-05,1.96935E-04
1568,6.66667E-04,1.6594E-04,-1.43052E-05,1.58788E-04
1568.5,-6.66667E-04,1.69755E-04,-3.33788E-05,1.84537E-04
1569,-.002,1.97888E-04,-2.6703E-05,1.99796E-04
1569.5,.002,1.90259E-04,-6.19891E-06,1.8263E-04
1570,.001,1.69278E-04,-3.19483E-05,1.75954E-04
1570.5,6.66667E-04,1.86444E-04,-2.0981E-05,1.94074E-04
1571,-.001,2.0218E-04,-1.00136E-05,1.97888E-04
1571.5,-.001,1.98365E-04,-4.24387E-05,2.04564E-04
1572,-.002,2.11717E-04,-4.10082E-05,2.16008E-04
1572.5,-.001,2.07902E-04,-2.47956E-05,2.00749E-04
1573,-.001,1.66894E-04,-3.09946E-05,1.66417E-04
1573.5,-.001,1.6451E-04,-3.43325E-05,.000175
1574,6.66667E-04,1.8406E-04,-8.10629E-06,1.80722E-04
1574.5,-.001,1.76431E-04,5.24524E-06,1.7357E-04
1575,6.66667E-04,1.63556E-04,-3.91009E-05,1.68324E-04
1575.5,6.66667E-04,1.77384E-04,-4.86376E-05,1.88352E-04
1576,-.001,1.86921E-04,-1.66894E-05,1.8263E-04
1576.5,.001,1.68324E-04,-1.4782E-05,1.72616E-04
1577,-.002,1.72616E-04,-4.38693E-05,1.83583E-04
1577.5,-.002,1.77861E-04,-1.81199E-05,1.74523E-04
1578,-6.66667E-04,1.69278E-04,-1.90736E-05,1.72139E-04
1578.5,-.001,1.58311E-04,-2.76567E-05,1.62602E-04
1579,-.002,1.83583E-04,-2.90872E-05,1.91213E-04
1579.5,-6.66667E-04,1.77861E-04,-2.05041E-05,1.72616E-04
1580,-.002,1.57357E-04,-4.24387E-05,1.62126E-04
1580.5,6.66667E-04,1.86921E-04,-2.90872E-05,1.90259E-04
1581,2.33333E-03,1.86921E-04,-8.10629E-06,1.83583E-04
1581.5,.001,1.49251E-04,-2.76567E-05,1.53542E-04
1582,.002,1.7357E-04,-3.48093E-05,1.8263E-04
1582.5,.002,1.79292E-04,-1.28747E-05,1.75954E-04
1583,6.66667E-04,1.63079E-04,-2.81335E-05,1.6594E-04
1583.5,-.001,1.70709E-04,-4.38693E-05,1.80245E-04
1584,.001,1.70232E-04,-2.6703E-05,1.67371E-04
1584.5,-6.66667E-04,1.39714E-04,-2.81335E-05,1.39237E-04
1585,-.001,1.42575E-04,-3.2902E-05,1.51158E-04
1585.5,.001,1.76908E-04,-1.09673E-05,1.7357E-04
1586,-.001,1.48774E-04,-2.86104E-06,1.46867E-04
1586.5,-.002,1.48297E-04,-2.0981E-05,1.5545E-04
1587,.001,1.66894E-04,-3.52862E-05,1.70232E-04
1587.5,-6.66667E-04,1.6594E-04,-2.81335E-05,1.64987E-04
1588,.001,1.5688E-04,-2.00273E-05,1.52112E-04
1588.5,-.001,1.43529E-04,-2.00273E-05,1.49251E-04
1589,.001,1.71185E-04,-2.14578E-05,1.73093E-04
1589.5,-.001,1.67848E-04,-1.66894E-05,1.63556E-04
1590,-2.33333E-03,1.38284E-04,-3.00409E-05,1.39714E-04
1590.5,-.001,1.5545E-04,-2.3842E-05,1.66417E-04
1591,-3.66667E-03,1.78815E-04,-1.00136E-05,1.75954E-04
1591.5,.001,1.49728E-04,-3.24252E-05,1.50205E-04
1592,6.66667E-04,1.50681E-04,-4.00546E-05,1.54496E-04
1592.5,-6.66667E-04,1.52112E-04,-2.24115E-05,1.50205E-04
1593,6.66667E-04,1.44483E-04,-1.71663E-05,1.44959E-04
1593.5,-.001,1.40191E-04,-3.24252E-05,1.46867E-04
1594,-.001,1.67848E-04,-2.6703E-05,1.71185E-04
1594.5,6.66667E-04,1.60695E-04,-1.95504E-05,1.54973E-04
1595,-6.66667E-04,1.33992E-04,-3.38557E-05,1.38761E-04
1595.5,-.001,1.49728E-04,-2.52725E-05,1.4639E-04
1596,6.66667E-04,1.33515E-04,-1.81199E-05,.0001359
1596.5,-6.66667E-04,1.35423E-04,-2.0981E-05,1.41145E-04
1597,-2.33333E-03,1.6451E-04,-1.66894E-05,1.6594E-04
1597.5,-.001,1.67848E-04,-1.09673E-05,1.60218E-04
1598,-6.66667E-04,1.21594E-04,-3.62399E-05,1.27316E-04
1598.5,-.002,1.40191E-04,-4.38693E-05,1.52112E-04
1599,-.001,1.53542E-04,-1.00136E-05,1.46867E-04
1599.5,-.002,1.39237E-04,-1.23978E-05,1.31608E-04
1600,-.001,1.15395E-04,-3.76704E-05,1.1921E-04
1600.5,-6.66667E-04,1.23025E-04,-2.3842E-05,1.24932E-04
1601,-6.66667E-04,1.4782E-04,-1.23978E-05,1.48774E-04
1601.5,6.66667E-04,1.43529E-04,-1.85968E-05,1.44483E-04
1602,6.66667E-04,1.27316E-04,-3.95777E-05,1.34946E-04
1602.5,-.001,1.44483E-04,-1.71663E-05,1.44959E-04
1603,-6.66667E-04,1.32562E-04,-1.33515E-05,1.30654E-04
1603.5,-6.66667E-04,1.1015E-04,-1.57357E-05,1.14918E-04
1604,-.004,1.22548E-04,0,1.22548E-04
1604.5,6.66667E-04,1.13488E-04,-1.1921E-05,1.12534E-04
1605,.001,1.1921E-04,-3.95777E-05,1.31131E-04
1605.5,-.001,1.29224E-04,-2.86103E-05,1.32562E-04
1606,-6.66667E-04,1.40668E-04,-2.00273E-05,1.39237E-04
1606.5,-.002,1.24455E-04,-1.43052E-06,1.22548E-04
1607,-6.66667E-04,1.09673E-04,-2.52725E-05,1.15872E-04
1607.5,-6.66667E-04,1.35423E-04,-2.81335E-05,1.42575E-04
1608,-6.66667E-04,1.27316E-04,-1.14442E-05,1.24455E-04
1608.5,-6.66667E-04,1.14441E-04,-3.76704E-05,1.19687E-04
1609,-6.66667E-04,1.24932E-04,-2.76567E-05,1.27316E-04
1609.5,6.66667E-04,1.21594E-04,-1.66894E-05,1.1015E-04
1610,-6.66667E-04,8.39238E-05,-2.3842E-05,9.05995E-05
1610.5,-2.33333E-03,1.24932E-04,-3.33788E-05,1.34469E-04
1611,-6.66667E-04,1.40191E-04,-9.05996E-06,1.33992E-04
1611.5,.002,1.1158E-04,-4.76841E-07,1.10627E-04
1612,-.002,1.12534E-04,-2.3842E-06,1.1921E-04
1612.5,6.66667E-04,1.39714E-04,1.90736E-06,1.33992E-04
1613,6.66667E-04,1.07289E-04,-2.57493E-05,1.07289E-04
1613.5,.001,1.08243E-04,-2.86103E-05,1.22548E-04
1614,-6.66667E-04,1.35423E-04,-2.14578E-05,1.32562E-04
1614.5,-.002,1.12057E-04,-2.71798E-05,1.08243E-04
1615,-3.66667E-03,9.48911E-05,-2.71798E-05,1.0252E-04
1615.5,-.001,1.21594E-04,-1.62126E-05,1.22548E-04
1616,-6.66667E-04,1.1015E-04,-9.05996E-06,1.04905E-04
1616.5,-.002,9.82289E-05,-1.71663E-05,1.02997E-04
1617,6.66667E-04,1.0252E-04,-1.14442E-05,1.00613E-04
1617.5,-.001,1.13965E-04,-1.43052E-06,1.16349E-04
1618,-.002,9.77521E-05,-4.7684E-06,9.58447E-05
1618.5,.001,1.01567E-04,-3.05178E-05,1.13011E-04
1619,.002,1.15872E-04,-1.33515E-05,1.15872E-04
1619.5,-.001,9.72752E-05,2.28883E-05,9.44142E-05
1620,-.001,1.04905E-04,-1.33515E-05,1.11104E-04
1620.5,-6.66667E-04,1.28747E-04,-3.33787E-06,1.33038E-04
1621,-6.66667E-04,1.04905E-04,-3.81473E-06,9.82289E-05
1621.5,6.66667E-04,9.44142E-05,-1.23978E-05,9.96594E-05
1622,.001,1.23979E-04,-2.14578E-05,.0001359
1622.5,6.66667E-04,1.30654E-04,-2.86104E-06,1.22548E-04
1623,6.66667E-04,1.09196E-04,-3.14715E-05,1.15872E-04
1623.5,-6.66667E-04,1.18256E-04,-3.05178E-05,1.2064E-04
1624,-.002,1.16826E-04,-3.09946E-05,1.21117E-04
1624.5,-6.66667E-04,1.12534E-04,-2.43188E-05,1.13965E-04
1625,-.001,1.24932E-04,-4.7684E-06,1.26363E-04
1625.5,-.001,9.82289E-05,1.43052E-05,9.48911E-05
1626,2.33333E-03,6.96187E-05,1.38283E-05,6.96187E-05
1626.5,.002,9.48911E-05,-9.05996E-06,1.0109E-04
1627,-.001,9.58447E-05,-7.62945E-06,9.72752E-05
1627.5,-6.66667E-04,9.34605E-05,-2.05041E-05,9.82289E-05
1628,-3.66667E-03,1.14918E-04,-2.76567E-05,1.16826E-04
1628.5,-6.66667E-04,1.12057E-04,-1.23978E-05,1.13011E-04
1629,-.001,1.14441E-04,-2.24115E-05,1.16349E-04
1629.5,.002,1.15872E-04,-2.81335E-05,1.12534E-04
1630,6.66667E-04,1.06335E-04,-1.52589E-05,1.05858E-04
1630.5,-6.66667E-04,8.15396E-05,-1.00136E-05,8.10628E-05
1631,-6.66667E-04,8.44006E-05,-1.33515E-05,8.82153E-05
1631.5,-.002,1.00136E-04,5.24524E-06,1.0109E-04
1632,.002,8.9169E-05,1.62126E-05,8.96459E-05
1632.5,-6.66667E-04,9.15532E-05,-1.14442E-05,9.34605E-05
1633,.001,1.13011E-04,-2.24115E-05,1.15395E-04
1633.5,6.66667E-04,9.25069E-05,-2.57493E-05,9.34605E-05
1634,-.002,8.01091E-05,-2.28883E-05,8.44006E-05
1634.5,-6.66667E-04,9.44142E-05,1.90736E-06,8.86922E-05
1635,.001,7.96323E-05,-1.04905E-05,7.67712E-05
1635.5,-.001,7.39102E-05,-2.47956E-05,7.96323E-05
1636,6.66667E-04,9.34605E-05,-1.71663E-05,9.203E-05
1636.5,-6.66667E-04,9.34605E-05,-8.10629E-06,9.203E-05
1637,6.66667E-04,9.10764E-05,-1.33515E-05,9.48911E-05
1637.5,6.66667E-04,9.96594E-05,-1.33515E-05,1.04905E-04
1638,.001,9.96594E-05,0,9.72752E-05
1638.5,-.001,9.05995E-05,-5.72208E-06,9.01227E-05
1639,-.001,9.39374E-05,-2.90872E-05,1.0252E-04
1639.5,.002,1.08243E-04,-6.19891E-06,1.02997E-04
1640,-.002,8.05859E-05,-1.04905E-05,7.96323E-05
1640.5,-6.66667E-04,9.87058E-05,-1.81199E-05,1.04428E-04
1641,2.33333E-03,9.67984E-05,-8.58313E-06,9.15532E-05
1641.5,-.001,5.72207E-05,-9.5368E-06,5.3406E-05
1642,-6.66667E-04,6.62808E-05,-2.24115E-05,7.96323E-05
1642.5,-.001,8.86922E-05,-1.81199E-05,9.25069E-05
1643,.001,9.53679E-05,1.09673E-05,9.25069E-05
1643.5,6.66667E-04,5.9128E-05,9.53682E-07,5.67439E-05
1644,-2.33333E-03,9.05995E-05,-3.09946E-05,1.0252E-04
1644.5,-6.66667E-04,9.10764E-05,-1.52589E-05,8.9169E-05
1645,-6.66667E-04,6.96187E-05,-6.67575E-06,6.8665E-05
1645.5,.001,7.05724E-05,-2.57493E-05,7.82018E-05
1646,-6.66667E-04,8.20165E-05,-3.81473E-06,8.15396E-05
1646.5,6.66667E-04,7.1526E-05,9.5368E-06,7.34334E-05
1647,6.66667E-04,7.82018E-05,4.29156E-06,8.05859E-05
1647.5,-.001,9.05995E-05,-1.90736E-06,8.96459E-05
1648,-.001,7.82018E-05,-1.33515E-05,8.05859E-05
1648.5,-.002,8.67848E-05,-2.6703E-05,9.15532E-05
1649,-.002,8.67848E-05,-1.00136E-05,8.48775E-05
1649.5,-6.66667E-04,7.1526E-05,-1.1921E-05,7.77249E-05
1650,-.002,7.1526E-05,-2.00273E-05,7.48639E-05
1650.5,-.001,8.39238E-05,-8.10629E-06,8.48775E-05
1651,-6.66667E-04,6.77113E-05,-6.67575E-06,7.24797E-05
1651.5,-.002,7.20029E-05,-1.1921E-05,7.1526E-05
1652,-6.66667E-04,8.15396E-05,-1.33515E-05,7.82018E-05
1652.5,-6.66667E-04,6.38966E-05,-4.29156E-06,6.53272E-05
1653,-2.33333E-03,7.67712E-05,-1.95504E-05,8.48775E-05
1653.5,-.002,9.72752E-05,5.72208E-06,9.05995E-05
1654,6.66667E-04,6.19893E-05,-3.33787E-06,6.05586E-05
1654.5,6.66667E-04,7.29566E-05,-1.81199E-05,8.05859E-05
1655,-6.66667E-04,7.91554E-05,-1.43052E-06,7.39102E-05
1655.5,6.66667E-04,7.53407E-05,-1.23978E-05,7.39102E-05
1656,-6.66667E-04,7.72481E-05,-1.00136E-05,8.44006E-05
1656.5,-3.66667E-03,8.15396E-05,1.09673E-05,8.01091E-05
1657,.001,7.00955E-05,7.62945E-06,6.67577E-05
1657.5,-.001,7.96323E-05,-1.85968E-05,8.72617E-05
1658,-6.66667E-04,8.01091E-05,-2.86104E-06,7.67712E-05
1658.5,-.002,5.14986E-05,6.19891E-06,5.38828E-05
1659,-.002,4.72071E-05,-1.00136E-05,4.72071E-05
1659.5,6.66667E-04,5.0545E-05,-3.09946E-05,6.05586E-05
1660,-.001,7.20029E-05,-1.14442E-05,7.1526E-05
1660.5,-6.66667E-04,5.6267E-05,1.90736E-06,5.67439E-05
1661,2.33333E-03,7.62944E-05,-2.00273E-05,8.29701E-05
1661.5,-.002,8.44006E-05,-2.3842E-06,8.77385E-05
1662,-.001,7.1526E-05,-1.1921E-05,7.24797E-05
1662.5,-.001,6.19893E-05,-1.66894E-05,6.05586E-05
1663,6.66667E-04,6.96187E-05,-2.86104E-06,7.34334E-05
1663.5,6.66667E-04,7.00955E-05,-1.33515E-05,6.96187E-05
1664,-6.66667E-04,6.53272E-05,-2.00273E-05,6.62808E-05
1664.5,6.66667E-04,5.9128E-05,-2.14578E-05,6.05586E-05
1665,-.002,3.8624E-05,-1.71663E-05,4.62534E-05
1665.5,.001,6.48503E-05,-1.66894E-05,7.10492E-05
1666,-6.66667E-04,6.38966E-05,-3.81473E-06,6.00817E-05
1666.5,-6.66667E-04,4.05314E-05,-1.57357E-05,4.19619E-05
1667,-.002,3.8624E-05,-3.24252E-05,5.0545E-05
1667.5,-.002,4.86376E-05,-3.24252E-05,6.05586E-05
1668,.001,6.15125E-05,-3.24252E-05,7.05724E-05
1668.5,6.66667E-04,6.72345E-05,-2.3842E-05,7.77249E-05
1669,-.002,8.29701E-05,-7.15259E-06,7.53407E-05
1669.5,-6.66667E-04,5.6267E-05,-5.24524E-06,4.95913E-05
1670,6.66667E-04,6.05586E-05,-2.00273E-05,6.91419E-05
1670.5,-6.66667E-04,5.86512E-05,1.33515E-05,5.6267E-05
1671,.001,4.76839E-05,1.38283E-05,4.62534E-05
1671.5,-.001,5.76975E-05,-1.33515E-05,6.24661E-05
1672,-.001,7.24797E-05,6.67575E-06,7.43871E-05
1672.5,2.33333E-03,5.29292E-05,7.62945E-06,4.62534E-05
1673,-.001,6.53272E-05,-1.04905E-05,6.72345E-05
1673.5,-.001,8.05859E-05,-7.15259E-06,8.3447E-05
1674,-.001,5.6267E-05,-1.57357E-05,5.38828E-05
1674.5,-6.66667E-04,6.10356E-05,-2.33651E-05,6.72345E-05
1675,-6.66667E-04,6.62808E-05,-1.43052E-05,6.77113E-05
1675.5,.001,5.0545E-05,-4.29156E-06,5.57902E-05
1676,-6.66667E-04,6.48503E-05,-1.95504E-05,6.62808E-05
1676.5,.002,6.05586E-05,-1.57357E-05,5.96049E-05
1677,-.001,5.53133E-05,-4.76841E-07,6.19893E-05
1677.5,-.002,8.67848E-05,9.53682E-07,8.39238E-05
1678,-6.66667E-04,7.34334E-05,-1.57357E-05,6.96187E-05
1678.5,-6.66667E-04,5.81744E-05,-4.29156E-06,5.86512E-05
1679,.002,5.14986E-05,4.76841E-07,5.48365E-05
1679.5,6.66667E-04,4.38693E-05,-1.43052E-06,3.8624E-05
1680,-6.66667E-04,5.0545E-05,-1.66894E-05,5.6267E-05
1680.5,-.001,6.96187E-05,-1.09673E-05,7.53407E-05
1681,-6.66667E-04,6.81882E-05,-5.24524E-06,6.72345E-05
1681.5,-.001,4.72071E-05,1.04905E-05,4.29156E-05
1682,-.001,5.19755E-05,-1.38283E-05,5.19755E-05
1682.5,-.001,6.53272E-05,-2.3842E-06,7.39102E-05
1683,-6.66667E-04,5.3406E-05,2.14578E-05,5.10218E-05
1683.5,-6.66667E-04,4.62534E-05,-1.76431E-05,4.86376E-05
1684,-6.66667E-04,6.19893E-05,-1.66894E-05,6.62808E-05
1684.5,6.66667E-04,6.5804E-05,7.62945E-06,6.38966E-05
1685,6.66667E-04,4.86376E-05,9.53682E-07,4.62534E-05
1685.5,2.33333E-03,8.3447E-05,-6.67575E-06,8.9169E-05
1686,6.66667E-04,7.29566E-05,4.76841E-07,6.81882E-05
1686.5,-.001,5.53133E-05,-8.58313E-06,5.96049E-05
1687,-.001,7.00955E-05,-1.62126E-05,6.96187E-05
1687.5,-.002,6.00817E-05,-2.6703E-05,6.81882E-05
1688,-6.66667E-04,5.0545E-05,-3.24252E-05,6.19893E-05
1688.5,6.66667E-04,4.95913E-05,-2.43188E-05,5.10218E-05
1689,6.66667E-04,4.91145E-05,-1.57357E-05,5.19755E-05
1689.5,-6.66667E-04,4.95913E-05,-3.33788E-05,5.86512E-05
1690,-.001,5.9128E-05,-1.95504E-05,5.86512E-05
1690.5,-6.66667E-04,4.86376E-05,-6.67575E-06,4.29156E-05
1691,.001,3.95777E-05,-9.5368E-06,4.62534E-05
1691.5,-6.66667E-04,5.19755E-05,-9.53682E-07,5.00681E-05
1692,-6.66667E-04,2.71798E-05,-6.67575E-06,2.0981E-05
1692.5,.001,2.57493E-05,-2.3842E-05,4.10082E-05
1693,-2.33333E-03,6.34198E-05,-1.23978E-05,6.48503E-05
1693.5,-6.66667E-04,6.24661E-05,4.29156E-06,5.53133E-05
1694,6.66667E-04,5.10218E-05,-2.81335E-05,5.86512E-05
1694.5,-6.66667E-04,6.67577E-05,-2.6703E-05,7.1526E-05
1695,-6.66667E-04,4.72071E-05,-7.62945E-06,5.10218E-05
1695.5,-.002,4.95913E-05,-1.33515E-05,5.14986E-05
1696,-.001,7.10492E-05,-2.52725E-05,7.48639E-05
1696.5,.001,4.29156E-05,-9.05996E-06,4.24387E-05
1697,-.001,5.38828E-05,-3.52862E-05,7.10492E-05
1697.5,.001,9.10764E-05,-1.76431E-05,8.72617E-05
1698,-.001,5.19755E-05,-1.1921E-05,5.29292E-05
1698.5,-6.66667E-04,4.52998E-05,-1.38283E-05,4.76839E-05
1699,-6.66667E-04,4.62534E-05,-1.00136E-05,5.10218E-05
1699.5,-6.66667E-04,4.67303E-05,3.24252E-05,5.53133E-05
1700,-2.33333E-03,2.0981E-05,-1.43052E-06,2.62262E-05
1700.5,-6.66667E-04,4.24387E-05,2.3842E-06,5.10218E-05
1701,-.001,4.86376E-05,2.24115E-05,4.62534E-05
1701.5,6.66667E-04,3.8624E-05,-1.1921E-05,4.00546E-05
1702,-.001,5.6267E-05,-1.66894E-05,6.2943E-05
1702.5,-.001,5.29292E-05,1.62126E-05,4.72071E-05
1703,6.66667E-04,2.86103E-05,0,3.14715E-05
1703.5,6.66667E-04,5.57902E-05,-1.81199E-05,6.19893E-05
1704,.001,6.19893E-05,9.53682E-07,5.96049E-05
1704.5,.001,4.24387E-05,-6.67575E-06,4.10082E-05
1705,-.001,5.24523E-05,-1.52589E-05,5.96049E-05
1705.5,6.66667E-04,4.52998E-05,2.86104E-06,4.43461E-05
1706,-.002,3.95777E-05,4.29156E-06,3.62399E-05
1706.5,-.002,3.62399E-05,4.29156E-06,3.52862E-05
1707,-.001,3.09946E-05,1.4782E-05,3.76704E-05
1707.5,-6.66667E-04,3.38557E-05,1.14442E-05,3.8624E-05
1708,-.002,5.53133E-05,-1.66894E-05,6.15125E-05
1708.5,-.001,5.53133E-05,-7.62945E-06,5.10218E-05
1709,-.002,3.33788E-05,-2.0981E-05,4.29156E-05
1709.5,-.002,5.53133E-05,-1.43052E-06,5.6267E-05
1710,.001,5.96049E-05,-9.5368E-06,5.43597E-05
1710.5,6.66667E-04,4.57766E-05,-2.6703E-05,5.81744E-05
1711,-.001,3.95777E-05,-2.00273E-05,4.19619E-05
1711.5,-6.66667E-04,3.19483E-05,-6.67575E-06,3.19483E-05
1712,.001,3.52862E-05,-2.6703E-05,5.00681E-05
1712.5,-.001,4.19619E-05,-2.0981E-05,4.05314E-05
1713,-.001,1.81199E-05,1.1921E-05,1.95504E-05
1713.5,6.66667E-04,3.91009E-05,-1.28747E-05,4.19619E-05
1714,-.001,3.81472E-05,1.1921E-05,3.8624E-05
1714.5,.002,1.28747E-05,9.05996E-06,1.1921E-05
1715,.001,1.85968E-05,-2.47956E-05,3.38557E-05
1715.5,6.66667E-04,4.29156E-05,-9.05996E-06,3.95777E-05
1716,-6.66667E-04,3.5763E-05,8.58313E-06,3.95777E-05
1716.5,-.001,4.95913E-05,2.3842E-06,4.86376E-05
1717,-.001,4.05314E-05,6.19891E-06,4.00546E-05
1717.5,.001,2.62262E-05,-2.3842E-06,2.76567E-05
1718,-6.66667E-04,3.67167E-05,-2.00273E-05,4.57766E-05
1718.5,-6.66667E-04,4.05314E-05,-1.71663E-05,3.81472E-05
1719,6.66667E-04,3.43325E-05,1.43052E-05,3.95777E-05
1719.5,-2.33333E-03,3.00409E-05,9.53682E-07,2.9564E-05
1720,.001,4.29156E-05,1.43052E-06,4.67303E-05
1720.5,-6.66667E-04,2.57493E-05,-1.90736E-06,2.43188E-05
1721,.001,2.9564E-05,-2.81335E-05,4.19619E-05
1721.5,-.002,3.38557E-05,-3.91009E-05,5.24523E-05
1722,-6.66667E-04,4.38693E-05,-2.00273E-05,4.57766E-05
1722.5,.001,3.5763E-05,-1.57357E-05,4.14851E-05
1723,.001,5.6267E-05,9.53682E-07,5.6267E-05
1723.5,-2.33333E-03,4.19619E-05,-6.67575E-06,4.43461E-05
1724,-2.33333E-03,2.76567E-05,-1.57357E-05,2.57493E-05
1724.5,-6.66667E-04,8.10629E-06,7.62945E-06,7.62945E-06
1725,.001,7.62945E-06,-1.4782E-05,1.95504E-05
1725.5,-.001,1.43052E-05,-1.76431E-05,2.43188E-05
1726,6.66667E-04,5.00681E-05,4.29156E-06,4.86376E-05
1726.5,.001,3.38557E-05,9.05996E-06,3.09946E-05
1727,-6.66667E-04,4.19619E-05,2.3842E-06,4.86376E-05
1727.5,-.001,4.86376E-05,2.28883E-05,5.0545E-05
1728,-6.66667E-04,3.52862E-05,4.29156E-06,2.86103E-05
1728.5,.001,3.52862E-05,-2.00273E-05,4.48229E-05
1729,-6.66667E-04,3.09946E-05,-4.29156E-06,3.09946E-05
1729.5,-2.33333E-03,1.95504E-05,5.24524E-06,1.57357E-05
1730,-6.66667E-04,2.43188E-05,-7.15259E-06,2.3842E-05
1730.5,-2.33333E-03,2.9564E-05,1.90736E-06,3.09946E-05
1731,-.002,2.43188E-05,-1.1921E-05,2.6703E-05
1731.5,-.002,3.24252E-05,9.53682E-07,2.86103E-05
1732,.001,3.62399E-05,1.33515E-05,3.05178E-05
1732.5,-.001,2.90872E-05,-4.29156E-06,3.62399E-05
1733,-3.66667E-03,4.72071E-05,1.43052E-06,4.95913E-05
1733.5,-.002,4.48229E-05,2.86104E-06,3.48093E-05
1734,.001,2.81335E-05,-2.14578E-05,3.76704E-05
1734.5,-.001,4.00546E-05,2.86104E-06,3.91009E-05
1735,-.001,2.0981E-05,1.09673E-05,1.95504E-05
1735.5,-.001,4.19619E-05,-2.24115E-05,5.24523E-05
1736,-.002,5.19755E-05,-1.23978E-05,5.38828E-05
1736.5,-.001,2.90872E-05,3.81473E-06,2.28883E-05
1737,-2.33333E-03,2.57493E-05,-1.62126E-05,3.19483E-05
1737.5,6.66667E-04,4.05314E-05,-4.29156E-06,4.48229E-05
1738,-.001,3.24252E-05,-2.3842E-06,3.19483E-05
1738.5,-.002,4.05314E-05,-2.14578E-05,4.38693E-05
1739,.001,2.9564E-05,-7.15259E-06,3.14715E-05
1739.5,-3.66667E-03,2.0981E-05,-2.33651E-05,3.19483E-05
1740,.001,2.19346E-05,-1.62126E-05,2.52725E-05
1740.5,-6.66667E-04,1.52589E-05,-7.62945E-06,1.43052E-05
1741,-.002,1.09673E-05,-3.09946E-05,3.5763E-05
1741.5,-6.66667E-04,4.43461E-05,-3.33788E-05,6.24661E-05
1742,-.001,6.34198E-05,4.7684E-06,6.05586E-05
1742.5,-6.66667E-04,4.43461E-05,8.58313E-06,4.57766E-05
1743,-6.66667E-04,3.8624E-05,-1.43052E-06,4.19619E-05
1743.5,-.002,5.19755E-05,-2.14578E-05,5.57902E-05
1744,.001,4.57766E-05,-3.81473E-06,4.86376E-05
1744.5,-6.66667E-04,1.81199E-05,2.62262E-05,2.71798E-05
1745,-.001,2.3842E-05,-5.72208E-06,2.62262E-05
1745.5,-.002,3.76704E-05,-8.10629E-06,3.76704E-05
1746,-3.66667E-03,7.62945E-06,-4.29156E-06,3.33787E-06
1746.5,.001,1.14442E-05,-6.19891E-06,1.76431E-05
1747,-6.66667E-04,2.00273E-05,-1.81199E-05,2.62262E-05
1747.5,.002,1.85968E-05,-1.81199E-05,2.76567E-05
1748,-.001,3.76704E-05,-1.09673E-05,3.62399E-05
1748.5,-.002,1.38283E-05,-7.62945E-06,9.5368E-06
1749,.001,8.10629E-06,-1.57357E-05,1.95504E-05
1749.5,-.001,3.38557E-05,-1.57357E-05,3.71935E-05
1750,-.001,2.52725E-05,1.76431E-05,2.6703E-05
