"c:\users\esrlabn1\desktop\bence\ir_spectroscopy\1000nm_odmr\magnet_map_7_1310nm\000.dat  ---  04-23-2026 16:44:39"
""
"cavityli 20 2 4 2000 1 0 1"
"                             ;                             ;seth_xesr_precise 345.95 1 0 -2.5"
"setlockin 188.67 0.004 0 0.03 0.005"
4,2000
2,1.454359E-05,9.276009E-07,-.002
2.001,6.818818E-05,5.460926E-05,-6.66667E-04
2.002001,5.412125E-05,5.460926E-05,-.001
2.003001,4.529976E-05,5.460926E-05,-.001
2.004002,3.433251E-05,-2.1143E-05,.001
2.005002,1.049046E-04,9.704439E-06,-.002
2.006003,8.177804E-05,2.241146E-05,-2.33333E-03
2.007004,3.337875E-06,-1.790759E-05,-.002
2.008004,5.245238E-06,-1.370913E-05,6.66667E-04
2.009005,-1.549732E-05,8.905365E-06,-.002
2.010005,-2.217304E-05,-3.688806E-05,.001
2.011005,-6.198912E-06,-4.543387E-05,6.66667E-04
2.012006,-1.001364E-05,-2.462242E-05,-3.66667E-03
2.013006,0,-4.313723E-05,6.66667E-04
2.014007,2.145782E-06,-4.46646E-05,-6.66667E-04
2.015007,-2.002728E-05,-3.675767E-05,-.001
2.016008,-1.192099E-05,-5.461113E-05,-.002
2.017009,-1.955044E-05,-4.702457E-05,.001
2.018009,8.344708E-06,-4.030042E-05,-6.66667E-04
2.01901,1.049048E-05,-1.732272E-05,-.002
2.02001,6.747292E-05,-2.114673E-05,.001
2.02101,4.649186E-05,-3.256858E-05,-2.33333E-03
2.022011,1.859677E-05,-3.747107E-05,-.001
2.023011,9.298383E-06,-6.407536E-07,-6.66667E-04
2.024012,4.768408E-07,1.451565E-05,-.001
2.025012,6.437331E-06,1.452872E-07,-.001
2.026013,1.525891E-05,-8.061586E-06,6.66667E-04
2.027014,3.814726E-06,-2.348435E-05,6.66667E-04
2.028014,1.192099E-05,-4.593679E-05,.001
2.029015,-7.867871E-06,-4.893006E-05,6.66667E-04
2.030015,-4.291564E-06,-5.461113E-05,-.001
2.031015,3.027928E-05,-5.461113E-05,6.66667E-04
2.032016,-1.668937E-06,-2.301682E-05,-2.33333E-03
2.033016,-4.601502E-05,-4.115538E-05,-.001
2.034017,-3.55246E-05,-2.255678E-06,-2.33333E-03
2.035017,-4.3154E-05,3.071711E-05,-.001
2.036018,-3.409409E-05,7.649942E-06,6.66667E-04
2.037019,1.454359E-05,-5.461113E-05,-6.66667E-04
2.038019,-7.152586E-06,-4.887977E-05,6.66667E-04
2.03902,5.006819E-06,-3.098533E-05,-6.66667E-04
2.04002,-2.384204E-07,-1.024462E-06,6.66667E-04
2.04102,4.768408E-07,1.368864E-05,-.002
2.042021,-2.6703E-05,1.376873E-05,6.66667E-04
2.043021,-3.504776E-05,1.912389E-05,-.002
2.044022,-2.93256E-05,1.246674E-05,-.002
2.045022,1.90736E-05,2.877801E-06,-2.33333E-03
2.046023,1.406675E-05,1.427165E-05,-.002
2.047024,-7.391005E-06,-6.679475E-06,-.001
2.048024,1.430519E-06,-2.665829E-05,-6.66667E-04
2.049025,7.152594E-07,-1.785543E-05,-3.66667E-03
2.050025,4.053145E-06,-8.69116E-06,6.66667E-04
2.051026,1.931202E-05,2.231274E-05,-.002
2.052026,-2.050411E-05,2.070155E-05,6.66667E-04
2.053026,-8.344708E-06,5.460926E-05,-6.66667E-04
2.054027,-5.245232E-05,4.089833E-05,6.66667E-04
2.055027,-5.650544E-05,3.480562E-05,-.001
2.056028,-2.717983E-05,5.460926E-05,-.002
2.057029,-4.768401E-06,5.460926E-05,-.001
2.058029,2.861038E-06,3.357069E-05,-.002
2.05903,3.433251E-05,4.949077E-06,.001
2.06003,4.434609E-05,-2.047062E-06,-.002
2.061031,2.622619E-06,4.015892E-06,-6.66667E-04
2.062031,-7.152594E-07,-2.590206E-05,-6.66667E-04
2.063031,-1.120573E-05,-9.963347E-06,-2.33333E-03
2.064032,-1.263624E-05,-6.847113E-06,-.004
2.065032,-8.10629E-06,-2.90015E-05,6.66667E-04
2.066033,-1.621258E-05,-5.461113E-05,6.66667E-04
2.067034,-5.483656E-06,-1.787406E-05,6.66667E-04
2.068034,2.813351E-05,-3.855694E-07,-6.66667E-04
2.069035,-1.740467E-05,2.362777E-05,6.66667E-04
2.070035,-3.576302E-05,2.31342E-06,-2.33333E-03
2.071036,-1.573574E-05,3.142119E-05,3.66667E-03
2.072036,-2.28883E-05,2.812792E-05,.001
2.073036,-1.144415E-05,5.383074E-06,.001
2.074037,7.629453E-06,1.085183E-05,-.001
2.075037,1.883518E-05,-1.870103E-06,-6.66667E-04
2.076038,2.312672E-05,-2.111134E-05,-.001
2.077039,3.266358E-05,-2.685201E-05,-6.66667E-04
2.078039,1.692784E-05,-2.408598E-05,-.002
2.07904,1.978886E-05,-3.306777E-05,-.002
2.08004,2.479565E-05,3.773734E-06,-3.66667E-03
2.081041,-2.3842E-06,2.76604E-05,-3.66667E-03
2.082041,5.674385E-05,-1.533527E-05,.002
2.083041,1.029973E-04,3.730156E-05,-6.66667E-04
2.084042,5.483651E-05,-1.189864E-05,-.001
2.085042,4.57766E-05,-4.598149E-05,.001
2.086043,1.883518E-05,-5.461113E-05,-.001
2.087044,5.531334E-05,-4.458078E-05,.001
2.088044,6.079697E-05,-2.807021E-06,.001
2.089045,2.193463E-05,-1.772132E-05,-6.66667E-04
2.090045,9.536816E-07,-4.202523E-05,6.66667E-04
2.091046,1.454359E-05,-5.461113E-05,-6.66667E-04
2.092046,-5.006819E-06,-3.10766E-05,6.66667E-04
2.093046,-1.33515E-05,-2.209481E-05,-.001
2.094047,-1.716625E-05,2.760455E-06,-.002
2.095047,-1.811993E-05,3.20843E-05,-.001
2.096048,4.768401E-06,-1.638022E-05,-6.66667E-04
2.097049,8.153962E-05,-4.061894E-05,-6.66667E-04
2.098049,2.908718E-05,-2.428342E-05,-.002
2.09905,2.312672E-05,1.113309E-05,-6.66667E-04
2.10005,3.099465E-05,4.319311E-05,-6.66667E-04
2.101051,-1.573574E-05,-4.375383E-06,-2.33333E-03
2.102051,-1.740467E-05,-1.53241E-05,-.002
2.103051,-1.430519E-06,-1.394755E-05,2.33333E-03
2.104052,-1.788151E-05,-1.430704E-05,-6.66667E-04
2.105052,2.3842E-06,-4.853145E-05,6.66667E-04
2.106053,2.765667E-05,-2.681848E-05,-.002
2.107054,1.788151E-05,-4.325091E-06,.001
2.108054,2.002728E-05,-1.43238E-05,-.002
2.109055,2.694142E-05,1.879421E-05,-.004
2.110055,3.099456E-06,5.460926E-05,6.66667E-04
2.111056,1.168257E-05,3.057369E-05,.002
2.112056,-2.336514E-05,1.067303E-06,6.66667E-04
2.113056,-2.169621E-05,-3.696815E-05,-.002
2.114057,1.311308E-05,-3.904686E-05,-.001
2.115057,2.384204E-07,-2.677564E-05,.001
2.116058,3.814726E-06,-3.195391E-05,-3.66667E-03
2.117059,1.859677E-05,-2.010551E-05,.002
2.118059,5.960494E-06,2.849865E-07,-.002
2.11906,-2.717983E-05,2.206874E-05,-.001
2.12006,-2.741825E-05,4.12392E-05,6.66667E-04
2.121061,-3.337883E-05,3.14808E-05,-6.66667E-04
2.122061,-3.838562E-05,1.565565E-05,-.002
2.123062,1.907363E-06,8.33167E-06,6.66667E-04
2.124062,2.384204E-07,-2.771631E-06,-6.66667E-04
2.125062,3.266358E-05,-4.495704E-05,-.001
2.126063,1.549732E-05,-2.091203E-05,-.002
2.127064,-1.668937E-06,-1.655717E-05,-6.66667E-04
2.128064,1.144415E-05,-1.554575E-05,-.002
2.129065,-2.28883E-05,-1.45529E-05,.001
2.130065,-5.126023E-05,-5.461113E-05,-.001
2.131066,-3.457093E-05,-5.461113E-05,-2.33333E-03
2.132066,-6.198912E-06,5.615904E-06,-6.66667E-04
2.133067,-2.28883E-05,1.472613E-05,6.66667E-04
2.134067,-5.316758E-05,1.610082E-05,-6.66667E-04
2.135067,-3.886246E-05,1.117407E-05,-.002
2.136068,-7.10492E-05,-3.675022E-05,.001
2.137069,-1.621258E-05,-1.560349E-05,-.001
2.138069,-1.478201E-05,7.646217E-06,-6.66667E-04
2.13907,4.768408E-07,-2.193649E-05,-.001
2.14007,1.239782E-05,8.40245E-06,-6.66667E-04
2.141071,-1.502043E-05,1.93977E-05,.001
2.142071,-1.883518E-05,-4.371657E-06,6.66667E-04
2.143072,-1.311308E-05,1.955789E-05,-.001
2.144072,-3.790879E-05,5.716487E-06,-6.66667E-04
2.145072,-1.955044E-05,-9.844138E-06,.001
2.146073,-1.168257E-05,2.216746E-05,6.66667E-04
2.147074,-4.291558E-05,-1.38898E-05,.004
2.148074,2.145782E-06,-3.073947E-05,-.002
2.149075,1.525891E-05,1.660001E-05,6.66667E-04
2.150075,-1.358992E-05,2.155278E-05,-.002
2.151076,3.981614E-05,3.34254E-05,.002
2.152076,3.218674E-05,3.879354E-05,-6.66667E-04
2.153077,4.363083E-05,-6.144895E-06,-6.66667E-04
2.154077,4.911446E-05,1.83285E-06,.001
2.155077,2.217304E-05,3.81323E-05,-6.66667E-04
2.156078,4.291564E-06,1.983915E-05,-.001
2.157079,9.059964E-06,2.823785E-06,-.001
2.158079,3.671669E-05,7.562376E-07,6.66667E-04
2.15908,7.247971E-05,-3.976957E-05,6.66667E-04
2.16008,2.312672E-05,-8.363313E-07,-3.66667E-03
2.161081,3.314042E-05,5.460926E-05,-.001
2.162081,4.673027E-05,-5.837559E-06,6.66667E-04
2.163082,8.583127E-06,-1.691852E-05,6.66667E-04
2.164082,1.049048E-05,-1.632806E-05,.001
2.165082,3.147149E-05,-2.476212E-05,.002
2.166083,4.005455E-05,-1.521788E-06,-6.66667E-04
2.167084,1.096731E-05,8.94448E-06,-.002
2.168084,1.096731E-05,1.588103E-05,-6.66667E-04
2.169085,1.668937E-06,3.411458E-05,-6.66667E-04
2.170085,7.629453E-06,2.544385E-05,6.66667E-04
2.171086,8.821546E-06,2.13274E-05,-6.66667E-04
2.172086,-1.311308E-05,2.624482E-06,6.66667E-04
2.173087,-1.883518E-05,-2.094929E-05,-6.66667E-04
2.174087,-2.384204E-07,-3.245869E-05,-.002
2.175087,1.1921E-06,3.69364E-06,-6.66667E-04
2.176088,-1.716625E-05,4.055008E-06,-.002
2.177088,-1.120573E-05,1.754437E-05,-.002
2.178089,-1.955044E-05,3.155717E-05,-.002
2.17909,-1.788151E-05,9.708165E-06,-6.66667E-04
2.18009,2.622619E-06,7.942377E-06,6.66667E-04
2.181091,-9.77522E-06,1.773245E-06,-.002
2.182091,4.768408E-07,-9.004085E-06,6.66667E-04
2.183092,7.629453E-06,3.791251E-05,-6.66667E-04
2.184092,-2.121937E-05,2.761011E-05,-.002
2.185092,3.075623E-05,3.098533E-05,6.66667E-04
2.186093,2.813351E-05,3.336207E-05,-.001
2.187093,-4.529982E-06,1.3426E-05,-.001
2.188094,-2.384204E-07,5.460926E-05,-.001
2.189095,7.629453E-06,5.460926E-05,-6.66667E-04
2.190095,-1.668942E-05,3.34701E-05,-.001
2.191096,6.198912E-06,5.677372E-06,-6.66667E-04
2.192096,3.242516E-05,1.25785E-05,-.002
2.193097,1.263624E-05,3.395998E-05,-.002
2.194097,2.431881E-05,5.460926E-05,-6.66667E-04
2.195097,-1.406675E-05,5.460926E-05,6.66667E-04
2.196098,-1.168257E-05,5.460926E-05,-.001
2.197098,1.573574E-05,5.460926E-05,-6.66667E-04
2.198099,3.623986E-05,2.960686E-05,-.002
2.1991,4.076981E-05,4.168629E-06,.001
2.2001,1.859677E-05,2.122682E-05,-6.66667E-04
2.201101,1.478201E-05,2.453302E-05,6.66667E-04
2.202101,3.099456E-06,1.192471E-05,6.66667E-04
2.203102,-5.722075E-06,1.836021E-05,.001
2.204102,5.483656E-06,-3.114925E-05,-.001
2.205102,2.050411E-05,-5.461113E-05,-.002
2.206103,6.127404E-05,-5.461113E-05,.001
2.207103,4.95913E-05,-5.461113E-05,-.001
2.208104,5.292916E-05,-6.869464E-06,-2.33333E-03
2.209105,3.480935E-05,2.406177E-05,-.001
2.210105,2.3842E-06,4.367554E-05,-6.66667E-04
2.211106,6.437331E-06,4.757964E-05,.001
2.212106,-8.344708E-06,4.674145E-05,-.001
2.213107,-1.02282E-04,-1.378922E-05,2.33333E-03
2.214107,-6.175088E-05,-5.587972E-07,-.001
2.215107,-5.698227E-05,-2.712768E-05,-6.66667E-04
2.216108,-3.55246E-05,-3.222958E-05,6.66667E-04
2.217108,-1.001364E-05,2.420705E-05,-.001
2.218109,-2.527249E-05,5.142792E-06,-6.66667E-04
2.21911,-6.675749E-06,-3.205077E-05,-.001
2.22011,6.675749E-06,-3.548354E-06,-6.66667E-04
2.221111,-1.287466E-05,1.50018E-05,6.66667E-04
2.222111,-1.978886E-05,-6.966322E-06,6.66667E-04
2.223112,-1.096731E-05,-2.187316E-05,.001
2.224112,-1.859677E-05,-5.250826E-06,-.001
2.225112,-5.245238E-06,-2.889533E-05,.001
2.226113,1.931202E-05,1.014589E-05,-6.66667E-04
2.227113,2.241146E-05,-1.047371E-05,-6.66667E-04
2.228114,2.813351E-05,-7.547467E-06,-.002
2.229115,5.722075E-06,2.116349E-05,6.66667E-04
2.230115,-3.55246E-05,1.182227E-05,-6.66667E-04
2.231116,-4.053139E-05,-6.901129E-06,-6.66667E-04
2.232116,-2.384204E-07,-5.083182E-05,-6.66667E-04
2.233117,7.462548E-05,-5.461113E-05,.002
2.234117,3.004086E-05,-5.461113E-05,-.002
2.235118,2.3842E-06,-1.284858E-05,6.66667E-04
2.236118,-5.60286E-05,-3.6657E-06,-6.66667E-04
2.237118,-4.339241E-05,2.101078E-06,-.001
2.238119,-6.246613E-05,-1.587544E-05,-6.66667E-04
2.23912,-2.6703E-05,-3.706501E-05,-.001
2.24012,-2.55109E-05,-2.457586E-05,-6.66667E-04
2.241121,-2.861035E-05,1.265859E-05,.001
2.242121,-1.549732E-05,-1.160993E-05,6.66667E-04
2.243122,-1.668942E-05,8.471368E-06,-.002
2.244122,-1.549732E-05,-2.820988E-05,.001
2.245123,1.740467E-05,-5.461113E-05,-6.66667E-04
2.246123,7.867871E-06,-3.52303E-05,-.001
2.247123,-7.152594E-07,-2.406922E-05,-6.66667E-04
2.248124,1.382834E-05,-3.401205E-06,-.002
2.249125,7.391005E-06,2.314535E-05,-.001
2.250125,4.291564E-06,2.872213E-06,6.66667E-04
2.251126,9.536801E-06,-3.693462E-05,.001
2.252126,6.198912E-06,-2.777588E-05,6.66667E-04
2.253127,-1.430519E-06,-3.274367E-05,-6.66667E-04
2.254127,1.478201E-05,-1.805101E-05,-6.66667E-04
2.255128,-5.006819E-06,7.9163E-06,-6.66667E-04
2.256128,1.215941E-05,-2.830115E-05,-6.66667E-04
2.257128,1.740467E-05,-1.866941E-05,-2.33333E-03
2.258129,-2.193463E-05,-1.372775E-05,6.66667E-04
2.25913,-3.600144E-05,-1.556624E-05,.001
2.26013,-1.287466E-05,1.842163E-06,.001
2.261131,-1.90736E-05,2.805528E-05,-.002
2.262131,6.437331E-06,-5.194946E-06,-.001
2.263132,-7.152594E-07,-4.740461E-06,.002
2.264132,-2.384197E-05,-1.016265E-05,.002
2.265133,-2.408039E-05,2.145782E-06,-.002
2.266133,-1.430517E-05,4.831731E-06,6.66667E-04
2.267133,-3.457093E-05,-5.709036E-06,6.66667E-04
2.268134,-1.263624E-05,-2.169062E-05,-6.66667E-04
2.269135,1.502043E-05,-3.851979E-06,.001
2.270135,-2.145782E-06,-7.966592E-06,-.002
2.271136,4.768408E-07,-3.371411E-05,-6.66667E-04
2.272136,-1.072889E-05,-3.521726E-05,-.001
2.273137,-5.483656E-06,-5.461113E-05,-.002
2.274137,8.10629E-06,-3.571273E-05,-.002
2.275138,6.961869E-05,6.523012E-06,-6.66667E-04
2.276138,8.106278E-05,5.460926E-05,-6.66667E-04
2.277139,5.745911E-05,3.491738E-05,-.001
2.278139,1.287466E-05,5.460926E-05,-.002
2.27914,4.768408E-07,2.113741E-05,-.001
2.28014,-1.668937E-06,4.748837E-05,-2.33333E-03
2.281141,-1.668942E-05,1.1731E-05,-6.66667E-04
2.282141,-1.454359E-05,-1.387863E-05,.001
2.283142,-2.861038E-06,-2.477333E-06,-.002
2.284142,2.145782E-06,-3.110641E-05,-.001
2.285143,3.55246E-05,-5.024322E-05,-.001
2.286143,3.695511E-05,-4.459568E-05,.001
2.287144,-2.622616E-05,-4.372583E-05,-.002
2.288144,-1.430519E-06,-4.436285E-05,-6.66667E-04
2.289145,9.77522E-06,-2.280634E-05,-6.66667E-04
2.290145,-1.454359E-05,-4.504644E-05,-6.66667E-04
2.291146,-4.529982E-06,-3.680424E-05,-.001
2.292146,3.814726E-06,-1.595181E-05,.001
2.293147,-7.867871E-06,-4.759454E-05,-6.66667E-04
2.294147,-5.006819E-06,-4.289695E-05,-6.66667E-04
2.295148,-2.503407E-05,-3.412762E-05,6.66667E-04
2.296148,-3.337883E-05,-9.028299E-06,.002
2.297149,-1.311308E-05,3.504031E-05,-.002
2.298149,-1.072889E-05,4.714751E-05,-.002
2.29915,1.478201E-05,2.681476E-05,-6.66667E-04
2.30015,2.980244E-05,4.903623E-05,-.001
2.301151,2.694142E-05,2.425548E-05,6.66667E-04
2.302151,2.765667E-05,-1.413195E-05,6.66667E-04
2.303152,1.001364E-05,8.799194E-06,-.001
2.304152,-1.049048E-05,-3.125356E-05,-.001
2.305153,9.298383E-06,-2.538797E-05,-.001
2.306153,-6.437331E-06,2.813537E-05,-.001
2.307154,-3.099456E-06,1.756113E-05,.001
2.308154,1.764309E-05,-6.739079E-06,-6.66667E-04
2.309155,-1.358992E-05,1.980003E-05,2.33333E-03
2.310155,-2.884876E-05,3.37699E-06,-.001
2.311156,-1.072889E-05,-9.985699E-06,-.002
2.312156,-1.287466E-05,2.503034E-05,-6.66667E-04
2.313157,-2.3842E-06,5.641981E-06,-2.33333E-03
2.314157,2.241146E-05,2.018746E-05,6.66667E-04
2.315158,-6.127404E-05,3.547431E-05,-.001
2.316158,-1.215941E-05,5.460926E-05,-.001
2.317159,2.384204E-07,3.733882E-05,-.001
2.318159,-8.10629E-06,3.781752E-05,-6.66667E-04
2.31916,-8.344708E-06,2.437097E-05,-2.33333E-03
2.32016,-1.788151E-05,3.051967E-05,-.001
2.321161,-1.478201E-05,6.256654E-06,.002
2.322161,2.884876E-05,-4.120753E-05,-2.33333E-03
2.323162,1.978886E-05,-2.112251E-05,-6.66667E-04
2.324162,-1.168257E-05,-1.344649E-05,6.66667E-04
2.325163,2.098095E-05,-1.875323E-05,-6.66667E-04
2.326163,2.098095E-05,-1.600955E-05,-.001
2.327164,2.694142E-05,-1.93232E-05,-6.66667E-04
2.328164,3.743195E-05,-2.834399E-05,-6.66667E-04
2.329165,2.264988E-05,1.909409E-05,-.001
2.330165,-3.266358E-05,1.811993E-05,-.001
2.331166,-3.767037E-05,-1.129886E-05,-.002
2.332166,-5.245238E-06,-1.674525E-06,6.66667E-04
2.333167,3.910088E-05,-2.751697E-05,-6.66667E-04
2.334167,5.364441E-05,1.028187E-06,6.66667E-04
2.335168,1.454359E-05,9.685813E-06,-.001
2.336168,-2.169621E-05,-1.12374E-05,6.66667E-04
2.337169,-1.001364E-05,2.207805E-05,-6.66667E-04
2.338169,-3.385567E-05,1.605425E-05,-.001
2.33917,-3.886246E-05,-1.244253E-05,-.002
2.34017,8.821546E-06,-2.203335E-05,-.001
2.341171,-9.536816E-07,-2.008129E-05,.001
2.342171,2.02657E-05,-3.250525E-05,.001
2.343172,3.099456E-06,2.20557E-05,-6.66667E-04
2.344172,7.152586E-06,7.621973E-06,-6.66667E-04
2.345173,-9.536801E-06,-1.271447E-05,-.002
2.346173,2.622619E-06,-2.235186E-08,.002
2.347174,-3.099456E-06,-3.263369E-06,6.66667E-04
2.348174,3.385567E-05,-1.751829E-05,-.002
2.349174,2.28883E-05,-1.485279E-05,-6.66667E-04
2.350175,1.788151E-05,1.596294E-06,-.001
2.351176,3.981614E-05,-2.199798E-06,-.001
2.352176,1.955044E-05,3.405311E-05,6.66667E-04
2.353177,2.622619E-06,4.123175E-05,6.66667E-04
2.354177,2.217304E-05,5.002529E-05,6.66667E-04
2.355178,-7.391005E-06,2.634537E-05,.001
2.356178,-1.263624E-05,-2.151367E-05,-6.66667E-04
2.357179,-7.152594E-07,-3.043574E-05,-.002
2.358179,7.915543E-05,3.154413E-05,-.002
2.359179,6.72345E-05,2.868113E-05,-.001
2.36018,3.55246E-05,2.939638E-05,-.002
2.361181,1.525891E-05,-3.14416E-06,-.002
2.362181,7.629453E-06,-9.32446E-06,-6.66667E-04
2.363182,3.814721E-05,-3.794223E-06,-2.33333E-03
2.364182,2.360356E-05,7.992669E-06,-.001
2.365183,-1.1921E-06,-1.922264E-06,-.002
2.366183,-1.144415E-05,1.94778E-05,-6.66667E-04
2.367184,-4.434609E-05,3.249967E-05,-.002
2.368184,-2.789509E-05,-2.01409E-05,-3.66667E-03
2.369184,7.152586E-06,2.674584E-05,.001
2.370185,2.694142E-05,3.268957E-06,-6.66667E-04
2.371186,-6.198912E-06,-3.769458E-05,.001
2.372186,-1.096731E-05,-3.689923E-05,.001
2.373187,-6.914168E-06,-3.969693E-05,-.002
2.374187,-1.430517E-05,-2.448086E-05,.001
2.375188,-7.391005E-06,-1.210166E-05,6.66667E-04
2.376188,-1.168257E-05,-2.967764E-05,-.001
2.377189,8.10629E-06,3.181412E-06,.002
2.378189,2.384204E-07,2.900709E-05,-6.66667E-04
2.379189,-6.198912E-06,2.971489E-05,-.001
2.38019,-2.861038E-06,3.990927E-05,-6.66667E-04
2.381191,3.004086E-05,3.417605E-05,-6.66667E-04
2.382191,3.314042E-05,4.876434E-06,-3.66667E-03
2.383192,3.147149E-05,3.15553E-05,-6.66667E-04
2.384192,1.215941E-05,2.604362E-05,.002
2.385193,-1.406675E-05,1.935672E-05,-.001
2.386193,-1.740467E-05,-3.021225E-06,-.001
2.387194,-3.457093E-05,6.314396E-06,-.001
2.388194,-7.391005E-06,2.368737E-05,-.001
2.389194,-2.241146E-05,4.115538E-05,.001
2.390195,-7.391005E-06,2.361659E-05,-.002
2.391196,2.813351E-05,6.509974E-06,-6.66667E-04
2.392196,6.675749E-06,-1.244625E-05,-2.33333E-03
2.393197,-3.576293E-06,4.537433E-06,6.66667E-04
2.394197,5.102181E-05,3.997632E-05,-6.66667E-04
2.395198,1.263624E-05,4.75666E-05,-3.66667E-03
2.396198,-3.719353E-05,8.931442E-06,-2.33333E-03
2.397199,-1.239782E-05,2.133485E-05,.001
2.398199,5.912804E-05,5.460926E-05,-6.66667E-04
2.399199,1.06812E-04,1.205139E-06,-6.66667E-04
2.4002,5.173706E-05,2.068293E-05,-2.33333E-03
2.401201,-9.536816E-07,-4.265476E-07,.001
2.402201,-7.867871E-06,-5.610316E-06,-.002
2.403202,8.821546E-06,-1.93344E-06,-.002
2.404202,-1.239782E-05,-8.048548E-06,6.66667E-04
2.405203,3.337875E-06,3.719717E-06,-.001
2.406203,5.078339E-05,2.391089E-05,-.002
2.407204,5.102181E-05,-1.786284E-06,6.66667E-04
2.408204,4.744553E-05,-2.967578E-05,-.002
2.409204,2.694142E-05,7.487863E-06,-.002
2.410205,2.02657E-05,1.437782E-05,-2.33333E-03
2.411206,2.431881E-05,1.81311E-05,-.001
2.412206,1.096731E-05,4.633912E-05,-3.66667E-03
2.413207,2.28883E-05,3.156462E-05,-6.66667E-04
2.414207,1.788151E-05,2.790627E-05,-.002
2.415208,1.907363E-06,1.434429E-05,-.001
2.416208,4.768408E-07,-3.456348E-05,6.66667E-04
2.417209,3.457093E-05,-2.567668E-05,6.66667E-04
2.418209,5.579018E-05,4.98353E-05,-6.66667E-04
2.41921,4.029297E-05,1.638953E-05,6.66667E-04
2.42021,4.363083E-05,8.028059E-06,2.33333E-03
2.421211,9.536816E-07,9.771495E-06,-6.66667E-04
2.422211,5.888962E-05,-5.234056E-05,-6.66667E-04
2.423212,1.597416E-05,-3.019546E-05,-.001
2.424212,-3.218674E-05,-4.216679E-05,.001
2.425213,8.583127E-06,-3.338815E-05,6.66667E-04
2.426213,1.883518E-05,-2.994773E-05,-2.33333E-03
2.427214,1.120573E-05,-3.53104E-05,-6.66667E-04
2.428214,-4.053145E-06,-2.655399E-05,-6.66667E-04
2.429215,-2.193463E-05,-1.580094E-05,-6.66667E-04
2.430215,-1.33515E-05,-3.478886E-05,-2.33333E-03
2.431216,1.072889E-05,-1.470192E-05,-6.66667E-04
2.432216,2.002728E-05,1.614552E-05,-6.66667E-04
2.433217,-1.144415E-05,-1.001178E-05,-6.66667E-04
2.434217,-5.483651E-05,-3.723265E-05,-.002
2.435218,-9.226846E-05,-5.656882E-06,-6.66667E-04
2.436218,-5.579018E-05,-1.013471E-05,6.66667E-04
2.437219,5.722075E-06,-2.124545E-05,-.002
2.438219,3.576293E-06,-3.136159E-05,6.66667E-04
2.43922,3.099456E-06,-2.659496E-05,-.001
2.44022,5.960494E-06,-6.94397E-06,-6.66667E-04
2.441221,-1.859677E-05,3.229841E-06,6.66667E-04
2.442221,1.1921E-06,-3.141561E-05,.001
2.443222,-1.001364E-05,-1.80715E-05,6.66667E-04
2.444222,-4.720711E-05,-2.139073E-05,-.002
2.445223,-1.90736E-05,-4.135468E-05,-2.33333E-03
2.446223,-2.717983E-05,-2.67775E-05,6.66667E-04
2.447224,-4.553818E-05,-5.461113E-05,-6.66667E-04
2.448224,1.502043E-05,-5.132915E-05,-3.66667E-03
2.449225,3.838562E-05,4.377234E-07,6.66667E-04
2.450225,-1.621258E-05,-1.335522E-05,6.66667E-04
2.451226,2.908718E-05,-5.461113E-05,.001
2.452226,5.769753E-05,9.564741E-06,-6.66667E-04
2.453227,8.583127E-06,2.986204E-05,-.002
2.454227,2.479565E-05,1.489191E-05,6.66667E-04
2.455228,2.455723E-05,2.667133E-05,-.001
2.456228,1.263624E-05,2.38755E-05,-.002
2.457229,1.978886E-05,4.621991E-05,-3.66667E-03
2.458229,-3.671669E-05,1.078105E-05,-.002
2.45923,-1.788151E-05,-1.022412E-05,-.002
2.46023,9.298383E-06,1.873828E-06,-.001
2.461231,2.408039E-05,1.358619E-05,.001
2.462231,2.765667E-05,-1.86824E-06,-.001
2.463232,-2.002728E-05,1.563143E-05,.001
2.464232,-5.388283E-05,2.870534E-05,-.001
2.465233,-1.955044E-05,3.037989E-06,-6.66667E-04
2.466233,-2.503407E-05,1.28337E-06,.001
2.467234,-2.956402E-05,-1.033775E-06,-.002
2.468234,-5.579018E-05,9.182877E-07,-.001
2.469235,-5.888962E-05,1.899905E-06,-3.66667E-03
2.470235,-2.956402E-05,-5.567475E-06,-.002
2.471236,2.3842E-06,-3.763498E-05,-.002
2.472236,3.337875E-06,-2.79696E-05,-.001
2.473237,1.859677E-05,-3.497512E-05,-6.66667E-04
2.474237,3.480935E-05,-2.282683E-05,-.002
2.475238,3.361725E-05,-5.461113E-05,6.66667E-04
2.476238,3.838562E-05,-5.461113E-05,6.66667E-04
2.477239,6.699609E-05,-4.467578E-05,6.66667E-04
2.478239,3.027928E-05,-2.741453E-05,.001
2.47924,5.98433E-05,-4.456588E-05,.001
2.48024,6.437331E-06,1.019618E-05,6.66667E-04
2.481241,-3.957772E-05,2.975028E-05,.001
2.482241,-2.837193E-05,1.010118E-05,-6.66667E-04
2.483242,-1.406675E-05,4.615664E-06,.001
2.484242,-1.049048E-05,1.70619E-06,-6.66667E-04
2.485243,-2.3842E-06,8.840172E-06,-.001
2.486243,1.811993E-05,1.945172E-05,-.002
2.487244,2.861038E-06,1.294358E-05,-.001
2.488244,9.298383E-06,-1.938094E-05,-6.66667E-04
2.489245,-2.717983E-05,3.574067E-05,-6.66667E-04
2.490245,-3.838562E-05,5.366304E-05,-6.66667E-04
2.491246,5.483656E-06,5.140924E-05,6.66667E-04
2.492246,1.597416E-05,3.149384E-05,-6.66667E-04
2.493247,9.77522E-06,1.676765E-05,.001
2.494247,2.264988E-05,1.869921E-05,-6.66667E-04
2.495248,1.478201E-05,1.520669E-05,-.001
2.496248,1.478201E-05,-1.691289E-06,-6.66667E-04
2.497249,4.076981E-05,3.401772E-05,-6.66667E-04
2.498249,2.145782E-06,4.716241E-05,-.002
2.49925,1.215941E-05,3.439025E-05,-.001
2.50025,2.02657E-05,3.445358E-05,-.002
2.501251,-2.384197E-05,4.963228E-05,-.002
2.502251,1.096731E-05,-4.657009E-05,-2.33333E-03
2.503252,3.719353E-05,-2.33968E-05,-6.66667E-04
2.504252,-6.437331E-06,-4.228234E-06,-.001
2.505253,1.430519E-06,3.270819E-06,6.66667E-04
2.506253,-6.72345E-05,-2.834585E-05,-.001
2.507254,-4.410767E-05,-2.79994E-05,-.001
2.508254,1.478201E-05,-5.241693E-05,-2.33333E-03
2.509255,3.695511E-05,-6.530463E-06,-6.66667E-04
2.510255,2.455723E-05,-2.424617E-05,6.66667E-04
2.511256,3.099465E-05,-6.940245E-06,.001
2.512256,2.384197E-05,2.910953E-05,.001
2.513257,5.006819E-06,-8.927716E-06,-.002
2.514257,2.360356E-05,-4.338683E-05,-.001
2.515258,2.479565E-05,-4.280382E-05,.001
2.516258,1.454359E-05,-1.367746E-05,6.66667E-04
2.517259,-6.914168E-06,2.862711E-05,-.001
2.518259,-1.907363E-06,3.267289E-05,-.002
2.51926,8.821546E-06,-2.464294E-06,-.001
2.52026,4.076981E-05,-9.693264E-06,6.66667E-04
2.521261,3.361725E-05,-2.090086E-05,6.66667E-04
2.522261,3.194832E-05,-1.513964E-05,.002
2.523262,2.098095E-05,-7.771014E-06,-.002
2.524262,-1.33515E-05,-2.083008E-05,6.66667E-04
2.525263,8.344708E-06,-2.724316E-05,.001
2.526263,1.430517E-05,-1.172727E-05,-6.66667E-04
2.527264,-1.525891E-05,-3.715992E-06,6.66667E-04
2.528264,-1.597416E-05,6.187736E-06,-6.66667E-04
2.529265,-4.172348E-05,2.520173E-06,-.002
2.530265,-6.318139E-05,-3.74245E-05,-6.66667E-04
2.531266,-2.431881E-05,-2.734934E-05,.001
2.532266,-1.883518E-05,1.199363E-05,2.33333E-03
2.533267,-8.821546E-06,-3.074133E-05,-.002
2.534267,5.054497E-05,-3.373265E-06,-.002
2.535268,2.193463E-05,1.505768E-05,-.001
2.536268,-2.6703E-05,-4.11275E-06,6.66667E-04
2.537269,-3.123307E-05,-3.500492E-05,2.33333E-03
2.538269,-4.029297E-05,-1.482673E-06,-6.66667E-04
2.53927,-3.838562E-05,-2.030292E-07,-.002
2.54027,-5.269074E-05,5.460926E-05,-.001
2.541271,-7.86786E-05,5.460926E-05,-.001
2.542271,-2.884876E-05,2.745364E-05,.002
2.543272,-3.838562E-05,2.518308E-05,.001
2.544272,-2.765667E-05,-3.46826E-06,-6.66667E-04
2.545273,-1.168257E-05,-3.417968E-06,-6.66667E-04
2.546273,1.430519E-06,1.150934E-05,-6.66667E-04
2.547274,1.049048E-05,1.428096E-05,6.66667E-04
2.548274,2.479565E-05,1.451751E-05,-.001
2.549275,2.861038E-06,6.295777E-07,.002
2.550275,-1.263624E-05,-1.136406E-05,-.002
2.551276,-6.198912E-06,4.636153E-06,-3.66667E-03
2.552276,-2.956402E-05,-5.427777E-06,-.001
2.553277,-4.291558E-05,-1.302181E-05,-6.66667E-04
2.554277,-9.059964E-06,-5.207985E-06,.002
2.555278,-2.336514E-05,1.156522E-05,-.002
2.556278,-2.02657E-05,-3.423556E-06,-6.66667E-04
2.557279,1.192099E-05,1.751084E-05,-6.66667E-04
2.558279,1.430519E-06,9.264855E-06,-.001
2.55928,-4.053145E-06,3.758832E-06,.002
2.56028,-9.77522E-06,3.022712E-05,-2.33333E-03
2.561281,-4.410767E-05,7.975905E-06,-6.66667E-04
2.562281,-7.152604E-05,-6.752118E-06,-.002
2.563282,-1.087193E-04,1.305906E-05,2.33333E-03
2.564282,-4.076981E-05,5.460926E-05,.001
2.565283,1.90736E-05,4.026876E-05,-6.66667E-04
2.566283,-2.6703E-05,2.37675E-06,-.001
2.567284,-1.978886E-05,-4.934543E-05,-.001
2.568284,-1.001364E-05,-4.417845E-05,-2.33333E-03
2.569285,-1.454359E-05,-1.638953E-05,-.001
2.570285,-4.506134E-05,-2.038677E-05,-.001
2.571286,-4.029297E-05,-1.368677E-05,-6.66667E-04
2.572286,-6.628083E-05,4.034518E-06,.002
2.573287,-1.008515E-04,-1.412263E-05,-3.66667E-03
2.574287,-5.817437E-05,-3.22538E-05,-6.66667E-04
2.575288,-3.123307E-05,-2.768089E-05,-6.66667E-04
2.576288,-2.741825E-05,-2.527249E-05,.001
2.577289,-2.169621E-05,-2.696749E-05,-6.66667E-04
2.578289,-4.005455E-05,5.14838E-06,6.66667E-04
2.57929,-2.121937E-05,1.229355E-07,-.001
2.58029,9.77522E-06,-7.482275E-06,-.002
2.581291,2.098095E-05,7.607072E-06,-6.66667E-04
2.582291,-4.649186E-05,5.460926E-05,6.66667E-04
2.583292,-6.84266E-05,7.867871E-06,.002
2.584292,-3.123307E-05,-4.224508E-06,-6.66667E-04
2.585293,1.239782E-05,-2.486646E-06,-6.66667E-04
2.586293,-3.337875E-06,-6.508111E-06,6.66667E-04
2.587294,-3.004086E-05,-8.082076E-06,-2.33333E-03
2.588294,-1.668937E-06,-1.717929E-05,6.66667E-04
2.589295,1.215941E-05,-1.790009E-06,-.002
2.590295,1.049048E-05,7.771014E-06,6.66667E-04
2.591296,1.859677E-05,-1.251705E-06,6.66667E-04
2.592296,-1.215941E-05,-6.297632E-06,-.002
2.593297,-2.121937E-05,-2.637703E-05,-6.66667E-04
2.594297,-3.004086E-05,5.327194E-06,.001
2.595298,-5.054497E-05,7.676019E-06,-.002
2.596298,-3.647828E-05,-1.572084E-05,.001
2.597299,-7.820176E-05,-5.461113E-05,-.002
2.598299,-1.530657E-04,-3.347383E-05,-.002
2.5993,-7.462548E-05,-3.898912E-05,-.001
2.6003,-1.955044E-05,-2.325338E-05,-6.66667E-04
2.601301,-2.336514E-05,-1.852412E-05,-.002
2.602301,-1.072889E-05,-1.889665E-05,-.002
2.603302,-1.239782E-05,8.208735E-06,6.66667E-04
2.604302,-2.050411E-05,3.39339E-05,-.002
2.605303,-2.264988E-05,2.226245E-05,.002
2.606303,-3.218674E-05,3.274367E-05,-.001
2.607304,-3.2902E-05,-1.45287E-06,6.66667E-04
2.608304,1.1921E-06,-2.096419E-05,-.001
2.609305,1.859677E-05,-7.839932E-06,-6.66667E-04
2.610305,-1.430519E-06,2.937962E-05,-6.66667E-04
2.611306,8.821546E-06,3.905804E-05,-6.66667E-04
2.612306,1.454359E-05,3.860355E-05,-.001
2.613307,-1.1921E-06,1.017196E-05,-.004
2.614307,4.768401E-06,-3.24829E-05,-6.66667E-04
2.615308,7.844018E-05,-1.364207E-05,-.002
2.616308,3.600144E-05,-2.989185E-05,.001
2.617309,-2.93256E-05,4.710659E-06,-.002
2.618309,-6.508874E-05,9.926094E-06,6.66667E-04
2.61931,-4.816079E-05,-3.565871E-05,6.66667E-04
2.62031,-5.960494E-06,-2.45871E-07,.001
2.621311,-2.074253E-05,2.116908E-05,-6.66667E-04
2.622311,-1.454359E-05,-3.464535E-06,6.66667E-04
2.623312,-2.789509E-05,2.397608E-05,-.001
2.624312,-3.17099E-05,-4.319503E-06,3.66667E-03
2.625313,1.049048E-05,-4.779577E-06,-6.66667E-04
2.626313,-7.391005E-06,1.428096E-05,-6.66667E-04
2.627314,-1.978886E-05,2.975028E-05,-.002
2.628314,-1.072889E-05,3.310689E-05,-.001
2.629315,5.483656E-06,3.761635E-05,-.002
2.630315,6.914168E-06,2.044823E-05,.001
2.631316,3.719353E-05,7.431991E-07,6.66667E-04
2.632316,-2.098095E-05,-3.554323E-05,6.66667E-04
2.633317,-4.649186E-05,-3.491552E-05,-.001
2.634317,-2.241146E-05,6.947696E-06,-.002
2.635318,-2.455723E-05,-2.305594E-05,6.66667E-04
2.636318,-9.536801E-06,-5.461113E-05,-.001
2.637319,-2.884876E-05,1.158573E-06,-6.66667E-04
2.638319,-2.956402E-05,1.850363E-05,3.66667E-03
2.63932,1.549732E-05,2.790627E-05,-6.66667E-04
2.64032,2.217304E-05,4.110881E-05,-3.66667E-03
2.641321,-1.287466E-05,3.533089E-05,-6.66667E-04
2.642321,-2.741825E-05,-7.143273E-06,.001
2.643322,-6.198912E-06,1.980935E-05,-6.66667E-04
2.644322,-1.835835E-05,-8.838309E-06,-.001
2.645323,1.144415E-05,-4.047551E-05,6.66667E-04
2.646323,3.17099E-05,-8.538424E-06,6.66667E-04
2.647324,1.311308E-05,4.980742E-06,.002
2.648324,3.147149E-05,7.171213E-06,-.002
2.649325,7.152586E-06,8.929579E-06,-.001
2.650325,-1.358992E-05,9.788258E-06,-6.66667E-04
2.651326,2.765667E-05,8.834584E-06,-2.33333E-03
2.652326,-2.217304E-05,-5.461113E-05,6.66667E-04
2.653327,-2.264988E-05,-5.461113E-05,6.66667E-04
2.654327,-1.907363E-06,-3.363588E-05,.001
2.655328,2.3842E-06,-1.885004E-06,-.002
2.656328,1.33515E-05,-7.668568E-06,6.66667E-04
2.657329,3.099465E-05,-7.381692E-06,6.66667E-04
2.658329,7.152586E-06,1.024274E-05,-.001
2.65933,7.152586E-06,3.850117E-06,6.66667E-04
2.66033,7.629453E-06,-1.121318E-05,-.001
2.661331,-1.454359E-05,-4.940131E-05,-6.66667E-04
2.662331,1.430519E-06,-5.461113E-05,-.001
2.663332,4.529982E-06,-5.461113E-05,-.001
2.664332,-1.6451E-05,-3.255927E-05,-6.66667E-04
2.665333,1.144415E-05,-2.915796E-05,-.001
2.666333,1.597416E-05,-1.199736E-05,.001
2.667334,-1.001364E-05,1.3467E-06,6.66667E-04
2.668334,3.433251E-05,5.460926E-05,-3.66667E-03
2.669335,3.337883E-05,5.460926E-05,6.66667E-04
2.670335,1.883518E-05,5.460926E-05,-6.66667E-04
2.671336,2.598774E-05,5.460926E-05,.001
2.672336,2.694142E-05,1.7468E-05,-.001
2.673337,3.194832E-05,1.011424E-06,-3.66667E-03
2.674337,3.600144E-05,8.342846E-06,-.001
2.675338,2.93256E-05,5.427777E-06,-6.66667E-04
2.676338,3.433251E-05,1.777906E-05,-.002
2.677339,3.433251E-05,2.936658E-05,.001
2.678339,-2.384204E-07,2.457958E-05,6.66667E-04
2.67934,1.478201E-05,-9.825511E-06,.001
2.68034,3.027928E-05,9.529351E-06,-.001
2.681341,3.576293E-06,7.124647E-06,.001
2.682341,2.622616E-05,-1.472054E-05,-.001
2.683342,5.197548E-05,2.808883E-06,-.002
2.684342,3.838562E-05,-6.856426E-06,-.001
2.685343,7.081078E-05,8.32606E-07,-.002
2.686343,6.72345E-05,-5.461113E-05,.001
2.687344,2.861035E-05,-5.461113E-05,-6.66667E-04
2.688344,7.534074E-05,-4.96509E-05,-.002
2.689345,6.771134E-05,-2.803293E-05,-6.66667E-04
2.690345,2.813351E-05,-4.785159E-05,-.002
2.691346,2.002728E-05,-3.936724E-05,6.66667E-04
2.692346,1.597416E-05,6.614282E-06,-.001
2.693347,3.838562E-05,-1.241273E-05,-6.66667E-04
2.694347,6.246613E-05,-1.463859E-05,-.001
2.695348,4.529976E-05,-1.007324E-05,-.001
2.696348,5.745911E-05,-3.652484E-05,-.001
2.697349,4.3154E-05,-3.518551E-06,-.002
2.698349,-2.121937E-05,-2.168689E-05,-.001
2.69935,-1.597416E-05,-5.461113E-05,-.001
2.70035,1.144415E-05,-5.461113E-05,6.66667E-04
2.701351,2.622619E-06,-1.402579E-06,.001
2.702351,1.33515E-05,6.020098E-06,-2.33333E-03
2.703352,-2.169621E-05,1.538929E-05,-.002
2.704352,-8.583115E-05,3.289641E-05,-6.66667E-04
2.705353,-5.722069E-05,-7.929339E-06,6.66667E-04
2.706353,-2.145779E-05,6.975635E-06,-6.66667E-04
2.707354,-9.77522E-06,2.155278E-05,-.001
2.708354,1.716625E-05,2.459076E-05,.001
2.709355,2.169621E-05,3.251829E-05,-.001
2.710355,1.406675E-05,4.40146E-06,6.66667E-04
2.711356,3.361725E-05,9.987561E-06,-6.66667E-04
2.712356,-1.168257E-05,2.43691E-05,-6.66667E-04
2.713357,-2.6703E-05,6.353512E-06,6.66667E-04
2.714357,9.77522E-06,-5.573063E-06,-.002
2.715358,-1.740467E-05,-2.721336E-05,-.001
2.716358,-1.1921E-06,-2.624665E-05,-6.66667E-04
2.717359,1.263624E-05,-1.219293E-05,-.001
2.718359,1.907363E-06,-8.614792E-06,-.002
2.71936,-3.93393E-05,-1.429959E-05,.001
2.72036,-1.764309E-05,-5.461113E-05,-6.66667E-04
2.721361,-3.93393E-05,-3.196881E-05,.001
2.722361,-5.006819E-06,-3.718794E-05,6.66667E-04
2.723362,0,-3.464357E-05,-.001
2.724362,-1.621258E-05,-1.689617E-05,-.001
2.725363,-7.152586E-06,-2.653908E-05,-3.66667E-03
2.726363,-3.814726E-06,-3.007252E-05,.002
2.727364,-1.859677E-05,-4.341663E-05,6.66667E-04
2.728364,1.478201E-05,-5.461113E-05,.001
2.729365,1.382834E-05,-3.109709E-05,-.002
2.730365,2.884876E-05,-2.448645E-05,-6.66667E-04
2.731366,1.573574E-05,-2.030667E-05,6.66667E-04
2.732366,-4.220032E-05,-2.949883E-05,.001
2.733367,-4.434609E-05,-5.203509E-05,-.001
2.734367,3.886246E-05,-4.080147E-05,-6.66667E-04
2.735368,8.225488E-05,1.218735E-05,-.001
2.736368,6.032013E-05,-3.486709E-05,-.001
2.737369,2.384197E-05,-5.024881E-05,6.66667E-04
2.738369,-1.1921E-06,-3.576674E-05,-.001
2.73937,-1.311308E-05,-3.777468E-05,6.66667E-04
2.74037,-1.883518E-05,-1.372777E-06,6.66667E-04
2.741371,-2.169621E-05,-2.144475E-05,-2.33333E-03
2.742371,-8.10629E-06,-3.790692E-05,-.002
2.743372,-3.814721E-05,-2.653908E-05,6.66667E-04
2.744372,-4.005455E-05,4.177378E-05,6.66667E-04
2.745373,-7.152594E-07,9.257383E-07,6.66667E-04
2.746373,8.10629E-06,-1.088722E-05,-6.66667E-04
2.747374,7.629453E-06,-3.900961E-05,6.66667E-04
2.748374,1.90736E-05,-4.953728E-05,-.001
2.749375,-1.263624E-05,-4.751072E-05,.001
2.750375,-3.886246E-05,-4.87084E-05,-.002
2.751376,-1.740467E-05,9.726791E-06,-.002
2.752376,-3.671669E-05,1.599838E-05,-2.33333E-03
2.753377,-2.717983E-05,-1.884077E-05,-3.66667E-03
2.754377,1.6451E-05,-4.297151E-06,-.002
2.755378,2.741825E-05,2.400216E-05,6.66667E-04
2.756378,-1.907363E-06,1.097476E-05,-6.66667E-04
2.757379,-2.789509E-05,1.372217E-05,.001
2.758379,-4.386925E-05,2.381217E-05,.001
2.75938,-4.100823E-05,1.887616E-05,.001
2.76038,-1.668937E-06,2.067175E-05,.001
2.761381,5.245238E-06,2.148014E-05,-6.66667E-04
2.762381,1.025206E-05,2.497819E-05,6.66667E-04
2.763382,-3.814726E-06,2.542522E-05,-.001
2.764382,-3.266358E-05,1.434244E-06,-2.33333E-03
2.765383,-7.987069E-05,-4.834891E-05,-6.66667E-04
2.766383,-1.549732E-05,1.868245E-05,6.66667E-04
2.767384,8.344708E-06,5.448266E-06,.002
2.768384,2.93256E-05,-1.115732E-06,.001
2.769385,2.431881E-05,2.358493E-05,-.002
2.770385,5.960494E-06,3.746548E-05,-6.66667E-04
2.771386,2.598774E-05,3.185519E-05,-.002
2.772386,6.532716E-05,-1.440203E-05,-6.66667E-04
2.773387,2.02657E-05,-2.382149E-05,-6.66667E-04
2.774387,3.743195E-05,1.068047E-05,-.002
2.775388,1.311308E-05,2.939452E-05,.001
2.776388,-3.337875E-06,7.879047E-06,.001
2.777389,-6.675749E-06,2.011296E-05,.001
2.778389,-3.004086E-05,5.460926E-05,-6.66667E-04
2.77939,-3.504776E-05,4.433678E-05,-.001
2.78039,-1.263624E-05,3.287583E-06,2.33333E-03
2.781391,-2.431881E-05,-2.450508E-05,-6.66667E-04
2.782391,-5.006819E-06,-5.461113E-05,-.001
2.783392,-7.629453E-06,-4.761317E-05,.001
2.784392,-2.861035E-05,-3.094436E-05,.001
2.785393,-2.336514E-05,3.820314E-06,-2.33333E-03
2.786393,-9.059964E-06,5.871087E-06,-.002
2.787394,-1.215941E-05,1.662609E-05,6.66667E-04
2.788394,1.597416E-05,-1.09338E-06,-.001
2.789395,-3.576293E-06,-8.38194E-07,6.66667E-04
2.790395,-1.406675E-05,7.2271E-07,-.001
2.791396,8.344708E-06,3.162786E-06,-.002
2.792396,6.437331E-06,2.977077E-05,6.66667E-04
2.793397,4.744553E-05,5.460926E-05,-.001
2.794397,4.19619E-05,2.450135E-05,-.001
2.795398,-3.576293E-06,2.410274E-05,-.001
2.796398,-3.027928E-05,8.938892E-06,6.66667E-04
2.797399,-1.549732E-05,2.650369E-05,-.001
2.798399,-4.053139E-05,2.51272E-05,6.66667E-04
2.7994,-3.886246E-05,-3.706678E-06,-.001
2.8004,-3.719353E-05,2.202776E-05,.001
2.801401,-3.767037E-05,1.215941E-05,.001
2.802401,-3.623986E-05,-1.440948E-05,-.002
2.803402,-2.002728E-05,-3.490612E-06,-6.66667E-04
2.804402,-1.120573E-05,-2.210974E-06,.001
2.805403,-1.1921E-06,8.953793E-06,-3.66667E-03
2.806403,-1.168257E-05,1.055194E-05,-.002
2.807404,-2.455723E-05,-5.792856E-06,.002
2.808404,1.716625E-05,-2.492417E-05,6.66667E-04
2.809405,1.6451E-05,-7.767267E-07,6.66667E-04
2.810405,-4.005455E-05,2.908346E-05,-.002
2.811406,3.814726E-06,-2.262567E-05,.002
2.812406,-1.406675E-05,6.765156E-06,6.66667E-04
2.813407,6.198912E-06,1.071027E-05,-3.66667E-03
2.814407,-1.597416E-05,2.587785E-05,.001
2.815408,-5.86512E-05,3.775978E-05,-6.66667E-04
2.816408,-6.19893E-05,1.372403E-05,-6.66667E-04
2.817409,-2.336514E-05,5.59914E-06,.001
2.818409,-2.717983E-05,1.92599E-06,.001
2.81941,-3.385567E-05,-1.258968E-05,.001
2.82041,-1.478201E-05,5.897164E-06,-.004
2.821411,-3.385567E-05,1.164159E-05,6.66667E-04
2.822411,-2.408039E-05,-3.356501E-06,6.66667E-04
2.823412,5.960494E-06,6.854563E-06,-6.66667E-04
2.824412,-2.622619E-06,1.841423E-05,-6.66667E-04
2.825413,-1.168257E-05,-3.029418E-05,6.66667E-04
2.826413,-3.099456E-06,-1.944427E-05,.001
2.827414,9.536816E-07,-1.187628E-05,-6.66667E-04
2.828414,1.263624E-05,-1.089839E-05,-.002
2.829415,-4.053145E-06,-4.902511E-06,-.002
2.830415,-2.527249E-05,-2.590954E-06,.001
2.831416,-7.391005E-06,1.662795E-05,-.002
2.832416,1.430519E-06,1.195824E-05,-6.66667E-04
2.833417,9.77522E-06,-1.771573E-05,-6.66667E-04
2.834417,5.483656E-06,-1.286162E-05,-3.66667E-03
2.835418,-1.311308E-05,9.361713E-06,-.002
2.836418,-7.391005E-06,-1.801185E-06,-.001
2.837419,1.215941E-05,-1.113309E-05,6.66667E-04
2.838419,-1.406675E-05,-1.186138E-05,6.66667E-04
2.83942,-6.437331E-06,-2.039049E-05,6.66667E-04
2.84042,-2.503407E-05,-7.996394E-06,-6.66667E-04
2.841421,2.241146E-05,5.460926E-05,-.001
2.842421,3.361725E-05,5.460926E-05,-6.66667E-04
2.843422,6.985711E-05,4.946836E-05,-6.66667E-04
2.844422,4.816079E-05,4.254491E-05,-.001
2.845423,3.314042E-05,2.798077E-05,.001
2.846423,4.744553E-05,3.275671E-05,6.66667E-04
2.847424,3.576302E-05,4.43405E-05,.002
2.848424,6.032013E-05,4.681037E-05,-6.66667E-04
2.849425,4.148507E-05,5.460926E-05,.002
2.850425,7.152586E-06,1.969573E-05,-.001
2.851426,-4.529982E-06,-3.943249E-06,6.66667E-04
2.852426,0,5.530223E-06,-.001
2.853427,-1.621258E-05,-5.839422E-06,6.66667E-04
2.854427,1.430519E-06,-1.082203E-05,.001
2.855428,-2.384204E-07,2.342102E-05,-6.66667E-04
2.856428,-1.406675E-05,1.66801E-05,-6.66667E-04
2.857429,-5.722075E-06,1.356384E-05,-3.66667E-03
2.858429,-2.098095E-05,2.442871E-05,-.002
2.85943,3.600144E-05,-2.805528E-05,-6.66667E-04
2.86043,5.912804E-05,1.198059E-05,.001
2.861431,1.692784E-05,5.66247E-06,.001
2.862431,7.152594E-07,-6.096467E-06,-6.66667E-04
2.863432,8.10629E-06,1.124671E-05,-.001
2.864432,6.914168E-06,3.244937E-05,-.001
2.865433,6.485032E-05,1.93232E-05,.002
2.866433,6.628083E-05,1.372217E-05,-.002
2.867434,5.197548E-05,-2.525013E-05,6.66667E-04
2.868434,4.911446E-05,-3.249221E-05,.001
2.869435,2.050411E-05,1.931947E-05,-.001
2.870435,9.059964E-06,3.04674E-05,-6.66667E-04
2.871436,8.583127E-06,4.048855E-05,-6.66667E-04
2.872436,4.768401E-06,5.460926E-05,-6.66667E-04
2.873437,-1.907363E-06,3.862591E-05,6.66667E-04
2.874437,6.437331E-06,1.38898E-05,6.66667E-04
2.875438,1.430519E-06,3.816589E-06,-.002
2.876438,1.764309E-05,-5.461113E-05,-.002
2.877439,4.19619E-05,-5.461113E-05,6.66667E-04
2.878439,6.318139E-05,-2.411578E-05,-6.66667E-04
2.87944,3.886246E-05,-4.004897E-05,6.66667E-04
2.88044,3.600144E-05,-4.360662E-05,-.001
2.881441,3.314042E-05,1.474476E-05,-6.66667E-04
2.882441,5.006819E-06,1.884077E-05,.002
2.883442,9.536816E-07,2.218608E-05,-6.66667E-04
2.884442,-7.152586E-06,6.379589E-06,.001
2.885443,-1.549732E-05,-5.461113E-05,-.001
2.886443,-6.437331E-06,-4.874938E-05,6.66667E-04
2.887444,7.867871E-06,-4.0496E-05,.001
2.888444,8.344708E-06,-4.046992E-05,-6.66667E-04
2.889445,-4.768408E-07,-4.762813E-06,-6.66667E-04
2.890445,-6.914168E-06,2.18061E-05,-.002
2.891446,-3.504776E-05,2.947834E-05,-6.66667E-04
2.892446,-7.319497E-05,3.090897E-05,.001
2.893447,-4.506134E-05,3.688061E-05,6.66667E-04
2.894447,3.004086E-05,5.315081E-05,-.001
2.895448,7.629453E-06,5.460926E-05,6.66667E-04
2.896448,2.3842E-06,5.460926E-05,6.66667E-04
2.897449,4.148507E-05,5.460926E-05,-.001
2.898449,4.553818E-05,3.774115E-05,-.001
2.89945,4.291558E-05,-1.667265E-05,-.001
2.90045,3.647828E-05,3.24084E-05,-.001
2.901451,9.77522E-06,3.554323E-05,.001
2.902451,-2.717983E-05,4.98633E-06,6.66667E-04
2.903452,-6.198912E-06,-6.653398E-06,.001
2.904452,-1.168257E-05,-1.380785E-05,-6.66667E-04
2.905453,-1.430519E-06,-2.886553E-05,-6.66667E-04
2.906453,-4.768395E-05,-1.867686E-05,-.001
2.907454,-7.271813E-05,-5.461113E-05,.001
2.908454,-4.482293E-05,-5.461113E-05,.002
2.909455,6.198912E-06,-2.923061E-05,-.001
2.910455,-1.072889E-05,-2.968509E-05,-2.33333E-03
2.911456,-1.168257E-05,-2.950255E-05,-2.33333E-03
2.912456,-1.716625E-05,-1.451751E-05,.001
2.913457,-1.90736E-05,-3.031839E-05,-.002
2.914457,-2.3842E-06,-3.753245E-06,-.001
2.915458,-1.716625E-05,2.590765E-05,-.001
2.916458,-7.867871E-06,6.428018E-06,6.66667E-04
2.917459,2.455723E-05,-1.102692E-05,-.001
2.918459,8.583127E-06,2.235372E-05,-6.66667E-04
2.91946,1.096731E-05,2.032344E-05,-2.33333E-03
2.92046,6.46119E-05,5.460926E-05,-.002
2.921461,3.647828E-05,5.460926E-05,-6.66667E-04
2.922461,3.218674E-05,4.560151E-05,-.001
2.923462,7.939385E-05,2.868858E-05,-.002
2.924462,8.964585E-05,-2.342474E-05,.001
2.925463,9.441422E-05,9.22013E-07,-6.66667E-04
2.926463,7.510232E-05,-2.918032E-05,-2.33333E-03
2.927464,7.74865E-05,-2.048921E-08,6.66667E-04
2.928464,1.051431E-04,-3.182911E-05,.001
2.929465,9.512948E-05,-2.420519E-05,-6.66667E-04
2.930465,1.082425E-04,-2.041284E-05,-.002
2.931466,1.080041E-04,-8.622243E-06,-.001
2.932466,8.797692E-05,3.979937E-05,-.004
2.933467,3.480935E-05,5.714624E-06,-.002
2.934467,3.194832E-05,-2.58853E-05,-2.33333E-03
2.935468,4.3154E-05,6.560265E-06,-.002
2.936468,7.462548E-05,2.101075E-05,-.002
2.937469,9.727525E-05,1.603377E-05,.001
2.938469,3.910088E-05,2.018746E-05,-2.33333E-03
2.93947,3.910088E-05,1.730036E-05,-.002
2.94047,6.699609E-05,-9.361713E-06,-6.66667E-04
2.941471,3.695511E-05,-5.267956E-05,-3.66667E-03
2.942471,3.528618E-05,-5.461113E-05,-6.66667E-04
2.943472,4.744553E-05,-3.976398E-05,-.002
2.944472,1.740467E-05,-4.46646E-05,-3.66667E-03
2.945473,9.536816E-07,-4.519173E-05,.001
2.946473,3.099456E-06,-1.285604E-05,6.66667E-04
2.947474,-1.33515E-05,-7.240131E-06,.001
2.948474,2.193463E-05,6.632908E-06,-6.66667E-04
2.949475,2.074253E-05,1.577486E-05,-.001
2.950475,-6.675749E-06,-1.062459E-05,-.001
2.951476,-1.931202E-05,-2.038118E-05,6.66667E-04
2.952476,1.430517E-05,-1.415616E-05,.001
2.953477,1.668942E-05,8.974283E-06,-6.66667E-04
2.954477,5.483656E-06,1.037872E-05,-.002
2.955478,-6.198912E-06,3.473298E-05,-.001
2.956478,-7.629453E-06,6.249204E-06,-6.66667E-04
2.957479,1.597416E-05,-1.908105E-05,6.66667E-04
2.958479,2.28883E-05,1.02148E-05,6.66667E-04
2.95948,2.813351E-05,2.07742E-05,6.66667E-04
2.96048,7.820176E-05,4.024641E-05,.001
2.961481,5.245232E-05,4.663528E-05,-6.66667E-04
2.962481,1.931202E-05,2.333906E-05,-6.66667E-04
2.963482,9.298383E-06,1.325837E-05,-6.66667E-04
2.964482,-2.861035E-05,5.349546E-06,.001
2.965483,-2.050411E-05,-1.984846E-05,-6.66667E-04
2.966483,2.264988E-05,-1.049048E-05,-6.66667E-04
2.967484,1.931202E-05,1.261575E-05,-.001
2.968484,1.311308E-05,1.977582E-05,-6.66667E-04
2.969485,6.198912E-06,3.093877E-05,-6.66667E-04
2.970485,3.099456E-06,8.739589E-06,-6.66667E-04
2.971486,1.931202E-05,2.150063E-05,.001
2.972486,4.982972E-05,4.058168E-05,-.001
2.973487,2.408039E-05,5.314156E-06,-.001
2.974487,3.767037E-05,-2.408415E-06,6.66667E-04
2.975488,4.029297E-05,2.085988E-05,-2.33333E-03
2.976488,7.391005E-06,1.948711E-05,-6.66667E-04
2.977489,3.218674E-05,1.571712E-05,6.66667E-04
2.978489,-1.668937E-06,2.577726E-05,-6.66667E-04
2.97949,-1.978886E-05,2.591882E-05,6.66667E-04
2.98049,7.581757E-05,2.527249E-05,-6.66667E-04
2.981491,6.771134E-05,6.437331E-06,6.66667E-04
2.982491,2.598774E-05,-3.231713E-05,-.001
2.983492,8.344708E-06,-4.042522E-05,-6.66667E-04
2.984492,-1.621258E-05,-8.437819E-07,6.66667E-04
2.985493,-2.455723E-05,-4.86154E-07,-6.66667E-04
2.986493,-3.218674E-05,-1.507817E-05,-.001
2.987494,-2.55109E-05,-2.717797E-05,-.002
2.988494,-2.384197E-05,-5.461113E-05,6.66667E-04
2.989495,1.859677E-05,-2.442871E-05,6.66667E-04
2.990495,-2.050411E-05,8.001982E-06,6.66667E-04
2.991496,-4.363083E-05,1.666148E-05,-6.66667E-04
2.992496,-3.17099E-05,4.927092E-05,-6.66667E-04
2.993497,-2.455723E-05,3.345148E-05,.001
2.994497,1.215941E-05,3.092759E-05,6.66667E-04
2.995498,1.358992E-05,4.249276E-05,-.001
2.996498,-1.621258E-05,3.864453E-05,-6.66667E-04
2.997499,-2.6703E-05,3.594183E-05,-.002
2.998499,-2.646458E-05,3.85514E-05,-.001
2.9995,-1.239782E-05,3.069849E-05,-3.66667E-03
3.0005,1.311308E-05,1.527753E-05,.002
3.001501,-1.692784E-05,1.71141E-05,-6.66667E-04
3.002501,-3.147149E-05,-2.866809E-05,-6.66667E-04
3.003502,2.527249E-05,6.206363E-06,.001
3.004502,9.536801E-06,1.109956E-05,-.002
3.005503,1.454359E-05,-2.83831E-05,-2.33333E-03
3.006503,2.193463E-05,1.527376E-06,-3.66667E-03
3.007504,-1.788151E-05,-1.554948E-05,-6.66667E-04
3.008504,-2.169621E-05,-5.42237E-05,-6.66667E-04
3.009505,-1.144415E-05,-3.203773E-05,-6.66667E-04
3.010505,2.646458E-05,-5.377486E-06,6.66667E-04
3.011506,3.218674E-05,-1.815346E-05,6.66667E-04
3.012506,3.767037E-05,1.781632E-05,6.66667E-04
3.013507,1.621258E-05,5.460926E-05,-.001
3.014507,2.574932E-05,4.172162E-05,.001
3.015508,2.837193E-05,1.760398E-05,.002
3.016508,5.006819E-06,1.683284E-05,-.001
3.017509,3.433251E-05,1.404254E-05,-.001
3.018509,1.430517E-05,9.898155E-06,6.66667E-04
3.01951,-4.291564E-06,-5.304842E-06,6.66667E-04
3.02051,2.479565E-05,-2.061774E-05,2.33333E-03
3.021511,3.504776E-05,3.946974E-06,6.66667E-04
3.022511,2.884876E-05,-1.689803E-05,6.66667E-04
3.023512,1.430517E-05,1.303299E-05,.001
3.024512,1.931202E-05,9.752868E-06,-.001
3.025513,2.193463E-05,-1.591083E-05,-6.66667E-04
3.026513,4.625344E-05,-1.090212E-05,-6.66667E-04
3.027514,4.339241E-05,1.817395E-05,-.002
3.028514,2.312672E-05,4.181667E-06,6.66667E-04
3.029515,9.298383E-06,3.291309E-06,-6.66667E-04
3.030515,-1.740467E-05,-3.552079E-06,-.002
3.031516,-6.175088E-05,-1.98913E-05,-.002
3.032516,9.77522E-06,-1.451008E-06,-.002
3.033517,-3.337875E-06,-2.420333E-05,-.004
3.034517,-5.722075E-06,-2.677192E-05,-2.33333E-03
3.035518,1.430517E-05,-1.879607E-05,-6.66667E-04
3.036518,8.10629E-06,-5.05487E-05,-2.33333E-03
3.037519,9.298383E-06,-5.461113E-05,-.001
3.038519,-1.33515E-05,-1.640071E-05,-.001
3.03952,-4.363083E-05,-4.639878E-06,.002
3.04052,-1.692784E-05,-1.119828E-05,-.001
3.041521,4.053145E-06,-8.344708E-06,.001
3.042521,-4.053145E-06,-3.454858E-05,-.002
3.043522,-2.384204E-07,-3.350549E-05,-6.66667E-04
3.044522,6.437331E-06,1.047371E-05,-.001
3.045523,2.336514E-05,9.425021E-07,.002
3.046523,1.621258E-05,-3.935798E-06,-6.66667E-04
3.047524,-1.1921E-06,-1.370913E-05,6.66667E-04
3.048524,3.027928E-05,-4.310557E-05,-.001
3.049525,1.33515E-05,-2.148573E-05,2.33333E-03
3.050525,-2.050411E-05,1.221529E-05,-.001
3.051526,-4.768408E-07,4.638016E-06,6.66667E-04
3.052526,5.078339E-05,2.26238E-05,-.001
3.053527,4.673027E-05,2.091017E-05,.001
3.054527,3.433251E-05,-4.397734E-06,-.002
3.055528,-5.722075E-06,-1.918534E-07,-6.66667E-04
3.056528,-6.222771E-05,-1.414312E-05,.001
3.057529,-3.337883E-05,-1.574506E-05,-.001
3.058529,-9.536801E-06,5.885988E-06,-.002
3.05953,-1.788151E-05,-2.719476E-06,.001
3.06053,-1.33515E-05,-2.238539E-05,-.001
3.061531,-3.123307E-05,-8.262752E-06,-.002
3.062531,-1.168257E-05,-2.409157E-05,-6.66667E-04
3.063532,1.406675E-05,-2.351415E-05,-.001
3.064532,2.145779E-05,-6.889954E-06,.002
3.065533,4.529976E-05,2.195884E-05,-.001
3.066533,2.431881E-05,4.215748E-05,-6.66667E-04
3.067534,-2.837193E-05,-8.251554E-07,-.002
3.068534,-8.10629E-06,-2.380286E-05,-.002
3.069535,2.002728E-05,-2.784666E-05,6.66667E-04
3.070535,5.722075E-06,-1.925242E-05,.001
3.071536,1.811993E-05,-9.00781E-06,6.66667E-04
3.072536,2.431881E-05,2.753187E-05,-6.66667E-04
3.073537,3.814726E-06,1.684588E-05,-6.66667E-04
3.074537,1.764309E-05,6.195187E-06,-6.66667E-04
3.075538,1.263624E-05,9.266718E-06,-.001
3.076538,2.336514E-05,-1.816463E-05,-.002
3.077539,6.318139E-05,-5.409704E-05,-6.66667E-04
3.078539,2.002728E-05,-4.15559E-06,-.001
3.07954,-4.768401E-06,-1.704518E-05,.002
3.08054,2.622619E-06,-7.357477E-06,-6.66667E-04
3.081541,2.598774E-05,2.549228E-05,6.66667E-04
3.082541,-6.198912E-06,2.325338E-05,6.66667E-04
3.083542,-2.098095E-05,-1.73413E-06,-.001
3.084542,-3.051781E-05,4.999369E-06,6.66667E-04
3.085543,-6.246613E-05,-2.38308E-05,-2.33333E-03
3.086543,-2.884876E-05,-2.557796E-05,.001
3.087544,-5.126023E-05,3.277534E-05,-.001
3.088544,-4.220032E-05,-1.154846E-05,.001
3.089545,-2.336514E-05,-1.957093E-05,6.66667E-04
3.090545,-2.837193E-05,-1.345767E-05,-.002
3.091546,-4.506134E-05,-2.682034E-05,-6.66667E-04
3.092546,-3.194832E-05,-6.126269E-06,-2.33333E-03
3.093547,-5.269074E-05,6.040587E-06,-.002
3.094547,-3.767037E-05,-6.534188E-06,-.001
3.095548,-3.337875E-06,-1.30125E-05,-6.66667E-04
3.096548,-7.152594E-07,6.396353E-06,6.66667E-04
3.097549,2.6703E-05,8.629693E-06,-.002
3.098549,1.215941E-05,1.097105E-06,-6.66667E-04
3.09955,-2.598774E-05,-3.185141E-07,.001
3.10055,-1.049048E-05,-4.687742E-05,-.002
3.101551,-1.621258E-05,-3.048975E-05,-6.66667E-04
3.102551,-8.10629E-06,-2.246734E-05,-6.66667E-04
3.103552,1.144415E-05,-5.966082E-06,-6.66667E-04
3.104552,-1.406675E-05,5.159556E-06,-.001
3.105553,-3.647828E-05,-7.506489E-06,.001
3.106553,8.10629E-06,-7.653667E-06,-.002
3.107554,2.360356E-05,-1.993601E-05,-.001
3.108554,-3.337875E-06,-8.024334E-06,-.001
3.109555,7.152586E-06,-5.533948E-06,-.002
3.110555,8.821546E-06,-5.055248E-06,6.66667E-04
3.111556,7.629441E-05,5.460926E-05,-6.66667E-04
3.112556,6.866502E-05,5.460926E-05,-.001
3.113557,2.193463E-05,2.760824E-05,-2.33333E-03
3.114557,3.2902E-05,-4.823157E-05,-6.66667E-04
3.115558,1.6451E-05,-1.193589E-05,.001
3.116558,-1.239782E-05,7.692783E-06,-2.33333E-03
3.117559,-5.698227E-05,-2.145965E-05,-.001
3.118559,-1.859677E-05,3.714129E-06,-.002
3.11956,-4.625344E-05,1.258781E-05,.001
3.12056,-2.55109E-05,-2.143919E-06,6.66667E-04
3.121561,8.10629E-06,2.071832E-05,-6.66667E-04
3.122561,1.597416E-05,-6.055488E-06,.001
3.123562,5.435967E-05,-1.025019E-05,-2.33333E-03
3.124562,6.532716E-05,2.242636E-05,-6.66667E-04
3.125563,4.291558E-05,3.036868E-05,.001
3.126563,3.480935E-05,4.05687E-06,.001
3.127564,5.006819E-06,2.398167E-05,-.002
3.128564,2.145779E-05,2.125849E-05,-.001
3.129565,4.911446E-05,1.485838E-05,.001
3.130565,1.716625E-05,5.460926E-05,-6.66667E-04
3.131566,3.147149E-05,3.925734E-05,-.002
3.132566,4.291558E-05,2.616283E-05,-.002
3.133567,4.291558E-05,4.490488E-05,-.002
3.134567,6.127404E-05,3.047113E-05,6.66667E-04
3.135568,1.175408E-04,4.404993E-05,-.001
3.136568,1.621256E-04,4.440942E-05,.002
3.137569,1.866827E-04,9.862764E-06,-.001
3.138569,1.814375E-04,-4.064688E-05,.001
3.13957,1.819143E-04,-4.073628E-05,-.002
3.14057,2.553482E-04,-5.461113E-05,-.001
3.141571,2.853889E-04,-3.216439E-05,6.66667E-04
3.142571,2.7919E-04,-3.545382E-05,.001
3.143572,2.973098E-04,-1.542282E-05,-.002
3.144572,3.359336E-04,3.97882E-05,6.66667E-04
3.145573,2.934951E-04,-2.313231E-05,6.66667E-04
3.146573,2.641696E-04,-3.030908E-05,-6.66667E-04
3.147574,1.976499E-04,-2.220098E-05,-.001
3.148574,1.533041E-04,-2.409157E-05,6.66667E-04
3.149575,1.108651E-04,-3.373265E-06,-2.33333E-03
3.150575,6.032013E-05,4.507066E-05,.001
3.151576,4.19619E-05,2.882641E-05,-.001
3.152576,6.008171E-05,-7.39473E-06,-.002
3.153577,2.956402E-05,-3.507757E-05,.001
3.154577,1.049048E-05,-5.461113E-05,.001
3.155578,-6.914168E-06,4.71251E-07,-6.66667E-04
3.156578,-4.053145E-06,2.710347E-05,.001
3.157579,2.217304E-05,-1.052028E-05,-2.33333E-03
3.158579,6.675767E-05,-7.934927E-06,6.66667E-04
3.15958,6.294297E-05,8.456445E-07,6.66667E-04
3.16058,4.57766E-05,3.201538E-05,-6.66667E-04
3.161581,2.55109E-05,4.096725E-05,-6.66667E-04
3.162581,9.536801E-06,3.047672E-05,-.001
3.163582,5.197548E-05,4.656636E-08,-.002
3.164582,2.55109E-05,2.256234E-05,6.66667E-04
3.165583,-2.55109E-05,-1.035264E-05,.001
3.166583,-1.358992E-05,-2.6947E-05,-.001
3.167584,4.291564E-06,1.048116E-05,-.001
3.168584,2.861035E-05,3.290013E-05,-6.66667E-04
3.169585,2.241146E-05,1.561095E-05,-6.66667E-04
3.170585,1.001364E-05,3.390029E-06,-6.66667E-04
3.171586,-1.430517E-05,1.197688E-06,-6.66667E-04
3.172586,1.692784E-05,1.786284E-06,-.002
3.173587,5.006819E-06,3.824965E-05,6.66667E-04
3.174587,2.956402E-05,-3.12312E-05,.001
3.175588,6.151246E-05,-7.966592E-06,-.001
3.176588,4.553818E-05,4.58865E-05,-.002
3.177589,2.861035E-05,1.979817E-05,6.66667E-04
3.178589,2.384197E-05,1.89842E-05,-.001
3.17959,6.198912E-06,1.043273E-05,-6.66667E-04
3.18059,-1.144415E-05,1.683284E-05,.002
3.181591,-1.668942E-05,2.8927E-05,.001
3.182591,-2.622616E-05,5.460926E-05,6.66667E-04
3.183592,8.344708E-06,5.460926E-05,-.001
3.184592,1.215941E-05,5.460926E-05,-.001
3.185593,-2.408039E-05,5.024322E-05,-6.66667E-04
3.186593,1.120573E-05,1.534272E-05,-6.66667E-04
3.187594,2.312672E-05,-4.544872E-07,.001
3.188594,2.145779E-05,-3.89854E-05,-6.66667E-04
3.189595,-1.096731E-05,-3.507943E-05,6.66667E-04
3.190595,-3.385567E-05,-2.902385E-05,-.001
3.191596,5.245238E-06,-2.082263E-05,-6.66667E-04
3.192596,3.576302E-05,-7.823155E-08,-6.66667E-04
3.193597,2.789509E-05,1.092447E-05,.001
3.194597,-7.391005E-06,-1.788524E-05,-6.66667E-04
3.195598,6.437331E-06,-1.558301E-05,-6.66667E-04
3.196598,-1.406675E-05,-1.077546E-05,-.002
3.197599,-1.502043E-05,-2.89717E-05,-3.66667E-03
3.198599,5.483656E-06,-8.916541E-06,-6.66667E-04
3.1996,-6.914168E-06,2.368179E-05,.001
3.2006,6.437331E-06,2.57903E-05,-.002
3.201601,1.6451E-05,4.485279E-06,-6.66667E-04
3.202601,-2.169621E-05,2.629322E-05,.001
3.203602,-1.049048E-05,1.717366E-06,-.002
3.204602,-1.549732E-05,5.923241E-06,-6.66667E-04
3.205603,-2.002728E-05,7.854833E-06,6.66667E-04
3.206603,-1.263624E-05,1.011236E-05,-.001
3.207604,-9.059964E-06,2.348621E-05,2.33333E-03
3.208604,-1.120573E-05,-4.898793E-07,6.66667E-04
3.209605,1.430517E-05,8.421077E-06,-6.66667E-04
3.210605,-1.406675E-05,2.673466E-05,-6.66667E-04
3.211606,-3.409409E-05,-1.163041E-05,-6.66667E-04
3.212606,-3.93393E-05,-2.161798E-05,.001
3.213607,2.765667E-05,-1.227675E-05,.001
3.214607,1.573574E-05,-2.776657E-05,-6.66667E-04
3.215608,4.267716E-05,-2.153416E-05,-.002
3.216608,3.099465E-05,-1.159316E-05,-6.66667E-04
3.217609,-2.622619E-06,-2.346199E-05,-.001
3.218609,-1.883518E-05,9.499536E-08,.001
3.21961,-4.83992E-05,-3.893324E-05,-6.66667E-04
3.22061,-5.793595E-05,-3.720471E-05,-.002
3.221611,-7.152604E-05,-1.17608E-05,-6.66667E-04
3.222611,-1.90736E-05,1.088349E-05,-.002
3.223612,-1.192099E-05,9.816198E-06,.001
3.224612,-2.694142E-05,4.657009E-05,-6.66667E-04
3.225613,-7.891702E-05,5.460926E-05,6.66667E-04
3.226614,-1.931202E-05,5.460926E-05,-.001
3.227614,1.096731E-05,4.762621E-05,.001
3.228614,2.02657E-05,3.272682E-06,-6.66667E-04
3.229615,1.478201E-05,-3.362089E-06,-.002
3.230615,3.218674E-05,3.803545E-05,-.002
3.231616,1.049048E-05,5.460926E-05,2.33333E-03
3.232616,5.340599E-05,4.227669E-05,.001
3.233617,3.147149E-05,5.460926E-05,-.002
3.234617,3.814726E-06,2.24096E-05,6.66667E-04
3.235618,8.583127E-06,-1.411892E-06,.001
3.236619,1.90736E-05,-2.382338E-06,.001
3.237619,2.312672E-05,2.684086E-06,2.33333E-03
3.238619,7.629453E-06,2.479192E-05,-6.66667E-04
3.23962,1.096731E-05,3.346638E-05,-.001
3.24062,2.622619E-06,1.726684E-05,-.001
3.241621,-9.536801E-06,2.457958E-05,-.001
3.242621,-1.835835E-05,3.261701E-05,.001
3.243622,-1.525891E-05,5.215443E-07,-6.66667E-04
3.244622,3.099456E-06,-1.275359E-05,-6.66667E-04
3.245623,-3.433251E-05,2.224569E-05,-6.66667E-04
3.246624,-2.503407E-05,5.954906E-06,-.002
3.247624,-1.692784E-05,1.140317E-05,-.002
3.248624,-3.2902E-05,-8.974283E-06,-6.66667E-04
3.249625,-5.006819E-06,-2.490182E-05,-6.66667E-04
3.250625,3.814726E-06,1.819812E-06,-.002
3.251626,-3.2902E-05,9.831099E-06,-.002
3.252626,-1.502043E-05,1.557369E-05,-6.66667E-04
3.253627,-1.072889E-05,1.925242E-05,.002
3.254627,-1.6451E-05,-2.913561E-05,2.33333E-03
3.255628,-1.239782E-05,-4.148507E-05,-.002
3.256629,-1.287466E-05,-2.939266E-05,-3.66667E-03
3.257629,-3.337875E-06,-1.687941E-05,-6.66667E-04
3.258629,8.10629E-06,-2.246175E-05,-6.66667E-04
3.25963,2.145782E-06,1.650311E-06,-.001
3.26063,1.621258E-05,-4.023523E-05,-3.66667E-03
3.261631,1.668942E-05,-2.871465E-05,-.001
3.262631,-1.263624E-05,-2.462056E-05,-.002
3.263632,-3.433251E-05,-2.995148E-06,-.002
3.264632,-2.217304E-05,1.776975E-05,-2.33333E-03
3.265633,-1.549732E-05,1.345767E-05,2.33333E-03
3.266634,3.194832E-05,2.191786E-05,6.66667E-04
3.267634,6.794976E-05,-3.611683E-06,-.002
3.268634,4.83992E-05,-1.222274E-05,-6.66667E-04
3.269635,1.549732E-05,-2.572328E-06,-.001
3.270635,9.77522E-06,3.216803E-06,6.66667E-04
3.271636,-9.536801E-06,-2.585363E-05,-6.66667E-04
3.272636,1.811993E-05,-4.727789E-05,-.002
3.273637,3.433251E-05,-3.449642E-05,-3.66667E-03
3.274637,-1.668937E-06,-7.284834E-06,-6.66667E-04
3.275638,1.096731E-05,-1.382647E-05,-.001
3.276639,1.931202E-05,3.483165E-07,-.004
3.277639,-6.914168E-06,-1.588844E-06,-6.66667E-04
3.278639,1.549732E-05,-6.139308E-06,6.66667E-04
3.27964,2.3842E-06,2.295722E-05,-6.66667E-04
3.28064,-3.814726E-06,1.613994E-05,6.66667E-04
3.281641,-5.960494E-06,7.052004E-06,.001
3.282641,-3.2902E-05,1.407048E-05,-.002
3.283642,-2.55109E-05,-1.303485E-05,.001
3.284642,2.479565E-05,6.442919E-06,-.002
3.285643,2.145779E-05,-8.549599E-06,6.66667E-04
3.286644,4.3154E-05,-1.005275E-05,-.002
3.287644,5.22139E-05,-8.855073E-06,-6.66667E-04
3.288644,3.528618E-05,-1.291005E-05,.001
3.289645,-1.740467E-05,-5.461113E-05,-.001
3.290645,-2.074253E-05,-5.461113E-05,-.002
3.291646,-3.886246E-05,-4.300498E-05,-6.66667E-04
3.292646,-2.622616E-05,-4.874938E-05,6.66667E-04
3.293647,1.096731E-05,-1.39047E-05,-.002
3.294647,-4.95913E-05,2.048924E-06,-6.66667E-04
3.295648,-1.573574E-05,1.824286E-05,6.66667E-04
3.296649,-4.053145E-06,2.810929E-05,6.66667E-04
3.297649,2.217304E-05,3.461004E-05,-6.66667E-04
3.298649,-1.1921E-06,1.599838E-05,-3.66667E-03
3.29965,-3.623986E-05,5.144655E-06,.001
3.30065,-5.650544E-05,-8.560775E-06,6.66667E-04
3.301651,-2.837193E-05,9.575917E-06,-.001
3.302651,-2.121937E-05,2.581824E-05,6.66667E-04
3.303652,-2.622616E-05,1.157454E-05,.001
3.304652,-4.768401E-06,1.858559E-05,-6.66667E-04
3.305653,-3.17099E-05,1.437223E-05,-.002
3.306653,-3.17099E-05,6.759568E-06,-6.66667E-04
3.307654,-3.099456E-06,3.472739E-05,-6.66667E-04
3.308654,2.02657E-05,5.460926E-05,-.001
3.309655,2.360356E-05,3.073947E-05,.001
3.310655,2.431881E-05,3.575184E-05,-6.66667E-04
3.311656,0,1.840491E-05,-.001
3.312656,1.430519E-06,5.932554E-06,-.002
3.313657,-5.006819E-06,2.743691E-06,-.001
3.314657,-3.075623E-05,9.33191E-06,-.001
3.315658,-7.867871E-06,1.602818E-05,2.33333E-03
3.316658,-7.152594E-07,2.24394E-05,-.002
3.317659,-1.478201E-05,1.109397E-05,-6.66667E-04
3.318659,1.144415E-05,-1.022412E-05,-6.66667E-04
3.31966,1.573574E-05,2.271321E-05,-.002
3.32066,-3.790879E-05,4.108646E-05,-.001
3.321661,1.573574E-05,-3.924058E-05,6.66667E-04
3.322661,-7.152594E-07,-3.778771E-05,-6.66667E-04
3.323662,-2.884876E-05,-1.267908E-05,-.001
3.324662,-1.001364E-05,8.886738E-06,6.66667E-04
3.325663,4.768408E-07,4.270696E-05,-.002
3.326663,-1.454359E-05,2.4913E-05,-.001
3.327664,1.072889E-05,1.970876E-05,-.002
3.328664,1.263624E-05,7.361203E-06,-6.66667E-04
3.329665,2.3842E-06,-9.559153E-06,-.002
3.330665,-1.406675E-05,-1.969759E-05,-.001
3.331666,-2.384197E-05,-1.259713E-05,.001
3.332666,1.1921E-06,7.230818E-06,-.001
3.333667,6.198912E-06,1.930085E-05,-.002
3.334667,-2.217304E-05,1.995091E-05,-6.66667E-04
3.335668,-5.722075E-06,9.238756E-07,.001
3.336668,8.583127E-06,6.500668E-07,-.001
3.337669,1.621258E-05,-1.694832E-05,.002
3.338669,3.671669E-05,-2.95901E-05,-.002
3.33967,2.360356E-05,-2.069224E-05,6.66667E-04
3.34067,1.430519E-06,-1.37203E-05,6.66667E-04
3.341671,2.789509E-05,-2.893072E-05,-.001
3.342671,3.55246E-05,-1.883142E-06,-.001
3.343672,3.099456E-06,8.158422E-07,-.002
3.344672,1.692784E-05,-1.361786E-05,-6.66667E-04
3.345673,2.646458E-05,-5.461113E-05,-.001
3.346673,1.263624E-05,-5.461113E-05,-6.66667E-04
3.347674,-6.628083E-05,-4.97608E-05,.001
3.348674,-6.270455E-05,-9.121432E-06,.001
3.349675,1.621258E-05,2.466526E-05,-.001
3.350675,2.527249E-05,5.460926E-05,-6.66667E-04
3.351676,-8.344708E-06,5.460926E-05,-6.66667E-04
3.352676,-2.479565E-05,1.585681E-05,-.002
3.353677,4.768401E-06,-5.530223E-06,-6.66667E-04
3.354677,3.099456E-06,-1.796347E-05,-.001
3.355678,6.198912E-06,-2.950255E-05,6.66667E-04
3.356678,-3.337875E-06,-2.250646E-05,-2.33333E-03
3.357679,-1.811993E-05,-1.435919E-05,.001
3.358679,1.549732E-05,-2.08636E-05,-6.66667E-04
3.35968,3.695511E-05,-1.14367E-05,-.002
3.36068,2.622619E-06,-3.572568E-06,-6.66667E-04
3.361681,4.768408E-07,-7.765426E-06,-.001
3.362681,-1.90736E-05,2.543826E-05,.001
3.363682,-2.455723E-05,2.002355E-05,-6.66667E-04
3.364682,-1.287466E-05,-1.74978E-05,-.001
3.365683,-2.956402E-05,-2.792676E-05,-2.33333E-03
3.366683,-1.168257E-05,-4.936592E-05,.001
3.367684,1.478201E-05,-1.464976E-05,-6.66667E-04
3.368684,-8.344708E-06,1.664658E-05,-6.66667E-04
3.369685,-6.437331E-06,3.929832E-05,-.001
3.370685,-2.527249E-05,5.460926E-05,6.66667E-04
3.371686,-1.668942E-05,5.460926E-05,-6.66667E-04
3.372686,-4.529982E-06,1.050165E-05,-.002
3.373687,3.051781E-05,-1.154847E-06,-.001
3.374687,-3.647828E-05,-4.543021E-06,-6.66667E-04
3.375688,-4.768408E-07,-5.4423E-05,.002
3.376688,1.192099E-05,1.578603E-05,-6.66667E-04
3.377689,-1.764309E-05,2.942618E-05,-.001
3.378689,1.835835E-05,1.441879E-05,-6.66667E-04
3.37969,3.480935E-05,6.357237E-06,-.001
3.38069,-4.768401E-06,1.007511E-05,-.002
3.381691,-1.1921E-06,1.774926E-05,2.33333E-03
3.382691,9.298383E-06,1.336826E-05,-6.66667E-04
3.383692,0,1.317827E-05,6.66667E-04
3.384692,5.078339E-05,-1.303861E-07,-2.33333E-03
3.385693,3.480935E-05,2.139818E-05,-6.66667E-04
3.386693,2.074253E-05,1.720351E-05,-.001
3.387694,1.144415E-05,7.303461E-06,.001
3.388694,2.312672E-05,1.768593E-05,-.001
3.389695,3.2902E-05,5.460926E-05,-.002
3.390696,3.695511E-05,5.460926E-05,-6.66667E-04
3.391696,-2.6703E-05,4.614913E-05,-.002
3.392696,-2.694142E-05,-2.376374E-05,-.002
3.393697,-1.406675E-05,1.76226E-05,.001
3.394697,-2.217304E-05,1.282064E-05,-.001
3.395698,-1.33515E-05,-3.979378E-05,-.001
3.396698,8.583127E-06,-1.127465E-05,-.001
3.397699,-1.668937E-06,-1.173845E-05,-.001
3.398699,1.311308E-05,-2.021168E-05,6.66667E-04
3.3997,1.764309E-05,4.469068E-05,-6.66667E-04
3.400701,1.192099E-05,2.68725E-05,6.66667E-04
3.401701,1.001364E-05,-6.439193E-06,-6.66667E-04
3.402701,-2.527249E-05,-5.2471E-06,6.66667E-04
3.403702,-3.123307E-05,-1.505025E-06,.001
3.404702,-4.768408E-07,1.428096E-05,-.001
3.405703,-3.647828E-05,1.797092E-05,-6.66667E-04
3.406703,-6.914185E-05,1.328817E-05,6.66667E-04
3.407704,-4.553818E-05,2.644223E-05,.002
3.408704,-1.263624E-05,1.490308E-05,-6.66667E-04
3.409705,-2.55109E-05,-5.422189E-06,-.001
3.410706,2.813351E-05,-4.731137E-07,-.001
3.411706,3.385567E-05,1.871784E-05,-6.66667E-04
3.412706,1.692784E-05,7.087394E-06,-.002
3.413707,1.049048E-05,-2.976522E-06,-.001
3.414707,-1.668937E-06,-2.126407E-05,-.001
3.415708,8.821546E-06,-4.820363E-05,-.001
3.416708,1.096731E-05,-2.623547E-05,-6.66667E-04
3.417709,-1.621258E-05,-5.047233E-05,.001
3.418709,1.1921E-06,-1.344463E-05,-2.33333E-03
3.41971,-4.339241E-05,1.929526E-05,-.002
3.420711,-3.695511E-05,2.572883E-05,-2.33333E-03
3.421711,8.10629E-06,2.989371E-05,-.001
3.422711,2.479565E-05,-4.453614E-06,.001
3.423712,-3.051781E-05,-1.999375E-05,-.001
3.424712,-2.312672E-05,-1.210166E-05,6.66667E-04
3.425713,-4.124665E-05,2.870348E-05,6.66667E-04
3.426713,-2.479565E-05,8.057861E-06,-.001
3.427714,1.931202E-05,6.873197E-07,-.001
3.428714,2.813351E-05,1.699117E-05,-6.66667E-04
3.429715,3.528618E-05,-4.909962E-06,.001
3.430716,3.957772E-05,-6.608694E-06,-6.66667E-04
3.431716,1.549732E-05,1.879979E-05,-6.66667E-04
3.432716,3.695511E-05,-5.011098E-05,6.66667E-04
3.433717,6.628083E-05,-5.461113E-05,6.66667E-04
3.434717,6.747292E-05,-5.461113E-05,6.66667E-04
3.435718,4.529976E-05,-5.461113E-05,.001
3.436718,2.93256E-05,-2.746109E-05,-6.66667E-04
3.437719,1.931202E-05,-1.269026E-05,-.002
3.438719,4.076981E-05,-7.886498E-06,-.001
3.43972,3.361725E-05,3.514835E-05,-.001
3.440721,1.358992E-05,3.05383E-05,6.66667E-04
3.441721,4.291558E-05,5.809619E-06,-.001
3.442721,1.978886E-05,1.518993E-05,.001
3.443722,1.811993E-05,1.41692E-05,6.66667E-04
3.444722,3.528618E-05,4.386558E-06,.001
3.445723,4.529982E-06,1.713641E-06,-.001
3.446723,1.049048E-05,-4.78758E-05,-6.66667E-04
3.447724,3.242516E-05,-2.14224E-05,.001
3.448724,1.33515E-05,2.132182E-05,.001
3.449725,-2.193463E-05,-2.207249E-06,-.001
3.450726,-1.573574E-05,-1.293427E-05,-2.33333E-03
3.451726,-1.168257E-05,-1.885004E-06,.001
3.452726,6.532716E-05,3.687316E-05,6.66667E-04
3.453727,8.797692E-05,1.781259E-05,.001
3.454727,4.076981E-05,5.947455E-06,-.001
3.455728,1.502043E-05,-1.141807E-05,-6.66667E-04
3.456728,4.291564E-06,-4.045694E-06,-.001
3.457729,1.859677E-05,-1.873088E-05,-.002
3.458729,5.86512E-05,-3.2563E-05,-6.66667E-04
3.45973,1.251707E-04,5.777954E-06,6.66667E-04
3.460731,1.225481E-04,2.745554E-06,-6.66667E-04
3.461731,1.597414E-04,-5.766778E-06,-6.66667E-04
3.462731,1.871595E-04,-1.906615E-05,-.001
3.463732,2.074251E-04,-5.423115E-05,-.001
3.464732,2.517719E-04,-5.356432E-05,-3.66667E-03
3.465733,2.572555E-04,-5.176687E-05,6.66667E-04
3.466733,3.328342E-04,-3.734068E-05,-3.66667E-03
3.467734,3.371257E-04,-1.638208E-05,-.001
3.468734,3.78849E-04,8.475094E-06,-.001
3.469735,3.991146E-04,-8.542149E-06,-6.66667E-04
3.470736,3.559608E-04,1.45287E-06,.001
3.471736,3.204364E-04,6.554677E-06,-.002
3.472736,3.101844E-04,-2.149877E-05,-.001
3.473737,3.137607E-04,-2.564129E-05,-.002
3.474737,3.032703E-04,-3.59288E-05,.001
3.475738,2.86581E-04,-1.722586E-05,.001
3.476738,2.396116E-04,-2.948582E-06,-6.66667E-04
3.477739,1.730928E-04,1.518807E-05,.001
3.478739,1.504431E-04,3.056615E-06,-6.66667E-04
3.47974,1.282701E-04,1.248723E-05,-6.66667E-04
3.480741,7.86786E-05,-9.002222E-06,-6.66667E-04
3.481741,2.646458E-05,-4.190602E-05,-6.66667E-04
3.482741,-1.573574E-05,8.456445E-07,-6.66667E-04
3.483742,-2.121937E-05,-9.238756E-07,6.66667E-04
3.484742,1.215941E-05,-1.823914E-05,6.66667E-04
3.485743,3.027928E-05,-8.678122E-06,-6.66667E-04
3.486743,5.912804E-05,1.329934E-05,.001
3.487744,6.413506E-05,3.705011E-05,-.002
3.488744,3.361725E-05,2.840359E-05,-6.66667E-04
3.489745,1.597416E-05,1.983732E-06,6.66667E-04
3.490746,-1.096731E-05,2.291068E-06,6.66667E-04
3.491746,-4.720711E-05,1.154287E-05,-6.66667E-04
3.492746,-1.955044E-05,-1.79765E-05,6.66667E-04
3.493747,9.536816E-07,1.313172E-06,.001
3.494747,-1.454359E-05,5.064561E-06,6.66667E-04
3.495748,4.053145E-06,8.247851E-06,-2.33333E-03
3.496748,2.145779E-05,4.743808E-05,-.001
3.497749,1.716625E-05,3.31162E-05,-.002
3.498749,1.120573E-05,1.529057E-05,2.33333E-03
3.49975,7.629441E-05,-4.451751E-06,-.001
3.500751,5.245238E-06,-1.398666E-05,-.001
3.501751,2.002728E-05,-1.328631E-05,-6.66667E-04
3.502751,8.10629E-06,1.754619E-06,-6.66667E-04
3.503752,-7.629453E-06,-1.741399E-05,6.66667E-04
3.504752,8.10629E-06,-6.135582E-06,-6.66667E-04
3.505753,-1.978886E-05,1.261948E-05,-2.33333E-03
3.506753,-2.074253E-05,-2.607901E-05,-6.66667E-04
3.507754,-1.025206E-05,-1.835276E-05,-.001
3.508754,-7.152594E-07,-7.38728E-06,-.002
3.509755,6.914168E-06,-3.892393E-05,-.002
3.510756,-1.668937E-06,-6.938382E-06,-6.66667E-04
3.511756,4.768401E-06,2.927158E-05,-.001
3.512756,7.391005E-06,1.607288E-05,-.002
3.513757,5.078339E-05,1.43387E-05,-.001
3.514757,5.960494E-06,-5.461113E-05,-6.66667E-04
3.515758,-1.096731E-05,-5.461113E-05,-6.66667E-04
3.516758,-1.001364E-05,-1.464231E-05,-.002
3.517759,-3.886246E-05,-5.977257E-06,-6.66667E-04
3.518759,-2.765667E-05,-2.603803E-05,-.001
3.51976,-3.93393E-05,-1.218548E-05,-6.66667E-04
3.520761,-3.385567E-05,-3.445731E-05,-.002
3.521761,1.430519E-06,-3.789389E-05,-.001
3.522761,1.90736E-05,-1.832109E-05,-6.66667E-04
3.523762,5.483656E-06,-2.741453E-05,6.66667E-04
3.524762,-8.10629E-06,-3.610388E-05,.001
3.525763,5.245238E-06,1.31876E-06,-6.66667E-04
3.526763,1.120573E-05,-2.308388E-05,-6.66667E-04
3.527764,2.145779E-05,-2.311927E-05,-3.66667E-03
3.528764,-7.867871E-06,-2.449204E-05,.001
3.529765,-9.536801E-06,-4.275353E-05,-6.66667E-04
3.530766,7.009553E-05,-1.971435E-05,-.001
3.531766,8.082436E-05,3.911584E-06,-.002
3.532766,5.149865E-05,-1.323229E-05,.001
3.533767,4.410767E-05,-2.225873E-05,-.002
3.534767,2.527249E-05,-1.441693E-05,.002
3.535768,2.431881E-05,-1.877554E-06,.001
3.536768,4.792237E-05,3.461936E-05,.001
3.537769,3.314042E-05,2.169062E-05,-2.33333E-03
3.538769,2.455723E-05,1.696323E-05,-.002
3.53977,1.907363E-06,1.957093E-05,-.002
3.540771,-3.886246E-05,-3.663838E-06,-.001
3.541771,-4.053139E-05,-3.331923E-05,-.002
3.542771,-5.98433E-05,1.239224E-05,.001
3.543772,-7.247971E-05,3.537178E-06,-6.66667E-04
3.544772,-2.980244E-05,8.199422E-06,6.66667E-04
3.545773,-1.978886E-05,2.588343E-05,-6.66667E-04
3.546773,-7.867871E-06,2.555564E-06,6.66667E-04
3.547774,1.811993E-05,-1.832668E-05,.001
3.548774,-7.867871E-06,2.47081E-05,-.002
3.549775,3.576293E-06,1.419528E-05,-6.66667E-04
3.550776,3.194832E-05,1.489936E-05,6.66667E-04
3.551776,1.049048E-05,-2.010737E-05,.001
3.552776,1.716625E-05,-4.491792E-05,6.66667E-04
3.553777,1.335153E-04,-5.461113E-05,6.66667E-04
3.554777,7.271813E-05,-5.461113E-05,-6.66667E-04
3.555778,4.887604E-05,-5.461113E-05,.002
3.556778,2.884876E-05,-1.3182E-05,-.001
3.557779,-1.90736E-05,-1.688499E-05,-3.66667E-03
3.558779,-1.573574E-05,-1.360854E-05,-3.66667E-03
3.55978,-3.576293E-06,-1.721096E-05,6.66667E-04
3.560781,-5.483656E-06,-1.359737E-05,-6.66667E-04
3.561781,1.406675E-05,1.093192E-05,-6.66667E-04
3.562781,2.193463E-05,2.976519E-05,.002
3.563782,2.741825E-05,2.050411E-05,.001
3.564783,3.838562E-05,-3.986643E-05,-6.66667E-04
3.565783,2.598774E-05,-4.682154E-05,6.66667E-04
3.566783,2.264988E-05,-5.461113E-05,-.001
3.567784,9.298383E-06,-3.316649E-05,-.002
3.568784,-1.239782E-05,-2.304662E-05,-6.66667E-04
3.569785,-1.788151E-05,-2.222706E-05,-6.66667E-04
3.570786,1.001364E-05,-9.659736E-06,-6.66667E-04
3.571786,-1.406675E-05,-5.461113E-05,-6.66667E-04
3.572786,9.77522E-06,-5.461113E-05,-6.66667E-04
3.573787,-1.883518E-05,-5.461113E-05,-2.33333E-03
3.574788,-1.072889E-05,-1.404813E-05,-.002
3.575788,5.722075E-06,-3.049162E-05,-3.66667E-03
3.576788,-1.978886E-05,-1.267163E-05,-.001
3.577789,-4.029297E-05,-2.363522E-05,.001
3.578789,2.622619E-06,-1.610827E-05,-6.66667E-04
3.57979,1.311308E-05,7.374241E-06,-6.66667E-04
3.580791,-4.529982E-06,-2.414003E-06,-.001
3.581791,1.454359E-05,-5.342095E-06,6.66667E-04
3.582791,-2.717983E-05,5.442678E-06,-6.66667E-04
3.583792,-2.861035E-05,-6.003334E-06,.001
3.584793,-2.28883E-05,-7.171213E-06,-6.66667E-04
3.585793,-2.765667E-05,-8.732139E-06,6.66667E-04
3.586793,-3.409409E-05,-1.93381E-05,-6.66667E-04
3.587794,-1.001364E-05,-2.089899E-05,-.001
3.588794,1.287466E-05,5.460926E-05,6.66667E-04
3.589795,6.437331E-06,3.853836E-05,-.004
3.590796,5.579018E-05,3.736117E-05,6.66667E-04
3.591796,6.628083E-05,4.388043E-05,-6.66667E-04
3.592796,5.292916E-05,1.549732E-05,.001
3.593797,5.364441E-05,4.778081E-05,-6.66667E-04
3.594798,-7.867871E-06,-7.046416E-06,6.66667E-04
3.595798,-1.549732E-05,-5.09026E-05,6.66667E-04
3.596798,3.814726E-06,-2.447341E-05,-2.33333E-03
3.597799,3.242516E-05,6.109512E-07,-.001
3.598799,6.961869E-05,3.562891E-05,-6.66667E-04
3.5998,6.771134E-05,5.217479E-05,6.66667E-04
3.600801,5.98433E-05,2.214138E-05,2.33333E-03
3.601801,7.152604E-05,1.81963E-05,-.002
3.602801,8.583115E-05,1.17161E-05,-2.33333E-03
3.603802,9.989785E-05,1.212774E-05,-.002
3.604803,1.144414E-04,2.028246E-05,-.001
3.605803,9.775208E-05,1.28728E-05,.002
3.606803,7.629441E-05,-7.115334E-06,-.001
3.607804,6.747292E-05,-8.123054E-06,-6.66667E-04
3.608804,7.081078E-05,-2.7381E-05,-6.66667E-04
3.609805,7.271813E-05,-2.831419E-05,-6.66667E-04
3.610806,6.532716E-05,2.022847E-06,-.001
3.611806,5.435967E-05,4.525506E-05,-2.33333E-03
3.612806,3.337883E-05,4.364207E-06,-6.66667E-04
3.613807,4.434609E-05,8.38194E-07,6.66667E-04
3.614808,4.529976E-05,-2.574187E-05,6.66667E-04
3.615808,4.887604E-05,-3.878982E-05,-6.66667E-04
3.616808,3.480935E-05,1.05091E-05,.001
3.617809,2.145782E-06,2.042216E-05,.001
3.618809,4.291564E-06,2.015207E-05,-.002
3.61981,9.298383E-06,4.257471E-05,6.66667E-04
3.620811,1.597416E-05,3.062212E-05,.001
3.621811,8.583127E-06,5.460926E-05,-6.66667E-04
3.622811,6.437331E-06,3.95386E-05,.001
3.623812,3.099456E-06,1.878862E-05,-.001
3.624813,4.696869E-05,-1.250958E-05,-.001
3.625813,2.646458E-05,-3.583007E-05,6.66667E-04
3.626813,5.626702E-05,-4.407973E-05,-6.66667E-04
3.627814,2.121937E-05,-7.309049E-06,-.002
3.628814,-1.764309E-05,-6.541639E-06,6.66667E-04
3.629815,-2.527249E-05,-2.203335E-05,-6.66667E-04
3.630816,-2.3842E-06,1.575064E-05,-6.66667E-04
3.631816,7.629453E-06,1.039362E-05,.001
3.632816,3.767037E-05,-4.532957E-05,6.66667E-04
3.633817,4.816079E-05,-1.083134E-05,-.001
3.634818,2.098095E-05,1.141062E-05,-.002
3.635818,-2.741825E-05,7.312774E-06,-.001
3.636818,-4.053139E-05,3.522277E-06,-.001
3.637819,-4.625344E-05,-1.657952E-05,-6.66667E-04
3.638819,-7.867871E-06,-7.569819E-06,-.001
3.63982,-1.525891E-05,-5.846872E-06,-.001
3.640821,-3.576302E-05,-2.33074E-05,-.002
3.641821,-4.601502E-05,-1.046626E-05,6.66667E-04
3.642821,-5.173706E-05,2.240587E-05,.001
3.643822,-2.503407E-05,-4.138827E-06,6.66667E-04
3.644823,2.765667E-05,-2.188433E-05,-.002
3.645823,1.90736E-05,2.041284E-05,.001
3.646823,2.789509E-05,3.929459E-05,-2.33333E-03
3.647824,-9.751366E-05,-2.47547E-06,-6.66667E-04
3.648824,-1.010899E-04,-1.631875E-05,2.33333E-03
3.649825,-6.699609E-05,-2.656144E-05,-.001
3.650826,-5.173706E-05,-9.946583E-06,-6.66667E-04
3.651826,-6.604241E-05,-2.621126E-05,-6.66667E-04
3.652826,-3.576302E-05,-2.166082E-05,.001
3.653827,-2.121937E-05,5.455717E-06,6.66667E-04
3.654828,-3.528618E-05,-1.073821E-05,-.001
3.655828,-2.264988E-05,-1.87495E-05,-.002
3.656828,-4.649186E-05,1.861167E-05,6.66667E-04
3.657829,-2.28883E-05,1.754619E-06,6.66667E-04
3.658829,1.239782E-05,2.244685E-05,-.001
3.65983,-2.384197E-05,3.485032E-05,6.66667E-04
3.66083,-7.653283E-05,-2.2933E-05,6.66667E-04
3.661831,-8.034753E-05,-5.461113E-05,-6.66667E-04
3.662831,-6.103562E-05,-5.413801E-05,-.001
3.663832,-2.861038E-06,-5.461113E-05,-.001
3.664833,2.884876E-05,-3.591948E-05,6.66667E-04
3.665833,2.598774E-05,-1.097849E-05,-.001
3.666833,1.668937E-06,-3.442378E-05,-.001
3.667834,-2.598774E-05,-2.750207E-05,-.001
3.668834,-5.650544E-05,-3.057742E-05,.001
3.669835,-2.574932E-05,-4.749396E-05,-.001
3.670835,-2.241146E-05,-2.961431E-05,-.002
3.671836,-1.239782E-05,3.494337E-06,6.66667E-04
3.672836,-5.483656E-06,-1.151493E-05,-6.66667E-04
3.673837,-2.956402E-05,-2.648693E-05,-6.66667E-04
3.674838,-2.527249E-05,-1.77474E-05,.001
3.675838,-1.382834E-05,-1.51415E-05,-6.66667E-04
3.676838,-1.382834E-05,4.018494E-05,-2.33333E-03
3.677839,-1.020436E-04,3.324472E-05,.002
3.678839,-4.529976E-05,-1.239596E-05,-6.66667E-04
3.67984,-1.168257E-05,-7.737486E-06,6.66667E-04
3.68084,2.527249E-05,-2.490927E-05,6.66667E-04
3.681841,4.243874E-05,2.255678E-06,-6.66667E-04
3.682841,3.266358E-05,3.456534E-05,-6.66667E-04
3.683842,3.266358E-05,2.20408E-05,-.001
3.684843,3.314042E-05,2.088596E-05,6.66667E-04
3.685843,5.960494E-06,1.526263E-05,-.001
3.686843,2.717983E-05,-1.798582E-05,-.001
3.687844,3.337883E-05,-8.616655E-06,6.66667E-04
3.688844,1.502043E-05,-7.264345E-06,6.66667E-04
3.689845,1.168257E-05,-5.461113E-05,-6.66667E-04
3.690845,-4.768408E-07,-5.461113E-05,-.001
3.691846,-1.280317E-04,-3.360794E-05,-6.66667E-04
3.692847,-8.297013E-05,5.460926E-05,-6.66667E-04
3.693847,-5.936646E-05,5.460926E-05,-6.66667E-04
3.694848,-5.292916E-05,4.483783E-05,-6.66667E-04
3.695848,2.3842E-06,3.507757E-05,-.001
3.696848,2.765667E-05,3.401586E-05,6.66667E-04
3.697849,3.623986E-05,2.22848E-05,6.66667E-04
3.698849,6.365823E-05,1.004717E-05,-.001
3.69985,5.86512E-05,1.380971E-05,-.001
3.70085,6.747292E-05,-8.45833E-06,-.002
3.701851,9.346055E-05,1.375756E-05,.001
3.702852,9.131478E-05,2.324034E-05,-.001
3.703852,7.700967E-05,-2.707366E-05,6.66667E-04
3.704853,8.845376E-05,-3.079721E-05,-.001
3.705853,7.629441E-05,-2.479751E-05,-.001
3.706853,7.391023E-05,-4.430511E-05,-6.66667E-04
3.707854,5.173706E-05,-5.461113E-05,-6.66667E-04
3.708854,5.078339E-05,-5.461113E-05,-.001
3.709855,1.041894E-04,-5.461113E-05,-.001
3.710855,1.332769E-04,-3.853836E-05,-.002
3.711856,1.196866E-04,-2.082635E-05,-.002
3.712857,1.113419E-04,-1.546752E-05,-2.33333E-03
3.713857,8.344697E-05,-2.272066E-05,-.002
3.714858,4.053139E-05,-2.308202E-05,-.001
3.715858,2.360356E-05,-2.557982E-05,-6.66667E-04
3.716858,1.907363E-06,1.480436E-05,-.001
3.717859,3.099456E-06,2.557426E-06,-.001
3.718859,1.597416E-05,-2.14522E-05,-6.66667E-04
3.71986,4.768408E-07,-1.163228E-05,-.002
3.72086,-2.28883E-05,-4.402199E-05,-.001
3.721861,2.884876E-05,-2.761569E-05,6.66667E-04
3.722862,3.075623E-05,2.142426E-05,-.002
3.723862,2.884876E-05,4.965276E-05,-.002
3.724863,2.861035E-05,3.697188E-05,-2.33333E-03
3.725863,3.266358E-05,2.054882E-05,6.66667E-04
3.726863,2.980244E-05,1.863588E-05,-3.66667E-03
3.727864,4.83992E-05,1.600955E-05,-.002
3.728864,2.264988E-05,1.624611E-05,6.66667E-04
3.729865,1.859677E-05,2.753374E-05,-6.66667E-04
3.730865,2.574932E-05,2.216932E-05,6.66667E-04
3.731866,-1.072889E-05,-1.402579E-06,-.002
3.732867,-1.6451E-05,-3.459887E-05,-.002
3.733867,-5.006819E-06,-5.723938E-06,-6.66667E-04
3.734868,-4.673027E-05,1.125602E-05,-.002
3.735868,-1.788151E-05,1.867872E-05,-6.66667E-04
3.736868,-5.173706E-05,2.063077E-05,6.66667E-04
3.737869,-6.270455E-05,3.15161E-06,-6.66667E-04
3.73887,-2.646458E-05,4.319503E-06,-.001
3.73987,2.408039E-05,1.885004E-06,-.002
3.74087,-3.337875E-06,5.286216E-06,.002
3.741871,-4.887604E-05,-3.50608E-05,-6.66667E-04
3.742872,-5.173706E-05,-4.541158E-06,-.001
3.743872,-1.740467E-05,1.454733E-06,-.001
3.744873,1.621258E-05,3.40493E-06,6.66667E-04
3.745873,0,1.395128E-06,-.002
3.746873,6.914168E-06,-4.754611E-05,-6.66667E-04
3.747874,-1.668937E-06,-2.281193E-05,-2.33333E-03
3.748875,-2.02657E-05,-1.937166E-06,6.66667E-04
3.749875,-2.169621E-05,-4.051282E-06,6.66667E-04
3.750875,-1.192099E-05,2.531719E-05,6.66667E-04
3.751876,-4.529982E-06,9.825511E-06,-.001
3.752877,-9.059964E-06,1.639884E-05,-.001
3.753877,-1.621258E-05,3.771507E-05,6.66667E-04
3.754878,-1.811993E-05,1.402764E-05,-.001
3.755878,-5.316758E-05,4.602806E-05,-.001
3.756878,-2.813351E-05,5.460926E-05,.001
3.757879,-4.005455E-05,2.227363E-05,-6.66667E-04
3.75888,-2.28883E-05,1.323788E-05,-6.66667E-04
3.75988,-4.053139E-05,3.900588E-05,-.001
3.76088,-2.884876E-05,4.068972E-05,-.001
3.761881,-8.10629E-06,4.423992E-05,6.66667E-04
3.762882,-2.717983E-05,5.460926E-05,-.001
3.763882,-1.621258E-05,4.157075E-05,-6.66667E-04
3.764883,6.437331E-06,5.460926E-05,-6.66667E-04
3.765883,-1.239782E-05,4.510232E-05,-.001
3.766883,1.358992E-05,2.331485E-05,-6.66667E-04
3.767884,1.764309E-05,4.442618E-05,.001
3.768885,-2.193463E-05,3.934116E-05,6.66667E-04
3.769885,-1.239782E-05,-7.141411E-06,-3.66667E-03
3.770885,-1.430517E-05,-3.436045E-05,6.66667E-04
3.771886,-9.536801E-06,-4.472048E-05,-6.66667E-04
3.772887,2.622616E-05,-1.237734E-05,-.002
3.773887,1.049048E-05,5.460926E-05,-.001
3.774888,-1.835835E-05,-1.246115E-05,-2.33333E-03
3.775888,-2.217304E-05,7.247581E-06,-6.66667E-04
3.776888,-2.384197E-05,2.514955E-05,.002
3.777889,-2.956402E-05,-1.326954E-05,6.66667E-04
3.77889,-1.120573E-05,2.691537E-06,6.66667E-04
3.77989,2.121937E-05,-1.606916E-05,-.002
3.78089,2.765667E-05,-1.277967E-05,-6.66667E-04
3.781891,2.598774E-05,1.307769E-05,.001
3.782892,1.144415E-05,3.498443E-05,-.002
3.783892,1.955044E-05,-8.931442E-06,-2.33333E-03
3.784893,2.431881E-05,-5.615904E-06,6.66667E-04
3.785893,-2.980244E-05,-7.947965E-06,-.001
3.786893,-1.883518E-05,-4.196377E-05,-.001
3.787894,-1.168257E-05,-3.42878E-05,-.001
3.788895,-2.169621E-05,-3.702031E-05,-.002
3.789895,-3.337875E-06,-2.951E-05,6.66667E-04
3.790895,9.536816E-07,1.223019E-05,-3.66667E-03
3.791896,-1.668937E-06,1.402579E-06,-.001
3.792897,1.382834E-05,7.636891E-08,-6.66667E-04
3.793897,1.025206E-05,-8.264615E-06,-6.66667E-04
3.794898,-7.867871E-06,-2.163474E-05,6.66667E-04
3.795898,1.168257E-05,-2.98956E-06,-6.66667E-04
3.796898,1.168257E-05,1.277594E-05,-.001
3.797899,-4.768401E-06,3.423556E-06,-.001
3.7989,-2.28883E-05,1.390843E-05,-6.66667E-04
3.7999,-3.218674E-05,-1.277408E-05,-6.66667E-04
3.8009,5.197548E-05,-4.163035E-05,-6.66667E-04
3.801901,3.337883E-05,-1.419341E-05,-6.66667E-04
3.802902,5.483656E-06,3.501791E-07,-6.66667E-04
3.803902,-2.002728E-05,-2.013159E-05,6.66667E-04
3.804903,-4.649186E-05,-3.801673E-06,6.66667E-04
3.805903,-4.267716E-05,1.782004E-05,-.001
3.806903,-1.621258E-05,2.520171E-05,6.66667E-04
3.807904,4.053145E-06,-4.339992E-06,-6.66667E-04
3.808905,-2.598774E-05,-2.05246E-05,.001
3.809905,-2.002728E-05,-5.222886E-06,.002
3.810905,-4.744553E-05,-3.414243E-06,-.002
3.811906,-5.316758E-05,-5.323469E-06,-.001
3.812907,-2.908718E-05,-9.974523E-06,-6.66667E-04
3.813907,-3.218674E-05,9.415729E-06,-.002
3.814908,-8.344708E-06,-7.208473E-07,-6.66667E-04
3.815908,1.33515E-05,-1.089839E-05,.001
3.816908,-1.072889E-05,9.523763E-06,-.002
3.817909,-1.120573E-05,-4.537433E-06,6.66667E-04
3.81891,-6.675749E-06,-2.663597E-06,-.002
3.81991,-3.147149E-05,-2.820988E-05,.001
3.82091,-1.668942E-05,-1.134729E-05,6.66667E-04
3.821911,3.361725E-05,2.288457E-05,6.66667E-04
3.822912,3.027928E-05,2.696377E-05,-6.66667E-04
3.823912,4.744553E-05,-6.284594E-06,-6.66667E-04
3.824913,2.694142E-05,5.347683E-06,.001
3.825913,1.835835E-05,-1.942753E-06,-6.66667E-04
3.826913,4.267716E-05,-6.23989E-06,-6.66667E-04
3.827914,6.866502E-05,9.916781E-06,-.002
3.828915,8.702325E-05,-3.66515E-05,-.002
3.829915,1.111035E-04,-5.461113E-05,6.66667E-04
3.830915,1.277933E-04,-5.461113E-05,6.66667E-04
3.831916,9.274529E-05,-5.461113E-05,-6.66667E-04
3.832916,4.172348E-05,-5.461113E-05,-6.66667E-04
3.833917,1.072889E-05,-5.068467E-05,.002
3.834918,2.360356E-05,-5.232939E-05,-.001
3.835918,5.412125E-05,-1.879234E-05,-6.66667E-04
3.836918,2.431881E-05,-1.551591E-06,-.001
3.837919,-7.867871E-06,-1.573015E-05,-.002
3.83892,1.430519E-06,3.347188E-06,-2.33333E-03
3.83992,4.768401E-06,2.106666E-06,-.001
3.84092,2.479565E-05,-3.185138E-06,-.001
3.841921,3.528618E-05,-1.345022E-05,-3.66667E-03
3.842921,-3.337875E-06,3.257781E-06,-6.66667E-04
3.843922,-2.384204E-07,3.637761E-06,.001
3.844923,2.861038E-06,3.284053E-05,-3.66667E-03
3.845923,0,8.517934E-06,.002
3.846923,2.598774E-05,-1.235685E-05,-2.33333E-03
3.847924,4.053145E-06,3.525265E-05,-.002
3.848925,-7.867871E-06,5.404861E-05,-.001
3.849925,3.337875E-06,2.803851E-05,-.001
3.850925,7.152594E-07,3.506453E-05,-.001
3.851926,-2.384197E-05,3.314042E-05,-.001
3.852926,-2.408039E-05,-8.456467E-06,6.66667E-04
3.853927,-3.886246E-05,-3.390032E-07,.001
3.854928,-5.769753E-05,-1.37054E-05,-6.66667E-04
3.855928,-2.408039E-05,1.654599E-05,-.001
3.856929,-3.457093E-05,1.911644E-05,-.001
3.857929,2.431881E-05,2.273929E-05,6.66667E-04
3.85893,4.124665E-05,4.109391E-05,-6.66667E-04
3.85993,1.096731E-05,3.180862E-05,6.66667E-04
3.86093,2.193463E-05,1.106045E-05,-6.66667E-04
3.861931,1.406675E-05,9.920506E-06,-.001
3.862931,9.059964E-06,-8.057861E-06,-6.66667E-04
3.863932,9.298383E-06,5.701586E-06,-.001
3.864933,1.215941E-05,-3.593057E-06,6.66667E-04
3.865933,-4.220032E-05,2.419029E-05,-6.66667E-04
3.866934,2.074253E-05,-5.43896E-07,6.66667E-04
3.867934,2.527249E-05,1.466653E-05,6.66667E-04
3.868935,1.859677E-05,-3.40493E-06,-6.66667E-04
3.869935,3.600144E-05,-3.2563E-05,6.66667E-04
3.870935,8.821546E-06,-2.293673E-05,6.66667E-04
3.871936,-2.3842E-06,7.115341E-07,-.001
3.872936,1.263624E-05,3.103563E-05,2.33333E-03
3.873937,1.382834E-05,3.081025E-05,-.001
3.874938,6.437331E-06,-2.894562E-05,.001
3.875938,4.625344E-05,-1.865451E-05,-6.66667E-04
3.876939,4.625344E-05,-1.812361E-06,-.001
3.877939,3.814721E-05,6.027549E-06,-.001
3.87894,6.294297E-05,4.353031E-06,6.66667E-04
3.87994,4.19619E-05,1.35974E-07,.001
3.88094,2.527249E-05,6.947703E-07,-2.33333E-03
3.881941,1.549732E-05,2.342288E-05,.002
3.882941,1.33515E-05,-1.820375E-05,-6.66667E-04
3.883942,4.696869E-05,-3.151433E-05,-.002
3.884943,2.408039E-05,-1.765054E-05,-.002
3.885943,-1.692784E-05,-2.283056E-05,-.001
3.886944,1.788151E-05,-3.896118E-05,-6.66667E-04
3.887944,1.764309E-05,-3.916235E-05,6.66667E-04
3.888945,1.668937E-06,-4.481175E-05,-.001
3.889945,1.90736E-05,-5.461113E-05,-.001
3.890945,7.152594E-07,-6.875052E-06,-.001
3.891946,-3.17099E-05,-2.021913E-05,-.001
3.892946,-2.002728E-05,-1.639135E-06,-6.66667E-04
3.893947,-1.764309E-05,1.421204E-05,6.66667E-04
3.894948,8.821546E-06,-1.883332E-05,-.001
3.895948,3.504776E-05,-1.369236E-05,-.001
3.896949,1.764309E-05,1.174217E-05,-.001
3.897949,2.646458E-05,1.488261E-06,-.002
3.89895,2.813351E-05,1.338875E-05,-6.66667E-04
3.89995,1.430517E-05,4.395861E-07,-.002
3.90095,2.622616E-05,6.509974E-06,6.66667E-04
3.901951,1.001364E-05,2.007012E-05,-6.66667E-04
3.902952,-8.583127E-06,1.851477E-06,.002
3.903952,-3.910088E-05,3.14361E-05,6.66667E-04
3.904953,9.536816E-07,8.484407E-06,-6.66667E-04
3.905953,9.536816E-07,-6.418704E-06,-6.66667E-04
3.906954,-8.344708E-06,-1.82261E-05,.001
3.907954,-1.740467E-05,8.100702E-06,.002
3.908955,-1.049048E-05,-1.619768E-05,6.66667E-04
3.909955,5.960494E-06,-4.189118E-06,-.001
3.910955,-8.821546E-06,4.614168E-05,.001
3.911956,-2.217304E-05,-2.777588E-05,6.66667E-04
3.912957,3.099456E-06,4.569098E-06,6.66667E-04
3.913957,6.198912E-06,-1.743443E-06,-.001
3.914958,1.883518E-05,1.374639E-06,-.001
3.915958,1.549732E-05,7.934905E-07,.001
3.916959,-4.410767E-05,-6.202637E-06,-.001
3.917959,-2.980244E-05,1.611758E-05,6.66667E-04
3.91896,-1.168257E-05,5.077966E-05,-.002
3.91996,-1.573574E-05,4.673214E-05,-6.66667E-04
3.92096,-5.960494E-06,6.085291E-06,-6.66667E-04
3.921961,2.050411E-05,-6.111368E-06,-.001
3.922962,1.740467E-05,-1.406117E-05,-3.66667E-03
3.923962,3.361725E-05,-2.808508E-05,-.001
3.924963,2.813351E-05,-2.199798E-06,.001
3.925963,1.358992E-05,-2.796401E-05,.001
3.926964,1.263624E-05,-1.576554E-05,-.001
3.927964,3.361725E-05,1.511356E-05,-2.33333E-03
3.928965,2.312672E-05,1.940143E-05,6.66667E-04
3.929965,1.192099E-05,3.295974E-05,-6.66667E-04
3.930965,4.768401E-06,5.072937E-05,-.001
3.931966,2.145782E-06,3.76089E-05,6.66667E-04
3.932967,3.790879E-05,2.116535E-05,-.001
3.933967,-4.053145E-06,2.351601E-05,-.001
3.934968,-6.198912E-06,-2.688554E-05,.001
3.935968,-1.096731E-05,-8.7191E-06,-3.66667E-03
3.936969,-7.152586E-06,-1.151121E-05,6.66667E-04
3.937969,-3.719353E-05,6.236165E-06,6.66667E-04
3.93897,-7.534074E-05,1.490681E-05,-6.66667E-04
3.93997,-7.605599E-05,-2.901827E-05,-6.66667E-04
3.94097,-2.360356E-05,-1.746241E-05,-6.66667E-04
3.941971,2.908718E-05,-2.427411E-05,-6.66667E-04
3.942972,2.694142E-05,-1.190609E-05,-6.66667E-04
3.943972,3.910088E-05,6.163522E-06,.001
3.944973,2.93256E-05,1.477828E-05,6.66667E-04
3.945973,1.406675E-05,-1.589034E-05,-.002
3.946974,4.076981E-05,-1.061712E-07,.001
3.947974,3.838562E-05,2.863642E-05,6.66667E-04
3.948975,6.032013E-05,3.259644E-06,-.002
3.949975,7.677125E-05,-5.586102E-06,.001
3.950975,1.692784E-05,6.252929E-06,-.001
3.951976,-4.768408E-07,4.416361E-06,-.001
3.952977,1.430519E-06,3.210106E-05,-.002
3.953977,-2.6703E-05,2.455164E-05,-.001
3.954978,-3.93393E-05,-2.333909E-06,-.002
3.955978,-1.311308E-05,1.420832E-05,6.66667E-04
3.956979,-3.266358E-05,3.624731E-05,.001
3.957979,-3.719353E-05,3.689365E-05,-6.66667E-04
3.95898,-2.121937E-05,5.089701E-05,-.002
3.95998,-2.55109E-05,5.460926E-05,-.001
3.96098,1.120573E-05,5.273172E-05,-6.66667E-04
3.961981,1.311308E-05,3.709667E-05,-6.66667E-04
3.962982,-1.001364E-05,7.156312E-06,6.66667E-04
3.963982,-1.740467E-05,-8.249714E-06,6.66667E-04
3.964983,-3.337875E-06,1.269398E-05,-.001
3.965983,-7.152586E-06,-1.235685E-05,-6.66667E-04
3.966984,2.002728E-05,5.617767E-06,-.001
3.967984,-1.120573E-05,1.22693E-05,-6.66667E-04
3.968985,8.10629E-06,-1.004344E-05,-.001
3.969985,3.862404E-05,-1.074754E-06,-6.66667E-04
3.970985,2.431881E-05,-2.389788E-06,-6.66667E-04
3.971986,-1.1921E-06,-2.022658E-05,-.001
3.972987,-1.788151E-05,-1.361413E-05,-.001
3.973987,-3.957772E-05,-1.698558E-05,6.66667E-04
3.974988,-3.838562E-05,-1.878117E-05,-6.66667E-04
3.975988,-1.883518E-05,-1.071213E-05,-6.66667E-04
3.976989,-1.072889E-05,-1.97218E-05,-6.66667E-04
3.977989,-1.525891E-05,-2.532091E-05,-.001
3.97899,-3.075623E-05,1.217058E-05,-2.33333E-03
3.97999,7.629453E-06,-2.345082E-05,-.001
3.98099,3.671669E-05,-3.571832E-05,2.33333E-03
3.981991,2.598774E-05,-5.396665E-05,6.66667E-04
3.982992,2.145782E-06,-5.461113E-05,-.001
3.983992,1.215941E-05,-5.461113E-05,6.66667E-04
3.984993,-1.668937E-06,-4.760199E-05,-.002
3.985993,-9.536801E-06,-4.314282E-05,-2.33333E-03
3.986994,-4.553818E-05,-3.976398E-05,-6.66667E-04
3.987994,-2.741825E-05,-1.263624E-05,6.66667E-04
3.988995,-2.145779E-05,-5.448266E-06,-6.66667E-04
3.989995,1.215941E-05,-2.619263E-05,-6.66667E-04
3.990995,1.549732E-05,-1.048676E-06,.001
3.991996,1.621258E-05,1.692597E-05,-3.66667E-03
3.992997,1.311308E-05,-2.916917E-06,-6.66667E-04
3.993997,-4.053145E-06,1.488259E-05,-.001
3.994998,-4.768408E-07,1.454359E-05,-6.66667E-04
3.995998,3.099465E-05,2.375816E-05,-.002
3.996999,9.77522E-06,9.341224E-06,-6.66667E-04
3.997999,3.623986E-05,3.272682E-06,6.66667E-04
3.999,5.674385E-05,3.163912E-05,-.002
4,2.503407E-05,3.658072E-05,-.001
