"c:\users\esrlabn1\desktop\bence\ir_spectroscopy\1000nm_odmr\magnet_map_7_1310nm\001.dat  ---  04-23-2026 16:46:22"
""
"cavityli 20 2 4 2000 1 0 0"
"                             ;                             ;seth_xesr_precise 336.54 1 0 -2.4606299212598426"
"setlockin 188.67 0.004 0 0.03 0.005"
4,2000
2,3.910088E-05,1.223391E-05,-.001
2.001,8.034753E-05,2.345085E-06,.001
2.002001,9.298371E-05,4.74418E-05,-6.66667E-04
2.003001,1.060967E-04,2.139073E-05,-.002
2.004002,1.311311E-04,-3.326699E-06,-6.66667E-04
2.005002,1.311311E-04,-2.080586E-05,6.66667E-04
2.006003,1.449594E-04,-5.177804E-05,.001
2.007004,1.52112E-04,-3.884011E-05,6.66667E-04
2.008004,1.127725E-04,-3.976026E-05,.001
2.009005,1.134877E-04,-4.556798E-05,-.002
2.010005,1.456747E-04,-2.961431E-05,.002
2.011005,1.094346E-04,-3.494718E-05,.001
2.012006,8.273171E-05,-3.376999E-05,-.004
2.013006,4.696869E-05,1.178874E-05,-.001
2.014007,2.264988E-05,-2.253253E-05,-.001
2.015007,6.866502E-05,-4.203827E-05,.001
2.016008,6.008171E-05,9.726791E-06,6.66667E-04
2.017009,1.406675E-05,5.137204E-06,6.66667E-04
2.018009,3.099465E-05,-4.258036E-06,-6.66667E-04
2.01901,1.597416E-05,1.109211E-05,-6.66667E-04
2.02001,-2.3842E-06,4.11275E-06,2.33333E-03
2.02101,2.598774E-05,2.426852E-05,-.001
2.022011,3.194832E-05,2.151181E-05,-.001
2.023011,9.77522E-06,-6.30322E-06,6.66667E-04
2.024012,-4.768408E-07,-1.050165E-05,-.001
2.025012,-1.358992E-05,-3.187568E-05,-6.66667E-04
2.026013,2.861035E-05,-2.854702E-05,-6.66667E-04
2.027014,6.365823E-05,-4.21147E-06,.001
2.028014,1.740467E-05,2.788764E-05,6.66667E-04
2.029015,1.025206E-05,3.029418E-05,-.001
2.030015,-2.980244E-05,2.123241E-05,-6.66667E-04
2.031015,-5.173706E-05,1.695014E-06,.001
2.032016,-4.768408E-07,8.698589E-07,-.001
2.033016,-7.152594E-07,4.007691E-05,-6.66667E-04
2.034017,-1.168257E-05,1.947035E-05,.001
2.035017,2.360356E-05,-8.59244E-06,6.66667E-04
2.036018,6.175088E-05,-4.433125E-06,6.66667E-04
2.037019,2.646458E-05,-2.478075E-05,-.001
2.038019,1.931202E-05,-4.790002E-05,-2.33333E-03
2.03902,-6.198912E-06,-3.25033E-06,.001
2.04002,-8.583127E-06,-1.6356E-05,6.66667E-04
2.04102,1.263624E-05,-5.461113E-05,6.66667E-04
2.042021,1.454359E-05,-5.202019E-05,-.001
2.043021,1.33515E-05,-4.361221E-05,-.001
2.044022,1.668942E-05,-1.091517E-06,-.001
2.045022,-2.765667E-05,9.479059E-06,.002
2.046023,-1.740467E-05,-5.003094E-06,-6.66667E-04
2.047024,-1.883518E-05,4.481553E-06,-3.66667E-03
2.048024,-1.835835E-05,1.251517E-05,-.001
2.049025,1.597416E-05,1.088722E-05,-.002
2.050025,3.147149E-05,1.622748E-05,-.001
2.051026,-1.668942E-05,2.503966E-05,-.001
2.052026,-2.717983E-05,3.352776E-06,-2.33333E-03
2.053026,1.072889E-05,6.426155E-06,6.66667E-04
2.054027,7.867871E-06,1.353218E-05,-.002
2.055027,2.765667E-05,1.300691E-05,.002
2.056028,9.77522E-06,4.968815E-05,6.66667E-04
2.057029,-4.029297E-05,3.492855E-05,-.001
2.058029,-5.054497E-05,2.590951E-05,-.001
2.05903,-2.598774E-05,2.668996E-05,-6.66667E-04
2.06003,-1.573574E-05,1.383953E-06,-.002
2.061031,2.861038E-06,1.530175E-05,-6.66667E-04
2.062031,-1.239782E-05,2.738659E-05,-6.66667E-04
2.063031,1.1921E-06,3.449083E-05,6.66667E-04
2.064032,1.239782E-05,1.048861E-05,-.001
2.065032,-6.675749E-06,2.647389E-05,6.66667E-04
2.066033,-7.152594E-07,-1.739722E-05,.001
2.067034,1.430517E-05,-4.905486E-05,.002
2.068034,-1.239782E-05,-2.24394E-05,-.002
2.069035,-2.455723E-05,-1.832668E-05,-.001
2.070035,0,1.20849E-05,-6.66667E-04
2.071036,-3.55246E-05,6.871327E-06,-.001
2.072036,9.536816E-07,-1.772505E-05,-.002
2.073036,8.821546E-06,3.435672E-05,.002
2.074037,-3.099456E-06,1.823914E-05,6.66667E-04
2.075037,4.768408E-07,1.231587E-05,6.66667E-04
2.076038,-9.536801E-06,3.296905E-05,.002
2.077039,-8.583127E-06,1.59276E-05,-.002
2.078039,1.931202E-05,1.844026E-06,-.001
2.07904,-9.536816E-07,1.851481E-05,.002
2.08004,-1.168257E-05,2.2147E-06,-6.66667E-04
2.081041,2.6703E-05,-2.400402E-05,-.001
2.082041,9.059964E-06,-1.654972E-05,-6.66667E-04
2.083041,-8.821546E-06,-5.009235E-05,.001
2.084042,-1.430519E-06,-2.878543E-05,6.66667E-04
2.085042,-1.764309E-05,-2.120261E-05,6.66667E-04
2.086043,-2.908718E-05,-3.239722E-05,.002
2.087044,-8.10629E-06,-2.9266E-05,-.002
2.088044,-2.3842E-06,-2.834585E-05,-.002
2.089045,2.93256E-05,-1.729291E-05,6.66667E-04
2.090045,5.483656E-06,1.834158E-05,-3.66667E-03
2.091046,-4.601502E-05,1.703028E-05,-.002
2.092046,-8.344708E-06,-4.102127E-05,6.66667E-04
2.093046,1.311308E-05,-3.476837E-05,-6.66667E-04
2.094047,2.384204E-07,-2.864946E-05,-6.66667E-04
2.095047,3.814726E-06,-2.652791E-05,-.001
2.096048,-2.598774E-05,-2.344337E-05,-6.66667E-04
2.097049,-3.981614E-05,-1.655158E-05,-6.66667E-04
2.098049,-3.218674E-05,7.087394E-06,-.001
2.09905,-2.694142E-05,1.694832E-05,-.001
2.10005,-2.02657E-05,-5.923248E-07,-.001
2.101051,4.053145E-06,1.192285E-05,-6.66667E-04
2.102051,-1.215941E-05,2.57158E-05,-.002
2.103051,-2.837193E-05,-2.246362E-05,-6.66667E-04
2.104052,1.597416E-05,2.972796E-06,-.002
2.105052,3.576293E-06,1.968641E-05,.001
2.106053,2.3842E-06,7.372379E-06,.001
2.107054,2.02657E-05,1.377991E-05,-.002
2.108054,-3.337875E-06,-1.60747E-06,-.001
2.109055,-1.621258E-05,-4.670233E-05,-.001
2.110055,-6.914168E-06,-3.361912E-05,-.002
2.111056,-4.291564E-06,-3.434555E-05,-.002
2.112056,1.716625E-05,-2.579403E-05,-6.66667E-04
2.113056,1.406675E-05,-1.589034E-05,6.66667E-04
2.114057,1.883518E-05,-2.318632E-05,-.002
2.115057,7.033395E-05,-4.531839E-05,-.001
2.116058,4.19619E-05,-3.647269E-05,-6.66667E-04
2.117059,-4.053145E-06,-1.816086E-06,-2.33333E-03
2.118059,5.722075E-06,-1.41245E-05,6.66667E-04
2.11906,-1.263624E-05,-2.932001E-05,-.002
2.12006,-2.050411E-05,-1.397548E-05,-6.66667E-04
2.121061,-8.583127E-06,8.35961E-06,.001
2.122061,-2.121937E-05,4.461064E-06,.001
2.123062,-1.90736E-05,-3.228546E-05,.001
2.124062,-8.344708E-06,-3.532716E-05,-3.66667E-03
2.125062,-4.220032E-05,-7.255032E-06,-.002
2.126063,-3.2902E-05,-2.107967E-05,6.66667E-04
2.127064,-2.336514E-05,1.113869E-06,-.001
2.128064,-4.506134E-05,-1.374079E-05,6.66667E-04
2.129065,-3.576302E-05,-4.743435E-05,6.66667E-04
2.130065,-2.789509E-05,-3.462681E-05,-2.33333E-03
2.131066,-3.838562E-05,-1.660187E-05,-6.66667E-04
2.132066,-2.479565E-05,-1.545448E-05,-.001
2.133067,2.622619E-06,2.52818E-05,6.66667E-04
2.134067,9.77522E-06,2.441939E-05,-6.66667E-04
2.135067,2.074253E-05,3.159061E-06,-.001
2.136068,7.629453E-06,2.528552E-05,-6.66667E-04
2.137069,1.192099E-05,-9.842275E-06,6.66667E-04
2.138069,1.931202E-05,-2.907228E-05,6.66667E-04
2.13907,2.098095E-05,-2.667506E-05,.001
2.14007,2.241146E-05,-3.709667E-05,-6.66667E-04
2.141071,4.076981E-05,-2.997753E-05,6.66667E-04
2.142071,2.098095E-05,-3.92276E-06,6.66667E-04
2.143072,-1.430517E-05,-1.766172E-05,-6.66667E-04
2.144072,1.454359E-05,-1.024461E-05,-.001
2.145072,2.479565E-05,-7.694645E-06,-3.66667E-03
2.146073,1.311308E-05,-2.873514E-05,-6.66667E-04
2.147074,-1.668937E-06,-1.646776E-05,-.001
2.148074,-2.980244E-05,-8.381949E-08,-.002
2.149075,-1.430517E-05,-6.539776E-06,-6.66667E-04
2.150075,1.788151E-05,-3.911584E-06,-.001
2.151076,-3.337875E-06,-1.451008E-06,-.002
2.152076,4.291564E-06,-1.942937E-05,-2.33333E-03
2.153077,6.198912E-06,2.479751E-05,6.66667E-04
2.154077,2.145779E-05,2.281938E-05,.001
2.155077,1.955044E-05,1.218177E-06,-6.66667E-04
2.156078,-5.483656E-06,7.69092E-06,-6.66667E-04
2.157079,-1.192099E-05,-9.425043E-06,6.66667E-04
2.158079,2.765667E-05,-2.536748E-05,.001
2.15908,2.264988E-05,-1.223765E-06,-.002
2.16008,7.867871E-06,-2.987881E-05,-.002
2.161081,1.811993E-05,-3.938959E-05,6.66667E-04
2.162081,-2.622619E-06,1.872156E-05,-6.66667E-04
2.163082,-1.406675E-05,-2.892702E-06,.002
2.164082,1.382834E-05,-5.349546E-06,-.001
2.165082,6.437331E-06,-5.207985E-06,-3.66667E-03
2.166083,6.198912E-06,-1.901959E-05,-6.66667E-04
2.167084,2.622619E-06,-3.406988E-05,-6.66667E-04
2.168084,-3.623986E-05,-2.607901E-05,-.001
2.169085,-4.267716E-05,-3.722333E-05,-.001
2.170085,-2.002728E-05,-2.258096E-05,6.66667E-04
2.171086,-2.455723E-05,2.231647E-05,-.002
2.172086,2.980244E-05,3.995583E-05,-6.66667E-04
2.173087,1.096731E-05,5.174079E-05,.001
2.174087,-5.912804E-05,3.299699E-05,-.001
2.175087,-4.124665E-05,1.929526E-05,6.66667E-04
2.176088,-1.740467E-05,2.373767E-05,.001
2.177088,2.622619E-06,-3.917172E-06,-6.66667E-04
2.178089,3.075623E-05,1.02148E-05,.001
2.17909,2.694142E-05,3.744685E-05,.001
2.18009,4.386925E-05,2.653536E-05,.001
2.181091,-4.291564E-06,1.352286E-05,.002
2.182091,-9.536801E-06,1.234008E-05,-6.66667E-04
2.183092,-2.813351E-05,1.038617E-05,-.001
2.184092,1.430519E-06,-4.773989E-06,-6.66667E-04
2.185092,-2.741825E-05,4.734873E-06,-6.66667E-04
2.186093,-1.478201E-05,-1.155963E-05,-6.66667E-04
2.187093,-4.529982E-06,4.099892E-05,-.001
2.188094,-6.198912E-06,2.445851E-05,-.001
2.189095,-7.867871E-06,-6.388909E-07,6.66667E-04
2.190095,-4.529982E-06,2.534327E-05,-6.66667E-04
2.191096,-3.004086E-05,3.381656E-05,.001
2.192096,-3.194832E-05,2.775353E-05,-6.66667E-04
2.193097,-1.811993E-05,4.301802E-05,-.002
2.194097,1.430519E-06,2.38755E-05,-.001
2.195097,1.597416E-05,2.142056E-06,-6.66667E-04
2.196098,3.862404E-05,9.428768E-06,.001
2.197098,3.814726E-06,-1.812361E-06,.002
2.198099,4.076981E-05,-1.782749E-05,-.001
2.1991,4.529976E-05,1.081644E-05,.001
2.2001,2.241146E-05,1.683098E-05,-2.33333E-03
2.201101,2.336514E-05,-3.082692E-06,-6.66667E-04
2.202101,1.740467E-05,1.018873E-05,-6.66667E-04
2.203102,-3.457093E-05,1.501298E-05,.002
2.204102,-3.767037E-05,-3.283858E-06,6.66667E-04
2.205102,-1.358992E-05,1.125602E-05,-.001
2.206103,7.867871E-06,3.857567E-06,6.66667E-04
2.207103,7.867871E-06,2.720219E-05,.002
2.208104,-1.001364E-05,2.744247E-05,-6.66667E-04
2.209105,7.152586E-06,-2.37675E-06,-.001
2.210105,-1.668937E-06,-7.163762E-06,-.002
2.211106,-1.1921E-06,-2.61945E-05,-.001
2.212106,2.622619E-06,-4.725181E-05,6.66667E-04
2.213107,-8.344708E-06,-1.436291E-05,-6.66667E-04
2.214107,-1.478201E-05,1.086859E-05,-6.66667E-04
2.215107,1.668937E-06,-1.86098E-05,6.66667E-04
2.216108,2.169621E-05,-3.137463E-05,-.001
2.217108,1.549732E-05,-3.357255E-05,-6.66667E-04
2.218109,3.361725E-05,-8.758216E-06,6.66667E-04
2.21911,1.597416E-05,9.024574E-06,-.002
2.22011,6.437331E-06,-1.035078E-05,-6.66667E-04
2.221111,6.866502E-05,-1.249841E-05,-6.66667E-04
2.222111,7.891702E-05,8.095114E-06,6.66667E-04
2.223112,3.480935E-05,3.706682E-07,.001
2.224112,3.051781E-05,-3.435672E-05,-.002
2.225112,-1.621258E-05,-2.178003E-05,6.66667E-04
2.226113,4.768401E-06,-3.50012E-05,-6.66667E-04
2.227113,4.291558E-05,-2.019305E-05,-2.33333E-03
2.228114,4.076981E-05,1.451008E-06,.001
2.229115,6.794976E-05,-1.063204E-05,6.66667E-04
2.230115,5.626702E-05,-7.158174E-06,-.001
2.231116,8.10629E-06,4.053145E-06,-.001
2.232116,-1.430517E-05,-7.139548E-06,6.66667E-04
2.233117,-1.788151E-05,-9.54984E-06,6.66667E-04
2.234117,-1.430517E-05,-3.189803E-05,-.002
2.235118,1.525891E-05,-5.461113E-05,-6.66667E-04
2.236118,5.483656E-06,3.814726E-06,.001
2.237118,-3.17099E-05,3.612251E-05,-.002
2.238119,-8.344708E-06,3.232085E-05,6.66667E-04
2.23912,-2.6703E-05,4.262873E-05,-6.66667E-04
2.24012,-3.814721E-05,2.282683E-05,-.001
2.241121,-2.002728E-05,4.617526E-06,-6.66667E-04
2.242121,-1.072889E-05,4.716247E-06,-.001
2.243122,5.960494E-06,-4.932121E-05,-.002
2.244122,3.361725E-05,-4.164153E-05,-6.66667E-04
2.245123,2.479565E-05,-7.180526E-06,6.66667E-04
2.246123,2.956402E-05,-6.146765E-07,-.001
2.247123,4.696869E-05,-1.037313E-05,.001
2.248124,2.098095E-05,4.973299E-07,.001
2.249125,-2.3842E-06,1.669687E-05,6.66667E-04
2.250125,9.298383E-06,4.00322E-05,2.33333E-03
2.251126,-2.145782E-06,3.878609E-05,6.66667E-04
2.252126,0,3.78883E-05,-.001
2.253127,9.298383E-06,3.111199E-05,.001
2.254127,2.384204E-07,1.039176E-05,6.66667E-04
2.255128,-1.406675E-05,-2.83682E-05,-.002
2.256128,6.675749E-06,-1.298269E-05,.002
2.257128,8.821546E-06,-1.987268E-05,-.002
2.258129,2.002728E-05,-4.762062E-05,6.66667E-04
2.25913,2.980244E-05,-4.317076E-05,6.66667E-04
2.26013,2.813351E-05,-4.908466E-05,.001
2.261131,1.215941E-05,-5.461113E-05,.001
2.262131,-9.059964E-06,-4.054629E-05,-6.66667E-04
2.263132,-1.025206E-05,-2.480124E-05,-6.66667E-04
2.264132,4.768408E-07,1.661491E-05,-.001
2.265133,1.478201E-05,5.460926E-05,6.66667E-04
2.266133,-1.001364E-05,5.460926E-05,-.002
2.267133,-4.053139E-05,4.976452E-05,6.66667E-04
2.268134,-2.6703E-05,5.460926E-05,-6.66667E-04
2.269135,-4.005455E-05,2.922874E-05,6.66667E-04
2.270135,4.768408E-07,-1.213147E-05,-6.66667E-04
2.271136,1.1921E-06,-1.207559E-05,6.66667E-04
2.272136,1.406675E-05,-3.962428E-05,.001
2.273137,-1.454359E-05,-3.129453E-05,6.66667E-04
2.274137,-4.673027E-05,-3.501791E-07,-.001
2.275138,-3.55246E-05,-1.773622E-05,-.002
2.276138,-1.287466E-05,1.688499E-05,6.66667E-04
2.277139,-2.336514E-05,3.74394E-05,-.001
2.278139,6.198912E-06,-6.891823E-07,-.001
2.27914,5.579018E-05,3.004461E-06,-6.66667E-04
2.28014,1.978886E-05,-2.126035E-05,-.001
2.281141,1.859677E-05,-2.405804E-05,.001
2.282141,1.263624E-05,-7.767288E-06,.001
2.283142,-1.025206E-05,-2.162915E-05,-.001
2.284142,1.263624E-05,-9.933545E-06,-2.33333E-03
2.285143,-1.6451E-05,-1.871966E-06,-.002
2.286143,-2.93256E-05,-1.642306E-05,-.001
2.287144,-5.006819E-06,-1.057057E-05,.001
2.288144,-4.768395E-05,1.211284E-05,-.001
2.289145,-7.271813E-05,-1.343904E-05,-.001
2.290145,-7.605599E-05,-2.663408E-05,-.002
2.291146,-6.485032E-05,2.374887E-06,-2.33333E-03
2.292146,-3.2902E-05,1.476525E-05,.001
2.293147,-5.722075E-06,3.028673E-05,2.33333E-03
2.294147,5.483656E-06,1.815532E-05,-2.33333E-03
2.295148,3.099456E-06,-9.469746E-06,6.66667E-04
2.296148,2.02657E-05,1.089653E-05,-.001
2.297149,1.621258E-05,-6.742805E-06,6.66667E-04
2.298149,9.298383E-06,-4.372583E-05,-6.66667E-04
2.29915,1.692784E-05,-3.383146E-05,-.001
2.30015,-1.049048E-05,-1.198804E-05,6.66667E-04
2.301151,-2.622619E-06,4.313915E-06,6.66667E-04
2.302151,-1.978886E-05,3.954791E-05,-.001
2.303152,-3.576302E-05,1.809944E-05,-.002
2.304152,-1.955044E-05,-1.536135E-05,.001
2.305153,1.883518E-05,-1.147954E-05,6.66667E-04
2.306153,-2.861038E-06,-1.085929E-06,-6.66667E-04
2.307154,1.907363E-06,3.339737E-06,-.001
2.308154,-1.668942E-05,3.994838E-05,-.002
2.309155,2.02657E-05,4.475773E-05,-6.66667E-04
2.310155,5.793595E-05,3.142119E-05,-.001
2.311156,4.816079E-05,3.279583E-05,-6.66667E-04
2.312156,1.096731E-05,-2.624482E-06,-.001
2.313157,-5.006819E-06,-2.106477E-05,-.001
2.314157,-2.241146E-05,-2.705504E-05,6.66667E-04
2.315158,-1.788151E-05,-4.023709E-05,-.002
2.316158,-6.675749E-06,-1.871039E-05,-6.66667E-04
2.317159,-2.837193E-05,-1.109211E-05,6.66667E-04
2.318159,-1.907363E-06,-3.178441E-05,-6.66667E-04
2.31916,5.435967E-05,-3.201724E-05,-.001
2.32016,5.149865E-05,6.929076E-07,-.002
2.321161,4.124665E-05,-8.301868E-06,-6.66667E-04
2.322161,1.072889E-05,1.393823E-05,6.66667E-04
2.323162,-2.93256E-05,6.966329E-07,-6.66667E-04
2.324162,-3.647828E-05,7.638766E-06,-.001
2.325163,-3.361725E-05,2.85377E-05,6.66667E-04
2.326163,-4.768395E-05,1.363648E-05,-.001
2.327164,-2.002728E-05,-2.437469E-05,.002
2.328164,1.1921E-06,-1.183158E-05,6.66667E-04
2.329165,1.287466E-05,-2.693397E-05,-.002
2.330165,4.100823E-05,-3.461936E-05,-.002
2.331166,4.148507E-05,1.050538E-05,-.001
2.332166,1.215941E-05,2.82285E-05,6.66667E-04
2.333167,5.888962E-05,2.348993E-05,-.002
2.334167,4.792237E-05,1.08481E-05,-.001
2.335168,1.215941E-05,6.165392E-07,-.002
2.336168,1.049048E-05,1.76226E-05,-.001
2.337169,5.483656E-06,2.078724E-05,.001
2.338169,-1.907363E-06,-1.609151E-05,2.33333E-03
2.33917,1.144415E-05,-3.010419E-05,-.001
2.34017,3.17099E-05,-1.527008E-05,6.66667E-04
2.341171,1.811993E-05,-3.299885E-05,6.66667E-04
2.342171,3.17099E-05,-6.48576E-06,6.66667E-04
2.343172,-8.344708E-06,-8.203147E-06,-6.66667E-04
2.344172,-2.336514E-05,-3.026624E-05,-.001
2.345173,-5.292916E-05,-1.978144E-06,.001
2.346173,-3.099465E-05,-1.76226E-05,-.001
2.347174,-5.960494E-06,-4.809379E-06,-6.66667E-04
2.348174,-8.344708E-06,1.313729E-05,-6.66667E-04
2.349174,-2.3842E-06,6.280869E-06,-6.66667E-04
2.350175,2.408039E-05,9.140058E-06,6.66667E-04
2.351176,3.075623E-05,6.336748E-06,6.66667E-04
2.352176,4.220032E-05,-2.942991E-05,-.001
2.353177,5.912804E-05,-8.806644E-06,-.002
2.354177,1.025206E-05,1.574878E-05,.002
2.355178,7.391005E-06,-1.784421E-06,6.66667E-04
2.356178,2.336514E-05,1.288211E-05,-.001
2.357179,2.169621E-05,2.597657E-05,.001
2.358179,2.765667E-05,1.926359E-05,-.002
2.359179,3.647828E-05,1.932133E-05,-2.33333E-03
2.36018,6.437331E-06,3.050838E-05,6.66667E-04
2.361181,-6.675749E-06,2.442498E-05,-6.66667E-04
2.362181,7.152586E-06,5.43783E-05,6.66667E-04
2.363182,-7.867871E-06,5.460926E-05,-.002
2.364182,1.049048E-05,3.934675E-05,.001
2.365183,-3.099456E-06,3.613927E-05,-3.66667E-03
2.366183,-2.145779E-05,2.831419E-05,-.001
2.367184,1.001364E-05,3.447034E-05,-6.66667E-04
2.368184,1.382834E-05,2.816331E-05,-.002
2.369184,7.867871E-06,3.673151E-06,-.001
2.370185,1.33515E-05,1.803797E-05,-.001
2.371186,5.722075E-06,3.885501E-05,-.002
2.372186,-2.622616E-05,1.880911E-05,-6.66667E-04
2.373187,-2.765667E-05,2.242264E-05,2.33333E-03
2.374187,-3.051781E-05,1.526636E-05,.002
2.375188,-2.813351E-05,-6.159797E-06,-6.66667E-04
2.376188,-1.096731E-05,1.33962E-05,-.002
2.377189,-3.457093E-05,1.618278E-05,-.002
2.378189,-2.574932E-05,-8.670671E-06,-.001
2.379189,-1.192099E-05,-3.121808E-06,-.001
2.38019,-2.884876E-05,-4.228234E-06,-6.66667E-04
2.381191,-1.1921E-06,1.564447E-05,-.001
2.382191,-6.675749E-06,2.732885E-05,-.002
2.383192,-1.120573E-05,-3.419831E-06,-6.66667E-04
2.384192,1.430517E-05,2.40283E-07,-.001
2.385193,1.096731E-05,4.220777E-05,-6.66667E-04
2.386193,-1.239782E-05,5.01147E-05,-6.66667E-04
2.387194,1.716625E-05,5.011098E-05,-6.66667E-04
2.388194,1.001364E-05,4.400336E-05,.001
2.389194,-1.621258E-05,2.379355E-05,-3.66667E-03
2.390195,-2.980244E-05,8.897914E-06,-6.66667E-04
2.391196,-4.386925E-05,-2.652421E-06,-6.66667E-04
2.392196,-6.103562E-05,-2.941687E-05,6.66667E-04
2.393197,6.675749E-06,-4.846812E-05,.001
2.394197,1.192099E-05,-3.725872E-05,.001
2.395198,-1.978886E-05,-4.190602E-05,-6.66667E-04
2.396198,-3.027928E-05,-1.592201E-05,-6.66667E-04
2.397199,-4.482293E-05,-9.505136E-06,-2.33333E-03
2.398199,-1.692784E-05,-1.841981E-05,2.33333E-03
2.399199,4.053145E-06,-9.009673E-06,.001
2.4002,-1.406675E-05,1.435546E-05,-6.66667E-04
2.401201,5.245238E-06,8.866249E-06,6.66667E-04
2.402201,2.098095E-05,4.130998E-05,6.66667E-04
2.403202,-2.3842E-06,4.000426E-05,.001
2.404202,6.437331E-06,2.596725E-05,.001
2.405203,8.583127E-06,4.498311E-05,6.66667E-04
2.406203,-5.722075E-06,2.263871E-05,6.66667E-04
2.407204,2.479565E-05,-9.90188E-06,-6.66667E-04
2.408204,2.861035E-05,5.252696E-07,6.66667E-04
2.409204,1.120573E-05,-3.222394E-07,-6.66667E-04
2.410205,4.434609E-05,2.916355E-05,-.001
2.411206,2.837193E-05,1.607661E-05,.001
2.412206,2.384197E-05,-6.506249E-06,6.66667E-04
2.413207,3.051781E-05,1.290074E-05,-6.66667E-04
2.414207,1.668937E-06,1.215754E-05,6.66667E-04
2.415208,-4.053145E-06,-1.865264E-05,-6.66667E-04
2.416208,5.483656E-06,9.398966E-06,.001
2.417209,-2.408039E-05,3.379793E-05,-5.33333E-03
2.418209,-1.740467E-05,2.509367E-05,-2.33333E-03
2.41921,1.406675E-05,2.983783E-05,-.002
2.42021,-2.861038E-06,4.14683E-05,.001
2.421211,6.675749E-06,3.563077E-05,-.001
2.422211,3.242516E-05,1.907733E-05,-.001
2.423212,1.931202E-05,-5.33837E-06,-2.33333E-03
2.424212,2.360356E-05,-1.633179E-05,-6.66667E-04
2.425213,-7.152594E-07,1.497945E-05,-.001
2.426213,-3.814721E-05,2.34266E-05,.001
2.427214,-1.978886E-05,2.88171E-05,-.002
2.428214,-7.391005E-06,1.591269E-05,-6.66667E-04
2.429215,7.629453E-06,2.078165E-05,-6.66667E-04
2.430215,2.264988E-05,8.374511E-06,-6.66667E-04
2.431216,9.77522E-06,2.726738E-05,-2.33333E-03
2.432216,-4.291564E-06,2.872024E-05,-6.66667E-04
2.433217,5.006819E-06,5.006255E-05,-6.66667E-04
2.434217,-1.287466E-05,5.460926E-05,2.33333E-03
2.435218,-2.02657E-05,3.898167E-05,-.002
2.436218,4.768408E-07,2.101634E-05,.001
2.437219,-2.789509E-05,4.749768E-05,6.66667E-04
2.438219,-2.050411E-05,3.812485E-05,6.66667E-04
2.43922,1.978886E-05,3.452436E-05,.001
2.44022,1.382834E-05,1.070095E-05,-6.66667E-04
2.441221,4.911446E-05,-1.707685E-05,-2.33333E-03
2.442221,5.149865E-05,-1.771946E-05,-.001
2.443222,1.525891E-05,-1.34912E-05,.001
2.444222,2.646458E-05,-1.382461E-05,-6.66667E-04
2.445223,3.337875E-06,4.452677E-05,.002
2.446223,-1.573574E-05,3.503845E-05,-.002
2.447224,1.907363E-06,2.61442E-05,.001
2.448224,-5.006819E-06,2.834399E-05,6.66667E-04
2.449225,-6.675749E-06,1.087977E-05,-.001
2.450225,2.02657E-05,6.053626E-06,-.002
2.451226,1.263624E-05,1.402391E-05,-6.66667E-04
2.452226,1.287466E-05,1.816086E-06,.001
2.453227,2.765667E-05,1.098408E-05,-6.66667E-04
2.454227,0,2.05898E-05,6.66667E-04
2.455228,7.629453E-06,-7.595896E-06,-.001
2.456228,2.717983E-05,-9.991287E-06,.001
2.457229,9.77522E-06,-1.405558E-05,-6.66667E-04
2.458229,2.384197E-05,-1.993787E-05,-6.66667E-04
2.45923,1.311308E-05,-1.718488E-05,.001
2.46023,-2.050411E-05,1.976278E-05,-.002
2.461231,-3.099465E-05,-3.725308E-07,.001
2.462231,-1.573574E-05,5.759328E-06,-6.66667E-04
2.463232,-3.838562E-05,-1.005648E-05,-6.66667E-04
2.464232,-1.406675E-05,-3.283308E-05,-6.66667E-04
2.465233,-2.6703E-05,-1.066929E-05,-6.66667E-04
2.466233,-2.813351E-05,-3.556372E-05,-6.66667E-04
2.467234,4.529982E-06,-5.461113E-05,-.004
2.468234,2.145782E-06,-3.820681E-05,-.001
2.469235,4.768401E-06,-3.051211E-05,6.66667E-04
2.470235,2.527249E-05,-1.713273E-05,-6.66667E-04
2.471236,2.098095E-05,-8.58499E-06,.001
2.472236,3.814726E-06,-2.11728E-05,.001
2.473237,3.528618E-05,-2.979871E-05,-.002
2.474237,4.005455E-05,4.941627E-06,-.001
2.475238,6.437331E-06,-6.01451E-06,6.66667E-04
2.476238,1.406675E-05,1.501299E-06,-2.33333E-03
2.477239,1.668937E-06,2.3706E-05,-.002
2.478239,1.1921E-06,2.307456E-05,.002
2.47924,-1.215941E-05,2.713327E-05,-.001
2.48024,-2.121937E-05,3.311993E-05,2.33333E-03
2.481241,9.536816E-07,2.372463E-05,6.66667E-04
2.482241,1.931202E-05,2.38606E-05,-.002
2.483242,5.245238E-06,1.981866E-05,.001
2.484242,-9.536816E-07,7.208466E-06,-.001
2.485243,1.430519E-06,6.370276E-06,-.001
2.486243,-3.528618E-05,9.091629E-06,6.66667E-04
2.487244,-4.529976E-05,6.871327E-06,-.002
2.488244,-4.553818E-05,2.115045E-05,-6.66667E-04
2.489245,-5.078339E-05,1.185952E-05,6.66667E-04
2.490245,-4.625344E-05,1.262879E-05,-3.66667E-03
2.491246,-6.365823E-05,3.152364E-05,-6.66667E-04
2.492246,-5.745911E-05,3.198176E-06,-.001
2.493247,-7.605599E-05,2.914306E-05,-.002
2.494247,-6.103562E-05,3.825151E-05,-.002
2.495248,-2.813351E-05,-6.038725E-06,-3.66667E-03
2.496248,5.722075E-06,2.309505E-05,-6.66667E-04
2.497249,-3.004086E-05,2.819125E-05,.001
2.498249,-3.55246E-05,1.248909E-05,-.002
2.49925,-7.152594E-07,3.404194E-05,-.001
2.50025,1.907363E-06,3.418908E-05,-6.66667E-04
2.501251,1.144415E-05,2.33521E-05,-.001
2.502251,1.144415E-05,2.755609E-05,-.002
2.503252,-1.454359E-05,1.022412E-05,-2.33333E-03
2.504252,-4.529982E-06,-1.849432E-05,-6.66667E-04
2.505253,-1.1921E-06,-7.228955E-06,-6.66667E-04
2.506253,2.145782E-06,-3.50757E-05,6.66667E-04
2.507254,3.504776E-05,-1.11424E-05,-6.66667E-04
2.508254,3.147149E-05,2.89866E-05,6.66667E-04
2.509255,1.549732E-05,7.327675E-06,-.002
2.510255,-3.337875E-06,8.43039E-06,-.001
2.511256,3.099456E-06,3.487454E-05,-.002
2.512256,-1.573574E-05,1.189864E-05,6.66667E-04
2.513257,-2.622619E-06,1.124857E-05,.001
2.514257,-2.169621E-05,7.361203E-06,.001
2.515258,-4.267716E-05,-3.773742E-05,-3.66667E-03
2.516258,-9.77522E-06,-2.246548E-05,-.002
2.517259,-2.217304E-05,1.469634E-06,-.002
2.518259,-7.391005E-06,-6.819173E-06,.001
2.51926,1.621258E-05,2.346013E-05,-6.66667E-04
2.52026,2.861035E-05,1.783867E-05,-2.33333E-03
2.521261,6.222771E-05,-2.278027E-05,.001
2.522261,4.768395E-05,-1.147768E-05,-.001
2.523262,6.437331E-06,-1.051655E-05,6.66667E-04
2.524262,-1.430519E-06,-2.207805E-05,-6.66667E-04
2.525263,-1.907363E-06,-1.768966E-05,-.002
2.526263,1.001364E-05,7.3314E-06,-.001
2.527264,1.716625E-05,3.27921E-05,.001
2.528264,4.768401E-06,3.658631E-05,-.001
2.529265,1.525891E-05,1.564261E-05,-.001
2.530265,1.835835E-05,2.032344E-05,-6.66667E-04
2.531266,-7.152586E-06,3.634789E-05,-.001
2.532266,1.621258E-05,1.825031E-05,6.66667E-04
2.533267,7.367181E-05,3.710785E-05,.001
2.534267,2.145779E-05,5.460926E-05,6.66667E-04
2.535268,3.099456E-06,2.580148E-05,.001
2.536268,1.33515E-05,-9.935407E-06,-.001
2.537269,8.583127E-06,-2.730836E-05,-6.66667E-04
2.538269,-1.1921E-06,-5.461113E-05,.002
2.53927,9.536816E-07,-2.275791E-05,6.66667E-04
2.54027,-3.814726E-06,-8.827134E-06,6.66667E-04
2.541271,3.814721E-05,-6.84525E-06,.001
2.542271,1.859677E-05,9.981974E-06,-.001
2.543272,-4.529982E-06,-9.167998E-06,-6.66667E-04
2.544272,0,-4.01123E-05,-6.66667E-04
2.545273,1.096731E-05,-3.614859E-05,6.66667E-04
2.546273,9.536801E-06,-2.862152E-05,-3.66667E-03
2.547274,4.363083E-05,-7.094844E-06,-.001
2.548274,3.504776E-05,1.147397E-06,-6.66667E-04
2.549275,-6.675749E-06,-1.398107E-05,6.66667E-04
2.550275,0,-1.170306E-05,-6.66667E-04
2.551276,-7.152586E-06,-2.788394E-06,-6.66667E-04
2.552276,-1.33515E-05,-4.762993E-05,-6.66667E-04
2.553277,5.245238E-06,-2.823595E-05,.002
2.554277,-9.059964E-06,6.99985E-06,-6.66667E-04
2.555278,8.583127E-06,5.999609E-06,-.002
2.556278,2.622619E-06,-5.632668E-06,-2.33333E-03
2.557279,-2.28883E-05,-1.076616E-06,6.66667E-04
2.558279,-3.337875E-06,-1.64212E-05,-.001
2.55928,3.2902E-05,-1.505025E-06,.001
2.56028,1.859677E-05,9.246229E-06,-6.66667E-04
2.561281,-1.811993E-05,-9.387768E-07,6.66667E-04
2.562281,-1.311308E-05,-1.991924E-05,-.001
2.563282,-1.573574E-05,-1.012353E-05,-6.66667E-04
2.564282,8.583127E-06,-3.642426E-05,.001
2.565283,1.430519E-06,-4.622922E-05,-.002
2.566283,-8.344708E-06,-3.999495E-05,6.66667E-04
2.567284,1.955044E-05,-1.951505E-05,-.001
2.568284,1.358992E-05,3.419831E-06,6.66667E-04
2.569285,1.907363E-06,5.949318E-06,.001
2.570285,7.867871E-06,-3.911573E-07,.001
2.571286,2.145779E-05,-8.095114E-06,-6.66667E-04
2.572286,5.960494E-06,-2.745923E-05,-.002
2.573287,2.622616E-05,-2.097536E-05,-6.66667E-04
2.574287,-1.668937E-06,1.242763E-05,-.001
2.575288,-1.573574E-05,8.327945E-06,-6.66667E-04
2.576288,1.430517E-05,8.473231E-06,-6.66667E-04
2.577289,-2.455723E-05,-6.178423E-06,.001
2.578289,-2.93256E-05,-3.539049E-05,-6.66667E-04
2.57929,1.90736E-05,-4.198431E-06,6.66667E-04
2.58029,-1.430519E-06,3.406429E-05,.002
2.581291,-1.096731E-05,5.292357E-05,-.001
2.582291,-4.529982E-06,4.658313E-05,-2.33333E-03
2.583292,-1.096731E-05,4.219287E-05,.001
2.584292,5.483656E-06,3.39339E-05,-.002
2.585293,7.867871E-06,5.230331E-05,6.66667E-04
2.586293,-3.337875E-06,3.176392E-05,-6.66667E-04
2.587294,2.145782E-06,1.272565E-05,-6.66667E-04
2.588294,2.622619E-06,2.391834E-05,.001
2.589295,-2.574932E-05,7.553055E-06,-6.66667E-04
2.590295,-2.074253E-05,-3.667563E-06,.001
2.591296,-3.576293E-06,5.947455E-06,-6.66667E-04
2.592296,-2.861038E-06,-5.628943E-06,6.66667E-04
2.593297,5.006819E-06,2.002169E-05,-6.66667E-04
2.594297,-1.001364E-05,2.963294E-05,-2.33333E-03
2.595298,6.437331E-06,3.191107E-05,6.66667E-04
2.596298,1.716625E-05,5.319924E-05,-.002
2.597299,7.152594E-07,5.286769E-05,-6.66667E-04
2.598299,1.716625E-05,7.957278E-06,.001
2.5993,3.194832E-05,-1.592201E-05,-6.66667E-04
2.6003,4.053145E-06,-4.343718E-06,-6.66667E-04
2.601301,4.768401E-06,-8.894189E-06,-.001
2.602301,3.337875E-06,2.900895E-05,.001
2.603302,-1.740467E-05,6.580754E-06,6.66667E-04
2.604302,1.454359E-05,-1.917046E-05,.001
2.605303,0,-3.964663E-05,6.66667E-04
2.606303,1.025206E-05,-4.361593E-05,6.66667E-04
2.607304,3.147149E-05,-2.072204E-05,-6.66667E-04
2.608304,4.267716E-05,9.305833E-06,.001
2.609305,1.382834E-05,8.454605E-06,6.66667E-04
2.610305,1.025206E-05,-4.431262E-06,6.66667E-04
2.611306,-5.722075E-06,1.071213E-05,-3.66667E-03
2.612306,-1.668942E-05,2.169062E-05,-6.66667E-04
2.613307,3.385567E-05,5.621492E-06,.002
2.614307,7.629453E-06,4.816265E-05,.001
2.615308,-1.716625E-05,5.460926E-05,-6.66667E-04
2.616308,-1.668942E-05,5.460926E-05,-6.66667E-04
2.617309,-4.148507E-05,4.901388E-05,-.001
2.618309,-2.574932E-05,-1.303112E-05,.002
2.61931,2.074253E-05,-6.096467E-06,-.001
2.62031,2.336514E-05,4.939764E-06,-.002
2.621311,1.573574E-05,-2.828811E-05,-.001
2.622311,-3.099456E-06,-2.403941E-05,-.001
2.623312,-3.623986E-05,-1.901027E-05,-.001
2.624312,-1.811993E-05,-2.216932E-05,-6.66667E-04
2.625313,-1.430519E-06,7.88091E-06,-.001
2.626313,4.768408E-07,-2.173721E-06,-.001
2.627314,6.198912E-06,-1.906429E-05,-6.66667E-04
2.628314,1.263624E-05,-1.516944E-05,-.002
2.629315,-3.099456E-06,-1.261203E-05,-6.66667E-04
2.630315,1.430519E-06,1.480064E-05,-.001
2.631316,-2.002728E-05,4.760199E-05,.001
2.632316,-1.168257E-05,3.832043E-05,-.004
2.633317,5.245238E-06,2.841477E-05,2.33333E-03
2.634317,-8.10629E-06,3.954605E-05,.001
2.635318,-1.597416E-05,1.829129E-05,6.66667E-04
2.636318,-1.33515E-05,2.528552E-05,-.001
2.637319,-3.099456E-06,2.972793E-05,-.001
2.638319,-1.525891E-05,-2.143919E-06,-.001
2.63932,-1.478201E-05,-1.164718E-05,-2.33333E-03
2.64032,-1.239782E-05,2.533212E-06,-6.66667E-04
2.641321,-6.198912E-06,2.72879E-06,6.66667E-04
2.642321,-2.574932E-05,2.759707E-05,-6.66667E-04
2.643322,-2.908718E-05,2.015397E-06,-.001
2.644322,-8.821546E-06,-3.324836E-06,.001
2.645323,-5.006819E-06,7.504626E-06,-3.66667E-03
2.646323,-3.695511E-05,7.083669E-06,-6.66667E-04
2.647324,-3.55246E-05,2.372277E-05,-.002
2.648324,-1.621258E-05,3.006135E-05,-6.66667E-04
2.649325,9.536801E-06,1.115544E-05,-.002
2.650325,1.025206E-05,2.237607E-05,3.66667E-03
2.651326,1.430519E-06,1.066556E-05,-.001
2.652326,-4.291564E-06,-1.650315E-05,6.66667E-04
2.653327,2.384197E-05,2.199609E-05,-.002
2.654327,-1.33515E-05,1.986709E-05,6.66667E-04
2.655328,1.263624E-05,8.123054E-06,-6.66667E-04
2.656328,8.583127E-06,1.914814E-06,-6.66667E-04
2.657329,-3.2902E-05,-2.053764E-05,.001
2.658329,-5.936646E-05,-2.020982E-05,-6.66667E-04
2.65933,-3.385567E-05,1.190981E-05,-.002
2.66033,-4.768395E-05,2.91878E-06,2.33333E-03
2.661331,-3.838562E-05,-6.863876E-06,6.66667E-04
2.662331,-3.910088E-05,-2.218425E-06,-6.66667E-04
2.663332,-3.55246E-05,-2.626344E-06,-.002
2.664332,-8.583127E-06,-2.068479E-05,-.002
2.665333,-3.767037E-05,-2.480124E-05,.001
2.666333,-7.057237E-05,3.166515E-07,6.66667E-04
2.667334,-4.529976E-05,-3.05289E-06,-.002
2.668334,-1.072889E-05,2.346013E-05,-6.66667E-04
2.669335,-1.788151E-05,5.695998E-06,-6.66667E-04
2.670335,7.629453E-06,3.844529E-06,6.66667E-04
2.671336,-1.001364E-05,3.913254E-05,-6.66667E-04
2.672336,-1.072889E-05,3.482797E-05,6.66667E-04
2.673337,1.621258E-05,1.605612E-05,6.66667E-04
2.674337,3.075623E-05,-1.06488E-05,-.001
2.675338,2.646458E-05,-1.82708E-05,-.002
2.676338,1.001364E-05,-1.279084E-05,-.002
2.677339,-1.788151E-05,-2.388482E-05,-6.66667E-04
2.678339,-9.536801E-06,-2.743502E-05,-6.66667E-04
2.67934,-1.502043E-05,9.404554E-06,-.001
2.68034,-1.192099E-05,-1.295289E-05,-.002
2.681341,6.246613E-05,-2.530043E-05,-3.66667E-03
2.682341,6.532716E-05,-7.636881E-07,6.66667E-04
2.683342,6.961869E-05,4.945352E-06,-6.66667E-04
2.684342,1.056199E-04,-1.210166E-05,-.002
2.685343,1.02282E-04,2.422568E-05,-6.66667E-04
2.686343,7.200288E-05,-5.632668E-06,.001
2.687344,6.437348E-05,6.506249E-06,-6.66667E-04
2.688344,6.604241E-05,4.366069E-06,.001
2.689345,5.412125E-05,-6.020098E-06,6.66667E-04
2.690345,8.77385E-05,-1.469819E-05,6.66667E-04
2.691346,7.081078E-05,-2.028991E-05,-6.66667E-04
2.692346,5.912804E-05,-5.251565E-05,-.001
2.693347,5.173706E-05,-4.833215E-05,6.66667E-04
2.694347,2.384197E-05,-4.918152E-05,-.001
2.695348,2.717983E-05,-3.586547E-05,6.66667E-04
2.696348,2.479565E-05,-1.892832E-05,-6.66667E-04
2.697349,-1.025206E-05,-4.70581E-05,.001
2.698349,1.859677E-05,-5.461113E-05,-6.66667E-04
2.69935,3.314042E-05,-1.549919E-05,-.001
2.70035,1.144415E-05,-1.132122E-05,.001
2.701351,3.671669E-05,-1.640071E-05,6.66667E-04
2.702351,1.740467E-05,-5.457579E-06,-6.66667E-04
2.703352,2.098095E-05,-2.64683E-05,6.66667E-04
2.704352,1.621258E-05,-2.28436E-05,6.66667E-04
2.705353,-3.814726E-06,-1.588662E-05,-.002
2.706353,2.264988E-05,-1.925428E-05,2.33333E-03
2.707354,4.863762E-05,6.008922E-06,-6.66667E-04
2.708354,3.790879E-05,1.010491E-05,6.66667E-04
2.709355,3.55246E-05,-3.721588E-05,-6.66667E-04
2.710355,4.029297E-05,-2.661545E-05,6.66667E-04
2.711356,6.675749E-06,-2.875191E-05,-.002
2.712356,1.025206E-05,-2.992724E-05,-2.33333E-03
2.713357,2.098095E-05,9.855314E-06,.001
2.714357,1.859677E-05,3.065751E-05,-.002
2.715358,1.859677E-05,2.562453E-05,-.002
2.716358,1.430519E-06,3.364519E-05,-6.66667E-04
2.717359,-2.789509E-05,3.468455E-05,.001
2.718359,1.502043E-05,3.198371E-05,.001
2.71936,4.57766E-05,5.255104E-05,-6.66667E-04
2.72036,5.078339E-05,2.441567E-05,-.002
2.721361,4.863762E-05,4.965841E-06,.001
2.722361,4.720711E-05,2.522219E-05,6.66667E-04
2.723362,3.099465E-05,2.589275E-05,6.66667E-04
2.724362,2.098095E-05,1.90438E-05,-.002
2.725363,-2.145779E-05,2.174464E-05,-.001
2.726363,-1.668937E-06,7.050141E-06,-.001
2.727364,2.694142E-05,1.09338E-06,-.002
2.728364,2.861035E-05,5.124166E-06,6.66667E-04
2.729365,4.95913E-05,1.937166E-06,-2.33333E-03
2.730365,3.480935E-05,1.030421E-05,-.001
2.731366,-5.006819E-06,9.929819E-06,-6.66667E-04
2.732366,-1.668937E-06,-3.147707E-05,-.001
2.733367,8.10629E-06,-9.805022E-06,-6.66667E-04
2.734367,4.291564E-06,-1.745124E-05,.001
2.735368,4.243874E-05,-3.179E-05,-.001
2.736368,2.837193E-05,2.738103E-06,-.001
2.737369,5.006819E-06,3.702953E-06,-6.66667E-04
2.738369,1.883518E-05,-7.400318E-06,2.33333E-03
2.73937,-9.298383E-06,9.108393E-06,-6.66667E-04
2.74037,-1.287466E-05,5.43896E-07,.001
2.741371,1.525891E-05,1.918722E-05,-6.66667E-04
2.742371,-2.861038E-06,3.089034E-05,-2.33333E-03
2.743372,-7.152586E-06,7.575407E-06,-6.66667E-04
2.744372,-5.722075E-06,9.207113E-06,-6.66667E-04
2.745373,-3.123307E-05,1.844775E-05,-.001
2.746373,-1.287466E-05,-7.819443E-06,-.001
2.747374,7.629453E-06,-9.896292E-06,-2.33333E-03
2.748374,-2.3842E-06,2.28585E-05,-.001
2.749375,1.90736E-05,2.196073E-06,.001
2.750375,3.838562E-05,-8.247851E-06,.002
2.751376,4.649186E-05,-2.278585E-05,-.001
2.752376,5.936646E-05,-2.016698E-05,-.001
2.753377,4.076981E-05,2.70085E-06,-6.66667E-04
2.754377,-1.072889E-05,-1.950946E-05,.001
2.755378,-5.006819E-06,-1.615856E-05,-.002
2.756378,2.861038E-06,-1.435919E-05,-6.66667E-04
2.757379,1.740467E-05,-2.427411E-05,-6.66667E-04
2.758379,1.692784E-05,-2.506573E-05,6.66667E-04
2.75938,2.813351E-05,-2.541218E-05,-6.66667E-04
2.76038,1.025206E-05,-3.219419E-05,.001
2.761381,1.835835E-05,-9.574069E-07,-6.66667E-04
2.762381,-5.483656E-06,2.256234E-05,-.002
2.763382,-1.120573E-05,-2.393324E-05,6.66667E-04
2.764382,-9.059964E-06,-1.628895E-05,-2.33333E-03
2.765383,-8.583127E-06,2.162546E-06,-2.33333E-03
2.766383,-4.529982E-06,-2.777029E-05,-6.66667E-04
2.767384,-6.675749E-06,-1.49422E-05,-.001
2.768384,-1.406675E-05,1.115358E-05,-6.66667E-04
2.769385,-1.1921E-06,1.030607E-05,-.002
2.770385,0,1.322484E-05,-6.66667E-04
2.771386,-3.337875E-06,-1.27331E-05,-.001
2.772386,1.215941E-05,-4.164898E-05,.001
2.773387,-2.622619E-06,-2.794352E-05,.001
2.774387,-1.955044E-05,-4.676194E-05,-.002
2.775388,-7.152594E-07,-9.788258E-06,-.001
2.776388,-1.621258E-05,-8.583127E-06,-.001
2.777389,1.430519E-06,-2.863084E-05,6.66667E-04
2.778389,1.716625E-05,-1.051842E-05,.002
2.77939,-2.503407E-05,4.091323E-05,-6.66667E-04
2.78039,2.384204E-07,2.949324E-05,-.002
2.781391,2.241146E-05,2.565433E-05,-.001
2.782391,-1.6451E-05,3.553764E-05,-6.66667E-04
2.783392,-9.536801E-06,2.522036E-06,-3.66667E-03
2.784392,1.978886E-05,-1.178501E-05,.001
2.785393,6.914168E-06,-1.79169E-05,.001
2.786393,3.576293E-06,-8.856936E-06,2.33333E-03
2.787394,-1.001364E-05,2.247479E-05,6.66667E-04
2.788394,-1.835835E-05,2.7042E-05,6.66667E-04
2.789395,1.001364E-05,-1.581393E-06,-.001
2.790395,3.361725E-05,2.692093E-05,-6.66667E-04
2.791396,2.241146E-05,-1.680113E-06,6.66667E-04
2.792396,1.215941E-05,-2.107781E-05,.001
2.793397,-1.811993E-05,-2.413627E-05,.002
2.794397,-9.536801E-06,-2.657634E-05,-.001
2.795398,2.431881E-05,-6.353512E-06,-.001
2.796398,-6.675749E-06,3.317953E-05,.001
2.797399,-2.908718E-05,2.892702E-06,-6.66667E-04
2.798399,-1.025206E-05,-2.585366E-06,-.002
2.7994,-3.743195E-05,-3.745794E-06,-.001
2.8004,-5.722075E-06,-2.088037E-05,-3.66667E-03
2.801401,1.287466E-05,-2.925855E-05,-6.66667E-04
2.802401,-1.454359E-05,-3.935047E-05,-6.66667E-04
2.803402,-5.722075E-06,-4.063011E-05,-6.66667E-04
2.804402,-1.668937E-06,-5.651294E-06,-6.66667E-04
2.805403,2.360356E-05,1.078105E-05,-2.33333E-03
2.806403,1.811993E-05,-7.633178E-06,-6.66667E-04
2.807404,-1.978886E-05,3.742069E-06,-.001
2.808404,-3.838562E-05,-1.74233E-05,-6.66667E-04
2.809405,-2.145779E-05,1.729105E-05,-.002
2.810405,-2.884876E-05,5.272613E-05,.001
2.811406,-5.269074E-05,1.838815E-05,6.66667E-04
2.812406,-2.050411E-05,6.033137E-06,-6.66667E-04
2.813407,-2.717983E-05,9.236916E-06,-2.33333E-03
2.814407,-3.504776E-05,-1.285604E-05,-.001
2.815408,4.053145E-06,6.752118E-06,6.66667E-04
2.816408,5.960494E-06,-6.33116E-06,-6.66667E-04
2.817409,1.168257E-05,9.816198E-06,-6.66667E-04
2.818409,6.437331E-06,6.532326E-06,-.001
2.81941,-4.172348E-05,1.440389E-05,.001
2.82041,-4.601502E-05,8.575676E-06,6.66667E-04
2.821411,-3.385567E-05,-4.284113E-06,-.002
2.822411,-2.55109E-05,-2.462615E-05,-.002
2.823412,9.77522E-06,-2.68874E-05,6.66667E-04
2.824412,2.193463E-05,1.539674E-05,-.001
2.825413,1.168257E-05,4.358619E-06,-6.66667E-04
2.826413,6.318139E-05,-1.156895E-05,-.002
2.827414,5.197548E-05,2.747416E-06,.001
2.828414,-3.576293E-06,2.50341E-06,-.001
2.829415,0,3.96783E-05,-6.66667E-04
2.830415,-7.391005E-06,2.361287E-05,-2.33333E-03
2.831416,1.430519E-06,1.191912E-05,.002
2.832416,2.193463E-05,2.805714E-05,-.002
2.833417,6.198912E-06,5.258271E-05,-.001
2.834417,-2.908718E-05,2.385688E-05,-6.66667E-04
2.835418,-3.790879E-05,2.002169E-05,.002
2.836418,-3.337883E-05,1.690548E-05,-.001
2.837419,1.549732E-05,-7.608935E-06,-6.66667E-04
2.838419,1.716625E-05,-1.222274E-05,6.66667E-04
2.83942,1.096731E-05,-2.462242E-05,-.002
2.84042,5.245238E-06,-2.253067E-05,-.001
2.841421,-1.668937E-06,-3.308072E-06,6.66667E-04
2.842421,-1.192099E-05,-1.79318E-05,-2.33333E-03
2.843422,5.245238E-06,-2.39854E-05,-6.66667E-04
2.844422,1.549732E-05,-2.54066E-05,-.001
2.845423,5.006819E-06,-5.087652E-05,.002
2.846423,9.77522E-06,-4.754239E-05,-6.66667E-04
2.847424,-1.859677E-05,6.696238E-06,-.002
2.848424,-3.814726E-06,-2.007946E-06,-.002
2.849425,3.099456E-06,-1.591456E-05,-.001
2.850425,1.1921E-06,-1.869549E-05,.001
2.851426,4.935288E-05,-3.108592E-05,-6.66667E-04
2.852426,7.009553E-05,2.315282E-06,-.002
2.853427,2.93256E-05,1.358433E-05,.001
2.854427,3.385567E-05,3.254056E-06,-6.66667E-04
2.855428,2.098095E-05,2.777774E-05,-.002
2.856428,-5.722075E-06,3.399537E-05,-6.66667E-04
2.857429,-1.192099E-05,-6.463415E-07,-.001
2.858429,-1.692784E-05,1.398852E-05,-6.66667E-04
2.85943,-2.527249E-05,-1.842913E-05,6.66667E-04
2.86043,-2.455723E-05,-8.801057E-06,.001
2.861431,-2.050411E-05,7.286697E-06,.001
2.862431,2.622619E-06,-1.728546E-05,-6.66667E-04
2.863432,2.527249E-05,-1.929526E-05,-6.66667E-04
2.864432,2.789509E-05,-1.511915E-05,6.66667E-04
2.865433,1.931202E-05,-1.081271E-05,-.001
2.866433,1.931202E-05,6.018236E-06,6.66667E-04
2.867434,1.263624E-05,2.906483E-05,2.33333E-03
2.868434,6.198912E-06,2.78746E-05,-.001
2.869435,-7.152594E-07,2.183591E-05,-6.66667E-04
2.870435,-3.767037E-05,-1.19452E-05,.001
2.871436,-3.814726E-06,-4.674704E-05,-6.66667E-04
2.872436,9.298383E-06,-3.398978E-05,-2.33333E-03
2.873437,1.382834E-05,-4.178868E-05,6.66667E-04
2.874437,1.239782E-05,-1.399225E-05,-6.66667E-04
2.875438,-2.3842E-06,3.960007E-05,-6.66667E-04
2.876438,-1.883518E-05,1.253566E-05,-6.66667E-04
2.877439,-4.172348E-05,-9.769632E-06,-6.66667E-04
2.878439,-2.121937E-05,-1.098965E-07,-.001
2.87944,-2.264988E-05,-3.010049E-06,-6.66667E-04
2.88044,1.716625E-05,2.584246E-05,6.66667E-04
2.881441,2.312672E-05,1.940143E-05,-3.66667E-03
2.882441,9.059964E-06,-1.781073E-05,-6.66667E-04
2.883442,2.098095E-05,-1.952623E-05,-3.66667E-03
2.884442,2.264988E-05,-7.430121E-06,-.002
2.885443,2.837193E-05,1.611013E-05,.001
2.886443,1.621258E-05,2.392207E-05,6.66667E-04
2.887444,-1.239782E-05,3.237301E-05,-2.33333E-03
2.888444,-3.337875E-06,9.097217E-06,2.33333E-03
2.889445,4.291564E-06,2.879664E-06,6.66667E-04
2.890445,4.291564E-06,-1.537998E-05,6.66667E-04
2.891446,3.767037E-05,-1.491612E-05,6.66667E-04
2.892446,4.076981E-05,1.325092E-05,-6.66667E-04
2.893447,1.478201E-05,1.244439E-05,-.001
2.894447,9.536801E-06,-6.388909E-07,-6.66667E-04
2.895448,-2.384204E-07,2.118957E-05,-.001
2.896448,-8.583127E-06,-5.438953E-06,6.66667E-04
2.897449,4.529982E-06,-2.690975E-05,-.001
2.898449,-1.692784E-05,-1.055381E-05,-6.66667E-04
2.89945,3.576293E-06,-4.63429E-06,-.002
2.90045,3.623986E-05,-7.927476E-06,-.002
2.901451,2.527249E-05,-9.989424E-06,-.001
2.902451,3.862404E-05,-3.309935E-06,.001
2.903452,5.197548E-05,1.532964E-06,6.66667E-04
2.904452,3.385567E-05,-3.699228E-06,3.66667E-03
2.905453,2.837193E-05,1.888729E-06,.001
2.906453,3.147149E-05,2.413627E-05,6.66667E-04
2.907454,1.978886E-05,-1.311122E-05,-.001
2.908454,2.169621E-05,-1.779397E-05,-.001
2.909455,1.835835E-05,2.122868E-05,-6.66667E-04
2.910455,1.049048E-05,2.910208E-05,-.002
2.911456,3.981614E-05,-2.60213E-06,-.001
2.912456,8.821546E-06,4.872709E-06,-6.66667E-04
2.913457,1.955044E-05,-1.243508E-05,-.002
2.914457,2.455723E-05,-2.671976E-05,-6.66667E-04
2.915458,3.314042E-05,-2.023031E-05,.001
2.916458,5.269074E-05,-8.862524E-06,.002
2.917459,4.792237E-05,1.393266E-06,-.001
2.918459,4.148507E-05,2.304104E-05,-.002
2.91946,9.942101E-05,2.89717E-05,-.002
2.92046,1.246938E-04,3.738352E-05,6.66667E-04
2.921461,7.963227E-05,-1.045322E-05,.001
2.922461,7.74865E-05,-4.874566E-05,-6.66667E-04
2.923462,8.726167E-05,-4.076422E-05,-.002
2.924462,8.51159E-05,-3.830739E-05,-.001
2.925463,9.894418E-05,-1.630012E-05,-.001
2.926463,8.177804E-05,8.318631E-06,.001
2.927464,3.981614E-05,-1.141809E-06,-.001
2.928464,5.292916E-05,5.4017E-06,-6.66667E-04
2.929465,5.459809E-05,1.858186E-05,-.002
2.930465,4.57766E-05,1.197688E-06,-6.66667E-04
2.931466,3.480935E-05,-1.45287E-06,-.001
2.932466,3.981614E-05,7.921888E-06,-6.66667E-04
2.933467,7.367181E-05,-8.186384E-06,6.66667E-04
2.934467,6.270455E-05,1.89991E-05,.002
2.935468,8.821546E-06,1.071772E-05,-6.66667E-04
2.936468,4.291564E-06,-2.859731E-05,-3.66667E-03
2.937469,3.17099E-05,-3.544264E-05,-6.66667E-04
2.938469,4.506134E-05,-1.129141E-05,-.002
2.93947,4.57766E-05,-1.769897E-05,6.66667E-04
2.94047,2.145782E-06,4.351168E-06,6.66667E-04
2.941471,-2.408039E-05,7.765426E-06,.002
2.942471,1.049048E-05,8.121191E-06,-.001
2.943472,1.430519E-06,4.056864E-05,-6.66667E-04
2.944472,1.859677E-05,1.610268E-05,-.002
2.945473,4.887604E-05,4.326954E-06,-.002
2.946473,3.075623E-05,3.578351E-05,6.66667E-04
2.947474,4.100823E-05,2.264802E-05,-.002
2.948474,3.433251E-05,4.179426E-05,-6.66667E-04
2.949475,-1.382834E-05,4.993775E-05,-6.66667E-04
2.950475,-1.621258E-05,4.190416E-05,-.001
2.951476,2.145782E-06,4.445971E-05,-.001
2.952476,-1.597416E-05,4.701712E-05,.001
2.953477,-2.622616E-05,1.051842E-05,.002
2.954477,-3.838562E-05,7.318362E-06,6.66667E-04
2.955478,-3.480935E-05,1.488261E-06,.001
2.956478,4.768401E-06,-2.638076E-05,.001
2.957479,-3.337875E-06,-3.81174E-05,-6.66667E-04
2.958479,-1.287466E-05,-5.461113E-05,6.66667E-04
2.95948,1.263624E-05,-5.461113E-05,.001
2.96048,-3.576293E-06,-4.746043E-05,-.001
2.961481,-6.198912E-06,-3.49062E-05,.001
2.962481,6.437331E-06,3.835215E-06,2.33333E-03
2.963482,-2.145782E-06,1.718116E-05,6.66667E-04
2.964482,-1.287466E-05,-2.321613E-05,-6.66667E-04
2.965483,2.145782E-06,-1.252635E-05,-6.66667E-04
2.966483,-1.33515E-05,3.948837E-06,.001
2.967484,-2.789509E-05,-2.74406E-05,-.001
2.968484,-2.050411E-05,-1.109584E-05,-.001
2.969485,-3.695511E-05,4.794478E-06,.002
2.970485,-1.811993E-05,1.621444E-05,-6.66667E-04
2.971486,-2.861035E-05,1.6451E-05,-.004
2.972486,-1.239782E-05,1.598157E-06,-2.33333E-03
2.973487,-7.391005E-06,2.302244E-06,.001
2.974487,-6.914168E-06,2.169621E-05,-.002
2.975488,1.025206E-05,2.118398E-05,.002
2.976488,2.431881E-05,-2.138331E-06,-6.66667E-04
2.977489,-5.722075E-06,7.882772E-06,-.002
2.978489,-2.694142E-05,-4.682154E-05,.001
2.97949,7.152594E-07,-4.544877E-05,6.66667E-04
2.98049,-2.479565E-05,-5.141296E-05,.001
2.981491,-5.22139E-05,-4.626089E-05,-.001
2.982491,-2.121937E-05,6.532326E-06,6.66667E-04
2.983492,-1.096731E-05,1.284113E-05,2.33333E-03
2.984492,1.311308E-05,-4.630565E-06,.001
2.985493,2.098095E-05,-1.461437E-05,-6.66667E-04
2.986493,-1.168257E-05,-2.559659E-05,.001
2.987494,-1.907363E-06,-5.389587E-05,-.001
2.988494,1.287466E-05,-1.844775E-05,-.002
2.989495,-1.1921E-06,-1.320621E-05,-.002
2.990495,2.717983E-05,-3.571459E-05,-.002
2.991496,3.743195E-05,-8.665083E-06,-6.66667E-04
2.992496,2.312672E-05,-1.45529E-05,-.001
2.993497,2.646458E-05,-4.071393E-05,-6.66667E-04
2.994497,2.6703E-05,7.48787E-07,-3.66667E-03
2.995498,8.821546E-06,2.096419E-05,-6.66667E-04
2.996498,1.6451E-05,-6.180286E-06,-.002
2.997499,6.437331E-06,3.505513E-06,.001
2.998499,-7.867871E-06,4.667818E-06,-.001
2.9995,6.914168E-06,-1.650129E-05,.001
3.0005,-3.099456E-06,-2.368179E-05,-.002
3.001501,-1.239782E-05,-3.423565E-05,-6.66667E-04
3.002501,-1.144415E-05,-5.783542E-06,.001
3.003502,-2.431881E-05,2.462801E-05,6.66667E-04
3.004502,-3.266358E-05,-9.300245E-06,.001
3.005503,-2.050411E-05,-1.259713E-05,-6.66667E-04
3.006503,-3.433251E-05,-3.648386E-05,-6.66667E-04
3.007504,-2.861038E-06,-3.766478E-05,-.002
3.008504,5.245238E-06,-1.735438E-05,6.66667E-04
3.009505,8.344708E-06,5.092501E-06,-6.66667E-04
3.010505,-2.861038E-06,2.715751E-06,2.33333E-03
3.011506,-3.004086E-05,-3.229841E-06,.001
3.012506,-4.458451E-05,2.872956E-05,-.002
3.013507,-5.197548E-05,5.28174E-05,-.002
3.014507,-6.437348E-05,5.365373E-05,-.001
3.015508,-5.793595E-05,1.4294E-05,-6.66667E-04
3.016508,-3.576293E-06,5.14838E-06,-.002
3.017509,-1.239782E-05,2.399099E-05,-6.66667E-04
3.018509,-1.859677E-05,3.982364E-06,-.002
3.01951,-1.049048E-05,-1.674525E-06,-.002
3.02051,1.430517E-05,-1.236804E-06,-.001
3.021511,4.744553E-05,1.872156E-05,6.66667E-04
3.022511,5.841278E-05,2.645713E-05,6.66667E-04
3.023512,2.717983E-05,2.235189E-06,.001
3.024512,2.503407E-05,1.339061E-05,.001
3.025513,2.360356E-05,7.191702E-06,-6.66667E-04
3.026513,-7.152586E-06,-1.521787E-05,-6.66667E-04
3.027514,0,-1.447095E-05,-6.66667E-04
3.028514,-3.600144E-05,-7.405906E-06,-.001
3.029515,-3.361725E-05,-1.306651E-05,.001
3.030515,-1.382834E-05,2.907604E-06,-.001
3.031516,-1.215941E-05,-1.27331E-05,-6.66667E-04
3.032516,-1.168257E-05,-1.227675E-05,-.002
3.033517,-1.239782E-05,2.237051E-06,-6.66667E-04
3.034517,-3.647828E-05,-1.003973E-06,-.001
3.035518,-2.002728E-05,-5.00849E-05,-.001
3.036518,-2.145782E-06,-1.68198E-05,-6.66667E-04
3.037519,-2.6703E-05,-3.53159E-06,6.66667E-04
3.038519,-1.955044E-05,-2.582755E-05,6.66667E-04
3.03952,-1.978886E-05,-3.037989E-06,-6.66667E-04
3.04052,-2.741825E-05,-2.821922E-06,.001
3.041521,9.536801E-06,-7.221504E-06,-.002
3.042521,-1.621258E-05,3.294297E-05,-.002
3.043522,-4.720711E-05,9.855314E-06,-.002
3.044522,-3.576302E-05,-1.97069E-05,-.001
3.045523,-1.430517E-05,8.864386E-06,-.001
3.046523,9.536816E-07,1.342042E-05,6.66667E-04
3.047524,2.360356E-05,3.618398E-05,.001
3.048524,2.002728E-05,5.060085E-05,6.66667E-04
3.049525,2.93256E-05,2.520543E-05,-.001
3.050525,2.145782E-06,3.285543E-05,-2.33333E-03
3.051526,-2.408039E-05,2.489251E-05,-.001
3.052526,-2.169621E-05,2.975215E-05,-.001
3.053527,-2.884876E-05,3.060536E-05,.001
3.054527,-5.006813E-05,2.550532E-05,-6.66667E-04
3.055528,-3.027928E-05,1.137523E-05,6.66667E-04
3.056528,-1.287466E-05,1.702097E-05,.001
3.057529,-4.005455E-05,-2.812792E-05,6.66667E-04
3.058529,-1.358992E-05,-2.951932E-05,6.66667E-04
3.05953,-1.1921E-06,7.221504E-06,-6.66667E-04
3.06053,2.861038E-06,-1.795597E-06,-.001
3.061531,2.527249E-05,-1.466839E-05,6.66667E-04
3.062531,-2.622619E-06,-1.668755E-05,-6.66667E-04
3.063532,-3.17099E-05,-3.010046E-05,-6.66667E-04
3.064532,-1.621258E-05,-5.59914E-06,.001
3.065533,-1.33515E-05,1.735624E-05,-6.66667E-04
3.066533,-8.10629E-06,-1.262879E-05,-6.66667E-04
3.067534,-5.722075E-06,6.768882E-06,-2.33333E-03
3.068534,-7.391005E-06,-9.650423E-06,.001
3.069535,1.525891E-05,-2.186198E-05,-.001
3.070535,-9.536816E-07,6.482041E-07,.001
3.071536,-7.629453E-06,-4.829868E-06,-6.66667E-04
3.072536,4.529982E-06,-1.090957E-05,-.002
3.073537,-1.978886E-05,-7.946102E-06,-.002
3.074537,-3.051781E-05,-7.03524E-06,-.001
3.075538,-9.536801E-06,-9.978248E-06,-6.66667E-04
3.076538,-3.409409E-05,-3.736481E-06,-.001
3.077539,-3.314042E-05,-2.189737E-05,-.001
3.078539,-2.217304E-05,-4.209607E-06,6.66667E-04
3.07954,-3.433251E-05,1.124112E-05,-.001
3.08054,-2.861038E-06,-1.255429E-05,6.66667E-04
3.081541,1.072889E-05,-2.290134E-05,6.66667E-04
3.082541,-2.837193E-05,-8.024334E-06,-6.66667E-04
3.083542,-1.621258E-05,-3.5465E-05,-.002
3.084542,-2.169621E-05,-2.09437E-05,6.66667E-04
3.085543,-3.576302E-05,-1.469634E-06,-.002
3.086543,-5.006819E-06,2.188623E-06,6.66667E-04
3.087544,-7.152594E-07,2.571207E-05,-.001
3.088544,6.198912E-06,7.450617E-07,-.001
3.089545,1.978886E-05,1.551591E-06,-.001
3.090545,2.264988E-05,-1.251705E-06,6.66667E-04
3.091546,3.433251E-05,-5.494832E-06,-.002
3.092546,3.862404E-05,3.382959E-05,6.66667E-04
3.093547,3.099465E-05,4.535378E-05,-.002
3.094547,3.457093E-05,-4.097838E-07,-.002
3.095548,5.960488E-05,2.125293E-06,6.66667E-04
3.096548,2.574932E-05,-1.451008E-06,-.001
3.097549,4.148507E-05,-6.895541E-06,.001
3.098549,3.433251E-05,1.56184E-05,6.66667E-04
3.09955,1.740467E-05,1.080526E-05,-.002
3.10055,2.145779E-05,1.677696E-05,-3.66667E-03
3.101551,1.168257E-05,-7.342576E-06,-.001
3.102551,1.263624E-05,-4.67936E-05,.001
3.103552,1.478201E-05,-4.178309E-05,-6.66667E-04
3.104552,1.382834E-05,-2.253253E-05,-.002
3.105553,9.298383E-06,7.990806E-06,6.66667E-04
3.106553,-1.144415E-05,-4.196569E-06,-2.33333E-03
3.107554,-1.072889E-05,-4.356756E-06,6.66667E-04
3.108554,-4.291564E-06,-3.445908E-06,-6.66667E-04
3.109555,3.099456E-06,1.722213E-05,-6.66667E-04
3.110555,-1.668942E-05,1.787965E-05,.001
3.111556,-1.192099E-05,-3.308072E-06,-2.33333E-03
3.112556,-7.152586E-06,2.75803E-05,-6.66667E-04
3.113557,-3.93393E-05,3.408105E-05,-.002
3.114557,-1.788151E-05,3.775419E-05,6.66667E-04
3.115558,1.764309E-05,4.697801E-05,6.66667E-04
3.116558,7.629453E-06,9.182899E-06,-.002
3.117559,2.02657E-05,-1.15615E-05,-.001
3.118559,1.144415E-05,-7.996394E-06,6.66667E-04
3.11956,-5.006819E-06,3.365814E-06,-6.66667E-04
3.12056,1.168257E-05,2.067551E-06,-6.66667E-04
3.121561,-2.264988E-05,3.817328E-05,.002
3.122561,-1.1921E-06,1.590152E-05,-.001
3.123562,3.2902E-05,3.173598E-05,.001
3.124562,5.054497E-05,4.401826E-05,.001
3.125563,8.51159E-05,1.487142E-05,.001
3.126563,1.153951E-04,1.621258E-05,.001
3.127564,1.156335E-04,-1.330307E-05,-.001
3.128564,1.354227E-04,-3.802241E-05,-6.66667E-04
3.129565,1.630792E-04,-4.234002E-05,-6.66667E-04
3.130565,1.544962E-04,-5.461113E-05,-.002
3.131566,1.685629E-04,-4.10045E-05,-.001
3.132566,1.699934E-04,-1.795229E-05,-6.66667E-04
3.133567,2.081404E-04,-1.142366E-05,-6.66667E-04
3.134567,2.777595E-04,-1.764868E-05,-.002
3.135568,2.839584E-04,-1.926359E-05,-.002
3.136568,2.803821E-04,-1.999189E-05,-6.66667E-04
3.137569,2.913494E-04,-1.538184E-05,-.001
3.138569,2.462883E-04,-2.517749E-05,.001
3.13957,1.986036E-04,-2.199237E-05,.001
3.14057,1.776228E-04,-2.721709E-05,-6.66667E-04
3.141571,1.544962E-04,-1.06339E-05,-.001
3.142571,1.258859E-04,-1.594622E-05,.001
3.143572,9.79905E-05,-5.75561E-07,.001
3.144572,6.604241E-05,-4.166766E-06,-6.66667E-04
3.145573,5.86512E-05,-3.414243E-06,-6.66667E-04
3.146573,5.674385E-05,2.660614E-05,.001
3.147574,5.459809E-05,4.453614E-06,.001
3.148574,7.295655E-05,2.589091E-06,-6.66667E-04
3.149575,5.435967E-05,1.406862E-05,-6.66667E-04
3.150575,5.960494E-06,-7.830618E-06,.001
3.151576,1.883518E-05,3.006324E-06,-6.66667E-04
3.152576,1.597416E-05,3.084936E-05,-.001
3.153577,3.814726E-06,3.375509E-05,6.66667E-04
3.154577,4.768401E-06,2.374512E-05,-.001
3.155578,1.931202E-05,1.331425E-05,-6.66667E-04
3.156578,2.765667E-05,-9.276031E-06,6.66667E-04
3.157579,4.243874E-05,-5.779817E-06,-.001
3.158579,6.914168E-06,1.45287E-06,-6.66667E-04
3.15958,-4.053145E-06,-3.703893E-05,.001
3.16058,1.311308E-05,4.302739E-06,6.66667E-04
3.161581,9.536816E-07,2.723571E-05,-6.66667E-04
3.162581,3.862404E-05,2.794352E-05,-6.66667E-04
3.163582,4.458451E-05,5.044253E-05,-.001
3.164582,1.382834E-05,5.460926E-05,-6.66667E-04
3.165583,4.625344E-05,5.383627E-05,-.002
3.166583,2.527249E-05,1.098408E-05,-6.66667E-04
3.167584,-4.768401E-06,-2.126035E-05,.001
3.168584,3.337875E-06,-2.501917E-05,-6.66667E-04
3.169585,3.814726E-06,-1.073634E-05,6.66667E-04
3.170585,-4.553818E-05,-5.289941E-06,.001
3.171586,-3.337883E-05,1.144042E-05,-6.66667E-04
3.172586,-2.384197E-05,2.851721E-05,-.002
3.173587,-2.956402E-05,2.713889E-06,-.001
3.174587,-1.955044E-05,1.929153E-05,-2.33333E-03
3.175588,-6.198912E-06,2.490927E-05,6.66667E-04
3.176588,7.152586E-06,1.023529E-05,.001
3.177589,5.245238E-06,1.581397E-05,-.004
3.178589,-3.099456E-06,-1.126347E-05,-.001
3.17959,-3.218674E-05,-2.33968E-05,-.002
3.18059,-2.527249E-05,2.345085E-06,.001
3.181591,1.144415E-05,6.034999E-06,-.001
3.182591,2.741825E-05,-4.45174E-07,-.002
3.183592,2.098095E-05,-3.548354E-06,-.002
3.184592,1.668937E-06,-1.287839E-05,-6.66667E-04
3.185593,7.867871E-06,3.281995E-06,-.001
3.186593,-2.02657E-05,2.035138E-05,-.001
3.187594,-3.504776E-05,1.429586E-05,-.001
3.188594,-4.005455E-05,4.007504E-05,-6.66667E-04
3.189595,-4.57766E-05,3.021036E-05,6.66667E-04
3.190595,-1.049048E-05,-9.976386E-06,-6.66667E-04
3.191596,-1.430519E-06,2.122496E-05,-.001
3.192596,-1.287466E-05,1.300691E-05,-6.66667E-04
3.193597,2.789509E-05,-1.202716E-05,-.004
3.194597,4.816079E-05,7.392868E-06,-6.66667E-04
3.195598,8.344708E-06,-1.603377E-05,-6.66667E-04
3.196598,-3.147149E-05,-1.364952E-05,-.001
3.197599,-1.859677E-05,1.219293E-05,-.002
3.198599,-9.298383E-06,1.305534E-05,-.002
3.1996,9.059964E-06,1.244812E-05,2.33333E-03
3.2006,0,3.191293E-05,.001
3.201601,-2.002728E-05,3.390029E-06,-2.33333E-03
3.202601,-2.312672E-05,8.102565E-06,-.002
3.203602,-4.172348E-05,8.234812E-06,-3.66667E-03
3.204602,-5.245232E-05,-4.251138E-05,-6.66667E-04
3.205603,-4.339241E-05,-3.122375E-05,-6.66667E-04
3.206603,-3.218674E-05,-2.903878E-06,.001
3.207604,-7.629453E-06,1.071027E-05,-6.66667E-04
3.208604,-1.430519E-06,2.246734E-05,6.66667E-04
3.209605,-2.622616E-05,5.97912E-06,.001
3.210605,-3.218674E-05,-2.343592E-05,.002
3.211606,-4.673027E-05,-4.576548E-06,6.66667E-04
3.212606,-6.008171E-05,-2.039611E-06,6.66667E-04
3.213607,-1.072889E-05,-8.45833E-06,-6.66667E-04
3.214607,7.152586E-06,5.533948E-06,-6.66667E-04
3.215608,-5.722075E-06,5.262002E-06,.001
3.216608,1.096731E-05,7.374241E-06,-.001
3.217609,-2.217304E-05,1.476711E-05,6.66667E-04
3.218609,6.437331E-06,-2.19309E-05,-.002
3.21961,2.741825E-05,-4.097842E-08,6.66667E-04
3.22061,-8.10629E-06,-1.722027E-05,-6.66667E-04
3.221611,7.867871E-06,-4.457147E-05,.001
3.222611,8.10629E-06,-1.229724E-05,-2.33333E-03
3.223612,-1.835835E-05,-2.030298E-06,.001
3.224612,-2.384197E-05,2.647203E-05,.002
3.225613,-1.263624E-05,5.460926E-05,-.001
3.226614,-1.740467E-05,5.460926E-05,.001
3.227614,-2.074253E-05,3.621192E-05,6.66667E-04
3.228614,-3.17099E-05,2.502103E-05,.001
3.229615,-4.19619E-05,2.527994E-05,-.002
3.230615,-1.740467E-05,2.683897E-05,.001
3.231616,-2.217304E-05,9.879528E-06,-3.66667E-03
3.232616,3.814726E-06,-5.038484E-06,6.66667E-04
3.233617,7.152586E-06,-6.044313E-06,-6.66667E-04
3.234617,-1.263624E-05,-1.609337E-05,-3.66667E-03
3.235618,-1.835835E-05,-1.787965E-05,.001
3.236619,-9.059964E-06,1.920399E-05,6.66667E-04
3.237619,6.437331E-06,-2.687812E-06,-.002
3.238619,4.148507E-05,-1.227303E-05,-.001
3.23962,4.696869E-05,7.767288E-06,6.66667E-04
3.24062,-2.3842E-06,-2.400216E-05,-.001
3.241621,-4.529982E-06,-2.889719E-05,.001
3.242621,-2.861038E-06,-8.847623E-06,.001
3.243622,-2.241146E-05,2.870351E-06,-3.66667E-03
3.244622,7.629453E-06,8.17707E-06,.001
3.245623,-1.263624E-05,3.313669E-05,-6.66667E-04
3.246624,-4.363083E-05,1.649384E-05,.001
3.247624,-3.433251E-05,5.086348E-05,-.001
3.248624,-1.692784E-05,2.850045E-05,.002
3.249625,-4.529982E-06,2.466157E-06,-.002
3.250625,1.859677E-05,1.558673E-05,-.002
3.251626,4.291564E-06,-4.326954E-06,-.001
3.252626,1.096731E-05,-3.847131E-05,-.001
3.253627,-5.960494E-06,-2.232392E-05,-.001
3.254627,-3.767037E-05,-1.613807E-05,6.66667E-04
3.255628,5.245238E-06,-1.879979E-05,.001
3.256629,1.621258E-05,-8.216186E-06,-6.66667E-04
3.257629,-5.960494E-06,-9.208976E-06,-.001
3.258629,2.145782E-06,-1.593505E-05,6.66667E-04
3.25963,-2.3842E-06,-1.581393E-06,-6.66667E-04
3.26063,7.629453E-06,-2.40003E-05,6.66667E-04
3.261631,2.527249E-05,-2.946716E-05,-6.66667E-04
3.262631,1.263624E-05,-4.371657E-06,-6.66667E-04
3.263632,2.264988E-05,-4.381337E-05,6.66667E-04
3.264632,1.811993E-05,-1.85353E-05,.001
3.265633,1.263624E-05,-3.879919E-06,-.001
3.266634,1.311308E-05,3.254056E-06,6.66667E-04
3.267634,2.384204E-07,2.863084E-05,-6.66667E-04
3.268634,-3.743195E-05,1.285231E-05,6.66667E-04
3.269635,-1.740467E-05,2.248969E-05,-6.66667E-04
3.270635,-3.004086E-05,3.002037E-05,-.001
3.271636,-2.6703E-05,2.834585E-05,-6.66667E-04
3.272636,4.291564E-06,1.29026E-05,-.002
3.273637,1.668937E-06,1.068605E-05,-6.66667E-04
3.274637,-1.6451E-05,-4.991925E-07,.002
3.275638,4.053145E-06,4.522532E-06,-6.66667E-04
3.276639,-2.28883E-05,9.128882E-06,-.002
3.277639,-1.215941E-05,-1.98168E-05,6.66667E-04
3.278639,1.263624E-05,1.56482E-05,6.66667E-04
3.27964,7.867871E-06,5.307258E-05,6.66667E-04
3.28064,1.144415E-05,2.259214E-05,6.66667E-04
3.281641,-2.3842E-06,-1.806773E-06,-.001
3.282641,-3.004086E-05,-1.190238E-06,.001
3.283642,1.597416E-05,-3.850117E-06,-.001
3.284642,4.768401E-06,2.456096E-05,-6.66667E-04
3.285643,-1.788151E-05,2.459821E-05,-.001
3.286644,1.430519E-06,1.759653E-05,-6.66667E-04
3.287644,2.3842E-06,5.841284E-06,-.001
3.288644,5.245238E-06,-1.869921E-05,-.002
3.289645,3.337875E-06,2.135534E-05,-.001
3.290645,-4.053145E-06,2.647203E-05,-.001
3.291646,-6.198912E-06,-3.978639E-06,-.002
3.292646,1.430517E-05,1.171611E-06,-.002
3.293647,-8.344708E-06,1.133984E-05,-.001
3.294647,4.053145E-06,4.880167E-07,-.002
3.295648,-1.502043E-05,3.421694E-06,6.66667E-04
3.296649,-2.193463E-05,-9.985699E-06,6.66667E-04
3.297649,-1.955044E-05,-8.843897E-06,-6.66667E-04
3.298649,-7.629453E-06,7.696508E-06,-6.66667E-04
3.29965,2.622619E-06,1.04495E-05,6.66667E-04
3.30065,-4.529982E-06,-1.2748E-05,-6.66667E-04
3.301651,-9.536816E-07,1.77176E-05,.001
3.302651,8.344708E-06,1.891155E-05,-6.66667E-04
3.303652,3.361725E-05,3.0583E-05,-.002
3.304652,-1.072889E-05,4.607276E-05,.001
3.305653,-2.598774E-05,1.53986E-05,-6.66667E-04
3.306653,-1.454359E-05,1.812552E-05,-6.66667E-04
3.307654,-3.147149E-05,1.461437E-05,-.001
3.308654,-3.337883E-05,2.756729E-06,6.66667E-04
3.309655,-3.719353E-05,1.534272E-05,-.002
3.310655,-5.173706E-05,2.396118E-05,-6.66667E-04
3.311656,-1.1921E-06,-5.431502E-06,-.001
3.312656,2.384204E-07,2.910953E-05,-.001
3.313657,-8.821546E-06,2.216746E-05,-6.66667E-04
3.314657,2.598774E-05,1.169747E-05,-.002
3.315658,1.192099E-05,5.111127E-06,.002
3.316658,9.77522E-06,-1.472054E-05,.001
3.317659,2.431881E-05,-1.420273E-05,6.66667E-04
3.318659,-9.059964E-06,-6.249204E-06,-.001
3.31966,-1.239782E-05,9.015239E-07,-6.66667E-04
3.32066,-1.001364E-05,1.795974E-05,-.001
3.321661,-3.93393E-05,2.451625E-05,-.001
3.322661,-4.339241E-05,-2.246365E-06,.001
3.323662,-3.623986E-05,-2.922505E-06,.001
3.324662,-3.051781E-05,-2.611443E-06,.001
3.325663,2.384204E-07,9.102805E-06,6.66667E-04
3.326663,2.02657E-05,1.576182E-05,-6.66667E-04
3.327664,1.049048E-05,-1.111819E-05,-2.33333E-03
3.328664,2.28883E-05,-1.713273E-05,-6.66667E-04
3.329665,9.536801E-06,-9.570329E-06,6.66667E-04
3.330665,-2.55109E-05,-2.889161E-05,-6.66667E-04
3.331666,-2.121937E-05,-7.553055E-06,-.002
3.332666,-3.671669E-05,1.495711E-06,-.001
3.333667,-4.529982E-06,2.375629E-05,-.001
3.334667,9.059964E-06,3.002782E-05,.001
3.335668,4.768401E-06,2.504897E-05,-6.66667E-04
3.336668,5.960494E-06,-1.298456E-05,-.001
3.337669,2.145782E-06,-3.485032E-05,.001
3.338669,-3.838562E-05,-2.712954E-05,-.001
3.33967,-2.956402E-05,-9.523763E-06,-.001
3.34067,-2.837193E-05,1.982611E-05,-6.66667E-04
3.341671,-2.861035E-05,2.522219E-05,-2.33333E-03
3.342671,-5.722075E-06,2.215814E-05,6.66667E-04
3.343672,-5.722075E-06,3.809133E-05,-6.66667E-04
3.344672,-9.536816E-07,5.921378E-06,-.002
3.345673,5.793595E-05,-3.347942E-05,.001
3.346673,5.579018E-05,-1.692038E-05,6.66667E-04
3.347674,4.506134E-05,-2.159562E-05,-6.66667E-04
3.348674,2.622616E-05,-1.236804E-06,-.001
3.349675,-1.1921E-06,2.781127E-05,-.001
3.350675,2.431881E-05,-8.177049E-07,6.66667E-04
3.351676,3.337883E-05,-6.863876E-06,-3.66667E-03
3.352676,1.120573E-05,1.22395E-05,.001
3.353677,2.098095E-05,6.252929E-06,.001
3.354677,1.263624E-05,3.655464E-05,.001
3.355678,2.622619E-06,2.575491E-05,-.002
3.356678,1.430517E-05,-1.380785E-05,6.66667E-04
3.357679,5.483656E-06,2.06941E-05,.002
3.358679,-8.821546E-06,-7.629453E-06,.001
3.35968,3.147149E-05,2.982109E-06,.001
3.36068,-5.245238E-06,-1.696509E-05,6.66667E-04
3.361681,-1.621258E-05,-5.420134E-05,-6.66667E-04
3.362681,-7.152586E-06,-5.461113E-05,-.001
3.363682,1.430519E-06,-4.97906E-05,6.66667E-04
3.364682,8.583127E-06,-2.923061E-05,-.002
3.365683,1.358992E-05,2.021913E-05,-2.33333E-03
3.366683,7.152594E-07,3.233575E-05,-3.66667E-03
3.367684,1.239782E-05,3.725314E-05,-6.66667E-04
3.368684,8.10629E-06,5.460926E-05,-6.66667E-04
3.369685,-1.597416E-05,3.381842E-05,-6.66667E-04
3.370685,1.478201E-05,1.259154E-05,6.66667E-04
3.371686,3.814721E-05,2.423127E-05,-6.66667E-04
3.372686,1.668942E-05,-7.730036E-06,6.66667E-04
3.373687,1.144415E-05,-3.183098E-05,-2.33333E-03
3.374687,-5.245238E-06,-2.325524E-05,.001
3.375688,-2.336514E-05,-2.405618E-05,-.002
3.376688,2.622619E-06,-2.009433E-05,-6.66667E-04
3.377689,-2.336514E-05,-2.034393E-05,6.66667E-04
3.378689,-1.406675E-05,-1.484161E-05,-.004
3.37969,3.2902E-05,-1.657763E-07,-6.66667E-04
3.38069,3.528618E-05,2.578285E-05,-.002
3.381691,1.835835E-05,8.49372E-06,-6.66667E-04
3.382691,-1.931202E-05,1.644355E-05,-.001
3.383692,-3.075623E-05,-2.739966E-06,-6.66667E-04
3.384692,-2.121937E-05,-3.946596E-05,6.66667E-04
3.385693,-3.93393E-05,-1.740467E-05,.002
3.386693,-1.668937E-06,-2.632674E-05,-.001
3.387694,3.099465E-05,-4.216679E-05,6.66667E-04
3.388694,1.955044E-05,-2.01409E-05,-6.66667E-04
3.389695,-7.152594E-07,-2.709229E-05,-6.66667E-04
3.390696,2.622619E-06,-2.44939E-05,2.33333E-03
3.391696,-7.867871E-06,-8.408038E-06,6.66667E-04
3.392696,7.629453E-06,-2.800312E-05,-6.66667E-04
3.393697,2.217304E-05,-1.88892E-05,.001
3.394697,3.528618E-05,-7.674156E-06,-.001
3.395698,5.769753E-05,-1.037313E-05,-6.66667E-04
3.396698,4.911446E-05,-3.281995E-06,.001
3.397699,-9.536801E-06,-9.924232E-06,-.002
3.398699,-2.360356E-05,8.447154E-06,6.66667E-04
3.3997,-2.3842E-06,2.920453E-05,-6.66667E-04
3.400701,2.622619E-06,5.329057E-06,.001
3.401701,2.908718E-05,9.266718E-06,6.66667E-04
3.402701,2.098095E-05,4.461064E-06,-.002
3.403702,-2.145782E-06,-2.722268E-05,-6.66667E-04
3.404702,4.768408E-07,-8.843897E-06,-6.66667E-04
3.405703,1.239782E-05,1.07438E-05,-.002
3.406703,1.740467E-05,-1.617719E-05,-6.66667E-04
3.407704,-6.437331E-06,5.31043E-06,-6.66667E-04
3.408704,-4.57766E-05,8.035509E-06,-6.66667E-04
3.409705,-3.910088E-05,-2.028435E-06,.001
3.410706,-2.050411E-05,-1.022599E-06,-6.66667E-04
3.411706,-1.239782E-05,-2.75207E-05,-6.66667E-04
3.412706,-1.001364E-05,-3.401772E-05,-.001
3.413707,4.053145E-06,-1.271447E-05,-6.66667E-04
3.414707,2.3842E-06,-7.696508E-06,6.66667E-04
3.415708,3.123307E-05,1.512475E-06,6.66667E-04
3.416708,1.311308E-05,2.36613E-05,-2.33333E-03
3.417709,-4.458451E-05,1.094124E-05,-6.66667E-04
3.418709,-3.600144E-05,-4.284102E-07,6.66667E-04
3.41971,-5.769753E-05,3.264123E-05,-6.66667E-04
3.420711,-4.649186E-05,3.770017E-05,6.66667E-04
3.421711,-1.406675E-05,2.675143E-05,-6.66667E-04
3.422711,-1.788151E-05,1.017755E-05,-2.33333E-03
3.423712,-3.337875E-06,-2.59151E-05,.001
3.424712,2.646458E-05,-2.651301E-05,-6.66667E-04
3.425713,1.430519E-06,-2.3028E-05,-6.66667E-04
3.426713,-2.145779E-05,3.170237E-06,-.001
3.427714,-1.549732E-05,2.293859E-05,.001
3.428714,-1.621258E-05,-1.001923E-05,.002
3.429715,4.076981E-05,1.752756E-06,-6.66667E-04
3.430716,5.197548E-05,2.518308E-05,-.002
3.431716,4.029297E-05,2.177816E-05,-.002
3.432716,7.653283E-05,1.601141E-05,-6.66667E-04
3.433717,4.3154E-05,4.278525E-06,6.66667E-04
3.434717,4.291558E-05,-2.725434E-05,-6.66667E-04
3.435718,3.743195E-05,-3.130385E-05,.001
3.436718,2.241146E-05,5.938142E-06,6.66667E-04
3.437719,3.981614E-05,-1.061155E-05,.001
3.438719,3.433251E-05,-1.533341E-05,-.001
3.43972,3.480935E-05,-2.768275E-05,6.66667E-04
3.440721,5.912804E-05,-5.061203E-05,-6.66667E-04
3.441721,7.796334E-05,-3.608339E-05,-.002
3.442721,7.987069E-05,-4.030229E-05,-.001
3.443722,9.489106E-05,-1.475593E-05,6.66667E-04
3.444722,1.487741E-04,3.490612E-06,-6.66667E-04
3.445723,2.036104E-04,-2.814471E-06,2.33333E-03
3.446723,2.403269E-04,-5.038484E-06,.001
3.447724,2.768058E-04,8.201285E-06,-.001
3.448724,3.116149E-04,6.075978E-06,-.002
3.449725,3.526229E-04,1.095241E-05,-6.66667E-04
3.450726,3.709812E-04,-4.876434E-06,-6.66667E-04
3.451726,3.962535E-04,-5.319179E-05,6.66667E-04
3.452726,4.160423E-04,-4.472234E-05,-.002
3.453727,4.344005E-04,-4.89878E-05,-6.66667E-04
3.454727,4.47752E-04,-4.504086E-05,-6.66667E-04
3.455728,4.513282E-04,1.313172E-06,-.002
3.456728,4.179496E-04,-3.762558E-06,-3.66667E-03
3.457729,3.864784E-04,4.98633E-06,-.001
3.458729,3.564376E-04,8.454605E-06,.001
3.45973,3.161449E-04,-1.67304E-05,.001
3.460731,2.808589E-04,-3.258721E-05,-.001
3.461731,2.23876E-04,-1.862098E-05,6.66667E-04
3.462731,1.862058E-04,-2.595235E-05,-6.66667E-04
3.463732,1.850137E-04,-2.512534E-05,-.001
3.464732,1.339922E-04,2.451256E-06,-.002
3.465733,9.727525E-05,-1.360482E-05,.002
3.466733,8.010911E-05,-1.043832E-05,6.66667E-04
3.467734,5.722069E-05,-2.497819E-05,-6.66667E-04
3.468734,5.078339E-05,-5.461113E-05,-.001
3.469735,3.600144E-05,-2.362404E-05,-.001
3.470736,3.767037E-05,2.533216E-07,6.66667E-04
3.471736,4.19619E-05,-2.71966E-05,2.33333E-03
3.472736,2.980244E-05,-4.991925E-07,-3.66667E-03
3.473737,-1.049048E-05,-1.138641E-05,6.66667E-04
3.474737,2.336514E-05,-7.083669E-06,-.002
3.475738,1.716625E-05,1.782559E-06,.001
3.476738,-1.502043E-05,-8.456467E-06,-6.66667E-04
3.477739,-4.768408E-07,2.710163E-06,.001
3.478739,1.597416E-05,7.074355E-06,-.002
3.47974,3.981614E-05,-8.003844E-06,6.66667E-04
3.480741,4.506134E-05,-1.049234E-05,.001
3.481741,3.2902E-05,1.211843E-05,-6.66667E-04
3.482741,3.099465E-05,-5.861773E-06,6.66667E-04
3.483742,3.600144E-05,1.139758E-05,-6.66667E-04
3.484742,-1.502043E-05,1.081271E-05,.001
3.485743,-9.059964E-06,2.156396E-05,-.001
3.486743,-9.536801E-06,1.677882E-05,6.66667E-04
3.487744,-3.814721E-05,-8.94448E-06,6.66667E-04
3.488744,-9.536801E-06,1.025951E-05,-6.66667E-04
3.489745,-1.90736E-05,2.863456E-05,.002
3.490746,-2.264988E-05,2.525761E-06,-6.66667E-04
3.491746,1.454359E-05,2.037748E-06,-.002
3.492746,1.573574E-05,-5.979127E-07,.001
3.493747,1.668942E-05,-1.656089E-05,-.002
3.494747,3.361725E-05,4.602625E-06,6.66667E-04
3.495748,-6.198912E-06,1.370354E-05,-6.66667E-04
3.496748,-3.504776E-05,-1.347071E-05,-6.66667E-04
3.497749,-2.694142E-05,3.181412E-06,-.001
3.498749,-2.646458E-05,5.288079E-06,-.002
3.49975,-2.408039E-05,-1.969014E-05,.001
3.500751,-3.027928E-05,4.846632E-06,-2.33333E-03
3.501751,-2.646458E-05,2.019864E-05,.002
3.502751,1.525891E-05,1.782191E-05,-.001
3.503752,4.053145E-06,8.350296E-06,-6.66667E-04
3.504752,-7.629453E-06,-2.020423E-05,.001
3.505753,-1.33515E-05,-1.958769E-05,6.66667E-04
3.506753,-4.172348E-05,2.967205E-05,-6.66667E-04
3.507754,-1.287466E-05,3.898545E-06,-6.66667E-04
3.508754,5.483656E-06,3.986079E-07,.001
3.509755,-2.02657E-05,2.78597E-05,-6.66667E-04
3.510756,-7.391005E-06,-5.189358E-06,-6.66667E-04
3.511756,8.821546E-06,-9.253679E-06,-.001
3.512756,-1.597416E-05,-1.63113E-05,-6.66667E-04
3.513757,-1.025206E-05,-2.717238E-05,6.66667E-04
3.514757,2.050411E-05,1.14218E-05,.001
3.515758,6.437331E-06,4.140689E-06,-6.66667E-04
3.516758,2.646458E-05,-6.314396E-06,6.66667E-04
3.517759,3.480935E-05,2.322916E-05,6.66667E-04
3.518759,2.169621E-05,2.766226E-05,-6.66667E-04
3.51976,5.960494E-06,3.682845E-05,-6.66667E-04
3.520761,-2.241146E-05,2.361473E-05,-6.66667E-04
3.521761,-2.384197E-05,6.964459E-06,-6.66667E-04
3.522761,4.053145E-06,8.581264E-06,-6.66667E-04
3.523762,-9.536801E-06,-2.298519E-06,.001
3.524762,-3.337883E-05,-1.558301E-05,-6.66667E-04
3.525763,-3.480935E-05,2.135162E-05,-6.66667E-04
3.526763,-4.458451E-05,9.588955E-06,.001
3.527764,-2.455723E-05,-2.22699E-05,6.66667E-04
3.528764,1.6451E-05,-1.432566E-05,.001
3.529765,1.6451E-05,-1.573388E-05,6.66667E-04
3.530766,2.002728E-05,-4.632428E-06,-.001
3.531766,3.218674E-05,-1.488073E-05,.001
3.532766,3.385567E-05,-1.413567E-05,-.001
3.533767,2.264988E-05,2.524082E-05,.001
3.534767,-2.717983E-05,2.653536E-05,-.002
3.535768,-1.168257E-05,2.843712E-05,-.001
3.536768,3.147149E-05,2.453118E-06,-6.66667E-04
3.537769,2.217304E-05,-2.497074E-05,-6.66667E-04
3.538769,1.382834E-05,-4.608207E-05,-6.66667E-04
3.53977,3.314042E-05,3.816589E-06,-6.66667E-04
3.540771,2.527249E-05,3.423565E-05,6.66667E-04
3.541771,3.314042E-05,9.657873E-06,-.002
3.542771,4.410767E-05,1.604494E-05,-.001
3.543772,1.597416E-05,1.229355E-07,6.66667E-04
3.544772,1.215941E-05,-6.634771E-06,-.001
3.545773,4.768401E-06,3.172108E-05,6.66667E-04
3.546773,-9.536801E-06,1.281692E-05,-6.66667E-04
3.547774,2.789509E-05,-1.59723E-05,.001
3.548774,9.77522E-06,4.803791E-06,-2.33333E-03
3.549775,1.430517E-05,1.322485E-06,-.001
3.550776,4.053139E-05,6.411254E-06,-.001
3.551776,2.93256E-05,4.999369E-06,6.66667E-04
3.552776,8.344708E-06,1.165277E-05,6.66667E-04
3.553777,9.536816E-07,1.920771E-05,-2.33333E-03
3.554777,-8.344708E-06,3.054203E-05,-.001
3.555778,-2.384204E-07,4.891335E-06,-6.66667E-04
3.556778,1.692784E-05,-3.02495E-06,-.002
3.557779,-7.152594E-07,-2.556306E-05,-.002
3.558779,-9.536816E-07,-5.186186E-05,-3.66667E-03
3.55978,-2.980244E-05,-7.35189E-06,-.002
3.560781,-3.194832E-05,7.333263E-06,-.001
3.561781,9.77522E-06,8.879288E-06,-.002
3.562781,2.145779E-05,2.712954E-05,-.001
3.563782,-2.384204E-07,1.863588E-05,.002
3.564783,2.169621E-05,2.034579E-05,-.002
3.565783,8.583127E-06,3.560283E-05,.001
3.566783,1.120573E-05,-1.716812E-05,-6.66667E-04
3.567784,1.931202E-05,-7.137685E-06,-.001
3.568784,1.382834E-05,1.24798E-06,-.001
3.569785,1.764309E-05,1.396991E-06,-6.66667E-04
3.570786,3.671669E-05,2.134044E-05,.001
3.571786,7.629453E-06,2.193276E-05,6.66667E-04
3.572786,7.867871E-06,-9.438081E-06,-6.66667E-04
3.573787,3.004086E-05,-1.45287E-06,-2.33333E-03
3.574788,4.363083E-05,-3.256672E-05,-.002
3.575788,5.579018E-05,-3.537E-05,-6.66667E-04
3.576788,4.863762E-05,4.233822E-06,.001
3.577789,2.717983E-05,-2.398726E-05,-.002
3.578789,3.337883E-05,-2.078351E-05,-6.66667E-04
3.57979,5.149865E-05,-4.071771E-06,6.66667E-04
3.580791,4.696869E-05,-2.63007E-06,-6.66667E-04
3.581791,8.297013E-05,8.000119E-06,-6.66667E-04
3.582791,5.197548E-05,1.683284E-05,6.66667E-04
3.583792,5.197548E-05,-1.905498E-05,.001
3.584793,5.841278E-05,-7.582858E-06,-.001
3.585793,5.22139E-05,-7.607072E-06,.001
3.586793,5.292916E-05,-2.49279E-05,-.001
3.587794,5.722069E-05,-1.688686E-05,-.002
3.588794,4.410767E-05,-2.066058E-05,.001
3.589795,6.72345E-05,-1.207001E-06,-6.66667E-04
3.590796,6.246613E-05,-2.590954E-06,.001
3.591796,6.508874E-05,-1.657952E-05,-6.66667E-04
3.592796,1.056199E-04,-1.840301E-06,-.001
3.593797,5.245232E-05,2.913934E-05,-.002
3.594798,2.312672E-05,1.438899E-05,-.001
3.595798,1.525891E-05,2.686505E-05,.002
3.596798,1.430517E-05,2.270949E-05,-.002
3.597799,2.789509E-05,-1.931578E-06,6.66667E-04
3.598799,3.194832E-05,6.347924E-06,-.002
3.5998,1.049048E-05,2.941501E-05,-6.66667E-04
3.600801,3.337875E-06,2.192718E-05,-.002
3.601801,2.121937E-05,1.347443E-05,.001
3.602801,-1.835835E-05,-8.808507E-06,-6.66667E-04
3.603802,-5.722075E-06,2.967208E-06,-5.33333E-03
3.604803,-2.098095E-05,1.956907E-05,-6.66667E-04
3.605803,-3.671669E-05,1.391403E-06,.002
3.606803,-3.337875E-06,2.952307E-06,-6.66667E-04
3.607804,-3.337875E-06,3.025879E-05,.001
3.608804,-1.692784E-05,-1.654413E-05,-.002
3.609805,-1.120573E-05,-3.61355E-07,6.66667E-04
3.610806,-2.408039E-05,4.848675E-05,.002
3.611806,-7.867871E-06,8.04296E-06,-6.66667E-04
3.612806,3.266358E-05,1.223391E-05,.001
3.613807,2.241146E-05,1.465162E-05,-.002
3.614808,1.955044E-05,1.184462E-05,.001
3.615808,1.549732E-05,2.390158E-05,6.66667E-04
3.616808,9.536816E-07,6.444789E-07,-6.66667E-04
3.617809,3.099456E-06,2.877801E-06,-.001
3.618809,3.623986E-05,1.446164E-05,-.001
3.61981,1.192099E-05,-1.334964E-05,-.002
3.620811,1.835835E-05,-4.13286E-05,-.001
3.621811,5.245238E-06,-1.539302E-05,-6.66667E-04
3.622811,-1.573574E-05,-1.051283E-05,-.002
3.623812,-1.90736E-05,-2.025079E-05,6.66667E-04
3.624813,-3.123307E-05,-3.852905E-05,6.66667E-04
3.625813,-3.2902E-05,-5.461113E-05,-6.66667E-04
3.626813,-3.266358E-05,-1.510611E-05,-.001
3.627814,-5.197548E-05,2.271321E-05,-3.66667E-03
3.628814,-4.053139E-05,4.394009E-06,-.002
3.629815,-5.722075E-06,2.837379E-05,.001
3.630816,-1.120573E-05,1.619209E-05,-.001
3.631816,8.821546E-06,-6.122544E-06,-.001
3.632816,-1.33515E-05,1.056126E-05,-.001
3.633817,-4.410767E-05,4.656642E-06,6.66667E-04
3.634818,-1.358992E-05,-1.379295E-05,-6.66667E-04
3.635818,2.455723E-05,-1.117034E-05,.001
3.636818,2.336514E-05,-5.099952E-06,-6.66667E-04
3.637819,1.215941E-05,-1.704328E-06,-3.66667E-03
3.638819,-1.668942E-05,-2.793986E-07,-.001
3.63982,-2.646458E-05,1.247047E-05,-.002
3.640821,-3.099465E-05,3.583566E-05,-2.33333E-03
3.641821,-2.28883E-05,3.612065E-05,-.001
3.642821,-2.074253E-05,7.614522E-06,-.001
3.643822,-1.120573E-05,1.139945E-05,.001
3.644823,-3.361725E-05,8.491857E-06,-.002
3.645823,-2.861038E-06,-1.562957E-05,.002
3.646823,1.931202E-05,-5.671784E-06,-.001
3.647824,-1.811993E-05,2.319008E-06,6.66667E-04
3.648824,-9.536816E-07,1.461437E-05,-.001
3.649825,4.386925E-05,2.15472E-05,-6.66667E-04
3.650826,3.027928E-05,7.413357E-06,-6.66667E-04
3.651826,1.001364E-05,-1.851477E-06,-.001
3.652826,-3.099456E-06,-9.037612E-06,-6.66667E-04
3.653827,4.768401E-06,-7.972179E-06,6.66667E-04
3.654828,1.835835E-05,4.014029E-06,.001
3.655828,-6.675749E-06,5.066424E-06,6.66667E-04
3.656828,-6.675749E-06,-3.076182E-05,-.001
3.657829,8.10629E-06,2.919894E-05,-.002
3.658829,-3.051781E-05,2.83533E-05,-6.66667E-04
3.65983,-3.075623E-05,1.318572E-05,-.002
3.66083,-2.956402E-05,9.935407E-06,-.002
3.661831,-2.980244E-05,7.245719E-06,.001
3.662831,-1.90736E-05,-1.690735E-05,2.33333E-03
3.663832,-2.002728E-05,-2.073694E-05,-6.66667E-04
3.664833,-3.981614E-05,-4.069903E-05,-.002
3.665833,1.478201E-05,-3.981241E-05,6.66667E-04
3.666833,-3.099456E-06,-2.767157E-05,-6.66667E-04
3.667834,4.529982E-06,-1.119269E-05,-6.66667E-04
3.668834,5.483656E-06,2.789136E-05,.001
3.669835,-2.050411E-05,4.357682E-05,-6.66667E-04
3.670835,-1.955044E-05,2.902013E-05,-.001
3.671836,4.529982E-06,3.752322E-05,-2.33333E-03
3.672836,7.391005E-06,3.870606E-06,-.001
3.673837,1.788151E-05,-3.125728E-05,.001
3.674838,1.764309E-05,-1.811434E-05,-.002
3.675838,8.10629E-06,-2.339866E-05,6.66667E-04
3.676838,3.314042E-05,-1.718302E-05,2.33333E-03
3.677839,3.17099E-05,6.437331E-06,.001
3.678839,2.360356E-05,-1.727429E-05,.002
3.67984,1.358992E-05,-1.990062E-05,-.001
3.68084,1.478201E-05,8.408038E-06,-.001
3.681841,3.385567E-05,7.929339E-06,-6.66667E-04
3.682841,7.081078E-05,9.719341E-06,-6.66667E-04
3.683842,6.294297E-05,2.579589E-05,-.001
3.684843,4.172348E-05,3.409036E-05,-.001
3.685843,4.386925E-05,1.884263E-05,-2.33333E-03
3.686843,3.767037E-05,4.229159E-05,-.002
3.687844,7.844018E-05,6.714865E-06,.001
3.688844,8.988427E-05,-2.066803E-05,.002
3.689845,8.13012E-05,-3.207871E-05,-.001
3.690845,1.006131E-04,-3.986643E-05,-.002
3.691846,1.111035E-04,-3.586174E-05,-.001
3.692847,1.013284E-04,-3.742264E-05,-.001
3.693847,1.139645E-04,-2.937403E-05,6.66667E-04
3.694848,1.249323E-04,-1.630199E-05,6.66667E-04
3.695848,1.17064E-04,-2.528925E-05,-2.33333E-03
3.696848,1.006131E-04,-1.193403E-05,-2.33333E-03
3.697849,8.249329E-05,-5.764916E-06,-.001
3.698849,9.393739E-05,-1.430331E-05,.002
3.69985,8.535432E-05,-1.789455E-05,-.002
3.70085,2.694142E-05,-3.837078E-06,.002
3.701851,9.059964E-06,-2.287343E-06,-.001
3.702852,1.931202E-05,1.902331E-05,-.001
3.703852,1.096731E-05,1.80715E-05,-.001
3.704853,3.2902E-05,-1.011608E-05,-.002
3.705853,3.647828E-05,-1.815532E-05,6.66667E-04
3.706853,-2.837193E-05,-3.72699E-05,-.001
3.707854,-2.169621E-05,-1.655158E-05,-6.66667E-04
3.708854,3.576293E-06,2.847999E-06,6.66667E-04
3.709855,1.382834E-05,-3.934302E-05,-.002
3.710855,-1.025206E-05,-3.110827E-05,.001
3.711856,-1.907363E-06,5.196816E-07,-6.66667E-04
3.712857,1.168257E-05,-7.664843E-06,-.001
3.713857,-6.198912E-06,1.67304E-05,-5.33333E-03
3.714858,-3.93393E-05,4.124292E-05,.001
3.715858,-2.074253E-05,2.550532E-05,-2.33333E-03
3.716858,1.001364E-05,2.132927E-05,-.001
3.717859,2.074253E-05,-4.678994E-06,.001
3.718859,3.337883E-05,4.185393E-06,-.002
3.71986,2.384197E-05,9.290932E-06,-2.33333E-03
3.72086,2.28883E-05,-3.725313E-08,6.66667E-04
3.721861,3.504776E-05,-7.689057E-06,-2.33333E-03
3.722862,-4.768401E-06,8.769392E-06,-6.66667E-04
3.723862,-2.93256E-05,-1.069537E-05,-6.66667E-04
3.724863,5.483656E-06,-3.950699E-06,-6.66667E-04
3.725863,4.529982E-06,1.115917E-05,-6.66667E-04
3.726863,-2.169621E-05,1.924683E-05,-2.33333E-03
3.727864,-7.629453E-06,1.707871E-05,-2.33333E-03
3.728864,1.430519E-06,-1.927852E-06,6.66667E-04
3.729865,1.072889E-05,-2.695818E-05,-.001
3.730865,-2.145782E-06,2.086172E-07,-6.66667E-04
3.731866,-4.363083E-05,6.318121E-06,.001
3.732867,-3.576302E-05,-4.611938E-06,-6.66667E-04
3.733867,-2.837193E-05,2.340798E-05,.001
3.734868,-2.503407E-05,1.425116E-05,6.66667E-04
3.735868,-1.525891E-05,6.504386E-06,-.002
3.736868,-2.002728E-05,1.349865E-05,-.002
3.737869,2.622619E-06,-9.991287E-06,-6.66667E-04
3.73887,2.908718E-05,0,-6.66667E-04
3.73987,1.049048E-05,-5.982845E-06,6.66667E-04
3.74087,3.576302E-05,-2.601568E-05,2.33333E-03
3.741871,7.534074E-05,-1.041224E-05,-.002
3.742872,5.912804E-05,6.437331E-06,-.002
3.743872,5.197548E-05,-4.529982E-06,-6.66667E-04
3.744873,3.361725E-05,-1.132122E-05,-6.66667E-04
3.745873,1.668937E-06,-8.305593E-06,6.66667E-04
3.746873,0,-3.576293E-06,-.001
3.747874,-2.360356E-05,1.969573E-05,-6.66667E-04
3.748875,1.907363E-06,2.278399E-05,-2.33333E-03
3.749875,1.621258E-05,2.88171E-05,2.33333E-03
3.750875,1.430519E-06,1.866941E-05,-6.66667E-04
3.751876,-1.33515E-05,-8.693023E-06,-.001
3.752877,2.765667E-05,-2.370786E-05,-.002
3.753877,2.479565E-05,9.754731E-06,-6.66667E-04
3.754878,1.668937E-06,-1.401088E-05,-6.66667E-04
3.755878,-9.059964E-06,-6.588205E-06,-3.66667E-03
3.756878,-2.217304E-05,-3.580019E-06,-6.66667E-04
3.757879,-1.597416E-05,-3.56698E-06,-6.66667E-04
3.75888,-1.382834E-05,-4.220783E-06,2.33333E-03
3.75988,-2.741825E-05,-2.230715E-05,6.66667E-04
3.76088,-4.053145E-06,-4.201964E-05,-.001
3.761881,-1.358992E-05,-2.77051E-05,-.002
3.762882,-3.457093E-05,-3.463239E-05,-.001
3.763882,-1.764309E-05,-3.830367E-05,-6.66667E-04
3.764883,-5.722075E-06,-4.276843E-05,-6.66667E-04
3.765883,-1.525891E-05,-4.81254E-05,-.001
3.766883,7.152586E-06,-9.231328E-06,-.001
3.767884,-5.960494E-06,1.090585E-05,-.001
3.768885,-1.573574E-05,9.471609E-06,.001
3.769885,-1.955044E-05,1.848873E-05,-.001
3.770885,-2.717983E-05,3.705756E-05,-6.66667E-04
3.771886,-2.098095E-05,1.942564E-05,-.002
3.772887,-7.391005E-06,2.453674E-05,2.33333E-03
3.773887,-4.768401E-06,3.05979E-05,.001
3.774888,-7.152594E-07,1.538929E-05,.001
3.775888,6.437331E-06,6.688788E-06,-.002
3.776888,5.960494E-06,-1.495151E-05,6.66667E-04
3.777889,2.02657E-05,-2.274674E-05,-.002
3.77889,3.027928E-05,2.168689E-05,-6.66667E-04
3.77989,1.311308E-05,1.106418E-06,6.66667E-04
3.78089,1.287466E-05,6.275281E-06,.001
3.781891,-2.3842E-06,5.546986E-06,.001
3.782892,-1.168257E-05,-2.489623E-05,-.002
3.783892,-1.502043E-05,-1.902704E-05,-.002
3.784893,-4.696869E-05,-3.56941E-05,-.001
3.785893,-5.245232E-05,-5.461113E-05,6.66667E-04
3.786893,-1.597416E-05,-3.798143E-05,-6.66667E-04
3.787894,-1.692784E-05,-2.390344E-05,-.001
3.788895,-2.145779E-05,-2.363708E-05,-6.66667E-04
3.789895,-7.391005E-06,-5.411013E-06,-6.66667E-04
3.790895,-2.717983E-05,-9.354262E-06,-6.66667E-04
3.791896,-1.90736E-05,-1.04197E-05,6.66667E-04
3.792897,-3.2902E-05,8.128642E-06,-.001
3.793897,-2.574932E-05,3.93021E-06,-.001
3.794898,2.408039E-05,-7.920025E-06,-3.66667E-03
3.795898,-1.525891E-05,-1.477456E-05,-6.66667E-04
3.796898,-4.124665E-05,-3.969693E-05,-.001
3.797899,-1.454359E-05,-2.313044E-05,-.002
3.7989,-6.675749E-06,-9.851588E-06,-6.66667E-04
3.7999,9.536816E-07,-1.174031E-05,-.002
3.8009,1.049048E-05,6.569579E-06,6.66667E-04
3.801901,8.10629E-06,3.404939E-05,-6.66667E-04
3.802902,2.145782E-06,7.379829E-06,.001
3.803902,-7.391005E-06,3.922195E-05,-.001
3.804903,-2.598774E-05,4.134723E-05,-2.33333E-03
3.805903,-2.193463E-05,-2.497822E-06,-.002
3.806903,-1.239782E-05,1.00211E-06,-.001
3.807904,8.344708E-06,-2.044265E-05,.001
3.808905,3.075623E-05,-8.961244E-06,-.001
3.809905,1.025206E-05,2.066989E-05,-.002
3.810905,3.433251E-05,1.462927E-05,-.002
3.811906,8.13012E-05,-9.294636E-07,6.66667E-04
3.812907,8.463906E-05,-9.467884E-06,-6.66667E-04
3.813907,1.111035E-04,-2.907228E-05,.001
3.814908,1.351843E-04,1.182787E-06,.001
3.815908,1.177792E-04,-2.284546E-05,-6.66667E-04
3.816908,1.218324E-04,-5.461113E-05,6.66667E-04
3.817909,1.180177E-04,-5.461113E-05,6.66667E-04
3.81891,9.441422E-05,-5.461113E-05,-.001
3.81991,8.082436E-05,-4.908466E-05,-.002
3.82091,6.055855E-05,-2.294418E-05,-.002
3.821911,5.149865E-05,-9.661599E-06,-6.66667E-04
3.822912,5.030655E-05,-4.787208E-05,2.33333E-03
3.823912,1.263624E-05,-5.461113E-05,.001
3.824913,7.867871E-06,-5.461113E-05,2.33333E-03
3.825913,2.360356E-05,-5.461113E-05,.001
3.826913,-1.6451E-05,-3.483542E-05,-.001
3.827914,-1.549732E-05,-5.001971E-05,-.001
3.828915,8.344708E-06,-5.10423E-05,6.66667E-04
3.829915,-1.502043E-05,-5.052262E-05,6.66667E-04
3.830915,-4.482293E-05,-4.154467E-05,-6.66667E-04
3.831916,-2.837193E-05,1.460878E-05,-6.66667E-04
3.832916,-4.553818E-05,2.19458E-05,.001
3.833917,-2.384197E-05,4.315778E-06,-6.66667E-04
3.834918,-5.006819E-06,1.371099E-05,-6.66667E-04
3.835918,-1.096731E-05,-1.917232E-05,-.001
3.836918,1.406675E-05,-2.550159E-05,-6.66667E-04
3.837919,4.529976E-05,-9.082316E-06,-2.33333E-03
3.83892,4.076981E-05,-3.067986E-05,-3.66667E-03
3.83992,3.051781E-05,-1.635414E-05,-.001
3.84092,5.483656E-06,-3.945112E-06,-.002
3.841921,-7.391005E-06,-8.802919E-06,.002
3.842921,5.960494E-06,3.535315E-06,-.002
3.843922,4.529982E-06,1.849246E-05,-.002
3.844923,1.835835E-05,-1.255801E-05,.002
3.845923,2.479565E-05,3.607594E-05,-6.66667E-04
3.846923,7.629453E-06,2.085429E-05,-6.66667E-04
3.847924,1.525891E-05,-3.264123E-05,6.66667E-04
3.848925,2.384204E-07,1.978144E-06,-6.66667E-04
3.849925,-1.788151E-05,5.446404E-06,-.001
3.850925,-1.668942E-05,-5.524635E-06,-6.66667E-04
3.851926,-3.194832E-05,-2.093625E-05,-6.66667E-04
3.852926,-2.384197E-05,-3.592693E-05,-6.66667E-04
3.853927,2.455723E-05,-1.246115E-05,-.002
3.854928,1.001364E-05,-2.048921E-05,-.001
3.855928,-2.169621E-05,-7.629453E-06,.001
3.856929,-5.245238E-06,1.152238E-05,-6.66667E-04
3.857929,-1.478201E-05,1.374265E-05,-2.33333E-03
3.85893,2.02657E-05,-9.294636E-07,-.002
3.85993,4.148507E-05,-6.398215E-06,6.66667E-04
3.86093,7.152594E-07,-2.238352E-05,-.001
3.861931,1.835835E-05,-2.397422E-05,-.002
3.862931,2.169621E-05,-5.379348E-06,-6.66667E-04
3.863932,9.059964E-06,-1.206255E-05,-.002
3.864933,4.57766E-05,-1.790009E-06,.001
3.865933,3.600144E-05,2.570462E-05,-.002
3.866934,2.55109E-05,2.09549E-06,6.66667E-04
3.867934,4.696869E-05,-6.688788E-06,.001
3.868935,1.597416E-05,1.432939E-05,.002
3.869935,-1.33515E-05,6.027549E-06,-6.66667E-04
3.870935,2.431881E-05,1.59276E-05,6.66667E-04
3.871936,1.096731E-05,2.496515E-05,6.66667E-04
3.872936,-1.430517E-05,1.704328E-06,.002
3.873937,-9.536801E-06,4.060596E-06,-2.33333E-03
3.874938,-2.217304E-05,1.002854E-05,-6.66667E-04
3.875938,-1.33515E-05,1.089653E-05,-.002
3.876939,-1.072889E-05,4.189857E-05,-6.66667E-04
3.877939,-7.867871E-06,3.650249E-05,-.001
3.87894,9.77522E-06,2.506387E-05,-.001
3.87994,1.430519E-06,5.036802E-05,-6.66667E-04
3.88094,-3.242516E-05,5.263864E-06,.001
3.881941,-1.835835E-05,-1.133612E-05,-.002
3.882941,-3.385567E-05,-1.589034E-05,-3.66667E-03
3.883942,-2.384197E-05,-1.113868E-05,6.66667E-04
3.884943,1.215941E-05,-3.8367E-05,-.002
3.885943,-1.215941E-05,-4.199916E-05,-6.66667E-04
3.886944,-2.813351E-05,-3.221468E-05,-.002
3.887944,-1.883518E-05,-7.927476E-06,6.66667E-04
3.888945,-4.744553E-05,-6.837799E-06,-.002
3.889945,-2.455723E-05,8.830859E-06,6.66667E-04
3.890945,-8.344708E-06,2.973538E-05,-.001
3.891946,-2.503407E-05,1.175335E-05,-.001
3.892946,-3.337875E-06,1.092633E-05,-.001
3.893947,-6.675749E-06,5.460926E-05,-6.66667E-04
3.894948,0,4.080893E-05,-6.66667E-04
3.895948,2.861038E-06,2.14373E-05,6.66667E-04
3.896949,-3.576293E-06,1.69297E-05,-6.66667E-04
3.897949,-2.264988E-05,1.576368E-05,-6.66667E-04
3.89895,1.597416E-05,6.709277E-06,6.66667E-04
3.89995,1.430519E-06,2.207246E-05,6.66667E-04
3.90095,1.382834E-05,1.495337E-05,-.001
3.901951,2.408039E-05,2.803665E-05,.001
3.902952,-7.391005E-06,3.69364E-06,-6.66667E-04
3.903952,1.6451E-05,-4.002848E-05,.001
3.904953,2.741825E-05,-1.737855E-06,-.001
3.905953,2.837193E-05,-6.729766E-06,.001
3.906954,7.152594E-07,6.375863E-06,6.66667E-04
3.907954,-3.337883E-05,9.421317E-06,.001
3.908955,-2.980244E-05,-9.454845E-06,-.002
3.909955,5.483656E-06,-7.165625E-06,-.002
3.910955,-2.050411E-05,-1.710106E-05,.001
3.911956,-1.597416E-05,-4.813657E-05,-6.66667E-04
3.912957,-2.622619E-06,-2.901268E-05,-6.66667E-04
3.913957,-1.33515E-05,-1.749594E-05,.001
3.914958,2.098095E-05,-4.347996E-05,-6.66667E-04
3.915958,3.099465E-05,-1.189864E-05,.002
3.916959,1.001364E-05,4.40146E-06,-6.66667E-04
3.917959,5.722075E-06,-1.295289E-05,-.001
3.91896,1.096731E-05,4.73301E-06,-.002
3.91996,5.960494E-06,-6.277151E-07,-6.66667E-04
3.92096,1.740467E-05,-1.266608E-07,-.002
3.921961,2.264988E-05,2.717425E-05,-3.66667E-03
3.922962,2.384204E-07,-1.903631E-06,6.66667E-04
3.923962,1.33515E-05,1.052402E-06,-2.33333E-03
3.924963,-6.914168E-06,4.615664E-06,-6.66667E-04
3.925963,-2.384204E-07,-2.464664E-05,-3.66667E-03
3.926964,2.360356E-05,-3.694207E-05,-6.66667E-04
3.927964,9.059964E-06,1.3182E-05,.001
3.928965,7.152586E-06,2.48031E-05,-6.66667E-04
3.929965,1.931202E-05,3.168755E-05,-.001
3.930965,1.382834E-05,8.339121E-06,-.001
3.931966,1.692784E-05,-2.326269E-05,6.66667E-04
3.932967,2.813351E-05,-1.591456E-05,-.001
3.933967,2.646458E-05,-1.13417E-05,-.002
3.934968,1.788151E-05,-4.543021E-06,6.66667E-04
3.935968,2.861035E-05,2.116163E-05,-6.66667E-04
3.936969,7.152586E-06,2.518308E-05,-.001
3.937969,4.124665E-05,2.151926E-05,.001
3.93897,1.382834E-05,1.84552E-05,-6.66667E-04
3.93997,-1.382834E-05,-1.990248E-05,-6.66667E-04
3.94097,-1.1921E-06,-2.754305E-05,-6.66667E-04
3.941971,2.145782E-06,-1.700602E-06,-.001
3.942972,-4.768408E-07,-7.294148E-06,-6.66667E-04
3.943972,2.789509E-05,1.887989E-05,-6.66667E-04
3.944973,-1.168257E-05,-6.761438E-07,-2.33333E-03
3.945973,-5.650544E-05,-2.955657E-05,-6.66667E-04
3.946974,-5.769753E-05,-1.118152E-05,.001
3.947974,-4.243874E-05,-2.809626E-05,.002
3.948975,-2.503407E-05,-4.533329E-05,-.002
3.949975,-2.861038E-06,-4.318939E-05,-2.33333E-03
3.950975,2.861038E-06,-4.593492E-05,6.66667E-04
3.951976,3.433251E-05,-4.140683E-05,-6.66667E-04
3.952977,1.764309E-05,-1.545635E-05,-.001
3.953977,-2.598774E-05,-2.294604E-05,-.002
3.954978,5.245238E-06,-7.04269E-06,.001
3.955978,-1.549732E-05,-1.858745E-05,-6.66667E-04
3.956979,1.049048E-05,-3.973977E-05,-2.33333E-03
3.957979,4.673027E-05,-4.472234E-05,.001
3.95898,2.908718E-05,-2.867554E-05,-.002
3.95998,3.981614E-05,-5.059526E-05,-.002
3.96098,4.553818E-05,-2.002914E-05,.001
3.961981,7.152594E-07,-1.939025E-05,.001
3.962982,-1.33515E-05,8.49372E-06,-.002
3.963982,-9.536801E-06,2.998125E-05,-.002
3.964983,-1.025206E-05,-1.870103E-06,-2.33333E-03
3.965983,-8.821546E-06,-1.219107E-05,-.002
3.966984,-4.053145E-06,-3.539044E-07,-3.66667E-03
3.967984,-1.120573E-05,9.546115E-06,-3.66667E-03
3.968985,0,1.153914E-05,-6.66667E-04
3.969985,2.050411E-05,7.471099E-06,-2.33333E-03
3.970985,2.861035E-05,1.742702E-05,.001
3.971986,1.1921E-06,2.131064E-05,-.001
3.972987,-2.384204E-07,2.766598E-05,-.001
3.973987,2.02657E-05,1.909226E-06,6.66667E-04
3.974988,3.814726E-06,2.081704E-05,-6.66667E-04
3.975988,-2.312672E-05,1.425674E-05,-.001
3.976989,-1.33515E-05,1.67751E-05,-.001
3.977989,-1.120573E-05,5.128817E-05,-3.66667E-03
3.97899,-1.287466E-05,3.21588E-05,-.002
3.97999,1.716625E-05,1.904194E-05,6.66667E-04
3.98099,-1.931202E-05,5.05934E-05,-6.66667E-04
3.981991,-2.336514E-05,3.868178E-05,.001
3.982992,8.821546E-06,4.872709E-06,.001
3.983992,1.144415E-05,6.411254E-06,-6.66667E-04
3.984993,2.884876E-05,4.321355E-07,6.66667E-04
3.985993,3.576302E-05,1.765799E-05,-3.66667E-03
3.986994,-1.430519E-06,2.626714E-05,-6.66667E-04
3.987994,-1.525891E-05,2.841104E-05,-.002
3.988995,-1.549732E-05,4.404434E-05,6.66667E-04
3.989995,-2.455723E-05,1.873274E-05,-2.33333E-03
3.990995,-8.10629E-06,-7.927476E-06,-6.66667E-04
3.991996,-9.298383E-06,-2.261266E-06,-.001
3.992997,-8.821546E-06,-7.702096E-06,-.001
3.993997,4.19619E-05,-1.10977E-05,-6.66667E-04
3.994998,-4.291564E-06,-1.834713E-06,-.002
3.995998,-2.28883E-05,-1.69595E-05,6.66667E-04
3.996999,-1.239782E-05,-2.033834E-05,-6.66667E-04
3.997999,-2.765667E-05,-2.961431E-05,6.66667E-04
3.999,-2.503407E-05,-4.242384E-05,-6.66667E-04
4,8.10629E-06,2.09288E-05,-.001
