"c:\users\esrlabn1\desktop\bence\ir_spectroscopy\1000nm_odmr\magnet_map_7_1310nm\003.dat  ---  04-23-2026 16:49:49"
""
"cavityli 20 2 4 2000 1 0 0"
"                             ;                             ;seth_xesr_precise 326.72 1 0 -2.3818897637795278"
"setlockin 188.67 0.004 0 0.03 0.005"
4,2000
2,-5.006813E-05,-6.068527E-06,-6.66667E-04
2.001,-5.459809E-05,-2.969999E-05,.001
2.002001,-6.46119E-05,-1.957652E-05,.001
2.003001,-4.410767E-05,-1.221156E-05,-6.66667E-04
2.004002,-2.789509E-05,2.712026E-06,6.66667E-04
2.005002,-1.263624E-05,2.540287E-05,.002
2.006003,3.743195E-05,1.413381E-05,.002
2.007004,2.694142E-05,1.779024E-05,-6.66667E-04
2.008004,8.10629E-06,1.63411E-05,-.002
2.009005,1.597416E-05,1.778093E-05,-.001
2.010005,-2.861038E-06,3.061839E-05,-.002
2.011005,-9.536801E-06,2.807021E-06,.001
2.012006,2.098095E-05,-1.958397E-05,-6.66667E-04
2.013006,9.059964E-06,-2.271694E-05,6.66667E-04
2.014007,1.907363E-06,-4.335889E-05,-.001
2.015007,2.145782E-06,-3.279024E-05,-6.66667E-04
2.016008,-1.668942E-05,-1.368864E-05,-6.66667E-04
2.017009,-2.861038E-06,-4.166015E-05,-.001
2.018009,8.10629E-06,-2.0126E-05,-6.66667E-04
2.01901,-2.384204E-07,5.17819E-07,-.002
2.02001,-1.192099E-05,-1.573015E-05,-.001
2.02101,-7.391005E-06,3.276407E-06,-6.66667E-04
2.022011,-1.1921E-06,-1.685706E-05,-.001
2.023011,2.861035E-05,2.596542E-06,.001
2.024012,4.005455E-05,2.189551E-05,-.001
2.025012,3.004086E-05,-1.516572E-05,-.002
2.026013,6.032013E-05,-5.461113E-05,-.002
2.027014,7.271813E-05,-3.769272E-05,-.002
2.028014,9.894418E-05,-4.751445E-05,-6.66667E-04
2.029015,1.311311E-04,-2.811302E-05,-.001
2.030015,1.308927E-04,1.837325E-05,-.002
2.031015,1.354227E-04,1.038244E-05,6.66667E-04
2.032016,1.444826E-04,3.075623E-05,-.001
2.033016,1.139645E-04,1.375756E-05,6.66667E-04
2.034017,1.349458E-04,-2.18676E-06,-.002
2.035017,1.282701E-04,1.732269E-07,6.66667E-04
2.036018,1.056199E-04,-3.699423E-05,-2.33333E-03
2.037019,8.225488E-05,-4.246482E-05,-.001
2.038019,4.673027E-05,-1.93679E-05,.001
2.03902,4.243874E-05,-3.363774E-05,-.002
2.04002,3.981614E-05,-4.904374E-06,-.001
2.04102,2.55109E-05,3.572204E-05,-6.66667E-04
2.042021,3.147149E-05,2.289575E-05,-6.66667E-04
2.043021,4.649186E-05,2.75207E-05,-6.66667E-04
2.044022,2.527249E-05,8.912815E-06,.001
2.045022,2.694142E-05,-1.050165E-05,-6.66667E-04
2.046023,1.883518E-05,5.973532E-06,6.66667E-04
2.047024,-1.096731E-05,3.862218E-05,-6.66667E-04
2.048024,1.192099E-05,1.836207E-05,-6.66667E-04
2.049025,3.480935E-05,2.636586E-05,-6.66667E-04
2.050025,5.006819E-06,1.559977E-05,-2.33333E-03
2.051026,1.358992E-05,4.060585E-07,-6.66667E-04
2.052026,5.483656E-06,1.514338E-06,-6.66667E-04
2.053026,-3.194832E-05,5.161419E-06,-6.66667E-04
2.054027,-2.3842E-06,6.826624E-06,-.001
2.055027,-2.169621E-05,4.781439E-06,-.002
2.056028,-2.336514E-05,1.277035E-05,-6.66667E-04
2.057029,1.692784E-05,4.13435E-05,-6.66667E-04
2.058029,-7.152594E-07,4.650117E-05,6.66667E-04
2.05903,2.93256E-05,4.561641E-05,6.66667E-04
2.06003,1.311308E-05,2.307084E-05,6.66667E-04
2.061031,-9.298383E-06,1.780696E-06,-.002
2.062031,6.198912E-06,-2.664526E-05,-.002
2.063031,3.099456E-06,5.036622E-06,-.001
2.064032,-1.454359E-05,1.266046E-05,-.002
2.065032,-4.768408E-07,2.351787E-05,-.001
2.066033,1.668937E-06,4.198053E-05,-.001
2.067034,-8.583127E-06,3.140443E-05,-6.66667E-04
2.068034,-3.337875E-06,3.358372E-05,-.001
2.069035,7.152586E-06,4.558661E-05,6.66667E-04
2.070035,1.454359E-05,3.123307E-05,-.002
2.071036,1.931202E-05,3.016752E-05,-6.66667E-04
2.072036,9.536816E-07,9.687676E-06,-.001
2.073036,5.245238E-06,-1.637272E-06,-6.66667E-04
2.074037,-1.430519E-06,1.039548E-05,6.66667E-04
2.075037,-3.480935E-05,3.302484E-06,-.002
2.076038,-4.291564E-06,9.436219E-06,.001
2.077039,2.145782E-06,3.267289E-05,6.66667E-04
2.078039,6.914168E-06,-5.072012E-06,-.002
2.07904,5.960494E-06,7.899536E-06,-2.33333E-03
2.08004,1.430519E-06,1.253939E-05,.001
2.081041,-1.621258E-05,-1.044391E-05,-6.66667E-04
2.082041,-4.529982E-06,1.03694E-05,-6.66667E-04
2.083041,4.529982E-06,4.792609E-05,-.001
2.084042,-5.960494E-06,4.520104E-05,-2.33333E-03
2.085042,-6.198912E-06,1.619768E-05,.001
2.086043,-3.719353E-05,7.640629E-06,-6.66667E-04
2.087044,-1.692784E-05,-1.321925E-05,-.002
2.088044,-1.573574E-05,-5.78168E-06,-.002
2.089045,-1.263624E-05,3.803536E-06,6.66667E-04
2.090045,2.622616E-05,3.969326E-06,-6.66667E-04
2.091046,1.1921E-06,1.526263E-05,-6.66667E-04
2.092046,-4.673027E-05,1.68999E-05,-6.66667E-04
2.093046,-1.740467E-05,-1.560904E-06,-6.66667E-04
2.094047,-2.264988E-05,2.997566E-05,.001
2.095047,-1.120573E-05,1.582142E-05,.001
2.096048,1.597416E-05,2.609391E-05,-.002
2.097049,2.02657E-05,3.139139E-05,-.001
2.098049,5.817437E-05,3.137835E-05,.001
2.09905,5.054497E-05,2.997939E-05,-6.66667E-04
2.10005,1.144415E-05,1.149259E-06,6.66667E-04
2.101051,-1.406675E-05,-1.448957E-05,6.66667E-04
2.102051,-2.28883E-05,2.266854E-06,-6.66667E-04
2.103051,-3.55246E-05,2.102941E-06,.001
2.104052,8.344708E-06,-1.887989E-05,.001
2.105052,-9.536801E-06,4.002475E-05,-2.33333E-03
2.106053,-2.002728E-05,1.727801E-05,-6.66667E-04
2.107054,4.291564E-06,6.563991E-06,-.002
2.108054,1.287466E-05,2.039236E-05,-2.33333E-03
2.109055,7.152594E-07,4.353031E-06,6.66667E-04
2.110055,1.263624E-05,1.578603E-05,6.66667E-04
2.111056,6.198912E-06,4.421949E-06,.001
2.112056,1.1921E-06,-1.684588E-05,-6.66667E-04
2.113056,3.242516E-05,-3.732764E-05,-6.66667E-04
2.114057,-8.821546E-06,-1.490122E-05,.001
2.115057,9.536816E-07,-1.497386E-05,-.002
2.116058,3.576293E-06,3.188863E-06,-6.66667E-04
2.117059,-8.344708E-06,-3.060341E-06,6.66667E-04
2.118059,2.861038E-06,1.020177E-05,-.001
2.11906,1.430519E-06,3.651925E-05,-6.66667E-04
2.12006,7.152586E-06,3.302493E-05,6.66667E-04
2.121061,1.025206E-05,2.465595E-05,.002
2.122061,-4.005455E-05,-2.177447E-06,-3.66667E-03
2.123062,-3.385567E-05,-4.34278E-05,-6.66667E-04
2.124062,-4.529982E-06,-8.119328E-06,-6.66667E-04
2.125062,-4.005455E-05,6.463408E-06,-6.66667E-04
2.126063,-3.671669E-05,-8.307456E-06,-.002
2.127064,-3.123307E-05,1.329376E-05,-.002
2.128064,-9.298383E-06,1.099898E-05,.001
2.129065,5.722075E-06,-1.488261E-06,-.001
2.130065,7.152586E-06,4.956528E-06,-6.66667E-04
2.131066,7.152586E-06,-2.438587E-05,-6.66667E-04
2.132066,1.931202E-05,-3.457279E-05,.001
2.133067,-1.049048E-05,-1.834531E-05,6.66667E-04
2.134067,7.629453E-06,-7.795228E-06,-3.66667E-03
2.135067,1.811993E-05,-2.864574E-05,-.001
2.136068,5.245238E-06,-4.24704E-05,-6.66667E-04
2.137069,7.867871E-06,-5.461113E-05,-.002
2.138069,6.437331E-06,-2.389972E-05,-.002
2.13907,1.668937E-06,4.306465E-06,2.33333E-03
2.14007,1.859677E-05,3.803536E-06,-.001
2.141071,2.861038E-06,3.078417E-05,-.002
2.142071,-1.406675E-05,3.445912E-07,.001
2.143072,-1.382834E-05,-6.020098E-06,6.66667E-04
2.144072,-2.503407E-05,1.576182E-05,-.002
2.145072,-1.668942E-05,8.253439E-06,-.001
2.146073,2.622616E-05,1.301063E-05,-.001
2.147074,1.597416E-05,2.407108E-05,-6.66667E-04
2.148074,-1.1921E-06,2.033648E-05,-.001
2.149075,4.768401E-06,2.221216E-05,.001
2.150075,7.152586E-06,1.163787E-05,-.002
2.151076,3.576293E-06,-9.976386E-06,-.002
2.152076,5.960494E-06,-7.38728E-06,.002
2.153077,-1.549732E-05,-2.12343E-06,6.66667E-04
2.154077,7.152586E-06,-4.848494E-06,-.002
2.155077,7.629453E-06,1.073448E-05,6.66667E-04
2.156078,1.1921E-06,2.770883E-05,-.001
2.157079,2.479565E-05,9.257405E-06,-.002
2.158079,2.336514E-05,1.910341E-05,6.66667E-04
2.15908,2.598774E-05,-1.022039E-05,-.002
2.16008,2.980244E-05,1.619023E-05,-.004
2.161081,9.77522E-06,1.540605E-05,-6.66667E-04
2.162081,-8.821546E-06,-4.729285E-06,.002
2.163082,1.811993E-05,5.327194E-06,-6.66667E-04
2.164082,-1.096731E-05,-9.957759E-06,.001
2.165082,-2.193463E-05,-4.043267E-05,-6.66667E-04
2.166083,1.382834E-05,-1.817953E-05,-.001
2.167084,1.955044E-05,-9.553565E-06,.001
2.168084,2.098095E-05,-1.01254E-05,-3.66667E-03
2.169085,2.813351E-05,4.233443E-05,-6.66667E-04
2.170085,1.406675E-05,3.284984E-05,-.001
2.171086,4.768401E-06,1.762633E-05,6.66667E-04
2.172086,-1.001364E-05,5.49297E-06,.001
2.173087,-1.764309E-05,1.057429E-05,-.001
2.174087,-4.768408E-07,1.188373E-05,6.66667E-04
2.175087,4.053145E-06,3.791437E-05,6.66667E-04
2.176088,4.291564E-06,3.105425E-05,6.66667E-04
2.177088,2.455723E-05,1.028745E-05,-.001
2.178089,1.668937E-06,2.961059E-05,.001
2.17909,-6.437331E-06,9.00781E-06,6.66667E-04
2.18009,-6.198912E-06,3.166515E-07,6.66667E-04
2.181091,-1.955044E-05,7.012888E-06,.002
2.182091,-1.668937E-06,1.294546E-06,-.001
2.183092,3.194832E-05,1.183531E-05,-6.66667E-04
2.184092,8.583127E-06,7.538154E-06,-.001
2.185092,1.621258E-05,1.558859E-05,6.66667E-04
2.186093,-7.152586E-06,6.575166E-06,-.001
2.187093,-2.3842E-06,1.605612E-05,.002
2.188094,2.741825E-05,2.913192E-06,-6.66667E-04
2.189095,8.344708E-06,-1.045509E-05,-.002
2.190095,-4.053145E-06,2.346947E-06,-.001
2.191096,-7.867871E-06,4.256173E-06,-.001
2.192096,-3.409409E-05,1.933251E-05,-6.66667E-04
2.193097,-3.719353E-05,1.197688E-06,-.002
2.194097,-3.719353E-05,1.295103E-05,-.002
2.195097,-2.956402E-05,2.645899E-05,.001
2.196098,-1.788151E-05,2.030298E-06,.001
2.197098,-3.361725E-05,2.503779E-05,-6.66667E-04
2.198099,-4.601502E-05,-1.387678E-06,6.66667E-04
2.1991,-2.074253E-05,3.840803E-06,-.002
2.2001,-1.120573E-05,1.865637E-05,-6.66667E-04
2.201101,1.668937E-06,-1.041038E-05,.001
2.202101,8.344708E-06,-2.448086E-05,-.001
2.203102,-3.051781E-05,-1.605612E-05,-.002
2.204102,-3.457093E-05,-2.180424E-05,-.002
2.205102,-7.391005E-06,-2.066989E-05,-.001
2.206103,-1.811993E-05,-7.653667E-06,-.002
2.207103,-2.336514E-05,6.511837E-06,-.001
2.208104,7.629453E-06,1.972553E-05,2.33333E-03
2.209105,2.861038E-06,1.300505E-05,-.001
2.210105,4.363083E-05,-2.430019E-05,.001
2.211106,7.009553E-05,1.63541E-06,-6.66667E-04
2.212106,2.646458E-05,-1.449889E-05,-6.66667E-04
2.213107,1.215941E-05,-1.275918E-05,-.002
2.214107,3.623986E-05,-9.849726E-06,-2.33333E-03
2.215107,1.955044E-05,-1.434988E-05,6.66667E-04
2.216108,6.198912E-06,-7.934927E-06,-6.66667E-04
2.217108,-1.907363E-06,8.869974E-06,-.002
2.218109,-6.914168E-06,-1.818885E-05,-6.66667E-04
2.21911,2.622619E-06,7.90885E-06,-6.66667E-04
2.22011,-1.144415E-05,9.151234E-06,-.002
2.221111,7.152586E-06,-2.358123E-06,-6.66667E-04
2.222111,2.360356E-05,3.282749E-05,-.001
2.223112,-3.814726E-06,2.244872E-05,-6.66667E-04
2.224112,1.692784E-05,2.22215E-06,-.002
2.225112,4.267716E-05,-5.917653E-06,6.66667E-04
2.226113,2.169621E-05,4.965841E-06,6.66667E-04
2.227113,2.360356E-05,6.506249E-06,-.001
2.228114,1.096731E-05,1.03545E-05,-6.66667E-04
2.229115,-1.406675E-05,-1.468888E-05,-.001
2.230115,3.099456E-06,-4.034518E-06,-6.66667E-04
2.231116,9.536816E-07,-1.340924E-05,-6.66667E-04
2.232116,-2.193463E-05,-2.224196E-05,-.001
2.233117,2.622619E-06,-1.271261E-05,-6.66667E-04
2.234117,4.291564E-06,6.16911E-06,-.001
2.235118,2.694142E-05,-2.565619E-05,-.001
2.236118,4.911446E-05,5.327202E-07,-.002
2.237118,1.716625E-05,8.413626E-06,-2.33333E-03
2.238119,2.622616E-05,-8.322357E-06,-6.66667E-04
2.23912,3.528618E-05,4.131376E-06,-.001
2.24012,3.814721E-05,-1.53241E-05,-.001
2.241121,3.266358E-05,3.770008E-06,-6.66667E-04
2.242121,5.006819E-06,4.023337E-05,-.001
2.243122,-3.147149E-05,2.055627E-05,6.66667E-04
2.244122,1.33515E-05,3.363952E-06,.001
2.245123,-9.77522E-06,-1.545262E-05,-6.66667E-04
2.246123,-2.384197E-05,-3.402703E-05,6.66667E-04
2.247123,-1.788151E-05,1.411892E-06,-6.66667E-04
2.248124,-2.837193E-05,1.126906E-05,-6.66667E-04
2.249125,-2.241146E-05,-2.468016E-05,-.001
2.250125,-3.93393E-05,-1.622748E-05,-6.66667E-04
2.251126,-4.267716E-05,1.98932E-06,-6.66667E-04
2.252126,-2.145779E-05,3.783047E-06,-.002
2.253127,-1.072889E-05,-1.272194E-06,6.66667E-04
2.254127,-2.408039E-05,4.908099E-06,-6.66667E-04
2.255128,-9.536816E-07,-7.860421E-06,-.001
2.256128,-9.77522E-06,-7.377967E-06,.001
2.257128,-3.17099E-05,-3.164471E-05,-6.66667E-04
2.258129,4.291564E-06,-1.642678E-05,.001
2.25913,3.576293E-06,1.404254E-05,-.001
2.26013,-2.3842E-06,-6.033137E-06,.001
2.261131,2.622616E-05,-1.316897E-06,-6.66667E-04
2.262131,-1.406675E-05,-8.843897E-06,-6.66667E-04
2.263132,-1.549732E-05,-7.525116E-06,-.001
2.264132,-2.145782E-06,-1.123181E-05,-6.66667E-04
2.265133,-1.33515E-05,-2.069597E-05,-2.33333E-03
2.266133,5.245238E-06,-2.43542E-05,-.001
2.267133,2.789509E-05,1.292495E-05,-.001
2.268134,1.215941E-05,1.069164E-05,-6.66667E-04
2.269135,3.576293E-06,2.478634E-05,.002
2.270135,9.77522E-06,5.316571E-05,-6.66667E-04
2.271136,6.914168E-06,3.034261E-05,-6.66667E-04
2.272136,3.55246E-05,2.387923E-05,-6.66667E-04
2.273137,3.457093E-05,1.93232E-05,-2.33333E-03
2.274137,7.152594E-07,-1.745124E-05,6.66667E-04
2.275138,9.536816E-07,-2.665457E-05,-6.66667E-04
2.276138,-2.503407E-05,-2.551838E-06,.002
2.277139,-1.33515E-05,1.398666E-05,-6.66667E-04
2.278139,-2.28883E-05,5.460926E-05,-6.66667E-04
2.27914,-5.054497E-05,2.350111E-05,-6.66667E-04
2.28014,-2.050411E-05,8.011295E-06,6.66667E-04
2.281141,-1.835835E-05,4.209601E-05,-.001
2.282141,-1.573574E-05,4.164153E-05,-6.66667E-04
2.283142,2.312672E-05,1.893577E-05,6.66667E-04
2.284142,1.144415E-05,1.983356E-05,-.002
2.285143,-1.049048E-05,-1.514336E-05,6.66667E-04
2.286143,-1.120573E-05,-3.537931E-05,-2.33333E-03
2.287144,-2.479565E-05,-7.711409E-06,6.66667E-04
2.288144,4.768408E-07,-2.264988E-05,-6.66667E-04
2.289145,1.6451E-05,-6.759568E-06,6.66667E-04
2.290145,5.960494E-06,8.439703E-06,-.001
2.291146,3.814726E-06,1.747359E-05,.001
2.292146,5.483656E-06,4.067668E-05,-6.66667E-04
2.293147,-1.192099E-05,3.203028E-05,-.002
2.294147,-1.454359E-05,3.438457E-06,-6.66667E-04
2.295148,-1.883518E-05,2.161425E-05,-3.66667E-03
2.296148,-2.622616E-05,2.339494E-05,-6.66667E-04
2.297149,-1.502043E-05,7.687195E-06,6.66667E-04
2.298149,-1.811993E-05,3.142864E-05,-6.66667E-04
2.29915,-1.358992E-05,2.542525E-06,-6.66667E-04
2.30015,6.675749E-06,4.237547E-06,-.001
2.301151,0,-2.647017E-05,.001
2.302151,-7.152594E-07,-3.5031E-05,-6.66667E-04
2.303152,5.006819E-06,-1.499249E-05,-6.66667E-04
2.304152,-1.287466E-05,-6.279006E-06,-.002
2.305153,8.10629E-06,-2.039422E-05,-6.66667E-04
2.306153,7.629453E-06,1.833786E-05,6.66667E-04
2.307154,-2.694142E-05,3.761076E-05,-3.66667E-03
2.308154,-3.576293E-06,1.891714E-05,.001
2.309155,-6.675749E-06,4.126527E-05,.001
2.310155,-2.121937E-05,-1.003972E-05,-2.33333E-03
2.311156,1.311308E-05,-1.063949E-05,.001
2.312156,-2.455723E-05,-2.508063E-05,-6.66667E-04
2.313157,-4.83992E-05,-1.903821E-05,.002
2.314157,-3.099465E-05,2.009433E-05,-6.66667E-04
2.315158,-4.19619E-05,2.803106E-05,-2.33333E-03
2.316158,-3.790879E-05,7.394738E-07,6.66667E-04
2.317159,-1.978886E-05,2.838124E-05,-.001
2.318159,-2.217304E-05,1.769897E-05,-2.33333E-03
2.31916,-2.098095E-05,1.026137E-05,-6.66667E-04
2.32016,-4.768408E-07,3.834651E-05,-.002
2.321161,-2.598774E-05,1.742144E-05,-.001
2.322161,3.099456E-06,2.40283E-07,.001
2.323162,-8.344708E-06,-1.793735E-06,-.002
2.324162,-2.503407E-05,-1.98932E-06,-.002
2.325163,-4.100823E-05,3.641486E-06,-.001
2.326163,-4.625344E-05,2.186012E-05,-3.66667E-03
2.327164,-5.245232E-05,-9.71189E-06,6.66667E-04
2.328164,-4.410767E-05,3.704816E-06,-.001
2.329165,-4.720711E-05,-9.6765E-06,-6.66667E-04
2.330165,-3.147149E-05,-1.178129E-05,6.66667E-04
2.331166,1.931202E-05,1.561653E-05,6.66667E-04
2.332166,-1.1921E-06,1.857255E-05,-6.66667E-04
2.333167,7.867871E-06,-4.937901E-06,-.002
2.334167,1.478201E-05,1.603935E-05,-6.66667E-04
2.335168,-2.884876E-05,3.011723E-05,2.33333E-03
2.336168,-1.454359E-05,-1.916676E-06,-.001
2.337169,5.245238E-06,2.147083E-05,-.001
2.338169,2.55109E-05,-3.421694E-06,6.66667E-04
2.33917,3.981614E-05,-3.37699E-06,-6.66667E-04
2.34017,5.102181E-05,2.438959E-05,-.001
2.341171,5.030655E-05,-8.95936E-07,-6.66667E-04
2.342171,3.314042E-05,1.413755E-06,6.66667E-04
2.343172,7.152586E-06,1.325278E-05,-6.66667E-04
2.344172,1.907363E-06,-4.328816E-06,-.002
2.345173,1.192099E-05,-8.784293E-06,.001
2.346173,-2.145779E-05,-1.061714E-05,6.66667E-04
2.347174,1.144415E-05,-3.584125E-05,-.001
2.348174,1.096731E-05,-1.41748E-06,6.66667E-04
2.349174,-9.298383E-06,1.669128E-05,-.001
2.350175,2.622616E-05,5.371898E-06,.001
2.351176,3.218674E-05,3.250712E-05,-.001
2.352176,2.694142E-05,2.54625E-06,.002
2.353177,1.382834E-05,-1.550105E-05,-6.66667E-04
2.354177,1.764309E-05,-5.988433E-06,-.001
2.355178,3.314042E-05,4.209607E-06,.001
2.356178,5.960488E-05,9.436219E-06,-.001
2.357179,3.409409E-05,1.64659E-05,.001
2.358179,2.074253E-05,-2.5388E-06,6.66667E-04
2.359179,3.647828E-05,7.474824E-06,.001
2.36018,2.717983E-05,5.530223E-06,-6.66667E-04
2.361181,2.431881E-05,-1.913321E-05,-.002
2.362181,-2.3842E-06,-1.326209E-05,.001
2.363182,-2.956402E-05,-9.553565E-06,-.001
2.364182,4.053145E-06,7.972158E-07,-6.66667E-04
2.365183,2.121937E-05,2.3801E-05,6.66667E-04
2.366183,-2.384204E-07,-3.15161E-06,-.001
2.367184,-9.298383E-06,-6.983086E-06,-6.66667E-04
2.368184,-9.536801E-06,-2.371162E-06,-.001
2.369184,-7.867871E-06,-3.047302E-06,.001
2.370185,-8.344708E-06,-2.811488E-05,-6.66667E-04
2.371186,-4.220032E-05,1.957465E-05,-2.33333E-03
2.372186,-3.886246E-05,2.2255E-05,2.33333E-03
2.373187,-1.502043E-05,3.825338E-05,6.66667E-04
2.374187,-1.740467E-05,1.993787E-05,-.001
2.375188,2.241146E-05,-3.680601E-06,6.66667E-04
2.376188,4.57766E-05,1.084438E-05,-.001
2.377189,7.152586E-06,-2.002358E-06,.001
2.378189,-2.861038E-06,9.806885E-06,-.001
2.379189,-8.344708E-06,2.949696E-05,6.66667E-04
2.38019,-5.483656E-06,9.698851E-06,-6.66667E-04
2.381191,2.02657E-05,-5.327202E-07,.001
2.382191,1.311308E-05,-1.432007E-05,.002
2.383192,2.384197E-05,-2.039611E-06,-6.66667E-04
2.384192,2.765667E-05,3.600516E-05,-.002
2.385193,1.692784E-05,5.460926E-05,.002
2.386193,5.245238E-06,4.344271E-05,-6.66667E-04
2.387194,4.220032E-05,2.175022E-05,6.66667E-04
2.388194,1.049048E-05,4.244997E-06,-.002
2.389194,2.312672E-05,-2.053578E-05,-.001
2.390195,2.145782E-06,-1.427351E-05,-.001
2.391196,-1.525891E-05,3.246605E-06,-6.66667E-04
2.392196,1.478201E-05,-1.432194E-05,-6.66667E-04
2.393197,5.960494E-06,7.495313E-06,6.66667E-04
2.394197,-7.391005E-06,-1.41748E-06,-.002
2.395198,2.55109E-05,-3.261142E-05,-.001
2.396198,4.3154E-05,-2.272439E-05,6.66667E-04
2.397199,1.1921E-06,-3.398792E-05,-6.66667E-04
2.398199,1.287466E-05,-5.953043E-06,6.66667E-04
2.399199,3.337875E-06,9.64111E-06,-.001
2.4002,-3.337875E-06,-1.351169E-05,-.001
2.401201,-4.291564E-06,5.073874E-06,.001
2.402201,-3.743195E-05,-7.255032E-06,-.002
2.403202,-3.075623E-05,-5.14409E-05,-6.66667E-04
2.404202,-4.529982E-06,-1.687382E-05,.002
2.405203,-6.198912E-06,2.120261E-05,.002
2.406203,4.768401E-06,-6.198912E-06,-.001
2.407204,-2.861038E-06,9.64111E-06,-.002
2.408204,1.549732E-05,4.010304E-06,-.001
2.409204,4.053145E-06,-1.021294E-05,-6.66667E-04
2.410205,-1.502043E-05,-6.986811E-06,-.002
2.411206,4.768408E-07,-1.654786E-05,6.66667E-04
2.412206,2.694142E-05,1.055008E-05,.001
2.413207,-1.6451E-05,5.207985E-06,-.002
2.414207,-1.33515E-05,4.358619E-06,-6.66667E-04
2.415208,6.198912E-06,1.83509E-05,2.33333E-03
2.416208,-1.764309E-05,1.493661E-05,-2.33333E-03
2.417209,-1.287466E-05,-8.828974E-07,.001
2.418209,6.914168E-06,7.143273E-06,-6.66667E-04
2.41921,-9.059964E-06,1.430145E-05,-6.66667E-04
2.42021,2.264988E-05,-7.478549E-06,-.001
2.421211,1.859677E-05,9.609445E-06,-6.66667E-04
2.422211,-3.314042E-05,-1.002481E-05,-.001
2.423212,-4.148507E-05,5.999609E-06,-.001
2.424212,-2.336514E-05,4.939386E-05,6.66667E-04
2.425213,-8.821546E-06,5.040155E-05,6.66667E-04
2.426213,3.528618E-05,4.548044E-05,.001
2.427214,4.673027E-05,3.351853E-05,-.002
2.428214,4.911446E-05,-3.019362E-06,-.001
2.429215,2.93256E-05,-6.545364E-06,6.66667E-04
2.430215,-1.239782E-05,-1.183717E-05,-.001
2.431216,-2.837193E-05,-2.753932E-05,-.001
2.432216,-2.169621E-05,8.856936E-06,-6.66667E-04
2.433217,-4.601502E-05,1.19452E-05,6.66667E-04
2.434217,9.298383E-06,1.585123E-05,-6.66667E-04
2.435218,3.266358E-05,3.643171E-05,-.002
2.436218,1.096731E-05,4.392699E-05,6.66667E-04
2.437219,2.813351E-05,2.039608E-05,6.66667E-04
2.438219,-1.001364E-05,2.877612E-05,-6.66667E-04
2.43922,-2.145779E-05,1.542277E-06,-6.66667E-04
2.44022,3.814726E-06,-1.470192E-05,-6.66667E-04
2.441221,1.072889E-05,5.304842E-06,-.002
2.442221,1.430517E-05,2.216187E-05,-.001
2.443222,5.960494E-06,1.694832E-05,6.66667E-04
2.444222,-1.955044E-05,-5.740701E-06,6.66667E-04
2.445223,-1.072889E-05,-1.307955E-05,-2.33333E-03
2.446223,2.384204E-07,2.27803E-06,-.001
2.447224,-2.121937E-05,8.830859E-06,-6.66667E-04
2.448224,-1.215941E-05,5.807757E-06,-.001
2.449225,8.821546E-06,4.256354E-05,.001
2.450225,1.096731E-05,3.784173E-05,.001
2.451226,6.127404E-05,3.576297E-07,6.66667E-04
2.452226,4.3154E-05,1.748104E-05,-6.66667E-04
2.453227,-1.1921E-06,2.643478E-05,6.66667E-04
2.454227,2.145782E-06,4.244992E-05,6.66667E-04
2.455228,-1.287466E-05,4.908093E-05,-.002
2.456228,-2.455723E-05,1.3955E-05,6.66667E-04
2.457229,-9.059964E-06,1.847197E-05,-.001
2.458229,-7.152594E-07,5.003094E-06,6.66667E-04
2.45923,2.336514E-05,-2.836634E-05,.001
2.46023,1.430517E-05,-6.00706E-06,-6.66667E-04
2.461231,4.768401E-06,2.188992E-05,-6.66667E-04
2.462231,1.287466E-05,2.674773E-06,.001
2.463232,1.740467E-05,-7.096707E-06,-.002
2.464232,7.629453E-06,-4.300498E-05,6.66667E-04
2.465233,4.3154E-05,-3.261887E-05,-.002
2.466233,2.55109E-05,1.903262E-05,-.001
2.467234,1.502043E-05,-3.220528E-06,-.001
2.468234,2.980244E-05,7.694645E-06,-.002
2.469235,9.059964E-06,1.642306E-05,-.002
2.470235,9.298383E-06,1.182413E-05,-.001
2.471236,2.598774E-05,1.975906E-05,-.001
2.472236,-9.059964E-06,1.139386E-05,-6.66667E-04
2.473237,-1.144415E-05,-1.660932E-05,-.001
2.474237,-4.529982E-06,-1.013657E-05,-.002
2.475238,-1.049048E-05,-1.238292E-05,-6.66667E-04
2.476238,-1.263624E-05,-3.798702E-05,.001
2.477239,-8.583127E-06,-2.196629E-05,-.001
2.478239,-6.198912E-06,-2.926227E-05,-2.33333E-03
2.47924,2.098095E-05,-1.36905E-05,-.004
2.48024,1.573574E-05,6.862014E-06,-.002
2.481241,2.598774E-05,-1.771387E-05,-.001
2.482241,3.695511E-05,-2.268155E-05,-.001
2.483242,-1.239782E-05,2.401893E-05,-6.66667E-04
2.484242,9.77522E-06,9.313284E-06,-.001
2.485243,4.053145E-06,7.342576E-06,-.002
2.486243,-3.075623E-05,-4.155212E-05,-6.66667E-04
2.487244,5.483656E-06,-5.351217E-05,-.001
2.488244,2.264988E-05,1.55085E-05,-6.66667E-04
2.489245,2.312672E-05,3.179E-05,-.001
2.490245,5.412125E-05,4.05687E-06,-6.66667E-04
2.491246,2.980244E-05,4.461064E-06,6.66667E-04
2.492246,8.10629E-06,-1.249841E-05,-6.66667E-04
2.493247,-1.001364E-05,-1.190236E-05,-6.66667E-04
2.494247,-1.859677E-05,2.501547E-06,6.66667E-04
2.495248,-2.717983E-05,2.337634E-06,-6.66667E-04
2.496248,-4.768401E-06,-8.519797E-06,.001
2.497249,-1.430519E-06,-2.504711E-05,.002
2.498249,1.6451E-05,-2.812233E-05,-6.66667E-04
2.49925,3.17099E-05,1.334591E-05,-6.66667E-04
2.50025,1.668937E-06,1.41394E-05,6.66667E-04
2.501251,1.096731E-05,2.093066E-05,-3.66667E-03
2.502251,5.006819E-06,4.282803E-05,-.001
2.503252,-1.525891E-05,2.748717E-05,.001
2.504252,2.765667E-05,7.096707E-06,.001
2.505253,2.861035E-05,2.638448E-05,-6.66667E-04
2.506253,-5.006819E-06,9.536801E-06,-.001
2.507254,1.144415E-05,3.55693E-05,-.002
2.508254,8.10629E-06,3.269524E-05,.001
2.509255,2.241146E-05,1.303859E-06,-6.66667E-04
2.510255,4.339241E-05,-4.809379E-06,-6.66667E-04
2.511256,3.862404E-05,1.261018E-06,-.001
2.512256,3.2902E-05,-2.574187E-05,-.002
2.513257,1.931202E-05,-8.959381E-06,-6.66667E-04
2.514257,-2.861038E-06,-5.306705E-06,6.66667E-04
2.515258,2.646458E-05,-2.422754E-05,-2.33333E-03
2.516258,9.77522E-06,2.836823E-06,-.001
2.517259,-7.152594E-07,-6.740942E-06,6.66667E-04
2.518259,1.811993E-05,-2.230715E-05,6.66667E-04
2.51926,2.098095E-05,2.59598E-05,-2.33333E-03
2.52026,8.10629E-06,4.414498E-06,-6.66667E-04
2.521261,1.1921E-06,1.05799E-06,.001
2.522261,-1.597416E-05,1.675275E-05,-.002
2.523262,2.431881E-05,9.046926E-06,-.002
2.524262,4.076981E-05,1.013471E-05,-.001
2.525263,9.059964E-06,1.386745E-05,-6.66667E-04
2.526263,1.096731E-05,1.592569E-06,.001
2.527264,1.978886E-05,7.500901E-06,-6.66667E-04
2.528264,9.298383E-06,8.165895E-06,6.66667E-04
2.529265,-3.337875E-06,-9.61317E-06,-.001
2.530265,-2.837193E-05,1.461065E-05,-.001
2.531266,-3.457093E-05,7.914437E-06,-6.66667E-04
2.532266,-5.245238E-06,-6.593793E-06,6.66667E-04
2.533267,-1.239782E-05,9.298383E-06,6.66667E-04
2.534267,-9.059964E-06,-8.95936E-07,-.001
2.535268,3.027928E-05,1.741585E-05,-.002
2.536268,4.291564E-06,3.598095E-05,-2.33333E-03
2.537269,1.263624E-05,-3.61355E-07,-6.66667E-04
2.538269,2.408039E-05,-9.801297E-06,-6.66667E-04
2.53927,2.861038E-06,1.222274E-05,-.002
2.54027,5.960494E-06,1.007138E-05,.001
2.541271,3.814726E-06,4.773797E-05,6.66667E-04
2.542271,-2.169621E-05,5.460926E-05,.002
2.543272,-1.025206E-05,2.945785E-05,-2.33333E-03
2.544272,-2.145782E-06,4.063384E-05,-6.66667E-04
2.545273,-1.668937E-06,7.2271E-07,.001
2.546273,1.788151E-05,-4.407042E-05,-2.33333E-03
2.547274,5.960494E-06,-2.790068E-05,-6.66667E-04
2.548274,3.337875E-06,-1.950574E-05,-.002
2.549275,2.264988E-05,1.650129E-05,6.66667E-04
2.550275,-4.529982E-06,5.214871E-05,-.002
2.551276,1.382834E-05,3.633671E-05,-6.66667E-04
2.552276,2.717983E-05,3.361912E-05,-.001
2.553277,1.311308E-05,1.210539E-05,.001
2.554277,1.025206E-05,-2.547738E-05,.001
2.555278,4.029297E-05,-4.783302E-06,-.002
2.556278,1.430517E-05,6.025686E-06,-6.66667E-04
2.557279,2.789509E-05,-1.712528E-05,6.66667E-04
2.558279,1.049048E-05,1.624797E-05,-2.33333E-03
2.55928,1.478201E-05,2.131809E-05,-6.66667E-04
2.56028,3.576302E-05,4.437589E-05,.001
2.561281,9.536801E-06,3.989437E-05,-6.66667E-04
2.562281,-1.668942E-05,2.371531E-05,.001
2.563282,-9.059964E-06,1.303857E-05,-.001
2.564282,-2.431881E-05,1.733017E-05,-6.66667E-04
2.565283,-4.19619E-05,-2.637145E-05,-3.66667E-03
2.566283,-4.005455E-05,-4.668557E-05,-6.66667E-04
2.567284,-5.388283E-05,-2.007384E-05,6.66667E-04
2.568284,-3.194832E-05,-5.587958E-08,-.001
2.569285,-1.239782E-05,2.718915E-05,-.001
2.570285,-2.169621E-05,8.503033E-06,-6.66667E-04
2.571286,-4.291564E-06,-2.380475E-06,-6.66667E-04
2.572286,6.914168E-06,1.908105E-05,-6.66667E-04
2.573287,-2.336514E-05,-5.759328E-06,-6.66667E-04
2.574287,-2.956402E-05,-3.94138E-05,6.66667E-04
2.575288,-4.053139E-05,-1.301436E-05,6.66667E-04
2.576288,-1.740467E-05,-7.038965E-06,-.001
2.577289,-1.33515E-05,2.942994E-06,-2.33333E-03
2.578289,-1.287466E-05,-6.018236E-06,-.002
2.57929,2.145782E-06,-2.495584E-05,-6.66667E-04
2.58029,4.768401E-06,-1.384882E-05,-6.66667E-04
2.581291,-3.218674E-05,1.47578E-05,-6.66667E-04
2.582291,-1.120573E-05,-1.601884E-07,-.002
2.583292,2.217304E-05,2.103124E-05,-.002
2.584292,-1.192099E-05,1.443928E-05,6.66667E-04
2.585293,-1.502043E-05,1.270516E-05,-.002
2.586293,1.072889E-05,-6.901129E-06,-.002
2.587294,1.382834E-05,-3.453181E-05,-6.66667E-04
2.588294,2.980244E-05,-2.402079E-05,-6.66667E-04
2.589295,4.410767E-05,1.385628E-05,.001
2.590295,2.503407E-05,-1.37054E-05,-3.66667E-03
2.591296,2.622619E-06,-2.276164E-05,.002
2.592296,-3.838562E-05,-3.443868E-05,-.001
2.593297,-3.623986E-05,-5.316944E-05,-.001
2.594297,-1.192099E-05,-5.954906E-06,.001
2.595298,-4.768395E-05,2.171859E-06,6.66667E-04
2.596298,-3.337883E-05,-1.071027E-05,-.002
2.597299,1.859677E-05,1.920958E-05,-6.66667E-04
2.598299,2.217304E-05,-2.167758E-05,-.002
2.5993,2.980244E-05,2.691537E-06,-.001
2.6003,1.549732E-05,7.601484E-06,-.001
2.601301,-2.622619E-06,-8.488132E-06,-.002
2.602301,2.55109E-05,1.823914E-05,.001
2.603302,1.430519E-06,2.162356E-05,-.001
2.604302,2.145779E-05,2.868488E-06,6.66667E-04
2.605303,3.480935E-05,3.473484E-05,-6.66667E-04
2.606303,-7.152586E-06,4.231208E-05,-6.66667E-04
2.607304,-1.358992E-05,3.585801E-05,-6.66667E-04
2.608304,1.001364E-05,3.479631E-05,-.001
2.609305,-1.788151E-05,1.841423E-05,-6.66667E-04
2.610305,1.144415E-05,-3.730893E-06,-6.66667E-04
2.611306,2.622619E-06,-1.31969E-05,-.001
2.612306,-2.503407E-05,-2.181914E-05,-2.33333E-03
2.613307,-7.629453E-06,-3.589899E-05,6.66667E-04
2.614307,2.3842E-06,7.094844E-06,-6.66667E-04
2.615308,-6.914168E-06,2.694887E-05,-6.66667E-04
2.616308,2.622619E-06,3.415742E-05,-.001
2.617309,9.77522E-06,4.503527E-05,-2.33333E-03
2.618309,-6.437331E-06,2.843153E-05,6.66667E-04
2.61931,-6.198912E-06,2.326828E-05,6.66667E-04
2.62031,-3.051781E-05,2.376933E-05,6.66667E-04
2.621311,-1.001364E-05,-2.428715E-05,6.66667E-04
2.622311,1.978886E-05,5.321606E-06,2.33333E-03
2.623312,5.006819E-06,3.540725E-05,6.66667E-04
2.624312,5.960494E-06,2.515514E-05,-.002
2.625313,3.099456E-06,1.314102E-05,-.001
2.626313,-3.242516E-05,-2.682407E-05,-.002
2.627314,-1.263624E-05,-5.461113E-05,6.66667E-04
2.628314,1.430519E-06,-2.718729E-05,-.002
2.629315,-9.298383E-06,-4.502409E-05,-6.66667E-04
2.630315,-9.298383E-06,-5.461113E-05,-6.66667E-04
2.631316,-2.861035E-05,-4.837499E-05,-6.66667E-04
2.632316,-1.978886E-05,-5.461113E-05,-.001
2.633317,-1.931202E-05,-4.944601E-05,-6.66667E-04
2.634317,-2.6703E-05,-8.992909E-06,-6.66667E-04
2.635318,-3.218674E-05,-1.845893E-05,.001
2.636318,-3.767037E-05,-9.22013E-07,.002
2.637319,-4.887604E-05,2.579778E-06,.001
2.638319,-1.406675E-05,-7.135823E-06,6.66667E-04
2.63932,1.6451E-05,-5.207985E-06,3.66667E-03
2.64032,1.049048E-05,1.950204E-06,-6.66667E-04
2.641321,3.838562E-05,-1.527008E-05,6.66667E-04
2.642321,8.583127E-06,3.324836E-06,-.002
2.643322,-2.527249E-05,2.477702E-05,6.66667E-04
2.644322,-3.886246E-05,4.269212E-06,-6.66667E-04
2.645323,-1.525891E-05,-2.617031E-06,-.002
2.646323,-1.668942E-05,-4.74921E-05,-.001
2.647324,-5.006819E-06,-4.813843E-05,-.002
2.648324,4.768401E-06,-1.747545E-05,-6.66667E-04
2.649325,2.813351E-05,-3.654719E-05,-.001
2.650325,5.531334E-05,1.836575E-06,6.66667E-04
2.651326,3.838562E-05,2.017443E-05,-.001
2.652326,2.55109E-05,1.970131E-05,-.002
2.653327,-3.099456E-06,4.176819E-05,6.66667E-04
2.654327,-1.192099E-05,4.515634E-05,6.66667E-04
2.655328,3.814726E-06,-5.431502E-06,-.001
2.656328,-8.344708E-06,-3.363952E-06,-.001
2.657329,-2.861035E-05,-3.165402E-05,-6.66667E-04
2.658329,-3.576302E-05,-3.001106E-05,-6.66667E-04
2.65933,-4.601502E-05,-2.169996E-06,6.66667E-04
2.66033,-2.408039E-05,-1.392706E-05,6.66667E-04
2.661331,7.867871E-06,-6.852701E-06,-6.66667E-04
2.662331,1.478201E-05,2.199237E-05,6.66667E-04
2.663332,2.956402E-05,-5.122311E-07,-6.66667E-04
2.664332,9.77522E-06,-2.419774E-05,-.002
2.665333,4.529982E-06,-2.594863E-05,.002
2.666333,3.004086E-05,-2.144661E-05,-2.33333E-03
2.667334,9.536816E-07,-5.146518E-06,-6.66667E-04
2.668334,-1.549732E-05,-6.930932E-06,-.002
2.669335,1.1921E-06,-1.062459E-05,-.001
2.670335,-1.90736E-05,1.044205E-05,-6.66667E-04
2.671336,-2.622616E-05,-2.808508E-05,-.001
2.672336,1.764309E-05,-4.363642E-05,-3.66667E-03
2.673337,5.173706E-05,-1.130073E-05,-6.66667E-04
2.674337,5.60286E-05,-1.187442E-05,.001
2.675338,4.935288E-05,-2.192159E-05,-.002
2.676338,3.480935E-05,-3.216066E-05,-2.33333E-03
2.677339,6.437348E-05,-5.095848E-05,-6.66667E-04
2.678339,8.106278E-05,-2.232578E-05,.001
2.67934,6.485032E-05,4.248723E-06,-.002
2.68034,8.201646E-05,-1.503906E-05,-6.66667E-04
2.681341,7.820176E-05,-2.161984E-05,.002
2.682341,7.414864E-05,-2.695445E-05,-6.66667E-04
2.683342,6.341981E-05,-2.929021E-05,-.001
2.684342,6.103562E-05,6.899267E-06,-6.66667E-04
2.685343,4.768395E-05,-2.707925E-05,-.002
2.686343,8.51159E-05,-2.660614E-05,-3.66667E-03
2.687344,7.200288E-05,-9.110256E-06,2.33333E-03
2.688344,6.914185E-05,-5.010545E-06,-.002
2.689345,7.677125E-05,1.434988E-05,-.001
2.690345,3.2902E-05,3.30063E-05,6.66667E-04
2.691346,1.239782E-05,3.100582E-05,-.001
2.692346,3.361725E-05,3.51558E-05,.002
2.693347,-1.692784E-05,2.224382E-05,-.001
2.694347,-2.861038E-06,1.201784E-05,.001
2.695348,5.245238E-06,9.551703E-06,-.001
2.696348,-7.391005E-06,-2.40152E-05,-6.66667E-04
2.697349,-4.768408E-07,-4.584738E-05,-6.66667E-04
2.698349,7.629453E-06,-2.503407E-05,-6.66667E-04
2.69935,-7.152594E-07,-4.310743E-05,-.001
2.70035,2.074253E-05,-5.163648E-05,6.66667E-04
2.701351,3.814726E-06,-2.750766E-05,-6.66667E-04
2.702351,-1.382834E-05,-3.854395E-05,-6.66667E-04
2.703352,-8.583127E-06,-3.264309E-05,-.002
2.704352,-2.837193E-05,-1.64361E-05,-.002
2.705353,-2.55109E-05,-3.295415E-05,-.002
2.706353,2.622619E-06,-3.111013E-05,2.33333E-03
2.707354,-1.096731E-05,-3.391891E-06,-6.66667E-04
2.708354,-1.192099E-05,-2.667319E-05,-6.66667E-04
2.709355,-2.908718E-05,-1.027068E-05,-6.66667E-04
2.710355,-2.884876E-05,2.11877E-05,.002
2.711356,-1.692784E-05,7.614522E-06,-.002
2.712356,-1.525891E-05,1.450634E-05,.001
2.713357,9.536816E-07,-1.591083E-05,.001
2.714357,3.337883E-05,-4.626089E-05,-2.33333E-03
2.715358,4.029297E-05,-8.050411E-06,-.002
2.716358,6.437348E-05,-1.650502E-05,-6.66667E-04
2.717359,8.368539E-05,2.45237E-05,-6.66667E-04
2.718359,4.482293E-05,3.18347E-05,-.002
2.71936,2.145779E-05,-5.438953E-06,-6.66667E-04
2.72036,2.598774E-05,-2.644409E-05,-6.66667E-04
2.721361,-1.454359E-05,-1.751271E-05,6.66667E-04
2.722361,-2.55109E-05,-7.763563E-06,-.001
2.723362,-1.358992E-05,1.439644E-05,-6.66667E-04
2.724362,-2.717983E-05,2.012041E-05,-6.66667E-04
2.725363,1.168257E-05,1.72687E-05,-.001
2.726363,2.622619E-06,2.939638E-05,6.66667E-04
2.727364,-2.121937E-05,6.053633E-07,-.001
2.728364,1.835835E-05,2.576053E-06,-6.66667E-04
2.729365,-4.768401E-06,-4.204019E-06,6.66667E-04
2.730365,-2.646458E-05,-1.803797E-05,-.002
2.731366,-1.907363E-06,-7.716997E-06,-3.66667E-03
2.732366,-3.361725E-05,6.474584E-06,-.002
2.733367,-2.956402E-05,-1.410587E-05,-.001
2.734367,-6.437331E-06,-1.464976E-05,-2.33333E-03
2.735368,-1.955044E-05,-8.344708E-06,-6.66667E-04
2.736368,-1.549732E-05,-3.626585E-06,-.001
2.737369,-1.33515E-05,2.847437E-05,-2.33333E-03
2.738369,-2.193463E-05,1.95076E-05,.001
2.73937,2.503407E-05,-2.840548E-06,-.001
2.74037,2.408039E-05,1.955603E-05,2.33333E-03
2.741371,1.597416E-05,-9.4809E-07,-6.66667E-04
2.742371,3.695511E-05,1.44337E-05,-6.66667E-04
2.743372,-1.883518E-05,1.844217E-05,.001
2.744372,-2.789509E-05,-1.079781E-05,-6.66667E-04
2.745373,-2.503407E-05,1.215382E-05,.001
2.746373,-3.123307E-05,2.221402E-05,.001
2.747374,-1.668942E-05,1.448212E-05,-.001
2.748374,3.099456E-06,5.738839E-06,6.66667E-04
2.749375,-3.385567E-05,1.059851E-05,6.66667E-04
2.750375,-5.459809E-05,-1.654036E-06,6.66667E-04
2.751376,-2.6703E-05,3.863155E-06,.001
2.752376,-3.457093E-05,-3.423556E-06,-6.66667E-04
2.753377,-9.536801E-06,1.285234E-07,.004
2.754377,-7.629453E-06,2.440263E-05,-.001
2.755378,-1.287466E-05,1.500925E-05,6.66667E-04
2.756378,-5.722075E-06,4.533329E-05,.001
2.757379,-3.2902E-05,5.383813E-05,-.001
2.758379,-4.220032E-05,3.888481E-05,-.004
2.75938,-2.145779E-05,4.58865E-05,6.66667E-04
2.76038,-3.886246E-05,4.307576E-05,6.66667E-04
2.761381,2.098095E-05,4.564249E-05,-.001
2.762381,2.765667E-05,4.774169E-05,-2.33333E-03
2.763382,3.337883E-05,3.778771E-05,-.001
2.764382,3.695511E-05,6.888091E-06,6.66667E-04
2.765383,3.695511E-05,2.137956E-05,.002
2.766383,1.430517E-05,8.868112E-06,6.66667E-04
2.767384,-2.861038E-06,-1.067301E-05,-6.66667E-04
2.768384,-1.502043E-05,3.796467E-05,.002
2.769385,-1.668937E-06,3.228546E-05,-6.66667E-04
2.770385,6.198912E-06,2.37507E-05,-.002
2.771386,-2.312672E-05,2.584804E-05,-.002
2.772386,-2.074253E-05,-1.87346E-05,-6.66667E-04
2.773387,2.861038E-06,-2.383452E-05,6.66667E-04
2.774387,-1.859677E-05,8.255302E-06,-.004
2.775388,-1.239782E-05,-8.447154E-06,.001
2.776388,-1.668942E-05,-9.391515E-06,6.66667E-04
2.777389,-2.145779E-05,-1.454359E-05,.002
2.778389,1.668937E-06,-1.238292E-05,.001
2.77939,8.10629E-06,1.10828E-05,-.002
2.78039,6.437331E-06,-1.701352E-05,-.002
2.781391,2.813351E-05,4.8429E-08,6.66667E-04
2.782391,-1.1921E-06,3.598654E-05,.001
2.783392,-3.457093E-05,1.489936E-05,.001
2.784392,-8.583127E-06,1.075311E-05,.002
2.785393,-1.382834E-05,1.923565E-05,-2.33333E-03
2.786393,-1.478201E-05,-8.538424E-06,-6.66667E-04
2.787394,-4.053145E-06,-4.878297E-06,.002
2.788394,-2.336514E-05,-1.748477E-05,-2.33333E-03
2.789395,3.814726E-06,-2.538238E-05,-2.33333E-03
2.790395,2.02657E-05,-1.363464E-06,6.66667E-04
2.791396,-3.814726E-06,3.285721E-06,-2.33333E-03
2.792396,7.152594E-07,3.857567E-06,6.66667E-04
2.793397,-3.337875E-06,3.036309E-05,-6.66667E-04
2.794397,-1.502043E-05,-9.248091E-06,.001
2.795398,2.861035E-05,-1.847011E-05,-.004
2.796398,9.77522E-06,-2.532464E-05,-6.66667E-04
2.797399,-7.152586E-06,-4.143477E-05,6.66667E-04
2.798399,-2.098095E-05,-2.518311E-06,-.002
2.7994,-6.84266E-05,5.686685E-06,-6.66667E-04
2.8004,-9.036111E-05,-1.007883E-05,6.66667E-04
2.801401,-5.936646E-05,1.205137E-05,.001
2.802401,-6.318139E-05,-9.045063E-06,.001
2.803402,-3.504776E-05,-1.77325E-05,.001
2.804402,-9.77522E-06,-8.048548E-06,-.002
2.805403,-2.717983E-05,3.999128E-06,-.002
2.806403,-1.1921E-06,7.538154E-06,6.66667E-04
2.807404,-1.168257E-05,2.426107E-05,-.001
2.808404,-1.311308E-05,-3.04823E-05,-.002
2.809405,5.722075E-06,-3.484287E-05,-5.33333E-03
2.810405,-1.192099E-05,-3.634035E-06,-6.66667E-04
2.811406,1.668937E-06,-1.682166E-05,-.001
2.812406,6.079697E-05,-1.991182E-06,.001
2.813407,3.790879E-05,4.017755E-06,6.66667E-04
2.814407,1.716625E-05,-1.94927E-05,.001
2.815408,6.914168E-06,-4.585861E-06,-.002
2.816408,3.814726E-06,-1.461437E-05,-2.33333E-03
2.817409,2.861035E-05,-5.259761E-05,-6.66667E-04
2.818409,3.814721E-05,5.438953E-06,-.002
2.81941,2.527249E-05,3.203587E-05,-.001
2.82041,5.149865E-05,1.657021E-05,-6.66667E-04
2.821411,1.764309E-05,2.967019E-05,6.66667E-04
2.822411,-1.740467E-05,-1.498318E-05,-.001
2.823412,-1.549732E-05,-2.358123E-06,-2.33333E-03
2.824412,-2.479565E-05,3.383146E-05,6.66667E-04
2.825413,-3.218674E-05,3.354638E-06,-.001
2.826413,4.053145E-06,-1.381902E-05,-.001
2.827414,-7.152594E-07,1.957652E-05,-6.66667E-04
2.828414,-2.241146E-05,6.91045E-07,6.66667E-04
2.829415,-1.931202E-05,6.500661E-06,-.001
2.830415,-2.884876E-05,-3.347188E-06,6.66667E-04
2.831416,-2.861038E-06,-3.00688E-05,.001
2.832416,-1.382834E-05,-2.83682E-05,6.66667E-04
2.833417,1.215941E-05,-3.029231E-05,-6.66667E-04
2.834417,1.883518E-05,-1.317827E-05,-.002
2.835418,2.980244E-05,3.900408E-06,-2.33333E-03
2.836418,1.859677E-05,-2.037187E-05,2.33333E-03
2.837419,5.030655E-05,-3.018614E-05,-.002
2.838419,5.912804E-05,2.614607E-05,-6.66667E-04
2.83942,4.482293E-05,1.993045E-06,-.001
2.84042,2.980244E-05,1.958024E-05,6.66667E-04
2.841421,8.10629E-06,1.673226E-05,6.66667E-04
2.842421,7.152586E-06,-7.152586E-06,6.66667E-04
2.843422,-1.1921E-06,1.281692E-05,-.001
2.844422,-1.859677E-05,2.950255E-05,-.001
2.845423,2.145782E-06,1.516944E-05,-6.66667E-04
2.846423,-2.789509E-05,2.239656E-05,-.002
2.847424,-7.581757E-05,-8.862524E-06,.001
2.848424,-5.054497E-05,-4.990981E-05,-6.66667E-04
2.849425,-2.28883E-05,-1.915928E-05,-2.33333E-03
2.850425,-2.384197E-05,-3.635534E-05,.001
2.851426,-4.768401E-06,-4.661665E-05,-.001
2.852426,-7.391005E-06,-2.762501E-05,-6.66667E-04
2.853427,-9.059964E-06,-4.599825E-05,-.001
2.854427,-3.337875E-06,-3.147149E-05,.001
2.855428,-2.527249E-05,3.669425E-06,-6.66667E-04
2.856428,-1.430517E-05,1.199551E-06,.001
2.857429,-1.502043E-05,2.487388E-05,-6.66667E-04
2.858429,-1.764309E-05,2.737355E-05,-.001
2.85943,-1.001364E-05,2.607715E-08,.002
2.86043,-4.053139E-05,3.573694E-05,6.66667E-04
2.861431,-5.483651E-05,1.300877E-05,6.66667E-04
2.862431,-2.431881E-05,-1.164532E-05,-.002
2.863432,9.77522E-06,-7.687195E-06,-.002
2.864432,-3.647828E-05,-1.37352E-05,-.002
2.865433,-5.149865E-05,-1.88296E-05,6.66667E-04
2.866433,-7.033395E-05,-4.865258E-06,-6.66667E-04
2.867434,-3.862404E-05,-2.840548E-06,-.001
2.868434,5.245238E-06,3.160187E-05,6.66667E-04
2.869435,1.263624E-05,6.759568E-06,6.66667E-04
2.870435,2.360356E-05,-1.268095E-05,-.002
2.871436,1.668942E-05,3.17955E-06,.001
2.872436,-3.337875E-06,4.307018E-05,6.66667E-04
2.873437,-4.053145E-06,1.994532E-05,-3.66667E-03
2.874437,-2.121937E-05,5.460926E-05,.001
2.875438,-2.264988E-05,5.460926E-05,.001
2.876438,5.006819E-06,4.698173E-05,-6.66667E-04
2.877439,-7.629453E-06,5.460926E-05,.002
2.878439,-1.668942E-05,1.219107E-05,-.002
2.87944,4.768408E-07,1.733203E-05,-6.66667E-04
2.88044,-2.622619E-06,5.460926E-05,-.001
2.881441,-3.457093E-05,3.966899E-05,-.002
2.882441,-2.241146E-05,3.419281E-05,-.001
2.883442,-3.361725E-05,3.544078E-05,.001
2.884442,-3.433251E-05,-3.073383E-07,-.001
2.885443,-1.6451E-05,-6.090879E-06,.001
2.886443,-1.096731E-05,-1.005462E-05,6.66667E-04
2.887444,8.821546E-06,-3.330424E-06,-.001
2.888444,-1.096731E-05,1.137337E-05,.001
2.889445,-4.768408E-07,-6.476446E-06,6.66667E-04
2.890445,2.02657E-05,1.639512E-05,-.001
2.891446,1.311308E-05,3.823661E-05,-.001
2.892446,6.198912E-06,-1.101947E-05,-.001
2.893447,1.692784E-05,-2.543267E-05,-.001
2.894447,6.437331E-06,-3.398978E-05,-3.66667E-03
2.895448,-1.239782E-05,-4.527555E-05,.002
2.896448,-5.722075E-06,-2.45889E-05,6.66667E-04
2.897449,-2.717983E-05,-1.452124E-05,-6.66667E-04
2.898449,-3.600144E-05,-2.866623E-05,-6.66667E-04
2.89945,-2.956402E-05,-3.287219E-05,-.002
2.90045,-1.454359E-05,-4.808814E-05,-.001
2.901451,-1.049048E-05,-4.61454E-05,-6.66667E-04
2.902451,-2.765667E-05,-2.157141E-05,6.66667E-04
2.903452,-3.671669E-05,1.320623E-06,-2.33333E-03
2.904452,1.764309E-05,1.876627E-05,6.66667E-04
2.905453,3.314042E-05,5.082623E-05,-.002
2.906453,3.504776E-05,1.104741E-05,.001
2.907454,6.866502E-05,-4.172343E-07,-6.66667E-04
2.908454,5.745911E-05,-2.069597E-05,-.001
2.909455,6.151246E-05,-3.303983E-05,-6.66667E-04
2.910455,9.179162E-05,-2.058048E-05,-6.66667E-04
2.911456,6.294297E-05,-2.918404E-05,-.002
2.912456,5.292916E-05,-5.101063E-05,-.002
2.913457,7.438706E-05,6.351656E-07,-2.33333E-03
2.914457,6.365823E-05,-3.119945E-06,-.001
2.915458,5.769753E-05,-3.915862E-05,-.001
2.916458,5.793595E-05,-4.138262E-05,-.001
2.917459,3.719353E-05,-5.461113E-05,-2.33333E-03
2.918459,4.83992E-05,-4.190416E-05,.001
2.91946,1.859677E-05,-1.567614E-05,6.66667E-04
2.92046,1.072889E-05,-3.833533E-05,.001
2.921461,2.264988E-05,-9.322597E-06,-.002
2.922461,-1.025206E-05,-2.740149E-05,-.001
2.923462,-1.573574E-05,-5.253986E-05,6.66667E-04
2.924462,1.716625E-05,-3.463984E-05,.001
2.925463,2.384204E-07,-2.433185E-05,-.001
2.926463,7.629453E-06,-3.129453E-05,-6.66667E-04
2.927464,3.147149E-05,3.481298E-06,.001
2.928464,2.002728E-05,8.858799E-06,.001
2.929465,2.336514E-05,-7.126509E-06,-.001
2.930465,-1.406675E-05,1.175521E-05,.002
2.931466,-3.051781E-05,-4.339981E-07,-.002
2.932466,1.668937E-06,-1.815904E-05,6.66667E-04
2.933467,1.096731E-05,-1.186325E-05,.001
2.934467,4.053145E-06,-4.360662E-05,6.66667E-04
2.935468,4.100823E-05,-2.488692E-05,-6.66667E-04
2.936468,1.001364E-05,9.855314E-06,-6.66667E-04
2.937469,2.694142E-05,-2.146896E-05,.001
2.938469,3.266358E-05,8.855073E-06,-6.66667E-04
2.93947,-5.006819E-06,1.888734E-05,.001
2.94047,-4.768408E-07,3.119945E-06,-.002
2.941471,-8.583127E-06,1.551968E-05,6.66667E-04
2.942471,-3.385567E-05,1.885754E-05,-.001
2.943472,-1.621258E-05,-2.161425E-05,.001
2.944472,-1.168257E-05,6.387039E-06,-6.66667E-04
2.945473,-5.483656E-06,1.595367E-05,.001
2.946473,-7.391005E-06,1.365884E-05,.001
2.947474,-1.955044E-05,2.062519E-05,-.002
2.948474,-2.55109E-05,-1.937163E-05,-6.66667E-04
2.949475,-7.152594E-07,-1.359737E-05,.002
2.950475,-6.675749E-06,3.481298E-06,.001
2.951476,-1.1921E-06,-2.322916E-05,-.001
2.952476,1.192099E-05,-7.839932E-06,-6.66667E-04
2.953477,1.1921E-06,8.083938E-06,-6.66667E-04
2.954477,4.529976E-05,-1.117034E-05,-6.66667E-04
2.955478,3.314042E-05,-1.279457E-05,-.002
2.956478,1.430519E-06,-3.49211E-05,6.66667E-04
2.957479,2.002728E-05,-3.872835E-05,.001
2.958479,2.121937E-05,-8.743315E-06,-.001
2.95948,-1.049048E-05,-2.222334E-05,-2.33333E-03
2.96048,4.291564E-06,-1.263438E-05,-6.66667E-04
2.961481,-1.573574E-05,8.346571E-06,6.66667E-04
2.962481,-1.955044E-05,-1.566682E-05,-6.66667E-04
2.963482,-2.145782E-06,2.248227E-06,6.66667E-04
2.964482,3.576293E-06,2.307643E-05,-3.66667E-03
2.965483,-1.072889E-05,-2.440083E-07,-3.66667E-03
2.966483,2.098095E-05,9.626208E-06,.001
2.967484,2.431881E-05,2.566178E-05,-6.66667E-04
2.968484,2.6703E-05,5.025446E-06,6.66667E-04
2.969485,5.722075E-06,-2.544385E-05,-6.66667E-04
2.970485,-2.336514E-05,-5.02544E-05,-2.33333E-03
2.971486,-4.3154E-05,-5.461113E-05,-6.66667E-04
2.972486,-3.480935E-05,-4.908099E-06,-.002
2.973487,-6.437331E-06,9.592681E-06,-6.66667E-04
2.974487,5.60286E-05,2.400402E-05,-2.33333E-03
2.975488,4.243874E-05,-6.202645E-07,-.001
2.976488,1.931202E-05,-2.54364E-05,6.66667E-04
2.977489,1.478201E-05,-3.113248E-05,-6.66667E-04
2.978489,-7.152594E-07,-3.193715E-05,-.001
2.97949,-2.861038E-06,-3.043946E-05,6.66667E-04
2.98049,-1.072889E-05,9.425043E-06,-.002
2.981491,-2.002728E-05,2.004032E-05,-6.66667E-04
2.982491,-5.006819E-06,3.667385E-05,6.66667E-04
2.983492,-6.914168E-06,2.713699E-05,.001
2.984492,4.768408E-07,-1.401646E-05,6.66667E-04
2.985493,2.861035E-05,-1.535949E-05,.001
2.986493,3.671669E-05,1.118152E-05,-.001
2.987494,3.910088E-05,-1.683098E-05,-.001
2.988494,3.194832E-05,-2.441939E-05,6.66667E-04
2.989495,-9.536816E-07,-1.871039E-05,-.001
2.990495,-5.722075E-06,-3.05532E-05,-6.66667E-04
2.991496,5.960494E-06,-2.424244E-05,-.002
2.992496,-2.6703E-05,-9.846E-06,-6.66667E-04
2.993497,-2.717983E-05,-2.280262E-05,-6.66667E-04
2.994497,-3.2902E-05,-3.209175E-05,6.66667E-04
2.995498,-3.004086E-05,-4.539103E-05,-.002
2.996498,-3.814726E-06,-5.093426E-05,-.001
2.997499,-1.6451E-05,-1.007697E-05,.001
2.998499,-3.790879E-05,-1.808636E-06,-6.66667E-04
2.9995,-2.503407E-05,1.206441E-05,.001
3.0005,-2.765667E-05,3.027928E-05,-3.66667E-03
3.001501,-2.431881E-05,4.990055E-06,-.002
3.002501,-4.529982E-06,2.671417E-05,-6.66667E-04
3.003502,-1.215941E-05,3.471808E-05,.001
3.004502,-1.621258E-05,-1.733948E-05,-.002
3.005503,3.337875E-06,-3.589154E-05,-6.66667E-04
3.006503,-9.536801E-06,-1.185021E-05,-.001
3.007504,6.675749E-06,-1.026882E-05,-.002
3.008504,1.049048E-05,6.388909E-07,6.66667E-04
3.009505,-1.072889E-05,2.628207E-06,6.66667E-04
3.010505,-8.821546E-06,1.27033E-05,-.002
3.011506,9.298383E-06,2.466526E-05,.001
3.012506,-1.907363E-06,-2.298143E-05,.001
3.013507,-1.1921E-06,-2.439891E-05,-.002
3.014507,-8.583127E-06,7.953531E-07,-6.66667E-04
3.015508,4.291564E-06,-6.202637E-06,-.002
3.016508,4.696869E-05,-5.234069E-07,-.002
3.017509,3.528618E-05,-3.352779E-07,-.002
3.018509,1.406675E-05,-6.532326E-06,-.001
3.01951,3.147149E-05,1.819071E-05,-6.66667E-04
3.02051,4.291564E-06,-1.173474E-06,-.002
3.021511,9.298383E-06,-4.905858E-05,-6.66667E-04
3.022511,1.764309E-05,-1.926359E-05,-.002
3.023512,-1.120573E-05,-1.653854E-05,6.66667E-04
3.024512,8.583127E-06,-1.717184E-05,-.001
3.025513,-5.006819E-06,1.499435E-05,-.001
3.026513,-1.406675E-05,1.922264E-06,.001
3.027514,2.622619E-06,1.24537E-05,-6.66667E-04
3.028514,-4.768401E-06,2.036442E-05,-.002
3.029515,8.583127E-06,-1.17757E-05,-6.66667E-04
3.030515,1.549732E-05,4.492729E-06,-.001
3.031516,3.337875E-06,7.914437E-06,-.002
3.032516,1.668942E-05,-2.142054E-05,.001
3.033517,1.668937E-06,-8.996634E-06,-6.66667E-04
3.034517,-2.789509E-05,-2.887115E-06,-6.66667E-04
3.035518,-3.075623E-05,4.243135E-06,.001
3.036518,-6.198912E-06,1.669873E-05,-6.66667E-04
3.037519,-2.050411E-05,2.607529E-05,6.66667E-04
3.038519,-2.050411E-05,8.991046E-06,-.002
3.03952,-2.503407E-05,2.749835E-05,-6.66667E-04
3.04052,-3.814721E-05,1.081271E-05,6.66667E-04
3.041521,-3.743195E-05,-4.835456E-06,-6.66667E-04
3.042521,-3.528618E-05,1.037501E-06,-.001
3.043522,-2.241146E-05,-1.062459E-05,.001
3.044522,2.002728E-05,-1.524208E-05,-.002
3.045523,5.006819E-06,-1.217803E-05,-.001
3.046523,2.050411E-05,-1.240527E-05,-6.66667E-04
3.047524,3.457093E-05,-1.592569E-06,-6.66667E-04
3.048524,5.245238E-06,-7.003575E-06,-2.33333E-03
3.049525,-1.1921E-06,-1.866568E-05,-6.66667E-04
3.050525,-2.145782E-06,-1.035637E-05,6.66667E-04
3.051526,-4.434609E-05,5.675509E-06,-.002
3.052526,-4.696869E-05,4.485279E-06,-.001
3.053527,-5.078339E-05,1.320623E-06,-6.66667E-04
3.054527,-4.434609E-05,-1.225626E-05,-6.66667E-04
3.055528,-7.391005E-06,-4.088535E-06,-6.66667E-04
3.056528,-1.788151E-05,2.364826E-05,-2.33333E-03
3.057529,-1.502043E-05,3.941194E-05,-6.66667E-04
3.058529,1.549732E-05,2.617959E-05,6.66667E-04
3.05953,-2.169621E-05,1.392333E-05,-6.66667E-04
3.06053,-8.583127E-06,-2.571207E-05,-.002
3.061531,7.152594E-07,-6.852701E-06,-.002
3.062531,-1.668942E-05,-1.217803E-05,-.002
3.063532,-1.978886E-05,-3.367499E-05,6.66667E-04
3.064532,-3.266358E-05,-1.775108E-06,-.002
3.065533,-3.218674E-05,6.109512E-07,-.002
3.066533,-3.385567E-05,-1.528312E-05,-.002
3.067534,-3.862404E-05,-8.780567E-06,-6.66667E-04
3.068534,-2.694142E-05,-2.234068E-05,-6.66667E-04
3.069535,-4.291564E-06,-1.41692E-05,-.002
3.070535,-8.344708E-06,6.837799E-06,.001
3.071536,-1.120573E-05,-2.175584E-06,6.66667E-04
3.072536,1.883518E-05,6.018236E-06,-.002
3.073537,2.813351E-05,9.354262E-06,.002
3.074537,-2.02657E-05,-2.751141E-06,-.001
3.075538,-1.287466E-05,5.576789E-06,-6.66667E-04
3.076538,-4.053139E-05,6.437331E-06,6.66667E-04
3.077539,-3.314042E-05,1.149259E-06,-6.66667E-04
3.078539,-1.33515E-05,1.225254E-05,-6.66667E-04
3.07954,-2.6703E-05,-6.23989E-06,6.66667E-04
3.08054,0,-9.939133E-06,-6.66667E-04
3.081541,1.1921E-06,-2.296656E-06,.001
3.082541,-1.144415E-05,4.330679E-06,.001
3.083542,2.479565E-05,1.926173E-05,-.002
3.084542,2.55109E-05,8.523522E-06,2.33333E-03
3.085543,-3.576293E-06,-2.655026E-05,-.001
3.086543,2.312672E-05,-3.341981E-05,6.66667E-04
3.087544,1.764309E-05,-1.557556E-05,-.001
3.088544,3.671669E-05,5.617767E-06,-6.66667E-04
3.089545,2.908718E-05,7.638766E-06,.002
3.090545,-3.814726E-06,1.710665E-05,6.66667E-04
3.091546,1.430519E-06,1.29026E-05,6.66667E-04
3.092546,-4.053145E-06,1.223205E-05,-.002
3.093547,-2.503407E-05,7.692761E-07,6.66667E-04
3.094547,-1.788151E-05,2.130881E-06,.001
3.095548,-1.454359E-05,1.053332E-05,-.002
3.096548,-9.059964E-06,-8.361472E-06,-.001
3.097549,2.622619E-06,-1.53092E-05,-.002
3.098549,1.978886E-05,1.280574E-05,-.002
3.09955,1.406675E-05,-9.439944E-06,-.001
3.10055,1.454359E-05,-1.79169E-05,-.001
3.101551,6.437331E-06,1.724449E-05,.001
3.102551,9.536816E-07,2.793421E-05,-.001
3.103552,7.629453E-06,5.444349E-05,-.002
3.104552,-4.053145E-06,2.319936E-05,.002
3.105553,8.821546E-06,7.264345E-06,-.001
3.106553,3.814726E-06,3.244742E-06,-6.66667E-04
3.107554,1.478201E-05,7.709546E-06,-6.66667E-04
3.108554,7.74865E-05,-9.108371E-07,-6.66667E-04
3.109555,8.916901E-05,1.006952E-05,-.002
3.110555,8.034753E-05,-1.641561E-05,-6.66667E-04
3.111556,1.149182E-04,-2.238352E-05,-.002
3.112556,1.106267E-04,-1.224136E-05,3.66667E-03
3.113557,1.275549E-04,-4.139007E-05,-6.66667E-04
3.114557,1.564035E-04,-2.105918E-05,-.002
3.115558,1.587877E-04,-6.958871E-06,-.001
3.116558,2.141008E-04,-1.166767E-05,-.002
3.117559,2.703685E-04,8.627831E-06,.002
3.118559,2.822895E-04,7.582858E-06,-6.66667E-04
3.11956,2.808589E-04,-2.50825E-05,.001
3.12056,2.822895E-04,-1.547311E-05,-6.66667E-04
3.121561,2.861042E-04,-4.157075E-05,-6.66667E-04
3.122561,2.846736E-04,-5.461113E-05,6.66667E-04
3.123562,2.362737E-04,-4.292303E-05,-6.66667E-04
3.124562,1.869211E-04,-3.776909E-05,-6.66667E-04
3.125563,1.82868E-04,-1.080154E-05,-2.33333E-03
3.126563,1.397142E-04,8.596166E-06,-6.66667E-04
3.127564,1.060967E-04,-3.196695E-05,-.001
3.128564,1.060967E-04,-6.623595E-06,-6.66667E-04
3.129565,6.699609E-05,2.887118E-07,-6.66667E-04
3.130565,4.887604E-05,-1.732085E-05,6.66667E-04
3.131566,6.079697E-05,4.524394E-06,-6.66667E-04
3.132566,2.55109E-05,-1.348375E-05,6.66667E-04
3.133567,2.574932E-05,-4.389347E-05,.001
3.134567,2.694142E-05,-3.896304E-05,-.002
3.135568,2.646458E-05,-4.51433E-05,-6.66667E-04
3.136568,2.074253E-05,-4.952052E-05,-.001
3.137569,3.266358E-05,-1.769525E-05,-.002
3.138569,-1.668937E-06,-1.733762E-05,-.002
3.13957,1.096731E-05,-3.879919E-06,.001
3.14057,-3.099456E-06,1.347443E-05,.001
3.141571,-2.408039E-05,-4.055008E-06,-.002
3.142571,-5.722075E-06,1.078105E-05,.001
3.143572,-4.005455E-05,1.592573E-05,-.001
3.144572,-1.621258E-05,-1.441879E-05,.001
3.145573,2.145782E-06,-9.818061E-06,-.002
3.146573,-2.622619E-06,-1.10977E-05,-6.66667E-04
3.147574,-6.675749E-06,-3.957027E-05,6.66667E-04
3.148574,-2.384197E-05,-4.63652E-05,-.001
3.149575,-5.102181E-05,-3.189058E-05,6.66667E-04
3.150575,-5.483651E-05,-2.547924E-05,6.66667E-04
3.151576,-3.17099E-05,1.390284E-05,.001
3.152576,-4.339241E-05,-3.896683E-06,-.001
3.153577,-3.457093E-05,-2.644036E-05,-6.66667E-04
3.154577,-3.504776E-05,-1.640071E-05,-6.66667E-04
3.155578,-1.025206E-05,-3.061839E-05,-3.66667E-03
3.156578,9.298383E-06,-2.892702E-06,.001
3.157579,0,2.697125E-06,6.66667E-04
3.158579,2.312672E-05,-2.782058E-05,-3.66667E-03
3.15958,2.789509E-05,4.671543E-06,-3.66667E-03
3.16058,0,-7.45806E-06,-.002
3.161581,5.006819E-06,-1.253752E-05,-.001
3.162581,9.298383E-06,6.01638E-07,.001
3.163582,7.629453E-06,-2.790068E-05,.002
3.164582,3.528618E-05,-4.352839E-05,-2.33333E-03
3.165583,3.194832E-05,-1.725939E-05,-.001
3.166583,3.647828E-05,1.749031E-06,-.002
3.167584,2.336514E-05,1.551223E-05,.001
3.168584,-2.861035E-05,4.891329E-05,-.001
3.169585,-5.173706E-05,2.297398E-05,-6.66667E-04
3.170585,-3.814721E-05,8.363335E-06,-6.66667E-04
3.171586,-5.435967E-05,-3.926485E-06,-6.66667E-04
3.172586,-3.480935E-05,-5.029171E-06,.002
3.173587,-4.005455E-05,2.489623E-05,-6.66667E-04
3.174587,-4.744553E-05,2.171856E-05,6.66667E-04
3.175588,-1.382834E-05,7.277384E-06,-6.66667E-04
3.176588,2.145782E-06,3.553019E-05,-6.66667E-04
3.177589,-1.382834E-05,5.460926E-05,-6.66667E-04
3.178589,-2.074253E-05,3.081025E-05,-.002
3.17959,-3.55246E-05,3.519305E-05,2.33333E-03
3.18059,-3.838562E-05,-8.244126E-06,-6.66667E-04
3.181591,-8.344708E-06,-1.150562E-05,-6.66667E-04
3.182591,4.529982E-06,2.240215E-05,-.001
3.183592,1.287466E-05,1.198991E-05,-.001
3.184592,4.482293E-05,1.753878E-05,-6.66667E-04
3.185593,2.574932E-05,5.446584E-05,-.001
3.186593,5.960494E-06,4.300871E-05,-6.66667E-04
3.187594,5.960494E-06,5.460926E-05,.001
3.188594,1.311308E-05,2.21153E-05,.001
3.189595,1.883518E-05,-2.131064E-05,-.002
3.190595,3.600144E-05,-6.634771E-06,-.002
3.191596,8.821546E-06,-1.07736E-05,.001
3.192596,2.622616E-05,-1.223205E-05,-2.33333E-03
3.193597,1.215941E-05,9.933545E-06,6.66667E-04
3.194597,-1.454359E-05,-2.0465E-05,6.66667E-04
3.195598,3.576293E-06,-2.319377E-05,-6.66667E-04
3.196598,1.144415E-05,-1.206255E-05,-.002
3.197599,9.536816E-07,-5.316013E-05,-.001
3.198599,1.478201E-05,-4.719966E-05,-.001
3.1996,-1.1921E-06,1.086673E-05,-6.66667E-04
3.2006,-6.914168E-06,-4.498317E-06,6.66667E-04
3.201601,-2.28883E-05,-2.181914E-05,-6.66667E-04
3.202601,-8.821546E-06,-2.432067E-05,-2.33333E-03
3.203602,2.145779E-05,-3.921636E-05,-.002
3.204602,-9.77522E-06,1.030235E-05,-.001
3.205603,-3.409409E-05,-1.03843E-05,6.66667E-04
3.206603,-4.053145E-06,-1.408911E-05,-6.66667E-04
3.207604,2.145782E-06,3.481298E-06,.001
3.208604,-2.6703E-05,-8.646457E-06,-6.66667E-04
3.209605,-1.502043E-05,-1.439644E-05,.002
3.210605,-1.835835E-05,1.787406E-05,6.66667E-04
3.211606,-2.455723E-05,2.32422E-05,-.001
3.212606,-8.821546E-06,3.11716E-05,.002
3.213607,-8.344708E-06,3.692531E-05,.001
3.214607,8.344708E-06,3.578351E-05,6.66667E-04
3.215608,4.673027E-05,2.567482E-05,.001
3.216608,3.576302E-05,-7.683469E-06,-.002
3.217609,5.888962E-05,2.935543E-06,-.002
3.218609,6.556557E-05,1.194148E-05,-2.33333E-03
3.21961,2.28883E-05,-1.506327E-05,-6.66667E-04
3.22061,2.431881E-05,-4.118332E-05,.002
3.221611,1.597416E-05,-7.633178E-06,.002
3.222611,2.861035E-05,-3.767037E-05,-.002
3.223612,5.149865E-05,-2.025266E-05,6.66667E-04
3.224612,1.382834E-05,2.038677E-05,-.001
3.225613,-7.867871E-06,-1.601884E-07,.001
3.226614,1.90736E-05,3.136345E-05,.001
3.227614,-1.502043E-05,8.828974E-07,-.001
3.228614,-4.529982E-06,-4.247786E-05,-.001
3.229615,8.10629E-06,-4.51135E-05,-.001
3.230615,7.629453E-06,-2.671604E-05,-.004
3.231616,5.722075E-06,-2.043147E-05,-.002
3.232616,8.10629E-06,6.52115E-06,-.001
3.233617,-8.10629E-06,-1.775112E-05,.001
3.234617,-2.3842E-06,-1.057243E-05,-6.66667E-04
3.235618,-2.050411E-05,1.972739E-05,6.66667E-04
3.236619,-3.218674E-05,-4.589587E-06,-2.33333E-03
3.237619,-7.152586E-06,-1.036382E-05,-.002
3.238619,-1.144415E-05,8.244126E-06,6.66667E-04
3.23962,1.311308E-05,-2.461497E-05,6.66667E-04
3.24062,2.980244E-05,-8.575676E-06,-6.66667E-04
3.241621,1.764309E-05,-2.048735E-05,6.66667E-04
3.242621,3.194832E-05,-1.89339E-05,-.002
3.243622,3.457093E-05,-1.507258E-05,-2.33333E-03
3.244622,6.198912E-06,-2.362032E-05,-6.66667E-04
3.245623,5.483656E-06,-9.26858E-06,-6.66667E-04
3.246624,-1.955044E-05,1.86824E-06,-.001
3.247624,-1.263624E-05,-1.548801E-05,-6.66667E-04
3.248624,8.10629E-06,9.888841E-06,-.001
3.249625,6.914168E-06,4.598522E-05,.001
3.250625,-1.668942E-05,1.652923E-05,-.001
3.251626,-3.004086E-05,1.260272E-05,-6.66667E-04
3.252626,-6.341981E-05,-2.514586E-06,2.33333E-03
3.253627,-2.002728E-05,-1.885195E-05,-.001
3.254627,1.90736E-05,1.534459E-05,-.001
3.255628,1.430517E-05,5.36631E-06,6.66667E-04
3.256629,3.457093E-05,-2.438214E-05,-2.33333E-03
3.257629,3.075623E-05,-2.17912E-05,6.66667E-04
3.258629,-5.006819E-06,-5.258276E-06,6.66667E-04
3.25963,-5.722075E-06,-8.679985E-06,-6.66667E-04
3.26063,2.861038E-06,6.426155E-06,6.66667E-04
3.261631,-2.28883E-05,5.46503E-06,-3.66667E-03
3.262631,8.10629E-06,-2.51086E-06,.001
3.263632,-1.907363E-06,1.596299E-05,-6.66667E-04
3.264632,-1.287466E-05,-3.185141E-07,2.33333E-03
3.265633,8.821546E-06,3.417968E-06,-6.66667E-04
3.266634,1.859677E-05,-2.535075E-06,6.66667E-04
3.267634,2.479565E-05,-1.238292E-05,-.002
3.268634,1.621258E-05,2.432067E-05,6.66667E-04
3.269635,-1.096731E-05,2.618704E-05,-.002
3.270635,-7.152594E-07,5.660608E-06,-.001
3.271636,6.914168E-06,1.495896E-05,-.002
3.272636,-1.144415E-05,1.123182E-06,.002
3.273637,2.503407E-05,7.936789E-06,.001
3.274637,1.287466E-05,3.699237E-05,-.002
3.275638,-1.502043E-05,5.90834E-06,-.002
3.276639,-4.053145E-06,-8.884876E-06,-.001
3.277639,-3.504776E-05,-1.369609E-05,-6.66667E-04
3.278639,3.099456E-06,-5.461113E-05,-.002
3.27964,2.837193E-05,-5.340599E-05,-6.66667E-04
3.28064,3.623986E-05,-3.236928E-05,.002
3.281641,4.625344E-05,-5.123788E-05,-6.66667E-04
3.282641,1.6451E-05,-4.523643E-05,.001
3.283642,-6.675749E-06,-4.258216E-05,6.66667E-04
3.284642,-5.006819E-06,-2.308202E-05,-6.66667E-04
3.285643,-2.431881E-05,1.750526E-05,6.66667E-04
3.286644,-3.528618E-05,3.049165E-06,-6.66667E-04
3.287644,7.867871E-06,3.310316E-05,-.001
3.288644,1.358992E-05,4.93268E-05,6.66667E-04
3.289645,-5.483656E-06,2.243195E-05,.002
3.290645,2.765667E-05,-1.828943E-05,6.66667E-04
3.291646,7.391005E-06,-1.55234E-05,-.002
3.292646,4.053145E-06,-2.720032E-05,-.001
3.293647,4.005455E-05,-1.120946E-05,.001
3.294647,2.908718E-05,-6.720453E-06,-.001
3.295648,2.813351E-05,-2.373767E-05,.001
3.296649,3.194832E-05,-2.337634E-06,-6.66667E-04
3.297649,1.382834E-05,-1.788147E-06,.001
3.298649,1.001364E-05,-3.33658E-05,6.66667E-04
3.29965,4.291564E-06,-1.262507E-05,-.001
3.30065,-6.675749E-06,-3.439584E-05,6.66667E-04
3.301651,4.768408E-07,-3.009487E-05,-.001
3.302651,-1.835835E-05,1.133612E-05,-.001
3.303652,-3.314042E-05,7.994531E-06,-2.33333E-03
3.304652,-1.955044E-05,1.213519E-05,-6.66667E-04
3.305653,-7.867871E-06,3.90897E-05,6.66667E-04
3.306653,-6.437331E-06,2.631557E-05,-6.66667E-04
3.307654,1.955044E-05,1.872343E-05,-6.66667E-04
3.308654,1.692784E-05,1.624052E-05,.001
3.309655,3.147149E-05,1.041783E-05,-6.66667E-04
3.310655,2.074253E-05,3.302484E-06,-6.66667E-04
3.311656,-1.168257E-05,-1.349492E-05,-.001
3.312656,-1.716625E-05,-1.293799E-05,-.001
3.313657,-1.668937E-06,1.073262E-05,.001
3.314657,2.980244E-05,-7.173076E-06,-6.66667E-04
3.315658,4.57766E-05,-2.169434E-05,.002
3.316658,9.059964E-06,1.839374E-05,.002
3.317659,-9.77522E-06,1.301436E-05,-.002
3.318659,-1.478201E-05,9.687676E-06,6.66667E-04
3.31966,-2.169621E-05,4.109024E-06,-6.66667E-04
3.32066,-1.716625E-05,-6.750255E-06,6.66667E-04
3.321661,1.978886E-05,-5.494832E-06,-3.66667E-03
3.322661,-4.291564E-06,-7.348164E-06,-.001
3.323662,-2.217304E-05,-1.731527E-05,2.33333E-03
3.324662,-2.3842E-06,1.433498E-05,-.001
3.325663,-8.344708E-06,2.185081E-05,-6.66667E-04
3.326663,-2.384197E-05,-6.381451E-06,-.001
3.327664,-2.527249E-05,6.750255E-06,.001
3.328664,-7.867871E-06,1.319504E-05,-6.66667E-04
3.329665,2.28883E-05,1.899723E-05,-6.66667E-04
3.330665,8.821546E-06,3.423751E-05,-.001
3.331666,1.764309E-05,-1.440389E-05,-6.66667E-04
3.332666,2.050411E-05,-2.009992E-05,.001
3.333667,5.960494E-06,-4.284113E-06,-6.66667E-04
3.334667,2.360356E-05,2.769768E-06,-6.66667E-04
3.335668,3.862404E-05,1.328444E-05,-.001
3.336668,8.821546E-06,1.248351E-05,-.002
3.337669,-1.168257E-05,-7.314637E-06,-.001
3.338669,-1.454359E-05,1.376687E-05,-.004
3.33967,-2.717983E-05,3.11622E-06,-6.66667E-04
3.34067,2.861038E-06,6.165385E-06,-.001
3.341671,-1.096731E-05,2.965343E-05,-.002
3.342671,-1.001364E-05,2.254557E-05,6.66667E-04
3.343672,-2.622619E-06,2.733071E-05,-2.33333E-03
3.344672,-2.694142E-05,3.911578E-05,-.002
3.345673,-4.792237E-05,2.743691E-06,-.001
3.346673,-2.121937E-05,-1.572457E-05,.002
3.347674,-3.385567E-05,7.141411E-06,6.66667E-04
3.348674,-3.17099E-05,-1.229165E-05,-.001
3.349675,-2.431881E-05,-7.174938E-06,.001
3.350675,-3.266358E-05,-3.00986E-05,-.002
3.351676,-4.529982E-06,-4.357495E-05,-.001
3.352676,-1.287466E-05,-1.627218E-05,6.66667E-04
3.353677,-2.121937E-05,-7.804541E-06,-6.66667E-04
3.354677,-6.198912E-06,-3.12014E-05,-.002
3.355678,5.006819E-06,-5.999609E-06,6.66667E-04
3.356678,6.437331E-06,-1.711969E-05,-.001
3.357679,4.57766E-05,-3.723823E-05,.002
3.358679,4.029297E-05,-2.737727E-05,-6.66667E-04
3.35968,3.266358E-05,-8.780567E-06,-.001
3.36068,4.792237E-05,9.419455E-06,-6.66667E-04
3.361681,2.479565E-05,1.777534E-05,6.66667E-04
3.362681,1.955044E-05,2.356444E-05,.001
3.363682,1.621258E-05,3.436231E-05,-2.33333E-03
3.364682,-6.675749E-06,3.051211E-05,6.66667E-04
3.365683,1.597416E-05,1.564631E-07,.001
3.366683,1.90736E-05,4.554196E-06,-6.66667E-04
3.367684,5.483656E-06,-7.100432E-06,-.001
3.368684,3.123307E-05,5.897164E-06,-.002
3.369685,1.430517E-05,2.863456E-05,-6.66667E-04
3.370685,1.144415E-05,2.786715E-05,-6.66667E-04
3.371686,2.813351E-05,2.008502E-05,-.001
3.372686,2.646458E-05,-3.270819E-06,-.001
3.373687,2.431881E-05,-1.459202E-05,-.001
3.374687,5.888962E-05,-1.82112E-05,.001
3.375688,4.410767E-05,-1.650874E-05,-.002
3.376688,2.574932E-05,-3.059977E-05,.002
3.377689,3.051781E-05,4.855945E-06,-6.66667E-04
3.378689,1.430519E-06,1.087232E-05,.001
3.37969,1.287466E-05,-1.096545E-05,-2.33333E-03
3.38069,2.93256E-05,2.450508E-05,-6.66667E-04
3.381691,3.814726E-06,8.387549E-06,-6.66667E-04
3.382691,1.096731E-05,3.982364E-06,6.66667E-04
3.383692,4.529982E-06,-2.281755E-06,-.001
3.384692,-8.344708E-06,-3.955723E-05,-6.66667E-04
3.385693,3.576293E-06,-2.201472E-05,-6.66667E-04
3.386693,2.861038E-06,2.132743E-06,-.001
3.387694,3.314042E-05,-4.102127E-05,-3.66667E-03
3.388694,4.863762E-05,-3.816583E-05,6.66667E-04
3.389695,3.337883E-05,-3.329315E-05,-2.33333E-03
3.390696,5.483651E-05,-5.461113E-05,.001
3.391696,3.314042E-05,-5.461113E-05,-6.66667E-04
3.392696,-1.740467E-05,-3.889226E-05,-.002
3.393697,-1.144415E-05,-2.522406E-05,-6.66667E-04
3.394697,2.002728E-05,1.527376E-06,6.66667E-04
3.395698,7.152586E-06,1.24388E-05,-6.66667E-04
3.396698,3.385567E-05,5.668058E-06,2.33333E-03
3.397699,4.768401E-06,3.061653E-05,-2.33333E-03
3.398699,-6.198912E-06,4.516944E-06,6.66667E-04
3.3997,1.668937E-06,-1.292682E-05,-6.66667E-04
3.400701,-2.455723E-05,2.999243E-05,.001
3.401701,-3.600144E-05,-3.773734E-06,.002
3.402701,-9.536816E-07,1.240155E-05,.001
3.403702,5.722075E-06,1.177384E-05,6.66667E-04
3.404702,2.074253E-05,-1.824845E-05,.001
3.405703,3.743195E-05,-2.468203E-05,-.001
3.406703,4.363083E-05,-3.286661E-05,-.002
3.407704,6.055855E-05,-4.336447E-05,-2.33333E-03
3.408704,6.580399E-05,8.741452E-06,-.001
3.409705,6.532716E-05,5.103684E-07,-.001
3.410706,8.010911E-05,1.361601E-06,6.66667E-04
3.411706,8.082436E-05,1.232332E-05,-6.66667E-04
3.412706,9.584473E-05,-3.725308E-07,-.002
3.413707,1.249323E-04,-1.910713E-05,-.001
3.414707,1.478205E-04,-2.199423E-05,-.001
3.415708,1.809606E-04,-1.920771E-05,-6.66667E-04
3.416708,2.067098E-04,1.816091E-05,-.001
3.417709,2.434263E-04,1.237175E-05,.001
3.418709,2.901573E-04,-1.807522E-05,-6.66667E-04
3.41971,3.154296E-04,-1.567055E-05,6.66667E-04
3.420711,3.376026E-04,7.17122E-07,-.001
3.421711,4.196186E-04,-1.508376E-05,-2.33333E-03
3.422711,4.639644E-04,-1.750896E-07,.001
3.423712,4.398841E-04,8.059724E-06,-.001
3.424712,4.465599E-04,-2.453118E-06,6.66667E-04
3.425713,4.267711E-04,-7.506489E-06,-6.66667E-04
3.426713,3.879089E-04,-4.192465E-05,-6.66667E-04
3.427714,3.852863E-04,-1.744006E-05,.001
3.428714,3.547687E-04,-8.560775E-06,6.66667E-04
3.429715,3.04224E-04,-5.13515E-05,6.66667E-04
3.430716,2.493877E-04,-3.711157E-05,-6.66667E-04
3.431716,2.059946E-04,-2.666574E-05,-.001
3.432716,1.966963E-04,-1.755182E-05,6.66667E-04
3.433717,1.54973E-04,-2.363522E-05,-.001
3.434717,1.113419E-04,-5.027116E-05,.001
3.435718,9.226846E-05,-3.919215E-05,6.66667E-04
3.436718,8.177804E-05,-9.583368E-06,-6.66667E-04
3.437719,5.245232E-05,-1.633551E-05,-.002
3.438719,6.008171E-05,-1.652737E-05,-.002
3.43972,4.935288E-05,-2.283428E-05,-6.66667E-04
3.440721,4.100823E-05,-5.361461E-05,6.66667E-04
3.441721,4.816079E-05,-5.461113E-05,-6.66667E-04
3.442721,2.861035E-05,-4.944415E-05,-6.66667E-04
3.443722,3.743195E-05,-5.461113E-05,-.002
3.444722,4.935288E-05,-5.461113E-05,-6.66667E-04
3.445723,3.814721E-05,-3.591203E-05,-2.33333E-03
3.446723,2.074253E-05,-4.384504E-05,.001
3.447724,-1.573574E-05,-6.955146E-06,6.66667E-04
3.448724,-3.314042E-05,2.615168E-06,-.002
3.449725,-2.861035E-05,-1.14367E-05,-2.33333E-03
3.450726,-2.384197E-05,-1.577668E-06,6.66667E-04
3.451726,-1.502043E-05,2.14373E-05,6.66667E-04
3.452726,1.931202E-05,1.687754E-05,-6.66667E-04
3.453727,1.096731E-05,2.625783E-05,-.001
3.454727,-9.536816E-07,2.185081E-05,.001
3.455728,1.478201E-05,4.389347E-05,-.002
3.456728,-4.768401E-06,5.090632E-05,-6.66667E-04
3.457729,-3.695511E-05,2.157141E-05,-2.33333E-03
3.458729,-4.529982E-06,1.204951E-05,-6.66667E-04
3.45973,-2.050411E-05,4.006579E-06,.001
3.460731,9.536816E-07,-9.242503E-06,-6.66667E-04
3.461731,1.430519E-06,-2.201661E-06,-.001
3.462731,-1.549732E-05,-9.927957E-06,6.66667E-04
3.463732,3.576302E-05,-7.281109E-06,-6.66667E-04
3.464732,2.837193E-05,4.960253E-06,.002
3.465733,3.337875E-06,-5.796581E-06,-2.33333E-03
3.466733,3.790879E-05,-1.179805E-05,-6.66667E-04
3.467734,2.431881E-05,8.342846E-06,-6.66667E-04
3.468734,1.549732E-05,-1.570408E-05,-.002
3.469735,3.480935E-05,-1.542096E-05,-2.33333E-03
3.470736,-2.622619E-06,-8.214301E-07,-.002
3.471736,1.430519E-06,-1.692411E-05,-6.66667E-04
3.472736,2.646458E-05,-6.899267E-06,-6.66667E-04
3.473737,-1.454359E-05,-2.415862E-05,-.002
3.474737,-6.675749E-06,-4.291558E-05,.001
3.475738,-5.006819E-06,-6.686925E-06,.001
3.476738,-1.168257E-05,3.235429E-06,-6.66667E-04
3.477739,1.406675E-05,-6.958871E-06,-.001
3.478739,1.144415E-05,-8.234812E-06,-6.66667E-04
3.47974,1.502043E-05,-3.306218E-05,6.66667E-04
3.480741,1.1921E-06,-3.706873E-05,-.001
3.481741,-1.311308E-05,-8.098839E-06,.001
3.482741,5.960494E-06,-1.574878E-05,6.66667E-04
3.483742,2.479565E-05,1.813669E-05,-.001
3.484742,4.529982E-06,4.567788E-05,.001
3.485743,-6.675749E-06,2.18862E-05,-.001
3.486743,-7.391005E-06,-3.168374E-06,.001
3.487744,-4.053145E-06,-2.272811E-05,-6.66667E-04
3.488744,2.765667E-05,-2.524082E-05,6.66667E-04
3.489745,1.311308E-05,9.218289E-06,-6.66667E-04
3.490746,-1.788151E-05,2.586481E-05,6.66667E-04
3.491746,-9.059964E-06,4.15782E-05,6.66667E-04
3.492746,-1.454359E-05,3.121071E-05,-6.66667E-04
3.493747,-2.622619E-06,7.167488E-06,.001
3.494747,2.431881E-05,5.543261E-06,-3.66667E-03
3.495748,-1.502043E-05,1.718674E-05,.002
3.496748,-2.55109E-05,2.440822E-05,-6.66667E-04
3.497749,1.549732E-05,1.675088E-05,-.001
3.498749,1.859677E-05,-6.035007E-07,-6.66667E-04
3.49975,3.242516E-05,-3.806525E-05,-6.66667E-04
3.500751,3.767037E-05,-9.842275E-06,-2.33333E-03
3.501751,3.480935E-05,1.133425E-05,-6.66667E-04
3.502751,2.527249E-05,-1.169561E-05,-3.66667E-03
3.503752,1.716625E-05,2.074812E-05,-.002
3.504752,-1.573574E-05,-1.736742E-05,-6.66667E-04
3.505753,4.053145E-06,-7.018476E-06,6.66667E-04
3.506753,-2.241146E-05,2.45871E-07,-.001
3.507754,-2.098095E-05,-3.358559E-05,-.002
3.508754,1.478201E-05,-2.449204E-05,6.66667E-04
3.509755,-7.867871E-06,3.766283E-06,-.002
3.510756,-6.675749E-06,7.100432E-06,-.004
3.511756,2.861038E-06,2.470252E-05,.001
3.512756,-2.217304E-05,2.913747E-05,-6.66667E-04
3.513757,-2.55109E-05,1.974415E-05,-.002
3.514757,-3.218674E-05,2.635282E-05,-6.66667E-04
3.515758,-4.720711E-05,4.936046E-07,-.002
3.516758,3.576293E-06,-2.74257E-05,.001
3.517759,2.646458E-05,4.73301E-06,-.001
3.518759,-2.861038E-06,-1.513219E-05,-.001
3.51976,2.360356E-05,-1.987268E-05,6.66667E-04
3.520761,3.099465E-05,-7.309049E-06,-.002
3.521761,2.837193E-05,-2.035138E-05,-.001
3.522761,3.457093E-05,-1.220783E-05,6.66667E-04
3.523762,-7.152594E-07,-1.583257E-07,6.66667E-04
3.524762,-7.391005E-06,-3.379048E-05,.002
3.525763,3.814726E-06,1.231216E-06,-.001
3.526763,7.629453E-06,3.879919E-06,.002
3.527764,2.193463E-05,4.487141E-06,6.66667E-04
3.528764,1.788151E-05,1.323601E-05,-6.66667E-04
3.529765,1.192099E-05,-6.372138E-06,6.66667E-04
3.530766,3.576302E-05,-8.445291E-06,6.66667E-04
3.531766,7.629453E-06,1.866755E-05,-.002
3.532766,9.77522E-06,-2.276167E-06,-.002
3.533767,1.382834E-05,-1.361786E-05,.001
3.534767,0,-5.923241E-06,2.33333E-03
3.535768,2.336514E-05,-6.547227E-06,.002
3.536768,1.263624E-05,-1.315035E-06,.001
3.537769,-2.02657E-05,-3.539049E-08,-.002
3.538769,-6.198912E-06,5.714624E-06,-.002
3.53977,3.051781E-05,3.050652E-05,-.002
3.540771,-7.867871E-06,2.66229E-05,6.66667E-04
3.541771,-4.291564E-06,2.762317E-06,-6.66667E-04
3.542771,1.525891E-05,-6.839662E-06,-6.66667E-04
3.543772,1.740467E-05,-9.728654E-06,-6.66667E-04
3.544772,2.598774E-05,-2.03253E-05,-.001
3.545773,-3.337875E-06,-1.338503E-05,6.66667E-04
3.546773,-1.621258E-05,-5.000108E-05,-.002
3.547774,1.90736E-05,-3.234507E-05,-.002
3.548774,2.694142E-05,-3.527501E-05,.001
3.549775,3.862404E-05,-3.335276E-05,6.66667E-04
3.550776,5.340599E-05,1.703401E-05,6.66667E-04
3.551776,3.93393E-05,2.481055E-05,.001
3.552776,5.793595E-05,1.474103E-05,-6.66667E-04
3.553777,8.916901E-05,1.101388E-05,-.001
3.554777,7.391023E-05,-2.22401E-05,2.33333E-03
3.555778,8.51159E-05,-1.086114E-05,-.002
3.556778,8.89306E-05,9.281619E-06,6.66667E-04
3.557779,8.201646E-05,9.605719E-06,-.002
3.558779,9.346055E-05,-5.258276E-06,.001
3.55978,7.724809E-05,2.793979E-08,6.66667E-04
3.560781,5.507492E-05,-1.776416E-05,.001
3.561781,4.172348E-05,-1.582142E-05,-3.66667E-03
3.562781,3.147149E-05,-1.510425E-05,-.001
3.563782,8.821546E-06,-2.755981E-05,-.001
3.564783,1.668937E-06,-9.857176E-06,-6.66667E-04
3.565783,4.768408E-07,-3.666268E-05,-6.66667E-04
3.566783,-3.337875E-06,-3.904873E-05,-6.66667E-04
3.567784,5.722075E-06,-3.086418E-06,-.001
3.568784,4.291564E-06,1.391403E-06,.001
3.569785,3.099465E-05,4.600752E-07,-.002
3.570786,1.263624E-05,5.292171E-05,6.66667E-04
3.571786,-2.050411E-05,8.62038E-06,6.66667E-04
3.572786,-3.337875E-06,-3.404007E-05,-2.33333E-03
3.573787,-1.835835E-05,-4.375004E-05,-6.66667E-04
3.574788,-4.768408E-07,-4.476891E-05,6.66667E-04
3.575788,3.93393E-05,-4.24555E-05,-6.66667E-04
3.576788,4.625344E-05,-1.342228E-05,-.001
3.577789,2.002728E-05,-1.543027E-05,-.001
3.578789,9.298383E-06,2.377864E-05,6.66667E-04
3.57979,-5.960494E-06,2.813351E-05,-.001
3.580791,2.074253E-05,1.312239E-05,.001
3.581791,5.006819E-06,2.031226E-05,-6.66667E-04
3.582791,1.049048E-05,8.951931E-06,-.001
3.583792,3.623986E-05,9.371026E-06,6.66667E-04
3.584793,1.072889E-05,5.964219E-06,-.001
3.585793,-2.93256E-05,-3.675208E-05,.001
3.586793,-7.152586E-06,-3.563255E-06,6.66667E-04
3.587794,-1.144415E-05,1.714763E-05,-.001
3.588794,9.536816E-07,1.486397E-05,-6.66667E-04
3.589795,3.576302E-05,2.172042E-05,-.001
3.590796,3.93393E-05,4.194886E-05,-.001
3.591796,4.482293E-05,2.503407E-05,.002
3.592796,2.050411E-05,1.062459E-05,6.66667E-04
3.593797,8.344708E-06,-2.596725E-05,.001
3.594798,2.717983E-05,-1.090212E-05,.001
3.595798,6.914168E-06,1.022599E-06,-.001
3.596798,7.391005E-06,1.829129E-05,-6.66667E-04
3.597799,2.264988E-05,3.169687E-05,6.66667E-04
3.598799,1.287466E-05,5.17352E-05,6.66667E-04
3.5998,-7.867871E-06,1.545076E-05,.001
3.600801,1.549732E-05,-1.687754E-05,-6.66667E-04
3.601801,2.479565E-05,1.005275E-05,-6.66667E-04
3.602801,4.982972E-05,-4.101574E-06,-.001
3.603802,5.245232E-05,-2.034023E-06,6.66667E-04
3.604803,8.10629E-06,4.963978E-06,.001
3.605803,2.598774E-05,-6.500661E-06,-.001
3.606803,2.765667E-05,1.848687E-05,-6.66667E-04
3.607804,1.382834E-05,1.646962E-05,-6.66667E-04
3.608804,6.294297E-05,-9.410142E-06,-2.33333E-03
3.609805,2.360356E-05,-1.068792E-05,-6.66667E-04
3.610806,-2.6703E-05,-4.835456E-06,-6.66667E-04
3.611806,-1.883518E-05,-2.499309E-05,6.66667E-04
3.612806,-3.337883E-05,-2.383452E-05,-6.66667E-04
3.613807,-3.147149E-05,-2.888229E-05,-.001
3.614808,-4.029297E-05,1.514338E-06,-6.66667E-04
3.615808,-3.600144E-05,7.022201E-06,-6.66667E-04
3.616808,-2.217304E-05,-9.954034E-06,-6.66667E-04
3.617809,-3.147149E-05,4.826143E-06,.001
3.618809,-2.574932E-05,-3.419831E-06,6.66667E-04
3.61981,-8.821546E-06,-4.740461E-06,-6.66667E-04
3.620811,-9.059964E-06,3.646524E-05,.001
3.621811,-3.123307E-05,1.299946E-05,-6.66667E-04
3.622811,-2.527249E-05,-1.993045E-06,-.002
3.623812,-1.120573E-05,-8.791721E-07,-.002
3.624813,-7.152594E-07,-2.188992E-05,-.001
3.625813,2.622616E-05,-3.12367E-06,-2.33333E-03
3.626813,3.647828E-05,1.702656E-05,-6.66667E-04
3.627814,4.529976E-05,1.313357E-05,-.002
3.628814,3.147149E-05,3.147885E-06,-6.66667E-04
3.629815,1.025206E-05,9.350515E-07,-6.66667E-04
3.630816,2.02657E-05,-2.420146E-05,.001
3.631816,1.168257E-05,6.416842E-06,-.002
3.632816,-2.384204E-07,1.459575E-05,-6.66667E-04
3.633817,1.358992E-05,-9.071118E-07,-.001
3.634818,3.099465E-05,3.138208E-05,6.66667E-04
3.635818,1.621258E-05,2.299075E-05,.002
3.636818,5.579018E-05,4.996569E-05,-.001
3.637819,3.314042E-05,5.460926E-05,-.001
3.638819,1.716625E-05,5.460926E-05,.002
3.63982,3.147149E-05,4.628696E-05,-.002
3.640821,7.152586E-06,1.076616E-06,-.001
3.641821,3.337883E-05,-2.193463E-05,-6.66667E-04
3.642821,4.053139E-05,6.157934E-06,-.001
3.643822,1.049048E-05,3.431016E-05,-.001
3.644823,2.050411E-05,1.22544E-05,-6.66667E-04
3.645823,2.93256E-05,7.927476E-06,6.66667E-04
3.646823,1.859677E-05,-3.392273E-05,-.001
3.647824,3.17099E-05,-4.759827E-05,6.66667E-04
3.648824,2.479565E-05,-1.94927E-05,-.001
3.649825,3.480935E-05,-3.065565E-05,6.66667E-04
3.650826,5.769753E-05,-3.027741E-05,.001
3.651826,2.598774E-05,-1.344836E-05,6.66667E-04
3.652826,1.859677E-05,-1.854275E-05,-6.66667E-04
3.653827,3.409409E-05,7.433846E-06,6.66667E-04
3.654828,5.197548E-05,1.586981E-06,-.002
3.655828,6.19893E-05,-5.055248E-06,-6.66667E-04
3.656828,7.605599E-05,8.698589E-07,.001
3.657829,8.845376E-05,-5.209848E-06,-.001
3.658829,1.249323E-04,-2.137024E-05,-.002
3.65983,1.103883E-04,-1.452683E-05,-6.66667E-04
3.66083,1.151566E-04,-3.002782E-05,-.001
3.661831,1.59503E-04,-5.461113E-05,6.66667E-04
3.662831,1.218324E-04,-5.461113E-05,6.66667E-04
3.663832,1.02282E-04,-3.274181E-05,-6.66667E-04
3.664833,1.14203E-04,-2.622989E-05,6.66667E-04
3.665833,1.144414E-04,-2.65484E-05,6.66667E-04
3.666833,9.012269E-05,-3.373265E-06,.001
3.667834,6.19893E-05,2.123986E-05,-.001
3.668834,5.149865E-05,2.048919E-07,6.66667E-04
3.669835,3.910088E-05,-2.153974E-05,-.001
3.670835,3.838562E-05,-9.059964E-06,6.66667E-04
3.671836,2.360356E-05,-2.984342E-05,-.002
3.672836,3.099465E-05,-3.553019E-05,2.33333E-03
3.673837,4.625344E-05,-1.624611E-05,.001
3.674838,3.314042E-05,-1.274614E-05,6.66667E-04
3.675838,1.001364E-05,-3.246605E-06,-6.66667E-04
3.676838,-3.266358E-05,-1.227303E-05,-.001
3.677839,-2.050411E-05,-1.850736E-05,6.66667E-04
3.678839,3.099456E-06,-7.029652E-06,-6.66667E-04
3.67984,-3.862404E-05,-1.590524E-05,.001
3.68084,-3.767037E-05,-3.29169E-05,.001
3.681841,-5.483656E-06,-1.423998E-05,.001
3.682841,-4.768401E-06,1.375197E-05,2.33333E-03
3.683842,-9.536801E-06,-7.912575E-06,6.66667E-04
3.684843,-2.360356E-05,-1.21948E-05,-.001
3.685843,-2.741825E-05,-1.579721E-05,-6.66667E-04
3.686843,7.152586E-06,-1.806777E-05,-.002
3.687844,4.291564E-06,1.222274E-05,.002
3.688844,-3.17099E-05,6.258517E-06,.001
3.689845,-1.120573E-05,4.773989E-06,-.001
3.690845,-1.478201E-05,-1.801376E-05,-.001
3.691846,-2.145782E-06,-3.245496E-05,-.001
3.692847,3.814726E-06,-2.438773E-05,-6.66667E-04
3.693847,2.431881E-05,-2.145779E-05,.001
3.694848,3.981614E-05,-1.520856E-05,-6.66667E-04
3.695848,4.553818E-05,7.10602E-06,-.002
3.696848,-5.006819E-06,-1.868245E-05,6.66667E-04
3.697849,1.096731E-05,-4.505017E-05,-.001
3.698849,3.075623E-05,-1.306838E-05,-.002
3.69985,1.33515E-05,-1.929339E-05,-3.66667E-03
3.70085,1.502043E-05,-2.983972E-06,.001
3.701851,3.814726E-06,2.712582E-05,-6.66667E-04
3.702852,-3.337875E-06,4.775851E-06,.001
3.703852,-2.861038E-06,-6.644084E-06,-.001
3.704853,-2.169621E-05,-1.450261E-05,-.001
3.705853,2.861038E-06,-3.241212E-05,-3.66667E-03
3.706853,4.529982E-06,5.388662E-06,-6.66667E-04
3.707854,-2.455723E-05,1.009559E-05,-.001
3.708854,-4.553818E-05,-3.643348E-06,.001
3.709855,-3.528618E-05,-5.736983E-07,-.002
3.710855,-1.072889E-05,5.714624E-06,-.001
3.711856,1.859677E-05,-1.128769E-05,-6.66667E-04
3.712857,3.814726E-06,1.457339E-05,6.66667E-04
3.713857,-3.385567E-05,-1.203461E-05,-6.66667E-04
3.714858,-1.907363E-06,3.885507E-06,-6.66667E-04
3.715858,-1.287466E-05,-6.398215E-06,-.001
3.716858,1.120573E-05,-3.781184E-06,6.66667E-04
3.717859,2.503407E-05,3.656387E-06,-6.66667E-04
3.718859,1.430519E-06,5.260139E-06,6.66667E-04
3.71986,-4.529982E-06,-1.144601E-05,6.66667E-04
3.72086,1.454359E-05,1.225068E-05,-.002
3.721861,-1.001364E-05,1.300318E-05,.001
3.722862,9.059964E-06,-1.331799E-06,.002
3.723862,1.788151E-05,2.947648E-05,.001
3.724863,-3.218674E-05,-1.285234E-07,-6.66667E-04
3.725863,-2.956402E-05,-1.654972E-05,6.66667E-04
3.726863,-4.029297E-05,-1.250213E-05,-.002
3.727864,-6.651925E-05,-3.248468E-06,-6.66667E-04
3.728864,-6.628083E-05,1.401646E-05,-6.66667E-04
3.729865,-6.556557E-05,8.866249E-06,-2.33333E-03
3.730865,-1.835835E-05,-9.212701E-06,-6.66667E-04
3.731866,3.099465E-05,1.736183E-05,-.001
3.732867,1.215941E-05,3.386312E-05,-.001
3.733867,-6.675749E-06,2.693397E-05,-6.66667E-04
3.734868,6.198912E-06,4.536496E-05,-3.66667E-03
3.735868,-3.123307E-05,3.001478E-05,-.002
3.736868,-2.956402E-05,6.744667E-06,-.001
3.737869,-2.622616E-05,1.966406E-05,-.001
3.73887,-5.126023E-05,6.835944E-07,2.33333E-03
3.73987,-3.814721E-05,1.899905E-06,.001
3.74087,-3.910088E-05,2.362404E-05,-.001
3.741871,-1.33515E-05,9.985699E-06,-.001
3.742872,-1.120573E-05,3.270456E-05,-.002
3.743872,-3.671669E-05,2.662477E-05,-.001
3.744873,-2.408039E-05,-8.93703E-06,-6.66667E-04
3.745873,-1.120573E-05,8.717216E-07,-.002
3.746873,-1.6451E-05,8.42294E-06,.001
3.747874,-1.573574E-05,-1.813483E-05,-6.66667E-04
3.748875,-2.622616E-05,-1.031911E-05,6.66667E-04
3.749875,-6.985711E-05,-3.451318E-05,-.001
3.750875,-3.814721E-05,-5.461113E-05,6.66667E-04
3.751876,-2.646458E-05,-2.680358E-05,6.66667E-04
3.752877,-2.741825E-05,-1.704332E-05,-.001
3.753877,-3.838562E-05,-2.859544E-05,-6.66667E-04
3.754878,-7.057237E-05,-3.800378E-05,-.001
3.755878,-5.793595E-05,-4.887604E-05,-3.66667E-03
3.756878,-7.391005E-06,-7.350027E-06,.001
3.757879,-1.239782E-05,-3.073379E-06,-.002
3.75888,-1.096731E-05,-1.178874E-05,-.001
3.75988,-1.430519E-06,-9.113981E-06,.002
3.76088,-1.072889E-05,-5.122303E-06,2.33333E-03
3.761881,7.867871E-06,-3.159061E-06,-2.33333E-03
3.762882,4.053145E-06,2.197747E-05,-6.66667E-04
3.763882,-2.217304E-05,-4.863396E-06,-2.33333E-03
3.764883,-2.598774E-05,9.918644E-06,-.001
3.765883,-2.93256E-05,3.986456E-05,-6.66667E-04
3.766883,-4.410767E-05,3.004086E-05,-.002
3.767884,-2.646458E-05,1.358433E-05,.001
3.768885,-2.336514E-05,2.621685E-05,-6.66667E-04
3.769885,-1.883518E-05,-1.139945E-05,-.001
3.770885,-1.096731E-05,-4.244997E-06,-.002
3.771886,-2.098095E-05,3.360049E-05,-.001
3.772887,1.072889E-05,3.694021E-05,6.66667E-04
3.773887,2.241146E-05,3.256486E-05,-.001
3.774888,2.384197E-05,-7.506489E-06,-6.66667E-04
3.775888,4.267716E-05,-8.728413E-06,-.001
3.776888,6.341981E-05,2.051902E-05,-6.66667E-04
3.777889,3.480935E-05,-2.570465E-06,-.002
3.77889,4.57766E-05,7.968454E-06,-.001
3.77989,4.3154E-05,2.22699E-05,-.001
3.78089,3.695511E-05,8.182658E-06,-6.66667E-04
3.781891,5.960488E-05,-1.836575E-06,-6.66667E-04
3.782892,4.744553E-05,-1.773622E-05,-.001
3.783892,8.034753E-05,-4.825206E-05,-2.33333E-03
3.784893,1.013284E-04,-4.591444E-05,-.002
3.785893,9.226846E-05,-5.461113E-05,-.001
3.786893,1.087193E-04,-5.461113E-05,-6.66667E-04
3.787894,1.101498E-04,-5.461113E-05,-2.33333E-03
3.788895,8.392381E-05,-5.461113E-05,-.002
3.789895,7.343339E-05,-5.294033E-05,-2.33333E-03
3.790895,5.364441E-05,-1.700607E-05,-6.66667E-04
3.791896,4.386925E-05,-5.461113E-05,6.66667E-04
3.792897,5.412125E-05,-5.293661E-05,-6.66667E-04
3.793897,2.312672E-05,-3.013213E-05,.001
3.794898,3.814726E-06,-5.397224E-05,-.002
3.795898,1.025206E-05,-2.309319E-05,-6.66667E-04
3.796898,-2.861038E-06,2.555564E-06,-.001
3.797899,7.152586E-06,-1.382834E-05,6.66667E-04
3.7989,-2.861038E-06,-5.340233E-06,-.002
3.7999,-2.789509E-05,-2.079841E-05,-6.66667E-04
3.8009,8.10629E-06,-1.198991E-05,-6.66667E-04
3.801901,4.911446E-05,5.835696E-06,-.002
3.802902,4.363083E-05,-1.201413E-06,-.002
3.803902,5.340599E-05,-1.287839E-05,.001
3.804903,2.55109E-05,9.005948E-06,-.001
3.805903,-1.430519E-06,-3.146022E-06,-.002
3.806903,-1.907363E-06,-1.786847E-05,6.66667E-04
3.807904,-2.336514E-05,-1.580466E-05,6.66667E-04
3.808905,-3.55246E-05,-4.695758E-06,-6.66667E-04
3.809905,-1.692784E-05,2.740708E-05,-.001
3.810905,-4.529982E-06,3.942498E-05,-.002
3.811906,7.629453E-06,1.298271E-06,-6.66667E-04
3.812907,2.622619E-06,1.682353E-05,-2.33333E-03
3.813907,-2.6703E-05,1.178129E-05,-2.33333E-03
3.814908,-2.217304E-05,2.633795E-06,-6.66667E-04
3.815908,-1.788151E-05,5.811482E-06,-.001
3.816908,-3.051781E-05,-1.122622E-05,-6.66667E-04
3.817909,-2.3842E-06,-1.076056E-05,6.66667E-04
3.81891,-4.768408E-07,1.244439E-05,-.004
3.81991,9.536816E-07,-2.27784E-05,-.002
3.82091,2.193463E-05,-6.381451E-06,-6.66667E-04
3.821911,1.430517E-05,9.393378E-06,-.001
3.822912,-1.788151E-05,4.638005E-07,6.66667E-04
3.823912,3.814726E-06,2.151553E-05,.001
3.824913,1.120573E-05,3.382773E-05,.001
3.825913,2.622616E-05,1.662422E-05,-.001
3.826913,6.914168E-06,1.203276E-06,-.001
3.827914,-1.1921E-06,-4.841044E-06,.001
3.828915,-1.907363E-06,-1.70545E-05,6.66667E-04
3.829915,-2.408039E-05,-8.795469E-06,-.001
3.830915,-1.740467E-05,-3.118836E-05,2.33333E-03
3.831916,-1.430519E-06,1.600396E-05,6.66667E-04
3.832916,-9.059964E-06,3.477582E-05,.002
3.833917,-2.002728E-05,9.108393E-06,-6.66667E-04
3.834918,-2.28883E-05,8.175208E-06,-6.66667E-04
3.835918,-4.482293E-05,3.990554E-05,-6.66667E-04
3.836918,-4.601502E-05,4.132488E-05,-.001
3.837919,-2.169621E-05,3.538304E-05,-.002
3.83892,-1.049048E-05,2.522033E-05,-.001
3.83992,1.072889E-05,-2.384197E-05,6.66667E-04
3.84092,6.437331E-06,-2.240777E-06,-.001
3.841921,-5.483656E-06,2.100889E-05,6.66667E-04
3.842921,-4.053145E-06,1.472613E-05,-6.66667E-04
3.843922,-1.406675E-05,2.457213E-05,-.001
3.844923,-3.147149E-05,5.904614E-06,.002
3.845923,8.10629E-06,2.085802E-05,2.33333E-03
3.846923,-1.311308E-05,3.243261E-05,-.002
3.847924,-4.529982E-06,-9.730516E-06,-.001
3.848925,9.298383E-06,-2.597098E-05,6.66667E-04
3.849925,-7.152586E-06,-1.69595E-05,-.001
3.850925,2.098095E-05,-1.713645E-05,-6.66667E-04
3.851926,2.193463E-05,1.824286E-05,-.002
3.852926,-1.978886E-05,2.137769E-05,-3.66667E-03
3.853927,-2.55109E-05,1.146464E-05,6.66667E-04
3.854928,-1.502043E-05,3.586547E-05,-.001
3.855928,-2.694142E-05,2.962176E-05,-2.33333E-03
3.856929,-1.120573E-05,-1.326211E-06,-.001
3.857929,-1.573574E-05,-1.555134E-05,-6.66667E-04
3.85893,-4.291564E-06,-5.416782E-05,-.001
3.85993,2.598774E-05,-3.662356E-05,.002
3.86093,2.050411E-05,-1.957093E-05,-.001
3.861931,3.147149E-05,-3.71004E-05,-6.66667E-04
3.862931,2.217304E-05,1.328444E-05,6.66667E-04
3.863932,-1.239782E-05,1.69893E-05,6.66667E-04
3.864933,-1.835835E-05,3.203764E-06,-6.66667E-04
3.865933,1.1921E-06,7.109746E-06,-.001
3.866934,7.152594E-07,1.905311E-05,-.001
3.867934,1.192099E-05,1.855579E-05,-6.66667E-04
3.868935,-9.059964E-06,1.14367E-05,-2.33333E-03
3.869935,-3.004086E-05,7.381692E-06,.001
3.870935,-1.525891E-05,1.560904E-06,-6.66667E-04
3.871936,4.768401E-06,2.002728E-05,-6.66667E-04
3.872936,-9.059964E-06,1.03545E-05,-.001
3.873937,2.813351E-05,3.689178E-05,6.66667E-04
3.874938,-2.098095E-05,3.594183E-05,-6.66667E-04
3.875938,-2.336514E-05,1.991552E-05,-.001
3.876939,-7.867871E-06,-1.460321E-06,-.001
3.877939,-3.504776E-05,-1.64212E-05,6.66667E-04
3.87894,-1.239782E-05,-4.087598E-05,.001
3.87994,-5.006819E-06,-1.122622E-05,-.002
3.88094,-1.525891E-05,-1.197688E-06,-6.66667E-04
3.881941,1.6451E-05,-3.022712E-05,-.002
3.882941,1.311308E-05,2.725064E-06,.002
3.883942,-1.668942E-05,1.252448E-05,.001
3.884943,-1.835835E-05,-1.484535E-06,-.001
3.885943,-1.597416E-05,-2.810746E-06,-.002
3.886944,-5.483656E-06,-3.867806E-05,6.66667E-04
3.887944,1.859677E-05,-2.673466E-05,-.001
3.888945,8.583127E-06,-6.942108E-06,.001
3.889945,9.298383E-06,-3.484287E-05,6.66667E-04
3.890945,1.382834E-05,-2.093252E-05,-.001
3.891946,-1.502043E-05,1.082016E-05,-.002
3.892946,1.502043E-05,1.962867E-05,-6.66667E-04
3.893947,4.434609E-05,2.129201E-05,6.66667E-04
3.894948,3.767037E-05,-2.272066E-05,-2.33333E-03
3.895948,5.555176E-05,-4.413188E-05,-6.66667E-04
3.896949,1.049048E-05,-3.307709E-05,6.66667E-04
3.897949,5.006819E-06,-2.99738E-05,.001
3.89895,-5.245238E-06,4.202157E-06,-.001
3.89995,-3.218674E-05,-7.411494E-06,.001
3.90095,-4.386925E-05,-1.466653E-05,.001
3.901951,-3.337875E-06,1.679745E-05,3.66667E-03
3.902952,-1.716625E-05,1.405558E-05,.001
3.903952,-1.168257E-05,9.210838E-06,6.66667E-04
3.904953,-7.391005E-06,2.878543E-05,-6.66667E-04
3.905953,-2.861035E-05,5.828246E-06,.001
3.906954,-2.6703E-05,-5.327194E-06,-6.66667E-04
3.907954,-1.001364E-05,6.902992E-06,.001
3.908955,-2.312672E-05,-2.279517E-05,-.001
3.909955,-5.722075E-06,-2.741453E-05,6.66667E-04
3.910955,1.287466E-05,1.684029E-05,-.001
3.911956,-2.074253E-05,-1.015149E-06,-.001
3.912957,4.768408E-07,-4.164904E-06,-.002
3.913957,-7.629453E-06,8.262752E-06,.001
3.914958,-1.525891E-05,-4.349306E-06,-.004
3.915958,1.096731E-05,4.410208E-05,6.66667E-04
3.916959,3.147149E-05,3.385567E-05,6.66667E-04
3.917959,3.409409E-05,1.821492E-05,.001
3.91896,4.243874E-05,2.415304E-05,-.002
3.91996,1.811993E-05,6.698101E-06,.001
3.92096,2.312672E-05,1.18204E-05,6.66667E-04
3.921961,-3.337875E-06,3.414066E-05,-.001
3.922962,-3.719353E-05,-3.499925E-06,-6.66667E-04
3.923962,-2.360356E-05,-9.249954E-06,-2.33333E-03
3.924963,-4.339241E-05,-1.739718E-06,-2.33333E-03
3.925963,-3.17099E-05,-1.712155E-05,6.66667E-04
3.926964,1.6451E-05,-4.362344E-06,-6.66667E-04
3.927964,-3.576293E-06,-2.304107E-06,-.002
3.928965,-2.622616E-05,-1.566682E-05,-.001
3.929965,-2.431881E-05,1.724817E-06,-.001
3.930965,-1.6451E-05,3.2034E-05,.001
3.931966,8.344708E-06,-1.70545E-05,.001
3.932967,2.3842E-06,-2.25381E-07,6.66667E-04
3.933967,-7.867871E-06,-3.341795E-05,-.002
3.934968,1.430517E-05,-4.799874E-05,-6.66667E-04
3.935968,3.17099E-05,-8.076488E-06,6.66667E-04
3.936969,4.19619E-05,7.202878E-06,-.004
3.937969,4.3154E-05,8.998497E-06,-2.33333E-03
3.93897,2.861035E-05,2.224941E-05,.001
3.93997,9.298383E-06,1.396431E-05,-.001
3.94097,1.907363E-06,2.852839E-05,6.66667E-04
3.941971,5.960494E-06,3.815838E-05,-3.66667E-03
3.942972,7.391005E-06,3.160187E-05,-6.66667E-04
3.943972,-4.768408E-07,3.399164E-05,-.001
3.944973,-1.168257E-05,4.94963E-05,-.001
3.945973,-2.145782E-06,2.184149E-05,-6.66667E-04
3.946974,9.77522E-06,-8.396863E-06,-2.33333E-03
3.947974,-2.3842E-06,6.360962E-06,-.002
3.948975,1.597416E-05,5.507871E-06,.001
3.949975,-5.483656E-06,-1.507445E-05,6.66667E-04
3.950975,-4.267716E-05,-1.866941E-05,6.66667E-04
3.951976,-1.931202E-05,-2.792676E-05,.001
3.952977,-1.287466E-05,-1.493288E-05,6.66667E-04
3.953977,-2.264988E-05,-1.376873E-05,.001
3.954978,8.10629E-06,-1.716439E-05,6.66667E-04
3.955978,8.583127E-06,1.282623E-05,.001
3.956979,4.935288E-05,9.0432E-06,.002
3.957979,4.410767E-05,1.961191E-05,6.66667E-04
3.95898,-1.430517E-05,-2.145782E-06,.001
3.95998,-5.722075E-06,-6.26783E-06,.001
3.96098,2.694142E-05,1.25543E-06,-.001
3.961981,2.431881E-05,-8.393137E-06,6.66667E-04
3.962982,2.527249E-05,-2.391275E-05,6.66667E-04
3.963982,1.311308E-05,2.928093E-06,-6.66667E-04
3.964983,1.931202E-05,5.20426E-06,6.66667E-04
3.965983,5.197548E-05,4.654779E-06,-.001
3.966984,3.433251E-05,1.262879E-05,6.66667E-04
3.967984,2.241146E-05,2.596542E-06,-6.66667E-04
3.968985,4.3154E-05,2.021913E-05,-3.66667E-03
3.969985,1.049048E-05,4.284852E-05,-6.66667E-04
3.970985,8.821546E-06,-4.023343E-06,-.002
3.971986,6.675749E-06,-1.884636E-05,-.001
3.972987,-1.621258E-05,-4.075497E-06,.001
3.973987,3.337875E-06,-2.969071E-06,6.66667E-04
3.974988,1.597416E-05,6.468996E-06,-.002
3.975988,-1.668942E-05,-5.774229E-06,6.66667E-04
3.976989,-2.145779E-05,-5.297392E-06,-6.66667E-04
3.977989,3.814726E-06,1.478015E-05,6.66667E-04
3.97899,-7.391005E-06,-1.87644E-05,-.001
3.97999,1.859677E-05,-3.311248E-05,-6.66667E-04
3.98099,2.169621E-05,-1.120014E-05,-6.66667E-04
3.981991,1.573574E-05,-1.838256E-05,-6.66667E-04
3.982992,4.458451E-05,5.578651E-06,-6.66667E-04
3.983992,2.336514E-05,1.076615E-05,-.001
3.984993,1.287466E-05,-1.830987E-06,-.002
3.985993,3.695511E-05,2.782431E-05,-6.66667E-04
3.986994,-2.861038E-06,1.172727E-05,-.002
3.987994,7.391005E-06,-4.19619E-05,-6.66667E-04
3.988995,-1.811993E-05,-4.641735E-05,6.66667E-04
3.989995,-3.55246E-05,-2.008688E-05,.001
3.990995,-2.02657E-05,5.319744E-06,-6.66667E-04
3.991996,-1.573574E-05,3.28871E-05,-6.66667E-04
3.992997,8.583127E-06,-6.154209E-06,-6.66667E-04
3.993997,1.597416E-05,-5.617767E-06,-6.66667E-04
3.994998,3.099456E-06,2.014462E-05,.001
3.995998,-8.583127E-06,2.318819E-05,6.66667E-04
3.996999,-2.145782E-06,4.052208E-05,-.002
3.997999,-7.391005E-06,2.553326E-05,-6.66667E-04
3.999,-6.198912E-06,-2.450508E-05,-.002
4,1.978886E-05,-2.438587E-05,-.001
