"c:\users\esrlabn1\desktop\bence\ir_spectroscopy\1000nm_odmr\magnet_map_7_1310nm\028.dat  ---  04-23-2026 17:32:54"
""
"cavityli 20 2 4 2000 1 0 0"
"                             ;                             ;seth_xesr_precise 201.77 1 0 -1.3976377952755905"
"setlockin 188.67 0.004 0 0.03 0.005"
4,2000
2,1.430517E-05,1.665961E-05,-6.66667E-04
2.001,3.814726E-06,1.364766E-05,-.001
2.002001,1.406675E-05,2.975401E-05,6.66667E-04
2.003001,7.629453E-06,3.486522E-05,-.002
2.004002,4.529982E-06,2.319377E-05,-.002
2.005002,-2.384197E-05,2.587598E-05,-.002
2.006003,-2.384197E-05,1.60468E-05,.001
2.007004,-4.768401E-06,-1.198804E-05,-.002
2.008004,-1.6451E-05,-1.853339E-06,.001
2.009005,-1.049048E-05,-7.90885E-06,-6.66667E-04
2.010005,2.598774E-05,8.454605E-06,-6.66667E-04
2.011005,1.597416E-05,1.791131E-05,-6.66667E-04
2.012006,1.907363E-06,3.496767E-05,-.001
2.013006,0,3.910274E-05,-.001
2.014007,-1.6451E-05,2.862338E-05,-6.66667E-04
2.015007,-2.694142E-05,6.852701E-06,-.001
2.016008,-2.002728E-05,-2.969068E-05,-.002
2.017009,-1.001364E-05,-1.920399E-05,.001
2.018009,-2.956402E-05,-1.958583E-05,.001
2.01901,-2.694142E-05,-1.348747E-05,.001
2.02001,-4.386925E-05,-2.185453E-05,-.001
2.02101,-2.884876E-05,-2.459262E-05,-.001
2.022011,-4.053139E-05,-2.635468E-05,-6.66667E-04
2.023011,-2.622616E-05,-3.283867E-05,-.001
2.024012,-1.6451E-05,-1.768966E-05,-6.66667E-04
2.025012,-3.218674E-05,-4.055188E-05,6.66667E-04
2.026013,-2.384197E-05,-4.872889E-05,6.66667E-04
2.027014,-2.837193E-05,-1.949829E-05,6.66667E-04
2.028014,3.576293E-06,-2.097909E-05,-6.66667E-04
2.029015,4.768401E-06,8.897914E-06,-6.66667E-04
2.030015,2.622619E-06,2.283615E-05,6.66667E-04
2.031015,1.049048E-05,4.357123E-05,-6.66667E-04
2.032016,2.241146E-05,3.097416E-05,-3.66667E-03
2.033016,1.144415E-05,1.360854E-05,6.66667E-04
2.034017,-1.239782E-05,2.443805E-06,.001
2.035017,1.025206E-05,1.429772E-05,6.66667E-04
2.036018,2.312672E-05,1.139945E-05,-.002
2.037019,8.10629E-06,1.287095E-06,6.66667E-04
2.038019,-1.263624E-05,5.85246E-06,-6.66667E-04
2.03902,-2.598774E-05,1.118897E-05,6.66667E-04
2.04002,-1.502043E-05,-1.991552E-05,-.001
2.04102,-1.001364E-05,-1.767848E-05,-3.66667E-03
2.042021,-1.358992E-05,5.351409E-06,-6.66667E-04
2.043021,5.960494E-06,1.081271E-05,.001
2.044022,-1.454359E-05,2.979126E-05,.001
2.045022,-3.671669E-05,1.675647E-05,6.66667E-04
2.046023,-1.740467E-05,7.195427E-06,.001
2.047024,2.694142E-05,1.172168E-05,.002
2.048024,6.103562E-05,9.812473E-06,-6.66667E-04
2.049025,5.054497E-05,2.829928E-05,6.66667E-04
2.050025,3.886246E-05,1.803611E-05,.002
2.051026,1.883518E-05,2.873887E-05,-.002
2.052026,7.629453E-06,2.794538E-05,6.66667E-04
2.053026,1.263624E-05,2.671604E-05,-6.66667E-04
2.054027,1.597416E-05,1.977209E-05,-.002
2.055027,1.215941E-05,6.537914E-06,-6.66667E-04
2.056028,1.668937E-06,1.228607E-05,-6.66667E-04
2.057029,1.716625E-05,1.502788E-05,-6.66667E-04
2.058029,1.382834E-05,7.10602E-06,.001
2.05903,9.77522E-06,2.256606E-05,.001
2.06003,1.001364E-05,4.617707E-05,-2.33333E-03
2.061031,1.382834E-05,2.991979E-05,-6.66667E-04
2.062031,-1.668942E-05,4.45174E-07,.001
2.063031,-4.720711E-05,-1.071772E-05,-.002
2.064032,-2.074253E-05,-1.981866E-05,-6.66667E-04
2.065032,-1.049048E-05,-1.428282E-05,.001
2.066033,-2.3842E-06,2.812609E-06,6.66667E-04
2.067034,-2.55109E-05,-4.151865E-06,-6.66667E-04
2.068034,-2.980244E-05,-1.711969E-05,-.001
2.069035,-5.006819E-06,-2.752442E-05,.001
2.070035,3.337875E-06,-2.397236E-05,.001
2.071036,-1.6451E-05,-5.953043E-06,-2.33333E-03
2.072036,1.430519E-06,-2.087851E-05,-.001
2.073036,1.263624E-05,-1.468515E-05,-.002
2.074037,3.266358E-05,-3.725313E-08,-.001
2.075037,5.006813E-05,-1.132496E-06,-.002
2.076038,4.482293E-05,1.048116E-05,6.66667E-04
2.077039,2.908718E-05,1.847383E-05,.002
2.078039,4.792237E-05,1.337571E-05,6.66667E-04
2.07904,2.765667E-05,1.817767E-05,6.66667E-04
2.08004,2.455723E-05,1.215009E-05,-.001
2.081041,2.193463E-05,1.278153E-05,.001
2.082041,5.006819E-06,2.550532E-05,-.001
2.083041,-4.529982E-06,2.406549E-05,-2.33333E-03
2.084042,0,1.752574E-05,-.001
2.085042,1.811993E-05,-1.117779E-05,-.001
2.086043,1.978886E-05,-2.618332E-05,-6.66667E-04
2.087044,2.408039E-05,-1.683284E-05,.001
2.088044,1.311308E-05,-2.109271E-05,-.002
2.089045,-1.001364E-05,-1.581025E-05,-6.66667E-04
2.090045,-3.2902E-05,-2.070528E-05,-.001
2.091046,-3.433251E-05,-3.542766E-06,-6.66667E-04
2.092046,-1.382834E-05,2.460938E-05,-.002
2.093046,-1.955044E-05,-1.385814E-05,6.66667E-04
2.094047,-1.072889E-05,-4.080706E-05,-6.66667E-04
2.095047,0,-4.564994E-05,-.002
2.096048,-1.668937E-06,-5.461113E-05,6.66667E-04
2.097049,-7.867871E-06,2.514589E-07,-6.66667E-04
2.098049,9.536816E-07,1.891714E-05,-.001
2.09905,2.145782E-06,1.234008E-05,-3.66667E-03
2.10005,8.821546E-06,-3.017503E-07,-.002
2.101051,6.675749E-06,-1.600396E-05,-.002
2.102051,3.337875E-06,-1.996208E-05,.001
2.103051,-6.675749E-06,-2.009061E-05,.002
2.104052,-1.096731E-05,-5.938142E-06,.001
2.105052,-1.025206E-05,1.347443E-05,-6.66667E-04
2.106053,-1.90736E-05,2.041657E-05,-.001
2.107054,-2.193463E-05,1.284486E-05,6.66667E-04
2.108054,-2.479565E-05,5.036622E-06,6.66667E-04
2.109055,-4.625344E-05,-2.998873E-06,-.001
2.110055,-3.218674E-05,-1.231028E-05,.001
2.111056,-2.55109E-05,-2.01558E-05,-3.66667E-03
2.112056,-9.536801E-06,-4.865258E-06,-6.66667E-04
2.113056,-7.152586E-06,1.436478E-05,-6.66667E-04
2.114057,8.344708E-06,-1.521787E-05,-6.66667E-04
2.115057,2.193463E-05,-2.633792E-05,-6.66667E-04
2.116058,9.298383E-06,-3.041714E-06,.002
2.117059,-2.55109E-05,-8.046685E-06,-6.66667E-04
2.118059,-3.004086E-05,-7.97963E-06,-.002
2.11906,-1.1921E-06,6.854563E-06,-.001
2.12006,2.02657E-05,1.185579E-05,-.001
2.121061,7.629453E-06,1.594622E-05,-.001
2.122061,-8.344708E-06,4.453614E-06,.001
2.123062,-5.483656E-06,-2.391275E-05,-6.66667E-04
2.124062,3.218674E-05,-1.190795E-05,6.66667E-04
2.125062,8.344708E-06,-1.960073E-05,-2.33333E-03
2.126063,2.28883E-05,-2.782058E-05,-.001
2.127064,1.668942E-05,-1.27629E-05,.002
2.128064,2.861038E-06,6.157934E-06,-6.66667E-04
2.129065,-2.622619E-06,1.416175E-05,-6.66667E-04
2.130065,-2.3842E-06,2.216562E-06,-.001
2.131066,-9.536801E-06,-1.84254E-05,.001
2.132066,-8.344708E-06,-6.945833E-06,-.002
2.133067,-1.215941E-05,-1.084065E-05,-6.66667E-04
2.134067,-1.859677E-05,-2.399844E-05,2.33333E-03
2.135067,-1.90736E-05,-3.712648E-05,-6.66667E-04
2.136068,-2.455723E-05,-1.316523E-05,-.002
2.137069,-2.55109E-05,5.729526E-06,-.001
2.138069,-1.168257E-05,1.354708E-05,-.002
2.13907,-4.053145E-06,4.861533E-06,-6.66667E-04
2.14007,-1.859677E-05,2.838497E-05,-6.66667E-04
2.141071,-1.239782E-05,1.973112E-05,-6.66667E-04
2.142071,9.536801E-06,1.968083E-05,.002
2.143072,1.025206E-05,3.862218E-05,6.66667E-04
2.144072,2.527249E-05,5.267025E-05,-6.66667E-04
2.145072,1.597416E-05,5.131983E-05,-.001
2.146073,5.006819E-06,4.235492E-05,-.001
2.147074,6.437331E-06,5.863636E-06,-.002
2.148074,1.120573E-05,-2.354398E-06,.001
2.149075,3.099456E-06,-1.14814E-05,-.002
2.150075,-4.053145E-06,-1.718674E-05,.001
2.151076,-8.344708E-06,-2.88618E-05,.001
2.152076,-6.437331E-06,-3.413507E-05,.001
2.153077,-1.1921E-06,-1.490308E-05,.001
2.154077,-2.789509E-05,1.167886E-06,6.66667E-04
2.155077,-2.717983E-05,7.772876E-06,6.66667E-04
2.156078,-2.622616E-05,1.486955E-05,6.66667E-04
2.157079,-2.28883E-05,-1.905125E-05,-.001
2.158079,-4.768408E-07,-2.207991E-05,-3.66667E-03
2.15908,5.197548E-05,1.536508E-05,6.66667E-04
2.16008,2.527249E-05,4.469999E-05,-.002
2.161081,1.502043E-05,2.78597E-05,-.001
2.162081,2.431881E-05,5.213573E-06,.001
2.163082,1.597416E-05,2.133858E-05,-.001
2.164082,3.814726E-06,1.171051E-05,-.002
2.165082,2.861038E-06,1.301809E-05,.001
2.166083,-2.360356E-05,1.664471E-05,.001
2.167084,-1.955044E-05,2.068293E-05,.001
2.168084,-2.145779E-05,2.283615E-05,-.002
2.169085,-7.629453E-06,8.706062E-06,.001
2.170085,1.382834E-05,7.776602E-06,-.002
2.171086,1.716625E-05,3.892947E-07,-.001
2.172086,4.816079E-05,1.510239E-05,-.001
2.173087,2.93256E-05,8.903502E-06,-2.33333E-03
2.174087,1.001364E-05,-1.087791E-05,6.66667E-04
2.175087,-1.621258E-05,-8.974283E-06,-6.66667E-04
2.176088,-3.433251E-05,2.139818E-05,.001
2.177088,-4.57766E-05,3.902271E-06,-.001
2.178089,-2.098095E-05,-2.574932E-05,6.66667E-04
2.17909,-1.072889E-05,-2.232764E-05,-.002
2.18009,-2.002728E-05,-2.875563E-05,-.002
2.181091,-2.455723E-05,2.149507E-06,.001
2.182091,-2.813351E-05,-7.482275E-06,-5.33333E-03
2.183092,-4.863762E-05,-9.691401E-06,-.001
2.184092,-2.574932E-05,1.93716E-07,-.001
2.185092,9.536816E-07,-1.007883E-05,6.66667E-04
2.186093,2.121937E-05,-6.286456E-06,-6.66667E-04
2.187093,1.502043E-05,1.51415E-05,-3.66667E-03
2.188094,7.867871E-06,-3.833353E-06,-.001
2.189095,-4.291564E-06,-9.236916E-06,-6.66667E-04
2.190095,6.675749E-06,8.8737E-06,-6.66667E-04
2.191096,3.147149E-05,5.215443E-07,-6.66667E-04
2.192096,3.361725E-05,2.376561E-05,-.001
2.193097,-1.668937E-06,1.406862E-05,.001
2.194097,-8.821546E-06,3.56698E-06,-.001
2.195097,-4.076981E-05,7.096714E-07,-6.66667E-04
2.196098,-1.740467E-05,-4.202157E-06,.001
2.197098,1.978886E-05,8.735864E-06,.001
2.198099,-1.096731E-05,6.379589E-06,2.33333E-03
2.1991,-1.955044E-05,-2.039236E-05,-6.66667E-04
2.2001,-2.28883E-05,-8.396863E-06,-.001
2.201101,-3.123307E-05,-5.587965E-06,6.66667E-04
2.202101,-3.027928E-05,-1.885004E-06,-.001
2.203102,-4.768395E-05,8.028059E-06,-6.66667E-04
2.204102,-3.337883E-05,-2.878357E-05,-.002
2.205102,0,-3.856258E-05,-6.66667E-04
2.206103,-9.536816E-07,-3.330247E-05,6.66667E-04
2.207103,-2.3842E-06,-1.171796E-05,2.33333E-03
2.208104,-1.406675E-05,-1.008069E-05,.001
2.209105,-3.55246E-05,-5.010552E-07,-2.33333E-03
2.210105,-8.10629E-06,1.601882E-06,-6.66667E-04
2.211106,3.051781E-05,3.720098E-05,-6.66667E-04
2.212106,1.668942E-05,2.746668E-05,-.001
2.213107,-1.1921E-06,2.801433E-06,-.001
2.214107,-5.722075E-06,6.681337E-06,.001
2.215107,-1.1921E-06,-2.196073E-06,6.66667E-04
2.216108,-7.152594E-07,-3.395617E-06,-.001
2.217108,6.437331E-06,8.06529E-07,-.002
2.218109,4.053145E-06,3.157393E-05,6.66667E-04
2.21911,-2.455723E-05,2.104987E-05,.001
2.22011,-6.890344E-05,-5.830108E-06,-6.66667E-04
2.221111,-5.006813E-05,-5.168869E-06,6.66667E-04
2.222111,-2.717983E-05,2.704759E-05,-6.66667E-04
2.223112,-1.573574E-05,3.379793E-05,-6.66667E-04
2.224112,-1.192099E-05,1.009932E-05,-.001
2.225112,4.768408E-07,8.776842E-06,-.001
2.226113,-1.311308E-05,2.924178E-05,-.002
2.227113,-1.597416E-05,1.95672E-05,-.001
2.228114,-4.696869E-05,2.587226E-05,-6.66667E-04
2.229115,-2.55109E-05,1.91388E-05,-2.33333E-03
2.230115,-1.072889E-05,1.757604E-05,6.66667E-04
2.231116,1.096731E-05,1.462741E-05,.001
2.232116,1.668937E-06,3.005948E-05,-.001
2.233117,-1.6451E-05,2.551277E-05,-.001
2.234117,-2.837193E-05,3.256672E-05,6.66667E-04
2.235118,-1.6451E-05,3.740774E-05,-.001
2.236118,-1.33515E-05,3.114925E-05,-3.66667E-03
2.237118,-5.722075E-06,3.002599E-06,-.001
2.238119,1.263624E-05,-8.693023E-06,-.002
2.23912,-7.152594E-07,4.606351E-06,-6.66667E-04
2.24012,-9.536801E-06,2.40599E-05,-6.66667E-04
2.241121,-1.668942E-05,1.269957E-05,-3.66667E-03
2.242121,-7.391005E-06,-8.530973E-06,-.002
2.243122,7.152586E-06,1.428096E-05,-6.66667E-04
2.244122,-1.668937E-06,1.858E-05,-.002
2.245123,1.883518E-05,-4.798203E-06,-.001
2.246123,2.765667E-05,-1.415057E-05,-.002
2.247123,-1.716625E-05,-2.469507E-05,-.002
2.248124,-3.2902E-05,-4.719966E-05,-.001
2.249125,-3.504776E-05,-2.614234E-05,-.002
2.250125,-1.525891E-05,-1.293427E-05,-.001
2.251126,-4.053145E-06,-1.117592E-07,-.002
2.252126,-4.053145E-06,1.586981E-06,6.66667E-04
2.253127,-3.337875E-06,-3.531226E-05,-6.66667E-04
2.254127,3.099456E-06,-3.720471E-05,-.002
2.255128,1.597416E-05,-7.491588E-06,.001
2.256128,2.6703E-05,2.058237E-06,-.002
2.257128,9.298383E-06,2.671231E-05,-6.66667E-04
2.258129,7.867871E-06,4.131556E-05,-6.66667E-04
2.25913,9.298383E-06,1.478387E-05,-5.33333E-03
2.26013,5.960494E-06,1.494779E-05,-.001
2.261131,-5.006819E-06,2.025266E-05,-.001
2.262131,-3.004086E-05,2.359611E-05,-2.33333E-03
2.263132,-5.173706E-05,1.63541E-06,-6.66667E-04
2.264132,-2.837193E-05,-3.267662E-05,-6.66667E-04
2.265133,-3.051781E-05,-1.06935E-05,-6.66667E-04
2.266133,-2.002728E-05,2.063825E-06,.001
2.267133,-2.980244E-05,-6.586342E-06,6.66667E-04
2.268134,-3.314042E-05,1.592014E-05,-.002
2.269135,-2.765667E-05,-1.252076E-05,.001
2.270135,1.6451E-05,-2.009247E-05,-6.66667E-04
2.271136,2.908718E-05,-9.786396E-06,-.002
2.272136,7.152586E-06,7.903262E-06,-.001
2.273137,9.298383E-06,1.315965E-05,-.001
2.274137,9.77522E-06,6.500661E-06,-.001
2.275138,-1.287466E-05,-6.292044E-06,-6.66667E-04
2.276138,-1.406675E-05,-1.442997E-05,-.001
2.277139,8.10629E-06,-5.444541E-06,-.002
2.278139,2.193463E-05,-2.968509E-05,-.002
2.27914,2.312672E-05,-1.342042E-05,-3.66667E-03
2.28014,3.051781E-05,-3.772066E-05,-6.66667E-04
2.281141,2.098095E-05,-4.626089E-05,-6.66667E-04
2.282141,-5.245238E-06,-1.673785E-05,-2.33333E-03
2.283142,2.145779E-05,-2.888602E-05,-6.66667E-04
2.284142,-4.768408E-07,-1.579907E-05,-.001
2.285143,-3.123307E-05,-2.41549E-05,-6.66667E-04
2.286143,4.768401E-06,-8.424802E-06,-.002
2.287144,-1.430519E-06,1.893577E-05,.001
2.288144,1.90736E-05,9.279756E-06,-.002
2.289145,3.695511E-05,2.319564E-05,.001
2.290145,6.914168E-06,2.987136E-05,-.001
2.291146,1.859677E-05,-1.396991E-06,6.66667E-04
2.292146,1.978886E-05,-7.279246E-06,-.001
2.293147,-9.536816E-07,-2.572511E-05,.001
2.294147,1.668937E-06,-3.08828E-06,-2.33333E-03
2.295148,2.169621E-05,1.652923E-05,6.66667E-04
2.296148,1.764309E-05,5.576789E-06,-.001
2.297149,1.096731E-05,-3.770203E-05,.002
2.298149,7.629453E-06,-2.88171E-05,-6.66667E-04
2.29915,-9.059964E-06,-4.575984E-05,-.002
2.30015,-7.391005E-06,-3.371784E-05,-6.66667E-04
2.301151,-3.17099E-05,-2.244313E-05,.001
2.302151,-3.457093E-05,-1.28579E-05,-.002
2.303152,-1.502043E-05,-6.079703E-06,-.002
2.304152,8.821546E-06,1.674157E-05,-.001
2.305153,1.001364E-05,2.486084E-05,-6.66667E-04
2.306153,-2.145779E-05,4.025386E-05,6.66667E-04
2.307154,-2.598774E-05,1.209235E-05,-.002
2.308154,5.960494E-06,-1.806777E-05,.001
2.309155,7.867871E-06,-2.533582E-05,-.001
2.310155,7.867871E-06,-2.717611E-05,-6.66667E-04
2.311156,-6.437331E-06,-1.69874E-06,-.002
2.312156,-1.144415E-05,1.513964E-05,-6.66667E-04
2.313157,1.716625E-05,-4.611938E-06,-6.66667E-04
2.314157,2.813351E-05,9.734242E-06,.002
2.315158,1.1921E-06,-1.328073E-06,-.002
2.316158,-9.298383E-06,-2.390717E-05,-3.66667E-03
2.317159,-7.629453E-06,-2.879847E-05,.001
2.318159,-1.811993E-05,-1.212215E-05,-6.66667E-04
2.31916,-8.10629E-06,-1.966592E-05,-6.66667E-04
2.32016,-2.884876E-05,1.068978E-05,2.33333E-03
2.321161,-3.051781E-05,2.494652E-05,-.001
2.322161,-1.406675E-05,4.030974E-05,-.002
2.323162,-2.169621E-05,1.610082E-05,-.002
2.324162,3.814726E-06,7.515802E-06,.001
2.325163,2.55109E-05,2.233326E-06,-.001
2.326163,2.980244E-05,1.314288E-05,-2.33333E-03
2.327164,2.646458E-05,2.903875E-05,2.33333E-03
2.328164,-2.455723E-05,1.998444E-05,-6.66667E-04
2.329165,-1.430517E-05,5.871087E-06,-.001
2.330165,1.549732E-05,3.138767E-05,-6.66667E-04
2.331166,2.28883E-05,2.658379E-05,6.66667E-04
2.332166,1.6451E-05,1.410587E-05,6.66667E-04
2.333167,-2.789509E-05,1.565006E-05,-.001
2.334167,-2.837193E-05,-1.749594E-05,-6.66667E-04
2.335168,4.768401E-06,-5.461113E-05,-.002
2.336168,1.287466E-05,-5.461113E-05,-6.66667E-04
2.337169,1.144415E-05,-4.507625E-05,-.002
2.338169,1.907363E-06,-1.065998E-05,-.002
2.33917,1.215941E-05,9.398966E-06,-.001
2.34017,4.57766E-05,-6.346061E-06,-.001
2.341171,2.431881E-05,-1.268467E-05,6.66667E-04
2.342171,2.002728E-05,-5.731388E-06,-6.66667E-04
2.343172,3.099465E-05,1.922264E-06,-6.66667E-04
2.344172,8.249329E-05,9.853466E-07,6.66667E-04
2.345173,1.06812E-04,-2.072018E-05,-.002
2.346173,1.34469E-04,-2.055068E-05,-6.66667E-04
2.347174,1.688013E-04,-2.200354E-05,-.001
2.348174,2.448577E-04,-2.930511E-05,-.001
2.349174,3.094692E-04,-3.364147E-05,-3.66667E-03
2.350175,3.526229E-04,-1.392333E-05,-.001
2.351176,3.767032E-04,-3.619888E-05,-.001
2.352176,3.781337E-04,-5.461113E-05,-.001
2.353177,3.254432E-04,-5.461113E-05,-.001
2.354177,2.877731E-04,-5.461113E-05,-.002
2.355178,2.684612E-04,-4.167319E-05,6.66667E-04
2.356178,2.441425E-04,-2.771255E-05,-.002
2.357179,2.152929E-04,-2.974097E-05,-6.66667E-04
2.358179,1.378069E-04,-2.41549E-05,-.002
2.359179,9.250687E-05,-2.998125E-05,6.66667E-04
2.36018,6.19893E-05,-5.461113E-05,.001
2.361181,3.528618E-05,-5.461113E-05,.001
2.362181,3.027928E-05,-5.461113E-05,-.002
2.363182,4.625344E-05,-3.4692E-05,-.001
2.364182,2.193463E-05,-3.159061E-06,-6.66667E-04
2.365183,-7.152594E-07,-1.810498E-06,-.001
2.366183,3.337875E-06,2.481614E-05,-.002
2.367184,-9.77522E-06,2.508808E-05,6.66667E-04
2.368184,-1.478201E-05,1.280202E-05,-.002
2.369184,-2.121937E-05,1.618278E-05,.001
2.370185,-3.004086E-05,1.667824E-05,-6.66667E-04
2.371186,-4.220032E-05,-3.300622E-06,-6.66667E-04
2.372186,-5.102181E-05,3.255918E-06,2.33333E-03
2.373187,-3.433251E-05,-1.175894E-05,-.002
2.374187,-3.862404E-05,-1.148699E-05,6.66667E-04
2.375188,-1.931202E-05,1.03005E-06,.001
2.376188,0,1.591083E-05,-6.66667E-04
2.377189,4.768408E-07,1.453242E-05,-.001
2.378189,4.529982E-06,-9.687676E-06,.001
2.379189,-5.006819E-06,7.821305E-06,.001
2.38019,1.120573E-05,1.131749E-05,6.66667E-04
2.381191,2.02657E-05,9.13447E-06,-6.66667E-04
2.382191,3.218674E-05,1.787592E-05,-6.66667E-04
2.383192,2.074253E-05,-1.960259E-05,-6.66667E-04
2.384192,1.478201E-05,-4.969002E-05,-2.33333E-03
2.385193,1.6451E-05,-2.405804E-05,-.002
2.386193,2.002728E-05,-1.781632E-05,-.001
2.387194,1.120573E-05,-1.239037E-05,-3.66667E-03
2.388194,-8.821546E-06,-1.054263E-05,.001
2.389194,8.583127E-06,-2.677192E-05,-.002
2.390195,1.525891E-05,-1.935114E-05,-6.66667E-04
2.391196,-8.821546E-06,-8.04296E-06,-.002
2.392196,1.430519E-06,1.445605E-05,-.001
2.393197,-3.099456E-06,2.179865E-05,-.001
2.394197,7.152586E-06,3.250525E-05,-.002
2.395198,3.337875E-06,2.61442E-05,-6.66667E-04
2.396198,1.740467E-05,2.392766E-05,6.66667E-04
2.397199,1.33515E-05,9.594543E-06,-.001
2.398199,2.598774E-05,-2.104614E-05,-6.66667E-04
2.399199,1.525891E-05,8.00942E-08,-.002
2.4002,1.502043E-05,8.918403E-06,-6.66667E-04
2.401201,9.536801E-06,2.57307E-05,-.004
2.402201,1.573574E-05,3.852346E-05,-6.66667E-04
2.403202,2.098095E-05,3.300072E-05,-.002
2.404202,2.861035E-05,2.385501E-05,-6.66667E-04
2.405203,2.574932E-05,-1.046814E-06,-6.66667E-04
2.406203,1.311308E-05,-1.676765E-05,-.001
2.407204,-2.622616E-05,4.481553E-06,-6.66667E-04
2.408204,-1.883518E-05,1.449145E-06,-6.66667E-04
2.409204,-1.311308E-05,-7.856695E-06,-6.66667E-04
2.410205,-1.192099E-05,-2.504338E-05,6.66667E-04
2.411206,1.668937E-06,1.061712E-07,-6.66667E-04
2.412206,7.629453E-06,2.495959E-06,6.66667E-04
2.413207,3.480935E-05,-1.271634E-05,2.33333E-03
2.414207,2.980244E-05,-1.851853E-05,6.66667E-04
2.415208,2.336514E-05,-6.692513E-06,.001
2.416208,3.814721E-05,7.279246E-06,-6.66667E-04
2.417209,3.314042E-05,8.130504E-06,-.001
2.418209,1.740467E-05,1.135288E-05,.001
2.41921,1.430517E-05,5.064561E-06,.001
2.42021,-4.529982E-06,-9.201503E-07,.001
2.421211,9.536816E-07,-4.386558E-06,-6.66667E-04
2.422211,2.098095E-05,-1.596857E-05,6.66667E-04
2.423212,2.55109E-05,-2.555933E-05,-.001
2.424212,2.479565E-05,-2.870162E-05,-6.66667E-04
2.425213,3.671669E-05,-7.316499E-06,-6.66667E-04
2.426213,2.884876E-05,-3.309944E-05,-6.66667E-04
2.427214,3.862404E-05,-4.513771E-05,-6.66667E-04
2.428214,1.215941E-05,-2.958823E-05,-6.66667E-04
2.429215,-8.10629E-06,3.140434E-06,-6.66667E-04
2.430215,-1.096731E-05,3.247359E-05,.001
2.431216,-9.536816E-07,2.004963E-05,-.001
2.432216,7.152594E-07,-8.866227E-07,.001
2.433217,-1.239782E-05,8.493698E-07,6.66667E-04
2.434217,-4.053145E-06,1.795043E-05,-.002
2.435218,-1.215941E-05,2.962549E-05,-.002
2.436218,-5.483656E-06,1.685892E-05,-6.66667E-04
2.437219,1.597416E-05,7.431991E-07,.001
2.438219,2.980244E-05,-1.241459E-05,-.002
2.43922,2.145782E-06,1.024833E-05,-6.66667E-04
2.44022,1.668937E-06,-5.226611E-06,.002
2.441221,2.3842E-06,-5.923241E-06,-.001
2.442221,-7.152594E-07,-6.286456E-06,3.66667E-03
2.443222,-5.245238E-06,-3.431574E-05,-.001
2.444222,-6.914168E-06,-3.5126E-05,6.66667E-04
2.445223,2.861038E-06,-2.950628E-05,-6.66667E-04
2.446223,2.503407E-05,-1.413008E-05,-.002
2.447224,1.764309E-05,-1.663349E-06,.001
2.448224,1.430519E-06,-7.299735E-06,.001
2.449225,-1.072889E-05,-2.469882E-06,.001
2.450225,-2.622619E-06,5.751877E-06,-.002
2.451226,-1.6451E-05,2.479937E-05,.002
2.452226,-1.835835E-05,3.700354E-05,6.66667E-04
2.453227,-2.121937E-05,2.930511E-05,-.002
2.454227,-1.120573E-05,-3.268957E-06,-.002
2.455228,9.536816E-07,1.376501E-05,6.66667E-04
2.456228,-3.337875E-06,1.179805E-05,6.66667E-04
2.457229,1.382834E-05,3.416106E-06,-.001
2.458229,-1.621258E-05,7.484137E-06,-6.66667E-04
2.45923,-1.955044E-05,-2.351042E-05,6.66667E-04
2.46023,-6.198912E-06,-3.703148E-05,-2.33333E-03
2.461231,-3.337875E-06,-1.369609E-05,-6.66667E-04
2.462231,-3.337875E-06,-1.228793E-05,.001
2.463232,5.960494E-06,4.047557E-06,-.002
2.464232,4.291564E-06,1.019804E-05,-.001
2.465233,1.6451E-05,-6.11323E-06,-6.66667E-04
2.466233,1.144415E-05,2.682224E-06,-.001
2.467234,2.241146E-05,-1.626473E-05,.001
2.468234,2.384197E-05,-2.61591E-05,6.66667E-04
2.469235,6.198912E-06,-1.371285E-05,-6.66667E-04
2.470235,8.821546E-06,7.482275E-06,6.66667E-04
2.471236,2.861038E-06,8.290692E-06,-6.66667E-04
2.472236,-1.263624E-05,8.245988E-06,-6.66667E-04
2.473237,-2.121937E-05,5.396112E-06,.001
2.474237,-1.287466E-05,-1.428655E-05,-6.66667E-04
2.475238,-2.050411E-05,-2.546248E-05,.002
2.476238,-2.861038E-06,-4.230096E-06,-.001
2.477239,2.28883E-05,1.03694E-05,2.33333E-03
2.478239,3.266358E-05,-1.743443E-06,-.001
2.47924,3.623986E-05,-5.273178E-06,-6.66667E-04
2.48024,-1.382834E-05,-1.491986E-06,-.002
2.481241,-1.33515E-05,-1.660374E-05,-6.66667E-04
2.482241,-7.867871E-06,-9.417592E-06,.002
2.483242,-4.291564E-06,-2.166271E-06,-2.33333E-03
2.484242,2.861038E-06,9.555428E-06,-.002
2.485243,-7.152586E-06,2.876867E-05,6.66667E-04
2.486243,4.768401E-06,2.073139E-06,-.001
2.487244,4.768395E-05,-3.913447E-06,.001
2.488244,3.314042E-05,1.247981E-07,-.002
2.489245,1.668937E-06,-6.658986E-06,-.001
2.490245,2.3842E-06,-1.513405E-05,-6.66667E-04
2.491246,4.768401E-06,1.205139E-06,-6.66667E-04
2.492246,1.144415E-05,-1.533341E-05,.001
2.493247,-9.77522E-06,4.278525E-06,-.001
2.494247,-2.956402E-05,-3.185141E-07,.001
2.495248,-1.502043E-05,4.226371E-06,-.002
2.496248,-1.406675E-05,-1.003413E-05,-.001
2.497249,-3.385567E-05,-1.909595E-05,-6.66667E-04
2.498249,-4.601502E-05,-2.983972E-06,6.66667E-04
2.49925,-5.388283E-05,1.144788E-05,-2.33333E-03
2.50025,-5.102181E-05,4.261761E-06,6.66667E-04
2.501251,-4.291558E-05,-1.391215E-05,-.002
2.502251,-3.600144E-05,-1.969945E-05,-.001
2.503252,-1.120573E-05,-2.782058E-05,.002
2.504252,1.907363E-06,-3.247545E-05,.001
2.505253,-7.152594E-07,-3.165402E-05,-.001
2.506253,1.6451E-05,-1.14665E-05,6.66667E-04
2.507254,1.049048E-05,1.377991E-05,.001
2.508254,8.583127E-06,-3.241017E-06,-6.66667E-04
2.509255,6.198912E-06,-9.121432E-06,6.66667E-04
2.510255,-2.55109E-05,-4.116655E-05,-.002
2.511256,-1.788151E-05,-4.206621E-05,-6.66667E-04
2.512256,-1.835835E-05,-8.253439E-06,-.001
2.513257,-2.503407E-05,1.458271E-05,.001
2.514257,-1.668937E-06,4.712143E-05,-.001
2.515258,-4.291564E-06,3.161677E-05,6.66667E-04
2.516258,1.072889E-05,1.577672E-05,-.001
2.517259,-2.241146E-05,9.844138E-06,-.001
2.518259,-4.673027E-05,-2.101448E-05,-6.66667E-04
2.51926,-2.121937E-05,-1.692784E-05,-.001
2.52026,-2.121937E-05,1.138082E-05,6.66667E-04
2.521261,1.430519E-06,4.399597E-06,-6.66667E-04
2.522261,-2.3842E-06,6.960734E-06,-3.66667E-03
2.523262,1.049048E-05,3.089779E-05,-.002
2.524262,-2.861038E-06,1.371099E-05,-6.66667E-04
2.525263,-4.768408E-07,1.478387E-05,-.001
2.526263,-1.144415E-05,2.251205E-05,6.66667E-04
2.527264,4.768408E-07,1.351541E-05,6.66667E-04
2.528264,-2.598774E-05,1.008256E-05,.001
2.529265,-3.218674E-05,-5.584239E-06,-6.66667E-04
2.530265,-1.811993E-05,-1.131935E-05,-6.66667E-04
2.531266,-4.768401E-06,9.946598E-07,.001
2.532266,-7.391005E-06,-7.223367E-06,.001
2.533267,-2.622616E-05,-1.017941E-05,-2.33333E-03
2.534267,-3.886246E-05,-2.851349E-05,-.002
2.535268,-1.311308E-05,-2.748717E-05,-.002
2.536268,1.692784E-05,-3.646151E-05,-.002
2.537269,9.77522E-06,-4.209974E-05,6.66667E-04
2.538269,-1.049048E-05,-5.163834E-05,.001
2.53927,-3.337883E-05,-4.99303E-05,-6.66667E-04
2.54027,-8.583127E-06,-3.33006E-05,-6.66667E-04
2.541271,1.311308E-05,-1.759094E-05,-.001
2.542271,2.574932E-05,-1.556252E-05,-.001
2.543272,1.478201E-05,-3.746175E-05,6.66667E-04
2.544272,-5.960494E-06,-1.133612E-05,-6.66667E-04
2.545273,-1.478201E-05,1.378365E-06,.002
2.546273,-1.358992E-05,1.64286E-06,6.66667E-04
2.547274,-2.02657E-05,1.614921E-06,-.001
2.548274,-2.121937E-05,-1.433684E-05,6.66667E-04
2.549275,-7.629453E-06,-4.690164E-05,-.002
2.550275,7.152586E-06,-5.461113E-05,-.001
2.551276,1.215941E-05,-5.461113E-05,-.002
2.552276,3.099456E-06,-4.581758E-05,-6.66667E-04
2.553277,-1.525891E-05,-4.262873E-05,-.002
2.554277,-1.001364E-05,1.534827E-06,-.001
2.555278,-7.867871E-06,8.264615E-06,-6.66667E-04
2.556278,-1.668942E-05,2.123425E-07,-.002
2.557279,9.059964E-06,1.263811E-05,-6.66667E-04
2.558279,1.192099E-05,1.406304E-06,-6.66667E-04
2.55928,1.597416E-05,-2.860662E-05,-6.66667E-04
2.56028,1.239782E-05,-1.235498E-05,-.001
2.561281,7.152586E-06,3.673151E-06,-.001
2.562281,-4.291564E-06,2.803296E-06,-.002
2.563282,-1.454359E-05,9.853451E-06,6.66667E-04
2.564282,-1.311308E-05,1.729291E-05,-6.66667E-04
2.565283,-3.337875E-06,-3.147888E-07,-6.66667E-04
2.566283,1.192099E-05,7.737486E-06,-.001
2.567284,7.629453E-06,-4.654779E-06,-.001
2.568284,2.527249E-05,-2.888788E-05,-6.66667E-04
2.569285,3.814721E-05,-2.370414E-05,.001
2.570285,1.740467E-05,-2.640125E-05,-6.66667E-04
2.571286,2.264988E-05,-5.012407E-06,-.001
2.572286,2.813351E-05,4.382833E-06,-.002
2.573287,6.46119E-05,-6.841525E-06,-6.66667E-04
2.574287,3.55246E-05,5.641981E-06,-6.66667E-04
2.575288,1.716625E-05,1.282437E-05,6.66667E-04
2.576288,4.291564E-06,2.600451E-05,.002
2.577289,4.768408E-07,5.668058E-06,.001
2.578289,1.430519E-06,-1.061715E-06,-.001
2.57929,6.914168E-06,1.835462E-05,-.001
2.58029,-4.339241E-05,2.893817E-05,6.66667E-04
2.581291,-3.17099E-05,3.066869E-05,-.002
2.582291,1.096731E-05,3.186078E-05,-2.33333E-03
2.583292,3.671669E-05,2.368924E-05,-6.66667E-04
2.584292,2.884876E-05,1.823728E-05,-2.33333E-03
2.585293,2.312672E-05,3.615045E-05,.004
2.586293,7.867871E-06,2.993469E-05,6.66667E-04
2.587294,-3.099456E-06,3.898726E-05,6.66667E-04
2.588294,-2.717983E-05,2.146896E-05,-.001
2.589295,-1.835835E-05,-3.457084E-06,6.66667E-04
2.590295,-1.144415E-05,-1.147954E-05,-6.66667E-04
2.591296,-7.152594E-07,-4.171976E-05,.002
2.592296,1.311308E-05,-1.245184E-05,-6.66667E-04
2.593297,-3.099456E-06,1.939212E-05,-.002
2.594297,-1.168257E-05,2.442871E-05,-.002
2.595298,-6.914168E-06,2.277095E-05,-6.66667E-04
2.596298,-7.867871E-06,1.914814E-06,-.001
2.597299,-2.121937E-05,-3.305101E-05,6.66667E-04
2.598299,-1.573574E-05,-1.160061E-05,.001
2.5993,-1.358992E-05,3.872468E-06,-6.66667E-04
2.6003,-6.914168E-06,1.863588E-05,-6.66667E-04
2.601301,-2.908718E-05,2.765295E-05,-6.66667E-04
2.602301,-2.145779E-05,2.714072E-05,-.001
2.603302,8.10629E-06,1.442066E-05,.001
2.604302,-3.814726E-06,7.992669E-06,-.002
2.605303,-7.629453E-06,-7.886498E-06,-6.66667E-04
2.606303,-1.859677E-05,-2.427411E-05,6.66667E-04
2.607304,-4.172348E-05,-2.964225E-05,-6.66667E-04
2.608304,-1.740467E-05,-4.215003E-05,6.66667E-04
2.609305,-3.337875E-06,-3.400282E-05,6.66667E-04
2.610305,-5.006819E-06,9.816198E-06,-.002
2.611306,1.573574E-05,1.830806E-05,-6.66667E-04
2.612306,7.629453E-06,1.032843E-05,-.001
2.613307,-4.768401E-06,5.945592E-06,-.001
2.614307,1.430519E-06,-1.112005E-05,-.002
2.615308,1.096731E-05,-6.614282E-06,.001
2.616308,3.099456E-06,-1.970504E-05,-.002
2.617309,1.740467E-05,-3.527873E-05,-6.66667E-04
2.618309,-2.050411E-05,-4.727789E-05,-.002
2.61931,-2.169621E-05,-4.74772E-05,-6.66667E-04
2.62031,4.053145E-06,-2.87724E-05,.001
2.621311,-3.719353E-05,4.133792E-05,-3.66667E-03
2.622311,-2.717983E-05,3.699982E-05,-.002
2.623312,-5.006819E-06,3.675022E-05,-.002
2.624312,5.960494E-06,1.339434E-05,.002
2.625313,-1.811993E-05,1.890596E-05,-.002
2.626313,-8.344708E-06,2.675143E-05,-6.66667E-04
2.627314,1.382834E-05,2.419215E-05,.001
2.628314,1.955044E-05,2.600264E-05,6.66667E-04
2.629315,-1.096731E-05,2.602127E-05,-6.66667E-04
2.630315,2.622619E-06,7.540017E-06,.001
2.631316,9.298383E-06,3.997266E-06,.001
2.632316,1.33515E-05,-2.978754E-05,6.66667E-04
2.633317,1.168257E-05,-1.901959E-05,.001
2.634317,-3.790879E-05,-1.827262E-06,6.66667E-04
2.635318,-2.956402E-05,3.173962E-06,.001
2.636318,-4.506134E-05,1.550477E-05,-.001
2.637319,-4.601502E-05,1.288211E-05,-6.66667E-04
2.638319,-1.668937E-06,5.031034E-06,6.66667E-04
2.63932,-3.337875E-06,1.509307E-05,-6.66667E-04
2.64032,5.006819E-06,5.252688E-06,-.002
2.641321,6.437331E-06,6.586342E-06,-6.66667E-04
2.642321,5.960494E-06,1.219293E-05,6.66667E-04
2.643322,0,6.064802E-06,-6.66667E-04
2.644322,1.907363E-06,3.190548E-05,-.002
2.645323,3.337875E-06,3.67465E-05,-6.66667E-04
2.646323,6.675749E-06,6.593793E-06,-6.66667E-04
2.647324,-6.198912E-06,1.903821E-05,-6.66667E-04
2.648324,-2.956402E-05,2.119329E-05,-.002
2.649325,-1.811993E-05,1.992483E-05,-.001
2.650325,-2.050411E-05,2.455164E-05,-.002
2.651326,-5.722075E-06,2.244872E-05,6.66667E-04
2.652326,1.6451E-05,2.853211E-05,-.002
2.653327,1.144415E-05,3.008929E-05,-6.66667E-04
2.654327,1.978886E-05,2.215256E-05,6.66667E-04
2.655328,3.695511E-05,4.857057E-05,.001
2.656328,4.863762E-05,3.12964E-05,6.66667E-04
2.657329,3.242516E-05,2.89829E-06,.001
2.658329,1.311308E-05,1.642678E-05,.001
2.65933,4.291564E-06,6.515562E-06,-.001
2.66033,9.77522E-06,1.028187E-06,6.66667E-04
2.661331,-3.099456E-06,-1.682912E-05,6.66667E-04
2.662331,9.536816E-07,-2.59151E-05,6.66667E-04
2.663332,8.583127E-06,-3.473848E-06,.001
2.664332,-7.629453E-06,-1.53837E-05,-6.66667E-04
2.665333,-2.217304E-05,-2.745554E-06,-6.66667E-04
2.666333,-2.789509E-05,-3.043577E-06,-6.66667E-04
2.667334,-6.914168E-06,7.947965E-06,6.66667E-04
2.668334,-1.430517E-05,3.667013E-05,.001
2.669335,-2.28883E-05,4.506134E-05,.001
2.670335,-1.573574E-05,1.266046E-05,6.66667E-04
2.671336,8.10629E-06,6.48576E-06,-6.66667E-04
2.672336,1.406675E-05,1.897861E-05,-.001
2.673337,1.025206E-05,1.657766E-05,-.002
2.674337,2.837193E-05,3.541098E-05,-6.66667E-04
2.675338,1.549732E-05,2.703269E-05,.001
2.676338,-2.384204E-07,1.636345E-05,-.002
2.677339,3.361725E-05,-2.453118E-06,-6.66667E-04
2.678339,4.3154E-05,-3.029231E-05,-.002
2.67934,6.246613E-05,-2.019305E-05,.001
2.68034,8.177804E-05,4.21147E-06,-6.66667E-04
2.681341,1.173024E-04,6.364688E-06,-.002
2.682341,1.411447E-04,2.786532E-06,-.001
2.683342,1.506815E-04,-2.961624E-07,-6.66667E-04
2.684342,1.742849E-04,-5.71835E-06,-.002
2.685343,1.44721E-04,-1.182413E-05,6.66667E-04
2.686343,1.31608E-04,-2.501544E-05,-.002
2.687344,1.254091E-04,-3.240095E-05,-.001
2.688344,1.413831E-04,-3.407546E-05,-6.66667E-04
2.689345,1.297006E-04,-4.483596E-05,-.004
2.690345,1.356611E-04,-3.238232E-05,-6.66667E-04
2.691346,1.065736E-04,-1.780696E-06,.002
2.692346,7.86786E-05,-3.233567E-06,-.001
2.693347,9.989785E-05,-1.76952E-06,-6.66667E-04
2.694347,1.06812E-04,-8.994772E-06,.002
2.695348,6.508874E-05,-3.534206E-05,-.001
2.696348,4.529976E-05,-2.834771E-05,6.66667E-04
2.697349,7.629453E-06,-2.414931E-05,.001
2.698349,-6.914168E-06,4.95094E-06,6.66667E-04
2.69935,1.430519E-06,2.445851E-05,-.001
2.70035,3.862404E-05,5.019858E-06,6.66667E-04
2.701351,4.076981E-05,7.217779E-06,-.001
2.702351,2.384197E-05,-2.535075E-06,.001
2.703352,1.430519E-06,-1.714763E-05,-6.66667E-04
2.704352,-5.722075E-06,-1.30125E-05,-.001
2.705353,4.291564E-06,-4.055747E-05,.001
2.706353,1.811993E-05,-3.991113E-05,6.66667E-04
2.707354,2.264988E-05,-4.380592E-05,-.001
2.708354,3.17099E-05,-3.794977E-05,-6.66667E-04
2.709355,1.668942E-05,-2.174091E-05,-6.66667E-04
2.710355,3.099465E-05,-3.322982E-05,-.001
2.711356,2.479565E-05,-3.272691E-05,-.002
2.712356,1.764309E-05,-3.828504E-05,-.002
2.713357,-1.406675E-05,-1.594808E-05,6.66667E-04
2.714357,-7.152594E-07,-2.654654E-05,-.004
2.715358,4.768408E-07,-2.904807E-05,-6.66667E-04
2.716358,-4.053145E-06,-2.974283E-05,-6.66667E-04
2.717359,5.483656E-06,-1.605798E-05,-3.66667E-03
2.718359,5.245238E-06,-8.17707E-06,.001
2.71936,2.741825E-05,-2.639566E-05,-6.66667E-04
2.72036,4.816079E-05,-3.677816E-05,.001
2.721361,4.982972E-05,-1.9692E-05,-6.66667E-04
2.722361,5.579018E-05,-7.58472E-06,2.33333E-03
2.723362,3.457093E-05,1.077919E-05,-6.66667E-04
2.724362,2.098095E-05,9.024574E-06,-6.66667E-04
2.725363,-7.152586E-06,1.179805E-05,-.002
2.726363,-1.692784E-05,6.793096E-06,-6.66667E-04
2.727364,0,2.162546E-06,-6.66667E-04
2.728364,4.529982E-06,1.068605E-05,.001
2.729365,-6.198912E-06,2.609764E-05,-.001
2.730365,-2.384204E-07,1.83658E-05,6.66667E-04
2.731366,-2.431881E-05,-6.87319E-06,-2.33333E-03
2.732366,-3.719353E-05,-7.987081E-06,-3.66667E-03
2.733367,-2.837193E-05,1.581584E-05,6.66667E-04
2.734367,-2.622619E-06,-4.122063E-06,6.66667E-04
2.735368,4.529982E-06,-2.791558E-05,-.001
2.736368,5.722075E-06,-3.273436E-05,-6.66667E-04
2.737369,1.525891E-05,-5.461113E-05,-.001
2.738369,5.006819E-06,-3.028114E-05,-.001
2.73937,-5.006819E-06,2.010178E-05,-.002
2.74037,-2.408039E-05,8.704199E-06,-6.66667E-04
2.741371,2.145782E-06,1.277594E-05,-.001
2.742371,4.529982E-06,1.659256E-05,-6.66667E-04
2.743372,2.694142E-05,2.286781E-05,-6.66667E-04
2.744372,3.528618E-05,1.303112E-05,6.66667E-04
2.745373,0,2.726927E-06,.001
2.746373,2.384197E-05,2.656147E-06,-.001
2.747374,1.430517E-05,3.520418E-07,-.002
2.748374,4.529982E-06,1.434244E-06,-.002
2.749375,2.312672E-05,2.259586E-05,-2.33333E-03
2.750375,7.629453E-06,1.8675E-05,6.66667E-04
2.751376,1.811993E-05,2.281938E-05,-.001
2.752376,1.716625E-05,2.187316E-05,.002
2.753377,-1.573574E-05,-6.30322E-06,-.002
2.754377,-1.573574E-05,-1.922075E-05,6.66667E-04
2.755378,-2.884876E-05,-2.708301E-06,-.001
2.756378,-2.28883E-05,-9.052514E-06,-6.66667E-04
2.757379,-7.867871E-06,-2.058048E-05,-.001
2.758379,-1.597416E-05,-2.50341E-06,-6.66667E-04
2.75938,-1.454359E-05,1.733762E-05,-6.66667E-04
2.76038,1.454359E-05,1.047744E-05,6.66667E-04
2.761381,2.861035E-05,2.321799E-05,.001
2.762381,8.10629E-06,2.8832E-05,-.002
2.763382,2.646458E-05,2.737541E-05,-6.66667E-04
2.764382,2.02657E-05,3.100582E-05,-.002
2.765383,-4.529982E-06,2.619077E-05,6.66667E-04
2.766383,4.768401E-06,2.072391E-05,-3.66667E-03
2.767384,-3.099456E-06,1.054077E-05,.001
2.768384,-8.344708E-06,1.680863E-05,-6.66667E-04
2.769385,-7.867871E-06,1.81013E-05,6.66667E-04
2.770385,-3.099456E-06,1.024088E-05,-6.66667E-04
2.771386,2.622619E-06,1.945917E-05,-.002
2.772386,-7.152594E-07,2.936099E-05,6.66667E-04
2.773387,4.053145E-06,3.497698E-05,-2.33333E-03
2.774387,-1.001364E-05,4.048855E-05,-6.66667E-04
2.775388,-1.6451E-05,1.122995E-05,-.001
2.776388,-3.337875E-06,-3.095553E-05,-.001
2.777389,-1.454359E-05,-2.318819E-05,-.002
2.778389,-1.835835E-05,-3.157198E-06,6.66667E-04
2.77939,1.144415E-05,1.490127E-08,-2.33333E-03
2.78039,4.768408E-07,-3.124611E-05,-6.66667E-04
2.781391,1.931202E-05,-1.809571E-05,-.001
2.782391,1.049048E-05,7.772876E-06,-6.66667E-04
2.783392,-2.384197E-05,1.071772E-05,.001
2.784392,-3.051781E-05,-1.087791E-05,-.002
2.785393,-2.6703E-05,-1.857628E-05,-6.66667E-04
2.786393,-2.431881E-05,-2.239097E-05,-.002
2.787394,-1.072889E-05,-2.423499E-05,-.001
2.788394,-7.629453E-06,-1.998257E-05,-.002
2.789395,-1.049048E-05,-4.193024E-05,6.66667E-04
2.790395,2.02657E-05,-2.147641E-05,-.002
2.791396,2.765667E-05,1.352286E-05,-.001
2.792396,2.789509E-05,4.043832E-06,-.001
2.793397,4.529982E-06,-6.277151E-07,6.66667E-04
2.794397,8.344708E-06,-1.693152E-06,-.001
2.795398,5.722075E-06,7.430121E-06,-6.66667E-04
2.796398,-2.717983E-05,-1.076056E-05,-6.66667E-04
2.797399,-1.525891E-05,-3.506267E-05,-2.33333E-03
2.798399,2.169621E-05,-2.357562E-05,.001
2.7994,1.692784E-05,-2.21004E-05,-6.66667E-04
2.8004,-2.3842E-06,-1.666334E-05,-.001
2.801401,-1.025206E-05,6.446644E-06,6.66667E-04
2.802401,-1.597416E-05,2.208923E-05,-.002
2.803402,2.479565E-05,3.558607E-05,-.001
2.804402,4.768401E-06,1.473731E-05,-6.66667E-04
2.805403,-1.430519E-06,-9.616895E-06,-.001
2.806403,-1.549732E-05,-9.77522E-06,-.001
2.807404,-1.1921E-06,-4.939764E-06,6.66667E-04
2.808404,1.072889E-05,-1.578045E-05,6.66667E-04
2.809405,1.764309E-05,-6.271555E-06,-6.66667E-04
2.810405,7.152594E-07,-1.270516E-05,-6.66667E-04
2.811406,3.099465E-05,-2.298143E-05,-6.66667E-04
2.812406,4.935288E-05,4.369795E-06,-.001
2.813407,5.817437E-05,3.272682E-06,6.66667E-04
2.814407,9.012269E-05,-5.321606E-06,-6.66667E-04
2.815408,1.14203E-04,-3.332287E-06,-.001
2.816408,1.139645E-04,-1.884263E-05,-6.66667E-04
2.817409,1.161103E-04,-2.259214E-05,-.001
2.818409,1.184945E-04,-4.995643E-06,-.002
2.81941,1.184945E-04,-2.672162E-05,-.001
2.82041,1.089578E-04,-2.295722E-05,-.001
2.821411,9.465264E-05,-1.228979E-05,.001
2.822411,1.049046E-04,4.593312E-06,6.66667E-04
2.823412,8.964585E-05,1.885004E-06,-.002
2.824412,9.346055E-05,-4.155398E-05,-.002
2.825413,1.058583E-04,-4.721829E-05,.001
2.826413,7.677125E-05,-2.716866E-05,-.002
2.827414,7.176446E-05,-3.960566E-05,-.001
2.828414,9.083794E-05,-3.545941E-05,-.001
2.829415,7.820176E-05,-3.644475E-05,6.66667E-04
2.830415,7.319497E-05,-2.687809E-05,.001
2.831416,5.435967E-05,-1.155591E-05,6.66667E-04
2.832416,3.266358E-05,4.041958E-07,.001
2.833417,4.768408E-07,-7.631315E-06,.001
2.834417,3.814726E-06,-1.148513E-05,-6.66667E-04
2.835418,4.768401E-06,-1.180923E-05,-2.33333E-03
2.836418,7.629453E-06,7.171213E-06,.001
2.837419,-3.099456E-06,3.255554E-05,-6.66667E-04
2.838419,2.837193E-05,1.339434E-05,-6.66667E-04
2.83942,4.19619E-05,2.484035E-05,-2.33333E-03
2.84042,1.430517E-05,4.172162E-05,-.001
2.841421,-1.716625E-05,8.547737E-06,-3.66667E-03
2.842421,-3.337883E-05,-1.342973E-05,-6.66667E-04
2.843422,-2.6703E-05,-9.357987E-06,-.001
2.844422,-4.529982E-06,9.855314E-06,6.66667E-04
2.845423,-2.145779E-05,1.707871E-05,.001
2.846423,-1.931202E-05,-1.035637E-05,-.001
2.847424,-1.239782E-05,-9.896292E-06,6.66667E-04
2.848424,-3.337883E-05,-2.523151E-05,-.001
2.849425,-1.597416E-05,-3.647269E-05,-.001
2.850425,1.573574E-05,-9.350515E-07,-6.66667E-04
2.851426,1.931202E-05,-5.371898E-06,6.66667E-04
2.852426,8.344708E-06,-8.214323E-06,-2.33333E-03
2.853427,-1.1921E-06,-1.342973E-05,-6.66667E-04
2.854427,1.1921E-06,-5.327194E-06,-.001
2.855428,1.215941E-05,-1.31671E-05,.001
2.856428,2.312672E-05,-4.713447E-05,-6.66667E-04
2.857429,2.312672E-05,-4.274049E-05,6.66667E-04
2.858429,1.811993E-05,-1.035637E-05,2.33333E-03
2.85943,-2.360356E-05,8.152856E-06,2.33333E-03
2.86043,-8.10629E-06,-9.367301E-06,-.001
2.861431,5.006819E-06,1.134357E-05,-.002
2.862431,3.862404E-05,-8.646457E-06,6.66667E-04
2.863432,5.173706E-05,3.060341E-06,-.002
2.864432,1.978886E-05,2.717614E-06,-.001
2.865433,1.096731E-05,-1.224322E-05,-6.66667E-04
2.866433,9.059964E-06,-2.373024E-06,6.66667E-04
2.867434,0,-1.760211E-05,-.002
2.868434,-2.384204E-07,-2.085615E-05,6.66667E-04
2.869435,1.716625E-05,-8.022471E-06,-.001
2.870435,2.908718E-05,4.883885E-06,-.001
2.871436,1.978886E-05,1.043089E-06,.001
2.872436,3.600144E-05,7.124647E-06,6.66667E-04
2.873437,3.647828E-05,-2.126966E-05,.001
2.874437,3.981614E-05,-2.886553E-05,-.001
2.875438,3.671669E-05,4.766538E-06,-6.66667E-04
2.876438,2.694142E-05,6.776332E-06,.001
2.877439,2.121937E-05,1.257478E-05,-.002
2.878439,4.768408E-07,1.531106E-05,6.66667E-04
2.87944,-1.096731E-05,8.568226E-06,2.33333E-03
2.88044,-2.837193E-05,1.560904E-06,-.001
2.881441,-1.144415E-05,-3.436595E-06,-.001
2.882441,-2.3842E-06,1.566496E-05,.002
2.883442,-1.549732E-05,1.886685E-05,-6.66667E-04
2.884442,-5.483656E-06,-6.958871E-06,6.66667E-04
2.885443,5.960494E-06,-9.853466E-07,-.002
2.886443,6.437331E-06,1.691293E-05,-.001
2.887444,3.266358E-05,2.305966E-05,.002
2.888444,3.910088E-05,2.119888E-05,6.66667E-04
2.889445,2.384197E-05,1.014775E-05,-2.33333E-03
2.890445,3.099465E-05,-9.058102E-06,-.001
2.891446,3.147149E-05,-2.043706E-05,-6.66667E-04
2.892446,-3.099456E-06,-6.053633E-07,-.001
2.893447,6.914168E-06,2.414931E-05,6.66667E-04
2.894447,2.384204E-07,1.670804E-05,-6.66667E-04
2.895448,5.483656E-06,-1.151493E-05,6.66667E-04
2.896448,-7.152594E-07,-2.098468E-05,-.002
2.897449,-2.741825E-05,-1.060968E-05,6.66667E-04
2.898449,0,2.28287E-05,-6.66667E-04
2.89945,-1.90736E-05,1.991552E-05,-.001
2.90045,-2.6703E-05,2.071276E-06,-.001
2.901451,3.814726E-06,-2.338376E-05,-6.66667E-04
2.902451,-9.536816E-07,-1.837884E-05,.001
2.903452,-1.144415E-05,-3.920333E-05,-.001
2.904452,6.914168E-06,-2.807204E-05,-6.66667E-04
2.905453,2.717983E-05,-2.3367E-05,6.66667E-04
2.906453,1.525891E-05,-2.715935E-05,-.002
2.907454,-1.907363E-06,-2.67179E-05,-.002
2.908454,-1.001364E-05,-2.493348E-05,-6.66667E-04
2.909455,-4.053145E-06,-3.296719E-05,-6.66667E-04
2.910455,-7.391005E-06,-4.485832E-05,6.66667E-04
2.911456,9.536816E-07,-4.976639E-05,-6.66667E-04
2.912456,-2.3842E-06,-2.954726E-05,-6.66667E-04
2.913457,-2.121937E-05,-7.756113E-06,-.001
2.914457,-1.120573E-05,4.787034E-07,-.001
2.915458,3.099456E-06,3.47069E-05,-6.66667E-04
2.916458,-1.740467E-05,3.820122E-05,-.001
2.917459,-1.90736E-05,2.944109E-05,6.66667E-04
2.918459,-1.406675E-05,6.923481E-06,-3.66667E-03
2.91946,-9.059964E-06,1.603745E-06,-.001
2.92046,9.298383E-06,-1.017012E-06,6.66667E-04
2.921461,1.716625E-05,7.841794E-06,-3.66667E-03
2.922461,2.145782E-06,2.520543E-05,6.66667E-04
2.923462,-3.576293E-06,2.424058E-05,-.001
2.924462,7.152586E-06,2.537866E-05,-.001
2.925463,2.503407E-05,1.984474E-05,-6.66667E-04
2.926463,3.147149E-05,2.631929E-05,.002
2.927464,3.218674E-05,1.000246E-05,6.66667E-04
2.928464,3.027928E-05,4.097848E-06,.001
2.929465,4.3154E-05,-2.03216E-06,-.002
2.930465,3.433251E-05,-9.046926E-06,6.66667E-04
2.931466,3.862404E-05,7.683469E-06,-.001
2.932466,1.978886E-05,4.937901E-06,.001
2.933467,1.478201E-05,-1.328072E-05,-6.66667E-04
2.934467,2.55109E-05,3.278274E-07,-.001
2.935468,1.192099E-05,2.471745E-06,-.001
2.936468,-2.384204E-07,-9.112118E-06,-6.66667E-04
2.937469,-5.722075E-06,2.32087E-06,6.66667E-04
2.938469,2.408039E-05,6.29577E-06,.001
2.93947,1.597416E-05,2.289203E-05,-.001
2.94047,4.768408E-07,3.327266E-05,-3.66667E-03
2.941471,-3.337875E-06,1.968641E-05,-2.33333E-03
2.942471,3.099465E-05,2.356817E-05,-.002
2.943472,1.907363E-06,5.096226E-06,-.001
2.944472,9.77522E-06,-1.778465E-05,-3.66667E-03
2.945473,2.264988E-05,-5.116715E-06,.001
2.946473,2.837193E-05,-1.589034E-05,.001
2.947474,8.010911E-05,4.645466E-06,-.001
2.948474,9.894418E-05,3.684327E-06,6.66667E-04
2.949475,1.077657E-04,-2.327946E-05,-2.33333E-03
2.950475,1.78338E-04,-3.786967E-05,-.002
2.951476,2.186308E-04,-4.366436E-05,.001
2.952476,2.844352E-04,-3.938773E-05,6.66667E-04
2.953477,3.466625E-04,-3.866688E-05,6.66667E-04
2.954477,4.112739E-04,-3.924058E-05,-.001
2.955478,5.111732E-04,-4.042336E-05,-6.66667E-04
2.956478,5.483665E-04,-4.469627E-05,-2.33333E-03
2.957479,5.734004E-04,-4.471862E-05,-6.66667E-04
2.958479,6.122626E-04,-2.550718E-05,-6.66667E-04
2.95948,6.322898E-04,-5.130866E-05,.001
2.96048,5.979575E-04,-5.461113E-05,.001
2.961481,5.345382E-04,-5.461113E-05,.001
2.962481,4.58004E-04,-5.461113E-05,6.66667E-04
2.963482,3.781337E-04,-4.216493E-05,6.66667E-04
2.964482,2.973098E-04,-3.113062E-05,6.66667E-04
2.965483,2.255449E-04,-2.547551E-05,.001
2.966483,1.890669E-04,-3.326894E-05,-.001
2.967484,1.266012E-04,-2.491672E-05,-6.66667E-04
2.968484,1.03951E-04,-2.518867E-05,-6.66667E-04
2.969485,9.679841E-05,-2.91859E-05,6.66667E-04
2.970485,5.674385E-05,-8.931442E-06,6.66667E-04
2.971486,3.862404E-05,-7.780327E-06,.001
2.972486,3.814726E-06,9.572192E-06,6.66667E-04
2.973487,-9.77522E-06,1.234941E-06,-6.66667E-04
2.974487,1.668937E-06,-1.45082E-05,-6.66667E-04
2.975488,0,-9.998737E-06,-.001
2.976488,1.835835E-05,-2.245617E-05,-.002
2.977489,2.93256E-05,-2.628576E-05,.001
2.978489,5.722075E-06,-1.643237E-05,-.001
2.97949,-2.3842E-06,4.427537E-06,.002
2.98049,-4.529982E-06,1.157081E-05,-6.66667E-04
2.981491,1.597416E-05,-1.525698E-05,-.001
2.982491,3.361725E-05,8.365198E-06,-3.66667E-03
2.983492,1.502043E-05,1.15615E-05,6.66667E-04
2.984492,1.406675E-05,1.071213E-05,-.002
2.985493,2.02657E-05,3.474415E-05,-6.66667E-04
2.986493,1.430517E-05,3.825524E-05,-6.66667E-04
2.987494,0,-1.059852E-06,-6.66667E-04
2.988494,7.152586E-06,1.03545E-05,-.001
2.989495,8.10629E-06,1.123182E-06,-6.66667E-04
2.990495,2.479565E-05,-1.695391E-05,-.002
2.991496,1.406675E-05,-1.266608E-07,-.002
2.992496,-5.245238E-06,1.153356E-05,-.002
2.993497,4.529982E-06,2.086733E-05,.001
2.994497,-2.145779E-05,2.518311E-06,.001
2.995498,-1.120573E-05,-3.699228E-06,.002
2.996498,1.001364E-05,-3.056615E-06,2.33333E-03
2.997499,4.291564E-06,-1.940702E-05,6.66667E-04
2.998499,-1.120573E-05,-1.265114E-05,-.001
2.9995,-3.051781E-05,1.505023E-05,-.001
3.0005,-1.931202E-05,3.648936E-06,6.66667E-04
3.001501,-7.867871E-06,-1.570035E-05,-6.66667E-04
3.002501,-2.264988E-05,-1.170306E-05,6.66667E-04
3.003502,-3.719353E-05,-2.462429E-05,6.66667E-04
3.004502,-2.312672E-05,-4.807516E-06,6.66667E-04
3.005503,-1.502043E-05,2.238911E-05,-3.66667E-03
3.006503,2.861038E-06,7.124647E-06,-6.66667E-04
3.007504,1.6451E-05,-1.575437E-05,6.66667E-04
3.008504,1.263624E-05,-2.85377E-05,6.66667E-04
3.009505,9.77522E-06,-4.081265E-05,.002
3.010505,-9.059964E-06,6.835937E-06,-.002
3.011506,-5.006819E-06,1.594436E-05,.001
3.012506,1.430517E-05,-5.560025E-06,.001
3.013507,1.549732E-05,-1.539115E-05,-.004
3.014507,1.192099E-05,-4.814967E-06,-2.33333E-03
3.015508,3.147149E-05,-1.057802E-05,6.66667E-04
3.016508,-6.198912E-06,1.910713E-05,6.66667E-04
3.017509,-6.437331E-06,3.412948E-05,.001
3.018509,0,3.563263E-05,6.66667E-04
3.01951,1.144415E-05,2.108529E-06,-.001
3.02051,1.955044E-05,-2.15621E-05,.001
3.021511,-7.152594E-07,-9.136333E-06,.001
3.022511,7.152586E-06,-3.140629E-05,6.66667E-04
3.023512,1.311308E-05,-3.001478E-05,6.66667E-04
3.024512,-2.169621E-05,-2.094556E-05,.001
3.025513,-1.90736E-05,-3.062584E-05,-.001
3.026513,2.193463E-05,-1.417665E-05,-6.66667E-04
3.027514,1.382834E-05,-1.195265E-05,-.001
3.028514,1.215941E-05,-4.291564E-06,-6.66667E-04
3.029515,1.716625E-05,1.902145E-05,-2.33333E-03
3.030515,4.220032E-05,-7.914437E-06,.002
3.031516,3.695511E-05,1.170306E-05,-.001
3.032516,2.241146E-05,1.982984E-05,6.66667E-04
3.033517,2.503407E-05,-2.263128E-06,-.001
3.034517,2.789509E-05,1.490127E-08,6.66667E-04
3.035518,2.861038E-06,-3.326335E-05,.001
3.036518,1.430519E-06,-2.929207E-05,-.001
3.037519,1.1921E-06,-1.133984E-05,.001
3.038519,9.298383E-06,-1.133798E-05,-6.66667E-04
3.03952,2.384204E-07,6.461545E-06,-6.66667E-04
3.04052,-2.861038E-06,3.132984E-06,-6.66667E-04
3.041521,-8.583127E-06,-6.822898E-06,-6.66667E-04
3.042521,-7.152594E-07,5.424052E-06,6.66667E-04
3.043522,-1.883518E-05,3.254437E-05,.001
3.044522,-1.740467E-05,1.37501E-05,-.002
3.045523,5.483656E-06,-5.438953E-06,-6.66667E-04
3.046523,2.121937E-05,-3.529736E-05,-6.66667E-04
3.047524,1.239782E-05,-3.856444E-05,6.66667E-04
3.048524,2.3842E-06,-2.391089E-05,.002
3.049525,-2.861038E-06,-4.768408E-07,6.66667E-04
3.050525,-1.049048E-05,3.172099E-06,-6.66667E-04
3.051526,-7.391005E-06,1.132122E-05,.001
3.052526,2.193463E-05,4.371657E-06,-.002
3.053527,2.312672E-05,1.437969E-06,6.66667E-04
3.054527,3.2902E-05,-7.795228E-06,-.001
3.055528,5.483656E-06,-9.696989E-06,-.001
3.056528,0,2.70085E-06,6.66667E-04
3.057529,-2.980244E-05,-1.437969E-06,6.66667E-04
3.058529,-1.573574E-05,-2.541032E-05,-.001
3.05953,1.430519E-06,-2.576422E-05,-2.33333E-03
3.06053,1.049048E-05,-2.050039E-05,6.66667E-04
3.061531,2.455723E-05,-1.581397E-05,-.002
3.062531,2.431881E-05,1.301996E-06,6.66667E-04
3.063532,1.811993E-05,-1.904008E-05,-6.66667E-04
3.064532,1.764309E-05,-1.498318E-05,.001
3.065533,1.978886E-05,-4.291564E-06,-6.66667E-04
3.066533,2.813351E-05,-5.90834E-06,-6.66667E-04
3.067534,3.528618E-05,1.29175E-05,6.66667E-04
3.068534,2.93256E-05,-1.425674E-05,6.66667E-04
3.069535,1.978886E-05,-2.801989E-05,-.001
3.070535,7.391005E-06,-1.391961E-05,-6.66667E-04
3.071536,8.583127E-06,-3.753626E-05,-6.66667E-04
3.072536,9.77522E-06,-2.627273E-05,-.002
3.073537,3.838562E-05,-3.579468E-05,-.001
3.074537,6.485032E-05,-2.996449E-05,-.001
3.075538,8.583115E-05,-1.796719E-05,-6.66667E-04
3.076538,7.295655E-05,-1.471309E-05,-.002
3.077539,9.727525E-05,-2.162356E-05,6.66667E-04
3.078539,9.608315E-05,5.934417E-06,-.001
3.07954,1.053815E-04,1.773436E-05,-.001
3.08054,1.137261E-04,1.195079E-05,-6.66667E-04
3.081541,1.127725E-04,-7.22523E-06,-6.66667E-04
3.082541,1.156335E-04,-3.077113E-05,.001
3.083542,1.213555E-04,-2.548669E-05,.001
3.084542,1.19925E-04,-3.739097E-05,.001
3.085543,1.692781E-04,-1.714949E-05,-.002
3.086543,2.346048E-04,8.415489E-06,.001
3.087544,2.861042E-04,1.538552E-06,.001
3.088544,3.757495E-04,7.173076E-06,-.001
3.089545,4.59196E-04,-2.279892E-06,-.002
3.090545,5.655326E-04,-6.284594E-06,.001
3.091546,6.289519E-04,-1.474848E-05,-.001
3.092546,6.759204E-04,-3.456348E-05,-.001
3.093547,7.47446E-04,-3.26822E-05,.001
3.094547,8.282699E-04,-3.967644E-05,-.002
3.095548,8.707084E-04,-4.088343E-05,-6.66667E-04
3.096548,8.740462E-04,-5.207234E-05,.002
3.097549,8.337535E-04,-5.461113E-05,-2.33333E-03
3.098549,7.700957E-04,-5.461113E-05,-.001
3.09955,7.126369E-04,-5.461113E-05,6.66667E-04
3.10055,6.401576E-04,-2.804969E-05,-.001
3.101551,5.514659E-04,-4.48341E-05,-6.66667E-04
3.102551,4.584808E-04,-5.118758E-05,.001
3.103552,3.881473E-04,-4.909583E-05,-.001
3.104552,3.347415E-04,-4.550838E-05,-6.66667E-04
3.105553,2.601165E-04,-3.829808E-05,-.001
3.106553,2.121935E-04,-4.08499E-05,6.66667E-04
3.107554,1.802454E-04,-9.717478E-06,.001
3.108554,1.332769E-04,3.062771E-05,6.66667E-04
3.109555,9.465264E-05,1.026325E-06,6.66667E-04
3.110555,8.416222E-05,6.128132E-06,6.66667E-04
3.111556,5.531334E-05,-2.427041E-06,-.002
3.112556,6.699609E-05,-1.947221E-05,.001
3.113557,5.006813E-05,-1.724262E-05,-.001
3.114557,7.414864E-05,-2.593372E-05,.001
3.115558,7.247971E-05,-3.073388E-05,-.002
3.116558,7.987069E-05,-3.437535E-05,-2.33333E-03
3.117559,6.079697E-05,-4.788884E-05,-6.66667E-04
3.118559,7.176446E-05,-4.913309E-05,-6.66667E-04
3.11956,6.032013E-05,-3.054575E-05,-.002
3.12056,3.480935E-05,-2.241333E-05,-.002
3.121561,7.629453E-06,1.027441E-05,6.66667E-04
3.122561,-8.344708E-06,1.340365E-05,6.66667E-04
3.123562,3.027928E-05,2.71966E-05,.002
3.124562,5.698227E-05,1.905498E-05,.002
3.125563,5.579018E-05,-1.117034E-05,6.66667E-04
3.126563,7.295655E-05,-3.559538E-05,-6.66667E-04
3.127564,5.388283E-05,-3.218488E-05,-.001
3.128564,2.28883E-05,-3.452995E-05,.001
3.129565,6.914168E-06,-3.023457E-05,-6.66667E-04
3.130565,7.629453E-06,-3.101886E-05,.001
3.131566,4.076981E-05,-3.889413E-05,-.002
3.132566,2.765667E-05,-2.762687E-05,-6.66667E-04
3.133567,1.263624E-05,-9.834839E-07,-.002
3.134567,3.194832E-05,1.424931E-06,-6.66667E-04
3.135568,4.19619E-05,-6.482034E-06,-6.66667E-04
3.136568,1.382834E-05,-2.683525E-05,-6.66667E-04
3.137569,1.144415E-05,-7.506496E-07,-6.66667E-04
3.138569,1.430517E-05,6.189599E-06,-.002
3.13957,3.814726E-06,-3.356501E-06,.001
3.14057,1.811993E-05,-1.743075E-05,-6.66667E-04
3.141571,-2.622619E-06,-3.536441E-05,6.66667E-04
3.142571,-1.239782E-05,-2.945226E-05,-.002
3.143572,-2.169621E-05,-1.06544E-06,6.66667E-04
3.144572,-3.051781E-05,2.817076E-05,-.002
3.145573,-1.931202E-05,1.304975E-05,6.66667E-04
3.146573,1.835835E-05,-1.411332E-05,-.002
3.147574,2.646458E-05,-1.405744E-05,-.002
3.148574,2.980244E-05,-2.644971E-06,-6.66667E-04
3.149575,3.099456E-06,2.235186E-08,-.002
3.150575,3.099456E-06,-4.695758E-06,-6.66667E-04
3.151576,1.120573E-05,-1.553271E-05,-.002
3.152576,4.768401E-06,-2.323103E-05,-6.66667E-04
3.153577,1.430517E-05,-2.14075E-05,-.002
3.154577,-8.344708E-06,2.160677E-07,.001
3.155578,-1.311308E-05,-3.352412E-05,-.001
3.156578,-2.3842E-06,-2.934982E-05,6.66667E-04
3.157579,-1.001364E-05,-1.773622E-05,-.001
3.158579,-2.169621E-05,-2.690975E-05,-.001
3.15958,-1.287466E-05,8.847601E-07,-6.66667E-04
3.16058,-9.536816E-07,9.402691E-06,6.66667E-04
3.161581,-7.867871E-06,1.03247E-05,-6.66667E-04
3.162581,2.622619E-06,-1.124671E-05,-6.66667E-04
3.163582,1.144415E-05,-2.473232E-05,-.002
3.164582,1.072889E-05,-3.35353E-05,-6.66667E-04
3.165583,2.527249E-05,-2.075743E-05,-6.66667E-04
3.166583,2.55109E-05,-2.383452E-05,-6.66667E-04
3.167584,5.960494E-06,-1.953926E-05,.001
3.168584,1.716625E-05,-4.312053E-06,6.66667E-04
3.169585,1.668942E-05,4.040106E-06,-.002
3.170585,1.716625E-05,1.094869E-05,-6.66667E-04
3.171586,3.910088E-05,-8.305593E-06,-.004
3.172586,2.622616E-05,-1.588848E-05,6.66667E-04
3.173587,-2.145782E-06,-1.410773E-05,.001
3.174587,-1.6451E-05,-4.085735E-05,-.001
3.175588,-1.907363E-06,-4.617334E-05,-6.66667E-04
3.176588,-1.382834E-05,-9.818061E-06,-.001
3.177589,-1.716625E-05,7.281109E-06,-.001
3.178589,-1.33515E-05,1.557369E-05,-.002
3.17959,-3.027928E-05,-1.879416E-06,-.001
3.18059,-1.1921E-06,-1.81963E-05,-.001
3.181591,3.433251E-05,-1.026882E-05,-.002
3.182591,2.479565E-05,-1.590338E-05,.001
3.183592,2.384197E-05,-1.151679E-05,6.66667E-04
3.184592,2.527249E-05,-1.949829E-05,-6.66667E-04
3.185593,6.914168E-06,-2.349925E-05,-6.66667E-04
3.186593,3.027928E-05,2.520173E-06,.001
3.187594,2.241146E-05,1.317268E-05,-6.66667E-04
3.188594,4.720711E-05,3.496199E-06,6.66667E-04
3.189595,2.646458E-05,-6.673887E-06,-6.66667E-04
3.190595,2.694142E-05,-1.821679E-05,-.002
3.191596,3.957772E-05,-2.434303E-05,-6.66667E-04
3.192596,6.580399E-05,-5.796581E-06,-6.66667E-04
3.193597,8.630799E-05,-3.237114E-05,-6.66667E-04
3.194597,1.120572E-04,-2.179493E-05,-6.66667E-04
3.195598,9.846734E-05,3.945112E-06,6.66667E-04
3.196598,1.001363E-04,-3.230968E-05,-6.66667E-04
3.197599,1.118188E-04,-3.032957E-05,-.002
3.198599,1.416216E-04,-2.106663E-05,.001
3.1996,1.57834E-04,-3.8272E-05,-2.33333E-03
3.2006,1.871595E-04,-2.099585E-05,-.001
3.201601,1.711855E-04,-1.441695E-06,6.66667E-04
3.202601,1.952657E-04,-2.281007E-05,.002
3.203602,2.124319E-04,-1.82261E-05,-.001
3.204602,2.024183E-04,-4.169368E-05,-6.66667E-04
3.205603,1.821527E-04,-4.206249E-05,-6.66667E-04
3.206603,1.661787E-04,-2.225128E-05,.001
3.207604,1.294622E-04,-1.63262E-05,.002
3.208604,1.089578E-04,9.525626E-06,6.66667E-04
3.209605,6.961869E-05,-1.858927E-06,-3.66667E-03
3.210605,6.628083E-05,-8.568213E-08,-6.66667E-04
3.211606,5.316758E-05,-8.13423E-06,-6.66667E-04
3.212606,3.671669E-05,-2.547924E-05,-.001
3.213607,3.027928E-05,-2.951745E-05,-.002
3.214607,4.005455E-05,-2.319005E-05,-2.33333E-03
3.215608,1.716625E-05,-2.454981E-06,-6.66667E-04
3.216608,1.454359E-05,8.661336E-07,.001
3.217609,1.358992E-05,-5.131616E-06,-6.66667E-04
3.218609,2.646458E-05,-1.895439E-05,6.66667E-04
3.21961,1.478201E-05,-3.223703E-05,-6.66667E-04
3.22061,7.152586E-06,7.841772E-07,6.66667E-04
3.221611,1.382834E-05,-3.334153E-07,-6.66667E-04
3.222611,-2.6703E-05,2.454981E-06,-.001
3.223612,-1.168257E-05,-9.624346E-06,-.001
3.224612,1.287466E-05,4.023343E-06,.001
3.225613,1.144415E-05,1.958583E-05,-.001
3.226614,2.169621E-05,1.337199E-05,-3.66667E-03
3.227614,1.311308E-05,-5.126029E-06,-6.66667E-04
3.228614,-2.55109E-05,-4.803791E-06,-6.66667E-04
3.229615,-5.22139E-05,-2.285664E-05,6.66667E-04
3.230615,-2.717983E-05,-1.575064E-05,-.001
3.231616,5.245238E-06,-3.306591E-05,-.001
3.232616,1.978886E-05,-2.209295E-05,.001
3.233617,2.527249E-05,1.124112E-05,-6.66667E-04
3.234617,3.862404E-05,1.425861E-05,6.66667E-04
3.235618,5.579018E-05,-1.425302E-05,-.001
3.236619,5.078339E-05,-2.380845E-05,6.66667E-04
3.237619,2.789509E-05,-2.651673E-05,-6.66667E-04
3.238619,1.502043E-05,-5.912065E-06,-6.66667E-04
3.23962,5.483656E-06,-3.643348E-06,-.001
3.24062,-1.144415E-05,-5.405425E-06,-.002
3.241621,-1.883518E-05,-1.490125E-07,-6.66667E-04
3.242621,-3.504776E-05,-8.631556E-06,-.002
3.243622,-3.218674E-05,-3.375695E-05,-.001
3.244622,-2.622616E-05,-1.415616E-05,-6.66667E-04
3.245623,-7.867871E-06,1.806777E-05,-6.66667E-04
3.246624,1.049048E-05,2.56059E-05,-.002
3.247624,-8.821546E-06,1.184834E-05,-.001
3.248624,8.10629E-06,-1.417106E-05,-6.66667E-04
3.249625,1.978886E-05,-1.640443E-05,-.004
3.250625,1.811993E-05,-1.280016E-05,.001
3.251626,2.598774E-05,-3.786781E-05,-6.66667E-04
3.252626,7.152586E-06,-1.401088E-05,6.66667E-04
3.253627,1.406675E-05,4.239409E-06,.001
3.254627,1.215941E-05,1.904008E-05,6.66667E-04
3.255628,2.3842E-06,3.691777E-06,6.66667E-04
3.256629,4.529976E-05,1.490123E-06,-.002
3.257629,7.414864E-05,1.607102E-05,.001
3.258629,5.412125E-05,-4.822417E-06,-.001
3.25963,4.267716E-05,1.183531E-05,-2.33333E-03
3.26063,1.382834E-05,4.982413E-05,-.002
3.261631,7.152586E-06,5.460926E-05,.001
3.262631,1.430517E-05,1.616043E-05,-6.66667E-04
3.263632,1.263624E-05,-1.639135E-06,-.001
3.264632,7.152586E-06,-7.441296E-06,-.001
3.265633,1.263624E-05,7.234543E-06,.001
3.266634,1.430517E-05,1.911644E-05,-.002
3.267634,3.218674E-05,-1.80864E-05,6.66667E-04
3.268634,1.90736E-05,-2.322544E-05,.001
3.269635,2.622619E-06,4.144415E-06,-.001
3.270635,3.576293E-06,1.193963E-06,-.001
3.271636,8.344708E-06,8.01502E-06,-6.66667E-04
3.272636,8.821546E-06,8.935167E-06,-.001
3.273637,7.152586E-06,-4.213332E-06,6.66667E-04
3.274637,4.649186E-05,-5.614042E-06,-6.66667E-04
3.275638,7.128762E-05,-2.925482E-05,-6.66667E-04
3.276639,8.106278E-05,-2.579961E-05,.001
3.277639,1.072888E-04,-2.513092E-05,.002
3.278639,1.075272E-04,-2.489251E-05,-6.66667E-04
3.27964,9.894418E-05,-1.501299E-06,-6.66667E-04
3.28064,1.494894E-04,-5.539536E-06,-.001
3.281641,2.098093E-04,-7.307186E-06,-.002
3.282641,2.403269E-04,-2.00459E-05,-.002
3.283642,2.350817E-04,-1.475035E-05,-2.33333E-03
3.284642,2.253065E-04,-5.271315E-06,-.002
3.285643,1.890669E-04,-2.816334E-06,-6.66667E-04
3.286644,1.69755E-04,-1.036568E-05,-.001
3.287644,1.561651E-04,5.085058E-07,-.001
3.288644,1.382837E-04,1.294917E-05,-.002
3.289645,1.266012E-04,3.354638E-06,-2.33333E-03
3.290645,9.107636E-05,3.375881E-05,6.66667E-04
3.291646,8.654641E-05,7.092982E-06,-.002
3.292646,1.063352E-04,-1.423626E-05,6.66667E-04
3.293647,8.988427E-05,-1.005462E-05,6.66667E-04
3.294647,8.416222E-05,-4.244997E-06,6.66667E-04
3.295648,6.19893E-05,-1.500739E-05,6.66667E-04
3.296649,4.053139E-05,-1.485279E-05,-.002
3.297649,3.194832E-05,-2.119516E-05,6.66667E-04
3.298649,3.671669E-05,-1.20551E-05,-6.66667E-04
3.29965,1.740467E-05,-1.277222E-05,-.002
3.30065,5.245238E-06,1.357874E-05,.001
3.301651,-2.622619E-06,3.631809E-05,-6.66667E-04
3.302651,-1.096731E-05,3.654347E-05,-.001
3.303652,-6.914168E-06,1.817581E-05,-.002
3.304652,-4.768401E-06,4.477828E-06,-.002
3.305653,7.629453E-06,1.793553E-05,-.001
3.306653,8.10629E-06,2.362404E-05,.001
3.307654,-1.668937E-06,1.111446E-05,-6.66667E-04
3.308654,-1.1921E-06,-7.918163E-06,-6.66667E-04
3.309655,1.907363E-06,-1.048861E-05,-6.66667E-04
3.310655,7.391005E-06,-2.190482E-05,6.66667E-04
3.311656,1.502043E-05,-4.138827E-06,-6.66667E-04
3.312656,8.821546E-06,-3.27827E-06,6.66667E-04
3.313657,-1.811993E-05,-1.117593E-08,-.001
3.314657,8.821546E-06,-2.992351E-05,-6.66667E-04
3.315658,1.311308E-05,-1.94629E-05,-6.66667E-04
3.316658,2.408039E-05,-1.391402E-05,.002
3.317659,-5.722075E-06,-2.422568E-05,-2.33333E-03
3.318659,-2.336514E-05,-1.446909E-05,-.001
3.31966,-1.621258E-05,-5.979127E-07,-.001
3.32066,1.859677E-05,1.116289E-05,-6.66667E-04
3.321661,-2.384204E-07,4.885747E-06,-.001
3.322661,1.001364E-05,-4.434987E-06,-6.66667E-04
3.323662,1.549732E-05,-1.767848E-05,-2.33333E-03
3.324662,-4.768408E-07,-1.781818E-05,6.66667E-04
3.325663,2.050411E-05,-2.166827E-05,-.001
3.326663,2.384197E-05,-2.976891E-05,-6.66667E-04
3.327664,4.076981E-05,-1.337944E-05,-.002
3.328664,4.792237E-05,-4.302739E-06,-6.66667E-04
3.329665,3.600144E-05,1.051283E-05,-.001
3.330665,3.910088E-05,-9.574069E-07,2.33333E-03
3.331666,2.145779E-05,-2.664898E-05,6.66667E-04
3.332666,-1.907363E-06,-2.86327E-05,6.66667E-04
3.333667,6.198912E-06,-7.819443E-06,.001
3.334667,6.914168E-06,1.925987E-05,-6.66667E-04
3.335668,2.193463E-05,1.311122E-05,-6.66667E-04
3.336668,2.360356E-05,1.767289E-05,-6.66667E-04
3.337669,1.072889E-05,-6.454095E-06,-6.66667E-04
3.338669,2.479565E-05,-1.911272E-05,-.001
3.33967,3.623986E-05,-4.287838E-06,-.004
3.34067,1.096731E-05,8.877425E-06,6.66667E-04
3.341671,-1.168257E-05,1.33366E-05,-6.66667E-04
3.342671,1.549732E-05,1.937721E-05,.001
3.343672,1.716625E-05,-9.052514E-06,-.002
3.344672,2.002728E-05,-1.83658E-05,-6.66667E-04
3.345673,9.298383E-06,9.149371E-06,-3.66667E-03
3.346673,3.814726E-06,3.078976E-05,-6.66667E-04
3.347674,-1.573574E-05,2.171111E-05,-6.66667E-04
3.348674,-8.821546E-06,2.38457E-05,-6.66667E-04
3.349675,-7.152586E-06,2.8398E-05,-6.66667E-04
3.350675,1.096731E-05,3.618584E-05,-.002
3.351676,1.597416E-05,3.255182E-05,-2.33333E-03
3.352676,4.529982E-06,2.623734E-05,-.001
3.353677,-3.099456E-06,1.913693E-05,6.66667E-04
3.354677,-1.668937E-06,-5.189358E-06,-.001
3.355678,-1.33515E-05,3.596782E-06,6.66667E-04
3.356678,-1.90736E-05,-1.360668E-05,-.002
3.357679,2.622619E-06,9.311421E-06,6.66667E-04
3.358679,6.437331E-06,5.101622E-05,-2.33333E-03
3.35968,8.821546E-06,4.17924E-05,6.66667E-04
3.36068,3.099456E-06,2.311557E-06,6.66667E-04
3.361681,-4.291564E-06,-7.966592E-06,-.001
3.362681,1.215941E-05,-2.329622E-05,-6.66667E-04
3.363682,3.004086E-05,5.401694E-08,3.66667E-03
3.364682,1.239782E-05,2.558914E-05,6.66667E-04
3.365683,3.004086E-05,9.492098E-06,-.001
3.366683,4.100823E-05,5.215443E-07,-3.66667E-03
3.367684,2.765667E-05,2.305966E-05,-2.33333E-03
3.368684,2.789509E-05,3.615231E-05,.001
3.369685,2.503407E-05,2.477888E-05,-6.66667E-04
3.370685,2.145782E-06,7.901399E-06,-.002
3.371686,-2.121937E-05,6.927206E-06,-6.66667E-04
3.372686,-2.741825E-05,3.964291E-05,.002
3.373687,-3.2902E-05,2.596539E-05,6.66667E-04
3.374687,2.622619E-06,-1.027627E-05,.001
3.375688,-1.907363E-06,-5.986571E-06,-6.66667E-04
3.376688,7.867871E-06,-1.677882E-05,6.66667E-04
3.377689,3.099465E-05,-1.186511E-05,-.001
3.378689,3.719353E-05,-4.977017E-06,-6.66667E-04
3.37969,8.583127E-06,-1.339806E-05,.001
3.38069,9.77522E-06,1.754619E-06,-6.66667E-04
3.381691,-2.193463E-05,4.826143E-06,.001
3.382691,-4.3154E-05,1.013285E-05,-.002
3.383692,-5.674385E-05,7.85297E-06,-.001
3.384692,-5.769753E-05,-9.663461E-06,6.66667E-04
3.385693,-5.173706E-05,6.787508E-06,-.001
3.386693,-5.340599E-05,3.098906E-05,-.002
3.387694,-4.458451E-05,9.45112E-06,-6.66667E-04
3.388694,-5.817437E-05,1.52943E-05,6.66667E-04
3.389695,-5.269074E-05,1.383953E-06,6.66667E-04
3.390696,-2.193463E-05,-2.380475E-06,-.002
3.391696,7.391005E-06,-1.744193E-05,-6.66667E-04
3.392696,1.978886E-05,-1.213147E-05,-2.33333E-03
3.393697,3.051781E-05,-1.769525E-05,.001
3.394697,5.960494E-06,-2.273556E-05,-.002
3.395698,3.099456E-06,-5.316018E-06,-.001
3.396698,-8.344708E-06,-2.758592E-06,-6.66667E-04
3.397699,-2.646458E-05,2.111879E-05,-6.66667E-04
3.398699,-7.152586E-06,2.018746E-05,-.001
3.3997,-1.096731E-05,5.460926E-05,-6.66667E-04
3.400701,-1.239782E-05,4.685135E-05,6.66667E-04
3.401701,-7.867871E-06,4.018866E-05,-6.66667E-04
3.402701,7.152586E-06,3.452622E-05,6.66667E-04
3.403702,2.765667E-05,2.325897E-05,.002
3.404702,8.821546E-06,2.633047E-05,-.002
3.405703,1.883518E-05,2.213579E-05,-.001
3.406703,1.716625E-05,2.082821E-05,6.66667E-04
3.407704,2.813351E-05,-1.180364E-05,-.001
3.408704,5.960494E-06,-2.405059E-05,6.66667E-04
3.409705,9.298383E-06,-1.862657E-08,-.001
3.410706,1.811993E-05,2.390717E-05,-6.66667E-04
3.411706,6.079697E-05,-4.457339E-06,-.001
3.412706,9.298371E-05,-3.128895E-05,6.66667E-04
3.413707,1.106267E-04,-4.631118E-05,6.66667E-04
3.414707,1.466284E-04,-5.188794E-05,-.001
3.415708,1.909742E-04,-5.322718E-05,6.66667E-04
3.416708,2.22207E-04,-4.618452E-05,-6.66667E-04
3.417709,2.772827E-04,-3.241771E-05,-.001
3.418709,2.89442E-04,-4.922622E-05,-.002
3.41971,2.663154E-04,-5.268701E-05,-3.66667E-03
3.420711,2.653617E-04,-5.256594E-05,6.66667E-04
3.421711,2.343664E-04,-5.461113E-05,.002
3.422711,1.759538E-04,-5.461113E-05,-.001
3.423712,1.566419E-04,-3.499747E-05,-.001
3.424712,1.080041E-04,-1.976464E-05,-.001
3.425713,9.059953E-05,-2.709043E-05,-.002
3.426713,7.414864E-05,-7.858558E-06,-6.66667E-04
3.427714,3.123307E-05,2.381403E-05,-.001
3.428714,2.098095E-05,6.901129E-06,-6.66667E-04
3.429715,2.312672E-05,9.056239E-06,-2.33333E-03
3.430716,-9.298383E-06,4.850357E-06,-6.66667E-04
3.431716,2.813351E-05,1.062086E-05,6.66667E-04
3.432716,1.549732E-05,3.218115E-05,6.66667E-04
3.433717,4.053145E-06,8.121169E-07,-3.66667E-03
3.434717,2.264988E-05,-1.139758E-05,-.001
3.435718,-6.914168E-06,-1.668569E-05,-.002
3.436718,-1.072889E-05,-1.527753E-05,-6.66667E-04
3.437719,-6.198912E-06,-2.436354E-06,-.001
3.438719,-2.384204E-07,-3.827765E-06,-.001
3.43972,-4.768408E-07,-3.499925E-06,-.002
3.440721,-9.77522E-06,1.303112E-05,6.66667E-04
3.441721,-1.1921E-06,-1.499437E-06,-6.66667E-04
3.442721,-4.053145E-06,-3.506267E-05,-.001
3.443722,2.002728E-05,2.179309E-06,-2.33333E-03
3.444722,3.504776E-05,1.735993E-06,-.001
3.445723,3.814721E-05,-3.324836E-06,.001
3.446723,1.6451E-05,-7.115334E-06,-6.66667E-04
3.447724,1.668942E-05,-5.27504E-06,6.66667E-04
3.448724,3.075623E-05,2.044451E-05,6.66667E-04
3.449725,4.3154E-05,4.444108E-05,-.002
3.450726,5.960488E-05,4.525692E-05,-6.66667E-04
3.451726,3.862404E-05,2.155278E-05,-6.66667E-04
3.452726,1.430519E-06,-8.300005E-06,6.66667E-04
3.453727,2.694142E-05,-8.396863E-06,-6.66667E-04
3.454727,2.360356E-05,1.225628E-06,-6.66667E-04
3.455728,1.382834E-05,2.055813E-05,6.66667E-04
3.456728,9.059964E-06,-1.339993E-05,-.002
3.457729,1.788151E-05,-3.079721E-05,-6.66667E-04
3.458729,4.410767E-05,-3.544451E-05,-.001
3.45973,3.123307E-05,-2.485153E-05,-.002
3.460731,5.960494E-06,-1.563889E-05,6.66667E-04
3.461731,0,-1.851295E-05,-.001
3.462731,-1.835835E-05,-1.06041E-05,-.001
3.463732,-7.391005E-06,-6.372138E-06,-.001
3.464732,3.361725E-05,-1.912389E-05,.001
3.465733,3.767037E-05,-1.855202E-06,-6.66667E-04
3.466733,1.716625E-05,1.467025E-05,-.001
3.467734,1.883518E-05,7.146999E-06,-6.66667E-04
3.468734,-7.391005E-06,-9.108371E-07,-6.66667E-04
3.469735,9.77522E-06,9.199663E-06,-.001
3.470736,1.239782E-05,2.102565E-05,-.001
3.471736,-1.406675E-05,-3.227979E-06,6.66667E-04
3.472736,-1.049048E-05,-1.305348E-05,.001
3.473737,5.483656E-06,-1.485465E-05,6.66667E-04
3.474737,-1.454359E-05,-1.913134E-05,.001
3.475738,5.960494E-06,-1.813297E-05,-.002
3.476738,7.867871E-06,5.515321E-06,2.33333E-03
3.477739,2.622619E-06,1.824659E-05,6.66667E-04
3.478739,1.311308E-05,3.693276E-05,-6.66667E-04
3.47974,2.622616E-05,8.057861E-06,6.66667E-04
3.480741,5.078339E-05,-9.797572E-06,-.001
3.481741,2.908718E-05,-1.890596E-05,-.002
3.482741,3.099456E-06,-2.239842E-05,-6.66667E-04
3.483742,6.914168E-06,-6.929069E-06,-.002
3.484742,-4.529982E-06,5.453854E-06,-.001
3.485743,-2.02657E-05,6.137445E-06,6.66667E-04
3.486743,-2.861038E-06,2.027873E-05,-6.66667E-04
3.487744,0,1.159502E-05,6.66667E-04
3.488744,-2.002728E-05,-8.553325E-06,.001
3.489745,-1.239782E-05,6.59193E-06,6.66667E-04
3.490746,-2.861038E-06,1.902517E-05,-6.66667E-04
3.491746,-3.266358E-05,-1.784421E-06,-.002
3.492746,-4.863762E-05,-2.970931E-05,-6.66667E-04
3.493747,-3.194832E-05,-1.957652E-05,-6.66667E-04
3.494747,-1.192099E-05,-5.872949E-06,-.002
3.495748,-6.198912E-06,-8.40245E-06,-6.66667E-04
3.496748,-1.502043E-05,-1.219852E-05,-6.66667E-04
3.497749,1.406675E-05,1.187442E-05,-.001
3.498749,1.120573E-05,3.176765E-05,.001
3.49975,2.145779E-05,-6.873197E-07,-6.66667E-04
3.500751,3.576302E-05,9.648575E-07,-.001
3.501751,6.437331E-06,-3.250712E-05,-6.66667E-04
3.502751,-6.675749E-06,-1.799141E-05,-2.33333E-03
3.503752,-3.218674E-05,1.225628E-06,-6.66667E-04
3.504752,-4.553818E-05,2.184336E-05,-6.66667E-04
3.505753,-3.671669E-05,2.262939E-05,-6.66667E-04
3.506753,-3.767037E-05,7.819443E-06,-6.66667E-04
3.507754,-3.266358E-05,1.311867E-05,-.001
3.508754,-1.1921E-06,2.46187E-05,-6.66667E-04
3.509755,2.074253E-05,2.274304E-06,.001
3.510756,7.391005E-06,5.371898E-06,.001
3.511756,9.77522E-06,-2.747416E-06,-.001
3.512756,9.77522E-06,-1.057802E-05,-6.66667E-04
3.513757,1.764309E-05,-2.352346E-05,-2.33333E-03
3.514757,-1.788151E-05,-1.619023E-05,-.001
3.515758,1.430517E-05,-1.049793E-05,6.66667E-04
3.516758,1.192099E-05,1.952067E-06,.001
3.517759,-1.215941E-05,-2.455909E-05,-.001
3.518759,-3.337875E-06,-5.367422E-05,-.001
3.51976,-1.096731E-05,-5.461113E-05,-6.66667E-04
3.520761,-7.152594E-07,-4.436471E-05,-.001
3.521761,1.430517E-05,-3.372901E-05,.002
3.522761,3.457093E-05,-4.089461E-05,.002
3.523762,3.194832E-05,-4.984462E-05,2.33333E-03
3.524762,2.55109E-05,-2.940756E-05,.001
3.525763,-4.768408E-07,2.495963E-07,6.66667E-04
3.526763,-9.059964E-06,1.251705E-06,6.66667E-04
3.527764,-1.454359E-05,1.446909E-05,-6.66667E-04
3.528764,-3.910088E-05,2.245617E-05,-6.66667E-04
3.529765,-4.267716E-05,1.83509E-05,-6.66667E-04
3.530766,-3.457093E-05,1.44635E-05,-.002
3.531766,-2.717983E-05,3.691227E-05,.001
3.532766,2.3842E-06,3.430457E-05,-6.66667E-04
3.533767,-1.287466E-05,-2.821922E-06,-.002
3.534767,4.768408E-07,-4.701345E-06,-6.66667E-04
3.535768,1.144415E-05,-1.557183E-05,6.66667E-04
3.536768,2.121937E-05,1.460321E-06,-6.66667E-04
3.537769,8.583127E-06,2.533216E-07,-.002
3.538769,1.621258E-05,-1.385814E-05,6.66667E-04
3.53977,-2.28883E-05,-1.9258E-05,6.66667E-04
3.540771,-7.391005E-06,-1.310377E-05,-6.66667E-04
3.541771,1.406675E-05,-2.655212E-05,6.66667E-04
3.542771,1.6451E-05,-1.172168E-05,.001
3.543772,5.245238E-06,-1.04644E-05,6.66667E-04
3.544772,-1.597416E-05,8.830859E-06,.001
3.545773,-7.152594E-07,1.08183E-05,2.33333E-03
3.546773,3.051781E-05,1.096545E-05,6.66667E-04
3.547774,2.694142E-05,2.367247E-05,-.001
3.548774,4.291564E-06,-4.73301E-06,.002
3.549775,2.431881E-05,-8.409901E-06,6.66667E-04
3.550776,3.337883E-05,1.121877E-05,-.002
3.551776,2.384197E-05,-1.357502E-05,-.001
3.552776,3.433251E-05,7.215916E-06,-.002
3.553777,2.646458E-05,1.485093E-05,-.002
3.554777,3.194832E-05,-6.90858E-06,-.002
3.555778,3.910088E-05,-1.293613E-05,.001
3.556778,2.694142E-05,-1.287095E-06,-6.66667E-04
3.557779,1.597416E-05,-4.129513E-06,-.001
3.558779,9.298383E-06,-9.387768E-07,.001
3.55978,5.006819E-06,4.384696E-06,-3.66667E-03
3.560781,7.629453E-06,3.252015E-05,.001
3.561781,-2.145779E-05,1.70042E-05,6.66667E-04
3.562781,-1.406675E-05,2.559472E-05,-.001
3.563782,-7.629453E-06,2.156955E-05,6.66667E-04
3.564783,1.120573E-05,2.039608E-05,-6.66667E-04
3.565783,1.549732E-05,9.967072E-06,-.001
3.566783,8.821546E-06,4.971429E-06,6.66667E-04
3.567784,1.239782E-05,-2.550532E-05,-3.66667E-03
3.568784,7.867871E-06,-2.174091E-05,-6.66667E-04
3.569785,-1.263624E-05,-2.388482E-05,-.002
3.570786,-8.821546E-06,-2.98341E-05,-2.33333E-03
3.571786,2.145782E-06,-9.996875E-06,-2.33333E-03
3.572786,5.245238E-06,-1.186512E-06,-.001
3.573787,-2.598774E-05,-1.6708E-06,-3.66667E-03
3.574788,-4.005455E-05,-9.328185E-06,6.66667E-04
3.575788,-3.218674E-05,-5.188608E-05,-6.66667E-04
3.576788,-1.430517E-05,-3.655092E-05,-.001
3.577789,-9.536801E-06,-3.287406E-05,6.66667E-04
3.578789,-1.33515E-05,-3.271573E-05,-.001
3.57979,-1.1921E-06,-5.1521E-05,-6.66667E-04
3.580791,-1.883518E-05,-5.352707E-05,-6.66667E-04
3.581791,-1.621258E-05,-5.172589E-05,-.001
3.582791,-1.525891E-05,-4.151673E-05,-3.66667E-03
3.583792,-2.145779E-05,-2.804596E-05,-2.33333E-03
3.584793,-2.336514E-05,-1.997699E-05,-6.66667E-04
3.585793,-4.625344E-05,-1.917977E-05,-6.66667E-04
3.586793,-3.719353E-05,-2.926413E-05,-.001
3.587794,-1.835835E-05,-3.555813E-05,2.33333E-03
3.588794,5.960494E-06,-1.505582E-05,-.001
3.589795,2.28883E-05,-2.929955E-06,-2.33333E-03
3.590796,2.074253E-05,1.493661E-05,2.33333E-03
3.591796,-2.384204E-07,2.054512E-06,.001
3.592796,3.099456E-06,-1.056126E-05,.001
3.593797,4.172348E-05,-4.240149E-05,.001
3.594798,4.029297E-05,-2.826017E-05,6.66667E-04
3.595798,3.266358E-05,1.941819E-05,-.001
3.596798,7.152586E-06,2.761756E-05,6.66667E-04
3.597799,-1.692784E-05,2.676636E-06,-.004
3.598799,1.907363E-06,-6.146774E-08,6.66667E-04
3.5998,-8.344708E-06,-4.403322E-06,.002
3.600801,8.583127E-06,-1.840678E-05,-.001
3.601801,1.263624E-05,-1.788151E-05,-.001
3.602801,-6.437331E-06,-3.10617E-05,6.66667E-04
3.603802,-1.382834E-05,-6.651535E-06,-.001
3.604803,-6.198912E-06,2.670113E-05,-.001
3.605803,-2.384204E-07,7.694645E-06,-6.66667E-04
3.606803,1.978886E-05,-3.08028E-05,.001
3.607804,3.314042E-05,-1.881283E-05,-.001
3.608804,4.744553E-05,-4.234002E-05,.001
3.609805,-5.006819E-06,-3.779517E-05,-6.66667E-04
3.610806,-4.529982E-06,-3.179559E-05,6.66667E-04
3.611806,-2.3842E-06,-1.639139E-05,-6.66667E-04
3.612806,1.430519E-06,-6.36655E-06,-.001
3.613807,-1.454359E-05,-7.363065E-06,-.002
3.614808,-2.312672E-05,-5.137204E-06,6.66667E-04
3.615808,-2.93256E-05,-1.080339E-07,.002
3.616808,-2.646458E-05,1.899907E-07,.001
3.617809,-1.001364E-05,4.97888E-06,.001
3.618809,8.344708E-06,5.733251E-06,-.002
3.61981,5.483656E-06,-5.545124E-06,-6.66667E-04
3.620811,1.430519E-06,-5.641981E-06,.001
3.621811,-1.525891E-05,-1.828757E-05,6.66667E-04
3.622811,-8.821546E-06,-2.52818E-05,.001
3.623812,-8.344708E-06,-9.251817E-06,-6.66667E-04
3.624813,-1.668942E-05,-1.901959E-05,-6.66667E-04
3.625813,-1.478201E-05,-8.938892E-06,-.001
3.626813,-4.529982E-06,1.819816E-05,-.002
3.627814,5.245238E-06,3.514826E-06,-6.66667E-04
3.628814,8.10629E-06,-2.047617E-05,.001
3.629815,5.960494E-06,-1.690548E-05,-.001
3.630816,1.168257E-05,-2.211344E-05,-.001
3.631816,4.053145E-06,-9.721203E-06,-.002
3.632816,-1.287466E-05,-1.106231E-05,-6.66667E-04
3.633817,-4.053145E-06,4.053145E-06,-6.66667E-04
3.634818,-7.152586E-06,4.236237E-05,-.001
3.635818,-4.57766E-05,2.072018E-05,-.001
3.636818,-4.053139E-05,-1.839374E-05,-.001
3.637819,-2.336514E-05,-1.557183E-05,-6.66667E-04
3.638819,-1.788151E-05,-1.566124E-05,-6.66667E-04
3.63982,9.536816E-07,-2.27039E-05,-6.66667E-04
3.640821,-5.245238E-06,-2.638076E-05,6.66667E-04
3.641821,1.120573E-05,-4.068227E-05,-6.66667E-04
3.642821,1.025206E-05,-3.08177E-05,-.002
3.643822,-3.337875E-06,-3.374764E-05,-6.66667E-04
3.644823,7.152586E-06,-2.068293E-05,-6.66667E-04
3.645823,1.430517E-05,-8.476956E-06,.001
3.646823,8.10629E-06,-4.478567E-05,-.001
3.647824,7.152594E-07,-5.445839E-05,.001
3.648824,1.263624E-05,-3.607036E-05,6.66667E-04
3.649825,2.980244E-05,-4.744367E-05,-6.66667E-04
3.650826,3.623986E-05,-1.880911E-05,-.001
3.651826,8.583127E-06,-2.300751E-05,6.66667E-04
3.652826,1.668937E-06,-2.609764E-05,-.001
3.653827,-2.622619E-06,1.403509E-05,-.001
3.654828,-3.361725E-05,1.257291E-05,.001
3.655828,-2.384197E-05,9.834825E-06,-.001
3.656828,-2.360356E-05,2.210413E-05,6.66667E-04
3.657829,-2.408039E-05,-1.705077E-05,-.002
3.658829,-1.263624E-05,-9.538664E-06,-6.66667E-04
3.65983,-3.337875E-06,-8.823408E-06,-.001
3.66083,-1.287466E-05,-2.66229E-05,-3.66667E-03
3.661831,6.675749E-06,-1.482858E-05,-6.66667E-04
3.662831,-1.239782E-05,6.087153E-06,-.001
3.663832,-3.838562E-05,3.528246E-05,-6.66667E-04
3.664833,-2.527249E-05,4.024827E-05,-.002
3.665833,-1.168257E-05,1.69446E-05,-6.66667E-04
3.666833,-3.814726E-06,4.565372E-06,-.001
3.667834,1.430519E-06,-1.340924E-05,-.002
3.668834,-5.006819E-06,-5.046674E-05,6.66667E-04
3.669835,-1.621258E-05,-5.372078E-05,-.002
3.670835,-1.1921E-06,-1.344091E-05,-6.66667E-04
3.671836,2.264988E-05,-1.422694E-05,-2.33333E-03
3.672836,2.622616E-05,-2.440083E-07,-.001
3.673837,-9.059964E-06,2.187875E-05,.001
3.674838,-3.004086E-05,1.258781E-05,-.001
3.675838,-2.622616E-05,-1.512475E-06,6.66667E-04
3.676838,-2.098095E-05,-1.314661E-05,6.66667E-04
3.677839,1.883518E-05,-1.294172E-05,-6.66667E-04
3.678839,2.717983E-05,-1.720537E-05,6.66667E-04
3.67984,2.479565E-05,-1.20253E-05,6.66667E-04
3.68084,1.740467E-05,-1.478574E-05,-6.66667E-04
3.681841,-5.006819E-06,-1.092633E-05,-6.66667E-04
3.682841,3.814726E-06,-3.293552E-05,-.002
3.683842,2.241146E-05,-4.29491E-05,-6.66667E-04
3.684843,1.859677E-05,-3.398047E-05,-6.66667E-04
3.685843,-5.006819E-06,-2.937031E-05,-6.66667E-04
3.686843,6.914168E-06,-1.319876E-05,-.002
3.687844,1.430519E-06,-1.013099E-05,6.66667E-04
3.688844,-4.768401E-06,9.741692E-06,-6.66667E-04
3.689845,2.217304E-05,2.864946E-05,-.002
3.690845,2.908718E-05,1.641188E-05,-.001
3.691846,2.145782E-06,7.614522E-06,-6.66667E-04
3.692847,-2.074253E-05,-7.744937E-06,-.001
3.693847,-2.6703E-05,-3.015637E-06,-.001
3.694848,-4.482293E-05,-1.320807E-05,-6.66667E-04
3.695848,-4.887604E-05,-1.312426E-05,-6.66667E-04
3.696848,-2.384197E-05,-2.754867E-06,6.66667E-04
3.697849,-2.861038E-06,1.266608E-07,.002
3.698849,-7.152594E-07,-1.098594E-05,.001
3.69985,1.6451E-05,-1.537439E-05,-6.66667E-04
3.70085,-2.3842E-06,9.343086E-06,-.002
3.701851,-2.503407E-05,6.554677E-06,-.001
3.702852,-3.17099E-05,3.060163E-05,6.66667E-04
3.703852,-2.6703E-05,5.82452E-06,.001
3.704853,-3.385567E-05,-1.906243E-05,-6.66667E-04
3.705853,-1.502043E-05,-1.738605E-05,6.66667E-04
3.706853,7.152594E-07,-5.576789E-06,-6.66667E-04
3.707854,-9.059964E-06,-5.768641E-06,6.66667E-04
3.708854,-1.740467E-05,-2.952304E-05,6.66667E-04
3.709855,-2.098095E-05,-2.65186E-05,6.66667E-04
3.710855,9.298383E-06,-2.539915E-05,-6.66667E-04
3.711856,-2.455723E-05,-1.258968E-05,2.33333E-03
3.712857,-3.17099E-05,-1.778093E-05,-.002
3.713857,-1.621258E-05,-2.627273E-05,.001
3.714858,-8.344708E-06,-2.993282E-05,-.001
3.715858,2.622619E-06,-3.782683E-05,.002
3.716858,2.861038E-06,-7.538154E-06,-6.66667E-04
3.717859,-9.059964E-06,9.872077E-06,-.001
3.718859,1.597416E-05,5.973532E-06,6.66667E-04
3.71986,1.382834E-05,-1.163041E-05,.001
3.72086,-1.33515E-05,-3.837631E-05,6.66667E-04
3.721861,-4.768401E-06,-3.62827E-05,.001
3.722862,-5.722075E-06,-2.227549E-05,6.66667E-04
3.723862,1.525891E-05,-3.274181E-05,-.001
3.724863,3.004086E-05,-3.087171E-05,-.001
3.725863,4.649186E-05,-3.091269E-05,-.001
3.726863,3.123307E-05,-1.795229E-05,.002
3.727864,1.978886E-05,1.775485E-05,-.001
3.728864,9.536801E-06,1.259899E-05,6.66667E-04
3.729865,1.311308E-05,-1.027627E-05,-6.66667E-04
3.730865,1.430517E-05,-1.246302E-05,-.001
3.731866,-3.576293E-06,-6.992399E-06,-.001
3.732867,0,-7.398456E-06,-.001
3.733867,5.245238E-06,-1.945731E-05,-6.66667E-04
3.734868,2.574932E-05,-3.707618E-05,-6.66667E-04
3.735868,2.479565E-05,-5.4017E-06,-6.66667E-04
3.736868,-1.788151E-05,2.280076E-05,-.001
3.737869,-2.336514E-05,3.759959E-05,-6.66667E-04
3.73887,-1.072889E-05,5.373941E-05,6.66667E-04
3.73987,-2.264988E-05,1.200667E-05,-.001
3.74087,-1.33515E-05,-1.108838E-05,6.66667E-04
3.741871,-3.337875E-06,-2.474908E-05,-.002
3.742872,-3.576293E-06,-3.783428E-05,6.66667E-04
3.743872,-6.437331E-06,-3.520609E-05,-.001
3.744873,-8.583127E-06,-2.766785E-05,.001
3.745873,-8.821546E-06,7.184251E-06,-.002
3.746873,-3.409409E-05,4.480989E-05,-.001
3.747874,-2.956402E-05,1.68198E-05,-6.66667E-04
3.748875,9.536801E-06,-5.187496E-06,6.66667E-04
3.749875,3.862404E-05,-1.839187E-05,.001
3.750875,5.22139E-05,-8.344687E-07,-6.66667E-04
3.751876,3.600144E-05,3.739842E-05,6.66667E-04
3.752877,1.263624E-05,4.499429E-05,-.001
3.753877,-2.3842E-06,5.241693E-05,-6.66667E-04
3.754878,-4.053145E-06,3.938586E-05,-6.66667E-04
3.755878,5.006819E-06,2.257538E-05,-6.66667E-04
3.756878,4.768401E-06,-1.942753E-06,2.33333E-03
3.757879,-9.536801E-06,1.081271E-05,-6.66667E-04
3.75888,-4.386925E-05,1.392706E-05,-.002
3.75988,-5.507492E-05,-1.920402E-06,-6.66667E-04
3.76088,-4.386925E-05,-1.416547E-05,-.001
3.761881,-9.536801E-06,-3.569969E-05,-.001
3.762882,2.861035E-05,-2.552953E-05,-6.66667E-04
3.763882,3.17099E-05,-1.945172E-05,-6.66667E-04
3.764883,2.694142E-05,-1.074754E-06,-6.66667E-04
3.765883,2.28883E-05,2.042588E-05,-.002
3.766883,-7.152594E-07,1.536694E-05,-.001
3.767884,-9.536816E-07,4.606351E-06,-.001
3.768885,1.263624E-05,1.997699E-05,.001
3.769885,1.001364E-05,1.039362E-05,-2.33333E-03
3.770885,1.6451E-05,1.285045E-05,6.66667E-04
3.771886,-7.867871E-06,-3.563255E-06,-.002
3.772887,-2.6703E-05,-1.896929E-05,-6.66667E-04
3.773887,-1.406675E-05,-1.471123E-05,.002
3.774888,-3.504776E-05,2.713513E-05,-.001
3.775888,-4.887604E-05,5.460926E-05,-6.66667E-04
3.776888,-3.623986E-05,3.895001E-05,-.002
3.777889,4.529982E-06,3.154785E-05,-.002
3.77889,2.527249E-05,2.956029E-05,-6.66667E-04
3.77989,2.861035E-05,5.460926E-05,.001
3.78089,1.764309E-05,4.014396E-05,-.001
3.781891,2.980244E-05,8.68371E-06,-.001
3.782892,2.765667E-05,-2.128829E-05,6.66667E-04
3.783892,1.978886E-05,-1.749035E-05,.001
3.784893,2.527249E-05,-3.879919E-06,-6.66667E-04
3.785893,5.960494E-06,-1.714204E-05,2.33333E-03
3.786893,2.145782E-06,-1.460133E-05,.001
3.787894,2.098095E-05,7.806404E-06,-2.33333E-03
3.788895,-4.291564E-06,1.53669E-06,-.001
3.789895,6.437331E-06,-1.790945E-05,-6.66667E-04
3.790895,9.77522E-06,-1.491986E-06,.002
3.791896,-2.360356E-05,1.534827E-06,-6.66667E-04
3.792897,-2.622616E-05,1.040479E-05,6.66667E-04
3.793897,-4.553818E-05,1.128955E-05,-6.66667E-04
3.794898,-6.318139E-05,-1.103996E-05,-2.33333E-03
3.795898,-1.406675E-05,-2.070155E-05,-6.66667E-04
3.796898,2.622619E-06,-7.398456E-06,-6.66667E-04
3.797899,1.192099E-05,5.532085E-06,.001
3.7989,-6.914168E-06,8.856936E-06,-2.33333E-03
3.7999,-2.527249E-05,1.619209E-05,-.001
3.8009,7.629453E-06,2.111692E-05,.001
3.801901,-2.121937E-05,1.703587E-05,.001
3.802902,-5.316758E-05,6.804272E-06,.001
3.803902,-4.887604E-05,-6.420567E-06,6.66667E-04
3.804903,-2.6703E-05,3.46826E-06,-6.66667E-04
3.805903,-9.059964E-06,-3.248104E-05,-.002
3.806903,-4.529982E-06,-5.416968E-05,-.001
3.807904,-7.152586E-06,-5.248399E-05,.001
3.808905,-1.907363E-06,-3.094808E-05,.002
3.809905,-1.907363E-06,-1.118338E-05,-3.66667E-03
3.810905,-1.215941E-05,-2.22401E-05,6.66667E-04
3.811906,-1.096731E-05,-1.057429E-05,-.002
3.812907,-1.502043E-05,7.251307E-06,-.001
3.813907,-1.668942E-05,-1.637463E-05,-.002
3.814908,-1.382834E-05,-1.472986E-05,.001
3.815908,-8.344708E-06,2.207249E-06,-.002
3.816908,1.764309E-05,5.187496E-06,-.002
3.817909,2.646458E-05,2.016511E-05,-.001
3.81891,-1.430517E-05,3.724755E-05,-6.66667E-04
3.81991,-1.859677E-05,2.517004E-05,-.001
3.82091,-2.527249E-05,1.710851E-05,6.66667E-04
3.821911,-3.576302E-05,-2.602499E-05,.001
3.822912,-1.263624E-05,-9.786396E-06,.001
3.823912,-1.573574E-05,2.706438E-06,-.001
3.824913,-9.059964E-06,-1.88445E-05,6.66667E-04
3.825913,3.099456E-06,-1.659815E-05,-.001
3.826913,1.215941E-05,-1.169188E-05,-.002
3.827914,3.957772E-05,-2.017256E-05,-.001
3.828915,4.243874E-05,-5.178183E-06,-.002
3.829915,3.862404E-05,-7.489725E-06,6.66667E-04
3.830915,4.148507E-05,-9.715615E-06,-.001
3.831916,2.598774E-05,1.575623E-05,-.001
3.832916,9.77522E-06,5.601003E-06,-.001
3.833917,1.430519E-06,1.114054E-05,6.66667E-04
3.834918,1.788151E-05,1.317827E-05,-6.66667E-04
3.835918,2.241146E-05,2.529297E-05,6.66667E-04
3.836918,1.358992E-05,3.374205E-05,-3.66667E-03
3.837919,1.096731E-05,2.666947E-05,6.66667E-04
3.83892,3.457093E-05,2.715003E-05,-6.66667E-04
3.83992,3.099465E-05,3.319443E-05,6.66667E-04
3.84092,9.298383E-06,2.628576E-05,6.66667E-04
3.841921,4.529982E-06,1.455849E-05,6.66667E-04
3.842921,-3.337875E-06,-3.144541E-05,-.001
3.843922,-2.217304E-05,-2.15919E-05,6.66667E-04
3.844923,-4.005455E-05,-2.012227E-05,6.66667E-04
3.845923,-2.884876E-05,-4.155026E-05,-6.66667E-04
3.846923,1.573574E-05,-5.461113E-05,-.002
3.847924,1.478201E-05,-5.461113E-05,-6.66667E-04
3.848925,-1.883518E-05,-1.808826E-05,-6.66667E-04
3.849925,2.384204E-07,8.298142E-06,-6.66667E-04
3.850925,2.622619E-06,1.558114E-05,.001
3.851926,-1.406675E-05,-2.371718E-05,-6.66667E-04
3.852926,1.668942E-05,-2.69619E-05,-3.66667E-03
3.853927,1.90736E-05,-1.869735E-05,-.001
3.854928,2.908718E-05,-2.756168E-05,6.66667E-04
3.855928,4.19619E-05,2.561894E-05,.001
3.856929,3.337883E-05,3.274367E-05,-6.66667E-04
3.857929,-1.025206E-05,6.251066E-06,-6.66667E-04
3.85893,-4.005455E-05,1.402764E-05,2.33333E-03
3.85993,-2.360356E-05,-1.065625E-05,.001
3.86093,1.549732E-05,-1.591642E-05,-6.66667E-04
3.861931,1.382834E-05,-8.771254E-06,-6.66667E-04
3.862931,-1.025206E-05,-3.203028E-05,.002
3.863932,-2.956402E-05,-2.863456E-05,-.002
3.864933,8.10629E-06,-2.679799E-05,-6.66667E-04
3.865933,3.099465E-05,-2.702896E-05,-.001
3.866934,7.629453E-06,-1.203461E-05,6.66667E-04
3.867934,-1.454359E-05,-5.345828E-07,.002
3.868935,-1.478201E-05,1.182972E-05,6.66667E-04
3.869935,-1.454359E-05,1.837697E-05,-.001
3.870935,-1.811993E-05,-1.224881E-05,.001
3.871936,1.025206E-05,-3.149942E-05,-.002
3.872936,2.02657E-05,-2.734002E-05,-.002
3.873937,3.361725E-05,-2.205011E-05,-.001
3.874938,5.507492E-05,6.934657E-06,6.66667E-04
3.875938,1.597416E-05,3.308072E-06,-2.33333E-03
3.876939,7.152586E-06,-6.78192E-06,6.66667E-04
3.877939,-1.406675E-05,-1.824845E-05,-.001
3.87894,-2.956402E-05,-6.698101E-06,-.002
3.87994,-1.978886E-05,-1.139945E-05,-.001
3.88094,-3.862404E-05,9.590818E-06,6.66667E-04
3.881941,-1.835835E-05,1.972556E-06,.001
3.882941,-1.215941E-05,4.390284E-06,6.66667E-04
3.883942,1.430519E-06,2.968509E-05,6.66667E-04
3.884943,4.768401E-06,1.975719E-05,-.001
3.885943,2.217304E-05,8.652045E-06,-2.33333E-03
3.886944,4.148507E-05,9.704439E-06,-.002
3.887944,6.413506E-05,3.518551E-06,.001
3.888945,4.696869E-05,9.240641E-06,.001
3.889945,7.152586E-06,2.697681E-05,-.001
3.890945,-1.358992E-05,2.549787E-05,-2.33333E-03
3.891946,-3.55246E-05,3.463984E-05,6.66667E-04
3.892946,-2.28883E-05,-5.774223E-08,-.001
3.893947,-7.152594E-07,-4.800066E-06,-.001
3.894948,6.914168E-06,1.063576E-05,-2.33333E-03
3.895948,-8.344708E-06,5.252696E-07,6.66667E-04
3.896949,-1.883518E-05,-1.341114E-07,6.66667E-04
3.897949,-4.673027E-05,-1.785543E-05,-.002
3.89895,-3.457093E-05,-2.847999E-06,-.001
3.89995,-6.198912E-06,-1.191912E-05,-6.66667E-04
3.90095,1.287466E-05,1.899907E-07,.001
3.901951,2.598774E-05,-4.781439E-06,-.001
3.902952,5.149865E-05,-7.474824E-06,6.66667E-04
3.903952,4.434609E-05,-3.283858E-06,-.001
3.904953,4.911446E-05,-1.456408E-05,-.001
3.905953,8.821546E-06,-8.463918E-06,6.66667E-04
3.906954,-8.583127E-06,-2.283242E-05,-.001
3.907954,-4.053145E-06,-5.615904E-06,-.001
3.908955,-1.072889E-05,1.067115E-05,-.001
3.909955,-5.006819E-06,1.281878E-05,-.001
3.910955,-1.6451E-05,2.438773E-05,-.002
3.911956,-7.391005E-06,-5.625217E-06,-.004
3.912957,4.768401E-06,1.007698E-06,-.001
3.913957,3.242516E-05,6.854563E-06,-2.33333E-03
3.914958,2.93256E-05,9.466021E-06,6.66667E-04
3.915958,8.821546E-06,4.638016E-06,6.66667E-04
3.916959,-1.120573E-05,-8.767529E-06,-.001
3.917959,-1.001364E-05,-4.024827E-05,-.002
3.91896,9.536816E-07,-3.45225E-05,-.001
3.91996,-6.198912E-06,-1.369981E-05,-6.66667E-04
3.92096,1.668937E-06,-1.127837E-05,-.001
3.921961,1.90736E-05,2.700102E-05,-.001
3.922962,2.145779E-05,7.543742E-06,-.002
3.923962,4.124665E-05,1.378365E-06,-2.33333E-03
3.924963,5.412125E-05,1.065439E-05,-.002
3.925963,3.2902E-05,-1.272194E-06,.001
3.926964,-1.788151E-05,1.059851E-05,.001
3.927964,-2.455723E-05,1.012167E-05,2.33333E-03
3.928965,-1.406675E-05,9.985699E-06,-.002
3.929965,1.406675E-05,5.997746E-06,-.002
3.930965,2.93256E-05,-1.935672E-05,-.002
3.931966,2.002728E-05,-2.526876E-05,-.001
3.932967,1.215941E-05,-9.900017E-06,-3.66667E-03
3.933967,-1.621258E-05,2.337073E-05,.001
3.934968,3.576293E-06,9.024574E-06,-6.66667E-04
3.935968,7.629453E-06,-6.111368E-06,-6.66667E-04
3.936969,-2.6703E-05,-1.996208E-05,.001
3.937969,-2.55109E-05,-1.185766E-05,.001
3.93897,1.096731E-05,-4.790752E-06,2.33333E-03
3.93997,3.957772E-05,-6.737217E-06,.002
3.94097,5.435967E-05,-2.491113E-05,-6.66667E-04
3.941971,1.072889E-05,-3.178627E-05,6.66667E-04
3.942972,2.336514E-05,-2.447714E-05,-6.66667E-04
3.943972,1.096731E-05,3.827765E-06,6.66667E-04
3.944973,-9.059964E-06,-4.379108E-06,-.001
3.945973,-5.722075E-06,2.156958E-06,-.001
3.946974,7.152586E-06,-3.390029E-06,-.001
3.947974,2.765667E-05,-7.515802E-06,-6.66667E-04
3.948975,8.583127E-06,2.425921E-05,.001
3.949975,-3.480935E-05,-6.109512E-07,-.001
3.950975,-2.479565E-05,-2.545503E-05,6.66667E-04
3.951976,-1.072889E-05,-8.510484E-06,-.001
3.952977,-8.344708E-06,-1.969573E-05,6.66667E-04
3.953977,9.298383E-06,-1.425488E-05,-6.66667E-04
3.954978,4.076981E-05,1.661491E-05,6.66667E-04
3.955978,3.814721E-05,1.197688E-06,6.66667E-04
3.956979,-5.483656E-06,1.725752E-05,6.66667E-04
3.957979,-1.883518E-05,2.24394E-05,-.002
3.95898,-2.241146E-05,3.499002E-05,-3.66667E-03
3.95998,-3.337875E-06,3.573694E-05,6.66667E-04
3.96098,-4.768401E-06,1.096918E-05,-2.33333E-03
3.961981,1.621258E-05,1.910341E-05,-6.66667E-04
3.962982,1.859677E-05,1.795043E-05,-6.66667E-04
3.963982,-1.287466E-05,-2.261266E-06,-.002
3.964983,-7.629453E-06,3.534951E-05,-.002
3.965983,-1.168257E-05,3.299885E-05,.001
3.966984,2.622619E-06,5.688547E-06,6.66667E-04
3.967984,1.430517E-05,-4.982605E-06,-6.66667E-04
3.968985,0,1.266605E-05,-.001
3.969985,1.215941E-05,3.047302E-06,-.002
3.970985,-6.198912E-06,2.702523E-05,-6.66667E-04
3.971986,-9.536801E-06,1.623307E-05,-6.66667E-04
3.972987,-3.576293E-06,1.243694E-05,-.001
3.973987,-2.455723E-05,1.310563E-05,-.001
3.974988,-2.28883E-05,8.07835E-06,.001
3.975988,-2.55109E-05,2.89084E-06,-.002
3.976989,-1.978886E-05,-2.664898E-05,-2.33333E-03
3.977989,3.576293E-06,-1.604867E-05,-6.66667E-04
3.97899,2.360356E-05,-1.365325E-05,-.001
3.97999,8.821546E-06,-2.83496E-06,-6.66667E-04
3.98099,-1.168257E-05,2.14969E-05,-.002
3.981991,-2.813351E-05,3.99875E-05,-.001
3.982992,-2.741825E-05,2.640497E-05,-.001
3.983992,-2.503407E-05,4.148134E-05,-.001
3.984993,-3.385567E-05,4.991726E-05,6.66667E-04
3.985993,-1.33515E-05,5.460926E-05,-.002
3.986994,-8.344708E-06,3.450946E-05,-6.66667E-04
3.987994,8.10629E-06,-2.939269E-06,-3.66667E-03
3.988995,3.123307E-05,-1.237361E-05,-.002
3.989995,2.789509E-05,4.448026E-06,6.66667E-04
3.990995,1.096731E-05,-2.205386E-06,-.001
3.991996,0,-2.51421E-05,.001
3.992997,-3.457093E-05,2.523899E-06,2.33333E-03
3.993997,-3.2902E-05,-2.896428E-06,-2.33333E-03
3.994998,-2.455723E-05,2.518311E-06,6.66667E-04
3.995998,-3.123307E-05,3.574626E-05,-.002
3.996999,-2.098095E-05,2.306711E-05,-3.66667E-03
3.997999,-1.406675E-05,3.112876E-05,-.001
3.999,-2.002728E-05,2.737355E-05,-.001
4,1.001364E-05,2.333161E-05,-6.66667E-04
