"c:\users\esrlabn1\desktop\bence\ir_spectroscopy\1000nm_odmr\magnet_map_7_1310nm\046.dat  ---  04-23-2026 18:03:56"
""
"cavityli 20 2 4 2000 1 0 0"
"                             ;                             ;seth_xesr_precise 112.98 1 0 -0.688976377952756"
"setlockin 188.67 0.004 0 0.03 0.005"
4,2000
2,-1.001364E-05,-7.97963E-06,-6.66667E-04
2.001,-4.053145E-06,-4.088529E-05,-2.33333E-03
2.002001,-2.050411E-05,-1.150748E-05,2.33333E-03
2.003001,-3.719353E-05,-2.7476E-05,-.004
2.004002,-2.861038E-06,2.009809E-06,-6.66667E-04
2.005002,-8.821546E-06,3.129258E-06,-6.66667E-04
2.006003,3.814726E-06,-7.927476E-06,-6.66667E-04
2.007004,-3.337875E-06,-1.69595E-05,-.001
2.008004,-1.263624E-05,-1.292868E-05,-6.66667E-04
2.009005,4.768401E-06,-2.266106E-05,6.66667E-04
2.010005,-9.536816E-07,-1.101015E-05,-6.66667E-04
2.011005,-1.692784E-05,-1.119828E-05,-.002
2.012006,1.168257E-05,-1.07736E-05,-6.66667E-04
2.013006,3.099465E-05,-2.327387E-05,-.001
2.014007,1.811993E-05,4.43685E-06,6.66667E-04
2.015007,3.218674E-05,1.694832E-05,-6.66667E-04
2.016008,3.600144E-05,1.886685E-05,-6.66667E-04
2.017009,4.220032E-05,3.267094E-06,6.66667E-04
2.018009,1.859677E-05,-1.418224E-05,-6.66667E-04
2.01901,5.006819E-06,-9.272306E-06,.001
2.02001,-1.239782E-05,-1.622003E-05,6.66667E-04
2.02101,-3.17099E-05,4.088535E-06,.002
2.022011,-4.982972E-05,1.12225E-05,-.001
2.023011,-4.982972E-05,3.736481E-06,.001
2.024012,-5.507492E-05,-2.031226E-05,-6.66667E-04
2.025012,-4.696869E-05,3.254056E-06,-.001
2.026013,-1.454359E-05,-4.936046E-07,-6.66667E-04
2.027014,1.001364E-05,8.977986E-07,-6.66667E-04
2.028014,-1.1921E-06,7.281109E-06,6.66667E-04
2.029015,-2.455723E-05,1.628522E-05,-.001
2.030015,-1.835835E-05,2.48627E-05,-.001
2.031015,-1.025206E-05,1.804729E-05,6.66667E-04
2.032016,2.002728E-05,4.729285E-06,6.66667E-04
2.033016,4.57766E-05,3.205822E-05,.001
2.034017,3.528618E-05,2.041284E-05,-.001
2.035017,4.529982E-06,2.771628E-05,-6.66667E-04
2.036018,1.740467E-05,-1.176452E-05,6.66667E-04
2.037019,2.694142E-05,-8.642732E-06,-6.66667E-04
2.038019,2.527249E-05,1.209421E-05,-.001
2.03902,3.433251E-05,1.436664E-05,-.001
2.04002,1.931202E-05,7.292285E-06,.001
2.04102,5.245238E-06,-3.568843E-06,-.002
2.042021,3.814726E-06,-1.702465E-06,-6.66667E-04
2.043021,3.361725E-05,2.120074E-05,.001
2.044022,3.695511E-05,4.407228E-05,6.66667E-04
2.045022,2.336514E-05,3.908039E-05,.001
2.046023,2.980244E-05,5.302043E-05,-.001
2.047024,3.17099E-05,5.460926E-05,-6.66667E-04
2.048024,1.883518E-05,3.46119E-05,-6.66667E-04
2.049025,5.006819E-06,4.149252E-05,6.66667E-04
2.050025,-9.536801E-06,4.93268E-05,6.66667E-04
2.051026,-2.193463E-05,5.129003E-05,2.33333E-03
2.052026,-5.960494E-06,3.502914E-05,6.66667E-04
2.053026,-1.835835E-05,2.527062E-05,-.001
2.054027,5.722075E-06,-1.588289E-05,-6.66667E-04
2.055027,1.716625E-05,-3.706128E-05,-6.66667E-04
2.056028,1.263624E-05,-3.701658E-05,-.002
2.057029,1.692784E-05,-1.874578E-05,6.66667E-04
2.058029,1.192099E-05,2.859175E-06,-.001
2.05903,-1.454359E-05,3.349059E-05,-6.66667E-04
2.06003,-7.152594E-07,1.943496E-05,-.002
2.061031,2.3842E-06,-1.279271E-05,-2.33333E-03
2.062031,3.051781E-05,-3.247359E-05,-.002
2.063031,5.459809E-05,-3.717863E-05,6.66667E-04
2.064032,4.19619E-05,-3.883638E-05,-.001
2.065032,1.406675E-05,-2.894376E-05,-6.66667E-04
2.066033,-8.10629E-06,-2.238911E-05,-.001
2.067034,-1.406675E-05,-6.752118E-06,-6.66667E-04
2.068034,5.960494E-06,3.062398E-05,2.33333E-03
2.069035,2.527249E-05,4.053884E-05,-.002
2.070035,2.646458E-05,1.994346E-05,-.002
2.071036,1.144415E-05,-2.50024E-05,-.001
2.072036,2.694142E-05,-1.462182E-05,-.001
2.073036,1.978886E-05,7.404044E-06,.002
2.074037,-6.675749E-06,1.320435E-05,.001
2.075037,-2.264988E-05,1.21948E-05,.001
2.076038,1.716625E-05,1.042528E-05,.001
2.077039,2.28883E-05,1.155777E-05,-6.66667E-04
2.078039,5.245238E-06,1.119083E-05,-.001
2.07904,-4.053145E-06,2.276167E-06,-6.66667E-04
2.08004,2.384204E-07,2.618704E-05,6.66667E-04
2.081041,9.059964E-06,6.819173E-06,-6.66667E-04
2.082041,1.096731E-05,8.912815E-06,-.001
2.083041,3.027928E-05,1.496269E-05,-6.66667E-04
2.084042,2.646458E-05,9.061827E-06,-6.66667E-04
2.085042,2.503407E-05,1.366815E-05,-6.66667E-04
2.086043,2.241146E-05,-6.834074E-06,-.002
2.087044,-1.668942E-05,-9.741692E-06,-.002
2.088044,6.198912E-06,9.74728E-06,-.001
2.089045,1.096731E-05,2.489064E-05,-6.66667E-04
2.090045,1.168257E-05,2.810746E-06,.001
2.091046,1.215941E-05,2.694514E-05,-.001
2.092046,3.337875E-06,2.443057E-05,.001
2.093046,-3.814726E-06,2.236676E-05,-.001
2.094047,-1.573574E-05,8.137955E-06,6.66667E-04
2.095047,-1.573574E-05,-1.800631E-05,-6.66667E-04
2.096048,-2.527249E-05,-1.277967E-05,-6.66667E-04
2.097049,-1.573574E-05,7.394738E-07,6.66667E-04
2.098049,-1.001364E-05,5.04221E-06,.002
2.09905,-1.740467E-05,-3.034264E-06,-6.66667E-04
2.10005,-2.93256E-05,-2.522219E-05,-6.66667E-04
2.101051,-1.406675E-05,-4.282431E-05,-6.66667E-04
2.102051,1.1921E-06,-2.694514E-05,6.66667E-04
2.103051,4.291564E-06,-7.676019E-06,6.66667E-04
2.104052,-2.145782E-06,7.62011E-06,6.66667E-04
2.105052,-7.152586E-06,-9.456708E-06,-6.66667E-04
2.106053,-4.291564E-06,-5.919515E-06,-.001
2.107054,4.768401E-06,-8.590578E-06,-6.66667E-04
2.108054,-1.764309E-05,9.167998E-06,-.001
2.109055,-2.527249E-05,-7.506489E-06,-.001
2.110055,-1.001364E-05,-2.787833E-05,6.66667E-04
2.111056,-1.025206E-05,-1.692784E-05,-6.66667E-04
2.112056,-2.145782E-06,-7.715134E-06,-.001
2.113056,-9.536816E-07,2.168134E-06,-.002
2.114057,-7.867871E-06,-1.477456E-05,-6.66667E-04
2.115057,-7.391005E-06,-1.496269E-05,-.001
2.116058,-2.002728E-05,3.689915E-06,-6.66667E-04
2.117059,-3.266358E-05,-5.319744E-06,-.002
2.118059,-4.434609E-05,-7.005438E-06,-.002
2.11906,-4.053139E-05,-6.185874E-06,-.001
2.12006,-2.503407E-05,1.968269E-05,-.001
2.121061,-1.6451E-05,1.470192E-05,-6.66667E-04
2.122061,9.536801E-06,-2.414745E-05,-6.66667E-04
2.123062,3.433251E-05,-1.914997E-05,-6.66667E-04
2.124062,5.698227E-05,1.362903E-05,-2.33333E-03
2.125062,2.264988E-05,1.048489E-05,-6.66667E-04
2.126063,7.391005E-06,-1.444115E-05,-.002
2.127064,5.960494E-06,-3.255741E-05,-6.66667E-04
2.128064,1.716625E-05,-1.239037E-05,-.001
2.129065,1.478201E-05,7.148861E-06,6.66667E-04
2.130065,1.33515E-05,2.92623E-06,-.001
2.131066,1.859677E-05,-1.471495E-05,6.66667E-04
2.132066,1.978886E-05,-1.230842E-05,-2.33333E-03
2.133067,1.597416E-05,2.857312E-06,-2.33333E-03
2.134067,2.02657E-05,-1.09338E-06,-6.66667E-04
2.135067,3.814726E-06,-7.083669E-06,-6.66667E-04
2.136068,7.629453E-06,-2.008129E-05,-6.66667E-04
2.137069,3.838562E-05,-3.80876E-05,-2.33333E-03
2.138069,2.098095E-05,-3.116601E-05,.001
2.13907,-1.406675E-05,-1.686823E-05,-6.66667E-04
2.14007,-3.480935E-05,-8.19756E-06,6.66667E-04
2.141071,-3.457093E-05,-2.538611E-05,-.001
2.142071,-1.811993E-05,-4.394748E-05,-6.66667E-04
2.143072,-2.861038E-06,1.059852E-06,6.66667E-04
2.144072,-7.152586E-06,2.491486E-05,-6.66667E-04
2.145072,2.050411E-05,3.204704E-05,-6.66667E-04
2.146073,-6.675749E-06,2.328877E-05,.001
2.147074,1.478201E-05,-7.357485E-07,-6.66667E-04
2.148074,4.768401E-06,-3.956287E-06,6.66667E-04
2.149075,1.955044E-05,-4.924863E-06,-.001
2.150075,1.049048E-05,7.525123E-07,-.001
2.151076,2.6703E-05,-1.596294E-06,6.66667E-04
2.152076,3.194832E-05,-4.589587E-06,6.66667E-04
2.153077,2.145779E-05,9.721203E-06,-.001
2.154077,3.051781E-05,1.277408E-05,-6.66667E-04
2.155077,1.430517E-05,8.344708E-06,-.001
2.156078,1.668942E-05,-1.221901E-05,2.33333E-03
2.157079,6.198912E-06,-3.146776E-05,-.002
2.158079,7.867871E-06,2.680361E-06,.001
2.15908,1.311308E-05,1.527378E-07,-.001
2.16008,-6.198912E-06,4.854082E-06,.001
2.161081,-1.287466E-05,2.207805E-05,6.66667E-04
2.162081,-1.90736E-05,2.612558E-05,.001
2.163082,4.768401E-06,1.521601E-05,-.002
2.164082,1.478201E-05,1.34763E-05,6.66667E-04
2.165082,0,6.871327E-06,.001
2.166083,-7.629453E-06,-2.513838E-05,-.001
2.167084,5.006819E-06,-5.461113E-05,-.002
2.168084,6.914168E-06,-5.461113E-05,.001
2.169085,9.059964E-06,-2.527621E-05,.001
2.170085,-4.529982E-06,6.780065E-07,-6.66667E-04
2.171086,0,-8.400566E-07,6.66667E-04
2.172086,-1.478201E-05,2.145406E-05,6.66667E-04
2.173087,-3.457093E-05,2.084498E-05,-6.66667E-04
2.174087,-4.458451E-05,3.147885E-06,-2.33333E-03
2.175087,-3.218674E-05,4.161178E-06,6.66667E-04
2.176088,-2.717983E-05,-7.191702E-06,6.66667E-04
2.177088,-1.668942E-05,-1.014775E-05,.001
2.178089,-5.006819E-06,-9.050651E-06,-6.66667E-04
2.17909,4.768408E-07,8.968695E-06,.001
2.18009,6.198912E-06,1.972367E-05,.001
2.181091,-1.573574E-05,-1.853339E-06,-.002
2.182091,-1.788151E-05,-9.277894E-06,-6.66667E-04
2.183092,-3.314042E-05,-9.117706E-06,6.66667E-04
2.184092,-1.168257E-05,-1.230842E-05,6.66667E-04
2.185092,-8.821546E-06,-2.750393E-05,-.001
2.186093,-1.525891E-05,-1.810875E-05,-6.66667E-04
2.187093,-2.503407E-05,1.054822E-05,6.66667E-04
2.188094,-1.788151E-05,1.679186E-05,-6.66667E-04
2.189095,-1.907363E-06,4.111626E-05,-3.66667E-03
2.190095,1.978886E-05,4.35079E-05,6.66667E-04
2.191096,2.694142E-05,4.018494E-05,-.002
2.192096,4.19619E-05,2.669927E-05,.001
2.193097,3.814721E-05,2.649252E-05,6.66667E-04
2.194097,2.312672E-05,-9.412004E-06,6.66667E-04
2.195097,5.483656E-06,-3.362843E-05,-.002
2.196098,2.074253E-05,-2.501917E-05,-.001
2.197098,5.030655E-05,4.747912E-06,-6.66667E-04
2.198099,4.053139E-05,3.772997E-05,6.66667E-04
2.1991,3.719353E-05,3.916048E-05,-2.33333E-03
2.2001,-1.1921E-06,6.55654E-06,.002
2.201101,-6.675749E-06,-1.606357E-05,-6.66667E-04
2.202101,7.867871E-06,-4.438712E-06,-6.66667E-04
2.203102,7.629453E-06,2.300381E-06,6.66667E-04
2.204102,0,1.568731E-05,-6.66667E-04
2.205102,1.502043E-05,2.65186E-05,-6.66667E-04
2.206103,9.536801E-06,1.920585E-05,-2.33333E-03
2.207103,-4.768401E-06,1.179246E-05,.001
2.208104,2.884876E-05,-4.971429E-06,6.66667E-04
2.209105,2.813351E-05,-9.339361E-06,-.001
2.210105,4.291564E-06,1.055753E-05,6.66667E-04
2.211106,-2.121937E-05,-6.467133E-06,-6.66667E-04
2.212106,-2.312672E-05,-7.415219E-06,-6.66667E-04
2.213107,1.859677E-05,1.94629E-05,-.001
2.214107,7.629453E-06,9.499548E-06,6.66667E-04
2.215107,6.437331E-06,2.916355E-05,-.001
2.216108,3.862404E-05,1.061714E-05,6.66667E-04
2.217108,3.123307E-05,-1.141807E-05,-6.66667E-04
2.218109,1.716625E-05,-2.075743E-05,-6.66667E-04
2.21911,3.337883E-05,-5.550719E-07,-3.66667E-03
2.22011,2.980244E-05,1.957655E-06,6.66667E-04
2.221111,-9.059964E-06,-1.916676E-06,.001
2.222111,-3.123307E-05,-3.017869E-05,-.001
2.223112,-1.525891E-05,-1.20402E-05,-6.66667E-04
2.224112,2.384204E-07,5.673646E-06,-6.66667E-04
2.225112,7.391005E-06,3.896683E-06,-2.33333E-03
2.226113,5.722075E-06,1.296779E-05,-.002
2.227113,1.33515E-05,2.91859E-05,-.002
2.228114,-1.001364E-05,-3.46826E-06,-2.33333E-03
2.229115,-2.121937E-05,-2.738286E-05,.001
2.230115,-2.360356E-05,1.412263E-05,-.001
2.231116,-1.692784E-05,3.210665E-05,-6.66667E-04
2.232116,-2.574932E-05,9.477197E-06,-6.66667E-04
2.233117,-1.454359E-05,-7.638766E-06,-.001
2.234117,-7.152586E-06,-1.865451E-05,-.001
2.235118,2.3842E-06,-3.540903E-06,-6.66667E-04
2.236118,4.768408E-07,1.427165E-05,-6.66667E-04
2.237118,4.768408E-07,1.139758E-05,-.004
2.238119,1.311308E-05,1.924683E-05,6.66667E-04
2.23912,2.384197E-05,9.533076E-06,-6.66667E-04
2.24012,1.215941E-05,-2.60958E-06,.001
2.241121,-1.668937E-06,-1.017941E-05,6.66667E-04
2.242121,0,-2.374139E-05,-.001
2.243122,1.668942E-05,-8.102543E-07,-6.66667E-04
2.244122,0,1.487514E-05,-.002
2.245123,-7.867871E-06,2.968509E-05,.001
2.246123,1.382834E-05,9.469746E-06,6.66667E-04
2.247123,2.813351E-05,3.33658E-05,-.001
2.248124,2.717983E-05,8.802919E-06,-.001
2.249125,-6.198912E-06,-1.127465E-05,-6.66667E-04
2.250125,-1.835835E-05,-2.475653E-05,6.66667E-04
2.251126,-1.692784E-05,-3.2563E-05,-6.66667E-04
2.252126,-1.621258E-05,-2.047245E-05,-.002
2.253127,-4.100823E-05,-6.144895E-06,-.001
2.254127,-4.363083E-05,-2.423313E-05,-.002
2.255128,-1.406675E-05,-3.335462E-05,-6.66667E-04
2.256128,-1.120573E-05,-1.503347E-05,6.66667E-04
2.257128,-1.430517E-05,-2.814841E-05,.001
2.258129,-1.168257E-05,-2.250087E-05,-6.66667E-04
2.25913,-1.049048E-05,-1.294172E-05,-.002
2.26013,2.622616E-05,-6.763294E-06,-6.66667E-04
2.261131,4.982972E-05,-5.895301E-06,6.66667E-04
2.262131,5.841278E-05,9.382202E-06,6.66667E-04
2.263132,4.005455E-05,3.561392E-06,-6.66667E-04
2.264132,2.312672E-05,2.354581E-05,.001
2.265133,-2.861038E-06,2.794724E-05,-6.66667E-04
2.266133,-4.053145E-06,1.64286E-06,-6.66667E-04
2.267133,-9.536801E-06,-3.283308E-05,-.001
2.268134,-5.483656E-06,-2.738845E-05,-3.66667E-03
2.269135,-2.193463E-05,2.253815E-06,.001
2.270135,-1.072889E-05,-6.780057E-06,-3.66667E-03
2.271136,-1.239782E-05,-2.419215E-05,-.001
2.272136,-1.33515E-05,-2.769579E-05,.001
2.273137,-1.120573E-05,-5.194946E-06,.001
2.274137,-1.144415E-05,2.425179E-06,-6.66667E-04
2.275138,1.6451E-05,2.115045E-05,-.002
2.276138,3.099456E-06,3.661975E-06,6.66667E-04
2.277139,-1.430517E-05,1.640998E-06,-6.66667E-04
2.278139,-7.152594E-07,3.680601E-06,-.001
2.27914,-2.455723E-05,-9.97266E-06,-.002
2.28014,-3.671669E-05,-9.568466E-06,-.002
2.281141,-1.740467E-05,-2.551842E-07,-.002
2.282141,2.384204E-07,-2.344337E-05,-6.66667E-04
2.283142,7.629453E-06,-2.692838E-05,6.66667E-04
2.284142,-3.099456E-06,-1.554389E-05,-.001
2.285143,-2.789509E-05,8.044823E-06,-6.66667E-04
2.286143,-2.908718E-05,1.247047E-05,.001
2.287144,-2.455723E-05,3.891834E-05,.001
2.288144,-2.3842E-06,3.660307E-05,-6.66667E-04
2.289145,-2.3842E-06,3.467151E-05,-3.66667E-03
2.290145,-8.583127E-06,5.460926E-05,-.001
2.291146,-2.598774E-05,2.030667E-05,-2.33333E-03
2.292146,-2.384197E-05,1.242018E-05,-.002
2.293147,-2.217304E-05,-2.020985E-06,-6.66667E-04
2.294147,4.291564E-06,-1.909223E-05,6.66667E-04
2.295148,3.337875E-06,2.030292E-07,-.001
2.296148,-1.668937E-06,-1.828384E-05,6.66667E-04
2.297149,2.527249E-05,-1.675647E-05,-.002
2.298149,3.790879E-05,-2.350111E-05,.001
2.29915,1.311308E-05,-3.17602E-05,-6.66667E-04
2.30015,9.77522E-06,-6.984956E-07,6.66667E-04
2.301151,3.123307E-05,-6.239898E-07,-.001
2.302151,4.005455E-05,2.477333E-06,-6.66667E-04
2.303152,3.266358E-05,6.707414E-06,.001
2.304152,1.1921E-06,-1.199736E-05,-.001
2.305153,-7.391005E-06,-6.333023E-06,-.002
2.306153,2.28883E-05,3.483729E-05,6.66667E-04
2.307154,1.549732E-05,2.9944E-05,-6.66667E-04
2.308154,1.478201E-05,-6.357237E-06,.001
2.309155,3.862404E-05,-2.001424E-05,-6.66667E-04
2.310155,2.360356E-05,-1.810875E-05,.001
2.311156,-4.768408E-07,-1.985964E-05,-.001
2.312156,1.215941E-05,-3.330424E-06,2.33333E-03
2.313157,1.263624E-05,1.098594E-05,.001
2.314157,2.694142E-05,1.204206E-05,-3.66667E-03
2.315158,8.583127E-06,2.309695E-06,-.002
2.316158,-1.239782E-05,4.369795E-06,-6.66667E-04
2.317159,-6.198912E-06,-7.992669E-06,6.66667E-04
2.318159,-5.006819E-06,2.263128E-06,-2.33333E-03
2.31916,2.050411E-05,6.891816E-06,6.66667E-04
2.32016,5.960494E-06,-1.730595E-05,3.66667E-03
2.321161,-3.099456E-06,1.546003E-06,.001
2.322161,-7.629453E-06,1.122622E-05,-6.66667E-04
2.323162,8.10629E-06,1.96473E-05,.001
2.324162,-9.536816E-07,-6.651535E-06,6.66667E-04
2.325163,-9.536816E-07,-3.069662E-05,-6.66667E-04
2.326163,-1.525891E-05,-2.051902E-05,-.001
2.327164,-2.002728E-05,-2.069969E-05,-6.66667E-04
2.328164,1.573574E-05,-5.258276E-06,6.66667E-04
2.329165,4.482293E-05,-1.770642E-05,6.66667E-04
2.330165,2.980244E-05,9.896292E-06,-.002
2.331166,2.717983E-05,3.995211E-05,-.001
2.332166,5.340599E-05,5.460926E-05,-.001
2.333167,2.002728E-05,2.259214E-05,-6.66667E-04
2.334167,9.059964E-06,1.264183E-05,-.002
2.335168,-1.287466E-05,1.386E-05,-6.66667E-04
2.336168,-3.814726E-06,1.831178E-05,.002
2.337169,-1.430519E-06,8.232928E-07,-.002
2.338169,-1.096731E-05,-3.469014E-05,.001
2.33917,-1.907363E-06,-2.807763E-05,-6.66667E-04
2.34017,-1.454359E-05,3.593057E-06,-.002
2.341171,-2.074253E-05,3.892947E-07,-.002
2.342171,-3.337875E-06,-3.682464E-06,6.66667E-04
2.343172,-7.152594E-07,-1.331425E-05,-.002
2.344172,-1.764309E-05,-3.423565E-05,-.001
2.345173,-2.098095E-05,-2.015021E-05,2.33333E-03
2.346173,-1.096731E-05,-7.320225E-06,6.66667E-04
2.347174,2.312672E-05,-1.418224E-05,-.001
2.348174,4.3154E-05,-1.797278E-05,-.002
2.349174,3.218674E-05,1.372589E-05,-.002
2.350175,2.93256E-05,1.031725E-05,-2.33333E-03
2.351176,2.455723E-05,1.783122E-05,-6.66667E-04
2.352176,3.099456E-06,-1.907363E-06,-6.66667E-04
2.353177,1.788151E-05,-4.028931E-06,-2.33333E-03
2.354177,3.910088E-05,-2.517004E-05,-.002
2.355178,3.910088E-05,-3.220723E-05,-6.66667E-04
2.356178,2.360356E-05,-2.01409E-05,-.001
2.357179,9.059964E-06,-1.225626E-05,-6.66667E-04
2.358179,1.049048E-05,-4.109764E-05,-6.66667E-04
2.359179,2.121937E-05,-1.74978E-05,6.66667E-04
2.36018,1.668937E-06,1.107162E-05,2.33333E-03
2.361181,1.907363E-06,1.339806E-05,-6.66667E-04
2.362181,-5.960494E-06,3.050652E-05,-2.33333E-03
2.363182,-1.931202E-05,1.462927E-05,-6.66667E-04
2.364182,-7.152586E-06,-2.078351E-05,-.001
2.365183,3.147149E-05,-2.961431E-05,.001
2.366183,3.194832E-05,-2.241333E-05,-6.66667E-04
2.367184,1.263624E-05,-1.945731E-05,-6.66667E-04
2.368184,3.337875E-06,-3.286474E-05,-.001
2.369184,-4.053145E-06,-4.413002E-05,-6.66667E-04
2.370185,4.768408E-07,-5.461113E-05,-3.66667E-03
2.371186,2.217304E-05,-5.209842E-05,-6.66667E-04
2.372186,-1.144415E-05,-2.956029E-05,-6.66667E-04
2.373187,-1.287466E-05,-1.290633E-05,-.002
2.374187,0,-6.144895E-06,.001
2.375188,2.098095E-05,-4.470377E-06,-.001
2.376188,5.149865E-05,-4.027068E-06,-.002
2.377189,4.386925E-05,-1.415618E-06,-6.66667E-04
2.378189,2.574932E-05,2.754867E-06,6.66667E-04
2.379189,-1.430519E-06,1.583257E-07,.001
2.38019,-3.361725E-05,-4.766538E-06,.001
2.381191,-1.33515E-05,-5.396112E-06,-.002
2.382191,0,1.469633E-05,-6.66667E-04
2.383192,6.914168E-06,1.152983E-05,-.001
2.384192,3.814726E-06,2.280262E-05,-6.66667E-04
2.385193,5.483656E-06,7.808267E-06,6.66667E-04
2.386193,2.169621E-05,-7.605209E-06,-6.66667E-04
2.387194,9.298383E-06,-1.357688E-05,.002
2.388194,9.536816E-07,1.604122E-05,-.001
2.389194,-3.004086E-05,1.329934E-05,6.66667E-04
2.390195,-3.004086E-05,-6.80986E-06,-.001
2.391196,-1.835835E-05,9.872092E-07,2.33333E-03
2.392196,-1.955044E-05,-2.207249E-06,-.001
2.393197,-3.027928E-05,9.469746E-06,-.004
2.394197,-5.507492E-05,1.952064E-05,-6.66667E-04
2.395198,-3.93393E-05,9.657873E-06,-.001
2.396198,-1.740467E-05,1.667824E-05,.001
2.397199,1.430519E-06,-1.179062E-06,.001
2.398199,-4.768401E-06,-3.896683E-06,-2.33333E-03
2.399199,-8.583127E-06,2.049294E-05,-.001
2.4002,-9.298383E-06,5.94373E-06,6.66667E-04
2.401201,3.099465E-05,-3.189803E-05,.002
2.402201,4.410767E-05,-5.461113E-05,6.66667E-04
2.403202,2.956402E-05,-3.846013E-05,-2.33333E-03
2.404202,1.692784E-05,-2.952677E-05,-5.33333E-03
2.405203,1.811993E-05,2.279892E-06,-6.66667E-04
2.406203,8.10629E-06,1.896371E-05,6.66667E-04
2.407204,1.239782E-05,-3.110636E-07,-.001
2.408204,7.629453E-06,-3.781184E-06,-2.33333E-03
2.409204,5.722075E-06,9.909345E-07,-.001
2.410205,5.960494E-06,8.530973E-06,6.66667E-04
2.411206,9.059964E-06,7.977767E-06,.001
2.412206,-5.006819E-06,-2.592817E-06,-.002
2.413207,-7.152594E-07,-1.596112E-05,-.002
2.414207,1.382834E-05,-2.380845E-05,-5.66667E-03
2.415208,1.502043E-05,-2.760638E-05,.004
2.416208,-7.152594E-07,-3.398792E-05,-6.66667E-04
2.417209,-1.716625E-05,-1.978886E-05,-.002
2.418209,-7.152594E-07,-6.588205E-06,6.66667E-04
2.41921,6.914168E-06,-1.590706E-06,6.66667E-04
2.42021,2.145782E-06,4.932313E-06,-.001
2.421211,-1.668937E-06,1.727615E-05,.001
2.422211,-1.478201E-05,1.117593E-08,.001
2.423212,-7.152594E-07,-1.215568E-05,-.001
2.424212,1.502043E-05,-2.119329E-05,6.66667E-04
2.425213,2.193463E-05,-2.989743E-05,-3.66667E-03
2.426213,3.862404E-05,-3.510178E-05,-6.66667E-04
2.427214,5.340599E-05,-1.823355E-05,.001
2.428214,3.647828E-05,-2.152298E-05,6.66667E-04
2.429215,2.980244E-05,-3.49062E-05,-6.66667E-04
2.430215,3.838562E-05,-4.353956E-05,6.66667E-04
2.431216,-1.835835E-05,-5.175383E-05,6.66667E-04
2.432216,-2.789509E-05,-3.025692E-05,6.66667E-04
2.433217,-2.956402E-05,-2.016511E-05,-.002
2.434217,-1.692784E-05,1.132308E-05,-6.66667E-04
2.435218,7.629453E-06,2.430391E-05,-6.66667E-04
2.436218,3.266358E-05,2.185267E-05,6.66667E-04
2.437219,1.311308E-05,2.2594E-05,.001
2.438219,-2.360356E-05,1.945172E-05,-2.33333E-03
2.43922,-4.291558E-05,6.280869E-06,.001
2.44022,-4.005455E-05,-4.250585E-06,.001
2.441221,-4.553818E-05,-2.879664E-06,6.66667E-04
2.442221,-2.717983E-05,7.150724E-06,-.002
2.443222,2.360356E-05,5.863636E-06,-.002
2.444222,2.741825E-05,4.656631E-07,-6.66667E-04
2.445223,1.931202E-05,-7.366791E-06,-6.66667E-04
2.446223,2.3842E-06,-1.438154E-05,-.001
2.447224,-1.835835E-05,7.173076E-06,-2.33333E-03
2.448224,-2.717983E-05,3.352784E-08,2.33333E-03
2.449225,-1.573574E-05,6.64781E-06,-.001
2.450225,-1.454359E-05,3.405311E-05,-.002
2.451226,-1.621258E-05,2.318074E-05,-.002
2.452226,-9.77522E-06,2.437842E-05,-6.66667E-04
2.453227,-4.529982E-06,1.816463E-05,-.002
2.454227,1.33515E-05,1.570408E-05,6.66667E-04
2.455228,2.121937E-05,5.345821E-06,-3.66667E-03
2.456228,3.218674E-05,-3.371406E-07,-6.66667E-04
2.457229,2.598774E-05,4.321355E-07,-.001
2.458229,3.361725E-05,-2.65633E-05,6.66667E-04
2.45923,2.527249E-05,-3.559538E-05,-.002
2.46023,5.960494E-06,-5.378225E-05,-.001
2.461231,1.978886E-05,-3.579282E-05,-6.66667E-04
2.462231,2.312672E-05,-2.644781E-05,-6.66667E-04
2.463232,2.360356E-05,-1.136221E-06,.002
2.464232,-3.576293E-06,3.486886E-06,.001
2.465233,1.287466E-05,1.343904E-05,2.33333E-03
2.466233,1.859677E-05,9.635522E-06,-6.66667E-04
2.467234,5.483656E-06,-2.728228E-05,-.001
2.468234,7.867871E-06,-2.43095E-05,-.002
2.469235,-3.814726E-06,2.166271E-06,-.002
2.470235,-4.529982E-06,-2.611443E-06,-6.66667E-04
2.471236,2.861038E-06,1.401274E-05,.001
2.472236,8.583127E-06,2.324965E-05,.001
2.473237,-2.861038E-06,2.145406E-05,-6.66667E-04
2.474237,-8.10629E-06,1.211656E-05,-6.66667E-04
2.475238,1.144415E-05,-3.633485E-05,-6.66667E-04
2.476238,2.241146E-05,-5.461113E-05,-6.66667E-04
2.477239,1.788151E-05,-2.660241E-05,.002
2.478239,2.145779E-05,2.119705E-06,6.66667E-04
2.47924,2.431881E-05,-2.413255E-05,-.002
2.48024,9.298383E-06,-2.076488E-05,6.66667E-04
2.481241,2.3842E-06,-2.113369E-05,-.002
2.482241,-4.053145E-06,-1.081271E-05,-.001
2.483242,-1.430517E-05,1.016079E-05,6.66667E-04
2.484242,-2.479565E-05,1.530361E-05,-.004
2.485243,-3.17099E-05,1.843658E-05,2.33333E-03
2.486243,-2.384197E-05,3.516689E-06,-6.66667E-04
2.487244,-2.980244E-05,-4.814967E-06,6.66667E-04
2.488244,-3.93393E-05,6.081566E-06,-6.66667E-04
2.489245,-9.77522E-06,-7.730014E-07,-6.66667E-04
2.490245,9.298383E-06,-1.765795E-06,-6.66667E-04
2.491246,1.120573E-05,-1.000248E-06,-.001
2.492246,1.430519E-06,-2.167199E-05,-.001
2.493247,1.001364E-05,-5.46074E-05,-.001
2.494247,1.096731E-05,-4.951493E-05,-.001
2.495248,2.050411E-05,-3.267848E-05,-.002
2.496248,2.598774E-05,-1.939957E-05,6.66667E-04
2.497249,4.768408E-07,-1.006766E-05,-6.66667E-04
2.498249,-2.813351E-05,-1.70843E-05,-.001
2.49925,-2.93256E-05,-2.620567E-05,-.002
2.50025,-1.978886E-05,-7.601484E-06,-.001
2.501251,-1.692784E-05,5.969807E-06,.002
2.502251,1.740467E-05,-9.635522E-06,-6.66667E-04
2.503252,4.768401E-06,9.717478E-06,-.001
2.504252,-1.1921E-06,1.171237E-05,-.001
2.505253,1.096731E-05,1.614925E-05,-6.66667E-04
2.506253,-9.536801E-06,-8.400566E-07,-6.66667E-04
2.507254,-1.382834E-05,8.81782E-06,6.66667E-04
2.508254,-1.120573E-05,3.391528E-05,.001
2.509255,-2.02657E-05,1.381902E-05,-.001
2.510255,-1.740467E-05,9.294636E-07,.001
2.511256,-1.454359E-05,-1.225626E-05,6.66667E-04
2.512256,-1.144415E-05,-2.660614E-05,-.001
2.513257,-1.239782E-05,-2.493162E-05,-.001
2.514257,0,3.224253E-06,-.001
2.515258,-1.072889E-05,-8.475094E-06,.001
2.516258,1.430519E-06,-3.585429E-05,-6.66667E-04
2.517259,3.814726E-06,-5.103298E-05,-.001
2.518259,-3.814726E-06,-4.864321E-05,-2.33333E-03
2.51926,-2.050411E-05,-3.508315E-05,-3.66667E-03
2.52026,-3.55246E-05,-1.647708E-05,.001
2.521261,-1.311308E-05,1.572084E-05,.002
2.522261,1.454359E-05,-1.171611E-06,-.001
2.523262,2.408039E-05,-7.543742E-06,-6.66667E-04
2.524262,1.621258E-05,-5.070149E-06,-.002
2.525263,-1.668937E-06,-3.812849E-06,3.66667E-03
2.526263,-7.391005E-06,-2.360914E-05,-.001
2.527264,5.006819E-06,-1.919654E-05,.001
2.528264,5.960494E-06,-9.944721E-06,-6.66667E-04
2.529265,-2.622619E-06,1.747918E-05,-6.66667E-04
2.530265,9.298383E-06,1.19452E-05,2.33333E-03
2.531266,1.096731E-05,-2.498005E-05,2.33333E-03
2.532266,1.978886E-05,-4.838244E-05,-6.66667E-04
2.533267,1.192099E-05,-2.303917E-05,-6.66667E-04
2.534267,-1.716625E-05,1.331425E-05,-.002
2.535268,-4.83992E-05,2.339121E-05,-.002
2.536268,-4.744553E-05,2.488508E-06,-6.66667E-04
2.537269,-4.816079E-05,-9.153096E-06,-.001
2.538269,-7.629453E-06,1.29473E-05,-6.66667E-04
2.53927,1.382834E-05,9.756593E-06,-.002
2.54027,2.193463E-05,6.940245E-06,-.001
2.541271,3.623986E-05,2.852466E-05,-.001
2.542271,1.549732E-05,3.496394E-05,-.002
2.543272,1.168257E-05,-1.713643E-07,6.66667E-04
2.544272,1.311308E-05,-2.663597E-06,.001
2.545273,9.536801E-06,4.46479E-06,-6.66667E-04
2.546273,1.859677E-05,-1.787033E-05,-6.66667E-04
2.547274,2.527249E-05,-1.888361E-05,-6.66667E-04
2.548274,2.193463E-05,-1.518063E-06,-.001
2.549275,2.455723E-05,4.783302E-06,-6.66667E-04
2.550275,2.074253E-05,-3.140434E-06,6.66667E-04
2.551276,3.147149E-05,-4.770263E-06,-.002
2.552276,3.433251E-05,-3.536069E-05,6.66667E-04
2.553277,3.862404E-05,-3.599585E-05,-6.66667E-04
2.554277,1.859677E-05,-3.30417E-05,-2.33333E-03
2.555278,-2.384204E-07,-8.188246E-06,-.001
2.556278,-2.6703E-05,9.173586E-06,-.001
2.557279,-2.980244E-05,2.382335E-05,.001
2.558279,-4.339241E-05,2.605666E-05,.002
2.55928,-3.2902E-05,1.556997E-05,6.66667E-04
2.56028,2.622619E-06,-6.519303E-08,6.66667E-04
2.561281,3.075623E-05,-2.152112E-05,-.001
2.562281,3.55246E-05,-1.182972E-05,6.66667E-04
2.563282,1.549732E-05,-2.307829E-05,6.66667E-04
2.564282,-2.861038E-06,-3.102818E-05,-6.66667E-04
2.565283,-3.576302E-05,-4.522532E-06,-.002
2.566283,-4.83992E-05,-1.646586E-06,-3.66667E-03
2.567284,-3.218674E-05,-3.466592E-05,-.001
2.568284,-1.716625E-05,-4.014582E-05,-6.66667E-04
2.569285,2.360356E-05,-2.924737E-05,-6.66667E-04
2.570285,3.099465E-05,-2.428901E-05,-.002
2.571286,3.862404E-05,1.735993E-06,-6.66667E-04
2.572286,9.059964E-06,5.424052E-06,6.66667E-04
2.573287,4.291564E-06,-9.760319E-06,-.001
2.574287,-1.072889E-05,-4.954672E-07,.001
2.575288,-1.096731E-05,1.55085E-05,-.002
2.576288,-1.454359E-05,-1.187256E-05,.001
2.577289,-2.574932E-05,-2.865691E-05,2.33333E-03
2.578289,-5.722075E-06,-9.853466E-07,6.66667E-04
2.57929,-2.121937E-05,-6.984956E-07,.001
2.58029,-3.004086E-05,-4.455476E-06,-6.66667E-04
2.581291,1.668942E-05,-1.014216E-05,.001
2.582291,5.22139E-05,-8.886738E-06,-.001
2.583292,5.745911E-05,-9.501411E-06,-.001
2.584292,3.981614E-05,-6.239898E-07,-.001
2.585293,1.955044E-05,8.666946E-06,-6.66667E-04
2.586293,1.430519E-06,-9.35985E-06,-2.33333E-03
2.587294,1.025206E-05,-9.816213E-07,.001
2.588294,3.910088E-05,-1.461251E-05,.001
2.589295,1.049046E-04,-1.469819E-05,-.002
2.590295,1.337538E-04,-2.857123E-05,-2.33333E-03
2.591296,1.65225E-04,-3.209547E-05,.001
2.592296,2.126703E-04,-3.527314E-05,.001
2.593297,2.086172E-04,-5.461113E-05,-.002
2.594297,2.121935E-04,-5.461113E-05,-.002
2.595298,2.088556E-04,-4.051463E-05,-.002
2.596298,1.847753E-04,-8.814095E-06,.001
2.597299,1.556883E-04,5.831971E-06,-6.66667E-04
2.598299,8.89306E-05,5.735114E-06,.002
2.5993,4.410767E-05,-5.666196E-06,-.001
2.6003,3.194832E-05,-2.004218E-05,-.001
2.601301,4.673027E-05,9.160547E-06,-6.66667E-04
2.602301,4.95913E-05,2.649997E-05,-.001
2.603302,2.217304E-05,2.70718E-05,.002
2.604302,1.072889E-05,5.275221E-05,-.001
2.605303,-3.337875E-06,1.408166E-05,-6.66667E-04
2.606303,-1.430519E-06,4.511356E-06,-.002
2.607304,6.198912E-06,-1.810498E-06,-6.66667E-04
2.608304,2.622619E-06,-1.74978E-05,-.001
2.609305,-5.006819E-06,-1.472241E-05,-6.66667E-04
2.610305,-1.835835E-05,-1.111074E-05,-.001
2.611306,-4.124665E-05,4.528119E-06,6.66667E-04
2.612306,-2.789509E-05,1.990248E-05,-.002
2.613307,-1.072889E-05,2.553698E-05,-6.66667E-04
2.614307,-1.430519E-06,1.062086E-05,6.66667E-04
2.615308,-1.907363E-06,2.451256E-06,.002
2.616308,-3.814726E-06,-3.139325E-05,6.66667E-04
2.617309,9.536801E-06,-4.167133E-05,-6.66667E-04
2.618309,1.358992E-05,-2.727297E-05,-.002
2.61931,5.960494E-06,-1.327699E-05,.001
2.62031,1.263624E-05,-4.729285E-06,-6.66667E-04
2.621311,-1.931202E-05,6.135582E-06,-6.66667E-04
2.622311,-7.867871E-06,-6.085291E-06,.002
2.623312,-3.576293E-06,-1.58177E-05,-6.66667E-04
2.624312,1.668942E-05,-3.174716E-05,-6.66667E-04
2.625313,1.502043E-05,-5.222321E-05,-6.66667E-04
2.626313,1.454359E-05,-5.001598E-05,6.66667E-04
2.627314,1.406675E-05,-1.510425E-05,.001
2.628314,4.768408E-07,3.203028E-05,.001
2.629315,1.215941E-05,3.892393E-05,6.66667E-04
2.630315,-4.768408E-07,1.577113E-05,-6.66667E-04
2.631316,9.298383E-06,7.795228E-06,-6.66667E-04
2.632316,2.741825E-05,1.770083E-05,-6.66667E-04
2.633317,1.716625E-05,9.084179E-06,-6.66667E-04
2.634317,1.382834E-05,-3.438457E-06,.001
2.635318,8.10629E-06,-4.820555E-06,-.002
2.636318,1.764309E-05,-2.402079E-05,-6.66667E-04
2.637319,2.646458E-05,9.546115E-06,6.66667E-04
2.638319,3.93393E-05,2.242078E-05,-.002
2.63932,3.528618E-05,4.772126E-06,-.001
2.64032,1.716625E-05,2.091203E-05,.001
2.641321,9.536816E-07,3.033143E-05,-.001
2.642321,-9.059964E-06,-2.661734E-06,-6.66667E-04
2.643322,-2.384204E-07,-1.411705E-05,-6.66667E-04
2.644322,2.384204E-07,-1.619209E-05,.001
2.645323,9.77522E-06,2.697125E-06,-.002
2.646323,-5.006819E-06,1.957652E-05,-6.66667E-04
2.647324,-4.768401E-06,-1.478946E-05,-6.66667E-04
2.648324,7.152594E-07,-1.355639E-05,-.001
2.649325,1.287466E-05,1.199551E-06,-6.66667E-04
2.650325,-1.239782E-05,9.130745E-06,-.002
2.651326,-9.536816E-07,-1.043273E-05,-6.66667E-04
2.652326,-1.049048E-05,1.239782E-05,.001
2.653327,-1.573574E-05,6.895541E-06,-6.66667E-04
2.654327,6.437331E-06,1.466653E-05,6.66667E-04
2.655328,5.364441E-05,-2.814655E-05,6.66667E-04
2.656328,7.247971E-05,-2.221961E-05,-.001
2.657329,2.384197E-05,-3.073379E-06,-6.66667E-04
2.658329,2.431881E-05,2.474908E-05,.001
2.65933,3.528618E-05,2.580706E-05,-.001
2.66033,5.269074E-05,4.492729E-06,-.002
2.661331,3.719353E-05,-8.698589E-07,.001
2.662331,2.55109E-05,7.355615E-06,6.66667E-04
2.663332,4.768401E-06,5.692273E-06,-3.66667E-03
2.664332,1.597416E-05,-2.242639E-06,-2.33333E-03
2.665333,6.914168E-06,1.510984E-05,-.001
2.666333,-4.768408E-07,1.212588E-05,-.001
2.667334,-5.006819E-06,-1.560908E-05,-6.66667E-04
2.668334,-5.245238E-06,-4.090398E-06,-.002
2.669335,-2.861038E-06,-2.054882E-05,.001
2.670335,-2.479565E-05,-2.0031E-05,.001
2.671336,-2.741825E-05,2.21451E-05,6.66667E-04
2.672336,-2.6703E-05,2.515328E-05,-.001
2.673337,-8.344708E-06,2.710533E-05,-.001
2.674337,-1.668937E-06,3.04674E-05,-.001
2.675338,9.536801E-06,5.460926E-05,-6.66667E-04
2.676338,3.337883E-05,2.273556E-05,.002
2.677339,3.385567E-05,3.973051E-06,.001
2.678339,-7.391005E-06,1.3182E-05,-.001
2.67934,-1.978886E-05,2.449576E-05,-2.33333E-03
2.68034,-2.884876E-05,8.069037E-06,-6.66667E-04
2.681341,-2.789509E-05,-4.602625E-06,-.001
2.682341,-4.744553E-05,-1.54414E-06,-.002
2.683342,-3.314042E-05,-1.026696E-05,2.33333E-03
2.684342,6.675749E-06,8.381949E-08,-6.66667E-04
2.685343,1.144415E-05,6.008922E-06,.001
2.686343,-2.861038E-06,1.406304E-06,-.001
2.687344,-1.144415E-05,-1.591828E-05,-.001
2.688344,-3.719353E-05,-2.246175E-05,-.001
2.689345,-3.314042E-05,-1.913134E-05,.001
2.690345,-9.059964E-06,-2.87873E-05,-6.66667E-04
2.691346,1.382834E-05,-2.678495E-05,-6.66667E-04
2.692346,1.549732E-05,-2.050598E-05,-6.66667E-04
2.693347,2.694142E-05,-1.010677E-05,-.001
2.694347,1.049048E-05,2.345268E-05,6.66667E-04
2.695348,6.198912E-06,2.869044E-05,6.66667E-04
2.696348,-2.3842E-06,3.590272E-05,-6.66667E-04
2.697349,-2.765667E-05,5.072565E-05,-.001
2.698349,-1.764309E-05,2.598774E-05,-.001
2.69935,-1.811993E-05,5.362584E-06,-3.66667E-03
2.70035,-1.502043E-05,3.058478E-06,-6.66667E-04
2.701351,-2.598774E-05,1.959701E-05,6.66667E-04
2.702351,-1.454359E-05,4.593312E-06,6.66667E-04
2.703352,-1.287466E-05,-1.866755E-05,-6.66667E-04
2.704352,-1.192099E-05,-1.299201E-05,-3.66667E-03
2.705353,1.478201E-05,2.296656E-06,-.001
2.706353,3.337875E-06,4.297151E-06,-6.66667E-04
2.707354,1.096731E-05,1.668197E-05,-6.66667E-04
2.708354,1.120573E-05,-1.269026E-05,-6.66667E-04
2.709355,4.029297E-05,-1.344463E-05,.002
2.710355,4.57766E-05,-1.795602E-05,-6.66667E-04
2.711356,4.3154E-05,9.080453E-06,-.002
2.712356,9.059964E-06,1.023902E-05,-.001
2.713357,-5.960494E-06,1.050538E-05,6.66667E-04
2.714357,-1.668937E-06,-7.975905E-06,-6.66667E-04
2.715358,-5.483656E-06,-1.265487E-05,-6.66667E-04
2.716358,-1.215941E-05,-8.771254E-06,.001
2.717359,-9.536816E-07,1.573388E-05,.002
2.718359,-2.622616E-05,1.960073E-05,6.66667E-04
2.71936,-1.406675E-05,1.292868E-05,.001
2.72036,9.536816E-07,-7.633178E-06,-.002
2.721361,-7.629453E-06,-2.87221E-05,-6.66667E-04
2.722361,-3.099456E-06,-2.87873E-05,6.66667E-04
2.723362,1.6451E-05,-1.386373E-05,6.66667E-04
2.724362,1.525891E-05,-3.326699E-06,-6.66667E-04
2.725363,2.264988E-05,-1.853339E-06,-6.66667E-04
2.726363,4.410767E-05,2.246365E-06,6.66667E-04
2.727364,9.012269E-05,1.796905E-05,-.001
2.728364,6.151246E-05,1.250958E-05,.001
2.729365,2.312672E-05,-5.472481E-06,.001
2.730365,2.431881E-05,-6.530463E-06,-.001
2.731366,3.886246E-05,8.918403E-06,6.66667E-04
2.732366,4.339241E-05,-1.490123E-06,-.001
2.733367,5.292916E-05,-2.703082E-05,-.002
2.734367,8.201646E-05,-3.810623E-05,-.002
2.735368,1.351843E-04,-2.497074E-05,6.66667E-04
2.736368,1.547346E-04,-2.564129E-05,-3.66667E-03
2.737369,1.52112E-04,-1.822424E-05,-.001
2.738369,1.912126E-04,-2.089899E-05,-6.66667E-04
2.73937,2.474803E-04,-4.086853E-05,-2.33333E-03
2.74037,3.149528E-04,-4.467391E-05,.001
2.741371,3.726501E-04,-5.461113E-05,6.66667E-04
2.742371,3.957767E-04,-5.461113E-05,6.66667E-04
2.743372,4.045982E-04,-5.461113E-05,-.002
2.744372,3.781337E-04,-5.461113E-05,-6.66667E-04
2.745373,3.855247E-04,-5.461113E-05,-.002
2.746373,3.814716E-04,-5.461113E-05,-.001
2.747374,3.550071E-04,-5.461113E-05,-2.33333E-03
2.748374,3.423709E-04,-4.669861E-05,-.002
2.749375,2.756137E-04,-3.509433E-05,.001
2.750375,2.596397E-04,-2.451253E-05,.002
2.751376,2.11955E-04,-4.853331E-05,-6.66667E-04
2.752376,1.394758E-04,-5.461113E-05,6.66667E-04
2.753377,9.322213E-05,-2.753374E-05,-.002
2.754377,9.41758E-05,-1.389539E-05,-.002
2.755378,7.86786E-05,-1.695014E-06,.002
2.756378,3.576302E-05,-2.423316E-06,-.001
2.757379,2.408039E-05,-1.791876E-05,-6.66667E-04
2.758379,4.19619E-05,-3.98609E-06,.001
2.75938,3.480935E-05,-3.219792E-05,-.001
2.76038,3.433251E-05,-1.26735E-05,-.007
2.761381,3.17099E-05,-1.154845E-07,-2.33333E-03
2.762381,7.629453E-06,-1.089467E-05,-.002
2.763382,1.549732E-05,-2.431136E-05,-6.66667E-04
2.764382,2.217304E-05,-2.929207E-05,-6.66667E-04
2.765383,4.3154E-05,-3.254437E-05,-.001
2.766383,6.914185E-05,-3.342726E-05,6.66667E-04
2.767384,6.175088E-05,-1.157454E-05,6.66667E-04
2.768384,5.626702E-05,1.110329E-05,-.001
2.769385,6.294297E-05,1.788524E-05,-.001
2.770385,6.72345E-05,1.906429E-05,.001
2.771386,5.793595E-05,4.675258E-07,-.002
2.772386,4.816079E-05,2.497819E-05,-.002
2.773387,4.291558E-05,1.053145E-05,-.001
2.774387,6.651925E-05,-2.069969E-05,-.002
2.775388,6.794976E-05,-5.461113E-05,-6.66667E-04
2.776388,5.102181E-05,-5.461113E-05,6.66667E-04
2.777389,3.337883E-05,-4.787394E-05,-.002
2.778389,3.051781E-05,-2.678682E-05,-2.33333E-03
2.77939,4.243874E-05,-1.66205E-05,-.001
2.78039,3.767037E-05,-2.762501E-05,-.002
2.781391,2.360356E-05,3.181412E-06,6.66667E-04
2.782391,2.28883E-05,2.672349E-05,-6.66667E-04
2.783392,1.811993E-05,1.581393E-06,-6.66667E-04
2.784392,2.861035E-05,-1.532037E-05,-6.66667E-04
2.785393,5.149865E-05,-1.820934E-05,6.66667E-04
2.786393,6.079697E-05,-1.028558E-05,-.002
2.787394,3.814721E-05,2.410277E-06,.002
2.788394,2.694142E-05,4.623114E-06,.001
2.789395,1.33515E-05,2.173346E-05,-2.33333E-03
2.790395,8.10629E-06,1.618091E-05,-6.66667E-04
2.791396,9.059964E-06,3.324836E-06,-6.66667E-04
2.792396,1.287466E-05,2.107967E-05,-6.66667E-04
2.793397,2.02657E-05,2.882828E-05,6.66667E-04
2.794397,2.264988E-05,2.512347E-05,6.66667E-04
2.795398,2.813351E-05,1.247606E-05,6.66667E-04
2.796398,3.147149E-05,7.724448E-06,-6.66667E-04
2.797399,3.147149E-05,-7.368653E-06,-.001
2.798399,3.767037E-05,2.775359E-07,-.001
2.7994,3.314042E-05,2.425179E-06,-.002
2.8004,2.813351E-05,-1.013844E-05,3.66667E-03
2.801401,3.910088E-05,-3.067427E-05,-.001
2.802401,8.058595E-05,-8.786155E-06,-3.66667E-03
2.803402,9.012269E-05,-1.362903E-05,-6.66667E-04
2.804402,1.122956E-04,-2.903689E-05,-.001
2.805403,1.52112E-04,-4.277029E-05,6.66667E-04
2.806403,1.838217E-04,-3.574626E-05,-.001
2.807404,2.088556E-04,-3.846758E-05,-.001
2.808404,2.417574E-04,-5.461113E-05,-6.66667E-04
2.809405,2.808589E-04,-5.461113E-05,-.001
2.810405,3.237743E-04,-3.706687E-05,.001
2.811406,3.337879E-04,-5.461113E-05,-2.33333E-03
2.812406,3.132839E-04,-5.461113E-05,6.66667E-04
2.813407,3.039856E-04,-5.461113E-05,3.66667E-03
2.814407,2.7919E-04,-5.461113E-05,6.66667E-04
2.815408,2.477188E-04,-5.461113E-05,-6.66667E-04
2.816408,2.539176E-04,-5.461113E-05,-6.66667E-04
2.817409,2.384195E-04,-5.461113E-05,-6.66667E-04
2.818409,2.059946E-04,-5.461113E-05,-6.66667E-04
2.81941,1.752386E-04,-5.461113E-05,.001
2.82041,1.342306E-04,-2.584246E-05,.001
2.821411,1.180177E-04,-1.095614E-05,-6.66667E-04
2.822411,9.989785E-05,-1.571525E-05,-.001
2.823412,7.74865E-05,-1.032843E-05,-6.66667E-04
2.824412,7.128762E-05,-2.010737E-05,-.001
2.825413,6.866502E-05,-1.823728E-05,-6.66667E-04
2.826413,5.912804E-05,-8.598028E-06,-6.66667E-04
2.827414,3.409409E-05,-5.461113E-05,-.002
2.828414,2.193463E-05,-5.461113E-05,-6.66667E-04
2.829415,2.765667E-05,-3.738538E-05,6.66667E-04
2.830415,1.6451E-05,-1.516199E-05,-2.33333E-03
2.831416,2.145782E-06,1.758344E-06,.001
2.832416,1.597416E-05,-1.568731E-05,-6.66667E-04
2.833417,3.409409E-05,-1.920399E-05,-.001
2.834417,3.838562E-05,1.229353E-06,.001
2.835418,5.173706E-05,9.808748E-06,6.66667E-04
2.836418,4.553818E-05,7.94424E-06,2.33333E-03
2.837419,4.029297E-05,-6.353512E-06,.002
2.838419,4.649186E-05,4.775851E-06,-6.66667E-04
2.83942,3.600144E-05,-2.343222E-06,6.66667E-04
2.84042,1.263624E-05,-2.29032E-05,-6.66667E-04
2.841421,1.907363E-06,-3.613741E-05,2.33333E-03
2.842421,1.478201E-05,-3.69905E-05,6.66667E-04
2.843422,4.291558E-05,-1.255801E-05,-.001
2.844422,4.911446E-05,-3.534579E-05,-6.66667E-04
2.845423,5.888962E-05,-2.827134E-05,.002
2.846423,5.960488E-05,1.452872E-07,-6.66667E-04
2.847424,5.698227E-05,1.375942E-05,-.001
2.848424,7.009553E-05,-8.096977E-06,.001
2.849425,8.51159E-05,-2.572511E-05,.001
2.850425,8.535432E-05,-2.224382E-05,-6.66667E-04
2.851426,7.915543E-05,-1.228234E-05,-.001
2.852426,8.726167E-05,-1.914438E-05,-.001
2.853427,7.343339E-05,-2.209295E-05,-.001
2.854427,6.079697E-05,-3.159069E-05,-6.66667E-04
2.855428,6.747292E-05,-5.039037E-05,6.66667E-04
2.856428,6.246613E-05,-4.705996E-05,.001
2.857429,6.532716E-05,-5.461113E-05,-.001
2.858429,8.416222E-05,-5.461113E-05,-.002
2.85943,6.961869E-05,-5.461113E-05,-6.66667E-04
2.86043,6.246613E-05,-3.647269E-05,-.001
2.861431,5.912804E-05,-2.899033E-05,6.66667E-04
2.862431,8.535432E-05,-3.471808E-05,-6.66667E-04
2.863432,7.677125E-05,-1.779769E-05,-.001
2.864432,6.938027E-05,-2.578285E-05,-.002
2.865433,6.961869E-05,-4.611938E-06,-6.66667E-04
2.866433,6.222771E-05,5.735114E-06,2.33333E-03
2.867434,7.295655E-05,2.621685E-05,-6.66667E-04
2.868434,7.86786E-05,-5.695998E-06,-.001
2.869435,8.654641E-05,-2.620753E-05,6.66667E-04
2.870435,8.273171E-05,-2.123055E-05,-6.66667E-04
2.871436,9.298371E-05,-5.196816E-07,-6.66667E-04
2.872436,9.131478E-05,-7.569819E-06,-6.66667E-04
2.873437,9.41758E-05,-1.542277E-06,-.001
2.874437,1.065736E-04,1.100829E-05,-6.66667E-04
2.875438,1.332769E-04,4.306465E-06,6.66667E-04
2.876438,1.459131E-04,-4.721456E-05,6.66667E-04
2.877439,1.876364E-04,-5.461113E-05,6.66667E-04
2.878439,2.41519E-04,-5.461113E-05,-6.66667E-04
2.87944,2.96833E-04,-5.461113E-05,-6.66667E-04
2.88044,3.960151E-04,-4.26101E-05,-6.66667E-04
2.881441,5.24763E-04,-4.215376E-05,6.66667E-04
2.882441,6.716289E-04,-5.461113E-05,.001
2.883442,8.032359E-04,-5.461113E-05,-.001
2.884442,9.617843E-04,-5.461113E-05,6.66667E-04
2.885443,1.140602E-03,-5.461113E-05,-6.66667E-04
2.886443,1.270063E-03,-5.461113E-05,6.66667E-04
2.887444,1.327045E-03,-5.461113E-05,6.66667E-04
2.888444,1.362808E-03,-5.461113E-05,-2.33333E-03
2.889445,1.331098E-03,-5.461113E-05,2.33333E-03
2.890445,1.240261E-03,-5.461113E-05,.001
2.891446,1.093872E-03,-5.461113E-05,-.002
2.892446,9.732284E-04,-5.461113E-05,-.001
2.893447,8.368529E-04,-5.461113E-05,-.002
2.894447,6.973781E-04,-5.461113E-05,-6.66667E-04
2.895448,5.581416E-04,-5.461113E-05,6.66667E-04
2.896448,4.200954E-04,-5.461113E-05,-6.66667E-04
2.897449,3.089923E-04,-5.461113E-05,.001
2.898449,2.384195E-04,-4.684948E-05,-.002
2.89945,1.969347E-04,-4.857057E-05,6.66667E-04
2.90045,1.690397E-04,-4.361221E-05,-6.66667E-04
2.901451,1.392374E-04,-4.257844E-05,-6.66667E-04
2.902451,1.189713E-04,-3.141374E-05,-6.66667E-04
2.903452,1.008515E-04,-4.473166E-05,-6.66667E-04
2.904452,7.74865E-05,-5.461113E-05,6.66667E-04
2.905453,9.059953E-05,-5.461113E-05,-3.66667E-03
2.906453,1.134877E-04,-4.127086E-05,-6.66667E-04
2.907454,7.605599E-05,-2.171297E-05,.001
2.908454,9.179162E-05,-6.154209E-06,6.66667E-04
2.909455,9.79905E-05,5.958631E-06,.001
2.910455,7.414864E-05,-4.520104E-05,-.002
2.911456,7.581757E-05,-4.120567E-05,-6.66667E-04
2.912456,7.844018E-05,-3.914186E-05,6.66667E-04
2.913457,7.48639E-05,-5.461113E-05,6.66667E-04
2.914457,1.006131E-04,-5.386421E-05,.001
2.915458,7.462548E-05,-3.510551E-05,2.33333E-03
2.916458,6.246613E-05,-3.937655E-05,-.002
2.917459,6.127404E-05,-3.903941E-05,-.002
2.918459,6.079697E-05,-5.097338E-05,-2.33333E-03
2.91946,9.393739E-05,-5.461113E-05,-.001
2.92046,9.53679E-05,-3.653229E-05,-3.66667E-03
2.921461,1.127725E-04,-1.605612E-05,2.33333E-03
2.922461,9.632157E-05,-5.822658E-06,-.001
2.923462,8.726167E-05,7.128372E-06,-6.66667E-04
2.924462,8.153962E-05,-1.238666E-06,.001
2.925463,7.963227E-05,-3.511668E-05,-.002
2.926463,9.107636E-05,-3.292062E-05,-.002
2.927464,1.146798E-04,-1.947221E-05,-6.66667E-04
2.928464,1.347074E-04,-2.717983E-05,-3.66667E-03
2.929465,1.485357E-04,-2.321799E-05,-.002
2.930465,1.750002E-04,-3.118836E-05,.001
2.931466,2.152929E-04,-3.729784E-05,-.002
2.932466,2.684612E-04,-5.257525E-05,-.001
2.933467,3.175754E-04,-5.461113E-05,-6.66667E-04
2.934467,3.616828E-04,-5.461113E-05,-.001
2.935468,4.208107E-04,-5.461113E-05,-.002
2.936468,5.326308E-04,-5.461113E-05,-6.66667E-04
2.937469,6.749667E-04,-5.461113E-05,-.001
2.938469,8.111037E-04,-5.461113E-05,-6.66667E-04
2.93947,9.632148E-04,-3.823289E-05,-6.66667E-04
2.94047,1.149423E-03,-5.461113E-05,6.66667E-04
2.941471,1.326807E-03,-5.461113E-05,-.001
2.942471,1.488455E-03,-5.461113E-05,-6.66667E-04
2.943472,1.60528E-03,-5.461113E-05,6.66667E-04
2.944472,1.666792E-03,-5.461113E-05,6.66667E-04
2.945473,1.647718E-03,-5.461113E-05,-.002
2.946473,1.575001E-03,-5.461113E-05,6.66667E-04
2.947474,1.472242E-03,-5.461113E-05,-.001
2.948474,1.337297E-03,-5.461113E-05,6.66667E-04
2.949475,1.163967E-03,-5.461113E-05,6.66667E-04
2.950475,1.007088E-03,-5.461113E-05,-6.66667E-04
2.951476,8.525886E-04,-5.461113E-05,-.001
2.952476,6.868877E-04,-5.461113E-05,-2.33333E-03
2.953477,5.910434E-04,-5.461113E-05,-6.66667E-04
2.954477,4.866142E-04,-5.461113E-05,-6.66667E-04
2.955478,3.681201E-04,-4.162849E-05,.001
2.956478,2.789516E-04,-2.802175E-05,-2.33333E-03
2.957479,2.336511E-04,-2.25791E-05,-3.66667E-03
2.958479,1.780996E-04,-2.627831E-05,6.66667E-04
2.95948,1.277933E-04,-2.043147E-05,.002
2.96048,1.018052E-04,-4.428648E-05,.001
2.961481,1.094346E-04,-5.381019E-05,-.001
2.962481,1.077657E-04,-4.61305E-05,6.66667E-04
2.963482,8.845376E-05,-3.417977E-05,-.001
2.964482,1.060967E-04,-4.622363E-05,-3.66667E-03
2.965483,1.094346E-04,-5.379715E-05,-6.66667E-04
2.966483,1.127725E-04,-4.67191E-05,-6.66667E-04
2.967484,1.06812E-04,-2.629322E-05,-.002
2.968484,8.89306E-05,-1.557183E-05,.001
2.969485,7.820176E-05,-1.768966E-05,-6.66667E-04
2.970485,7.963227E-05,-1.627777E-05,6.66667E-04
2.971486,9.083794E-05,-1.426606E-05,-.002
2.972486,8.010911E-05,-2.75654E-05,-.002
2.973487,6.341981E-05,-2.070155E-05,-.001
2.974487,5.483651E-05,-1.512101E-05,6.66667E-04
2.975488,4.816079E-05,3.501787E-06,-.001
2.976488,7.152604E-05,2.151739E-05,6.66667E-04
2.977489,5.102181E-05,-2.416421E-05,-6.66667E-04
2.978489,4.148507E-05,-5.461113E-05,-.001
2.97949,5.435967E-05,-5.089701E-05,-6.66667E-04
2.98049,5.459809E-05,-3.30864E-05,-.001
2.981491,6.127404E-05,-4.385621E-05,-.001
2.982491,7.629441E-05,-3.925362E-05,-6.66667E-04
2.983492,7.009553E-05,-1.532782E-05,6.66667E-04
2.984492,7.724809E-05,7.746799E-06,6.66667E-04
2.985493,6.389664E-05,1.318014E-05,-6.66667E-04
2.986493,5.698227E-05,-1.791131E-05,-.002
2.987494,6.294297E-05,-3.144355E-05,-6.66667E-04
2.988494,5.102181E-05,-5.461113E-05,-.001
2.989495,5.102181E-05,-5.461113E-05,6.66667E-04
2.990495,3.743195E-05,-5.461113E-05,-6.66667E-04
2.991496,4.744553E-05,-2.583687E-05,-.001
2.992496,7.677125E-05,1.274614E-05,6.66667E-04
2.993497,4.220032E-05,2.338749E-05,.001
2.994497,7.867871E-06,1.89041E-05,-6.66667E-04
2.995498,3.528618E-05,8.301868E-06,.001
2.996498,7.462548E-05,7.683469E-06,-.002
2.997499,7.700967E-05,-2.938521E-05,6.66667E-04
2.998499,5.316758E-05,-3.38594E-05,-.001
2.9995,5.626702E-05,-4.191534E-05,-6.66667E-04
3.0005,9.346055E-05,-1.519924E-05,-.002
3.001501,1.354227E-04,-1.403881E-05,6.66667E-04
3.002501,1.506815E-04,-1.234381E-05,6.66667E-04
3.003502,1.721391E-04,-2.091762E-05,-.001
3.004502,1.9312E-04,-3.645779E-05,-6.66667E-04
3.005503,1.995573E-04,-5.461113E-05,-6.66667E-04
3.006503,2.014646E-04,-5.461113E-05,-6.66667E-04
3.007504,2.148161E-04,-5.461113E-05,.001
3.008504,2.55825E-04,-5.461113E-05,-3.66667E-03
3.009505,2.868194E-04,-4.868046E-05,6.66667E-04
3.010505,3.020782E-04,-3.153109E-05,-6.66667E-04
3.011506,2.861042E-04,-4.547858E-05,6.66667E-04
3.012506,2.901573E-04,-5.461113E-05,-.004
3.013507,2.379427E-04,-5.461113E-05,-6.66667E-04
3.014507,2.291212E-04,-5.461113E-05,6.66667E-04
3.015508,2.141008E-04,-5.461113E-05,6.66667E-04
3.016508,2.095709E-04,-5.461113E-05,-6.66667E-04
3.017509,1.876364E-04,-5.461113E-05,6.66667E-04
3.018509,1.559267E-04,-4.499615E-05,-.001
3.01951,1.080041E-04,-1.585123E-05,-6.66667E-04
3.02051,1.161103E-04,-1.426793E-06,6.66667E-04
3.021511,9.79905E-05,2.187316E-05,-6.66667E-04
3.022511,8.201646E-05,1.961377E-05,6.66667E-04
3.023512,7.176446E-05,9.108371E-07,-.001
3.024512,4.935288E-05,-6.305083E-06,-.001
3.025513,4.95913E-05,8.145405E-06,-2.33333E-03
3.026513,6.413506E-05,5.923241E-06,-.001
3.027514,5.292916E-05,2.812612E-07,-6.66667E-04
3.028514,5.579018E-05,-1.285417E-05,-6.66667E-04
3.029515,5.769753E-05,-4.301616E-05,-.001
3.030515,5.98433E-05,-3.446848E-05,-.001
3.031516,4.83992E-05,-2.790813E-05,-.001
3.032516,3.099465E-05,-2.106666E-06,-.001
3.033517,1.931202E-05,2.640125E-05,6.66667E-04
3.034517,2.980244E-05,6.916031E-06,-6.66667E-04
3.035518,3.361725E-05,-2.271507E-05,-2.33333E-03
3.036518,4.291558E-05,-1.126347E-05,.001
3.037519,2.861035E-05,-1.163228E-05,-.001
3.038519,2.098095E-05,-1.125416E-05,-6.66667E-04
3.03952,1.049048E-05,-2.091017E-05,-6.66667E-04
3.04052,3.099456E-06,-1.625356E-05,-.002
3.041521,1.168257E-05,-1.61716E-05,-6.66667E-04
3.042521,1.6451E-05,-2.677937E-05,.001
3.043522,1.6451E-05,-3.518374E-05,6.66667E-04
3.044522,2.193463E-05,-4.387298E-05,-.001
3.045523,5.292916E-05,-3.927597E-05,2.33333E-03
3.046523,4.649186E-05,-3.490612E-06,-6.66667E-04
3.047524,4.482293E-05,-4.798203E-06,-3.66667E-03
3.048524,6.651925E-05,1.221529E-05,-.002
3.049525,7.677125E-05,-4.213332E-06,-6.66667E-04
3.050525,9.346055E-05,-1.226744E-05,-.002
3.051526,9.655999E-05,-1.059106E-05,-.001
3.052526,1.094346E-04,-2.993282E-05,.001
3.053527,1.177792E-04,-4.679733E-05,6.66667E-04
3.054527,1.428137E-04,-5.461113E-05,6.66667E-04
3.055528,1.683244E-04,-2.894376E-05,.001
3.056528,2.01703E-04,-1.602073E-05,-.001
3.057529,2.355585E-04,-1.383765E-05,-.001
3.058529,2.839584E-04,-5.159923E-05,6.66667E-04
3.05953,3.387947E-04,-5.461113E-05,6.66667E-04
3.06053,3.559608E-04,-4.827813E-05,-6.66667E-04
3.061531,4.005451E-04,-5.461113E-05,-.001
3.062531,4.463214E-04,-5.461113E-05,-.001
3.063532,4.606266E-04,-5.461113E-05,-.002
3.064532,4.363079E-04,-5.461113E-05,-6.66667E-04
3.065533,4.129428E-04,-4.181289E-05,-6.66667E-04
3.066533,3.762264E-04,-4.553632E-05,-.001
3.067534,3.416557E-04,-4.535192E-05,-6.66667E-04
3.068534,3.078002E-04,-5.461113E-05,-.001
3.069535,2.458114E-04,-2.953236E-05,6.66667E-04
3.070535,2.133856E-04,-1.278712E-05,.001
3.071536,1.583109E-04,-1.351914E-05,.001
3.072536,1.339922E-04,-2.635096E-05,-.002
3.073537,1.018052E-04,-3.133551E-05,-6.66667E-04
3.074537,6.651925E-05,-5.275407E-05,-.002
3.075538,3.910088E-05,-5.461113E-05,6.66667E-04
3.076538,3.027928E-05,-5.461113E-05,-.001
3.077539,4.720711E-05,-3.014889E-05,-.002
3.078539,2.336514E-05,-1.465721E-05,.001
3.07954,5.006819E-06,1.197688E-06,6.66667E-04
3.08054,1.1921E-06,1.369609E-05,.002
3.081541,-7.152594E-07,6.2045E-06,-.001
3.082541,1.931202E-05,-2.370414E-05,-.001
3.083542,2.02657E-05,-3.389479E-05,-.002
3.084542,4.649186E-05,-3.846199E-05,.002
3.085543,3.957772E-05,-6.42988E-06,-6.66667E-04
3.086543,1.835835E-05,4.526257E-06,-.001
3.087544,1.168257E-05,-3.83149E-06,6.66667E-04
3.088544,2.217304E-05,-9.095354E-06,-2.33333E-03
3.089545,3.457093E-05,-5.520909E-06,-.001
3.090545,1.072889E-05,2.853587E-06,-.004
3.091546,-9.536801E-06,1.862659E-09,.002
3.092546,-1.239782E-05,-1.294172E-05,-.001
3.093547,-3.576293E-06,-2.12678E-05,-6.66667E-04
3.094547,4.768401E-06,-2.590951E-05,-.001
3.095548,3.194832E-05,-2.845202E-05,.001
3.096548,6.675767E-05,-3.278274E-07,.002
3.097549,8.082436E-05,1.981307E-05,-.001
3.098549,5.22139E-05,-1.861353E-05,.001
3.09955,3.242516E-05,-3.232085E-05,6.66667E-04
3.10055,4.029297E-05,-5.455717E-06,-.002
3.101551,4.911446E-05,-1.518807E-05,.001
3.102551,2.980244E-05,-2.419029E-05,-.002
3.103552,4.768408E-07,-1.038617E-05,-.001
3.104552,0,2.618894E-06,-.002
3.105553,-1.907363E-06,-1.008256E-05,6.66667E-04
3.106553,1.907363E-06,-2.149877E-05,.001
3.107554,-4.529982E-06,-2.353091E-05,-2.33333E-03
3.108554,-2.837193E-05,-1.841795E-05,-.002
3.109555,-1.883518E-05,-1.971622E-05,-6.66667E-04
3.110555,-1.621258E-05,-1.533527E-05,6.66667E-04
3.111556,-6.198912E-06,-2.102938E-05,-6.66667E-04
3.112556,4.291564E-06,-3.317208E-05,-6.66667E-04
3.113557,7.629453E-06,-1.355453E-05,3.66667E-03
3.114557,1.263624E-05,2.086733E-05,-6.66667E-04
3.115558,4.768408E-07,2.660241E-05,-.001
3.116558,1.382834E-05,5.460926E-05,6.66667E-04
3.117559,1.144415E-05,4.975521E-05,6.66667E-04
3.118559,-4.529982E-06,2.79696E-05,-.002
3.11956,2.02657E-05,-4.913687E-06,-6.66667E-04
3.12056,3.099465E-05,-1.14218E-05,-.002
3.121561,3.099456E-06,4.624599E-05,-6.66667E-04
3.122561,-1.239782E-05,4.476146E-05,-6.66667E-04
3.123562,-1.144415E-05,2.270576E-05,-.002
3.124562,-7.867871E-06,2.877985E-05,-6.66667E-04
3.125563,7.629453E-06,2.59598E-05,-.002
3.126563,1.811993E-05,4.166766E-06,6.66667E-04
3.127564,2.598774E-05,-7.886498E-06,-.002
3.128564,1.311308E-05,-5.37376E-06,-6.66667E-04
3.129565,5.245238E-06,-1.325092E-05,-6.66667E-04
3.130565,1.049048E-05,-3.479072E-05,.001
3.131566,-1.406675E-05,-2.554071E-05,-6.66667E-04
3.132566,7.867871E-06,-1.990807E-05,-.002
3.133567,2.312672E-05,-6.148621E-06,.001
3.134567,2.527249E-05,-1.271634E-05,-.001
3.135568,2.93256E-05,-3.043577E-06,-6.66667E-04
3.136568,-9.536801E-06,-2.965346E-06,-.002
3.137569,-2.384197E-05,-8.540286E-06,-.001
3.138569,-1.668942E-05,-1.132867E-05,-.001
3.13957,-1.764309E-05,-3.206008E-05,-.001
3.14057,2.861038E-06,-3.311061E-05,-.001
3.141571,1.668937E-06,-2.202962E-05,-2.33333E-03
3.142571,5.960494E-06,-1.103437E-05,.001
3.143572,6.437331E-06,-5.237787E-06,-.002
3.144572,1.716625E-05,5.828246E-06,-2.33333E-03
3.145573,1.144415E-05,-7.858558E-06,-.002
3.146573,-3.337875E-06,-1.619209E-05,6.66667E-04
3.147574,2.694142E-05,-8.100702E-06,6.66667E-04
3.148574,2.598774E-05,-3.151991E-05,-6.66667E-04
3.149575,3.17099E-05,-4.645088E-05,-.001
3.150575,4.601502E-05,-5.461113E-05,6.66667E-04
3.151576,8.034753E-05,-4.226365E-05,6.66667E-04
3.152576,1.215939E-04,-3.622682E-05,.001
3.153577,1.797685E-04,-2.705131E-05,-2.33333E-03
3.154577,2.11955E-04,-2.79193E-05,-.002
3.155578,2.706069E-04,-3.024947E-05,-.001
3.156578,3.194828E-04,-5.268515E-05,-6.66667E-04
3.157579,3.280658E-04,-5.461113E-05,6.66667E-04
3.158579,3.447551E-04,-5.461113E-05,-2.33333E-03
3.15958,3.395099E-04,-5.461113E-05,6.66667E-04
3.16058,2.946872E-04,-5.461113E-05,-.001
3.161581,2.126703E-04,-5.461113E-05,-2.33333E-03
3.162581,1.552114E-04,-5.461113E-05,-6.66667E-04
3.163582,1.165872E-04,-4.061521E-05,-6.66667E-04
3.164582,8.010911E-05,-3.374391E-05,-.001
3.165583,5.769753E-05,-2.525945E-05,-.001
3.166583,2.098095E-05,-8.996612E-07,-.001
3.167584,-9.536816E-07,1.612504E-05,-.004
3.168584,-6.198912E-06,2.167572E-05,.002
3.169585,2.384197E-05,-6.65526E-06,-.001
3.170585,6.437331E-06,-2.298516E-05,6.66667E-04
3.171586,-3.242516E-05,-3.421694E-06,-.002
3.172586,-4.172348E-05,-2.022847E-06,-.001
3.173587,-4.339241E-05,-2.261822E-05,-6.66667E-04
3.174587,-2.050411E-05,-1.724635E-05,6.66667E-04
3.175588,-1.192099E-05,-2.325152E-05,6.66667E-04
3.176588,2.02657E-05,-2.496142E-05,-6.66667E-04
3.177589,3.576302E-05,-1.117965E-05,-.001
3.178589,3.981614E-05,7.204741E-06,-.001
3.17959,3.600144E-05,2.675701E-05,.002
3.18059,9.536801E-06,5.189725E-05,-6.66667E-04
3.181591,-1.168257E-05,1.749408E-05,-.001
3.182591,-1.978886E-05,-1.214078E-05,.001
3.183592,1.764309E-05,-1.999189E-05,-6.66667E-04
3.184592,9.298383E-06,-1.840864E-05,.001
3.185593,-1.406675E-05,-1.424929E-05,-6.66667E-04
3.186593,9.536816E-07,-6.99985E-06,-6.66667E-04
3.187594,4.768408E-07,-9.030162E-06,-.001
3.188594,3.2902E-05,-1.333287E-05,-.002
3.189595,2.55109E-05,1.445418E-05,-6.66667E-04
3.190595,1.859677E-05,6.409391E-06,-.002
3.191596,1.406675E-05,8.922107E-07,6.66667E-04
3.192596,-4.768408E-07,-1.018128E-05,-.002
3.193597,2.098095E-05,-9.920506E-06,6.66667E-04
3.194597,3.027928E-05,-2.324596E-06,-.001
3.195598,1.096731E-05,1.100084E-05,.001
3.196598,0,1.151493E-05,6.66667E-04
3.197599,-1.931202E-05,4.157453E-06,6.66667E-04
3.198599,3.099456E-06,1.071027E-05,6.66667E-04
3.1996,3.099456E-06,-8.475072E-07,-.001
3.2006,-4.529982E-06,3.689915E-06,6.66667E-04
3.201601,-1.668937E-06,2.086172E-07,-6.66667E-04
3.202601,-1.621258E-05,-1.22004E-06,-.002
3.203602,-1.811993E-05,-4.334404E-06,-.001
3.204602,1.287466E-05,2.424803E-05,-.002
3.205603,3.17099E-05,3.128708E-05,-.001
3.206603,1.239782E-05,3.141188E-05,-.002
3.207604,4.363083E-05,2.965529E-05,-6.66667E-04
3.208604,4.482293E-05,8.370786E-06,-.001
3.209605,3.886246E-05,-1.290633E-05,-.001
3.210605,2.145779E-05,-2.180983E-05,.002
3.211606,1.597416E-05,-1.950387E-05,-6.66667E-04
3.212606,3.576293E-06,-4.414487E-07,-6.66667E-04
3.213607,-2.622619E-06,-1.231959E-05,.001
3.214607,1.478201E-05,-2.541218E-05,-.002
3.215608,4.005455E-05,-1.44542E-06,-.002
3.216608,1.955044E-05,-1.64361E-05,-6.66667E-04
3.217609,5.006819E-06,-2.785784E-05,6.66667E-04
3.218609,2.312672E-05,-1.687196E-05,.001
3.21961,3.2902E-05,-1.225813E-05,-6.66667E-04
3.22061,1.430517E-05,-1.519179E-05,-.001
3.221611,6.198912E-06,-3.054761E-05,-.001
3.222611,1.168257E-05,-2.288085E-05,2.33333E-03
3.223612,1.716625E-05,-1.544703E-05,-.001
3.224612,9.536801E-06,-2.742943E-05,-6.66667E-04
3.225613,5.960494E-06,-2.397422E-05,.001
3.226614,1.215941E-05,-4.816829E-06,-6.66667E-04
3.227614,2.336514E-05,2.57307E-05,6.66667E-04
3.228614,7.629453E-06,2.785597E-05,6.66667E-04
3.229615,3.099456E-06,2.521288E-05,6.66667E-04
3.230615,5.006819E-06,2.585922E-05,-.002
3.231616,-2.169621E-05,1.422135E-05,-.001
3.232616,-4.911446E-05,-2.112251E-05,-2.33333E-03
3.233617,-2.264988E-05,-3.556558E-05,.001
3.234617,2.622616E-05,-3.569596E-05,-.001
3.235618,3.480935E-05,-2.093252E-05,6.66667E-04
3.236619,2.193463E-05,3.261506E-06,-6.66667E-04
3.237619,1.430517E-05,-3.66515E-05,-6.66667E-04
3.238619,9.298383E-06,-4.231767E-05,-.001
3.23962,-4.053145E-06,-2.794724E-05,-.001
3.24062,5.960494E-06,-8.434115E-06,-.001
3.241621,-2.3842E-06,-1.236802E-05,-.001
3.242621,7.152586E-06,-3.192588E-06,-.001
3.243622,9.536816E-07,-1.950204E-06,.001
3.244622,-1.835835E-05,-1.649011E-05,-.001
3.245623,3.099456E-06,-1.208304E-05,-6.66667E-04
3.246624,3.2902E-05,1.307583E-05,-6.66667E-04
3.247624,2.694142E-05,3.129258E-06,-.002
3.248624,2.360356E-05,-4.284102E-07,-2.33333E-03
3.249625,-7.867871E-06,6.793096E-06,-.001
3.250625,-3.099465E-05,-4.630565E-06,-6.66667E-04
3.251626,-4.363083E-05,-2.155465E-05,-.001
3.252626,-2.384197E-05,-1.165649E-05,-2.33333E-03
3.253627,3.337875E-06,-1.633551E-05,-6.66667E-04
3.254627,5.722075E-06,-1.113681E-05,2.33333E-03
3.255628,1.215941E-05,-7.692761E-07,-6.66667E-04
3.256629,2.02657E-05,1.283741E-05,-.002
3.257629,-3.099456E-06,3.807261E-06,.001
3.258629,-3.504776E-05,-1.809013E-05,.002
3.25963,-5.149865E-05,-3.166706E-05,.002
3.26063,-3.600144E-05,-3.438652E-05,-.001
3.261631,-2.55109E-05,-1.12374E-05,-.002
3.262631,1.1921E-06,1.087792E-06,-6.66667E-04
3.263632,-7.391005E-06,-7.221504E-06,-6.66667E-04
3.264632,-3.695511E-05,-1.631684E-06,-.002
3.265633,-4.410767E-05,1.516944E-05,-6.66667E-04
3.266634,-3.743195E-05,3.874884E-05,-6.66667E-04
3.267634,-2.360356E-05,3.914E-05,.001
3.268634,7.152594E-07,3.885501E-05,.001
3.269635,2.360356E-05,1.123181E-05,-6.66667E-04
3.270635,3.480935E-05,-3.82404E-06,-.001
3.271636,3.385567E-05,-1.57227E-05,-6.66667E-04
3.272636,3.862404E-05,-3.784909E-06,6.66667E-04
3.273637,1.621258E-05,4.336267E-06,6.66667E-04
3.274637,3.099456E-06,4.163041E-06,6.66667E-04
3.275638,7.629453E-06,2.552022E-05,.001
3.276639,-5.960494E-06,1.204206E-05,.001
3.277639,-7.391005E-06,-1.655531E-05,6.66667E-04
3.278639,4.529982E-06,-1.906429E-05,-.001
3.27964,-2.622619E-06,5.066431E-07,-.002
3.28064,-1.382834E-05,2.821922E-06,-.001
3.281641,-2.121937E-05,7.66298E-06,-2.33333E-03
3.282641,-4.076981E-05,5.785405E-06,-.002
3.283642,-1.287466E-05,1.046812E-05,6.66667E-04
3.284642,4.053145E-06,1.694274E-05,-.002
3.285643,-3.337875E-06,3.247359E-05,-.002
3.286644,1.764309E-05,2.907228E-05,6.66667E-04
3.287644,-1.1921E-06,1.765795E-06,-6.66667E-04
3.288644,-9.536801E-06,-3.016938E-05,-.001
3.289645,-4.053145E-06,-3.140629E-05,-.001
3.290645,4.529982E-06,-3.440888E-05,.001
3.291646,-9.059964E-06,-8.383824E-06,6.66667E-04
3.292646,-8.344708E-06,-1.523836E-05,6.66667E-04
3.293647,-7.152594E-07,-1.270516E-05,-6.66667E-04
3.294647,-4.053145E-06,-1.139013E-05,-.001
3.295648,-1.621258E-05,-2.573256E-05,6.66667E-04
3.296649,5.483656E-06,-9.400828E-06,.002
3.297649,1.1921E-06,6.832212E-06,6.66667E-04
3.298649,-2.789509E-05,1.83658E-05,-6.66667E-04
3.29965,-3.743195E-05,-1.1921E-06,-6.66667E-04
3.30065,-8.344708E-06,-2.564688E-05,-.001
3.301651,2.765667E-05,-2.008688E-05,6.66667E-04
3.302651,3.790879E-05,1.426978E-05,-.002
3.303652,2.813351E-05,1.323974E-05,-.001
3.304652,2.813351E-05,5.718357E-07,-6.66667E-04
3.305653,2.741825E-05,-1.29175E-05,6.66667E-04
3.306653,4.553818E-05,9.294658E-06,-6.66667E-04
3.307654,5.126023E-05,1.460321E-06,6.66667E-04
3.308654,3.814721E-05,1.193963E-06,-6.66667E-04
3.309655,2.145779E-05,1.06544E-06,.002
3.310655,-5.006819E-06,-4.053145E-06,-.002
3.311656,-1.287466E-05,5.714624E-06,-6.66667E-04
3.312656,-3.433251E-05,2.618704E-05,6.66667E-04
3.313657,-2.050411E-05,2.628204E-05,-.001
3.314657,1.072889E-05,7.923751E-06,.001
3.315658,3.099456E-06,-1.17757E-05,-.002
3.316658,-2.121937E-05,-4.143664E-05,6.66667E-04
3.317659,-1.573574E-05,-3.716373E-05,-.001
3.318659,4.291564E-06,-5.324581E-05,6.66667E-04
3.31966,2.622619E-06,-4.090951E-05,-.001
3.32066,6.198912E-06,-2.125103E-05,.002
3.321661,1.621258E-05,-1.420459E-05,-.001
3.322661,7.152586E-06,2.2147E-06,-.001
3.323662,-1.692784E-05,1.006952E-05,-.001
3.324662,-9.059964E-06,5.513459E-06,.001
3.325663,-1.239782E-05,5.129754E-06,.001
3.326663,1.430519E-06,-1.000991E-05,-6.66667E-04
3.327664,5.006819E-06,-1.497386E-05,-6.66667E-04
3.328664,-7.152594E-07,-1.228979E-05,6.66667E-04
3.329665,-2.074253E-05,-8.687435E-06,-.001
3.330665,-1.382834E-05,2.730652E-06,-3.66667E-03
3.331666,-1.573574E-05,4.33813E-06,-6.66667E-04
3.332666,-3.147149E-05,-2.999057E-05,-6.66667E-04
3.333667,-3.623986E-05,-5.368172E-06,-.001
3.334667,-1.454359E-05,2.359611E-05,-6.66667E-04
3.335668,-9.536816E-07,5.571201E-06,-6.66667E-04
3.336668,2.622619E-06,1.168071E-05,-2.33333E-03
3.337669,-7.391005E-06,-2.22215E-06,6.66667E-04
3.338669,2.145782E-06,-1.711037E-05,-6.66667E-04
3.33967,-3.576293E-06,1.972925E-05,-6.66667E-04
3.34067,-1.072889E-05,3.086426E-05,-.002
3.341671,-1.168257E-05,3.572577E-05,-2.33333E-03
3.342671,9.77522E-06,3.346452E-05,-.001
3.343672,1.907363E-06,2.895494E-05,-.002
3.344672,2.02657E-05,-5.610316E-06,-.001
3.345673,2.694142E-05,-2.576609E-05,.001
3.346673,2.217304E-05,-2.612371E-05,.002
3.347674,1.549732E-05,-7.400318E-06,-6.66667E-04
3.348674,-2.861038E-06,6.772607E-06,-6.66667E-04
3.349675,4.291564E-06,7.240131E-06,-.002
3.350675,1.668942E-05,2.365571E-05,.001
3.351676,8.583127E-06,2.911512E-05,.001
3.352676,2.145779E-05,2.384756E-05,.001
3.353677,2.145779E-05,2.004218E-05,-.001
3.354677,1.525891E-05,-2.265547E-05,6.66667E-04
3.355678,-2.861038E-06,-2.596912E-05,6.66667E-04
3.356678,-7.152594E-07,-2.288085E-05,-6.66667E-04
3.357679,-9.298383E-06,-3.323168E-05,6.66667E-04
3.358679,-1.239782E-05,-1.255987E-05,6.66667E-04
3.35968,-1.1921E-06,1.851477E-06,2.33333E-03
3.36068,-2.3842E-06,1.092633E-05,-.001
3.361681,2.861035E-05,6.901129E-06,6.66667E-04
3.362681,3.409409E-05,-2.314162E-05,-2.33333E-03
3.363682,2.908718E-05,-2.640497E-05,-.001
3.364682,3.337875E-06,-2.319564E-05,6.66667E-04
3.365683,-2.074253E-05,-2.579403E-05,-6.66667E-04
3.366683,-8.344708E-06,-1.562026E-05,-.002
3.367684,-1.716625E-05,-7.450617E-07,.001
3.368684,-3.671669E-05,-1.550291E-05,-.001
3.369685,-2.837193E-05,-9.73983E-06,6.66667E-04
3.370685,-8.344708E-06,2.519612E-05,-6.66667E-04
3.371686,-1.811993E-05,1.561281E-05,-6.66667E-04
3.372686,-1.358992E-05,1.712341E-05,-.001
3.373687,-1.33515E-05,1.570408E-05,-.001
3.374687,4.768408E-07,1.882215E-05,-6.66667E-04
3.375688,-8.344708E-06,-1.059478E-05,-6.66667E-04
3.376688,-1.502043E-05,-6.334885E-06,6.66667E-04
3.377689,-1.621258E-05,-1.629454E-05,-.001
3.378689,4.291564E-06,2.450321E-05,-.001
3.37969,4.529982E-06,2.192904E-05,-.001
3.38069,-1.096731E-05,1.398854E-06,-6.66667E-04
3.381691,-9.536801E-06,-1.187442E-05,6.66667E-04
3.382691,-1.025206E-05,-2.271321E-05,-6.66667E-04
3.383692,-2.574932E-05,-1.368677E-05,6.66667E-04
3.384692,-3.910088E-05,-6.446644E-06,-6.66667E-04
3.385693,-3.337883E-05,6.601244E-06,6.66667E-04
3.386693,-1.192099E-05,1.449703E-05,-.001
3.387694,-1.33515E-05,1.934555E-05,-.002
3.388694,-4.053145E-06,2.541032E-05,6.66667E-04
3.389695,-2.455723E-05,1.018874E-06,-.001
3.390696,-3.385567E-05,-1.389539E-05,-.001
3.391696,-5.60286E-05,-1.550291E-05,.002
3.392696,-4.243874E-05,-3.101141E-05,-.002
3.393697,-3.695511E-05,-2.338004E-05,6.66667E-04
3.394697,-2.837193E-05,-2.200727E-05,-6.66667E-04
3.395698,-1.835835E-05,1.317268E-05,6.66667E-04
3.396698,-1.716625E-05,4.131376E-06,-.001
3.397699,-1.1921E-06,-3.059418E-05,-.002
3.398699,3.337875E-06,-2.729718E-05,-6.66667E-04
3.3997,-2.861038E-06,-4.18353E-06,-.002
3.400701,2.050411E-05,-8.819683E-06,.001
3.401701,1.740467E-05,-1.87644E-05,-.001
3.402701,7.152586E-06,-1.515454E-05,-6.66667E-04
3.403702,-5.006819E-06,-1.530733E-05,6.66667E-04
3.404702,1.1921E-06,-1.262134E-05,.001
3.405703,5.245238E-06,-8.378236E-06,-.001
3.406703,7.152594E-07,2.307832E-06,-.002
3.407704,-1.621258E-05,2.386246E-05,-.002
3.408704,-1.931202E-05,4.197494E-05,.001
3.409705,-1.668942E-05,8.69116E-06,-3.66667E-03
3.410706,-1.1921E-06,-1.180923E-05,-.002
3.411706,7.152586E-06,-2.81689E-05,.001
3.412706,2.169621E-05,-1.09729E-05,-.002
3.413707,7.629453E-06,1.165649E-05,-6.66667E-04
3.414707,8.821546E-06,4.163041E-06,6.66667E-04
3.415708,1.215941E-05,-1.712714E-05,-.002
3.416708,1.430517E-05,-3.249967E-05,-.002
3.417709,-1.430519E-06,-3.003154E-05,-.002
3.418709,-1.883518E-05,-1.833972E-05,.001
3.41971,-8.10629E-06,-3.911584E-06,-.001
3.420711,-2.121937E-05,-4.773989E-06,-6.66667E-04
3.421711,-3.004086E-05,-5.107402E-06,6.66667E-04
3.422711,-2.121937E-05,-2.788019E-05,-2.33333E-03
3.423712,-1.1921E-06,-3.891095E-06,-6.66667E-04
3.424712,-5.006819E-06,1.210911E-05,.001
3.425713,1.90736E-05,-2.544388E-06,-6.66667E-04
3.426713,2.622616E-05,-7.113471E-06,-6.66667E-04
3.427714,2.169621E-05,-6.804272E-06,-6.66667E-04
3.428714,1.549732E-05,-1.365884E-05,-6.66667E-04
3.429715,1.502043E-05,-2.357189E-05,-6.66667E-04
3.430716,9.77522E-06,-3.68359E-05,-.001
3.431716,4.529982E-06,-3.923313E-05,.001
3.432716,-1.454359E-05,-3.913447E-06,.001
3.433717,1.502043E-05,1.664844E-05,-.001
3.434717,9.536816E-07,1.410028E-05,-.002
3.435718,-7.629453E-06,1.462184E-06,.001
3.436718,-5.006819E-06,-1.644169E-05,6.66667E-04
3.437719,-3.337875E-06,-1.778465E-05,.001
3.438719,-2.121937E-05,-1.930271E-05,6.66667E-04
3.43972,-5.054497E-05,-1.588475E-05,-.001
3.440721,-3.814721E-05,-8.530951E-07,-6.66667E-04
3.441721,-4.291558E-05,-3.164285E-05,-6.66667E-04
3.442721,-2.169621E-05,-3.014889E-05,.001
3.443722,-2.503407E-05,-3.506825E-05,-6.66667E-04
3.444722,-2.360356E-05,-1.095055E-05,-6.66667E-04
3.445723,-1.692784E-05,7.389142E-06,-6.66667E-04
3.446723,-1.120573E-05,-1.105486E-05,-.001
3.447724,4.529982E-06,-3.518187E-05,-6.66667E-04
3.448724,4.291564E-06,-3.639632E-05,-.001
3.449725,1.382834E-05,-4.093559E-05,-.001
3.450726,3.576302E-05,-3.53104E-05,-.002
3.451726,4.243874E-05,-3.180862E-05,-.001
3.452726,2.145779E-05,-2.652418E-05,-6.66667E-04
3.453727,-7.152594E-07,-9.026437E-06,-.002
3.454727,-1.978886E-05,1.963243E-06,.001
3.455728,-4.768401E-06,1.112564E-05,-6.66667E-04
3.456728,-2.503407E-05,3.058478E-06,-.001
3.457729,-5.769753E-05,1.032097E-05,6.66667E-04
3.458729,-2.837193E-05,-1.830992E-05,-.002
3.45973,-2.55109E-05,-3.499561E-05,6.66667E-04
3.460731,-2.28883E-05,-1.120387E-05,-.002
3.461731,-1.716625E-05,-5.902752E-06,-.002
3.462731,-3.099465E-05,1.159875E-05,-.001
3.463732,2.002728E-05,-2.451625E-05,-6.66667E-04
3.464732,3.123307E-05,-4.789629E-05,-6.66667E-04
3.465733,-1.907363E-06,-1.64659E-05,-2.33333E-03
3.466733,-6.437331E-06,-1.986523E-05,.001
3.467734,-7.152594E-07,-2.249714E-05,-6.66667E-04
3.468734,-1.692784E-05,-7.145136E-06,-3.66667E-03
3.469735,-2.55109E-05,1.159689E-05,-.001
3.470736,4.291564E-06,5.289949E-07,-.002
3.471736,7.391005E-06,2.725064E-06,-.002
3.472736,6.914168E-06,2.121567E-06,.001
3.473737,7.152586E-06,1.160806E-05,-.001
3.474737,-3.337875E-06,1.22693E-05,-6.66667E-04
3.475738,-6.198912E-06,5.759328E-06,-6.66667E-04
3.476738,1.502043E-05,1.48472E-05,.002
3.477739,1.597416E-05,1.203647E-05,6.66667E-04
3.478739,2.312672E-05,1.275359E-05,.001
3.47974,1.859677E-05,2.054509E-05,6.66667E-04
3.480741,1.502043E-05,4.4076E-05,-6.66667E-04
3.481741,1.096731E-05,3.412389E-05,6.66667E-04
3.482741,-4.053145E-06,1.328631E-05,-6.66667E-04
3.483742,1.168257E-05,1.040852E-05,-.001
3.484742,2.264988E-05,1.284672E-05,-.002
3.485743,5.483656E-06,-1.821674E-06,-6.66667E-04
3.486743,-2.02657E-05,-2.292742E-05,-.001
3.487744,-3.504776E-05,-2.055068E-05,-.001
3.488744,9.298383E-06,-1.111632E-05,-.001
3.489745,2.6703E-05,7.038965E-06,-.001
3.490746,-7.152594E-07,6.664573E-06,6.66667E-04
3.491746,-1.668942E-05,-9.080453E-06,-.001
3.492746,-1.454359E-05,-2.160494E-05,-.001
3.493747,-2.336514E-05,-2.037932E-05,6.66667E-04
3.494747,-7.152586E-06,-2.501544E-05,6.66667E-04
3.495748,3.814726E-06,-2.591137E-05,-6.66667E-04
3.496748,1.740467E-05,-1.82261E-05,.001
3.497749,3.361725E-05,-3.238046E-05,6.66667E-04
3.498749,3.695511E-05,-1.814973E-05,-6.66667E-04
3.49975,2.264988E-05,-1.193403E-05,-.002
3.500751,-7.152594E-07,-4.09226E-06,6.66667E-04
3.501751,-6.198912E-06,2.012413E-05,.001
3.502751,-2.789509E-05,2.729904E-05,-.002
3.503752,-3.004086E-05,1.654786E-05,.001
3.504752,-2.789509E-05,-4.906236E-06,-6.66667E-04
3.505753,-1.668942E-05,-2.423316E-06,-.002
3.506753,-7.867871E-06,2.936472E-05,-6.66667E-04
3.507754,-1.573574E-05,3.270083E-05,-6.66667E-04
3.508754,-2.861038E-06,1.240155E-05,6.66667E-04
3.509755,-1.358992E-05,-3.231704E-06,-.001
3.510756,-2.479565E-05,-6.841525E-06,-.002
3.511756,3.099456E-06,1.348933E-05,-.002
3.512756,9.536801E-06,1.285045E-05,-.001
3.513757,3.576293E-06,-9.493961E-06,-.002
3.514757,1.33515E-05,-3.0922E-05,-.002
3.515758,5.245238E-06,-3.758096E-05,-6.66667E-04
3.516758,1.430517E-05,-2.167758E-05,6.66667E-04
3.517759,1.263624E-05,-5.105539E-06,-.002
3.518759,9.77522E-06,2.077234E-05,-.002
3.51976,-2.622619E-06,2.157141E-05,6.66667E-04
3.520761,1.502043E-05,1.318572E-05,-.002
3.521761,-7.391005E-06,3.675208E-05,-.001
3.522761,2.717983E-05,5.233497E-05,-2.33333E-03
3.523762,3.814721E-05,1.524208E-05,-.004
3.524762,2.861035E-05,-1.446164E-05,.001
3.525763,2.93256E-05,-3.698119E-05,-6.66667E-04
3.526763,3.314042E-05,-4.377426E-05,-.001
3.527764,1.549732E-05,-4.303106E-05,6.66667E-04
3.528764,1.811993E-05,-1.724635E-05,-.001
3.529765,1.192099E-05,-6.001472E-06,-.001
3.530766,-1.955044E-05,5.617767E-06,-6.66667E-04
3.531766,-2.336514E-05,2.441567E-05,-.002
3.532766,-2.622616E-05,2.227735E-05,-.002
3.533767,-3.576293E-06,-3.585606E-06,-.002
3.534767,2.574932E-05,2.393324E-05,-.002
3.535768,2.264988E-05,3.439025E-05,6.66667E-04
3.536768,1.382834E-05,-1.637277E-05,.001
3.537769,1.072889E-05,-3.028673E-05,.001
3.538769,4.768408E-07,-3.714697E-05,6.66667E-04
3.53977,-7.629453E-06,-5.701586E-06,6.66667E-04
3.540771,-1.120573E-05,-4.889473E-06,-6.66667E-04
3.541771,-2.217304E-05,7.04269E-06,-.001
3.542771,-9.77522E-06,7.350027E-06,-.002
3.543772,9.298383E-06,-1.153728E-05,-.002
3.544772,2.264988E-05,-9.954034E-06,-.001
3.545773,2.741825E-05,-2.017259E-06,-6.66667E-04
3.546773,1.263624E-05,-2.725064E-06,-.001
3.547774,1.6451E-05,-7.847382E-06,-6.66667E-04
3.548774,6.198912E-06,-1.082948E-05,6.66667E-04
3.549775,1.811993E-05,6.234302E-06,6.66667E-04
3.550776,1.382834E-05,1.858373E-05,6.66667E-04
3.551776,6.198912E-06,7.819443E-06,.001
3.552776,-1.072889E-05,1.331797E-05,.001
3.553777,-2.694142E-05,8.408038E-06,-6.66667E-04
3.554777,-1.168257E-05,-3.639623E-06,-.001
3.555778,-8.821546E-06,1.383953E-06,-.001
3.556778,1.430519E-06,-4.258036E-06,-6.66667E-04
3.557779,-1.597416E-05,-1.494965E-05,2.33333E-03
3.558779,-2.169621E-05,-3.907667E-05,.001
3.55978,-2.527249E-05,-2.09288E-05,-.002
3.560781,-3.600144E-05,-1.789082E-05,.001
3.561781,-3.027928E-05,-1.747545E-05,-.001
3.562781,-5.006819E-06,1.676765E-05,-6.66667E-04
3.563782,-4.053145E-06,2.79044E-05,-.001
3.564783,-2.384204E-07,1.042715E-05,.001
3.565783,-8.344708E-06,-5.103677E-06,.002
3.566783,-1.978886E-05,-3.226125E-05,-.002
3.567784,-7.867871E-06,-3.367313E-05,-6.66667E-04
3.568784,7.629453E-06,-5.422189E-06,-.002
3.569785,1.049048E-05,-4.88761E-06,-6.66667E-04
3.570786,3.910088E-05,-1.571153E-05,-2.33333E-03
3.571786,5.555176E-05,-1.646404E-05,-2.33333E-03
3.572786,3.004086E-05,-1.12225E-05,-.001
3.573787,1.764309E-05,8.342846E-06,.001
3.574788,5.245238E-06,-5.986571E-06,-.001
3.575788,-2.145782E-06,-3.157766E-05,.001
3.576788,-5.960494E-06,-4.310557E-05,.001
3.577789,-6.914168E-06,-2.034765E-05,-6.66667E-04
3.578789,-1.001364E-05,-8.400588E-06,-6.66667E-04
3.57979,-4.100823E-05,1.762819E-05,-.001
3.580791,-4.053139E-05,1.997326E-05,-.002
3.581791,-3.55246E-05,8.469506E-06,-2.33333E-03
3.582791,-3.457093E-05,1.475593E-05,-.001
3.583792,-1.573574E-05,-1.737855E-06,.001
3.584793,-1.716625E-05,3.166511E-06,6.66667E-04
3.585793,-1.883518E-05,7.456198E-06,-3.66667E-03
3.586793,-2.622619E-06,-1.208864E-06,-6.66667E-04
3.587794,4.529976E-05,1.70545E-05,.002
3.588794,4.19619E-05,3.953674E-05,-6.66667E-04
3.589795,3.314042E-05,2.628576E-05,.002
3.590796,9.536816E-07,1.863402E-05,-2.33333E-03
3.591796,-2.6703E-05,1.206441E-05,-2.33333E-03
3.592796,-4.100823E-05,2.868488E-06,-.001
3.593797,5.722075E-06,4.420086E-06,-3.66667E-03
3.594798,2.241146E-05,-1.91686E-05,-6.66667E-04
3.595798,3.528618E-05,8.223637E-06,-6.66667E-04
3.596798,4.625344E-05,2.733071E-05,3.66667E-03
3.597799,3.671669E-05,3.342167E-05,-.002
3.598799,5.86512E-05,2.338935E-05,.002
3.5998,3.981614E-05,3.78734E-05,-.002
3.600801,3.743195E-05,1.265673E-05,-.002
3.601801,1.430517E-05,-1.165463E-05,.001
3.602801,-6.675749E-06,-6.226852E-06,-6.66667E-04
3.603802,-1.573574E-05,-9.412004E-06,-.001
3.604803,-5.006819E-06,1.637272E-06,-.001
3.605803,1.811993E-05,8.540286E-06,-.001
3.606803,1.049048E-05,5.49484E-07,-6.66667E-04
3.607804,1.978886E-05,2.555564E-06,.001
3.608804,2.717983E-05,1.502043E-05,.001
3.609805,2.074253E-05,1.135847E-05,-.001
3.610806,3.957772E-05,6.713002E-06,-.002
3.611806,4.982972E-05,-5.196809E-06,-6.66667E-04
3.612806,4.553818E-05,2.500613E-05,-6.66667E-04
3.613807,3.242516E-05,4.009739E-05,-2.33333E-03
3.614808,-1.239782E-05,3.158324E-05,-.001
3.615808,-3.123307E-05,8.318631E-06,-.004
3.616808,-1.502043E-05,-6.206363E-06,-.002
3.617809,-4.768408E-07,-1.893763E-05,-6.66667E-04
3.618809,1.096731E-05,-1.371285E-05,.001
3.61981,1.049048E-05,-2.001424E-05,-6.66667E-04
3.620811,2.503407E-05,-3.264868E-05,-.002
3.621811,3.528618E-05,2.754867E-06,2.33333E-03
3.622811,2.789509E-05,6.863876E-06,-6.66667E-04
3.623812,1.6451E-05,-5.81707E-06,-.002
3.624813,-6.914168E-06,-1.525326E-05,6.66667E-04
3.625813,1.120573E-05,1.000619E-05,.001
3.626813,3.838562E-05,1.575996E-05,-.001
3.627814,1.096731E-05,-9.648575E-07,-.001
3.628814,-9.536816E-07,-1.941633E-05,-6.66667E-04
3.629815,3.099456E-06,-3.917352E-05,6.66667E-04
3.630816,7.629453E-06,-2.150063E-05,-.001
3.631816,1.90736E-05,-1.943309E-05,.001
3.632816,1.955044E-05,-1.931388E-05,6.66667E-04
3.633817,8.10629E-06,-2.676074E-05,-2.33333E-03
3.634818,2.02657E-05,-1.612131E-05,-6.66667E-04
3.635818,1.120573E-05,2.272998E-05,-6.66667E-04
3.636818,-3.337875E-06,1.999561E-05,.001
3.637819,-7.152586E-06,1.801748E-05,-6.66667E-04
3.638819,-3.361725E-05,1.486955E-05,-.001
3.63982,-4.816079E-05,8.503033E-06,.001
3.640821,-4.553818E-05,-1.293613E-05,-6.66667E-04
3.641821,-2.527249E-05,-4.521594E-05,-6.66667E-04
3.642821,2.384204E-07,-3.273808E-05,-6.66667E-04
3.643822,-1.025206E-05,-1.583257E-07,.002
3.644823,-1.120573E-05,1.635042E-05,-.002
3.645823,-1.239782E-05,8.184521E-06,6.66667E-04
3.646823,-9.059964E-06,-1.676392E-08,.001
3.647824,2.622619E-06,-3.326699E-06,-6.66667E-04
3.648824,1.692784E-05,-7.912575E-06,-2.33333E-03
3.649825,4.529982E-06,-6.187736E-06,-.002
3.650826,-4.529982E-06,-2.316583E-05,6.66667E-04
3.651826,-1.120573E-05,-2.455723E-05,-.001
3.652826,-2.6703E-05,-3.305473E-05,-6.66667E-04
3.653827,-2.336514E-05,-2.272811E-05,-6.66667E-04
3.654828,-1.621258E-05,-1.722772E-05,-6.66667E-04
3.655828,-5.006819E-06,-1.802866E-05,-.001
3.656828,9.77522E-06,-4.271074E-06,.001
3.657829,8.10629E-06,-5.258276E-06,-.001
3.658829,6.198912E-06,1.632061E-05,-.002
3.65983,-1.692784E-05,4.773238E-05,.001
3.66083,-2.884876E-05,2.49726E-05,-.001
3.661831,-1.120573E-05,-9.760333E-07,-.001
3.662831,-4.291564E-06,-3.312924E-05,.002
3.663832,-1.549732E-05,-3.085868E-05,-6.66667E-04
3.664833,-2.837193E-05,-8.311181E-06,-.002
3.665833,-1.072889E-05,5.411013E-06,2.33333E-03
3.666833,-7.391005E-06,2.120261E-05,.001
3.667834,1.931202E-05,-8.884854E-07,-.001
3.668834,1.430517E-05,-6.184018E-07,-6.66667E-04
3.669835,1.931202E-05,-1.429586E-05,.001
3.670835,1.358992E-05,-2.343592E-05,.001
3.671836,-1.263624E-05,-3.580214E-05,6.66667E-04
3.672836,-1.239782E-05,-1.302181E-05,.001
3.673837,-6.675749E-06,-1.028186E-05,6.66667E-04
3.674838,2.598774E-05,-1.472613E-05,-6.66667E-04
3.675838,3.981614E-05,-2.233323E-05,-6.66667E-04
3.676838,3.695511E-05,-4.937901E-06,-6.66667E-04
3.677839,2.503407E-05,-8.801057E-06,6.66667E-04
3.678839,2.455723E-05,-2.454419E-05,.002
3.67984,2.527249E-05,-1.970876E-05,-.001
3.68084,2.980244E-05,-8.473231E-06,-.002
3.681841,2.312672E-05,7.653667E-06,-.002
3.682841,1.1921E-06,-1.670618E-05,-6.66667E-04
3.683842,-5.006819E-06,-4.421949E-06,6.66667E-04
3.684843,-1.192099E-05,2.007198E-05,-6.66667E-04
3.685843,1.716625E-05,3.87805E-05,-.001
3.686843,5.817437E-05,3.619702E-05,6.66667E-04
3.687844,5.149865E-05,4.294352E-05,-.001
3.688844,2.813351E-05,4.877732E-05,-.001
3.689845,2.074253E-05,3.487268E-05,-.002
3.690845,2.193463E-05,4.258036E-06,-.001
3.691846,2.002728E-05,-8.218049E-06,-6.66667E-04
3.692847,4.029297E-05,-4.168629E-06,-6.66667E-04
3.693847,2.121937E-05,2.742198E-05,6.66667E-04
3.694848,0,3.141002E-05,-6.66667E-04
3.695848,-2.884876E-05,2.896052E-05,.001
3.696848,-1.406675E-05,1.896184E-05,-6.66667E-04
3.697849,-1.430519E-06,2.915054E-06,-.001
3.698849,-7.867871E-06,2.141867E-05,-.001
3.69985,9.536816E-07,1.570967E-05,-6.66667E-04
3.70085,-3.099456E-06,1.237547E-05,-6.66667E-04
3.701851,0,1.247981E-07,-3.66667E-03
3.702852,5.722075E-06,2.663597E-06,.001
3.703852,2.145779E-05,2.579778E-06,-6.66667E-04
3.704853,3.433251E-05,2.515886E-05,-6.66667E-04
3.705853,3.576293E-06,2.597284E-05,-6.66667E-04
3.706853,-1.549732E-05,-6.843387E-06,6.66667E-04
3.707854,-3.600144E-05,-1.464045E-05,-6.66667E-04
3.708854,-1.406675E-05,-3.04674E-05,-6.66667E-04
3.709855,-2.169621E-05,-2.108712E-05,.001
3.710855,4.768401E-06,-1.187815E-05,.002
3.711856,8.344708E-06,-2.17763E-05,-.001
3.712857,2.3842E-06,1.396431E-05,-6.66667E-04
3.713857,2.074253E-05,2.167013E-05,6.66667E-04
3.714858,2.431881E-05,-4.900648E-06,-.002
3.715858,4.3154E-05,-2.33223E-05,.001
3.716858,1.811993E-05,-9.629948E-07,.001
3.717859,2.217304E-05,-5.463167E-06,6.66667E-04
3.718859,1.859677E-05,-3.835023E-05,-.001
3.71986,1.788151E-05,-2.495584E-05,6.66667E-04
3.72086,1.549732E-05,-2.376747E-05,-.001
3.721861,-7.391005E-06,-1.90885E-05,-6.66667E-04
3.722862,-7.391005E-06,-7.472961E-06,6.66667E-04
3.723862,3.099456E-06,-1.308142E-05,.002
3.724863,3.814726E-06,-5.062693E-05,-2.33333E-03
3.725863,2.384204E-07,-2.840732E-05,-2.33333E-03
3.726863,-1.502043E-05,-2.79212E-06,-6.66667E-04
3.727864,-2.264988E-05,7.918163E-06,-.001
3.728864,-2.861038E-06,2.248224E-05,-.002
3.729865,7.152586E-06,7.152586E-06,6.66667E-04
3.730865,-2.622619E-06,-1.44486E-05,6.66667E-04
3.731866,-1.239782E-05,-1.231401E-05,6.66667E-04
3.732867,7.152586E-06,-1.564629E-06,-6.66667E-04
3.733867,1.883518E-05,-1.853344E-05,.001
3.734868,2.312672E-05,-2.213765E-05,6.66667E-04
3.735868,-2.861038E-06,-1.975347E-05,.001
3.736868,-2.145779E-05,-4.034326E-05,-.001
3.737869,-2.217304E-05,-1.870294E-05,-.001
3.73887,-2.145782E-06,-8.480682E-06,-6.66667E-04
3.73987,4.291564E-06,9.946598E-07,.001
3.74087,-1.239782E-05,1.346512E-05,-6.66667E-04
3.741871,-3.504776E-05,4.831166E-05,6.66667E-04
3.742872,-2.717983E-05,1.583074E-05,6.66667E-04
3.743872,-6.675749E-06,1.013657E-05,-6.66667E-04
3.744873,-3.123307E-05,-1.141809E-06,2.33333E-03
3.745873,-3.385567E-05,1.358992E-05,.001
3.746873,-2.431881E-05,5.17632E-06,.001
3.747874,-2.884876E-05,-1.143671E-06,-3.66667E-03
3.748875,-1.025206E-05,4.645466E-06,-6.66667E-04
3.749875,1.621258E-05,1.375569E-05,-3.66667E-03
3.750875,7.152594E-07,1.792063E-05,-.002
3.751876,1.955044E-05,7.245726E-07,-2.33333E-03
3.752877,1.931202E-05,-3.103376E-05,.002
3.753877,2.312672E-05,-3.270456E-05,.001
3.754878,1.430519E-06,-2.368924E-05,-6.66667E-04
3.755878,-2.55109E-05,-1.760207E-06,-.001
3.756878,-2.598774E-05,-2.094556E-05,-.002
3.757879,9.536816E-07,-1.253939E-05,-.001
3.75888,2.717983E-05,-2.468019E-06,-.001
3.75988,3.2902E-05,1.456967E-05,-6.66667E-04
3.76088,3.576302E-05,3.127218E-05,-.001
3.761881,1.764309E-05,3.220537E-05,-.002
3.762882,1.096731E-05,4.222081E-05,.001
3.763882,5.960494E-06,3.546686E-05,-6.66667E-04
3.764883,2.145782E-06,2.008874E-05,-.001
3.765883,2.861038E-06,1.823728E-05,-.002
3.766883,-2.002728E-05,-2.173721E-06,-6.66667E-04
3.767884,-2.765667E-05,-9.466021E-06,.001
3.768885,-7.391005E-06,-1.328631E-05,-.001
3.769885,4.291564E-06,6.759568E-06,-.002
3.770885,-1.120573E-05,1.975906E-05,.002
3.771886,-3.576293E-06,2.292369E-05,-.001
3.772887,-8.344708E-06,1.23941E-05,.001
3.773887,-3.457093E-05,-2.75654E-05,6.66667E-04
3.774888,-6.008171E-05,-3.148825E-05,-.002
3.775888,-6.032013E-05,-3.957213E-05,.001
3.776888,-1.025206E-05,-2.575677E-05,-.001
3.777889,-1.502043E-05,-1.515081E-05,-.001
3.77889,-5.722075E-06,-2.825831E-05,-6.66667E-04
3.77989,-1.1921E-06,-1.853902E-05,-6.66667E-04
3.78089,-1.001364E-05,-8.35961E-06,-.001
3.781891,-1.239782E-05,2.406552E-06,6.66667E-04
3.782892,1.168257E-05,1.560349E-05,-.001
3.783892,-4.053145E-06,1.158199E-05,.001
3.784893,1.668937E-06,1.803052E-05,.001
3.785893,2.598774E-05,-2.821922E-06,-.001
3.786893,2.598774E-05,3.477573E-06,.001
3.787894,9.298383E-06,2.224941E-05,-.001
3.788895,4.768408E-07,2.721895E-05,-.002
3.789895,-7.867871E-06,2.131623E-05,-.002
3.790895,7.629453E-06,1.945544E-05,-6.66667E-04
3.791896,1.287466E-05,1.888729E-06,6.66667E-04
3.792897,2.479565E-05,-4.127651E-06,.001
3.793897,2.431881E-05,1.381902E-05,-3.66667E-03
3.794898,5.722075E-06,8.443429E-06,-6.66667E-04
3.795898,2.193463E-05,3.322973E-06,-6.66667E-04
3.796898,6.198912E-06,1.807522E-05,-3.66667E-03
3.797899,-1.239782E-05,1.094124E-05,.002
3.7989,-2.217304E-05,3.930199E-07,.001
3.7999,-1.120573E-05,-5.079462E-06,-6.66667E-04
3.8009,-3.337875E-06,1.029117E-05,-.004
3.801901,2.503407E-05,-8.348434E-06,-.002
3.802902,2.145779E-05,-1.633179E-05,-.002
3.803902,3.099456E-06,-1.929526E-05,-3.66667E-03
3.804903,-7.391005E-06,-1.721655E-05,.002
3.805903,3.337875E-06,-1.848314E-05,-6.66667E-04
3.806903,1.215941E-05,-1.001736E-05,-6.66667E-04
3.807904,-4.291564E-06,8.055998E-06,-6.66667E-04
3.808905,1.668937E-06,1.090771E-05,.001
3.809905,9.059964E-06,-1.629454E-05,.002
3.810905,2.145782E-06,-2.548483E-05,-3.66667E-03
3.811906,9.298383E-06,-1.308514E-05,.001
3.812907,2.193463E-05,8.279516E-06,-.002
3.813907,5.364441E-05,-2.739966E-06,-.002
3.814908,4.529976E-05,-2.291251E-05,.001
3.815908,1.859677E-05,-4.306465E-06,6.66667E-04
3.816908,1.406675E-05,-1.573388E-05,-.002
3.817909,3.075623E-05,-1.985033E-05,2.33333E-03
3.81891,2.694142E-05,7.329538E-06,-.002
3.81991,1.430517E-05,2.339497E-06,2.33333E-03
3.82091,-6.198912E-06,1.836575E-06,-.001
3.821911,-2.145782E-06,1.174962E-05,-6.66667E-04
3.822912,-8.344708E-06,2.866625E-06,-6.66667E-04
3.823912,-1.239782E-05,-6.066664E-06,-2.33333E-03
3.824913,-1.430517E-05,-5.502283E-06,-.002
3.825913,-2.908718E-05,-7.044553E-06,-.002
3.826913,-2.55109E-05,-2.667319E-05,.002
3.827914,-1.263624E-05,-1.628336E-05,-3.66667E-03
3.828915,-2.074253E-05,-1.068978E-05,.001
3.829915,5.483656E-06,1.009187E-05,6.66667E-04
3.830915,-7.152594E-07,7.361203E-06,-.001
3.831916,1.502043E-05,-2.455723E-05,-.001
3.832916,1.287466E-05,-4.806765E-05,.001
3.833917,5.483656E-06,-2.75058E-05,-6.66667E-04
3.834918,-7.391005E-06,8.674397E-06,-.002
3.835918,-1.692784E-05,2.099585E-05,.001
3.836918,-3.075623E-05,1.331799E-06,-.002
3.837919,-2.241146E-05,5.019858E-06,6.66667E-04
3.83892,-1.263624E-05,-8.147268E-06,.001
3.83992,2.02657E-05,-2.766412E-05,-.002
3.84092,2.93256E-05,-1.93977E-05,-2.33333E-03
3.841921,2.884876E-05,-8.992909E-06,6.66667E-04
3.842921,1.859677E-05,-2.910208E-05,6.66667E-04
3.843922,1.33515E-05,-8.028037E-07,-.001
3.844923,9.77522E-06,2.425734E-05,-.001
3.845923,1.239782E-05,2.037373E-05,-6.66667E-04
3.846923,2.861038E-06,2.002541E-05,-2.33333E-03
3.847924,-6.198912E-06,3.767409E-05,6.66667E-04
3.848925,3.099456E-06,4.788511E-05,-.002
3.849925,-4.768401E-06,1.936418E-05,6.66667E-04
3.850925,1.287466E-05,1.378367E-07,.001
3.851926,2.527249E-05,-1.63541E-06,.001
3.852926,4.768408E-07,6.52115E-06,-6.66667E-04
3.853927,-5.006819E-06,1.935114E-05,-6.66667E-04
3.854928,1.478201E-05,3.19893E-05,-.002
3.855928,1.144415E-05,1.719419E-05,-3.66667E-03
3.856929,2.193463E-05,-2.08804E-06,-6.66667E-04
3.857929,-1.263624E-05,-3.629201E-05,-.002
3.85893,-2.050411E-05,-2.489064E-05,.001
3.85993,6.914168E-06,-3.883266E-05,-.001
3.86093,3.075623E-05,-3.594742E-05,.001
3.861931,2.217304E-05,-2.114114E-05,-.001
3.862931,-1.239782E-05,2.441008E-05,6.66667E-04
3.863932,-2.980244E-05,2.5252E-05,-6.66667E-04
3.864933,-3.814721E-05,4.506321E-05,-6.66667E-04
3.865933,-1.120573E-05,3.705756E-05,-6.66667E-04
3.866934,6.437331E-06,2.933491E-05,-2.33333E-03
3.867934,2.980244E-05,1.082016E-05,-.002
3.868935,1.740467E-05,3.035378E-05,-6.66667E-04
3.869935,2.431881E-05,5.695998E-06,-6.66667E-04
3.870935,2.264988E-05,3.119945E-06,-.001
3.871936,-4.768401E-06,8.314906E-06,-.001
3.872936,-1.764309E-05,5.023583E-06,-.002
3.873937,-2.384197E-05,2.689858E-05,.001
3.874938,-1.90736E-05,2.728601E-05,.001
3.875938,-9.298383E-06,2.358493E-05,.001
3.876939,-1.001364E-05,2.907042E-05,.002
3.877939,-2.217304E-05,1.830247E-05,-.002
3.87894,3.814726E-06,3.384822E-05,.001
3.87994,2.93256E-05,2.469693E-05,-6.66667E-04
3.88094,2.598774E-05,4.874571E-06,-6.66667E-04
3.881941,2.694142E-05,1.04793E-05,-6.66667E-04
3.882941,4.863762E-05,1.087604E-05,-.002
3.883942,3.981614E-05,-3.799814E-07,-.002
3.884943,9.536816E-07,5.289949E-07,-6.66667E-04
3.885943,-2.717983E-05,1.569663E-05,-6.66667E-04
3.886944,-5.98433E-05,2.420146E-05,-.001
3.887944,-5.364441E-05,-7.538154E-06,-.001
3.888945,-1.835835E-05,-3.544264E-05,6.66667E-04
3.889945,-8.10629E-06,-1.893763E-05,.001
3.890945,1.764309E-05,-4.705071E-06,-.001
3.891946,1.430519E-06,-8.789881E-06,-6.66667E-04
3.892946,-4.768408E-07,-1.402019E-05,-.001
3.893947,-8.821546E-06,-2.230343E-05,-.002
3.894948,-6.675749E-06,3.425419E-06,-.001
3.895948,-1.120573E-05,-3.336012E-06,.002
3.896949,2.861038E-06,-1.407234E-05,-.001
3.897949,1.811993E-05,-1.593877E-05,.001
3.89895,2.503407E-05,-1.634855E-05,.001
3.89995,4.506134E-05,-1.460506E-05,6.66667E-04
3.90095,4.982972E-05,-5.75374E-06,-6.66667E-04
3.901951,4.029297E-05,1.985591E-05,.001
3.902952,3.004086E-05,3.427104E-05,-.001
3.903952,2.360356E-05,1.870107E-05,-6.66667E-04
3.904953,1.621258E-05,2.069597E-05,6.66667E-04
3.905953,3.576293E-06,-1.710106E-05,6.66667E-04
3.906954,2.908718E-05,-1.505025E-06,6.66667E-04
3.907954,3.504776E-05,1.478946E-05,-.001
3.908955,1.716625E-05,2.054137E-05,-6.66667E-04
3.909955,-1.454359E-05,1.732269E-07,-.001
3.910955,-2.55109E-05,-8.26834E-06,-3.66667E-03
3.911956,-2.765667E-05,-1.028187E-06,-.001
3.912957,-2.241146E-05,1.203088E-05,-6.66667E-04
3.913957,-3.075623E-05,7.150724E-06,-6.66667E-04
3.914958,-3.361725E-05,1.325092E-05,-6.66667E-04
3.915958,-2.360356E-05,-1.695014E-06,-6.66667E-04
3.916959,-1.668937E-06,1.879421E-05,-.001
3.917959,1.478201E-05,3.637769E-05,-6.66667E-04
3.91896,5.483656E-06,4.32136E-05,-.001
3.91996,1.740467E-05,4.609697E-05,6.66667E-04
3.92096,1.120573E-05,2.670859E-05,.001
3.921961,-1.692784E-05,3.111013E-05,-.001
3.922962,-4.768401E-06,3.997632E-05,-.001
3.923962,-5.006819E-06,4.602625E-06,-.001
3.924963,-2.002728E-05,1.758162E-05,-6.66667E-04
3.925963,-8.10629E-06,-8.469506E-06,-6.66667E-04
3.926964,-1.978886E-05,-2.705504E-05,-6.66667E-04
3.927964,-3.671669E-05,-2.000306E-05,-6.66667E-04
3.928965,-2.121937E-05,-1.394382E-05,.001
3.929965,-1.430519E-06,7.804541E-06,-3.66667E-03
3.930965,-1.072889E-05,-1.437968E-05,-6.66667E-04
3.931966,5.483656E-06,2.241146E-05,-.001
3.932967,4.768408E-07,4.161545E-05,-6.66667E-04
3.933967,-7.867871E-06,1.538184E-05,-6.66667E-04
3.934968,-8.344708E-06,-3.189244E-05,6.66667E-04
3.935968,2.384204E-07,-2.478075E-05,-.001
3.936969,4.291564E-06,-3.935047E-05,6.66667E-04
3.937969,1.406675E-05,-4.329556E-05,-.001
3.93897,4.768408E-07,-8.90909E-06,-3.66667E-03
3.93997,6.437331E-06,-1.014589E-05,-.001
3.94097,-1.1921E-06,-1.186138E-05,6.66667E-04
3.941971,-1.239782E-05,2.680361E-06,-6.66667E-04
3.942972,-2.28883E-05,1.761701E-05,.001
3.943972,-7.391005E-06,5.345821E-06,-6.66667E-04
3.944973,1.120573E-05,1.303859E-06,6.66667E-04
3.945973,2.408039E-05,1.158571E-05,6.66667E-04
3.946974,-1.1921E-06,2.60846E-05,6.66667E-04
3.947974,-1.096731E-05,7.418945E-06,-.002
3.948975,1.1921E-06,-1.117592E-07,.001
3.949975,2.861035E-05,3.717304E-05,-2.33333E-03
3.950975,5.245232E-05,2.947275E-05,-6.66667E-04
3.951976,6.699609E-05,3.812299E-05,-.002
3.952977,4.816079E-05,5.177432E-05,.001
3.953977,-7.152586E-06,4.678057E-05,-.001
3.954978,-1.668942E-05,-1.426792E-05,6.66667E-04
3.955978,-9.059964E-06,-2.499123E-05,6.66667E-04
3.956979,9.536801E-06,-2.425734E-05,-6.66667E-04
3.957979,2.02657E-05,-1.480064E-05,-6.66667E-04
3.95898,2.241146E-05,-2.73512E-05,-.002
3.95998,3.695511E-05,9.365438E-06,-6.66667E-04
3.96098,2.6703E-05,2.441567E-05,-2.33333E-03
3.961981,2.694142E-05,2.857682E-05,.001
3.962982,7.391005E-06,1.738418E-05,6.66667E-04
3.963982,-1.382834E-05,-6.318121E-06,6.66667E-04
3.964983,9.536816E-07,6.577029E-06,-.002
3.965983,2.479565E-05,3.406242E-05,.002
3.966984,2.455723E-05,5.460926E-05,-.001
3.967984,1.239782E-05,5.452172E-05,.001
3.968985,-1.025206E-05,3.713579E-05,-6.66667E-04
3.969985,-2.527249E-05,2.023962E-05,-6.66667E-04
3.970985,-1.502043E-05,-3.688056E-07,.002
3.971986,2.193463E-05,1.330307E-05,-6.66667E-04
3.972987,2.598774E-05,-9.629948E-07,-6.66667E-04
3.973987,2.193463E-05,-4.91555E-06,6.66667E-04
3.974988,9.298383E-06,1.610268E-05,-.001
3.975988,-5.722075E-06,1.671177E-05,-6.66667E-04
3.976989,-2.169621E-05,-6.280869E-06,-.001
3.977989,-2.193463E-05,-3.691227E-05,-6.66667E-04
3.97899,-2.169621E-05,-3.787526E-05,-.001
3.97999,4.291564E-06,2.199237E-05,-6.66667E-04
3.98099,1.478201E-05,3.09071E-05,6.66667E-04
3.981991,1.215941E-05,9.948446E-06,-.001
3.982992,6.675749E-06,-2.926413E-05,-6.66667E-04
3.983992,1.549732E-05,-4.391023E-05,-3.66667E-03
3.984993,1.859677E-05,-4.568161E-05,.001
3.985993,3.099456E-06,-2.426666E-05,-.001
3.986994,-9.536801E-06,-5.796581E-06,.001
3.987994,8.583127E-06,-2.526131E-05,-.001
3.988995,-1.430519E-06,-3.724382E-05,-6.66667E-04
3.989995,-2.28883E-05,-4.167319E-05,.002
3.990995,-5.006819E-06,-2.501172E-05,-.001
3.991996,4.053145E-06,1.477085E-06,-6.66667E-04
3.992997,8.10629E-06,2.667506E-05,-.002
3.993997,1.549732E-05,2.769768E-06,-6.66667E-04
3.994998,3.337875E-06,-1.368119E-05,.001
3.995998,-3.814726E-06,-1.817395E-05,6.66667E-04
3.996999,3.743195E-05,-1.907733E-05,-6.66667E-04
3.997999,3.981614E-05,-2.29479E-05,6.66667E-04
3.999,1.740467E-05,-2.485898E-05,-.001
4,-9.059964E-06,-2.012413E-05,-.001
