"c:\users\esrlabn1\desktop\bence\ir_spectroscopy\1000nm_odmr\magnet_map_7_1310nm\047.dat  ---  04-23-2026 18:05:39"
""
"cavityli 20 2 4 2000 1 0 0"
"                             ;                             ;seth_xesr_precise 108.18 1 0 -0.6496062992125984"
"setlockin 188.67 0.004 0 0.03 0.005"
4,2000
2,-4.053139E-05,2.957895E-06,.001
2.001,-4.57766E-05,3.695503E-06,-2.33333E-03
2.002001,-2.837193E-05,-5.723938E-06,6.66667E-04
2.003001,-1.740467E-05,-1.976278E-05,.001
2.004002,-1.120573E-05,-5.265721E-05,-.001
2.005002,1.859677E-05,-5.00048E-05,-6.66667E-04
2.006003,1.597416E-05,-2.998498E-05,-.002
2.007004,1.90736E-05,-1.664844E-05,6.66667E-04
2.008004,-8.583127E-06,9.121432E-06,6.66667E-04
2.009005,-2.6703E-05,2.450321E-05,-.002
2.010005,-8.10629E-06,1.310563E-05,6.66667E-04
2.011005,-2.074253E-05,8.376373E-06,-.002
2.012006,-2.02657E-05,4.5989E-06,.002
2.013006,-2.503407E-05,-7.700233E-06,-.001
2.014007,-2.622616E-05,-1.793739E-05,-6.66667E-04
2.015007,-2.646458E-05,-3.107102E-05,-.001
2.016008,-2.217304E-05,-3.354647E-05,-.001
2.017009,-9.536801E-06,-2.959758E-06,.001
2.018009,7.867871E-06,2.858427E-05,6.66667E-04
2.01901,-1.883518E-05,4.147016E-05,-.002
2.02001,-2.837193E-05,2.702523E-05,-6.66667E-04
2.02101,-1.33515E-05,2.263498E-05,-6.66667E-04
2.022011,-5.006819E-06,5.0776E-06,-2.33333E-03
2.023011,-1.33515E-05,2.352719E-05,-6.66667E-04
2.024012,-2.28883E-05,2.013159E-05,2.33333E-03
2.025012,1.311308E-05,5.790993E-06,6.66667E-04
2.026013,5.722075E-06,-1.217058E-05,-.001
2.027014,2.145782E-06,-2.262567E-05,-.001
2.028014,-2.384197E-05,1.626101E-05,.001
2.029015,-2.55109E-05,2.716493E-05,-.004
2.030015,-9.298383E-06,1.586985E-05,6.66667E-04
2.031015,2.145782E-06,-6.767019E-06,-.002
2.032016,2.121937E-05,-2.620567E-05,6.66667E-04
2.033016,-4.529982E-06,-3.837072E-05,.001
2.034017,3.099456E-06,-4.930072E-05,6.66667E-04
2.035017,2.098095E-05,-2.195325E-05,-.001
2.036018,1.001364E-05,-1.359738E-06,.001
2.037019,2.002728E-05,-7.541879E-06,-6.66667E-04
2.038019,1.215941E-05,-1.43834E-05,-.001
2.03902,-1.072889E-05,1.27331E-05,-6.66667E-04
2.04002,-1.835835E-05,6.213813E-06,-.002
2.04102,1.049048E-05,-1.732458E-05,.002
2.042021,4.529982E-06,-1.475966E-05,-6.66667E-04
2.043021,2.694142E-05,4.768408E-07,-6.66667E-04
2.044022,2.145779E-05,5.984708E-06,-3.66667E-03
2.045022,-1.096731E-05,4.761876E-05,.002
2.046023,-3.218674E-05,4.153908E-05,-.001
2.047024,-2.813351E-05,2.102565E-05,.001
2.048024,-3.719353E-05,5.513459E-06,.002
2.049025,-5.483651E-05,-2.995148E-06,.001
2.050025,-3.719353E-05,-3.738343E-06,.001
2.051026,-1.6451E-05,1.717743E-05,-3.66667E-03
2.052026,-1.049048E-05,2.657075E-05,-.002
2.053026,2.861038E-06,1.278153E-05,-2.33333E-03
2.054027,-1.597416E-05,6.239898E-07,-.001
2.055027,-3.337883E-05,5.142792E-06,.001
2.056028,-1.1921E-06,-1.331799E-06,-6.66667E-04
2.057029,2.765667E-05,-1.257664E-05,-.001
2.058029,0,-2.741828E-06,-6.66667E-04
2.05903,-6.198912E-06,-2.495963E-07,-6.66667E-04
2.06003,-1.025206E-05,-6.368413E-06,-6.66667E-04
2.061031,8.583127E-06,-4.159316E-06,2.33333E-03
2.062031,1.215941E-05,-5.995884E-06,-6.66667E-04
2.063031,1.549732E-05,-1.760207E-06,-6.66667E-04
2.064032,1.287466E-05,-5.960501E-07,-.001
2.065032,-1.1921E-06,-1.482673E-06,-.002
2.066033,9.77522E-06,-1.231028E-05,2.33333E-03
2.067034,1.478201E-05,-1.19154E-05,-.001
2.068034,1.144415E-05,-2.549787E-05,-6.66667E-04
2.069035,1.859677E-05,-9.564741E-06,-6.66667E-04
2.070035,4.768408E-07,1.278339E-05,-3.66667E-03
2.071036,2.02657E-05,2.150808E-05,-.001
2.072036,2.861035E-05,3.495463E-05,6.66667E-04
2.073036,2.908718E-05,9.793846E-06,-2.33333E-03
2.074037,3.361725E-05,9.83855E-06,6.66667E-04
2.075037,1.549732E-05,1.010305E-05,6.66667E-04
2.076038,-4.768408E-07,1.322111E-05,2.33333E-03
2.077039,7.629453E-06,1.38209E-06,-6.66667E-04
2.078039,7.152586E-06,-1.396617E-05,-.001
2.07904,4.768408E-07,-3.333413E-05,.002
2.08004,2.455723E-05,-5.461113E-05,6.66667E-04
2.081041,3.17099E-05,-2.860476E-05,.001
2.082041,1.478201E-05,-1.335524E-06,-.001
2.083041,-1.621258E-05,3.181412E-06,6.66667E-04
2.084042,-3.17099E-05,5.712762E-06,-6.66667E-04
2.085042,-2.55109E-05,1.594432E-06,-6.66667E-04
2.086043,-2.55109E-05,-5.831971E-06,-.002
2.087044,-2.02657E-05,-6.904855E-06,-.002
2.088044,-2.169621E-05,2.851535E-05,-6.66667E-04
2.089045,1.931202E-05,2.325338E-05,-6.66667E-04
2.090045,4.768401E-06,1.024459E-07,-6.66667E-04
2.091046,-1.168257E-05,1.862654E-07,-.001
2.092046,-1.120573E-05,1.052773E-05,-.002
2.093046,-3.337875E-06,5.554437E-06,-.001
2.094047,4.529982E-06,-2.048549E-05,.001
2.095047,1.90736E-05,-1.63411E-05,6.66667E-04
2.096048,3.314042E-05,3.607958E-06,-.002
2.097049,3.528618E-05,-5.783542E-06,-6.66667E-04
2.098049,2.622616E-05,-1.72836E-05,-6.66667E-04
2.09905,3.051781E-05,-8.476956E-06,.001
2.10005,3.886246E-05,3.000736E-06,-.001
2.101051,-9.536816E-07,1.164718E-05,-.001
2.102051,-1.955044E-05,2.306339E-05,-.001
2.103051,-4.053139E-05,3.275857E-05,-.002
2.104052,-4.220032E-05,2.215256E-05,-.001
2.105052,-1.502043E-05,-1.239596E-05,-2.33333E-03
2.106053,9.77522E-06,-2.372277E-05,-6.66667E-04
2.107054,-2.145782E-06,-3.569038E-05,-.002
2.108054,2.861038E-06,-3.476092E-05,-3.66667E-03
2.109055,2.813351E-05,2.812612E-07,6.66667E-04
2.110055,4.291564E-06,2.648134E-05,-6.66667E-04
2.111056,-1.478201E-05,2.994959E-05,-.001
2.112056,-2.622616E-05,5.390146E-05,-.002
2.113056,-2.28883E-05,5.460926E-05,-.002
2.114057,-6.198912E-06,4.729093E-05,6.66667E-04
2.115057,7.152586E-06,2.804038E-05,-.001
2.116058,-1.1921E-06,-6.305083E-06,-6.66667E-04
2.117059,-7.152594E-07,-2.285477E-05,.001
2.118059,-1.788151E-05,-1.072517E-05,-6.66667E-04
2.11906,-2.503407E-05,-9.760319E-06,-.002
2.12006,-9.77522E-06,-2.118957E-05,6.66667E-04
2.121061,-2.169621E-05,-1.353963E-05,-.002
2.122061,-1.33515E-05,3.47571E-06,-2.33333E-03
2.123062,-2.789509E-05,1.132308E-05,-.002
2.124062,-2.694142E-05,1.461251E-05,-.002
2.125062,-9.059964E-06,2.410088E-05,6.66667E-04
2.126063,-1.406675E-05,3.578156E-06,-6.66667E-04
2.127064,-3.337875E-06,-3.21494E-06,-6.66667E-04
2.128064,-2.121937E-05,7.72631E-06,-6.66667E-04
2.129065,-1.740467E-05,7.679744E-06,-6.66667E-04
2.130065,-1.001364E-05,-7.135823E-06,6.66667E-04
2.131066,-9.059964E-06,-1.341112E-06,-.001
2.132066,-1.859677E-05,1.931016E-05,6.66667E-04
2.133067,-1.192099E-05,1.098408E-05,.001
2.134067,1.788151E-05,2.340612E-05,.001
2.135067,4.076981E-05,8.834584E-06,.001
2.136068,4.553818E-05,2.710719E-05,-2.33333E-03
2.137069,2.813351E-05,2.525572E-05,-6.66667E-04
2.138069,-2.622619E-06,-9.769632E-06,-6.66667E-04
2.13907,-6.198912E-06,-5.703449E-06,-.001
2.14007,1.454359E-05,-9.717478E-06,-.002
2.141071,1.740467E-05,-8.69116E-06,-6.66667E-04
2.142071,2.145779E-05,-1.713645E-05,-6.66667E-04
2.143072,6.914168E-06,1.532964E-06,6.66667E-04
2.144072,3.337875E-06,1.228048E-05,-.002
2.145072,5.483656E-06,2.878543E-05,-6.66667E-04
2.146073,-1.096731E-05,2.297584E-05,-6.66667E-04
2.147074,-1.478201E-05,1.689245E-05,-.001
2.148074,-1.931202E-05,-1.404442E-06,-6.66667E-04
2.149075,-1.239782E-05,-1.476525E-05,.001
2.150075,1.430519E-06,-1.702842E-05,-6.66667E-04
2.151076,0,-1.233449E-05,-6.66667E-04
2.152076,1.406675E-05,-5.401707E-07,.002
2.153077,3.671669E-05,1.394941E-05,-6.66667E-04
2.154077,4.696869E-05,4.842528E-05,-.002
2.155077,4.529976E-05,5.460926E-05,6.66667E-04
2.156078,2.384197E-05,4.583807E-05,-.001
2.157079,1.859677E-05,4.234002E-05,-6.66667E-04
2.158079,2.861035E-05,2.560404E-05,-6.66667E-04
2.15908,4.83992E-05,1.434429E-05,.001
2.16008,2.861035E-05,-1.481554E-05,6.66667E-04
2.161081,3.743195E-05,-1.884263E-05,-2.33333E-03
2.162081,3.838562E-05,-1.073634E-05,6.66667E-04
2.163082,1.215941E-05,4.384696E-06,6.66667E-04
2.164082,7.152586E-06,2.186571E-05,-.001
2.165082,-1.430517E-05,1.449145E-06,-.002
2.166083,-9.059964E-06,6.48576E-06,-2.33333E-03
2.167084,3.814726E-06,1.175707E-05,-.002
2.168084,3.55246E-05,1.275359E-05,-3.66667E-03
2.169085,6.19893E-05,7.525123E-07,6.66667E-04
2.170085,3.647828E-05,1.1297E-05,-3.66667E-03
2.171086,7.391005E-06,1.387863E-05,-6.66667E-04
2.172086,-1.168257E-05,7.625698E-06,6.66667E-04
2.173087,-1.573574E-05,2.302986E-05,-.002
2.174087,-1.788151E-05,3.284053E-05,-.001
2.175087,-2.55109E-05,4.242384E-05,-6.66667E-04
2.176088,2.431881E-05,2.800126E-05,.001
2.177088,5.364441E-05,3.551156E-05,6.66667E-04
2.178089,4.363083E-05,1.106417E-05,-6.66667E-04
2.17909,1.549732E-05,8.892326E-06,-.001
2.18009,4.291564E-06,-5.230337E-06,6.66667E-04
2.181091,7.152586E-06,-3.70557E-05,-6.66667E-04
2.182091,6.437331E-06,-2.009061E-05,6.66667E-04
2.183092,1.740467E-05,-1.776603E-05,-6.66667E-04
2.184092,-2.431881E-05,-9.976386E-06,6.66667E-04
2.185092,-2.956402E-05,-2.201661E-06,-6.66667E-04
2.186093,-1.215941E-05,-2.152112E-05,-.001
2.187093,9.298383E-06,-2.96646E-05,-.001
2.188094,2.193463E-05,-2.915238E-05,-6.66667E-04
2.189095,1.668937E-06,1.612317E-05,-.002
2.190095,-3.623986E-05,5.094917E-05,-.001
2.191096,-4.434609E-05,4.093931E-05,-.002
2.192096,-4.386925E-05,3.233203E-05,-.001
2.193097,-3.218674E-05,-6.854571E-07,-6.66667E-04
2.194097,1.835835E-05,-1.150375E-05,-.001
2.195097,2.837193E-05,5.746289E-06,6.66667E-04
2.196098,2.622616E-05,1.042715E-05,6.66667E-04
2.197098,2.789509E-05,2.320681E-05,6.66667E-04
2.198099,1.716625E-05,8.765666E-06,-6.66667E-04
2.1991,1.072889E-05,-1.375383E-05,.001
2.2001,-9.536801E-06,-2.75058E-05,6.66667E-04
2.201101,-4.053145E-06,-3.521168E-05,6.66667E-04
2.202101,-1.192099E-05,-1.41245E-05,-.002
2.203102,-1.1921E-06,-2.130691E-05,-.002
2.204102,-2.312672E-05,-1.800444E-05,.001
2.205102,-2.6703E-05,-9.087904E-06,-6.66667E-04
2.206103,-3.457093E-05,-8.469506E-06,6.66667E-04
2.207103,-2.861035E-05,1.451193E-05,6.66667E-04
2.208104,-1.358992E-05,1.392147E-05,-6.66667E-04
2.209105,1.144415E-05,4.184828E-05,6.66667E-04
2.210105,9.77522E-06,4.223571E-05,6.66667E-04
2.211106,-1.072889E-05,2.373208E-05,-.001
2.212106,-2.002728E-05,2.848741E-05,-6.66667E-04
2.213107,5.483656E-06,2.626155E-05,6.66667E-04
2.214107,-1.144415E-05,1.698371E-05,-6.66667E-04
2.215107,-1.287466E-05,1.63709E-05,-6.66667E-04
2.216108,-1.907363E-06,6.411254E-06,-.001
2.217108,8.821546E-06,-1.292683E-06,-6.66667E-04
2.218109,-4.291564E-06,-5.792856E-06,-.002
2.21911,2.145782E-06,1.754619E-06,6.66667E-04
2.22011,-9.536801E-06,-6.618007E-06,6.66667E-04
2.221111,2.384204E-07,-1.429959E-05,.001
2.222111,9.536816E-07,-4.390278E-05,6.66667E-04
2.223112,4.291564E-06,-3.308081E-05,-.002
2.224112,-3.361725E-05,-2.869975E-05,.001
2.225112,-1.955044E-05,-1.942753E-06,6.66667E-04
2.226113,-1.978886E-05,-2.83496E-06,-2.33333E-03
2.227113,-2.93256E-05,1.280947E-05,6.66667E-04
2.228114,-4.720711E-05,2.693024E-05,6.66667E-04
2.229115,-4.005455E-05,4.794478E-06,-6.66667E-04
2.230115,-2.741825E-05,-2.905745E-07,-6.66667E-04
2.231116,1.430519E-06,1.579348E-05,2.33333E-03
2.232116,9.298383E-06,1.800817E-05,6.66667E-04
2.233117,2.717983E-05,-2.463919E-05,.001
2.234117,2.598774E-05,-2.001424E-05,6.66667E-04
2.235118,-1.239782E-05,-1.6708E-06,.001
2.236118,-3.576293E-06,3.70109E-06,-.002
2.237118,-1.192099E-05,-6.170972E-06,-.002
2.238119,-1.90736E-05,2.908532E-05,-6.66667E-04
2.23912,-1.502043E-05,3.3919E-05,2.33333E-03
2.24012,-1.454359E-05,2.350856E-05,-.001
2.241121,-2.646458E-05,2.473232E-05,6.66667E-04
2.242121,-2.837193E-05,3.272691E-05,-6.66667E-04
2.243122,-1.454359E-05,3.641308E-05,.001
2.244122,-6.914168E-06,1.993973E-05,6.66667E-04
2.245123,-1.883518E-05,3.448897E-05,2.33333E-03
2.246123,-4.076981E-05,4.615658E-05,-6.66667E-04
2.247123,-2.408039E-05,6.534188E-06,6.66667E-04
2.248124,-2.002728E-05,-5.960501E-07,-.002
2.249125,-1.978886E-05,-1.951505E-05,-.002
2.250125,-7.629453E-06,-1.59425E-05,-6.66667E-04
2.251126,-1.740467E-05,-7.327675E-06,6.66667E-04
2.252126,-2.121937E-05,1.342974E-06,6.66667E-04
2.253127,-1.33515E-05,2.409902E-05,-.002
2.254127,-1.907363E-06,4.077359E-06,-2.33333E-03
2.255128,2.169621E-05,4.876434E-06,-.002
2.256128,2.646458E-05,-1.197128E-05,6.66667E-04
2.257128,1.478201E-05,-3.686189E-06,-6.66667E-04
2.258129,7.629453E-06,-9.127007E-08,-6.66667E-04
2.25913,-1.1921E-06,-8.180796E-06,2.33333E-03
2.26013,1.883518E-05,-5.49297E-06,-6.66667E-04
2.261131,1.239782E-05,-1.361786E-05,.001
2.262131,3.528618E-05,-8.663221E-06,6.66667E-04
2.263132,2.765667E-05,2.565992E-05,.001
2.264132,1.931202E-05,4.65794E-05,6.66667E-04
2.265133,6.437331E-06,3.53402E-05,-6.66667E-04
2.266133,-7.391005E-06,4.161178E-06,.002
2.267133,4.768401E-06,-5.416601E-06,.001
2.268134,1.215941E-05,-2.306525E-05,-.001
2.269135,-7.152594E-07,8.110015E-06,-.001
2.270135,1.668937E-06,9.333773E-06,-.001
2.271136,2.384197E-05,2.89829E-06,-.002
2.272136,7.152586E-06,3.751382E-06,-.001
2.273137,-4.529982E-06,4.39717E-05,-.001
2.274137,-1.788151E-05,3.035937E-05,.001
2.275138,-7.391005E-06,5.202397E-06,.001
2.276138,-3.051781E-05,-2.579403E-05,-6.66667E-04
2.277139,-4.935288E-05,-2.077979E-05,-.001
2.278139,-4.863762E-05,-5.632668E-06,-3.66667E-03
2.27914,-3.623986E-05,-5.843147E-06,-.002
2.28014,-2.55109E-05,-2.381031E-05,6.66667E-04
2.281141,-9.536801E-06,-1.596671E-05,6.66667E-04
2.282141,-1.025206E-05,2.338749E-05,6.66667E-04
2.283142,-9.77522E-06,8.428528E-06,-6.66667E-04
2.284142,-2.765667E-05,3.697188E-05,-.001
2.285143,-2.503407E-05,4.309439E-05,6.66667E-04
2.286143,-2.6703E-05,2.324593E-05,-6.66667E-04
2.287144,-2.241146E-05,1.27778E-05,-6.66667E-04
2.288144,-3.075623E-05,2.902016E-06,6.66667E-04
2.289145,7.152594E-07,1.615298E-05,-.001
2.290145,-1.668937E-06,9.32446E-06,-.002
2.291146,5.960494E-06,-5.098089E-06,.002
2.292146,2.55109E-05,2.153232E-06,6.66667E-04
2.293147,3.123307E-05,2.082263E-05,6.66667E-04
2.294147,2.789509E-05,1.14963E-05,6.66667E-04
2.295148,-4.768408E-07,-7.88091E-06,.001
2.296148,-3.099456E-06,-2.800126E-05,-.002
2.297149,-5.960494E-06,-8.52911E-06,-6.66667E-04
2.298149,-5.722075E-06,-5.399837E-06,.001
2.29915,3.099456E-06,-9.639247E-06,6.66667E-04
2.30015,-3.099456E-06,-9.270443E-06,-.002
2.301151,1.263624E-05,-5.293667E-06,-6.66667E-04
2.302151,1.382834E-05,-7.631315E-06,-.002
2.303152,3.266358E-05,-2.410088E-05,.002
2.304152,4.506134E-05,-3.072456E-05,-6.66667E-04
2.305153,3.099465E-05,-3.480935E-05,-.002
2.306153,1.096731E-05,-4.141242E-05,-2.33333E-03
2.307154,2.193463E-05,-1.221715E-05,-.002
2.308154,-4.291564E-06,-2.987697E-06,.001
2.309155,-1.120573E-05,-2.977822E-05,.001
2.310155,-4.053145E-06,-2.739404E-05,-.001
2.311156,-2.861038E-06,-1.052959E-05,-.001
2.312156,-7.152586E-06,-9.452982E-06,-6.66667E-04
2.313157,-3.743195E-05,-1.646404E-05,-.002
2.314157,-1.931202E-05,-3.021222E-05,-.002
2.315158,1.1921E-06,-5.300925E-05,-.002
2.316158,-4.053145E-06,-4.167506E-05,-.002
2.317159,-2.861038E-06,-4.637078E-05,-2.33333E-03
2.318159,5.292916E-05,-3.448897E-05,6.66667E-04
2.31916,4.911446E-05,-3.69364E-06,.001
2.32016,4.816079E-05,3.60331E-05,-.002
2.321161,5.197548E-05,2.640497E-05,-.004
2.322161,6.127404E-05,5.537673E-06,.001
2.323162,2.217304E-05,-4.47224E-06,-6.66667E-04
2.324162,4.291564E-06,-1.347071E-05,.001
2.325163,-2.002728E-05,-9.257405E-06,-.002
2.326163,-3.743195E-05,-1.265487E-05,-.002
2.327164,-4.100823E-05,-1.714204E-05,6.66667E-04
2.328164,-3.910088E-05,-4.021288E-05,-.001
2.329165,-3.123307E-05,-5.461113E-05,.001
2.330165,-2.694142E-05,-3.771507E-05,-6.66667E-04
2.331166,-3.695511E-05,-1.117965E-05,-.002
2.332166,-3.457093E-05,-7.985218E-06,-3.66667E-03
2.333167,-3.17099E-05,7.566094E-06,-6.66667E-04
2.334167,1.263624E-05,2.548855E-05,-6.66667E-04
2.335168,2.002728E-05,1.473544E-05,.001
2.336168,-1.144415E-05,1.688313E-05,-6.66667E-04
2.337169,-2.980244E-05,8.94448E-06,6.66667E-04
2.338169,-3.004086E-05,1.216499E-05,-6.66667E-04
2.33917,-1.835835E-05,4.587724E-06,-6.66667E-04
2.34017,-9.536801E-06,8.694886E-06,-.001
2.341171,-3.2902E-05,-8.905365E-06,.001
2.342171,-4.267716E-05,-3.249035E-05,-.002
2.343172,-3.242516E-05,-5.323469E-06,6.66667E-04
2.344172,-3.790879E-05,-9.572192E-06,6.66667E-04
2.345173,-5.936646E-05,-1.892832E-05,-.002
2.346173,-5.269074E-05,3.311798E-06,-.002
2.347174,-1.072889E-05,2.583503E-06,.002
2.348174,5.006819E-06,1.03396E-05,-6.66667E-04
2.349174,1.287466E-05,-5.284353E-06,-6.66667E-04
2.350175,-2.861035E-05,-2.112065E-05,.002
2.351176,-1.668942E-05,-1.113868E-05,-6.66667E-04
2.352176,-1.358992E-05,-1.765795E-06,-.001
2.353177,-2.717983E-05,2.103311E-05,-6.66667E-04
2.354177,-1.192099E-05,1.744938E-05,-.002
2.355178,-1.931202E-05,-9.927957E-06,-.002
2.356178,-4.124665E-05,-1.227862E-05,6.66667E-04
2.357179,-3.361725E-05,-3.275299E-05,.001
2.358179,-2.336514E-05,-2.866064E-05,-.002
2.359179,1.144415E-05,-1.998816E-05,6.66667E-04
2.36018,2.694142E-05,-2.542525E-06,-6.66667E-04
2.361181,2.312672E-05,-2.713889E-06,-2.33333E-03
2.362181,2.861035E-05,-1.059852E-06,-.001
2.363182,3.147149E-05,1.208676E-05,-.002
2.364182,1.978886E-05,2.15621E-05,-.001
2.365183,2.479565E-05,-3.045439E-06,.001
2.366183,3.647828E-05,-1.545262E-05,2.33333E-03
2.367184,3.528618E-05,-7.988943E-06,6.66667E-04
2.368184,5.483651E-05,1.704891E-05,-6.66667E-04
2.369184,4.744553E-05,4.898793E-07,-.001
2.370185,2.02657E-05,9.138195E-06,-.002
2.371186,1.001364E-05,6.610557E-06,-.002
2.372186,-8.821546E-06,-2.251391E-05,-.001
2.373187,-4.053145E-06,-1.411891E-05,.002
2.374187,1.764309E-05,-1.834713E-06,-.001
2.375188,1.859677E-05,1.61269E-05,.001
2.376188,1.692784E-05,7.037102E-06,.001
2.377189,7.629453E-06,1.939584E-05,6.66667E-04
2.378189,-3.600144E-05,9.341224E-06,-5.33333E-03
2.379189,-3.337883E-05,-4.686444E-06,-3.66667E-03
2.38019,-4.768408E-07,7.642491E-06,.001
2.381191,1.430517E-05,-1.244439E-05,-.001
2.382191,-4.768408E-07,-3.317953E-05,-6.66667E-04
2.383192,-1.192099E-05,-1.113309E-05,6.66667E-04
2.384192,-1.549732E-05,-5.383074E-06,-.001
2.385193,-2.384197E-05,-1.876068E-05,-.002
2.386193,-2.384197E-05,-1.639512E-05,-.002
2.387194,-2.336514E-05,6.167247E-06,-.001
2.388194,-1.811993E-05,-1.119642E-05,-.001
2.389194,-3.027928E-05,-9.188487E-06,-6.66667E-04
2.390195,-1.692784E-05,-4.693895E-06,-.002
2.391196,-1.144415E-05,-1.360296E-05,.001
2.392196,-1.835835E-05,-8.596166E-06,-2.33333E-03
2.393197,-1.788151E-05,-9.512587E-06,-6.66667E-04
2.394197,-3.004086E-05,-1.489377E-05,-.001
2.395198,-2.169621E-05,-1.46479E-05,-6.66667E-04
2.396198,1.525891E-05,-4.025205E-06,.002
2.397199,2.884876E-05,8.270181E-07,.002
2.398199,6.198912E-06,5.602866E-06,6.66667E-04
2.399199,-1.478201E-05,-6.826624E-06,.002
2.4002,-5.006819E-06,-1.800444E-05,-6.66667E-04
2.401201,2.408039E-05,-2.090086E-05,6.66667E-04
2.402201,1.430517E-05,-1.371658E-05,-6.66667E-04
2.403202,4.768401E-06,-2.427038E-05,-6.66667E-04
2.404202,-1.430519E-06,-4.600763E-06,-6.66667E-04
2.405203,-2.3842E-06,-1.781445E-05,6.66667E-04
2.406203,-8.344708E-06,-1.186138E-05,6.66667E-04
2.407204,8.344708E-06,-5.017995E-06,.002
2.408204,3.814726E-06,-1.117593E-05,.002
2.409204,-1.287466E-05,-1.548056E-05,6.66667E-04
2.410205,-1.525891E-05,-2.11877E-05,-.001
2.411206,-7.391005E-06,-2.187875E-05,.001
2.412206,2.28883E-05,-2.042588E-05,-.001
2.413207,5.006813E-05,-4.432001E-05,-6.66667E-04
2.414207,6.914168E-06,-4.125782E-05,.001
2.415208,9.536816E-07,-2.601754E-05,-.002
2.416208,-2.3842E-06,-1.248909E-05,.001
2.417209,1.192099E-05,-9.572192E-06,-.001
2.418209,8.821546E-06,-9.089745E-07,-.001
2.41921,1.072889E-05,2.777961E-05,6.66667E-04
2.42021,3.528618E-05,3.412203E-05,6.66667E-04
2.421211,1.430517E-05,1.960073E-05,-6.66667E-04
2.422211,8.10629E-06,-9.931682E-06,-6.66667E-04
2.423212,2.169621E-05,-2.083194E-05,-6.66667E-04
2.424212,2.622619E-06,-9.767769E-06,-6.66667E-04
2.425213,-3.337875E-06,4.50763E-06,6.66667E-04
2.426213,1.144415E-05,1.141435E-05,.001
2.427214,0,4.047365E-05,6.66667E-04
2.428214,-2.527249E-05,2.252136E-05,-.001
2.429215,-4.482293E-05,3.160923E-06,6.66667E-04
2.430215,-1.788151E-05,1.500739E-05,.002
2.431216,-1.358992E-05,-1.866941E-05,-.002
2.432216,2.360356E-05,-3.160187E-05,-.002
2.433217,2.193463E-05,-3.807084E-05,-.001
2.434217,1.096731E-05,-9.957759E-06,-6.66667E-04
2.435218,2.002728E-05,1.259713E-05,.002
2.436218,3.743195E-05,-2.622619E-06,-.001
2.437219,2.121937E-05,1.575805E-06,-6.66667E-04
2.438219,6.437331E-06,-2.577913E-05,-6.66667E-04
2.43922,0,-4.206621E-05,-6.66667E-04
2.44022,7.391005E-06,-2.767157E-05,-.001
2.441221,-4.768401E-06,-5.662478E-07,6.66667E-04
2.442221,-3.337875E-06,-8.044823E-06,.001
2.443222,-1.621258E-05,-1.027627E-05,-.001
2.444222,-6.675749E-06,3.656387E-06,-2.33333E-03
2.445223,7.152594E-07,1.334777E-05,6.66667E-04
2.446223,-1.1921E-06,5.466893E-06,-.001
2.447224,-6.198912E-06,-1.469634E-06,6.66667E-04
2.448224,2.861038E-06,-8.316769E-06,.001
2.449225,1.1921E-06,-1.028E-05,.001
2.450225,-2.28883E-05,1.501112E-05,-.001
2.451226,-1.621258E-05,-2.440077E-05,6.66667E-04
2.452226,2.145779E-05,-4.204758E-05,-6.66667E-04
2.453227,3.647828E-05,-2.668065E-05,6.66667E-04
2.454227,5.960494E-06,-4.999369E-06,-3.66667E-03
2.455228,-1.072889E-05,4.323223E-05,-3.66667E-03
2.456228,-2.527249E-05,4.330487E-05,-.001
2.457229,1.430519E-06,2.334279E-05,-.001
2.458229,1.049048E-05,1.566869E-05,.001
2.45923,1.549732E-05,-1.56929E-05,-6.66667E-04
2.46023,1.907363E-06,-1.268653E-05,-6.66667E-04
2.461231,-1.025206E-05,1.820561E-05,.001
2.462231,-4.887604E-05,1.352472E-05,6.66667E-04
2.463232,-3.457093E-05,-8.393137E-06,.001
2.464232,-1.621258E-05,6.157934E-06,6.66667E-04
2.465233,-1.573574E-05,-2.810746E-06,6.66667E-04
2.466233,1.33515E-05,-1.166394E-05,.001
2.467234,2.002728E-05,-2.547365E-05,-6.66667E-04
2.468234,1.6451E-05,-1.289701E-05,-.001
2.469235,1.978886E-05,-1.563516E-05,-.001
2.470235,-1.1921E-06,-2.754119E-05,-.001
2.471236,6.675749E-06,-5.026744E-05,-.002
2.472236,1.811993E-05,-1.782936E-05,-.002
2.473237,2.145779E-05,1.948897E-05,6.66667E-04
2.474237,2.479565E-05,4.099711E-06,.001
2.475238,1.931202E-05,-3.803536E-06,-.001
2.476238,4.434609E-05,2.445668E-06,-.001
2.477239,3.743195E-05,6.599381E-06,-.001
2.478239,1.835835E-05,1.398852E-05,-.002
2.47924,1.835835E-05,1.829502E-05,-.002
2.48024,1.263624E-05,1.50316E-05,-6.66667E-04
2.481241,-7.629453E-06,2.372463E-05,.001
2.482241,-3.099465E-05,2.210413E-05,-6.66667E-04
2.483242,-2.55109E-05,1.772877E-05,-6.66667E-04
2.484242,-9.536801E-06,-1.518063E-06,6.66667E-04
2.485243,2.384204E-07,1.890592E-06,-6.66667E-04
2.486243,5.483656E-06,-1.098594E-05,-.001
2.487244,0,-2.681662E-05,6.66667E-04
2.488244,-1.454359E-05,-1.551781E-05,6.66667E-04
2.489245,-1.001364E-05,-1.696695E-05,-.002
2.490245,-1.311308E-05,-4.008994E-05,.001
2.491246,1.120573E-05,-5.240948E-05,6.66667E-04
2.492246,1.025206E-05,-3.864826E-05,-6.66667E-04
2.493247,1.311308E-05,-9.663461E-06,.002
2.494247,8.583127E-06,-3.984227E-06,-6.66667E-04
2.495248,1.287466E-05,-1.353218E-05,-6.66667E-04
2.496248,1.764309E-05,3.261506E-06,2.33333E-03
2.497249,3.647828E-05,1.406304E-06,-.002
2.498249,2.765667E-05,2.894565E-06,-.002
2.49925,2.479565E-05,-1.22097E-05,.001
2.50025,2.28883E-05,2.304476E-05,6.66667E-04
2.501251,3.576302E-05,9.886979E-06,-2.33333E-03
2.502251,2.980244E-05,1.318945E-05,-.002
2.503252,4.291564E-06,-1.233077E-05,-.001
2.504252,-2.193463E-05,-3.276044E-05,-.001
2.505253,-3.695511E-05,-1.09431E-05,.001
2.506253,-9.77522E-06,-2.76418E-06,-6.66667E-04
2.507254,-1.025206E-05,-3.473848E-06,6.66667E-04
2.508254,-7.152594E-07,9.596406E-06,-.001
2.509255,-2.098095E-05,5.217298E-06,-.002
2.510255,-3.957772E-05,-1.88743E-05,-6.66667E-04
2.511256,-1.072889E-05,-3.698864E-05,.001
2.512256,4.291564E-06,-3.230781E-05,-6.66667E-04
2.513257,1.120573E-05,-6.470858E-06,.002
2.514257,-4.053145E-06,1.669873E-05,.001
2.515258,4.768401E-06,2.15919E-05,.001
2.516258,-7.867871E-06,4.844769E-06,-6.66667E-04
2.517259,3.814726E-06,-2.58052E-05,-.001
2.518259,1.049048E-05,-1.693529E-05,-.002
2.51926,8.10629E-06,-1.078291E-05,-6.66667E-04
2.52026,-9.77522E-06,-1.63541E-06,6.66667E-04
2.521261,7.391005E-06,-1.556624E-05,-6.66667E-04
2.522261,1.502043E-05,-2.980058E-05,.001
2.523262,6.437331E-06,-2.3706E-05,-.002
2.524262,-3.099456E-06,-1.719792E-05,-6.66667E-04
2.525263,-2.765667E-05,-9.073003E-06,-6.66667E-04
2.526263,-1.239782E-05,1.994905E-05,-.002
2.527264,9.536801E-06,1.208117E-05,-.001
2.528264,2.837193E-05,-1.765799E-05,-6.66667E-04
2.529265,4.243874E-05,-3.654347E-05,-6.66667E-04
2.530265,4.291558E-05,9.704454E-07,-.001
2.531266,4.482293E-05,1.576554E-05,-.001
2.532266,4.386925E-05,-1.175336E-06,-6.66667E-04
2.533267,2.431881E-05,-2.975215E-05,-.002
2.534267,1.931202E-05,-3.214576E-05,-.001
2.535268,2.861038E-06,-3.762194E-05,-.001
2.536268,-4.768408E-07,-2.429087E-05,-6.66667E-04
2.537269,-7.152594E-07,2.015397E-06,3.66667E-03
2.538269,-5.722075E-06,8.90348E-07,-.001
2.53927,4.768401E-06,9.186624E-06,-6.66667E-04
2.54027,-1.215941E-05,2.2594E-05,-6.66667E-04
2.541271,-1.668937E-06,-1.064508E-05,.001
2.542271,9.059964E-06,-1.942192E-05,6.66667E-04
2.543272,5.483656E-06,-2.344523E-05,-.001
2.544272,3.099456E-06,-1.960259E-05,-.001
2.545273,-4.768408E-07,-1.456781E-05,-6.66667E-04
2.546273,2.145782E-06,-1.421949E-05,6.66667E-04
2.547274,-2.861038E-06,-1.270702E-05,-6.66667E-04
2.548274,-1.502043E-05,-3.054948E-05,6.66667E-04
2.549275,1.549732E-05,-1.357315E-05,-6.66667E-04
2.550275,4.458451E-05,-2.521661E-05,.001
2.551276,4.148507E-05,-4.153908E-05,-6.66667E-04
2.552276,1.358992E-05,-3.496208E-05,-.001
2.553277,8.821546E-06,-1.431635E-05,-2.33333E-03
2.554277,-2.217304E-05,-6.377726E-06,2.33333E-03
2.555278,-2.241146E-05,-1.004344E-05,.001
2.556278,-1.454359E-05,1.175149E-05,6.66667E-04
2.557279,-2.193463E-05,1.252448E-05,2.33333E-03
2.558279,-1.454359E-05,-1.188932E-05,-.001
2.55928,1.144415E-05,3.615409E-06,-6.66667E-04
2.56028,-4.053145E-06,4.770263E-06,-.001
2.561281,-1.835835E-05,1.467772E-06,-2.33333E-03
2.562281,-3.647828E-05,-1.918164E-05,-.002
2.563282,-2.408039E-05,-1.425674E-05,.001
2.564282,-4.053145E-06,-1.605798E-05,6.66667E-04
2.565283,1.192099E-05,-1.444115E-05,-.002
2.566283,1.263624E-05,-2.078351E-05,-6.66667E-04
2.567284,1.716625E-05,-9.16986E-06,.001
2.568284,1.621258E-05,-2.069413E-06,-.001
2.569285,2.527249E-05,-9.594543E-06,-3.66667E-03
2.570285,3.147149E-05,1.80864E-05,-6.66667E-04
2.571286,5.960494E-06,2.527062E-05,-6.66667E-04
2.572286,-2.28883E-05,1.062272E-05,.001
2.573287,-2.622616E-05,-2.217863E-05,-6.66667E-04
2.574287,1.144415E-05,-3.331737E-05,-.001
2.575288,3.361725E-05,3.146022E-06,6.66667E-04
2.576288,3.647828E-05,1.396245E-05,-.001
2.577289,-9.77522E-06,2.641245E-06,-.001
2.578289,1.168257E-05,1.070654E-05,.001
2.57929,2.527249E-05,1.441321E-05,-.001
2.58029,1.096731E-05,-3.355951E-05,-.002
2.581291,4.291564E-06,-5.461113E-05,-6.66667E-04
2.582291,-1.573574E-05,-2.814468E-05,-.001
2.583292,-9.059964E-06,-7.847382E-06,.001
2.584292,-7.391005E-06,-1.527567E-05,-6.66667E-04
2.585293,-1.573574E-05,-2.614607E-05,-3.66667E-03
2.586293,-2.3842E-06,-4.318007E-05,-.002
2.587294,2.789509E-05,-2.941687E-05,-.002
2.588294,2.55109E-05,1.23792E-05,-6.66667E-04
2.589295,2.574932E-05,4.295289E-06,-2.33333E-03
2.590295,1.311308E-05,1.952623E-05,.001
2.591296,-1.883518E-05,-5.876675E-06,-2.33333E-03
2.592296,-3.004086E-05,-2.933119E-05,-6.66667E-04
2.593297,-2.646458E-05,-1.078477E-05,6.66667E-04
2.594297,-1.168257E-05,-1.126347E-05,-6.66667E-04
2.595298,1.549732E-05,-6.33303E-07,-6.66667E-04
2.596298,2.002728E-05,6.996124E-06,-.002
2.597299,2.598774E-05,-1.096918E-05,-.001
2.598299,3.266358E-05,5.49297E-06,2.33333E-03
2.5993,3.504776E-05,-1.749031E-06,-.002
2.6003,6.938027E-05,-2.197933E-05,-.001
2.601301,7.86786E-05,-2.841291E-05,2.33333E-03
2.602301,1.051431E-04,-3.626035E-05,-.001
2.603302,1.325617E-04,-2.57754E-05,-6.66667E-04
2.604302,1.487741E-04,-3.71451E-05,-.001
2.605303,1.809606E-04,-4.462735E-05,-.001
2.606303,1.742849E-04,-5.461113E-05,-.001
2.607304,1.871595E-04,-5.050213E-05,-.002
2.608304,2.269754E-04,-5.461113E-05,.001
2.609305,2.155313E-04,-3.783801E-05,6.66667E-04
2.610305,1.766691E-04,-1.43089E-05,-.002
2.611306,1.478205E-04,-9.872092E-07,6.66667E-04
2.612306,9.79905E-05,6.476446E-06,-.001
2.613307,5.531334E-05,2.263128E-06,6.66667E-04
2.614307,2.980244E-05,-1.121691E-05,-.001
2.615308,3.504776E-05,3.982364E-06,-.001
2.616308,2.980244E-05,-4.267349E-06,-6.66667E-04
2.617309,6.794976E-05,-1.164345E-05,-6.66667E-04
2.618309,5.626702E-05,-5.377486E-06,-6.66667E-04
2.61931,2.431881E-05,8.143543E-06,.001
2.62031,1.931202E-05,1.622562E-05,6.66667E-04
2.621311,5.960494E-06,-6.914168E-06,-3.66667E-03
2.622311,-2.622619E-06,-2.185081E-05,-6.66667E-04
2.623312,1.883518E-05,-1.360854E-05,-.001
2.624312,-2.384204E-07,-1.569663E-05,.001
2.625313,1.1921E-06,-6.049901E-06,.001
2.626313,-9.059964E-06,1.633924E-05,-6.66667E-04
2.627314,-1.168257E-05,-2.661734E-06,-2.33333E-03
2.628314,-1.978886E-05,-2.62541E-05,-2.33333E-03
2.629315,-8.821546E-06,-4.246295E-05,.001
2.630315,2.336514E-05,-2.866995E-05,6.66667E-04
2.631316,3.361725E-05,-4.437589E-05,-6.66667E-04
2.632316,3.075623E-05,-3.288337E-05,-6.66667E-04
2.633317,1.144415E-05,-2.002541E-05,-.001
2.634317,2.408039E-05,-3.030538E-06,-6.66667E-04
2.635318,2.217304E-05,2.852653E-05,6.66667E-04
2.636318,3.814726E-06,2.094929E-05,-.002
2.637319,-1.1921E-06,1.322484E-05,-6.66667E-04
2.638319,1.096731E-05,7.474824E-06,-6.66667E-04
2.63932,2.646458E-05,-5.451991E-06,-6.66667E-04
2.64032,2.527249E-05,-2.157327E-05,-6.66667E-04
2.641321,1.430517E-05,-1.928222E-05,.002
2.642321,3.123307E-05,-9.369163E-06,-6.66667E-04
2.643322,-1.668937E-06,-6.144895E-06,-.002
2.644322,-8.344708E-06,-3.950699E-06,.001
2.645323,4.291564E-06,-1.285604E-05,-2.33333E-03
2.646323,1.1921E-06,3.587469E-06,-6.66667E-04
2.647324,-3.337875E-06,2.771069E-05,.001
2.648324,8.10629E-06,2.415117E-05,6.66667E-04
2.649325,9.536816E-07,-1.068978E-05,-6.66667E-04
2.650325,-5.006819E-06,-5.349546E-06,-2.33333E-03
2.651326,1.072889E-05,-2.374884E-05,6.66667E-04
2.652326,9.298383E-06,-1.861167E-05,-.001
2.653327,1.788151E-05,-3.960566E-05,-6.66667E-04
2.654327,3.623986E-05,-3.943802E-05,-6.66667E-04
2.655328,3.600144E-05,-3.531785E-05,-6.66667E-04
2.656328,4.482293E-05,-1.714577E-05,-.002
2.657329,1.6451E-05,-3.596782E-06,-.002
2.658329,-1.907363E-06,-3.781184E-06,-.001
2.65933,-9.77522E-06,-3.65825E-06,-6.66667E-04
2.66033,-5.006819E-06,-3.183275E-06,-6.66667E-04
2.661331,7.391005E-06,-2.73512E-05,-.002
2.662331,5.483656E-06,-2.903317E-05,-6.66667E-04
2.663332,9.77522E-06,1.343532E-05,-.001
2.664332,-1.549732E-05,1.103623E-05,-.001
2.665333,-1.478201E-05,2.080589E-06,-2.33333E-03
2.666333,-1.740467E-05,1.501298E-05,-6.66667E-04
2.667334,-3.337875E-06,1.539302E-05,-.002
2.668334,-2.145782E-06,5.995884E-06,-.002
2.669335,-7.867871E-06,3.594923E-07,-.001
2.670335,3.576293E-06,-1.77176E-05,.001
2.671336,2.622619E-06,-5.966082E-06,-.001
2.672336,-1.001364E-05,3.60237E-06,6.66667E-04
2.673337,-1.740467E-05,-1.019432E-05,.002
2.674337,-1.287466E-05,-1.607847E-05,-2.33333E-03
2.675338,-5.960494E-06,9.45857E-06,-6.66667E-04
2.676338,-1.1921E-06,-3.766283E-06,-6.66667E-04
2.677339,4.529982E-06,6.362825E-06,6.66667E-04
2.678339,-9.059964E-06,4.787208E-05,.002
2.67934,-1.215941E-05,5.460926E-05,-.001
2.68034,1.311308E-05,3.395439E-05,-2.33333E-03
2.681341,1.430517E-05,3.226683E-05,-.001
2.682341,1.740467E-05,3.275857E-05,-.002
2.683342,3.266358E-05,1.605984E-05,-.001
2.684342,2.741825E-05,2.536003E-05,.001
2.685343,8.344708E-06,3.508315E-05,-6.66667E-04
2.686343,6.198912E-06,1.749222E-05,-6.66667E-04
2.687344,1.311308E-05,-2.741828E-06,6.66667E-04
2.688344,1.215941E-05,1.935114E-05,-.001
2.689345,3.814726E-06,4.095421E-05,.001
2.690345,-1.454359E-05,5.460926E-05,-6.66667E-04
2.691346,-1.382834E-05,4.740828E-05,6.66667E-04
2.692346,-3.528618E-05,1.701538E-05,-6.66667E-04
2.693347,-4.172348E-05,1.558301E-05,-.001
2.694347,-3.266358E-05,4.797638E-05,-2.33333E-03
2.695348,-3.337875E-06,3.501424E-05,-.002
2.696348,-1.072889E-05,1.055939E-05,-.001
2.697349,1.1921E-06,9.942858E-06,-.001
2.698349,8.583127E-06,-3.512963E-06,-.001
2.69935,8.821546E-06,1.753692E-05,-6.66667E-04
2.70035,8.344708E-06,1.175894E-05,-.004
2.701351,9.536816E-07,1.89842E-05,-.001
2.702351,-1.239782E-05,3.269524E-05,6.66667E-04
2.703352,4.053145E-06,1.160247E-05,-.002
2.704352,1.931202E-05,-8.825271E-06,-.001
2.705353,5.269074E-05,6.733491E-06,-6.66667E-04
2.706353,3.480935E-05,1.093937E-05,-.002
2.707354,3.337875E-06,9.760319E-06,-.002
2.708354,-1.502043E-05,1.517689E-05,.001
2.709355,1.978886E-05,-1.224136E-05,-.001
2.710355,4.792237E-05,8.784293E-06,6.66667E-04
2.711356,3.480935E-05,2.674211E-05,-.001
2.712356,2.813351E-05,1.730409E-05,-.001
2.713357,2.479565E-05,-1.234194E-05,-3.66667E-03
2.714357,8.583127E-06,-2.511789E-05,-.001
2.715358,2.479565E-05,-4.32285E-05,-.001
2.716358,3.004086E-05,-2.188806E-05,6.66667E-04
2.717359,3.147149E-05,-9.907468E-06,-6.66667E-04
2.718359,1.549732E-05,-2.065871E-05,-.001
2.71936,-1.120573E-05,-2.100703E-05,-6.66667E-04
2.72036,-1.502043E-05,-1.05892E-05,-.001
2.721361,-4.529982E-06,-1.663913E-05,.001
2.722361,9.536801E-06,-3.547245E-05,.002
2.723362,2.336514E-05,-5.902752E-06,6.66667E-04
2.724362,5.006819E-06,1.100831E-06,.001
2.725363,4.291564E-06,-4.848494E-06,.001
2.726363,2.622619E-06,-2.337818E-05,-.002
2.727364,1.382834E-05,-2.980247E-06,6.66667E-04
2.728364,4.768408E-07,1.936231E-05,-.001
2.729365,9.77522E-06,4.647695E-05,6.66667E-04
2.730365,-1.120573E-05,2.001983E-05,-.001
2.731366,6.437331E-06,3.08083E-06,-.002
2.732366,3.433251E-05,1.05091E-05,-.001
2.733367,6.365823E-05,-7.046416E-06,-6.66667E-04
2.734367,9.012269E-05,-1.694274E-05,.001
2.735368,3.55246E-05,-3.598645E-06,-.002
2.736368,3.93393E-05,-1.827267E-05,.002
2.737369,5.769753E-05,-2.502103E-05,-6.66667E-04
2.738369,5.912804E-05,-8.910953E-06,-.001
2.73937,7.86786E-05,9.073003E-06,-6.66667E-04
2.74037,1.328001E-04,-1.939398E-05,-6.66667E-04
2.741371,1.599798E-04,-3.970438E-05,-6.66667E-04
2.742371,1.90259E-04,-5.461113E-05,.001
2.743372,2.124319E-04,-5.461113E-05,-6.66667E-04
2.744372,2.884883E-04,-5.461113E-05,6.66667E-04
2.745373,3.526229E-04,-5.461113E-05,-.001
2.746373,4.098434E-04,-5.461113E-05,-.001
2.747374,4.30109E-04,-5.461113E-05,-6.66667E-04
2.748374,4.372615E-04,-5.461113E-05,-.001
2.749375,4.417915E-04,-5.461113E-05,.001
2.750375,4.286785E-04,-5.461113E-05,.001
2.751376,3.96492E-04,-5.461113E-05,-6.66667E-04
2.752376,3.564376E-04,-5.427212E-05,-6.66667E-04
2.753377,3.197212E-04,-3.143423E-05,-.001
2.754377,2.777595E-04,-2.592441E-05,.002
2.755378,2.553482E-04,-2.443802E-05,-6.66667E-04
2.756378,1.928816E-04,-3.573135E-05,-.002
2.757379,1.587877E-04,-3.337697E-05,.002
2.758379,9.465264E-05,-1.703214E-05,.001
2.75938,5.86512E-05,-2.064754E-05,6.66667E-04
2.76038,5.030655E-05,-2.709229E-05,-6.66667E-04
2.761381,6.032013E-05,-4.759454E-05,.001
2.762381,7.009553E-05,-3.317581E-05,.001
2.763382,7.462548E-05,-1.741771E-05,.001
2.764382,7.844018E-05,-1.2843E-05,-6.66667E-04
2.765383,7.414864E-05,8.896051E-06,6.66667E-04
2.766383,5.102181E-05,9.846E-06,-.001
2.767384,2.312672E-05,-1.196197E-05,-6.66667E-04
2.768384,8.10629E-06,1.024459E-07,6.66667E-04
2.769385,8.821546E-06,7.156312E-06,-2.33333E-03
2.770385,2.765667E-05,1.924683E-05,-.002
2.771386,2.527249E-05,3.99354E-06,-.002
2.772386,2.050411E-05,-1.714949E-05,6.66667E-04
2.773387,2.717983E-05,-2.281379E-05,-.001
2.774387,5.412125E-05,2.376374E-05,-.002
2.775388,5.435967E-05,4.701345E-06,-6.66667E-04
2.776388,4.172348E-05,-3.096857E-05,-.001
2.777389,5.98433E-05,-5.461113E-05,6.66667E-04
2.778389,4.148507E-05,-4.896731E-05,-2.33333E-03
2.77939,4.83992E-05,-1.591269E-05,-.001
2.78039,3.266358E-05,-1.190795E-05,-.001
2.781391,1.478201E-05,2.79212E-06,.001
2.782391,2.217304E-05,2.859175E-06,-.001
2.783392,9.298383E-06,-1.245743E-05,.001
2.784392,6.914168E-06,-2.61144E-05,6.66667E-04
2.785393,-1.716625E-05,-4.24108E-05,-.001
2.786393,9.059964E-06,-2.670672E-05,-6.66667E-04
2.787394,4.076981E-05,-1.699303E-05,.001
2.788394,4.863762E-05,4.433114E-07,-6.66667E-04
2.789395,2.455723E-05,-4.770263E-06,.001
2.790395,4.148507E-05,-1.376502E-06,6.66667E-04
2.791396,3.194832E-05,-1.00602E-05,-.002
2.792396,1.096731E-05,-1.964357E-05,6.66667E-04
2.793397,-5.722075E-06,-2.013717E-05,-.001
2.794397,9.298383E-06,-1.185393E-05,-6.66667E-04
2.795398,1.025206E-05,-2.199423E-05,-.001
2.796398,2.741825E-05,-1.517875E-05,-6.66667E-04
2.797399,4.410767E-05,-2.807577E-05,-6.66667E-04
2.798399,5.841278E-05,1.980006E-06,-.002
2.7994,6.46119E-05,-1.544144E-05,-.001
2.8004,6.866502E-05,-2.642733E-05,-6.66667E-04
2.801401,8.082436E-05,-2.828066E-05,-.001
2.802401,1.044278E-04,-2.468762E-05,-.001
2.803402,1.323232E-04,5.850598E-06,-2.33333E-03
2.804402,1.292238E-04,6.206363E-06,-.001
2.805403,1.275549E-04,8.150993E-06,-.001
2.806403,1.4186E-04,1.367932E-05,-.001
2.807404,1.676092E-04,2.643108E-06,-3.66667E-03
2.808404,2.038488E-04,-2.102941E-06,-.002
2.809405,2.400884E-04,-2.101078E-06,-.001
2.810405,2.789516E-04,-2.291438E-05,-.001
2.811406,3.051776E-04,-1.806219E-05,.001
2.812406,3.24728E-04,-4.149065E-05,-.001
2.813407,3.409404E-04,-5.461113E-05,-.002
2.814407,3.526229E-04,-5.354383E-05,-.002
2.815408,3.347415E-04,-4.369975E-05,-6.66667E-04
2.816408,3.132839E-04,-5.461113E-05,-.001
2.817409,2.656002E-04,-5.461113E-05,-.001
2.818409,2.257833E-04,-5.461113E-05,-2.33333E-03
2.81941,2.098093E-04,-5.461113E-05,6.66667E-04
2.82041,1.580724E-04,-5.461113E-05,6.66667E-04
2.821411,9.846734E-05,-5.461113E-05,6.66667E-04
2.822411,7.796334E-05,-4.633167E-05,.002
2.823412,6.413506E-05,-3.27623E-05,6.66667E-04
2.824412,4.005455E-05,-3.964105E-05,-6.66667E-04
2.825413,5.173706E-05,-4.014582E-05,.001
2.826413,6.079697E-05,-4.664832E-05,.002
2.827414,6.747292E-05,-3.396929E-05,6.66667E-04
2.828414,7.772492E-05,-2.381776E-05,6.66667E-04
2.829415,6.294297E-05,-9.587093E-06,6.66667E-04
2.830415,2.479565E-05,-5.401707E-07,-6.66667E-04
2.831416,3.528618E-05,1.799327E-05,-.001
2.832416,3.027928E-05,-3.147885E-06,-6.66667E-04
2.833417,2.813351E-05,-1.130631E-05,-3.66667E-03
2.834417,2.455723E-05,-2.923247E-05,.001
2.835418,2.145779E-05,-3.386685E-05,-.001
2.836418,4.482293E-05,-2.244499E-05,.001
2.837419,4.744553E-05,-1.452497E-05,-6.66667E-04
2.838419,6.103562E-05,-2.820429E-05,-3.66667E-03
2.83942,6.032013E-05,-2.176699E-05,.001
2.84042,5.531334E-05,-2.387364E-05,-6.66667E-04
2.841421,7.844018E-05,4.893198E-06,-.001
2.842421,6.794976E-05,8.260889E-06,-6.66667E-04
2.843422,7.796334E-05,-2.72879E-06,.001
2.844422,5.86512E-05,-6.543502E-06,-6.66667E-04
2.845423,7.009553E-05,-3.946596E-05,-6.66667E-04
2.846423,6.389664E-05,-5.461113E-05,6.66667E-04
2.847424,8.463906E-05,-2.677192E-05,-6.66667E-04
2.848424,7.391023E-05,-1.43834E-05,-6.66667E-04
2.849425,7.176446E-05,-1.704891E-05,.002
2.850425,6.485032E-05,-1.463672E-05,.001
2.851426,3.957772E-05,-2.496887E-05,-.001
2.852426,5.626702E-05,-2.734561E-05,-.002
2.853427,6.365823E-05,-2.297584E-05,3.66667E-03
2.854427,6.103562E-05,1.275919E-06,.001
2.855428,8.106278E-05,-5.289949E-07,6.66667E-04
2.856428,9.083794E-05,-1.686451E-05,.001
2.857429,7.462548E-05,-2.122496E-05,-.001
2.858429,6.46119E-05,-2.81689E-05,-.002
2.85943,6.628083E-05,-2.391462E-05,-.001
2.86043,7.367181E-05,-3.332854E-05,-.001
2.861431,6.866502E-05,-3.79628E-05,-6.66667E-04
2.862431,5.86512E-05,-9.626208E-06,-3.66667E-03
2.863432,6.127404E-05,-1.553453E-06,-6.66667E-04
2.864432,5.769753E-05,-3.252193E-06,-6.66667E-04
2.865433,7.009553E-05,-2.504338E-05,-.001
2.866433,7.677125E-05,-8.40245E-06,-.002
2.867434,8.51159E-05,-2.147644E-06,-.001
2.868434,6.604241E-05,-3.655278E-05,-.001
2.869435,7.510232E-05,-5.182461E-05,-.002
2.870435,8.797692E-05,-3.641308E-05,-3.66667E-03
2.871436,1.072888E-04,-2.755236E-05,-.001
2.872436,1.134877E-04,-4.561647E-06,-.001
2.873437,1.432905E-04,-1.429959E-05,.001
2.874437,1.721391E-04,-2.264057E-05,-.002
2.875438,2.076635E-04,-4.001171E-05,.001
2.876438,3.018398E-04,-5.461113E-05,6.66667E-04
2.877439,4.05075E-04,-5.461113E-05,2.33333E-03
2.878439,5.304851E-04,-5.461113E-05,-6.66667E-04
2.87944,6.406344E-04,-5.461113E-05,-.001
2.88044,7.674731E-04,-5.461113E-05,-6.66667E-04
2.881441,8.888282E-04,-5.461113E-05,-6.66667E-04
2.882441,1.027592E-03,-5.461113E-05,6.66667E-04
2.883442,1.202352E-03,-5.461113E-05,-.001
2.884442,1.33682E-03,-5.461113E-05,-.001
2.885443,1.416214E-03,-5.461113E-05,6.66667E-04
2.886443,1.410015E-03,-5.461113E-05,6.66667E-04
2.887444,1.35494E-03,-5.461113E-05,-.001
2.888444,1.257427E-03,-5.461113E-05,6.66667E-04
2.889445,1.118191E-03,-5.461113E-05,-6.66667E-04
2.890445,9.644069E-04,-5.461113E-05,-6.66667E-04
2.891446,7.965602E-04,-5.461113E-05,-6.66667E-04
2.892446,6.494559E-04,-5.461113E-05,6.66667E-04
2.893447,5.123653E-04,-5.461113E-05,-6.66667E-04
2.894447,4.189033E-04,-5.461113E-05,6.66667E-04
2.895448,3.445167E-04,-5.461113E-05,.001
2.896448,3.039856E-04,-5.461113E-05,-2.33333E-03
2.897449,2.508182E-04,-5.461113E-05,.001
2.898449,2.202997E-04,-5.461113E-05,.001
2.89945,2.000341E-04,-5.055056E-05,.001
2.90045,1.573572E-04,-5.461113E-05,-3.66667E-03
2.901451,1.454363E-04,-5.461113E-05,.001
2.902451,1.394758E-04,-5.461113E-05,-.002
2.903452,1.289854E-04,-4.425668E-05,-.001
2.904452,8.654641E-05,-2.225873E-05,-6.66667E-04
2.905453,6.46119E-05,-1.680118E-05,-.001
2.906453,8.13012E-05,-2.292742E-05,-.001
2.907454,7.987069E-05,-3.750087E-05,.002
2.908454,8.606957E-05,-1.967151E-05,.001
2.909455,7.844018E-05,-6.305083E-06,-.001
2.910455,8.416222E-05,-7.942377E-06,-6.66667E-04
2.911456,1.075272E-04,6.597518E-06,-2.33333E-03
2.912456,8.416222E-05,1.743448E-05,-.001
2.913457,6.413506E-05,1.180923E-05,-6.66667E-04
2.914457,4.553818E-05,9.702577E-06,-6.66667E-04
2.915458,3.981614E-05,-1.673785E-05,6.66667E-04
2.916458,3.528618E-05,-3.968575E-05,-3.66667E-03
2.917459,3.314042E-05,-4.634843E-05,-6.66667E-04
2.918459,4.625344E-05,-5.461113E-05,-.002
2.91946,8.13012E-05,-4.356005E-05,-.001
2.92046,1.051431E-04,-4.84495E-05,-.001
2.921461,1.084809E-04,-5.461113E-05,.002
2.922461,1.306543E-04,-5.461113E-05,-6.66667E-04
2.923462,1.599798E-04,-5.461113E-05,-.002
2.924462,2.036104E-04,-3.565871E-05,-.002
2.925463,2.527256E-04,-3.450015E-05,.001
2.926463,2.92303E-04,-3.739842E-05,-.001
2.927464,3.528614E-04,-3.833347E-05,6.66667E-04
2.928464,4.079361E-04,-4.543574E-05,.001
2.929465,4.8423E-04,-4.454539E-05,6.66667E-04
2.930465,5.924739E-04,-5.461113E-05,-6.66667E-04
2.931466,7.319488E-04,-5.461113E-05,-.001
2.932466,8.6594E-04,-5.461113E-05,-.002
2.933467,9.899214E-04,-5.461113E-05,-6.66667E-04
2.934467,1.17255E-03,-5.461113E-05,-.001
2.935468,1.335151E-03,-5.461113E-05,-.001
2.936468,1.494177E-03,-5.461113E-05,.001
2.937469,.0016234,-5.461113E-05,.001
2.938469,1.678951E-03,-5.461113E-05,2.33333E-03
2.93947,.0016656,-5.461113E-05,-.001
2.94047,1.569279E-03,-5.461113E-05,.001
2.941471,1.462944E-03,-5.461113E-05,-6.66667E-04
2.942471,1.314171E-03,-5.461113E-05,-6.66667E-04
2.943472,1.164682E-03,-5.461113E-05,-.001
2.944472,1.008756E-03,-5.461113E-05,-.001
2.945473,8.726157E-04,-5.461113E-05,-.001
2.946473,7.238425E-04,-5.461113E-05,-.001
2.947474,6.06779E-04,-5.461113E-05,-.002
2.948474,5.097426E-04,-5.461113E-05,-.002
2.949475,4.251022E-04,-5.461113E-05,6.66667E-04
2.950475,3.244895E-04,-5.461113E-05,-6.66667E-04
2.951476,2.68938E-04,-5.461113E-05,.001
2.952476,2.315054E-04,-5.461113E-05,-.001
2.953477,1.814375E-04,-5.461113E-05,-6.66667E-04
2.954477,1.471052E-04,-5.461113E-05,.001
2.955478,1.323232E-04,-5.461113E-05,-.001
2.956478,1.201634E-04,-5.113357E-05,-.002
2.957479,1.080041E-04,-3.807829E-05,-6.66667E-04
2.958479,7.462548E-05,-5.461113E-05,-.002
2.95948,7.009553E-05,-2.952863E-05,-.001
2.96048,6.437348E-05,1.492171E-05,-.002
2.961481,6.794976E-05,2.321799E-05,-.002
2.962481,6.508874E-05,2.270579E-06,-.001
2.963482,5.412125E-05,1.035638E-06,-.001
2.964482,4.482293E-05,6.001472E-06,.001
2.965483,4.649186E-05,2.350673E-06,-6.66667E-04
2.966483,4.076981E-05,3.073383E-07,6.66667E-04
2.967484,3.695511E-05,9.797572E-06,.001
2.968484,2.813351E-05,-7.918163E-06,.001
2.969485,3.576302E-05,3.488749E-06,.001
2.970485,4.792237E-05,-5.777954E-06,-6.66667E-04
2.971486,7.391023E-05,-1.889106E-05,.001
2.972486,1.101498E-04,-3.173598E-05,-.002
2.973487,1.139645E-04,-4.028738E-05,-6.66667E-04
2.974487,9.465264E-05,-2.873887E-05,-.001
2.975488,9.369897E-05,-2.776098E-05,.001
2.976488,6.747292E-05,-2.929021E-05,2.33333E-03
2.977489,6.103562E-05,-5.278015E-05,.001
2.978489,7.462548E-05,-5.461113E-05,.001
2.97949,7.653283E-05,-5.461113E-05,-6.66667E-04
2.98049,6.294297E-05,-3.295974E-05,.001
2.981491,8.010911E-05,-2.394628E-05,.001
2.982491,7.86786E-05,-1.193589E-05,6.66667E-04
2.983492,7.081078E-05,-1.917232E-05,6.66667E-04
2.984492,7.796334E-05,-1.745124E-05,-.002
2.985493,8.821534E-05,-1.143297E-05,-.001
2.986493,8.177804E-05,-1.339806E-05,-.002
2.987494,6.771134E-05,1.415619E-07,-2.33333E-03
2.988494,6.365823E-05,-2.274301E-05,-.001
2.989495,6.914185E-05,-2.55612E-05,6.66667E-04
2.990495,8.678483E-05,-2.164405E-05,-6.66667E-04
2.991496,9.512948E-05,-3.081397E-05,.001
2.992496,1.31608E-04,-2.070901E-05,-6.66667E-04
2.993497,1.277933E-04,-4.922808E-05,-6.66667E-04
2.994497,1.313696E-04,-5.23387E-05,-.002
2.995498,1.347074E-04,-4.615472E-05,.001
2.996498,1.59503E-04,-3.967644E-05,-.001
2.997499,1.802454E-04,-4.537613E-05,.002
2.998499,2.226839E-04,-5.461113E-05,6.66667E-04
2.9995,2.787132E-04,-5.199597E-05,-6.66667E-04
3.0005,3.011245E-04,-5.461113E-05,-.001
3.001501,3.216285E-04,-5.461113E-05,-2.33333E-03
3.002501,3.523845E-04,-3.924803E-05,-6.66667E-04
3.003502,3.621597E-04,-5.152286E-05,-2.33333E-03
3.004502,3.335495E-04,-3.04376E-05,.001
3.005503,2.818126E-04,-4.806952E-05,-.002
3.006503,2.751369E-04,-5.461113E-05,-6.66667E-04
3.007504,2.656002E-04,-4.273118E-05,6.66667E-04
3.008504,2.310285E-04,-4.748837E-05,-6.66667E-04
3.009505,1.792917E-04,-2.555561E-05,6.66667E-04
3.010505,1.49251E-04,-8.415489E-06,6.66667E-04
3.011506,1.266012E-04,-1.396431E-05,-.002
3.012506,8.750008E-05,-1.60021E-05,-6.66667E-04
3.013507,7.987069E-05,-9.819923E-06,.001
3.014507,8.606957E-05,-8.108153E-06,.001
3.015508,7.176446E-05,-1.089839E-05,-6.66667E-04
3.016508,3.671669E-05,-1.714018E-05,-6.66667E-04
3.017509,2.479565E-05,-3.600703E-05,-6.66667E-04
3.018509,1.811993E-05,-3.85365E-05,-.001
3.01951,1.430519E-06,-3.252015E-05,-.001
3.02051,3.457093E-05,-3.189058E-05,6.66667E-04
3.021511,3.623986E-05,-6.079703E-06,6.66667E-04
3.022511,1.025206E-05,-1.116848E-05,-.001
3.023512,5.960494E-06,-3.186637E-05,6.66667E-04
3.024512,1.430519E-06,-1.898047E-05,-.001
3.025513,-1.072889E-05,-1.910527E-05,.001
3.026513,-4.053145E-06,-3.125542E-05,-6.66667E-04
3.027514,-3.814726E-06,-5.422556E-05,.001
3.028514,2.098095E-05,-5.324581E-05,-2.33333E-03
3.029515,4.3154E-05,-2.84781E-05,-.002
3.030515,3.743195E-05,-2.944854E-05,-3.66667E-03
3.031516,2.28883E-05,-3.066682E-05,-.002
3.032516,1.33515E-05,-3.046368E-05,.002
3.033517,8.344708E-06,-2.90164E-05,-.001
3.034517,-8.344708E-06,-3.088475E-05,-6.66667E-04
3.035518,2.002728E-05,-1.947593E-05,-.001
3.036518,3.004086E-05,-9.037612E-06,-6.66667E-04
3.037519,6.46119E-05,-1.387118E-05,.001
3.038519,7.033395E-05,-3.435859E-05,-6.66667E-04
3.03952,6.341981E-05,-5.461113E-05,.001
3.04052,1.132493E-04,-2.873701E-05,-6.66667E-04
3.041521,1.461515E-04,4.302728E-07,.001
3.042521,1.621256E-04,1.208304E-05,-6.66667E-04
3.043522,1.721391E-04,8.009432E-06,-.001
3.044522,1.544962E-04,-1.568354E-06,6.66667E-04
3.045523,1.814375E-04,-5.26479E-05,-6.66667E-04
3.046523,2.188692E-04,-4.97906E-05,-6.66667E-04
3.047524,2.620239E-04,-5.461113E-05,-6.66667E-04
3.048524,3.483314E-04,-5.461113E-05,-.001
3.049525,4.103202E-04,-4.718662E-05,-.002
3.050525,4.35831E-04,-4.499615E-05,-6.66667E-04
3.051526,4.482288E-04,-5.461113E-05,6.66667E-04
3.052526,4.515667E-04,-5.461113E-05,-6.66667E-04
3.053527,4.87091E-04,-5.461113E-05,-.001
3.054527,4.794616E-04,-5.461113E-05,-6.66667E-04
3.055528,4.160423E-04,-5.461113E-05,-.002
3.056528,3.855247E-04,-5.461113E-05,-.001
3.057529,3.33311E-04,-5.461113E-05,.001
3.058529,2.729911E-04,-5.461113E-05,-.001
3.05953,2.245912E-04,-4.204386E-05,-.001
3.06053,2.131471E-04,-3.043574E-05,6.66667E-04
3.061531,1.854906E-04,-1.715322E-05,.001
3.062531,1.723776E-04,-3.124797E-05,-.002
3.063532,1.349458E-04,-2.095674E-05,-6.66667E-04
3.064532,7.557916E-05,-1.061341E-05,-.002
3.065533,2.503407E-05,-2.474163E-05,-.001
3.066533,2.765667E-05,-3.260397E-05,-.001
3.067534,5.006813E-05,-2.701778E-05,-6.66667E-04
3.068534,3.051781E-05,-4.074187E-05,6.66667E-04
3.069535,1.430517E-05,-1.682166E-05,6.66667E-04
3.070535,3.814726E-06,-2.549787E-05,-.002
3.071536,-1.311308E-05,-4.369416E-05,-6.66667E-04
3.072536,-3.218674E-05,-3.669434E-05,6.66667E-04
3.073537,3.814726E-06,-2.777588E-05,6.66667E-04
3.074537,2.145779E-05,-1.937908E-05,6.66667E-04
3.075538,3.027928E-05,-3.515021E-05,-6.66667E-04
3.076538,2.93256E-05,-1.386373E-05,-.001
3.077539,4.029297E-05,1.945917E-05,-.002
3.078539,2.431881E-05,-4.546746E-06,-.001
3.07954,1.311308E-05,-2.853211E-05,-6.66667E-04
3.08054,3.147149E-05,-1.673971E-05,-.002
3.081541,5.149865E-05,-2.502848E-05,.001
3.082541,8.153962E-05,-2.94504E-05,6.66667E-04
3.083542,6.628083E-05,-3.39488E-05,6.66667E-04
3.084542,5.86512E-05,-3.733509E-05,.001
3.085543,3.55246E-05,-2.554443E-05,-6.66667E-04
3.086543,1.382834E-05,-1.611195E-06,-.001
3.087544,-1.621258E-05,-9.86649E-06,-.001
3.088544,-1.6451E-05,-2.804969E-05,-6.66667E-04
3.089545,-3.123307E-05,-2.777961E-05,-.001
3.090545,1.287466E-05,-2.334651E-05,.001
3.091546,5.531334E-05,-4.876434E-06,-.001
3.092546,5.340599E-05,4.837319E-06,.001
3.093547,4.076981E-05,1.06339E-05,.001
3.094547,2.02657E-05,-1.474476E-05,6.66667E-04
3.095548,3.194832E-05,-3.952184E-05,.001
3.096548,3.528618E-05,-2.065499E-05,-6.66667E-04
3.097549,4.220032E-05,-8.789881E-06,.002
3.098549,3.099465E-05,-1.255242E-05,-.001
3.09955,3.314042E-05,-4.440575E-06,2.33333E-03
3.10055,3.147149E-05,-1.954671E-05,-.002
3.101551,6.127404E-05,-1.860608E-05,-.002
3.102551,5.793595E-05,-1.186883E-05,6.66667E-04
3.103552,3.743195E-05,1.11573E-05,-.002
3.104552,4.076981E-05,6.852701E-06,-3.66667E-03
3.105553,2.55109E-05,-6.031274E-06,6.66667E-04
3.106553,1.597416E-05,-3.58785E-05,-.001
3.107554,3.528618E-05,-2.452743E-05,-.002
3.108554,2.312672E-05,-3.614486E-05,-.001
3.109555,1.692784E-05,-2.397236E-05,.001
3.110555,2.336514E-05,-4.416361E-06,-.002
3.111556,4.363083E-05,4.353031E-06,-.001
3.112556,1.740467E-05,-3.200039E-06,-6.66667E-04
3.113557,-5.960494E-06,-9.588955E-06,6.66667E-04
3.114557,1.525891E-05,-3.145472E-05,6.66667E-04
3.115558,2.6703E-05,-4.726858E-05,-.002
3.116558,6.270455E-05,-4.623667E-05,6.66667E-04
3.117559,6.604241E-05,-3.054575E-05,.001
3.118559,3.433251E-05,-3.040594E-05,-.001
3.11956,2.479565E-05,-2.602313E-05,-.002
3.12056,5.006819E-06,-5.461113E-05,-.001
3.121561,1.382834E-05,-5.461113E-05,-6.66667E-04
3.122561,3.051781E-05,-4.501664E-05,-6.66667E-04
3.123562,1.716625E-05,-3.505521E-05,-2.33333E-03
3.124562,2.93256E-05,-2.409529E-05,-.002
3.125563,1.072889E-05,-1.716625E-05,-.002
3.126563,-4.529982E-06,-8.288829E-06,.001
3.127564,-3.194832E-05,-8.685573E-06,-.002
3.128564,-5.006819E-06,-8.722825E-06,6.66667E-04
3.129565,7.152594E-07,-1.571525E-05,-6.66667E-04
3.130565,2.980244E-05,-1.070841E-05,-.001
3.131566,5.364441E-05,1.12523E-05,.001
3.132566,6.604241E-05,2.356444E-05,-.001
3.133567,7.844018E-05,2.453674E-05,-.001
3.134567,4.863762E-05,-7.476687E-06,.002
3.135568,5.364441E-05,-5.53581E-06,-.001
3.136568,6.175088E-05,-1.454545E-05,-3.66667E-03
3.137569,7.820176E-05,-1.6112E-05,-.001
3.138569,1.173024E-04,-3.640563E-05,-6.66667E-04
3.13957,1.878748E-04,-4.986138E-05,-.001
3.14057,2.701301E-04,-5.461113E-05,.002
3.141571,3.223438E-04,-4.870095E-05,-6.66667E-04
3.142571,3.597755E-04,-5.270937E-05,.002
3.143572,3.814716E-04,-5.461113E-05,-6.66667E-04
3.144572,3.442783E-04,-5.461113E-05,-.001
3.145573,2.951641E-04,-5.461113E-05,-.002
3.146573,2.720375E-04,-5.461113E-05,6.66667E-04
3.147574,2.229223E-04,-5.461113E-05,-6.66667E-04
3.148574,1.626024E-04,-5.461113E-05,.001
3.149575,1.187329E-04,-4.541525E-05,-.002
3.150575,8.559274E-05,-2.530601E-05,-.001
3.151576,5.698227E-05,-2.25791E-05,-.002
3.152576,4.816079E-05,4.651054E-06,.001
3.153577,5.388283E-05,2.786715E-05,.001
3.154577,2.813351E-05,1.538743E-05,-.002
3.155578,2.93256E-05,-5.990296E-06,-6.66667E-04
3.156578,2.837193E-05,-2.28287E-05,-6.66667E-04
3.157579,2.479565E-05,-2.981175E-05,-.001
3.158579,2.098095E-05,-1.943123E-05,.001
3.15958,2.55109E-05,-1.501112E-05,.002
3.16058,1.502043E-05,-2.43542E-05,-.002
3.161581,1.978886E-05,-4.79634E-06,.001
3.162581,1.144415E-05,-9.985699E-06,-6.66667E-04
3.163582,1.430517E-05,-9.421317E-06,-2.33333E-03
3.164582,-9.536801E-06,-1.098594E-05,.002
3.165583,-2.6703E-05,-2.175581E-05,6.66667E-04
3.166583,1.120573E-05,-3.763684E-05,-6.66667E-04
3.167584,3.814721E-05,-2.937962E-05,-6.66667E-04
3.168584,4.148507E-05,-2.377678E-05,-6.66667E-04
3.169585,3.719353E-05,-1.25189E-05,-.001
3.170585,1.859677E-05,-1.955603E-05,-6.66667E-04
3.171586,2.813351E-05,-2.5835E-05,-2.33333E-03
3.172586,2.789509E-05,-1.716625E-05,-6.66667E-04
3.173587,5.960494E-06,-2.371718E-05,-.001
3.174587,-2.3842E-06,-3.117346E-05,-.001
3.175588,-2.3842E-06,-9.311421E-06,-.001
3.176588,2.980244E-05,6.612419E-06,-.001
3.177589,3.647828E-05,7.277384E-06,-6.66667E-04
3.178589,3.314042E-05,8.417352E-06,-.001
3.17959,4.243874E-05,-2.607721E-07,-6.66667E-04
3.18059,6.699609E-05,-3.131121E-06,-.001
3.181591,6.151246E-05,7.139548E-06,.001
3.182591,5.722069E-05,-1.111074E-05,.002
3.183592,4.148507E-05,-2.286595E-05,-.001
3.184592,1.597416E-05,-2.959941E-05,.001
3.185593,2.813351E-05,-2.001238E-05,-.002
3.186593,2.479565E-05,-1.982052E-05,2.33333E-03
3.187594,1.072889E-05,-1.11126E-05,-2.33333E-03
3.188594,2.145782E-06,-6.610557E-06,-6.66667E-04
3.189595,-1.1921E-06,-4.213332E-06,-6.66667E-04
3.190595,-1.120573E-05,-1.486397E-05,2.33333E-03
3.191596,-9.536816E-07,-1.887803E-05,6.66667E-04
3.192596,-1.192099E-05,-1.01254E-05,6.66667E-04
3.193597,-2.050411E-05,-2.292742E-05,-6.66667E-04
3.194597,1.478201E-05,-3.826455E-05,-.002
3.195598,3.838562E-05,-3.955164E-05,.001
3.196598,2.431881E-05,-2.550718E-05,6.66667E-04
3.197599,-4.529982E-06,4.671543E-06,-2.33333E-03
3.198599,-1.001364E-05,1.704518E-05,-.001
3.1996,-4.768408E-07,-1.061714E-05,-6.66667E-04
3.2006,1.716625E-05,-5.377486E-06,6.66667E-04
3.201601,8.10629E-06,4.729285E-06,.001
3.202601,-2.717983E-05,6.981223E-06,6.66667E-04
3.203602,-8.821546E-06,-7.350027E-06,-6.66667E-04
3.204602,1.525891E-05,-1.452683E-05,-.001
3.205603,3.075623E-05,-2.685573E-05,-6.66667E-04
3.206603,3.242516E-05,-4.472793E-05,6.66667E-04
3.207604,2.360356E-05,-2.839242E-05,6.66667E-04
3.208604,3.790879E-05,-3.928342E-05,.002
3.209605,2.694142E-05,-2.805155E-05,-.001
3.210605,2.408039E-05,-2.099585E-05,-6.66667E-04
3.211606,1.764309E-05,-2.541405E-05,-.001
3.212606,2.980244E-05,-2.94355E-05,.001
3.213607,2.93256E-05,-1.223764E-05,-.001
3.214607,3.457093E-05,-4.937901E-06,-6.66667E-04
3.215608,2.264988E-05,5.848742E-07,2.33333E-03
3.216608,4.291564E-06,1.303859E-06,-2.33333E-03
3.217609,-4.768401E-06,2.022658E-05,-6.66667E-04
3.218609,-8.344708E-06,3.577606E-05,-.002
3.21961,-8.344708E-06,1.678814E-05,.001
3.22061,-7.391005E-06,1.917977E-05,-.002
3.221611,0,-1.693156E-05,-6.66667E-04
3.222611,1.6451E-05,1.727429E-05,-6.66667E-04
3.223612,5.960494E-06,4.270137E-05,-6.66667E-04
3.224612,-5.960494E-06,1.501298E-05,.001
3.225613,-2.145779E-05,7.920025E-06,-.001
3.226614,-1.072889E-05,2.360542E-05,-.002
3.227614,-7.152594E-07,2.071832E-05,-3.66667E-03
3.228614,1.311308E-05,1.559046E-05,-3.66667E-03
3.229615,-1.668937E-06,1.104741E-05,-.001
3.230615,-1.740467E-05,-2.395746E-05,-6.66667E-04
3.231616,-5.722075E-06,-1.996767E-05,6.66667E-04
3.232616,1.597416E-05,-1.101947E-05,-6.66667E-04
3.233617,1.597416E-05,-2.097353E-06,6.66667E-04
3.234617,-7.152594E-07,-9.490235E-06,-.001
3.235618,5.483656E-06,-1.280202E-05,-.001
3.236619,4.768401E-06,-1.361227E-05,-.002
3.237619,2.145782E-06,-9.834825E-06,-6.66667E-04
3.238619,1.931202E-05,-3.874698E-05,2.33333E-03
3.23962,3.051781E-05,-3.053085E-05,.001
3.24062,3.194832E-05,1.903631E-06,6.66667E-04
3.241621,3.647828E-05,7.886498E-06,-.001
3.242621,1.239782E-05,-8.236675E-06,-6.66667E-04
3.243622,-1.430517E-05,-1.922634E-05,-6.66667E-04
3.244622,-2.861038E-06,-1.062459E-05,.001
3.245623,9.536816E-07,-4.79634E-06,.001
3.246624,-1.549732E-05,1.439085E-05,-6.66667E-04
3.247624,-3.576302E-05,-3.699228E-06,-6.66667E-04
3.248624,-3.838562E-05,-1.274057E-06,-2.33333E-03
3.249625,-5.650544E-05,-7.510214E-06,-6.66667E-04
3.250625,-2.312672E-05,-4.999922E-05,-6.66667E-04
3.251626,8.344708E-06,-4.672655E-05,-6.66667E-04
3.252626,5.960494E-06,-3.928348E-06,-6.66667E-04
3.253627,2.28883E-05,3.345707E-05,-6.66667E-04
3.254627,4.720711E-05,3.351853E-05,3.66667E-03
3.255628,4.005455E-05,1.927291E-05,-2.33333E-03
3.256629,3.528618E-05,-1.009001E-05,-.002
3.257629,2.431881E-05,-4.009181E-05,-6.66667E-04
3.258629,4.267716E-05,-2.561149E-05,-2.33333E-03
3.25963,3.337883E-05,-3.40438E-05,-6.66667E-04
3.26063,4.386925E-05,-3.436595E-06,-.001
3.261631,3.194832E-05,2.028991E-05,-.001
3.262631,9.536816E-07,2.426293E-05,6.66667E-04
3.263632,2.098095E-05,2.083567E-05,-.001
3.264632,1.072889E-05,1.292683E-06,6.66667E-04
3.265633,1.716625E-05,-8.607341E-06,-.001
3.266634,2.598774E-05,2.248597E-05,-.001
3.267634,2.646458E-05,5.460926E-05,-.002
3.268634,-2.241146E-05,5.225115E-05,-6.66667E-04
3.269635,-6.198912E-06,4.413375E-05,-6.66667E-04
3.270635,-2.360356E-05,2.548855E-05,-2.33333E-03
3.271636,-2.980244E-05,2.110392E-06,-.001
3.272636,1.049048E-05,2.833098E-06,6.66667E-04
3.273637,2.861038E-06,1.273869E-05,6.66667E-04
3.274637,-2.336514E-05,2.706438E-06,.002
3.275638,-1.740467E-05,-3.537178E-06,.001
3.276639,-3.337883E-05,-1.373893E-05,-.002
3.277639,-3.767037E-05,-2.603245E-05,-.001
3.278639,-3.576302E-05,-1.404254E-05,-.002
3.27964,-2.884876E-05,-2.904434E-05,-6.66667E-04
3.28064,-1.835835E-05,-5.843147E-06,6.66667E-04
3.281641,1.311308E-05,1.074566E-05,-6.66667E-04
3.282641,1.740467E-05,9.408279E-06,-6.66667E-04
3.283642,-1.740467E-05,4.668371E-05,.001
3.284642,-3.457093E-05,1.640071E-05,6.66667E-04
3.285643,-2.503407E-05,1.823355E-05,-6.66667E-04
3.286644,-1.883518E-05,-1.098035E-05,6.66667E-04
3.287644,-9.536801E-06,-1.113123E-05,6.66667E-04
3.288644,-1.192099E-05,-1.4972E-05,-.001
3.289645,-4.053145E-06,-3.621378E-05,-6.66667E-04
3.290645,4.529982E-06,-3.615045E-05,-6.66667E-04
3.291646,1.478201E-05,1.484535E-06,2.33333E-03
3.292646,1.549732E-05,4.109024E-06,.001
3.293647,1.025206E-05,8.503033E-06,.001
3.294647,9.536816E-07,-9.262993E-06,-.002
3.295648,-4.291564E-06,-4.13509E-07,-.001
3.296649,-1.239782E-05,4.939764E-06,-2.33333E-03
3.297649,-1.144415E-05,-2.570834E-05,-6.66667E-04
3.298649,8.10629E-06,-4.057051E-05,-2.33333E-03
3.29965,1.358992E-05,-1.039176E-05,-.001
3.30065,2.193463E-05,3.676512E-05,-6.66667E-04
3.301651,3.075623E-05,2.969813E-05,6.66667E-04
3.302651,5.841278E-05,-7.767267E-07,-.001
3.303652,2.837193E-05,2.22699E-05,6.66667E-04
3.304652,3.576293E-06,3.02234E-05,6.66667E-04
3.305653,2.074253E-05,2.498191E-05,.001
3.306653,5.483656E-06,3.285171E-05,.001
3.307654,-3.099456E-06,4.960253E-06,6.66667E-04
3.308654,-4.053145E-06,-6.118818E-06,6.66667E-04
3.309655,-3.814726E-06,-1.9014E-05,-3.66667E-03
3.310655,2.02657E-05,-4.44653E-05,-2.33333E-03
3.311656,1.573574E-05,-4.635588E-05,-.002
3.312656,3.361725E-05,-2.069969E-05,-2.33333E-03
3.313657,3.790879E-05,-1.294917E-05,.001
3.314657,1.430517E-05,-2.911512E-05,-6.66667E-04
3.315658,5.006819E-06,-9.363575E-06,6.66667E-04
3.316658,9.536801E-06,1.972553E-05,6.66667E-04
3.317659,3.099465E-05,1.206814E-05,6.66667E-04
3.318659,3.743195E-05,1.134729E-05,-6.66667E-04
3.31966,-4.529982E-06,-2.325897E-05,6.66667E-04
3.32066,-2.241146E-05,-2.465036E-05,6.66667E-04
3.321661,7.152586E-06,-1.009187E-05,-.001
3.322661,1.192099E-05,1.03098E-05,.001
3.323662,6.437331E-06,2.287154E-05,-6.66667E-04
3.324662,-2.694142E-05,4.097848E-06,.001
3.325663,-3.361725E-05,8.011295E-06,-.001
3.326663,-2.264988E-05,2.058237E-06,-.001
3.327664,-9.77522E-06,-8.788018E-06,.001
3.328664,1.931202E-05,-4.323228E-06,-.001
3.329665,2.431881E-05,4.205882E-06,6.66667E-04
3.330665,2.312672E-05,2.343222E-06,.002
3.331666,0,6.763294E-06,-.001
3.332666,-3.695511E-05,3.803358E-05,6.66667E-04
3.333667,-5.269074E-05,5.01594E-05,6.66667E-04
3.334667,-3.981614E-05,9.033887E-06,6.66667E-04
3.335668,-2.145779E-05,2.732885E-05,-6.66667E-04
3.336668,-2.479565E-05,4.798383E-05,-6.66667E-04
3.337669,-3.337883E-05,3.276602E-05,-.001
3.338669,-4.649186E-05,1.059106E-05,2.33333E-03
3.33967,-4.720711E-05,-3.352776E-06,-.001
3.34067,-3.886246E-05,-4.999369E-06,.001
3.341671,-3.719353E-05,9.026437E-06,-3.66667E-03
3.342671,-3.314042E-05,1.670804E-05,-.002
3.343672,-4.482293E-05,2.692093E-05,.002
3.344672,-1.192099E-05,9.741707E-07,.001
3.345673,5.006819E-06,-1.46926E-05,-2.33333E-03
3.346673,1.096731E-05,-3.564754E-05,.001
3.347674,-8.821546E-06,-3.188686E-05,6.66667E-04
3.348674,-5.960494E-06,-2.494466E-05,-.001
3.349675,1.430519E-06,-1.609896E-05,-6.66667E-04
3.350675,7.152586E-06,1.610268E-05,-.001
3.351676,6.675749E-06,3.149197E-05,-.001
3.352676,1.049048E-05,3.430271E-05,.001
3.353677,-4.529982E-06,5.947455E-06,-6.66667E-04
3.354677,6.198912E-06,-5.822658E-06,-.002
3.355678,-4.768408E-07,-5.785405E-06,-.001
3.356678,3.099456E-06,-2.614979E-05,-.001
3.357679,-2.622619E-06,-3.275485E-05,-.002
3.358679,-1.573574E-05,-2.8832E-05,-3.66667E-03
3.35968,-1.859677E-05,-2.868113E-05,-6.66667E-04
3.36068,-7.152586E-06,3.550216E-06,.001
3.361681,-1.573574E-05,1.133612E-05,-.002
3.362681,4.053145E-06,-7.668568E-06,-.001
3.363682,8.10629E-06,1.684402E-05,6.66667E-04
3.364682,1.6451E-05,2.99887E-05,6.66667E-04
3.365683,2.479565E-05,3.125914E-05,6.66667E-04
3.366683,4.291564E-06,2.395932E-05,6.66667E-04
3.367684,-4.768408E-07,1.929712E-05,-6.66667E-04
3.368684,1.049048E-05,-1.901768E-06,-.001
3.369685,2.813351E-05,-2.109271E-05,-.001
3.370685,3.051781E-05,-3.861473E-05,.001
3.371686,1.811993E-05,4.861533E-06,-2.33333E-03
3.372686,-3.337875E-06,1.267163E-05,-.002
3.373687,1.406675E-05,2.425362E-05,2.33333E-03
3.374687,2.717983E-05,3.364147E-05,-6.66667E-04
3.375688,1.764309E-05,2.612558E-05,-.002
3.376688,2.55109E-05,3.520981E-05,-.002
3.377689,1.382834E-05,4.551024E-05,-6.66667E-04
3.378689,6.437331E-06,5.446211E-05,-6.66667E-04
3.37969,2.765667E-05,2.668065E-05,-.002
3.38069,3.2902E-05,2.202403E-05,-3.66667E-03
3.381691,4.529982E-06,7.208473E-07,6.66667E-04
3.382691,-1.120573E-05,-9.974523E-06,.002
3.383692,-1.287466E-05,-2.485153E-05,6.66667E-04
3.384692,-2.360356E-05,-3.693276E-05,-6.66667E-04
3.385693,-2.336514E-05,1.090771E-05,.001
3.386693,-6.198912E-06,1.540415E-06,6.66667E-04
3.387694,-1.454359E-05,-5.882262E-06,-.001
3.388694,7.867871E-06,9.927971E-07,-6.66667E-04
3.389695,-1.621258E-05,1.060782E-05,6.66667E-04
3.390696,-2.741825E-05,2.296281E-05,-.001
3.391696,-1.716625E-05,1.816091E-05,.002
3.392696,-1.287466E-05,1.55383E-05,-6.66667E-04
3.393697,-5.483656E-06,1.942753E-06,-6.66667E-04
3.394697,2.193463E-05,5.051523E-06,-6.66667E-04
3.395698,3.862404E-05,9.501411E-06,-3.66667E-03
3.396698,3.671669E-05,1.711783E-05,.001
3.397699,2.908718E-05,2.093625E-05,-6.66667E-04
3.398699,2.145782E-06,1.780696E-06,.001
3.3997,1.1921E-06,-1.055381E-05,.001
3.400701,-3.576293E-06,-3.660112E-06,-.002
3.401701,-3.099456E-06,1.531102E-06,-6.66667E-04
3.402701,2.121937E-05,9.302108E-06,.001
3.403702,2.02657E-05,1.103809E-05,6.66667E-04
3.404702,7.152586E-06,-1.577668E-06,-6.66667E-04
3.405703,-1.33515E-05,1.356011E-05,.002
3.406703,-2.55109E-05,1.631875E-05,-2.33333E-03
3.407704,-2.455723E-05,-6.780065E-07,6.66667E-04
3.408704,-1.239782E-05,-1.767476E-05,6.66667E-04
3.409705,-1.478201E-05,-1.947593E-05,.001
3.410706,-5.006819E-06,-1.645286E-05,-.002
3.411706,5.006819E-06,-6.778195E-06,6.66667E-04
3.412706,8.10629E-06,-2.322916E-05,.001
3.413707,2.717983E-05,-3.804476E-05,-6.66667E-04
3.414707,1.859677E-05,-5.1182E-05,6.66667E-04
3.415708,1.33515E-05,-3.23432E-05,-.002
3.416708,1.716625E-05,-8.910953E-06,.002
3.417709,-7.629453E-06,-1.282064E-05,-.002
3.418709,-2.002728E-05,-2.286222E-05,-.001
3.41971,-1.883518E-05,-1.181109E-05,-2.33333E-03
3.420711,-2.93256E-05,-2.166827E-05,.001
3.421711,-4.768401E-06,-9.03575E-06,6.66667E-04
3.422711,-4.529982E-06,-2.378612E-06,-.001
3.423712,-3.55246E-05,1.623493E-05,-6.66667E-04
3.424712,-2.765667E-05,-6.482041E-07,.001
3.425713,-3.337875E-06,-1.866755E-05,.001
3.426713,9.77522E-06,-3.867806E-05,-.002
3.427714,3.099456E-06,-1.440948E-05,-6.66667E-04
3.428714,1.406675E-05,1.835648E-05,6.66667E-04
3.429715,1.90736E-05,1.584564E-05,6.66667E-04
3.430716,1.978886E-05,8.121191E-06,-.002
3.431716,1.096731E-05,1.115917E-05,.001
3.432716,1.478201E-05,8.728413E-06,-.001
3.433717,3.862404E-05,3.539044E-07,-6.66667E-04
3.434717,2.312672E-05,1.028931E-05,-.002
3.435718,-1.072889E-05,2.482731E-05,-6.66667E-04
3.436718,-1.955044E-05,2.544385E-05,6.66667E-04
3.437719,-3.242516E-05,1.048116E-05,-6.66667E-04
3.438719,-3.123307E-05,6.279006E-06,.001
3.43972,-1.859677E-05,1.399597E-05,2.33333E-03
3.440721,-1.573574E-05,2.527994E-05,-6.66667E-04
3.441721,-2.6703E-05,3.216625E-05,-.001
3.442721,-3.457093E-05,3.33807E-05,.001
3.443722,-8.821546E-06,3.641486E-06,-6.66667E-04
3.444722,1.502043E-05,-1.501112E-05,-6.66667E-04
3.445723,1.597416E-05,-2.337631E-05,-2.33333E-03
3.446723,1.430517E-05,-1.635787E-05,-6.66667E-04
3.447724,2.098095E-05,-2.203524E-06,-.002
3.448724,-4.053145E-06,1.514338E-06,2.33333E-03
3.449725,-5.245238E-06,1.276663E-05,-.001
3.450726,-5.245238E-06,5.081325E-06,-.001
3.451726,1.382834E-05,7.599629E-07,-.001
3.452726,3.361725E-05,1.395127E-05,-6.66667E-04
3.453727,1.6451E-05,1.666334E-05,-6.66667E-04
3.454727,-1.668937E-06,-1.943123E-05,-.001
3.455728,1.931202E-05,-2.450135E-05,6.66667E-04
3.456728,4.768408E-07,-2.431881E-05,-.001
3.457729,9.536816E-07,-9.812473E-06,.001
3.458729,6.198912E-06,-9.313271E-08,-6.66667E-04
3.45973,1.001364E-05,1.943868E-05,-2.33333E-03
3.460731,3.385567E-05,3.144355E-05,2.33333E-03
3.461731,4.19619E-05,3.173039E-05,6.66667E-04
3.462731,1.168257E-05,5.636393E-06,-2.33333E-03
3.463732,7.867871E-06,-7.435709E-06,-3.66667E-03
3.464732,1.859677E-05,9.026437E-06,6.66667E-04
3.465733,7.152586E-06,1.453428E-05,6.66667E-04
3.466733,1.430517E-05,-8.866249E-06,-6.66667E-04
3.467734,1.215941E-05,-2.195325E-05,-2.33333E-03
3.468734,2.098095E-05,-1.906988E-05,-2.33333E-03
3.469735,2.980244E-05,-1.159502E-05,-6.66667E-04
3.470736,4.124665E-05,-3.909721E-06,-6.66667E-04
3.471736,2.598774E-05,7.487863E-06,.002
3.472736,1.215941E-05,-1.690735E-05,-6.66667E-04
3.473737,2.264988E-05,-1.03247E-05,-.001
3.474737,2.264988E-05,1.490127E-08,-6.66667E-04
3.475738,-2.145782E-06,9.767769E-06,-6.66667E-04
3.476738,-1.740467E-05,-1.458458E-06,.001
3.477739,-9.059964E-06,1.624052E-05,-.002
3.478739,3.099456E-06,5.412876E-06,-.002
3.47974,-1.430517E-05,1.424931E-06,.001
3.480741,1.406675E-05,-9.717478E-06,-.001
3.481741,1.144415E-05,-1.652737E-05,.001
3.482741,-1.502043E-05,4.828005E-06,-6.66667E-04
3.483742,-2.002728E-05,-7.854833E-06,6.66667E-04
3.484742,-3.433251E-05,-2.371345E-05,-.001
3.485743,-1.716625E-05,-2.264429E-05,.001
3.486743,5.960494E-06,1.689803E-05,-.002
3.487744,3.099465E-05,1.179433E-05,-6.66667E-04
3.488744,1.263624E-05,2.199798E-06,-.001
3.489745,3.528618E-05,2.098095E-05,-.001
3.490746,4.529976E-05,1.459575E-05,-6.66667E-04
3.491746,3.123307E-05,-2.803296E-06,2.33333E-03
3.492746,-3.337875E-06,-7.519528E-06,-.001
3.493747,-2.6703E-05,-8.925854E-06,.001
3.494747,-1.502043E-05,-1.575623E-05,-.001
3.495748,7.152586E-06,-2.061774E-05,.001
3.496748,4.696869E-05,-1.573015E-05,6.66667E-04
3.497749,5.459809E-05,-6.759568E-06,6.66667E-04
3.498749,1.263624E-05,2.763805E-05,-.001
3.49975,4.768408E-07,4.21463E-05,.001
3.500751,-5.006819E-06,4.69631E-05,-6.66667E-04
3.501751,2.431881E-05,2.065313E-05,6.66667E-04
3.502751,2.264988E-05,1.426233E-05,6.66667E-04
3.503752,6.437331E-06,1.897488E-05,-.001
3.504752,-2.598774E-05,-1.321925E-05,.001
3.505753,-1.502043E-05,-7.385417E-06,-6.66667E-04
3.506753,-2.002728E-05,1.469633E-05,.001
3.507754,-1.764309E-05,1.811993E-05,.001
3.508754,-1.740467E-05,9.952171E-06,-6.66667E-04
3.509755,-2.217304E-05,6.418704E-06,6.66667E-04
3.510756,-2.145779E-05,-9.145624E-07,-.002
3.511756,-1.549732E-05,8.247851E-06,-6.66667E-04
3.512756,6.675749E-06,1.486769E-05,-.002
3.513757,9.298383E-06,2.687812E-06,-2.33333E-03
3.514757,-4.768401E-06,-1.670246E-05,-.001
3.515758,-2.121937E-05,-2.97298E-05,-6.66667E-04
3.516758,2.121937E-05,-4.261942E-05,6.66667E-04
3.517759,2.646458E-05,-2.901268E-05,-6.66667E-04
3.518759,2.479565E-05,-3.45821E-05,-.001
3.51976,3.93393E-05,-3.835023E-05,6.66667E-04
3.520761,3.027928E-05,-1.485279E-05,.001
3.521761,2.264988E-05,-7.445022E-06,.001
3.522761,9.77522E-06,-2.149132E-05,-6.66667E-04
3.523762,-6.914168E-06,-1.504651E-05,6.66667E-04
3.524762,7.867871E-06,2.305969E-06,6.66667E-04
3.525763,3.719353E-05,1.528685E-05,.001
3.526763,4.434609E-05,2.294045E-05,-6.66667E-04
3.527764,5.412125E-05,2.248227E-06,-6.66667E-04
3.528764,4.267716E-05,-1.506141E-05,-.002
3.529765,1.430517E-05,1.709916E-06,-6.66667E-04
3.530766,1.668937E-06,4.453614E-06,-.001
3.531766,-5.722075E-06,-1.560536E-05,-.002
3.532766,1.478201E-05,-3.550216E-06,-6.66667E-04
3.533767,8.344708E-06,1.484535E-06,-.001
3.534767,7.391005E-06,-1.682539E-05,-.002
3.535768,6.675749E-06,-5.245791E-05,-6.66667E-04
3.536768,-1.287466E-05,-5.461113E-05,-.001
3.537769,2.622619E-06,-3.502914E-05,.001
3.538769,-3.099456E-06,6.461545E-06,-6.66667E-04
3.53977,3.576293E-06,2.309689E-07,-6.66667E-04
3.540771,-2.169621E-05,-2.750766E-05,-6.66667E-04
3.541771,-1.835835E-05,-3.8272E-05,-6.66667E-04
3.542771,1.382834E-05,-2.533209E-05,-6.66667E-04
3.543772,1.430517E-05,7.784052E-06,.001
3.544772,-1.001364E-05,2.823037E-05,.001
3.545773,-1.788151E-05,7.772876E-06,6.66667E-04
3.546773,-3.075623E-05,2.518311E-06,-.001
3.547774,-1.525891E-05,-2.375816E-05,6.66667E-04
3.548774,7.152586E-06,-4.432187E-05,-6.66667E-04
3.549775,1.096731E-05,-3.22538E-05,-.001
3.550776,1.811993E-05,2.31826E-05,-6.66667E-04
3.551776,1.525891E-05,3.574253E-05,6.66667E-04
3.552776,2.193463E-05,1.863588E-05,.001
3.553777,5.006819E-06,-6.01638E-07,.001
3.554777,7.867871E-06,-7.84552E-06,-.001
3.555778,8.344708E-06,6.778195E-06,-6.66667E-04
3.556778,4.291564E-06,-2.698987E-06,-.001
3.557779,2.837193E-05,-2.944667E-05,-.002
3.558779,7.867871E-06,-2.820056E-05,6.66667E-04
3.55978,-1.668937E-06,-1.751271E-05,-.002
3.560781,-1.835835E-05,-2.849114E-05,-.002
3.561781,-3.719353E-05,-9.389652E-06,6.66667E-04
3.562781,-1.239782E-05,2.09437E-05,-6.66667E-04
3.563782,-1.168257E-05,-3.846391E-06,-6.66667E-04
3.564783,-1.072889E-05,-2.030292E-07,.002
3.565783,0,1.564261E-05,-.002
3.566783,-1.287466E-05,9.13447E-06,-2.33333E-03
3.567784,-2.574932E-05,2.500426E-05,-.001
3.568784,-1.6451E-05,1.999002E-05,-.002
3.569785,-1.716625E-05,1.367932E-05,-.001
3.570786,3.576293E-06,6.066664E-06,-6.66667E-04
3.571786,3.194832E-05,4.097838E-07,-.001
3.572786,3.886246E-05,8.039235E-06,.001
3.573787,4.267716E-05,1.857064E-06,-.002
3.574788,4.482293E-05,9.033887E-06,6.66667E-04
3.575788,4.816079E-05,-1.61865E-05,6.66667E-04
3.576788,3.719353E-05,1.065439E-05,6.66667E-04
3.577789,3.218674E-05,1.535204E-05,.001
3.578789,3.194832E-05,-3.092005E-06,-.001
3.57979,1.716625E-05,1.028745E-05,6.66667E-04
3.580791,-1.502043E-05,1.271261E-05,-.001
3.581791,-2.646458E-05,1.512846E-05,6.66667E-04
3.582791,-9.536801E-06,1.877554E-06,-6.66667E-04
3.583792,1.430519E-06,4.638016E-06,-6.66667E-04
3.584793,-2.28883E-05,-2.662477E-05,-3.66667E-03
3.585793,-1.931202E-05,-2.302427E-05,-.002
3.586793,-2.6703E-05,-1.558114E-05,-.001
3.587794,-4.768401E-06,-1.233449E-05,6.66667E-04
3.588794,2.384197E-05,-4.533707E-06,.001
3.589795,2.479565E-05,-1.187256E-05,.001
3.590796,3.099465E-05,-1.201412E-05,.001
3.591796,1.764309E-05,8.558913E-06,-6.66667E-04
3.592796,2.336514E-05,-1.271261E-05,-6.66667E-04
3.593797,3.194832E-05,-1.719792E-05,6.66667E-04
3.594798,4.100823E-05,-3.712648E-05,-2.33333E-03
3.595798,4.267716E-05,-1.768779E-05,6.66667E-04
3.596798,7.629453E-06,-7.014751E-06,-6.66667E-04
3.597799,-2.765667E-05,1.388049E-05,6.66667E-04
3.598799,-3.385567E-05,3.013771E-05,-.001
3.5998,-4.291558E-05,2.490554E-05,-6.66667E-04
3.600801,-1.740467E-05,-3.36954E-06,.001
3.601801,-1.1921E-06,-7.838069E-06,-.002
3.602801,1.096731E-05,3.119209E-05,-6.66667E-04
3.603802,2.312672E-05,5.460926E-05,-2.33333E-03
3.604803,1.049048E-05,5.460926E-05,-6.66667E-04
3.605803,1.001364E-05,1.33962E-05,6.66667E-04
3.606803,2.622619E-06,-1.313729E-05,6.66667E-04
3.607804,1.430517E-05,8.283241E-06,-6.66667E-04
3.608804,2.145779E-05,1.017383E-05,-6.66667E-04
3.609805,5.483656E-06,-1.854275E-05,-.001
3.610806,2.145782E-06,-5.78913E-06,-6.66667E-04
3.611806,1.573574E-05,2.794352E-05,-6.66667E-04
3.612806,2.622619E-06,1.943496E-05,.001
3.613807,9.77522E-06,1.648448E-06,-3.66667E-03
3.614808,9.536801E-06,7.230818E-06,6.66667E-04
3.615808,-1.955044E-05,2.727855E-05,-2.33333E-03
3.616808,-3.051781E-05,1.53241E-05,-.002
3.617809,-1.931202E-05,-1.057429E-05,-2.33333E-03
3.618809,-4.053145E-06,-4.018866E-05,-6.66667E-04
3.61981,-1.358992E-05,-2.997194E-05,.001
3.620811,2.3842E-06,-2.449576E-05,-.001
3.621811,2.813351E-05,2.086547E-05,2.33333E-03
3.622811,2.861035E-05,2.757844E-05,-2.33333E-03
3.623812,9.536816E-07,3.956287E-06,-3.66667E-03
3.624813,-1.168257E-05,7.81758E-06,-.001
3.625813,-3.576293E-06,3.568479E-05,-3.66667E-03
3.626813,2.861038E-06,9.171723E-06,-6.66667E-04
3.627814,1.072889E-05,-4.731148E-06,-.002
3.628814,2.55109E-05,-2.07891E-05,.001
3.629815,2.431881E-05,-2.918218E-05,-6.66667E-04
3.630816,2.622619E-06,-6.288319E-06,-6.66667E-04
3.631816,2.765667E-05,3.485024E-06,6.66667E-04
3.632816,2.861035E-05,9.998737E-06,-6.66667E-04
3.633817,2.217304E-05,2.146896E-05,-6.66667E-04
3.634818,3.767037E-05,2.044637E-05,-6.66667E-04
3.635818,3.862404E-05,1.903449E-05,-6.66667E-04
3.636818,2.241146E-05,-1.091517E-06,-2.33333E-03
3.637819,2.622619E-06,6.165392E-07,-6.66667E-04
3.638819,-1.239782E-05,1.225068E-05,-.001
3.63982,-1.668937E-06,3.320375E-05,-.002
3.640821,1.597416E-05,3.913441E-05,.002
3.641821,-4.291564E-06,3.200606E-05,-.001
3.642821,-1.239782E-05,1.002109E-05,-.001
3.643822,6.437331E-06,2.442498E-05,-.002
3.644823,7.391005E-06,1.005275E-05,-6.66667E-04
3.645823,2.694142E-05,-1.912389E-05,-6.66667E-04
3.646823,4.601502E-05,-1.036195E-05,-6.66667E-04
3.647824,4.768401E-06,1.07587E-05,.002
3.648824,-1.955044E-05,1.04793E-05,-.002
3.649825,-1.287466E-05,3.166515E-07,-6.66667E-04
3.650826,-6.198912E-06,-7.985218E-06,-.001
3.651826,4.124665E-05,-6.016373E-06,-.002
3.652826,3.838562E-05,8.75449E-06,-.001
3.653827,2.527249E-05,2.366875E-05,6.66667E-04
3.654828,2.479565E-05,1.850177E-05,-.002
3.655828,7.152586E-06,1.325464E-05,.002
3.656828,2.217304E-05,8.400566E-07,-6.66667E-04
3.657829,2.193463E-05,-8.650182E-06,-6.66667E-04
3.658829,1.859677E-05,-1.591828E-05,-.002
3.65983,2.646458E-05,-3.905996E-06,6.66667E-04
3.66083,1.144415E-05,-6.353512E-06,-.001
3.661831,-3.337875E-06,-4.321355E-07,-6.66667E-04
3.662831,4.291564E-06,-9.57778E-06,6.66667E-04
3.663832,6.198912E-06,5.524635E-06,-6.66667E-04
3.664833,2.622619E-06,1.004158E-05,6.66667E-04
3.665833,-9.298383E-06,-1.678251E-06,.001
3.666833,-1.001364E-05,-3.204704E-05,-.002
3.667834,4.291564E-06,-2.335024E-05,.001
3.668834,4.529982E-06,1.310935E-05,-.001
3.669835,-1.33515E-05,2.294604E-05,-.001
3.670835,-1.955044E-05,1.966965E-05,-6.66667E-04
3.671836,-1.549732E-05,1.148513E-05,6.66667E-04
3.672836,-2.837193E-05,1.49571E-05,.001
3.673837,-1.263624E-05,1.3087E-05,6.66667E-04
3.674838,-2.384197E-05,1.346139E-05,.001
3.675838,-4.768408E-07,2.217491E-05,6.66667E-04
3.676838,-7.391005E-06,2.192904E-05,-6.66667E-04
3.677839,-5.149865E-05,-7.191702E-06,-6.66667E-04
3.678839,-4.482293E-05,-1.628522E-05,-6.66667E-04
3.67984,2.622619E-06,1.331425E-05,-6.66667E-04
3.68084,1.406675E-05,3.459887E-05,-6.66667E-04
3.681841,2.980244E-05,1.945172E-05,6.66667E-04
3.682841,2.431881E-05,1.136592E-05,.001
3.683842,1.406675E-05,2.844274E-06,-3.66667E-03
3.684843,0,3.445912E-07,.002
3.685843,1.955044E-05,7.959141E-06,6.66667E-04
3.686843,6.437331E-06,-1.265114E-05,-.002
3.687844,3.814726E-06,-1.311681E-05,-6.66667E-04
3.688844,1.525891E-05,-8.45833E-06,-6.66667E-04
3.689845,-3.099456E-06,6.891823E-07,.001
3.690845,-1.192099E-05,5.137204E-06,-.001
3.691846,-1.263624E-05,6.441056E-06,-.002
3.692847,-1.287466E-05,-1.447654E-05,-6.66667E-04
3.693847,8.821546E-06,-8.488132E-06,.001
3.694848,1.144415E-05,6.992399E-06,-.001
3.695848,-1.072889E-05,1.195638E-05,6.66667E-04
3.696848,-2.121937E-05,4.358608E-07,6.66667E-04
3.697849,1.478201E-05,1.102693E-06,-6.66667E-04
3.698849,1.621258E-05,1.938839E-05,-.001
3.69985,3.361725E-05,2.031599E-05,-.002
3.70085,1.978886E-05,2.568413E-05,.001
3.701851,2.813351E-05,8.830859E-06,-.001
3.702852,5.960494E-06,2.069969E-05,-6.66667E-04
3.703852,-7.867871E-06,5.460926E-05,-2.33333E-03
3.704853,4.529982E-06,4.279823E-05,6.66667E-04
3.705853,4.529982E-06,1.051469E-05,-.001
3.706853,1.430519E-06,-2.235372E-05,-.002
3.707854,1.144415E-05,-2.907228E-05,6.66667E-04
3.708854,-3.099456E-06,-3.133179E-05,.001
3.709855,-3.337875E-06,-1.165649E-05,-.001
3.710855,-3.2902E-05,1.597416E-05,6.66667E-04
3.711856,-6.389664E-05,1.207E-05,-6.66667E-04
3.712857,-4.792237E-05,-2.041843E-05,-.001
3.713857,-1.788151E-05,-1.211656E-05,-6.66667E-04
3.714858,4.768401E-06,2.44008E-06,6.66667E-04
3.715858,1.311308E-05,-4.341855E-06,-.002
3.716858,3.17099E-05,4.790752E-06,-6.66667E-04
3.717859,1.144415E-05,-2.492234E-06,6.66667E-04
3.718859,-1.573574E-05,-1.267908E-05,-.001
3.71986,-4.053145E-06,-6.053626E-06,-.002
3.72086,5.960494E-06,-1.965105E-06,-6.66667E-04
3.721861,6.437331E-06,-4.656636E-08,.001
3.722862,-8.344708E-06,-4.185393E-06,-.002
3.723862,-1.406675E-05,-9.22574E-06,-6.66667E-04
3.724863,-1.33515E-05,-1.680113E-06,-.002
3.725863,-4.053139E-05,-1.883146E-05,-.002
3.726863,-2.28883E-05,-5.147443E-05,-.002
3.727864,2.622619E-06,-5.461113E-05,6.66667E-04
3.728864,1.478201E-05,-4.66241E-05,6.66667E-04
3.729865,3.433251E-05,-3.121817E-05,-.001
3.730865,1.096731E-05,-5.252688E-06,.001
3.731866,-6.198912E-06,3.016938E-05,6.66667E-04
3.732867,-8.10629E-06,4.247786E-05,-.002
3.733867,1.311308E-05,3.754185E-05,.001
3.734868,5.483656E-06,3.592134E-05,-.001
3.735868,3.743195E-05,2.351787E-05,-6.66667E-04
3.736868,3.2902E-05,1.343904E-05,-.002
3.737869,2.169621E-05,5.390524E-06,6.66667E-04
3.73887,2.479565E-05,1.304416E-05,.001
3.73987,4.076981E-05,1.568173E-05,6.66667E-04
3.74087,3.981614E-05,5.131616E-06,-6.66667E-04
3.741871,3.576302E-05,1.670618E-05,-.002
3.742872,3.123307E-05,2.738473E-05,-2.33333E-03
3.743872,1.239782E-05,1.244998E-05,-.001
3.744873,-2.861038E-06,2.593745E-05,-.001
3.745873,-4.529982E-06,9.093492E-06,-6.66667E-04
3.746873,-2.574932E-05,-1.697626E-05,6.66667E-04
3.747874,1.430519E-06,-1.065811E-05,6.66667E-04
3.748875,4.768401E-06,-1.660187E-05,-.002
3.749875,1.549732E-05,-4.7535E-06,-.001
3.750875,3.671669E-05,-1.703028E-05,.001
3.751876,4.506134E-05,-1.53092E-05,-.001
3.752877,1.430517E-05,7.776602E-06,-6.66667E-04
3.753877,-6.198912E-06,3.255927E-05,6.66667E-04
3.754878,-2.002728E-05,2.73661E-05,-6.66667E-04
3.755878,-1.978886E-05,1.360668E-05,6.66667E-04
3.756878,-2.312672E-05,1.128396E-05,-6.66667E-04
3.757879,-3.17099E-05,3.58189E-05,6.66667E-04
3.75888,8.821546E-06,4.827068E-05,-6.66667E-04
3.75988,3.266358E-05,4.044012E-05,6.66667E-04
3.76088,3.027928E-05,8.462055E-06,6.66667E-04
3.761881,1.549732E-05,-3.72903E-06,-2.33333E-03
3.762882,-1.430519E-06,-1.538552E-06,-3.66667E-03
3.763882,-1.716625E-05,1.006766E-05,-.001
3.764883,-6.437331E-06,1.436107E-06,-6.66667E-04
3.765883,-2.193463E-05,-2.56674E-06,.001
3.766883,-1.907363E-06,-9.119569E-06,6.66667E-04
3.767884,0,4.02148E-06,-6.66667E-04
3.768885,4.768408E-07,2.907042E-05,-.001
3.769885,-1.573574E-05,3.401027E-05,-.001
3.770885,-5.245238E-06,3.479631E-05,-.002
3.771886,-1.263624E-05,1.457339E-05,.002
3.772887,-4.053145E-06,-2.033461E-05,6.66667E-04
3.773887,-1.072889E-05,-3.076554E-05,-6.66667E-04
3.774888,1.478201E-05,-2.486084E-05,-2.33333E-03
3.775888,-7.867871E-06,-2.387364E-05,-6.66667E-04
3.776888,-1.788151E-05,-1.391215E-05,2.33333E-03
3.777889,-6.675749E-06,-2.593372E-05,-.001
3.77889,5.960494E-06,-3.603869E-05,-2.33333E-03
3.77989,-1.668937E-06,-4.308135E-05,-.001
3.78089,9.536816E-07,-1.49422E-05,-.001
3.781891,8.821546E-06,-1.902145E-05,-.002
3.782892,1.525891E-05,-5.461113E-05,-.002
3.783892,2.193463E-05,-3.29765E-05,-5.33333E-03
3.784893,2.408039E-05,1.35974E-07,-.001
3.785893,9.059964E-06,1.055008E-05,-.002
3.786893,-2.431881E-05,-3.302484E-06,6.66667E-04
3.787894,-2.050411E-05,-1.976278E-05,-.001
3.788895,-9.77522E-06,-2.280262E-05,.002
3.789895,-9.536801E-06,-2.731022E-05,.001
3.790895,-9.536801E-06,-1.353963E-05,6.66667E-04
3.791896,-1.668937E-06,-1.055753E-05,-2.33333E-03
3.792897,-1.740467E-05,-2.468948E-05,-.002
3.793897,-1.287466E-05,-4.063942E-05,-6.66667E-04
3.794898,0,-3.553764E-05,.001
3.795898,1.430517E-05,2.956032E-06,6.66667E-04
3.796898,2.264988E-05,-3.143423E-05,-6.66667E-04
3.797899,1.382834E-05,-4.814961E-05,.001
3.7989,-8.344708E-06,-2.325152E-05,2.33333E-03
3.7999,-1.120573E-05,1.946848E-05,.001
3.8009,-9.536816E-07,2.745178E-05,-.002
3.801901,-1.454359E-05,1.372217E-05,.002
3.802902,-6.675749E-06,-5.776092E-06,-.002
3.803902,4.768408E-07,-4.230096E-06,.001
3.804903,2.408039E-05,2.600267E-06,-.001
3.805903,3.981614E-05,-1.582142E-05,-.002
3.806903,1.859677E-05,-2.845016E-05,6.66667E-04
3.807904,9.536816E-07,-1.003972E-05,-.001
3.808905,-3.814726E-06,2.03253E-05,-.001
3.809905,-2.455723E-05,3.47069E-05,2.33333E-03
3.810905,-2.813351E-05,1.692597E-05,-.001
3.811906,-2.622616E-05,-4.358608E-07,6.66667E-04
3.812907,-4.076981E-05,-3.790497E-06,-3.66667E-03
3.813907,-3.767037E-05,1.163228E-05,-.001
3.814908,-8.821546E-06,-4.38097E-06,-.002
3.815908,7.152586E-06,-1.079967E-05,-.002
3.816908,1.692784E-05,3.496199E-06,6.66667E-04
3.817909,5.960494E-06,2.991423E-06,.001
3.81891,-9.059964E-06,6.306946E-06,-6.66667E-04
3.81991,-1.740467E-05,5.334645E-06,.001
3.82091,-7.391005E-06,2.400402E-05,-.001
3.821911,3.004086E-05,1.177199E-06,-6.66667E-04
3.822912,2.622616E-05,1.767848E-05,-.001
3.823912,-2.622619E-06,7.100432E-06,-6.66667E-04
3.824913,-8.583127E-06,-6.346061E-06,-.001
3.825913,-1.835835E-05,-7.743074E-06,-.001
3.826913,-3.838562E-05,5.27504E-06,-6.66667E-04
3.827914,-3.194832E-05,2.975774E-05,-.002
3.828915,-9.059964E-06,5.003833E-05,.001
3.829915,-2.169621E-05,3.480376E-05,6.66667E-04
3.830915,-1.001364E-05,3.074319E-05,-.001
3.831916,-9.059964E-06,-7.482275E-06,6.66667E-04
3.832916,-1.358992E-05,-2.672162E-05,2.33333E-03
3.833917,-1.263624E-05,-1.866196E-05,-6.66667E-04
3.834918,-3.981614E-05,1.209235E-05,-.002
3.835918,-4.3154E-05,3.704824E-05,-6.66667E-04
3.836918,-2.074253E-05,3.839866E-05,-6.66667E-04
3.837919,-9.536816E-07,3.942125E-05,-.002
3.83892,3.17099E-05,1.923379E-05,-.001
3.83992,3.361725E-05,7.955416E-06,-6.66667E-04
3.84092,-9.536801E-06,-3.241017E-06,-6.66667E-04
3.841921,9.298383E-06,-9.439944E-06,-6.66667E-04
3.842921,2.098095E-05,-2.124917E-05,-.002
3.843922,4.529982E-06,-1.026137E-05,-6.66667E-04
3.844923,2.861038E-06,5.159556E-06,-.001
3.845923,-2.861038E-06,1.86824E-06,-.001
3.846923,-7.867871E-06,-3.790879E-05,-.002
3.847924,1.382834E-05,-1.442997E-05,6.66667E-04
3.848925,2.28883E-05,-2.021354E-05,6.66667E-04
3.849925,3.838562E-05,-1.48081E-06,-.001
3.850925,1.931202E-05,1.120387E-05,-.001
3.851926,-7.391005E-06,5.180045E-06,6.66667E-04
3.852926,-9.059964E-06,-3.77039E-05,-.002
3.853927,8.821546E-06,-2.186757E-05,-6.66667E-04
3.854928,3.123307E-05,-1.402579E-06,-6.66667E-04
3.855928,3.743195E-05,4.667818E-06,6.66667E-04
3.856929,2.050411E-05,-9.561016E-06,-.002
3.857929,1.692784E-05,-3.416673E-05,.001
3.85893,1.406675E-05,-3.628642E-05,-.001
3.85993,3.337875E-06,-4.606351E-06,-2.33333E-03
3.86093,-1.072889E-05,6.554677E-06,-3.66667E-03
3.861931,-6.914168E-06,1.076616E-06,.001
3.862931,-8.10629E-06,-1.185579E-05,6.66667E-04
3.863932,6.198912E-06,3.69011E-05,6.66667E-04
3.864933,2.646458E-05,5.460926E-05,-.001
3.865933,2.6703E-05,4.805275E-05,6.66667E-04
3.866934,1.358992E-05,2.949696E-05,-6.66667E-04
3.867934,-2.074253E-05,2.539356E-05,6.66667E-04
3.868935,-1.049048E-05,-1.223765E-06,.001
3.869935,0,-2.294793E-06,6.66667E-04
3.870935,8.10629E-06,-9.506999E-06,-.002
3.871936,-7.391005E-06,-6.891823E-07,.001
3.872936,-1.955044E-05,1.40295E-05,-.002
3.873937,-5.98433E-05,4.67787E-05,-6.66667E-04
3.874938,-5.626702E-05,3.38892E-05,.001
3.875938,-2.980244E-05,-1.082204E-06,-.002
3.876939,-5.006819E-06,3.276407E-06,-.001
3.877939,5.722075E-06,3.632176E-07,-.001
3.87894,-1.382834E-05,-1.014775E-05,6.66667E-04
3.87994,-4.410767E-05,-1.26083E-05,6.66667E-04
3.88094,-5.960488E-05,-1.015149E-06,.001
3.881941,-5.149865E-05,-1.008628E-05,-6.66667E-04
3.882941,-6.222771E-05,-9.853466E-07,-3.66667E-03
3.883942,-4.005455E-05,-1.29082E-06,-.001
3.884943,-8.344708E-06,1.014775E-05,-.002
3.885943,-2.312672E-05,1.88147E-05,-.001
3.886944,-2.3842E-06,3.024016E-05,-.001
3.887944,1.978886E-05,5.460926E-05,6.66667E-04
3.888945,6.198912E-06,3.087171E-05,-2.33333E-03
3.889945,4.768401E-06,1.215941E-05,-.001
3.890945,-9.536816E-07,2.230902E-05,.002
3.891946,5.722075E-06,6.94397E-06,-6.66667E-04
3.892946,2.622619E-06,-1.773245E-06,-.001
3.893947,-5.722075E-06,9.758456E-06,-6.66667E-04
3.894948,-1.90736E-05,-1.110515E-05,-6.66667E-04
3.895948,-1.716625E-05,-1.187815E-05,6.66667E-04
3.896949,-2.622619E-06,-1.368305E-05,6.66667E-04
3.897949,1.597416E-05,-1.895812E-05,.002
3.89895,3.433251E-05,-1.358805E-05,-.002
3.89995,3.838562E-05,-1.082016E-05,6.66667E-04
3.90095,3.099465E-05,-1.172913E-05,.002
3.901951,1.502043E-05,-2.682221E-05,-.002
3.902952,7.629453E-06,-1.284672E-05,-2.33333E-03
3.903952,2.574932E-05,1.137709E-05,-2.33333E-03
3.904953,2.813351E-05,-3.656387E-06,-.002
3.905953,2.6703E-05,-4.822417E-06,-6.66667E-04
3.906954,2.28883E-05,-3.589332E-06,-3.66667E-03
3.907954,9.536816E-07,-2.652977E-05,6.66667E-04
3.908955,1.215941E-05,-5.461113E-05,-6.66667E-04
3.909955,-6.198912E-06,-5.250261E-05,-6.66667E-04
3.910955,-2.002728E-05,-3.641867E-05,.001
3.911956,-9.298383E-06,-1.438154E-05,.001
3.912957,3.099456E-06,5.062699E-06,-.002
3.913957,-1.716625E-05,1.014775E-05,-.001
3.914958,1.621258E-05,-7.603347E-06,-.002
3.915958,2.193463E-05,-2.280076E-05,-.002
3.916959,2.646458E-05,-1.57078E-05,6.66667E-04
3.917959,3.027928E-05,-2.162729E-05,.001
3.91896,2.622616E-05,-3.070221E-05,-6.66667E-04
3.91996,1.835835E-05,-1.981866E-05,.001
3.92096,-4.053145E-06,-1.058733E-05,-.002
3.921961,-1.454359E-05,-3.373265E-06,-.002
3.922962,-9.059964E-06,3.054753E-06,-2.33333E-03
3.923962,9.536816E-07,4.695758E-06,-.002
3.924963,-1.406675E-05,1.165835E-05,.002
3.925963,8.344708E-06,2.66546E-06,-.002
3.926964,1.049048E-05,8.016883E-06,-.001
3.927964,5.006819E-06,1.756486E-05,6.66667E-04
3.928965,-1.001364E-05,1.64286E-06,-.001
3.929965,9.298383E-06,3.982364E-06,-.002
3.930965,1.096731E-05,-1.355453E-05,-6.66667E-04
3.931966,2.741825E-05,-9.201503E-07,-2.33333E-03
3.932967,2.503407E-05,3.302484E-06,-2.33333E-03
3.933967,-8.821546E-06,1.968641E-05,6.66667E-04
3.934968,-1.168257E-05,5.397596E-05,-.002
3.935968,-1.573574E-05,5.460926E-05,-6.66667E-04
3.936969,-1.096731E-05,3.964663E-05,-6.66667E-04
3.937969,-3.767037E-05,3.537178E-06,6.66667E-04
3.93897,-3.218674E-05,-8.735864E-06,.001
3.93997,-2.02657E-05,1.677696E-05,-6.66667E-04
3.94097,-1.168257E-05,2.68874E-05,-.001
3.941971,2.479565E-05,2.21451E-05,6.66667E-04
3.942972,2.503407E-05,2.127711E-05,-.001
3.943972,2.193463E-05,-1.251705E-06,-.002
3.944973,-7.867871E-06,-2.002541E-05,6.66667E-04
3.945973,-1.955044E-05,-1.957093E-05,-6.66667E-04
3.946974,-1.072889E-05,-2.030667E-05,-6.66667E-04
3.947974,8.583127E-06,-1.060782E-05,-6.66667E-04
3.948975,8.583127E-06,-9.499536E-08,-3.66667E-03
3.949975,6.437331E-06,9.957759E-06,-.001
3.950975,-8.10629E-06,1.013471E-05,-6.66667E-04
3.951976,1.549732E-05,1.00602E-05,-.001
3.952977,3.695511E-05,8.432253E-06,.001
3.953977,3.576302E-05,1.26735E-05,-6.66667E-04
3.954978,5.292916E-05,2.948393E-05,-2.33333E-03
3.955978,2.360356E-05,4.892261E-05,-.001
3.956979,-1.454359E-05,3.084377E-05,-.001
3.957979,-2.93256E-05,3.83521E-05,-6.66667E-04
3.95898,-9.536801E-06,3.168196E-05,.001
3.95998,9.536816E-07,8.698589E-07,-.002
3.96098,5.245238E-06,8.644594E-06,-.002
3.961981,4.053145E-06,6.925344E-06,-6.66667E-04
3.962982,4.768401E-06,1.928408E-05,-6.66667E-04
3.963982,-1.215941E-05,3.989623E-05,-6.66667E-04
3.964983,-1.1921E-06,4.542083E-05,-6.66667E-04
3.965983,-9.536801E-06,3.235252E-05,-.001
3.966984,-2.28883E-05,2.014276E-05,-6.66667E-04
3.967984,-2.3842E-06,3.928901E-05,-6.66667E-04
3.968985,-5.006819E-06,2.660055E-05,6.66667E-04
3.969985,-5.722075E-06,-1.735624E-05,-6.66667E-04
3.970985,-1.978886E-05,-1.441695E-06,-.002
3.971986,-2.002728E-05,7.377967E-06,-6.66667E-04
3.972987,-2.622616E-05,7.694645E-06,-2.33333E-03
3.973987,7.629453E-06,7.912575E-06,-.002
3.974988,1.716625E-05,1.597044E-05,6.66667E-04
3.975988,-6.675749E-06,1.705822E-05,-2.33333E-03
3.976989,-2.789509E-05,7.860399E-07,-6.66667E-04
3.977989,-4.816079E-05,-6.01451E-06,-.001
3.97899,-2.789509E-05,1.068605E-05,.001
3.97999,-9.059964E-06,2.665643E-05,.001
3.98099,-1.049048E-05,2.191227E-05,.001
3.981991,2.861038E-06,9.00781E-06,6.66667E-04
3.982992,2.622619E-06,1.652923E-05,-.001
3.983992,-1.33515E-05,1.951319E-05,-.001
3.984993,-1.931202E-05,5.317881E-06,-6.66667E-04
3.985993,-2.884876E-05,7.340714E-06,-6.66667E-04
3.986994,-2.813351E-05,2.45871E-07,-6.66667E-04
3.987994,-4.029297E-05,-1.988572E-05,-2.33333E-03
3.988995,-3.266358E-05,-7.58472E-06,.001
3.989995,-2.074253E-05,-1.528685E-05,6.66667E-04
3.990995,-2.264988E-05,-2.983597E-05,.001
3.991996,-1.597416E-05,-1.864333E-05,-.002
3.992997,-1.168257E-05,-1.234381E-05,-.002
3.993997,3.051781E-05,1.8336E-05,-.002
3.994998,3.099465E-05,7.059461E-07,.002
3.995998,3.743195E-05,7.046416E-06,6.66667E-04
3.996999,1.144415E-05,-1.686078E-05,6.66667E-04
3.997999,2.145782E-06,-3.587105E-05,-.002
3.999,1.406675E-05,-3.249221E-05,-.001
4,1.478201E-05,-2.42797E-05,-.002
