"c:\users\esrlabn1\desktop\bence\ir_spectroscopy\1000nm_odmr\magnet_map_7_1310nm\058.dat  ---  04-23-2026 18:24:36"
""
"cavityli 20 2 4 2000 1 0 0"
"                             ;                             ;seth_xesr_precise 63.4 1 0 -0.2165354330708662"
"setlockin 188.67 0.004 0 0.03 0.005"
4,2000
2,-1.597416E-05,-1.092075E-05,6.66667E-04
2.001,-1.049048E-05,1.896743E-05,-.001
2.002001,-7.152586E-06,3.034447E-05,.001
2.003001,-1.573574E-05,1.30125E-05,-.001
2.004002,-3.2902E-05,1.079967E-05,6.66667E-04
2.005002,-7.152594E-07,-2.780568E-05,-6.66667E-04
2.006003,9.298383E-06,-2.868299E-05,-2.33333E-03
2.007004,2.837193E-05,-4.636153E-06,-6.66667E-04
2.008004,5.674385E-05,5.02693E-05,.001
2.009005,4.339241E-05,5.460926E-05,6.66667E-04
2.010005,6.437331E-06,2.416421E-05,-.001
2.011005,-2.384197E-05,2.281752E-05,-6.66667E-04
2.012006,-3.17099E-05,1.321739E-05,-6.66667E-04
2.013006,-1.478201E-05,7.031515E-06,-2.33333E-03
2.014007,-8.344708E-06,-2.231647E-05,-6.66667E-04
2.015007,-1.978886E-05,-2.669182E-05,-6.66667E-04
2.016008,-1.072889E-05,-1.763005E-05,-.001
2.017009,-2.241146E-05,-1.127092E-05,6.66667E-04
2.018009,-2.3842E-06,-1.115171E-05,-6.66667E-04
2.01901,2.02657E-05,-1.040852E-05,-6.66667E-04
2.02001,1.406675E-05,3.589332E-06,-.001
2.02101,1.597416E-05,1.27778E-05,-6.66667E-04
2.022011,2.193463E-05,2.498378E-05,.001
2.023011,-3.099456E-06,3.351108E-05,6.66667E-04
2.024012,-1.311308E-05,1.996581E-05,-6.66667E-04
2.025012,-3.337875E-06,-8.298142E-06,.001
2.026013,1.144415E-05,-5.520909E-06,-6.66667E-04
2.027014,9.298383E-06,-1.69893E-05,-3.66667E-03
2.028014,3.099465E-05,-3.347569E-05,-.002
2.029015,1.716625E-05,-3.510178E-05,-6.66667E-04
2.030015,2.6703E-05,-4.162849E-05,-.001
2.031015,3.242516E-05,-3.440888E-05,.001
2.032016,2.93256E-05,-3.39339E-05,-6.66667E-04
2.033016,2.193463E-05,-1.784612E-05,-.001
2.034017,-7.391005E-06,4.475965E-06,.001
2.035017,-1.883518E-05,1.1975E-05,-.002
2.036018,1.668937E-06,7.467374E-06,6.66667E-04
2.037019,-1.549732E-05,-2.043147E-05,-.002
2.038019,1.454359E-05,-1.85204E-05,-.002
2.03902,4.386925E-05,-3.116787E-05,-.001
2.04002,6.008171E-05,5.744427E-06,-2.33333E-03
2.04102,3.957772E-05,3.798516E-05,-6.66667E-04
2.042021,1.096731E-05,1.149259E-06,6.66667E-04
2.043021,3.099456E-06,-2.525572E-05,-.001
2.044022,-1.263624E-05,-5.461113E-05,-6.66667E-04
2.045022,4.768408E-07,-3.749342E-05,-.001
2.046023,1.430519E-06,-5.343958E-06,-.001
2.047024,-2.241146E-05,1.483603E-05,6.66667E-04
2.048024,-1.072889E-05,2.286967E-05,.001
2.049025,-1.33515E-05,-1.348375E-05,-2.33333E-03
2.050025,-1.311308E-05,-2.881337E-05,-.002
2.051026,-2.384197E-05,-3.402145E-05,6.66667E-04
2.052026,-1.883518E-05,-1.562957E-05,-.002
2.053026,-2.145782E-06,-7.517665E-06,.001
2.054027,-1.502043E-05,-4.041958E-07,-.001
2.055027,0,-7.955416E-06,-6.66667E-04
2.056028,8.821546E-06,-1.546005E-07,-.001
2.057029,9.536801E-06,-6.750255E-06,-6.66667E-04
2.058029,1.6451E-05,-1.554575E-05,-6.66667E-04
2.05903,5.960494E-06,-1.313171E-05,.001
2.06003,2.145782E-06,-7.402181E-06,-2.33333E-03
2.061031,-7.152594E-07,6.968185E-06,-6.66667E-04
2.062031,-1.811993E-05,3.6657E-06,-2.33333E-03
2.063031,-1.239782E-05,1.872156E-05,-.001
2.064032,-7.152594E-07,9.896292E-06,-6.66667E-04
2.065032,1.144415E-05,1.973112E-05,6.66667E-04
2.066033,8.821546E-06,9.669049E-06,.001
2.067034,1.049048E-05,-1.074007E-05,.001
2.068034,2.28883E-05,5.794718E-06,-6.66667E-04
2.069035,1.668937E-06,2.823968E-05,-.002
2.070035,2.622619E-06,3.235997E-05,6.66667E-04
2.071036,1.311308E-05,5.649432E-06,.001
2.072036,9.536816E-07,-1.769338E-05,-.001
2.073036,1.049048E-05,-1.208863E-05,-.002
2.074037,-4.529982E-06,-9.698851E-06,-.001
2.075037,-2.121937E-05,-2.009247E-05,-6.66667E-04
2.076038,-1.668937E-06,-5.386799E-06,-.001
2.077039,1.215941E-05,-2.525761E-06,-3.66667E-03
2.078039,-2.384204E-07,1.206627E-05,6.66667E-04
2.07904,-1.859677E-05,3.744313E-05,6.66667E-04
2.08004,6.198912E-06,3.169314E-05,-.002
2.081041,-8.344708E-06,5.442678E-06,.001
2.082041,3.814726E-06,-7.061317E-06,.001
2.083041,1.692784E-05,-7.484137E-06,-.001
2.084042,-2.622619E-06,-1.310377E-05,-.002
2.085042,-1.168257E-05,-3.133551E-05,-6.66667E-04
2.086043,-2.336514E-05,-2.351229E-05,-.001
2.087044,-7.867871E-06,-8.044823E-06,6.66667E-04
2.088044,1.716625E-05,-1.167326E-05,-.001
2.089045,1.311308E-05,-1.44784E-05,6.66667E-04
2.090045,-2.861038E-06,-2.562639E-05,-6.66667E-04
2.091046,-2.503407E-05,-2.11132E-05,-6.66667E-04
2.092046,-1.907363E-06,-2.162915E-05,-.002
2.093046,2.02657E-05,-2.10033E-05,-3.66667E-03
2.094047,2.074253E-05,1.119456E-05,-.001
2.095047,-1.978886E-05,1.360482E-05,-.002
2.096048,-1.668942E-05,2.396118E-05,-6.66667E-04
2.097049,-4.053139E-05,5.460926E-05,-.001
2.098049,-5.316758E-05,4.021847E-05,.001
2.09905,-3.838562E-05,9.214564E-06,-.002
2.10005,-1.764309E-05,5.308568E-06,.001
2.101051,1.168257E-05,-2.142426E-05,-.001
2.102051,2.336514E-05,-4.033395E-05,6.66667E-04
2.103051,3.457093E-05,-4.398474E-05,-.001
2.104052,2.861038E-06,-2.887298E-05,.001
2.105052,-3.814726E-06,-2.342102E-05,-3.66667E-03
2.106053,-3.099456E-06,-9.959622E-06,6.66667E-04
2.107054,1.215941E-05,-1.054263E-05,-.002
2.108054,1.788151E-05,3.231704E-06,6.66667E-04
2.109055,1.668937E-06,2.831239E-07,-2.33333E-03
2.110055,-2.002728E-05,-2.972048E-05,.001
2.111056,-4.768395E-05,-4.903064E-05,-6.66667E-04
2.112056,-3.743195E-05,-5.461113E-05,-.001
2.113056,-2.264988E-05,-3.74543E-05,-.001
2.114057,-4.768401E-06,-8.171482E-06,-6.66667E-04
2.115057,-2.622619E-06,1.059106E-05,6.66667E-04
2.116058,-1.1921E-06,6.821036E-06,-.001
2.117059,1.001364E-05,7.193565E-06,-.002
2.118059,4.291564E-06,6.511837E-06,-.001
2.11906,8.10629E-06,-2.44492E-05,.001
2.12006,5.245238E-06,-4.487135E-05,-6.66667E-04
2.121061,-1.978886E-05,-4.648068E-05,.001
2.122061,-3.004086E-05,-3.572204E-05,.002
2.123062,1.1921E-06,-3.546872E-05,-6.66667E-04
2.124062,-6.198912E-06,-3.671856E-05,-.001
2.125062,-4.053145E-06,-1.541351E-05,.001
2.126063,-1.668937E-06,2.60213E-06,-6.66667E-04
2.127064,-8.821546E-06,-1.553453E-06,6.66667E-04
2.128064,-1.430519E-06,-5.088776E-06,-6.66667E-04
2.129065,-1.33515E-05,-3.363952E-06,6.66667E-04
2.130065,-1.668937E-06,8.048548E-06,6.66667E-04
2.131066,1.430517E-05,2.004221E-06,-.001
2.132066,7.152586E-06,-2.363895E-05,.001
2.133067,1.931202E-05,-3.716E-05,6.66667E-04
2.134067,2.312672E-05,-3.263191E-05,.001
2.135067,7.152586E-06,-1.936604E-05,.001
2.136068,2.384204E-07,-2.625037E-05,-6.66667E-04
2.137069,-1.311308E-05,-1.675275E-05,-6.66667E-04
2.138069,-4.386925E-05,-1.687941E-05,6.66667E-04
2.13907,-1.120573E-05,-2.272066E-05,-6.66667E-04
2.14007,1.978886E-05,-4.764675E-06,-2.33333E-03
2.141071,1.049048E-05,-1.145534E-06,-.001
2.142071,2.861038E-06,-5.487382E-06,.001
2.143072,2.098095E-05,-5.96051E-08,-6.66667E-04
2.144072,1.192099E-05,-2.335024E-05,-.001
2.145072,2.074253E-05,-2.359611E-05,-6.66667E-04
2.146073,-6.198912E-06,-2.149877E-05,-.001
2.147074,-2.098095E-05,-3.312551E-05,6.66667E-04
2.148074,-1.668937E-06,-3.045809E-05,-.001
2.149075,-1.955044E-05,-2.542522E-05,-6.66667E-04
2.150075,-6.437331E-06,-4.248344E-05,.001
2.151076,1.525891E-05,-3.051211E-05,-6.66667E-04
2.152076,2.193463E-05,-1.714204E-05,6.66667E-04
2.153077,4.696869E-05,-2.982852E-05,-.001
2.154077,1.072889E-05,-2.249156E-05,-.002
2.155077,8.821546E-06,-3.143982E-05,6.66667E-04
2.156078,8.583127E-06,-5.461113E-05,-6.66667E-04
2.157079,2.431881E-05,-4.456216E-05,-6.66667E-04
2.158079,1.287466E-05,-3.233016E-05,.002
2.15908,-1.1921E-06,-3.647269E-05,6.66667E-04
2.16008,1.90736E-05,-4.432374E-05,-.002
2.161081,2.527249E-05,-2.424617E-05,6.66667E-04
2.162081,2.217304E-05,-2.084312E-05,6.66667E-04
2.163082,8.10629E-06,-4.306465E-06,-6.66667E-04
2.164082,9.536801E-06,-1.817395E-05,.001
2.165082,2.312672E-05,-8.892326E-06,-.002
2.166083,2.861035E-05,-1.452124E-05,6.66667E-04
2.167084,3.051781E-05,-1.218177E-06,-6.66667E-04
2.168084,3.337883E-05,6.586342E-06,.001
2.169085,2.980244E-05,1.623307E-05,6.66667E-04
2.170085,1.168257E-05,6.137445E-06,-.001
2.171086,1.144415E-05,6.463408E-06,-6.66667E-04
2.172086,6.437331E-06,-1.687754E-05,.001
2.173087,4.768408E-07,-3.27474E-05,6.66667E-04
2.174087,3.314042E-05,5.038484E-06,.001
2.175087,-4.053145E-06,-3.533452E-06,6.66667E-04
2.176088,-2.336514E-05,3.3416E-06,-.002
2.177088,-1.287466E-05,1.076987E-05,-6.66667E-04
2.178089,-2.050411E-05,7.441296E-06,-2.33333E-03
2.17909,-1.859677E-05,-4.621252E-06,-.002
2.18009,-2.169621E-05,-7.590308E-06,-.001
2.181091,-2.050411E-05,7.437571E-06,-6.66667E-04
2.182091,-7.629453E-06,1.442438E-05,6.66667E-04
2.183092,-9.059964E-06,-5.340233E-06,.001
2.184092,-3.600144E-05,1.279271E-05,-.001
2.185092,-3.2902E-05,3.220537E-05,-3.66667E-03
2.186093,-9.536801E-06,1.461996E-05,-.001
2.187093,-1.621258E-05,-1.551223E-05,6.66667E-04
2.188094,-2.55109E-05,-2.331485E-05,-6.66667E-04
2.189095,-1.263624E-05,-3.478699E-05,.001
2.190095,-6.198912E-06,-3.466592E-05,-.001
2.191096,-9.77522E-06,-2.191227E-05,-.001
2.192096,-2.861038E-06,-1.64957E-05,6.66667E-04
2.193097,-5.722075E-06,-4.63149E-05,.001
2.194097,5.722075E-06,-3.907294E-05,-.002
2.195097,3.433251E-05,-1.952623E-05,-6.66667E-04
2.196098,3.671669E-05,1.261018E-06,-.001
2.197098,1.406675E-05,2.713141E-05,-.001
2.198099,-3.266358E-05,1.762633E-05,.002
2.1991,-3.767037E-05,1.732644E-05,-6.66667E-04
2.2001,-5.316758E-05,-4.574686E-06,.002
2.201101,-2.598774E-05,-2.089527E-05,-.002
2.202101,8.10629E-06,-9.561016E-06,-.001
2.203102,2.622619E-06,-1.490308E-05,6.66667E-04
2.204102,-1.33515E-05,-3.506267E-05,-.002
2.205102,-1.6451E-05,-2.539542E-05,-.002
2.206103,-2.431881E-05,-1.860794E-05,-.001
2.207103,-1.955044E-05,-3.557667E-06,6.66667E-04
2.208104,7.152586E-06,-2.654284E-06,-6.66667E-04
2.209105,-2.3842E-06,-4.474103E-06,-.001
2.210105,-8.344708E-06,-1.045136E-05,6.66667E-04
2.211106,-6.437331E-06,-3.113807E-05,-6.66667E-04
2.212106,1.263624E-05,-3.759959E-05,.001
2.213107,3.55246E-05,-8.925854E-06,-6.66667E-04
2.214107,1.788151E-05,2.088037E-05,-.001
2.215107,-4.100823E-05,2.360914E-05,.001
2.216108,-3.767037E-05,-4.099711E-06,-.001
2.217108,-2.503407E-05,-2.522406E-05,-6.66667E-04
2.218109,-4.100823E-05,-2.199798E-06,-.002
2.21911,-3.671669E-05,1.100829E-05,-6.66667E-04
2.22011,-4.100823E-05,1.322111E-05,-6.66667E-04
2.221111,-2.837193E-05,4.705071E-06,-.001
2.222111,-1.263624E-05,3.930199E-07,-6.66667E-04
2.223112,-3.504776E-05,2.929955E-06,-6.66667E-04
2.224112,-3.2902E-05,-3.153473E-06,-.001
2.225112,-2.169621E-05,-4.529982E-06,.001
2.226113,4.768408E-07,1.883142E-06,.002
2.227113,-4.291564E-06,-1.588848E-05,6.66667E-04
2.228114,-3.337875E-06,6.677612E-06,.002
2.229115,-2.145779E-05,2.21451E-05,.002
2.230115,-1.239782E-05,-1.340738E-05,6.66667E-04
2.231116,-1.168257E-05,-1.023157E-05,-2.33333E-03
2.232116,-2.622616E-05,1.130631E-05,-.002
2.233117,-1.192099E-05,7.551193E-06,-.001
2.234117,1.692784E-05,1.614921E-06,-.002
2.235118,-1.430519E-06,-4.226371E-06,-6.66667E-04
2.236118,1.096731E-05,-5.219161E-06,-.002
2.237118,7.391005E-06,9.100942E-06,-.002
2.238119,9.77522E-06,2.929394E-05,-.001
2.23912,1.478201E-05,8.314906E-06,.001
2.24012,1.120573E-05,-9.126998E-07,-.001
2.241121,1.382834E-05,5.105539E-06,-.001
2.242121,2.264988E-05,4.353031E-06,6.66667E-04
2.243122,2.28883E-05,1.476897E-05,.001
2.244122,1.716625E-05,1.508748E-05,-6.66667E-04
2.245123,4.768401E-06,-2.823785E-06,-.001
2.246123,-2.3842E-06,-3.770008E-06,-.001
2.247123,-1.859677E-05,-2.348248E-05,-6.66667E-04
2.248124,-4.529982E-06,-3.70557E-05,-.001
2.249125,1.6451E-05,-2.600267E-06,.002
2.250125,2.264988E-05,2.007384E-05,-.002
2.251126,7.152594E-07,3.08773E-05,-.001
2.252126,4.768401E-06,-5.511596E-06,6.66667E-04
2.253127,-9.298383E-06,-2.226618E-05,-6.66667E-04
2.254127,-6.675749E-06,-1.226371E-05,.001
2.255128,-7.152594E-07,1.779024E-05,-2.33333E-03
2.256128,-1.859677E-05,1.807709E-05,-2.33333E-03
2.257128,-1.120573E-05,1.193403E-05,6.66667E-04
2.258129,-9.77522E-06,3.050838E-05,6.66667E-04
2.25913,-3.814726E-06,1.576554E-05,-6.66667E-04
2.26013,-7.152594E-07,-1.416547E-05,-.001
2.261131,-2.861038E-06,-1.155405E-05,-.002
2.262131,3.051781E-05,2.307832E-06,-6.66667E-04
2.263132,8.821546E-06,1.214637E-05,-.002
2.264132,-1.454359E-05,7.843657E-06,-6.66667E-04
2.265133,-1.263624E-05,-1.857064E-06,6.66667E-04
2.266133,1.215941E-05,1.039363E-06,6.66667E-04
2.267133,4.291564E-06,1.263252E-05,-3.66667E-03
2.268134,1.764309E-05,1.598534E-05,-.002
2.269135,6.675749E-06,2.43393E-05,-.001
2.270135,3.075623E-05,-1.136592E-05,-6.66667E-04
2.271136,4.148507E-05,-3.473856E-05,-2.33333E-03
2.272136,3.743195E-05,-5.254551E-06,-6.66667E-04
2.273137,1.525891E-05,-1.710106E-05,-6.66667E-04
2.274137,1.33515E-05,7.582858E-06,-6.66667E-04
2.275138,1.215941E-05,2.610881E-05,-.002
2.276138,1.263624E-05,6.474584E-06,-.001
2.277139,2.479565E-05,-7.52139E-06,-2.33333E-03
2.278139,3.266358E-05,-2.428904E-06,.001
2.27914,2.574932E-05,-6.837799E-06,6.66667E-04
2.28014,1.692784E-05,2.510299E-05,.001
2.281141,0,-1.225626E-05,.001
2.282141,-1.549732E-05,-4.69631E-05,-2.33333E-03
2.283142,-1.239782E-05,-4.885742E-05,.002
2.284142,1.049048E-05,-3.701285E-05,6.66667E-04
2.285143,1.764309E-05,-2.119516E-05,-.002
2.286143,4.768401E-06,-7.48787E-07,-.001
2.287144,-4.768408E-07,1.628522E-05,2.33333E-03
2.288144,-2.002728E-05,1.329376E-05,-.001
2.289145,-2.02657E-05,-7.355615E-06,-6.66667E-04
2.290145,-1.668937E-06,-3.235429E-06,-.001
2.291146,2.074253E-05,9.290932E-06,.002
2.292146,3.480935E-05,1.946662E-05,6.66667E-04
2.293147,2.980244E-05,2.982109E-06,-6.66667E-04
2.294147,2.217304E-05,1.429586E-05,6.66667E-04
2.295148,1.120573E-05,-6.472721E-06,.001
2.296148,6.437331E-06,-2.083753E-05,.001
2.297149,4.529982E-06,-1.469633E-05,-.001
2.298149,-2.503407E-05,-2.806087E-05,6.66667E-04
2.29915,-1.025206E-05,-1.541909E-05,6.66667E-04
2.30015,1.168257E-05,2.2594E-05,-.002
2.301151,3.2902E-05,3.502541E-05,-6.66667E-04
2.302151,3.218674E-05,1.546566E-05,6.66667E-04
2.303152,5.960494E-06,1.451938E-05,-.002
2.304152,3.576293E-06,8.065312E-06,-.001
2.305153,4.029297E-05,1.210728E-07,6.66667E-04
2.306153,4.673027E-05,-1.00006E-05,-6.66667E-04
2.307154,3.480935E-05,-3.641486E-06,-.002
2.308154,7.391005E-06,-1.027627E-05,-2.33333E-03
2.309155,2.741825E-05,-5.992159E-06,-6.66667E-04
2.310155,1.311308E-05,-2.058421E-05,6.66667E-04
2.311156,1.001364E-05,-6.338611E-06,-6.66667E-04
2.312156,3.027928E-05,2.063825E-06,-.002
2.313157,6.413506E-05,1.144415E-05,-.001
2.314157,4.172348E-05,3.270269E-05,-.002
2.315158,3.647828E-05,3.6482E-05,-2.33333E-03
2.316158,1.120573E-05,4.833593E-06,-.002
2.317159,-2.121937E-05,3.408659E-07,-6.66667E-04
2.318159,-3.004086E-05,2.207246E-05,-6.66667E-04
2.31916,-3.457093E-05,1.770083E-05,-3.66667E-03
2.32016,-1.1921E-06,1.547125E-05,-6.66667E-04
2.321161,1.072889E-05,5.194946E-06,6.66667E-04
2.322161,9.298383E-06,1.670246E-05,-.002
2.323162,1.239782E-05,1.257664E-05,-.001
2.324162,1.144415E-05,-1.207E-05,-6.66667E-04
2.325163,3.027928E-05,-1.486955E-05,-6.66667E-04
2.326163,5.197548E-05,1.676206E-05,6.66667E-04
2.327164,5.149865E-05,1.393078E-05,-.001
2.328164,4.696869E-05,-7.66298E-06,.002
2.329165,4.076981E-05,-7.221504E-06,6.66667E-04
2.330165,5.149865E-05,-6.977498E-06,6.66667E-04
2.331166,5.412125E-05,9.119569E-06,-5.33333E-03
2.332166,2.980244E-05,3.072084E-05,6.66667E-04
2.333167,1.358992E-05,2.630998E-05,-.001
2.334167,-4.291564E-06,8.741452E-06,6.66667E-04
2.335168,1.001364E-05,-1.14814E-05,2.33333E-03
2.336168,3.910088E-05,-1.900282E-05,-6.66667E-04
2.337169,3.409409E-05,-1.160993E-05,-6.66667E-04
2.338169,1.859677E-05,-7.981493E-06,-.001
2.33917,1.764309E-05,-4.562759E-05,6.66667E-04
2.34017,2.884876E-05,-4.558102E-05,2.33333E-03
2.341171,4.291564E-06,-2.21004E-05,-.001
2.342171,1.144415E-05,2.400964E-06,-.001
2.343172,-1.668937E-06,6.055488E-06,-.001
2.344172,-1.478201E-05,9.255542E-06,-.001
2.345173,-2.694142E-05,1.374638E-05,-.002
2.346173,6.437331E-06,1.34912E-05,-.001
2.347174,1.931202E-05,2.115231E-05,-6.66667E-04
2.348174,6.914168E-06,2.441381E-05,.001
2.349174,-7.867871E-06,7.476687E-06,-6.66667E-04
2.350175,1.478201E-05,3.657327E-05,6.66667E-04
2.351176,2.193463E-05,3.924617E-05,.001
2.352176,7.152586E-06,2.731208E-05,6.66667E-04
2.353177,-2.861035E-05,1.443742E-05,.001
2.354177,-2.241146E-05,-6.349786E-06,-6.66667E-04
2.355178,-5.245238E-06,-1.399784E-05,-.001
2.356178,1.311308E-05,-2.829742E-05,-6.66667E-04
2.357179,5.960494E-06,-2.321799E-05,-.001
2.358179,-1.668937E-06,-2.387926E-06,-6.66667E-04
2.359179,2.050411E-05,4.638016E-06,-.002
2.36018,6.914168E-06,6.93652E-06,-.001
2.361181,-9.059964E-06,5.027308E-06,.001
2.362181,-1.1921E-06,-2.522036E-06,-6.66667E-04
2.363182,-6.675749E-06,8.456467E-06,-6.66667E-04
2.364182,-3.17099E-05,-6.668306E-07,.001
2.365183,-1.90736E-05,-3.200979E-05,-2.33333E-03
2.366183,-1.263624E-05,-2.06643E-05,6.66667E-04
2.367184,-3.123307E-05,-4.062639E-05,6.66667E-04
2.368184,1.144415E-05,-4.137889E-05,-6.66667E-04
2.369184,1.287466E-05,-3.006507E-05,-.001
2.370185,5.722075E-06,-7.743074E-06,6.66667E-04
2.371186,1.478201E-05,2.18713E-05,-6.66667E-04
2.372186,2.193463E-05,4.235684E-06,.001
2.373187,2.193463E-05,-4.029484E-05,-.001
2.374187,1.597416E-05,-4.592002E-05,-.001
2.375188,1.978886E-05,-3.401958E-05,-6.66667E-04
2.376188,-1.382834E-05,-1.14069E-05,-6.66667E-04
2.377189,-2.6703E-05,1.556624E-05,-.001
2.378189,-5.054497E-05,1.223764E-05,.001
2.379189,-4.887604E-05,1.087791E-05,-.002
2.38019,-4.267716E-05,1.327886E-05,-6.66667E-04
2.381191,-2.336514E-05,-5.215429E-08,-.002
2.382191,-4.768401E-06,-6.826624E-06,-.002
2.383192,4.291564E-06,9.108371E-07,-6.66667E-04
2.384192,1.549732E-05,1.219666E-05,6.66667E-04
2.385193,1.716625E-05,1.702283E-05,6.66667E-04
2.386193,1.573574E-05,2.373394E-05,.001
2.387194,8.821546E-06,2.162543E-05,-6.66667E-04
2.388194,2.55109E-05,1.252635E-05,-6.66667E-04
2.389194,1.549732E-05,4.891335E-06,-6.66667E-04
2.390195,1.120573E-05,7.785893E-07,-6.66667E-04
2.391196,-2.622619E-06,-4.45174E-07,6.66667E-04
2.392196,-1.454359E-05,-9.527488E-06,-6.66667E-04
2.393197,1.931202E-05,-1.998257E-05,.001
2.394197,4.148507E-05,1.45082E-05,-.002
2.395198,3.17099E-05,2.098654E-05,-3.66667E-03
2.396198,2.241146E-05,1.684774E-05,.001
2.397199,8.583127E-06,2.584991E-05,-.002
2.398199,-6.198912E-06,3.312365E-05,-6.66667E-04
2.399199,-1.072889E-05,2.636213E-05,-6.66667E-04
2.4002,-1.025206E-05,2.976891E-05,-6.66667E-04
2.401201,-1.215941E-05,3.261701E-05,-6.66667E-04
2.402201,-8.583127E-06,2.774608E-05,-6.66667E-04
2.403202,-1.454359E-05,1.231028E-05,.001
2.404202,-3.17099E-05,1.642492E-05,-.002
2.405203,-4.100823E-05,-3.248468E-06,6.66667E-04
2.406203,-3.93393E-05,-6.00706E-06,.001
2.407204,-1.90736E-05,1.407234E-05,.001
2.408204,1.120573E-05,4.322478E-05,-6.66667E-04
2.409204,3.075623E-05,5.162344E-05,6.66667E-04
2.410205,2.312672E-05,3.309012E-05,-3.66667E-03
2.411206,1.430517E-05,-6.791233E-06,-6.66667E-04
2.412206,-2.384204E-07,-1.299573E-05,.001
2.413207,3.814726E-06,-6.796821E-06,-.001
2.414207,2.3842E-06,-7.631315E-06,-.001
2.415208,1.382834E-05,-1.901768E-06,.001
2.416208,-6.675749E-06,4.466652E-06,-.001
2.417209,-9.298383E-06,-4.231959E-06,6.66667E-04
2.418209,3.695511E-05,2.275046E-05,-.002
2.41921,4.410767E-05,2.552394E-05,-6.66667E-04
2.42021,3.123307E-05,3.607594E-05,-.002
2.421211,1.955044E-05,2.977077E-05,-6.66667E-04
2.422211,2.145779E-05,1.665403E-05,.001
2.423212,2.646458E-05,-3.289446E-06,-5.33333E-03
2.424212,2.193463E-05,-1.682353E-05,-.001
2.425213,5.245238E-06,-1.037872E-05,-6.66667E-04
2.426213,8.821546E-06,4.470367E-07,-6.66667E-04
2.427214,1.525891E-05,-4.453614E-06,-6.66667E-04
2.428214,1.192099E-05,1.945544E-05,-.001
2.429215,2.431881E-05,2.833281E-05,-.001
2.430215,1.358992E-05,1.975906E-05,6.66667E-04
2.431216,5.722075E-06,1.526822E-05,-.002
2.432216,2.074253E-05,1.756672E-05,2.33333E-03
2.433217,4.100823E-05,2.334837E-05,-6.66667E-04
2.434217,5.793595E-05,4.824274E-05,-6.66667E-04
2.435218,4.625344E-05,1.654413E-05,-.001
2.436218,2.193463E-05,-1.658325E-05,.001
2.437219,2.861035E-05,-1.566124E-05,-6.66667E-04
2.438219,5.006813E-05,-3.183275E-06,6.66667E-04
2.43922,4.553818E-05,1.177199E-06,-.001
2.44022,4.076981E-05,4.479691E-06,-6.66667E-04
2.441221,2.193463E-05,-1.055567E-05,.001
2.442221,2.622619E-06,-2.116163E-05,-.002
2.443222,5.030655E-05,5.17632E-06,-2.33333E-03
2.444222,5.149865E-05,1.468515E-05,.001
2.445223,5.817437E-05,1.394941E-05,6.66667E-04
2.446223,6.532716E-05,1.005462E-05,-6.66667E-04
2.447224,4.386925E-05,9.631796E-06,-6.66667E-04
2.448224,8.10629E-06,4.479691E-06,6.66667E-04
2.449225,-3.814726E-06,5.617767E-06,6.66667E-04
2.450225,-7.867871E-06,-6.148621E-06,-6.66667E-04
2.451226,4.768401E-06,-1.575251E-05,-.004
2.452226,2.384204E-07,-9.847863E-06,-6.66667E-04
2.453227,7.629453E-06,6.573304E-06,6.66667E-04
2.454227,2.622619E-06,3.219978E-05,.001
2.455228,-1.120573E-05,1.429027E-05,-.001
2.456228,-1.955044E-05,-7.236406E-06,-6.66667E-04
2.457229,-1.025206E-05,-2.359986E-06,6.66667E-04
2.458229,4.768401E-06,1.06637E-05,-6.66667E-04
2.45923,1.382834E-05,1.46926E-05,6.66667E-04
2.46023,8.821546E-06,7.305323E-06,-.002
2.461231,6.675749E-06,1.710479E-05,-.001
2.462231,1.740467E-05,-7.750525E-06,.001
2.463232,1.478201E-05,3.256672E-05,-.001
2.464232,-2.312672E-05,3.285171E-05,-.002
2.465233,-5.269074E-05,1.227489E-05,-.001
2.466233,-2.789509E-05,1.05799E-06,-6.66667E-04
2.467234,-7.391005E-06,-6.523012E-06,-.001
2.468234,1.764309E-05,-1.076428E-05,6.66667E-04
2.469235,1.740467E-05,-1.563702E-05,.001
2.470235,8.344708E-06,-2.743315E-05,-6.66667E-04
2.471236,2.050411E-05,-5.04537E-05,-6.66667E-04
2.472236,-1.263624E-05,-4.485273E-05,.001
2.473237,-1.287466E-05,-1.770642E-05,-.001
2.474237,-2.622619E-06,-1.003972E-05,.002
2.475238,-3.480935E-05,1.006766E-05,-.001
2.476238,-4.386925E-05,-2.030292E-07,2.33333E-03
2.477239,-1.668942E-05,-1.843099E-05,-.002
2.478239,-1.978886E-05,-1.729664E-05,-6.66667E-04
2.47924,-2.384197E-05,-2.214138E-05,.001
2.48024,-2.622619E-06,-1.399411E-05,.002
2.481241,7.152594E-07,1.063762E-05,.001
2.482241,-1.025206E-05,3.835215E-06,-.002
2.483242,-3.337875E-06,-8.847623E-06,-6.66667E-04
2.484242,1.430517E-05,-8.896051E-06,-.001
2.485243,3.957772E-05,-2.748903E-05,-.002
2.486243,4.482293E-05,-3.777459E-06,-6.66667E-04
2.487244,1.692784E-05,1.041783E-05,-.002
2.488244,2.264988E-05,-1.171237E-05,-.002
2.489245,1.1921E-06,1.498876E-05,-6.66667E-04
2.490245,4.768401E-06,2.714258E-05,-6.66667E-04
2.491246,4.053145E-06,3.598467E-05,6.66667E-04
2.492246,7.391005E-06,5.460926E-05,.002
2.493247,-1.33515E-05,5.460926E-05,.001
2.494247,-2.622616E-05,5.222321E-05,-6.66667E-04
2.495248,1.597416E-05,3.453554E-05,-.002
2.496248,5.960494E-06,3.599771E-05,-.002
2.497249,1.692784E-05,3.201902E-06,-6.66667E-04
2.498249,3.55246E-05,3.609271E-05,.001
2.49925,1.621258E-05,1.13268E-05,6.66667E-04
2.50025,-1.33515E-05,-1.226558E-05,6.66667E-04
2.501251,-3.457093E-05,-5.731388E-06,-.001
2.502251,-1.239782E-05,-1.223391E-05,-.001
2.503252,2.6703E-05,1.1921E-06,-.002
2.504252,4.649186E-05,3.033143E-05,.001
2.505253,1.549732E-05,9.868352E-06,-6.66667E-04
2.506253,2.28883E-05,-2.121192E-05,-.001
2.507254,3.075623E-05,-9.024574E-06,-6.66667E-04
2.508254,1.430519E-06,-5.65502E-06,-.002
2.509255,-1.835835E-05,2.673094E-05,-.002
2.510255,-4.124665E-05,2.864201E-05,-.001
2.511256,-4.434609E-05,3.25033E-06,-.001
2.512256,-4.458451E-05,4.002854E-06,-6.66667E-04
2.513257,-3.051781E-05,-6.55654E-06,-.001
2.514257,2.384204E-07,-1.098968E-06,-6.66667E-04
2.515258,-1.668937E-06,1.079781E-05,-.001
2.516258,-7.629453E-06,9.369141E-07,.001
2.517259,9.77522E-06,1.855202E-06,.001
2.518259,1.454359E-05,2.902016E-06,-6.66667E-04
2.51926,-5.722075E-06,1.909037E-05,-.001
2.52026,6.914168E-06,1.224695E-05,-.001
2.521261,4.768401E-06,-5.552574E-06,-6.66667E-04
2.522261,3.337875E-06,-1.403323E-05,-.002
2.523262,3.814726E-06,-9.074865E-06,-.001
2.524262,-2.098095E-05,-1.273496E-05,-6.66667E-04
2.525263,-6.675749E-06,-3.204518E-05,-6.66667E-04
2.526263,-4.768401E-06,5.668058E-06,.001
2.527264,-3.93393E-05,2.142056E-06,.001
2.528264,-2.002728E-05,1.035637E-05,-.001
2.529265,8.583127E-06,2.845575E-05,.001
2.530265,3.004086E-05,4.009553E-05,-6.66667E-04
2.531266,2.980244E-05,3.049534E-05,-6.66667E-04
2.532266,2.527249E-05,4.094123E-06,.001
2.533267,-1.430517E-05,-5.198672E-06,-.002
2.534267,-2.336514E-05,-1.25636E-05,6.66667E-04
2.535268,6.437331E-06,-1.381902E-05,.002
2.536268,1.096731E-05,-9.670912E-06,6.66667E-04
2.537269,1.049048E-05,-4.990055E-06,-.001
2.538269,-8.344708E-06,1.10977E-05,.001
2.53927,-4.506134E-05,5.02172E-06,-.001
2.54027,-2.622616E-05,1.442066E-05,-.001
2.541271,-5.006819E-06,1.834713E-06,6.66667E-04
2.542271,-1.382834E-05,-9.141921E-06,-.001
2.543272,6.437331E-06,1.560904E-06,-6.66667E-04
2.544272,-4.529982E-06,6.249204E-06,.002
2.545273,-1.764309E-05,-1.730409E-05,-6.66667E-04
2.546273,-2.861038E-06,1.771573E-05,.001
2.547274,1.716625E-05,2.352532E-05,6.66667E-04
2.548274,2.193463E-05,1.116103E-05,-2.33333E-03
2.549275,1.525891E-05,2.004777E-05,6.66667E-04
2.550275,1.287466E-05,2.415676E-05,-6.66667E-04
2.551276,9.536816E-07,-1.235871E-05,-.001
2.552276,1.215941E-05,-8.717238E-06,.001
2.553277,1.692784E-05,2.166271E-06,6.66667E-04
2.554277,-4.053145E-06,3.494346E-05,-6.66667E-04
2.555278,-2.3842E-06,1.263252E-05,-6.66667E-04
2.556278,-1.311308E-05,-3.095731E-06,-.001
2.557279,-2.598774E-05,-8.139818E-06,-.002
2.558279,-4.673027E-05,1.15764E-05,-6.66667E-04
2.55928,-2.884876E-05,2.887112E-05,-6.66667E-04
2.56028,-1.215941E-05,3.263378E-05,-6.66667E-04
2.561281,1.144415E-05,-4.012167E-06,-.002
2.562281,1.311308E-05,-1.514895E-05,-.001
2.563282,3.814726E-06,-1.272379E-05,-6.66667E-04
2.564282,5.245238E-06,-2.148759E-05,-.001
2.565283,6.914168E-06,-2.899405E-05,6.66667E-04
2.566283,-1.311308E-05,-1.88892E-05,-.002
2.567284,-3.457093E-05,-1.608965E-05,-6.66667E-04
2.568284,-2.741825E-05,-2.382707E-05,-6.66667E-04
2.569285,-2.6703E-05,5.135342E-06,-.002
2.570285,-1.311308E-05,1.760207E-06,-6.66667E-04
2.571286,1.049048E-05,1.991182E-06,-.002
2.572286,1.096731E-05,2.455909E-05,-6.66667E-04
2.573287,2.384204E-07,4.930445E-05,-.001
2.574287,3.099456E-06,5.123788E-05,6.66667E-04
2.575288,-2.622616E-05,3.283122E-05,.001
2.576288,-3.457093E-05,6.217539E-06,-.001
2.577289,-2.360356E-05,-1.150562E-05,6.66667E-04
2.578289,-2.861038E-06,2.847996E-05,-.001
2.57929,4.053145E-06,1.575437E-05,6.66667E-04
2.58029,-1.072889E-05,-2.885252E-06,.001
2.581291,-8.821546E-06,-7.938652E-06,-6.66667E-04
2.582291,9.536816E-07,2.246365E-06,6.66667E-04
2.583292,1.978886E-05,2.779264E-05,-6.66667E-04
2.584292,2.861035E-05,1.198059E-05,.001
2.585293,3.576302E-05,1.501112E-05,-6.66667E-04
2.586293,2.980244E-05,2.873328E-05,-2.33333E-03
2.587294,3.457093E-05,1.195451E-05,-.002
2.588294,2.646458E-05,-2.477888E-05,.001
2.589295,1.049048E-05,-2.866809E-05,-3.66667E-03
2.590295,-6.437331E-06,-2.573442E-05,-.001
2.591296,-8.344708E-06,-2.419774E-05,-6.66667E-04
2.592296,1.382834E-05,-1.92133E-05,-2.33333E-03
2.593297,-4.529982E-06,-1.784426E-05,-.001
2.594297,-5.960494E-06,-2.211344E-05,-2.33333E-03
2.595298,1.215941E-05,-2.06345E-05,-.001
2.596298,-9.298383E-06,1.497574E-06,-.002
2.597299,-7.629453E-06,5.334645E-06,-.001
2.598299,0,1.508752E-07,.001
2.5993,1.478201E-05,-1.89842E-05,-6.66667E-04
2.6003,3.17099E-05,-1.759094E-05,-6.66667E-04
2.601301,1.478201E-05,4.647329E-06,.001
2.602301,1.764309E-05,1.082204E-06,-6.66667E-04
2.603302,-4.291564E-06,8.564501E-06,-6.66667E-04
2.604302,-3.385567E-05,2.844643E-05,-.001
2.605303,-5.078339E-05,1.178501E-05,-.001
2.606303,-3.457093E-05,-1.842354E-05,-.002
2.607304,-1.311308E-05,-1.620885E-05,-.001
2.608304,1.120573E-05,-1.413195E-05,-.001
2.609305,4.291564E-06,-1.218176E-05,-3.66667E-03
2.610305,-1.025206E-05,-9.311421E-06,6.66667E-04
2.611306,-1.907363E-06,-7.700233E-06,-6.66667E-04
2.612306,5.245238E-06,6.958871E-06,-2.33333E-03
2.613307,1.192099E-05,4.023343E-06,-.001
2.614307,2.3842E-06,1.521414E-05,-.001
2.615308,-1.382834E-05,2.886925E-05,-6.66667E-04
2.616308,-3.743195E-05,5.796581E-06,-.002
2.617309,-1.287466E-05,1.134358E-06,6.66667E-04
2.618309,-1.835835E-05,6.30322E-06,-6.66667E-04
2.61931,-3.242516E-05,1.491426E-05,-2.33333E-03
2.62031,-9.298383E-06,-2.929955E-06,-.001
2.621311,1.430519E-06,-9.525626E-06,-6.66667E-04
2.622311,-4.529982E-06,-2.041284E-05,6.66667E-04
2.623312,-6.437331E-06,-2.652605E-05,.001
2.624312,-2.861038E-06,-3.19297E-05,-.001
2.625313,4.053145E-06,-4.093372E-05,6.66667E-04
2.626313,-3.337875E-06,-2.337259E-05,-2.33333E-03
2.627314,7.152594E-07,2.995148E-06,6.66667E-04
2.628314,-3.361725E-05,2.515886E-05,-6.66667E-04
2.629315,-1.263624E-05,1.307955E-05,-6.66667E-04
2.630315,6.437331E-06,2.902944E-05,6.66667E-04
2.631316,-1.168257E-05,1.571712E-05,-.002
2.632316,1.192099E-05,-5.850598E-06,2.33333E-03
2.633317,3.838562E-05,-1.284858E-05,6.66667E-04
2.634317,3.2902E-05,-1.3426E-05,-.002
2.635318,3.528618E-05,-1.727615E-05,-6.66667E-04
2.636318,8.344708E-06,-7.683469E-06,-.001
2.637319,-8.821546E-06,-1.169748E-06,6.66667E-04
2.638319,9.536816E-07,1.590711E-05,-6.66667E-04
2.63932,2.193463E-05,1.998071E-05,-.001
2.64032,1.502043E-05,-1.955044E-05,-3.66667E-03
2.641321,-2.717983E-05,-2.153232E-06,6.66667E-04
2.642321,-2.169621E-05,2.523899E-06,6.66667E-04
2.643322,-1.835835E-05,-7.353752E-06,6.66667E-04
2.644322,-1.955044E-05,2.140194E-06,-.002
2.645323,-9.77522E-06,9.648575E-07,-.002
2.646323,-7.391005E-06,-1.03396E-05,.001
2.647324,-1.597416E-05,2.563014E-06,-.001
2.648324,-1.668942E-05,-1.927663E-05,.001
2.649325,-2.956402E-05,-4.960253E-06,-3.66667E-03
2.650325,-1.978886E-05,1.901772E-05,-3.66667E-03
2.651326,-2.312672E-05,2.206874E-05,-6.66667E-04
2.652326,-2.622616E-05,2.212089E-05,-6.66667E-04
2.653327,-4.768395E-05,1.057616E-05,.002
2.654327,-3.767037E-05,9.026437E-06,-6.66667E-04
2.655328,1.072889E-05,-2.198678E-05,-6.66667E-04
2.656328,3.314042E-05,-2.804783E-05,-6.66667E-04
2.657329,6.222771E-05,-2.863829E-05,-6.66667E-04
2.658329,5.459809E-05,-2.861966E-05,-.002
2.65933,3.385567E-05,-1.272751E-05,-.002
2.66033,1.811993E-05,-4.600752E-07,-6.66667E-04
2.661331,5.722075E-06,9.832962E-06,-6.66667E-04
2.662331,-1.430519E-06,9.361713E-06,-.004
2.663332,4.291564E-06,-6.509974E-06,-.001
2.664332,3.027928E-05,7.053866E-06,-3.66667E-03
2.665333,2.02657E-05,3.141561E-05,-.001
2.666333,3.814726E-06,4.447647E-05,.002
2.667334,-3.814726E-06,3.867806E-05,-6.66667E-04
2.668334,-2.002728E-05,2.730277E-05,-.002
2.669335,-1.525891E-05,9.398966E-06,-6.66667E-04
2.670335,2.217304E-05,-1.381716E-05,6.66667E-04
2.671336,2.837193E-05,-1.199922E-05,6.66667E-04
2.672336,3.147149E-05,1.194334E-05,-6.66667E-04
2.673337,2.861035E-05,-4.654779E-06,-.002
2.674337,2.598774E-05,-1.739908E-05,-6.66667E-04
2.675338,2.694142E-05,-3.515393E-05,.001
2.676338,1.478201E-05,-2.565247E-05,6.66667E-04
2.677339,3.361725E-05,-2.526504E-05,-.002
2.678339,5.149865E-05,-1.925428E-05,-.002
2.67934,2.360356E-05,-4.210346E-05,-6.66667E-04
2.68034,1.382834E-05,-4.026131E-05,.001
2.681341,2.527249E-05,-3.167824E-05,-.001
2.682341,-7.867871E-06,-3.996887E-05,-6.66667E-04
2.683342,-2.28883E-05,-4.114979E-05,-6.66667E-04
2.684342,-1.597416E-05,-2.925296E-05,-6.66667E-04
2.685343,-2.527249E-05,-3.947155E-05,-6.66667E-04
2.686343,-4.220032E-05,-6.530463E-06,-.002
2.687344,-1.788151E-05,3.051211E-05,6.66667E-04
2.688344,4.768401E-06,2.034765E-05,6.66667E-04
2.689345,2.121937E-05,4.891335E-06,6.66667E-04
2.690345,2.193463E-05,3.483165E-07,.001
2.691346,9.77522E-06,-2.709415E-05,-.001
2.692346,1.573574E-05,-5.221763E-05,-.002
2.693347,1.90736E-05,-2.558914E-05,-.001
2.694347,4.744553E-05,-2.365757E-05,-6.66667E-04
2.695348,4.076981E-05,1.149072E-05,-3.66667E-03
2.696348,2.360356E-05,3.680983E-05,-.001
2.697349,1.716625E-05,5.677372E-06,-6.66667E-04
2.698349,1.263624E-05,-5.392387E-06,6.66667E-04
2.69935,-1.6451E-05,4.928588E-06,-6.66667E-04
2.70035,4.291564E-06,-4.375383E-06,-.001
2.701351,-2.384204E-07,-5.36631E-06,-6.66667E-04
2.702351,4.053145E-06,-2.555564E-06,.001
2.703352,1.430517E-05,9.056239E-06,-.001
2.704352,2.193463E-05,-1.2748E-05,-.002
2.705353,5.292916E-05,-3.424496E-05,-6.66667E-04
2.706353,6.341981E-05,-2.213765E-05,-2.33333E-03
2.707354,2.980244E-05,4.321366E-06,-.002
2.708354,2.694142E-05,-9.210838E-06,6.66667E-04
2.709355,-2.169621E-05,-3.849366E-05,.002
2.710355,-4.434609E-05,-5.461113E-05,.002
2.711356,-2.241146E-05,-5.17203E-05,-6.66667E-04
2.712356,-8.344708E-06,-1.951691E-05,6.66667E-04
2.713357,2.074253E-05,-1.029117E-05,-6.66667E-04
2.714357,1.382834E-05,-2.361659E-05,6.66667E-04
2.715358,2.55109E-05,-3.366568E-05,.001
2.716358,1.287466E-05,-3.052712E-05,-6.66667E-04
2.717359,3.814726E-06,-3.597164E-05,6.66667E-04
2.718359,-4.291564E-06,-4.135282E-05,2.33333E-03
2.71936,8.344708E-06,-3.997632E-05,-3.66667E-03
2.72036,1.358992E-05,-2.698426E-05,-3.66667E-03
2.721361,2.098095E-05,-8.313044E-06,-.002
2.722361,4.029297E-05,-1.168629E-05,6.66667E-04
2.723362,4.410767E-05,-2.858613E-05,-.001
2.724362,3.93393E-05,-2.986949E-05,.001
2.725363,2.956402E-05,1.931578E-06,6.66667E-04
2.726363,1.096731E-05,2.47584E-05,-.001
2.727364,3.528618E-05,4.759087E-06,-6.66667E-04
2.728364,3.528618E-05,-3.302866E-05,.001
2.729365,5.912804E-05,-4.779012E-05,-.001
2.730365,8.845376E-05,-3.076368E-05,-.001
2.731366,8.177804E-05,-3.058859E-05,-.001
2.732366,6.961869E-05,-3.731647E-05,-.002
2.733367,6.699609E-05,-3.207684E-05,.002
2.734367,4.911446E-05,-3.959076E-05,-6.66667E-04
2.735368,2.956402E-05,-5.461113E-05,-.001
2.736368,2.098095E-05,-5.461113E-05,-6.66667E-04
2.737369,2.479565E-05,-5.461113E-05,6.66667E-04
2.738369,3.385567E-05,-5.461113E-05,-.001
2.73937,3.218674E-05,-5.461113E-05,6.66667E-04
2.74037,4.3154E-05,-5.461113E-05,-.001
2.741371,6.19893E-05,-5.461113E-05,-.001
2.742371,5.674385E-05,-4.451186E-05,.002
2.743372,4.673027E-05,-4.937896E-05,-6.66667E-04
2.744372,6.699609E-05,-2.273929E-05,-.002
2.745373,6.246613E-05,-1.656648E-05,.001
2.746373,4.649186E-05,-2.869975E-05,-6.66667E-04
2.747374,5.459809E-05,-3.442192E-05,-.002
2.748374,5.078339E-05,-5.461113E-05,-.002
2.749375,8.177804E-05,-5.461113E-05,6.66667E-04
2.750375,1.134877E-04,-5.461113E-05,.001
2.751376,1.339922E-04,-5.461113E-05,-6.66667E-04
2.752376,1.547346E-04,-4.933053E-05,-.001
2.753377,1.747617E-04,-3.27623E-05,-2.33333E-03
2.754377,2.34128E-04,-5.278573E-05,6.66667E-04
2.755378,3.101844E-04,-5.461113E-05,6.66667E-04
2.756378,3.838558E-04,-5.461113E-05,.001
2.757379,4.568119E-04,-5.461113E-05,-2.33333E-03
2.758379,5.035438E-04,-5.461113E-05,-6.66667E-04
2.75938,5.207099E-04,-5.461113E-05,.002
2.76038,4.894771E-04,-5.461113E-05,-.002
2.761381,4.155654E-04,-5.461113E-05,-6.66667E-04
2.762381,2.899189E-04,-5.461113E-05,-.002
2.763382,2.226839E-04,-5.461113E-05,6.66667E-04
2.764382,2.055177E-04,-5.461113E-05,6.66667E-04
2.765383,1.757154E-04,-5.444721E-05,-6.66667E-04
2.766383,1.385221E-04,-5.461113E-05,6.66667E-04
2.767384,1.156335E-04,-5.461113E-05,6.66667E-04
2.768384,1.113419E-04,-4.730583E-05,.002
2.769385,1.013284E-04,-5.461113E-05,-6.66667E-04
2.770385,9.059953E-05,-5.461113E-05,.001
2.771386,1.06812E-04,-5.461113E-05,-.002
2.772386,1.223097E-04,-4.100264E-05,-.001
2.773387,9.679841E-05,-4.071766E-05,-.001
2.774387,1.206403E-04,-5.461113E-05,-.002
2.775388,1.058583E-04,-5.461113E-05,.001
2.776388,9.489106E-05,-5.461113E-05,-6.66667E-04
2.777389,1.19925E-04,-5.461113E-05,-.002
2.778389,1.034741E-04,-5.461113E-05,-.001
2.77939,9.632157E-05,-5.461113E-05,-6.66667E-04
2.78039,1.001363E-04,-5.461113E-05,6.66667E-04
2.781391,1.392374E-04,-5.461113E-05,-6.66667E-04
2.782391,1.468668E-04,-5.461113E-05,-6.66667E-04
2.783392,1.556883E-04,-5.461113E-05,-.001
2.784392,1.82868E-04,-5.461113E-05,-.001
2.785393,1.981268E-04,-5.461113E-05,6.66667E-04
2.786393,2.126703E-04,-5.461113E-05,-.001
2.787394,1.838217E-04,-5.461113E-05,6.66667E-04
2.788394,1.776228E-04,-5.461113E-05,-6.66667E-04
2.789395,1.792917E-04,-5.461113E-05,-6.66667E-04
2.790395,1.804838E-04,-5.461113E-05,-6.66667E-04
2.791396,1.962194E-04,-5.461113E-05,-.001
2.792396,1.933584E-04,-5.461113E-05,6.66667E-04
2.793397,1.616487E-04,-5.461113E-05,-.001
2.794397,1.792917E-04,-5.461113E-05,.001
2.795398,2.269754E-04,-5.461113E-05,-.001
2.796398,2.226839E-04,-5.461113E-05,-.001
2.797399,2.367506E-04,-5.461113E-05,-6.66667E-04
2.798399,2.34128E-04,-5.461113E-05,.001
2.7994,2.434263E-04,-4.389347E-05,6.66667E-04
2.8004,2.470035E-04,-5.461113E-05,-.002
2.801401,2.667923E-04,-5.461113E-05,-.002
2.802401,2.882499E-04,-5.461113E-05,-.001
2.803402,3.325958E-04,-5.461113E-05,-.001
2.804402,4.093666E-04,-5.461113E-05,-6.66667E-04
2.805403,4.38692E-04,-5.461113E-05,-.002
2.806403,4.856605E-04,-5.461113E-05,-6.66667E-04
2.807404,5.24763E-04,-5.461113E-05,.001
2.808404,6.101169E-04,-5.461113E-05,-.002
2.809405,6.661452E-04,-5.461113E-05,6.66667E-04
2.810405,6.792583E-04,-5.461113E-05,-2.33333E-03
2.811406,7.004775E-04,-5.461113E-05,6.66667E-04
2.812406,7.066764E-04,-5.461113E-05,-6.66667E-04
2.813407,6.926097E-04,-5.461113E-05,-.001
2.814407,6.854571E-04,-5.461113E-05,2.33333E-03
2.815408,6.647147E-04,-5.461113E-05,-6.66667E-04
2.816408,5.800761E-04,-5.461113E-05,.001
2.817409,4.863758E-04,-5.461113E-05,-6.66667E-04
2.818409,4.029293E-04,-5.461113E-05,.002
2.81941,3.643055E-04,-5.461113E-05,-.002
2.82041,3.447551E-04,-5.461113E-05,-.002
2.821411,3.433246E-04,-5.461113E-05,6.66667E-04
2.822411,3.323574E-04,-5.461113E-05,-6.66667E-04
2.823412,3.421325E-04,-5.461113E-05,-6.66667E-04
2.824412,3.392715E-04,-5.461113E-05,-.001
2.825413,3.23059E-04,-5.461113E-05,6.66667E-04
2.826413,3.237743E-04,-5.461113E-05,.001
2.827414,3.185291E-04,-5.461113E-05,-.002
2.828414,3.292579E-04,-5.461113E-05,.001
2.829415,3.252048E-04,-5.461113E-05,-.001
2.830415,3.530998E-04,-5.461113E-05,-.002
2.831416,3.914852E-04,-5.461113E-05,-6.66667E-04
2.832416,4.115123E-04,-5.461113E-05,-.002
2.833417,4.47752E-04,-5.461113E-05,.002
2.834417,4.954375E-04,-5.461113E-05,.002
2.835418,5.509891E-04,-5.461113E-05,.001
2.836418,6.225146E-04,-5.461113E-05,-6.66667E-04
2.837419,6.649531E-04,-5.461113E-05,-.001
2.838419,7.145442E-04,-5.461113E-05,-6.66667E-04
2.83942,7.214583E-04,-5.461113E-05,6.66667E-04
2.84042,7.483996E-04,-5.461113E-05,-6.66667E-04
2.841421,7.488765E-04,-5.461113E-05,-.002
2.842421,7.424392E-04,-5.461113E-05,-6.66667E-04
2.843422,7.19551E-04,-5.461113E-05,-.001
2.844422,6.382503E-04,-5.461113E-05,-2.33333E-03
2.845423,5.645789E-04,-5.461113E-05,.002
2.846423,5.233325E-04,-5.461113E-05,-6.66667E-04
2.847424,4.816074E-04,-5.461113E-05,-6.66667E-04
2.848424,4.372615E-04,-5.461113E-05,-.001
2.849425,4.196186E-04,-5.461113E-05,.001
2.850425,4.003067E-04,-5.461113E-05,-6.66667E-04
2.851426,3.94823E-04,-5.461113E-05,.001
2.852426,4.12466E-04,-5.461113E-05,-6.66667E-04
2.853427,4.086513E-04,-5.461113E-05,-6.66667E-04
2.854427,4.262943E-04,-5.461113E-05,.001
2.855428,4.367847E-04,-5.461113E-05,-.004
2.856428,4.551429E-04,-5.461113E-05,-6.66667E-04
2.857429,5.214252E-04,-5.461113E-05,-.001
2.858429,5.769767E-04,-5.461113E-05,-6.66667E-04
2.85943,6.556548E-04,-5.461113E-05,6.66667E-04
2.86043,7.805862E-04,-5.461113E-05,-6.66667E-04
2.861431,9.372272E-04,-5.461113E-05,-6.66667E-04
2.862431,1.11676E-03,-5.461113E-05,6.66667E-04
2.863432,1.283415E-03,-5.461113E-05,.001
2.864432,1.460083E-03,-5.461113E-05,-2.33333E-03
2.865433,1.664408E-03,-5.461113E-05,-.001
2.866433,1.920946E-03,-5.461113E-05,-6.66667E-04
2.867434,2.109781E-03,-5.461113E-05,-2.33333E-03
2.868434,2.208248E-03,-5.461113E-05,-6.66667E-04
2.869435,.0022185,-5.461113E-05,6.66667E-04
2.870435,2.161518E-03,-5.461113E-05,-.002
2.871436,2.036825E-03,-5.461113E-05,6.66667E-04
2.872436,1.841076E-03,-5.461113E-05,-6.66667E-04
2.873437,1.610763E-03,-5.461113E-05,-6.66667E-04
2.874437,1.381405E-03,-5.461113E-05,-6.66667E-04
2.875438,1.187332E-03,-5.461113E-05,.001
2.876438,1.03379E-03,-5.461113E-05,-6.66667E-04
2.877439,8.943118E-04,-5.461113E-05,.001
2.878439,8.165874E-04,-5.461113E-05,-2.33333E-03
2.87944,8.280315E-04,-5.461113E-05,6.66667E-04
2.88044,9.048022E-04,-5.461113E-05,-3.66667E-03
2.881441,1.025446E-03,-5.461113E-05,-.001
2.882441,1.157053E-03,-5.461113E-05,6.66667E-04
2.883442,1.307972E-03,-5.461113E-05,-.002
2.884442,1.528271E-03,-5.461113E-05,-.001
2.885443,1.759775E-03,-5.461113E-05,-.002
2.886443,1.998916E-03,-5.461113E-05,6.66667E-04
2.887444,2.188936E-03,-5.461113E-05,-.001
2.888444,2.352968E-03,-5.461113E-05,-6.66667E-04
2.889445,2.40995E-03,-5.461113E-05,-.001
2.890445,2.387062E-03,-5.461113E-05,-.001
2.891446,2.304092E-03,-5.461113E-05,.001
2.892446,2.186075E-03,-5.461113E-05,-.001
2.893447,2.031103E-03,-5.461113E-05,-6.66667E-04
2.894447,1.835115E-03,-5.461113E-05,-.002
2.895448,1.586922E-03,-5.461113E-05,6.66667E-04
2.896448,1.367338E-03,-5.461113E-05,-6.66667E-04
2.897449,1.151092E-03,-5.461113E-05,6.66667E-04
2.898449,9.820536E-04,-5.461113E-05,6.66667E-04
2.89945,8.327998E-04,-5.461113E-05,.001
2.90045,7.131137E-04,-5.461113E-05,.001
2.901451,6.260909E-04,-5.461113E-05,.001
2.902451,5.621947E-04,-5.461113E-05,-.001
2.903452,5.364455E-04,-5.461113E-05,.002
2.904452,5.140342E-04,-5.461113E-05,-2.33333E-03
2.905453,4.830379E-04,-5.461113E-05,-.001
2.906453,4.475135E-04,-5.461113E-05,.001
2.907454,4.463214E-04,-5.461113E-05,-.001
2.908454,4.673023E-04,-5.461113E-05,6.66667E-04
2.909455,5.018748E-04,-5.461113E-05,-.002
2.910455,5.37876E-04,-5.461113E-05,-.002
2.911456,5.574264E-04,-5.461113E-05,-6.66667E-04
2.912456,6.063022E-04,-5.461113E-05,6.66667E-04
2.913457,6.454028E-04,-5.461113E-05,-.002
2.914457,6.909408E-04,-5.461113E-05,.002
2.915458,7.205047E-04,-5.461113E-05,-.001
2.916458,7.300414E-04,-5.461113E-05,-6.66667E-04
2.917459,7.483996E-04,-5.461113E-05,-6.66667E-04
2.918459,7.414855E-04,-5.461113E-05,-3.66667E-03
2.91946,7.202663E-04,-5.461113E-05,-.002
2.92046,6.899871E-04,-5.461113E-05,-.001
2.921461,6.408729E-04,-5.461113E-05,-6.66667E-04
2.922461,5.528964E-04,-5.461113E-05,-6.66667E-04
2.923462,4.904307E-04,-5.461113E-05,.001
2.924462,4.391689E-04,-5.461113E-05,-2.33333E-03
2.925463,4.081745E-04,-5.461113E-05,.001
2.926463,3.75988E-04,-5.461113E-05,-2.33333E-03
2.927464,3.366489E-04,-5.461113E-05,-6.66667E-04
2.928464,3.216285E-04,-5.461113E-05,-6.66667E-04
2.929465,2.999324E-04,-5.461113E-05,-3.66667E-03
2.930465,2.92303E-04,-5.461113E-05,.001
2.931466,3.001709E-04,-5.461113E-05,-.001
2.932466,3.345031E-04,-5.461113E-05,-2.33333E-03
2.933467,3.607292E-04,-5.461113E-05,-.001
2.934467,3.89101E-04,-5.461113E-05,-6.66667E-04
2.935468,4.2844E-04,-5.461113E-05,-.001
2.936468,4.560966E-04,-5.461113E-05,.001
2.937469,4.932918E-04,-5.461113E-05,.002
2.938469,5.662479E-04,-5.461113E-05,-6.66667E-04
2.93947,6.599464E-04,-5.461113E-05,-2.33333E-03
2.94047,7.460155E-04,-5.461113E-05,-.001
2.941471,8.077659E-04,-5.461113E-05,-.001
2.942471,8.096732E-04,-5.461113E-05,.001
2.943472,8.211173E-04,-5.461113E-05,6.66667E-04
2.944472,8.07289E-04,-5.461113E-05,.001
2.945473,7.629432E-04,-5.461113E-05,6.66667E-04
2.946473,7.06438E-04,-5.461113E-05,6.66667E-04
2.947474,6.27283E-04,-5.461113E-05,-.001
2.948474,5.490817E-04,-5.461113E-05,2.33333E-03
2.949475,4.587192E-04,-5.461113E-05,6.66667E-04
2.950475,3.931541E-04,-5.461113E-05,-.001
2.951476,3.564376E-04,-5.461113E-05,-.001
2.952476,3.240127E-04,-5.461113E-05,-6.66667E-04
2.953477,2.725143E-04,-5.461113E-05,-6.66667E-04
2.954477,2.667923E-04,-5.461113E-05,-6.66667E-04
2.955478,2.419958E-04,-5.461113E-05,-.002
2.956478,2.34128E-04,-5.061016E-05,.001
2.957479,2.367506E-04,-5.461113E-05,-6.66667E-04
2.958479,2.443809E-04,-5.461113E-05,-.001
2.95948,2.374658E-04,-5.461113E-05,-.001
2.96048,2.23876E-04,-5.461113E-05,-.002
2.961481,2.329359E-04,-5.461113E-05,-.002
2.962481,2.074251E-04,-5.461113E-05,-.001
2.963482,2.00511E-04,-5.461113E-05,-.002
2.964482,1.864443E-04,-5.461113E-05,6.66667E-04
2.965483,1.780996E-04,-5.461113E-05,.001
2.966483,1.90259E-04,-5.461113E-05,-.002
2.967484,1.914511E-04,-5.461113E-05,-.002
2.968484,1.943121E-04,-5.461113E-05,-.002
2.969485,2.13624E-04,-5.461113E-05,-.002
2.970485,2.114782E-04,-5.461113E-05,-.002
2.971486,1.761923E-04,-5.461113E-05,-6.66667E-04
2.972486,1.659403E-04,-5.461113E-05,-6.66667E-04
2.973487,1.487741E-04,-5.461113E-05,6.66667E-04
2.974487,1.31608E-04,-5.461113E-05,-.002
2.975488,1.459131E-04,-5.461113E-05,.001
2.976488,1.413831E-04,-5.461113E-05,6.66667E-04
2.977489,1.177792E-04,-5.461113E-05,-6.66667E-04
2.978489,1.282701E-04,-5.042576E-05,.001
2.97949,1.406679E-04,-5.461113E-05,-6.66667E-04
2.98049,1.862058E-04,-4.329742E-05,-6.66667E-04
2.981491,2.498645E-04,-5.461113E-05,.001
2.982491,2.830047E-04,-5.461113E-05,-.001
2.983492,3.252048E-04,-5.461113E-05,.001
2.984492,3.943462E-04,-5.461113E-05,-.001
2.985493,4.429836E-04,-5.461113E-05,-.001
2.986493,4.806537E-04,-5.461113E-05,6.66667E-04
2.987494,4.808921E-04,-5.461113E-05,-6.66667E-04
2.988494,4.713554E-04,-5.461113E-05,.001
2.989495,4.260559E-04,-5.461113E-05,-6.66667E-04
2.990495,3.380794E-04,-5.461113E-05,-.004
2.991496,2.648849E-04,-5.461113E-05,6.66667E-04
2.992496,2.126703E-04,-5.461113E-05,-6.66667E-04
2.993497,1.649866E-04,-4.020729E-05,-6.66667E-04
2.994497,1.335153E-04,-3.776723E-05,-6.66667E-04
2.995498,1.206403E-04,-5.461113E-05,-6.66667E-04
2.996498,9.131478E-05,-5.461113E-05,-.001
2.997499,8.416222E-05,-5.461113E-05,-6.66667E-04
2.998499,6.961869E-05,-5.461113E-05,.001
2.9995,7.343339E-05,-5.461113E-05,.002
3.0005,9.465264E-05,-5.461113E-05,-6.66667E-04
3.001501,8.082436E-05,-4.181848E-05,-.001
3.002501,6.84266E-05,-1.458457E-05,-.001
3.003502,6.794976E-05,-1.601884E-07,-.001
3.004502,5.626702E-05,-1.628336E-05,-6.66667E-04
3.005503,3.480935E-05,-4.994334E-05,-6.66667E-04
3.006503,7.128762E-05,-5.371706E-05,-.002
3.007504,1.087193E-04,-3.290758E-05,-6.66667E-04
3.008504,1.018052E-04,-3.638701E-05,-.001
3.009505,6.413506E-05,-3.290386E-05,6.66667E-04
3.010505,6.890344E-05,-5.461113E-05,-6.66667E-04
3.011506,6.747292E-05,-5.461113E-05,6.66667E-04
3.012506,7.462548E-05,-5.461113E-05,-6.66667E-04
3.013507,7.367181E-05,-5.461113E-05,-2.33333E-03
3.014507,7.915543E-05,-4.976639E-05,-.001
3.015508,6.46119E-05,-4.249089E-05,-6.66667E-04
3.016508,4.19619E-05,-4.670979E-05,.001
3.017509,1.358992E-05,-4.57766E-05,-.002
3.018509,2.264988E-05,-2.985459E-05,-.001
3.01951,2.980244E-05,-1.701165E-05,-6.66667E-04
3.02051,4.696869E-05,-5.348795E-05,-.001
3.021511,6.175088E-05,-5.461113E-05,-6.66667E-04
3.022511,6.72345E-05,-5.461113E-05,-2.33333E-03
3.023512,4.744553E-05,-3.554695E-05,6.66667E-04
3.024512,2.861035E-05,-2.971303E-05,-.002
3.025513,2.431881E-05,-4.263618E-05,-.001
3.026513,5.459809E-05,-5.461113E-05,-.002
3.027514,4.982972E-05,-5.0314E-05,.001
3.028514,6.628083E-05,-4.526624E-05,-.002
3.029515,7.247971E-05,-4.4076E-05,6.66667E-04
3.030515,8.201646E-05,-1.893949E-05,-6.66667E-04
3.031516,4.029297E-05,-1.886126E-05,-6.66667E-04
3.032516,5.197548E-05,-1.937535E-05,-.002
3.033517,5.650544E-05,-2.810746E-06,-.001
3.034517,5.626702E-05,-9.64856E-06,-6.66667E-04
3.035518,8.177804E-05,-1.236802E-05,-.002
3.036518,4.911446E-05,-6.001472E-06,6.66667E-04
3.037519,3.385567E-05,-1.003972E-05,.001
3.038519,2.55109E-05,6.118818E-06,-.002
3.03952,3.600144E-05,1.726679E-06,-2.33333E-03
3.04052,6.794976E-05,-7.348164E-06,6.66667E-04
3.041521,8.940743E-05,4.2748E-06,-6.66667E-04
3.042521,6.675767E-05,-8.994772E-06,-.002
3.043522,3.93393E-05,-2.437655E-05,.001
3.044522,2.837193E-05,-4.877546E-05,.001
3.045523,2.741825E-05,-4.70283E-05,-.001
3.046523,3.242516E-05,-3.249221E-05,6.66667E-04
3.047524,5.22139E-05,-1.1297E-05,-.001
3.048524,7.462548E-05,-5.625217E-06,.001
3.049525,7.605599E-05,-1.148327E-05,-6.66667E-04
3.050525,7.247971E-05,4.222646E-06,6.66667E-04
3.051526,7.176446E-05,-1.749967E-05,6.66667E-04
3.052526,6.246613E-05,-3.32857E-05,6.66667E-04
3.053527,6.175088E-05,-1.948338E-05,6.66667E-04
3.054527,8.392381E-05,-3.52005E-05,6.66667E-04
3.055528,8.630799E-05,-3.456534E-05,-.002
3.056528,8.034753E-05,-2.474908E-05,.001
3.057529,8.13012E-05,-3.519864E-05,-.001
3.058529,4.172348E-05,-4.843646E-05,.002
3.05953,2.455723E-05,-3.945106E-05,-.002
3.06053,2.241146E-05,-5.461113E-05,6.66667E-04
3.061531,1.311308E-05,-5.461113E-05,-.002
3.062531,1.692784E-05,-5.461113E-05,-6.66667E-04
3.063532,1.668942E-05,-1.699862E-05,-.002
3.064532,2.455723E-05,2.546806E-05,-6.66667E-04
3.065533,2.193463E-05,3.271946E-05,-.002
3.066533,1.764309E-05,1.537253E-05,-6.66667E-04
3.067534,3.743195E-05,1.206069E-05,-.001
3.068534,3.218674E-05,-1.147397E-06,-.002
3.069535,6.175088E-05,-1.072889E-05,-.001
3.070535,5.674385E-05,4.252448E-06,6.66667E-04
3.071536,4.863762E-05,3.762561E-07,.001
3.072536,4.220032E-05,8.10629E-06,-.001
3.073537,4.696869E-05,2.458706E-06,-.001
3.074537,5.102181E-05,-1.85353E-05,6.66667E-04
3.075538,5.459809E-05,-1.293613E-05,.002
3.076538,4.458451E-05,-9.419455E-06,-6.66667E-04
3.077539,6.19893E-05,-1.681608E-05,.001
3.078539,4.816079E-05,-4.941627E-06,-.001
3.07954,1.597416E-05,-2.151926E-05,-2.33333E-03
3.08054,2.145779E-05,-4.577101E-05,.001
3.081541,3.600144E-05,-5.461113E-05,-6.66667E-04
3.082541,3.957772E-05,-5.461113E-05,.001
3.083542,4.339241E-05,-4.998804E-05,3.66667E-03
3.084542,2.908718E-05,-2.001983E-05,-.002
3.085543,2.527249E-05,6.480172E-06,.001
3.086543,1.859677E-05,3.406793E-06,6.66667E-04
3.087544,-9.536801E-06,-4.803791E-06,-6.66667E-04
3.088544,-1.287466E-05,-2.803106E-05,.002
3.089545,2.455723E-05,-1.187815E-05,6.66667E-04
3.090545,3.480935E-05,-8.7191E-06,-.002
3.091546,3.147149E-05,-8.856936E-06,6.66667E-04
3.092546,1.811993E-05,2.449204E-05,-.001
3.093547,1.931202E-05,2.133858E-05,-.002
3.094547,1.811993E-05,2.453118E-06,.001
3.095548,1.978886E-05,2.611443E-06,-.002
3.096548,1.811993E-05,-7.284834E-06,-.001
3.097549,2.074253E-05,-2.121751E-05,-2.33333E-03
3.098549,3.576302E-05,-4.992099E-05,-.001
3.09955,1.740467E-05,-5.035126E-05,-.002
3.10055,1.430517E-05,-5.213195E-05,-.002
3.101551,3.528618E-05,-3.56941E-05,-.001
3.102551,3.433251E-05,-4.332908E-05,6.66667E-04
3.103552,-6.198912E-06,-8.195697E-06,-.002
3.104552,-7.152594E-07,5.168869E-06,-.001
3.105553,-9.298383E-06,6.84525E-06,-6.66667E-04
3.106553,-3.337883E-05,-2.519425E-05,-6.66667E-04
3.107554,-3.385567E-05,-1.512101E-05,-.002
3.108554,-3.242516E-05,-3.797948E-06,6.66667E-04
3.109555,1.430519E-06,-2.177258E-05,-6.66667E-04
3.110555,1.144415E-05,3.574431E-06,-6.66667E-04
3.111556,2.717983E-05,1.486024E-05,6.66667E-04
3.112556,3.957772E-05,1.692038E-05,6.66667E-04
3.113557,3.743195E-05,1.230283E-05,-.001
3.114557,1.382834E-05,-7.206603E-06,-6.66667E-04
3.115558,8.583127E-06,-2.565247E-05,-.001
3.116558,2.312672E-05,-2.243568E-05,-.001
3.117559,2.884876E-05,-1.559232E-05,6.66667E-04
3.118559,3.099465E-05,1.976651E-05,-.004
3.11956,2.02657E-05,2.505828E-05,-.002
3.12056,1.668942E-05,-6.319984E-06,-6.66667E-04
3.121561,2.074253E-05,-2.397795E-05,-6.66667E-04
3.122561,9.298383E-06,-5.461113E-05,-3.66667E-03
3.123562,-5.483656E-06,-5.461113E-05,-6.66667E-04
3.124562,1.931202E-05,-2.397236E-05,-6.66667E-04
3.125563,2.861035E-05,-2.408415E-06,-.001
3.126563,1.502043E-05,-1.459947E-05,6.66667E-04
3.127564,7.867871E-06,-3.680051E-05,6.66667E-04
3.128564,4.19619E-05,-4.083687E-05,6.66667E-04
3.129565,2.360356E-05,-2.864015E-05,.001
3.130565,9.536816E-07,2.224013E-06,.001
3.131566,-6.198912E-06,2.203707E-05,.002
3.132566,-3.504776E-05,1.781259E-05,-.001
3.133567,-9.536801E-06,-2.246365E-06,6.66667E-04
3.134567,4.291564E-06,-4.153722E-05,-2.33333E-03
3.135568,1.072889E-05,-5.359971E-05,.001
3.136568,6.675749E-06,-2.742384E-05,-6.66667E-04
3.137569,-1.263624E-05,-1.192285E-05,-6.66667E-04
3.138569,-3.814721E-05,2.421457E-07,6.66667E-04
3.13957,-9.298383E-06,-2.269272E-05,6.66667E-04
3.14057,-1.144415E-05,-1.363648E-05,-6.66667E-04
3.141571,1.454359E-05,-4.578219E-05,-6.66667E-04
3.142571,3.147149E-05,-3.059232E-05,-.002
3.143572,5.102181E-05,-1.286535E-05,-6.66667E-04
3.144572,5.507492E-05,7.761701E-06,-.001
3.145573,5.769753E-05,-4.388421E-06,.001
3.146573,4.95913E-05,-2.329436E-05,-.001
3.147574,3.504776E-05,-2.628763E-05,-6.66667E-04
3.148574,1.502043E-05,-3.246614E-05,.001
3.149575,-2.6703E-05,-1.974043E-05,-.001
3.150575,-2.884876E-05,4.911824E-06,6.66667E-04
3.151576,-6.198912E-06,1.104556E-06,-.001
3.152576,2.622619E-06,-1.641747E-05,-.002
3.153577,-1.215941E-05,-3.551901E-05,-6.66667E-04
3.154577,-4.529982E-06,-3.057183E-05,6.66667E-04
3.155578,-1.502043E-05,-1.680118E-05,6.66667E-04
3.156578,-1.168257E-05,-1.568173E-05,-3.66667E-03
3.157579,9.298383E-06,-1.581025E-05,.001
3.158579,3.075623E-05,-2.610136E-05,.001
3.15958,3.194832E-05,-2.383266E-05,.002
3.16058,2.145782E-06,-3.850111E-05,-6.66667E-04
3.161581,-1.430517E-05,-4.044012E-05,-.001
3.162581,4.291564E-06,-2.629508E-05,-.002
3.163582,-5.269074E-05,-3.974722E-05,-.001
3.164582,-6.032013E-05,-5.398155E-05,-6.66667E-04
3.165583,-4.410767E-05,-4.200288E-05,2.33333E-03
3.166583,-3.266358E-05,-2.286595E-05,-6.66667E-04
3.167584,-2.28883E-05,-5.345828E-07,6.66667E-04
3.168584,4.529982E-06,-2.895121E-05,-.001
3.169585,2.622619E-06,-1.790945E-05,6.66667E-04
3.170585,1.287466E-05,1.50316E-05,-.001
3.171586,1.239782E-05,1.985219E-05,6.66667E-04
3.172586,2.02657E-05,6.821036E-06,-6.66667E-04
3.173587,7.152586E-06,1.973484E-05,.001
3.174587,-1.454359E-05,1.853902E-05,.001
3.175588,-1.358992E-05,-1.125043E-05,.002
3.176588,-6.437331E-06,-2.491113E-05,6.66667E-04
3.177589,-5.245238E-06,-2.695259E-05,-6.66667E-04
3.178589,1.287466E-05,-3.227615E-05,6.66667E-04
3.17959,1.764309E-05,-1.554016E-05,-.001
3.18059,1.716625E-05,3.090143E-06,-.002
3.181591,2.241146E-05,1.472241E-05,-6.66667E-04
3.182591,1.239782E-05,6.627321E-06,-.001
3.183592,-1.668942E-05,2.041474E-06,6.66667E-04
3.184592,-1.811993E-05,-1.931016E-05,-6.66667E-04
3.185593,-1.788151E-05,-2.613489E-05,-6.66667E-04
3.186593,-2.050411E-05,1.934927E-05,-6.66667E-04
3.187594,-1.621258E-05,3.589154E-05,6.66667E-04
3.188594,1.049048E-05,2.910581E-05,.001
3.189595,1.049048E-05,1.692597E-05,6.66667E-04
3.190595,1.549732E-05,-3.978639E-06,.001
3.191596,2.360356E-05,8.255302E-06,-.001
3.192596,2.312672E-05,-1.415244E-05,-.001
3.193597,1.978886E-05,3.70109E-06,6.66667E-04
3.194597,-2.574932E-05,1.609896E-05,-6.66667E-04
3.195598,-2.55109E-05,-2.762317E-06,-6.66667E-04
3.196598,-2.837193E-05,-1.90587E-05,6.66667E-04
3.197599,-3.600144E-05,-2.363895E-05,.002
3.198599,-4.768401E-06,-1.100831E-06,-.002
3.1996,1.573574E-05,-4.453614E-06,-.001
3.2006,5.483656E-06,-4.166766E-06,-2.33333E-03
3.201601,2.646458E-05,-3.138572E-06,6.66667E-04
3.202601,4.529976E-05,1.936604E-05,6.66667E-04
3.203602,1.6451E-05,2.086547E-05,-.002
3.204602,6.675749E-06,1.421018E-05,.001
3.205603,1.978886E-05,1.846079E-05,.001
3.206603,2.145782E-06,1.588103E-05,-6.66667E-04
3.207604,-2.336514E-05,4.268088E-05,-.001
3.208604,-3.504776E-05,3.137835E-05,6.66667E-04
3.209605,-3.790879E-05,8.098839E-06,-.001
3.210605,-3.004086E-05,-2.634164E-05,-.001
3.211606,-2.002728E-05,-1.065439E-05,-.001
3.212606,-4.339241E-05,-1.583446E-05,-.001
3.213607,-1.573574E-05,-2.887115E-06,-.001
3.214607,1.597416E-05,1.151493E-05,.001
3.215608,1.549732E-05,5.792856E-06,-6.66667E-04
3.216608,1.33515E-05,3.656387E-06,-6.66667E-04
3.217609,-8.344708E-06,2.279892E-06,-3.66667E-03
3.218609,-4.529982E-06,2.682224E-06,-6.66667E-04
3.21961,-1.311308E-05,3.242702E-05,.001
3.22061,-1.621258E-05,2.647389E-05,.001
3.221611,-3.337875E-06,-7.236406E-06,-6.66667E-04
3.222611,-8.583127E-06,7.04269E-06,-6.66667E-04
3.223612,-1.621258E-05,-5.425914E-06,6.66667E-04
3.224612,-3.337875E-06,-2.011671E-06,-6.66667E-04
3.225613,1.239782E-05,-4.740461E-06,-6.66667E-04
3.226614,2.050411E-05,1.358805E-05,-.001
3.227614,2.360356E-05,-1.050165E-05,6.66667E-04
3.228614,7.867871E-06,-3.354088E-05,-.002
3.229615,-2.717983E-05,-3.471994E-05,-6.66667E-04
3.230615,-1.811993E-05,-5.340786E-05,-.001
3.231616,-1.716625E-05,-2.250087E-05,.001
3.232616,-4.005455E-05,-1.077546E-05,-6.66667E-04
3.233617,-3.886246E-05,-1.793366E-05,-.002
3.234617,-1.192099E-05,-1.161738E-05,-.002
3.235618,-1.33515E-05,2.251953E-06,-6.66667E-04
3.236619,-7.152586E-06,-1.852412E-05,-6.66667E-04
3.237619,2.694142E-05,-6.889954E-06,6.66667E-04
3.238619,2.861038E-06,-5.625225E-07,-.002
3.23962,-9.536816E-07,3.086418E-06,-2.33333E-03
3.24062,1.788151E-05,-1.00602E-05,-.001
3.241621,3.743195E-05,-2.550718E-05,-6.66667E-04
3.242621,4.434609E-05,-5.189358E-06,-.001
3.243622,-9.536816E-07,-7.238268E-06,-.001
3.244622,2.3842E-06,-3.111199E-05,-.001
3.245623,1.859677E-05,-4.158006E-05,-3.66667E-03
3.246624,1.311308E-05,-5.461113E-05,-6.66667E-04
3.247624,3.623986E-05,-5.461113E-05,-.001
3.248624,3.790879E-05,-5.02246E-05,-2.33333E-03
3.249625,8.344708E-06,-2.351415E-05,-.001
3.250625,-1.168257E-05,-1.782563E-05,-.002
3.251626,-8.821546E-06,-1.11126E-05,.001
3.252626,-7.152594E-07,1.376502E-06,-6.66667E-04
3.253627,2.694142E-05,1.298828E-05,6.66667E-04
3.254627,4.410767E-05,3.598467E-05,6.66667E-04
3.255628,2.455723E-05,2.937589E-05,-.002
3.256629,5.483656E-06,2.17614E-05,.001
3.257629,-5.722075E-06,1.209421E-05,6.66667E-04
3.258629,-3.099456E-06,1.723703E-05,-.002
3.25963,1.883518E-05,2.56655E-05,-.001
3.26063,-4.768401E-06,1.970504E-05,-.001
3.261631,-2.145779E-05,-1.135288E-05,-.002
3.262631,-5.483656E-06,-8.475072E-07,.001
3.263632,1.883518E-05,-4.582125E-07,.002
3.264632,4.768401E-06,8.624105E-06,-.002
3.265633,2.431881E-05,1.16062E-05,-6.66667E-04
3.266634,4.053145E-06,9.214564E-06,-6.66667E-04
3.267634,-7.867871E-06,1.547125E-05,-.001
3.268634,-3.55246E-05,-1.589407E-05,-3.66667E-03
3.269635,-3.123307E-05,-5.461113E-05,-6.66667E-04
3.270635,-8.344708E-06,-5.461113E-05,6.66667E-04
3.271636,3.433251E-05,-2.537679E-05,-.002
3.272636,1.144415E-05,-2.016698E-05,-.001
3.273637,-7.152594E-07,-3.725314E-05,-6.66667E-04
3.274637,5.960494E-06,-2.759707E-05,-6.66667E-04
3.275638,4.768408E-07,-3.164844E-05,-.001
3.276639,1.430519E-06,-3.127396E-06,6.66667E-04
3.277639,-2.145782E-06,1.911272E-05,6.66667E-04
3.278639,1.215941E-05,3.010978E-05,.001
3.27964,-4.053145E-06,2.083008E-05,-.001
3.28064,1.454359E-05,1.712528E-05,-2.33333E-03
3.281641,1.668942E-05,-2.8629E-06,-.001
3.282641,2.694142E-05,-2.226431E-05,-.001
3.283642,7.152586E-06,-5.327194E-06,6.66667E-04
3.284642,-2.098095E-05,5.325332E-06,-.002
3.285643,-9.536801E-06,4.433114E-07,.001
3.286644,-2.193463E-05,-1.57078E-05,-.001
3.287644,-7.152594E-07,-2.22103E-05,6.66667E-04
3.288644,4.291564E-06,-2.982852E-05,.001
3.289645,9.536816E-07,-1.580652E-05,.001
3.290645,-1.502043E-05,1.363464E-06,.001
3.291646,1.907363E-06,4.602625E-06,-.002
3.292646,1.764309E-05,1.443557E-06,.001
3.293647,4.220032E-05,-2.609577E-05,.002
3.294647,3.528618E-05,-2.290134E-05,-6.66667E-04
3.295648,1.907363E-06,-2.146896E-05,6.66667E-04
3.296649,-2.956402E-05,-3.546686E-05,-3.66667E-03
3.297649,-3.504776E-05,-3.047302E-06,6.66667E-04
3.298649,-1.883518E-05,1.765427E-05,-.001
3.29965,9.059964E-06,3.675581E-05,6.66667E-04
3.30065,2.431881E-05,3.63423E-05,-.001
3.301651,1.120573E-05,5.066232E-05,-6.66667E-04
3.302651,-2.121937E-05,3.434741E-05,-6.66667E-04
3.303652,-2.789509E-05,1.924124E-05,.001
3.304652,-1.478201E-05,-2.365574E-06,.002
3.305653,-1.788151E-05,-6.036862E-06,-.002
3.306653,-8.344708E-06,-1.567055E-05,-.001
3.307654,-2.050411E-05,-3.468827E-05,.001
3.308654,-2.908718E-05,-4.368671E-05,-6.66667E-04
3.309655,-2.789509E-05,-2.095674E-05,-.001
3.310655,-2.479565E-05,-1.27778E-05,6.66667E-04
3.311656,-3.385567E-05,-4.868984E-06,-.002
3.312656,-3.671669E-05,-7.711409E-06,6.66667E-04
3.313657,-3.218674E-05,4.109024E-06,.001
3.314657,-2.837193E-05,-2.988812E-05,.001
3.315658,-1.430517E-05,-2.10983E-05,-.001
3.316658,-1.382834E-05,-2.801989E-05,-6.66667E-04
3.317659,1.1921E-06,-2.627086E-05,6.66667E-04
3.318659,-1.692784E-05,2.741828E-06,-.001
3.31966,-1.287466E-05,1.973484E-05,.002
3.32066,0,4.47224E-06,-.002
3.321661,1.049048E-05,6.470858E-06,6.66667E-04
3.322661,2.145782E-06,1.421763E-05,-.001
3.323662,-1.406675E-05,7.890223E-06,-6.66667E-04
3.324662,-3.027928E-05,8.722825E-06,-.002
3.325663,-1.859677E-05,7.065042E-06,.001
3.326663,-3.194832E-05,3.689915E-06,-5.66667E-03
3.327664,-2.02657E-05,1.003785E-05,-6.66667E-04
3.328664,-1.120573E-05,5.440816E-06,-6.66667E-04
3.329665,-7.152586E-06,1.121691E-05,-6.66667E-04
3.330665,-3.862404E-05,2.230902E-05,6.66667E-04
3.331666,-5.269074E-05,-1.946479E-06,-6.66667E-04
3.332666,-5.197548E-05,-8.512325E-07,6.66667E-04
3.333667,-2.861038E-06,-1.366256E-05,-.001
3.334667,2.765667E-05,-1.856138E-05,-.001
3.335668,3.647828E-05,-4.228234E-06,-.001
3.336668,2.360356E-05,8.419192E-07,-6.66667E-04
3.337669,4.005455E-05,9.475334E-06,.002
3.338669,8.10629E-06,1.402764E-05,-6.66667E-04
3.33967,1.430519E-06,1.959701E-05,-.002
3.34067,3.218674E-05,1.338689E-05,-.002
3.341671,1.764309E-05,3.390029E-06,6.66667E-04
3.342671,-5.960494E-06,-2.130319E-05,.001
3.343672,-9.536816E-07,-2.749462E-05,6.66667E-04
3.344672,2.074253E-05,-1.400901E-05,-2.33333E-03
3.345673,1.764309E-05,-9.22574E-06,6.66667E-04
3.346673,-1.907363E-06,7.741211E-06,-.001
3.347674,-1.549732E-05,1.005834E-05,-.002
3.348674,-1.621258E-05,5.917653E-06,.002
3.349675,-6.198912E-06,-1.005462E-05,-.002
3.350675,-4.291564E-06,2.667322E-06,-.001
3.351676,1.311308E-05,5.669921E-06,-.001
3.352676,1.716625E-05,7.961004E-06,-6.66667E-04
3.353677,1.621258E-05,9.741692E-06,6.66667E-04
3.354677,2.431881E-05,9.51445E-06,.001
3.355678,1.716625E-05,1.798396E-05,-.002
3.356678,8.10629E-06,1.098408E-05,6.66667E-04
3.357679,1.001364E-05,6.355374E-06,-.002
3.358679,-1.740467E-05,1.406303E-05,6.66667E-04
3.35968,-1.573574E-05,-2.038304E-05,-.001
3.36068,1.597416E-05,-3.981986E-05,-6.66667E-04
3.361681,1.764309E-05,-3.252388E-05,-.001
3.362681,1.788151E-05,1.492357E-05,-.001
3.363682,1.931202E-05,2.050784E-05,-.001
3.364682,-4.529982E-06,1.264928E-05,-.002
3.365683,-4.053145E-06,-1.276849E-05,-.001
3.366683,3.337875E-06,-2.5388E-06,-.001
3.367684,-1.430517E-05,4.133239E-06,-.001
3.368684,-5.960494E-06,-1.186511E-05,-3.66667E-03
3.369685,2.145779E-05,2.132743E-06,6.66667E-04
3.370685,6.675749E-06,2.24245E-05,.001
3.371686,-1.883518E-05,1.250586E-05,-3.66667E-03
3.372686,-4.053145E-06,7.961004E-06,-6.66667E-04
3.373687,-6.675749E-06,2.32571E-05,6.66667E-04
3.374687,7.391005E-06,-2.197936E-06,.001
3.375688,1.811993E-05,-9.872077E-06,-6.66667E-04
3.376688,-1.454359E-05,-2.237048E-05,-.002
3.377689,-1.072889E-05,-4.108646E-05,-.001
3.378689,-3.17099E-05,-3.256858E-05,-.001
3.37969,-4.148507E-05,-2.11877E-05,.001
3.38069,-1.120573E-05,-1.556065E-05,.001
3.381691,-2.3842E-06,6.567716E-06,-.001
3.382691,-9.298383E-06,-5.641981E-06,-6.66667E-04
3.383692,-1.287466E-05,-3.455603E-05,.001
3.384692,-2.694142E-05,-1.465908E-05,-.002
3.385693,-4.529982E-06,-1.673598E-05,6.66667E-04
3.386693,1.788151E-05,-4.189857E-05,-6.66667E-04
3.387694,2.980244E-05,-1.743075E-05,-6.66667E-04
3.388694,6.914168E-06,-1.272194E-06,-6.66667E-04
3.389695,2.646458E-05,1.294917E-05,6.66667E-04
3.390696,3.337883E-05,1.412263E-05,6.66667E-04
3.391696,1.764309E-05,5.291804E-06,-6.66667E-04
3.392696,1.430517E-05,-3.334149E-06,6.66667E-04
3.393697,9.536801E-06,-4.278525E-06,-.001
3.394697,-8.583127E-06,1.625542E-05,6.66667E-04
3.395698,2.384204E-07,3.386871E-05,6.66667E-04
3.396698,-3.719353E-05,2.558168E-05,-.001
3.397699,-3.838562E-05,1.057057E-05,6.66667E-04
3.398699,-2.861038E-06,2.232764E-05,-6.66667E-04
3.3997,-7.629453E-06,2.465409E-05,6.66667E-04
3.400701,-1.788151E-05,2.748531E-05,-.002
3.401701,-2.980244E-05,4.125037E-05,.001
3.402701,-1.33515E-05,3.329688E-05,6.66667E-04
3.403702,1.168257E-05,8.067174E-06,-.004
3.404702,1.764309E-05,8.974283E-06,-6.66667E-04
3.405703,2.908718E-05,-1.276849E-05,-.002
3.406703,3.957772E-05,-3.482052E-05,-.001
3.407704,2.765667E-05,-1.086114E-05,-.001
3.408704,4.768401E-06,1.133612E-05,6.66667E-04
3.409705,5.722075E-06,1.930085E-05,-6.66667E-04
3.410706,6.437331E-06,1.969945E-05,-6.66667E-04
3.411706,1.215941E-05,2.974659E-06,-.001
3.412706,4.482293E-05,5.36631E-06,.001
3.413707,5.030655E-05,-1.82708E-05,6.66667E-04
3.414707,1.859677E-05,-8.748902E-06,-6.66667E-04
3.415708,-1.382834E-05,-1.05091E-05,-6.66667E-04
3.416708,-2.6703E-05,-2.302427E-05,.001
3.417709,-1.454359E-05,-3.470317E-05,-.002
3.418709,3.099456E-06,-1.263624E-05,-.002
3.41971,9.77522E-06,6.724185E-07,-6.66667E-04
3.420711,-2.861038E-06,-3.03613E-07,6.66667E-04
3.421711,-2.050411E-05,3.35949E-05,-6.66667E-04
3.422711,-4.434609E-05,3.299327E-05,.001
3.423712,-5.722069E-05,4.909025E-05,-.002
3.424712,-2.908718E-05,3.887364E-05,6.66667E-04
3.425713,2.861038E-06,2.856751E-05,.001
3.426713,4.291564E-06,1.701538E-05,-6.66667E-04
3.427714,-3.337875E-06,-3.83149E-06,.001
3.428714,-1.430517E-05,-1.437037E-05,6.66667E-04
3.429715,1.502043E-05,1.62051E-07,-6.66667E-04
3.430716,-1.049048E-05,2.009247E-05,-.002
3.431716,-2.002728E-05,1.409097E-05,-3.66667E-03
3.432716,-1.287466E-05,2.619636E-05,6.66667E-04
3.433717,-1.788151E-05,8.223637E-06,6.66667E-04
3.434717,5.960494E-06,-2.600451E-05,-6.66667E-04
3.435718,2.336514E-05,-1.763378E-05,-.001
3.436718,1.072889E-05,-3.76442E-06,-2.33333E-03
3.437719,-1.811993E-05,-1.465908E-05,-.002
3.438719,-1.573574E-05,-2.543081E-05,.002
3.43972,-6.914168E-06,-1.404442E-06,-.001
3.440721,2.360356E-05,2.87221E-05,-6.66667E-04
3.441721,2.646458E-05,-1.167139E-05,-3.66667E-03
3.442721,1.788151E-05,-8.504896E-06,6.66667E-04
3.443722,-8.10629E-06,6.327435E-06,-6.66667E-04
3.444722,-1.430519E-06,1.015892E-05,6.66667E-04
3.445723,1.811993E-05,-1.556252E-05,-.002
3.446723,1.716625E-05,-1.980562E-05,.001
3.447724,-1.430519E-06,-5.288079E-06,.001
3.448724,-1.764309E-05,6.157934E-06,6.66667E-04
3.449725,3.814726E-06,-1.976837E-05,-6.66667E-04
3.450726,2.646458E-05,-2.654467E-05,-.002
3.451726,-4.053145E-06,-3.130757E-05,.002
3.452726,-1.001364E-05,8.737727E-06,-6.66667E-04
3.453727,2.93256E-05,1.766358E-05,-6.66667E-04
3.454727,4.529976E-05,1.370913E-05,-.002
3.455728,1.859677E-05,2.070342E-05,-.001
3.456728,2.384204E-07,2.16515E-05,-6.66667E-04
3.457729,-1.978886E-05,1.889851E-05,-.001
3.458729,4.768401E-06,-1.288958E-06,-.001
3.45973,3.385567E-05,-2.037745E-05,6.66667E-04
3.460731,2.455723E-05,-2.402079E-05,-6.66667E-04
3.461731,3.981614E-05,-3.674277E-05,-6.66667E-04
3.462731,3.027928E-05,-2.754867E-06,-.001
3.463732,2.3842E-06,1.264742E-05,.001
3.464732,1.120573E-05,1.167698E-05,-.001
3.465733,3.480935E-05,2.319008E-06,6.66667E-04
3.466733,2.694142E-05,-1.483044E-05,-.001
3.467734,1.716625E-05,-2.958823E-05,-.001
3.468734,-3.814726E-06,-1.821492E-05,-6.66667E-04
3.469735,-1.502043E-05,-3.489875E-05,-6.66667E-04
3.470736,1.430517E-05,-1.406303E-05,-2.33333E-03
3.471736,2.050411E-05,1.323601E-05,.001
3.472736,-2.193463E-05,3.293171E-06,-6.66667E-04
3.473737,-1.454359E-05,2.702151E-05,-2.33333E-03
3.474737,-4.482293E-05,4.459202E-06,-.002
3.475738,-1.859677E-05,-2.937776E-05,6.66667E-04
3.476738,-1.788151E-05,-5.461113E-05,-.001
3.477739,-1.168257E-05,-5.461113E-05,-.001
3.478739,1.263624E-05,-3.275112E-05,-6.66667E-04
3.47974,1.358992E-05,-1.359364E-05,-.001
3.480741,-2.55109E-05,1.111074E-05,-6.66667E-04
3.481741,8.10629E-06,1.839187E-05,-6.66667E-04
3.482741,2.765667E-05,-4.416361E-06,.001
3.483742,9.298383E-06,-2.226431E-05,-.002
3.484742,1.096731E-05,-2.670859E-05,-6.66667E-04
3.485743,-8.821546E-06,-3.950507E-05,-6.66667E-04
3.486743,-1.955044E-05,-3.875443E-05,-6.66667E-04
3.487744,-2.098095E-05,-2.153229E-05,-.002
3.488744,-1.668942E-05,5.356997E-06,.001
3.489745,-1.33515E-05,-1.517317E-05,-2.33333E-03
3.490746,8.344708E-06,-5.859911E-06,6.66667E-04
3.491746,9.77522E-06,-1.29082E-06,6.66667E-04
3.492746,-1.788151E-05,-8.799194E-06,-6.66667E-04
3.493747,-2.050411E-05,9.540527E-06,-.001
3.494747,-6.198912E-06,1.699117E-05,6.66667E-04
3.495748,1.430517E-05,1.104556E-06,-6.66667E-04
3.496748,2.55109E-05,3.619134E-06,-.002
3.497749,3.814726E-06,1.780142E-05,-.002
3.498749,-5.245238E-06,1.706753E-05,-.002
3.49975,-2.55109E-05,3.786967E-05,.001
3.500751,-1.311308E-05,3.159442E-05,.001
3.501751,1.215941E-05,1.506513E-05,-.002
3.502751,-7.152594E-07,3.131875E-05,-6.66667E-04
3.503752,-6.675749E-06,5.32011E-05,6.66667E-04
3.504752,-1.978886E-05,3.860355E-05,-6.66667E-04
3.505753,-4.291564E-06,2.539542E-05,6.66667E-04
3.506753,9.536816E-07,4.701345E-06,6.66667E-04
3.507754,1.239782E-05,3.965601E-06,-2.33333E-03
3.508754,1.788151E-05,4.382833E-06,.002
3.509755,2.813351E-05,-8.074625E-06,-.002
3.510756,1.215941E-05,-1.664099E-05,.001
3.511756,-1.049048E-05,-2.845761E-05,.001
3.512756,-1.33515E-05,-4.594983E-05,-.001
3.513757,0,-3.643543E-05,-.002
3.514757,-2.861038E-06,-4.513218E-06,-6.66667E-04
3.515758,-1.597416E-05,-1.274057E-06,6.66667E-04
3.516758,1.573574E-05,-1.733575E-05,2.33333E-03
3.517759,3.743195E-05,-8.245988E-06,6.66667E-04
3.518759,1.859677E-05,2.201661E-06,-.001
3.51976,1.907363E-06,3.732019E-05,-.001
3.520761,1.33515E-05,5.328492E-05,-.002
3.521761,1.072889E-05,2.792676E-05,-.002
3.522761,-3.814726E-06,-1.898043E-06,-6.66667E-04
3.523762,-2.980244E-05,-1.46479E-05,.001
3.524762,2.264988E-05,-2.011482E-05,-.001
3.525763,2.479565E-05,-4.18073E-05,6.66667E-04
3.526763,1.430517E-05,-1.33068E-05,.001
3.527764,-2.384204E-07,-5.189358E-06,-6.66667E-04
3.528764,-2.479565E-05,-7.189839E-06,-6.66667E-04
3.529765,-3.314042E-05,-2.688554E-05,-6.66667E-04
3.530766,-4.172348E-05,-3.082142E-05,-.001
3.531766,-3.051781E-05,-2.294418E-05,-.002
3.532766,-2.789509E-05,-5.053938E-05,-6.66667E-04
3.533767,-4.053145E-06,-4.035258E-05,-6.66667E-04
3.534767,7.152586E-06,-1.625915E-05,6.66667E-04
3.535768,4.768401E-06,6.750255E-06,-3.66667E-03
3.536768,7.152594E-07,2.054512E-06,-.001
3.537769,-7.152586E-06,-1.315965E-05,-6.66667E-04
3.538769,3.814726E-06,-1.561467E-05,-6.66667E-04
3.53977,2.312672E-05,1.723517E-05,-.001
3.540771,5.722075E-06,4.172162E-05,-.002
3.541771,-2.002728E-05,2.072018E-05,.002
3.542771,-2.002728E-05,1.325092E-05,-.001
3.543772,-1.502043E-05,2.866436E-05,-6.66667E-04
3.544772,-3.576293E-06,-3.358364E-06,-.002
3.545773,2.217304E-05,-3.7594E-05,-3.66667E-03
3.546773,3.147149E-05,-3.895001E-05,.001
3.547774,1.096731E-05,-5.30298E-06,.001
3.548774,-4.768401E-06,4.462362E-05,-6.66667E-04
3.549775,-2.431881E-05,5.460926E-05,-.002
3.550776,-2.479565E-05,1.627777E-05,-.001
3.551776,-7.391005E-06,1.743261E-05,-6.66667E-04
3.552776,1.311308E-05,8.147268E-06,-.001
3.553777,4.57766E-05,-2.212089E-05,-.001
3.554777,4.601502E-05,-2.66378E-05,-.001
3.555778,9.059964E-06,-6.42988E-06,6.66667E-04
3.556778,-2.884876E-05,5.02172E-06,-2.33333E-03
3.557779,-3.337875E-06,-4.62684E-06,-.001
3.558779,1.33515E-05,-1.231587E-05,6.66667E-04
3.55978,2.884876E-05,8.558913E-06,-.002
3.560781,7.867871E-06,1.02949E-05,.002
3.561781,7.152586E-06,1.150003E-05,-2.33333E-03
3.562781,3.337875E-06,1.956348E-05,-2.33333E-03
3.563782,2.93256E-05,2.864946E-05,-6.66667E-04
3.564783,3.886246E-05,-1.531102E-06,6.66667E-04
3.565783,5.459809E-05,-6.6832E-06,-.001
3.566783,4.649186E-05,2.516448E-06,.001
3.567784,3.528618E-05,1.048116E-05,-.001
3.568784,1.931202E-05,3.287583E-06,-6.66667E-04
3.569785,8.10629E-06,-4.874571E-06,-.002
3.570786,4.768401E-06,-3.224253E-06,-.001
3.571786,8.821546E-06,-1.07438E-05,-6.66667E-04
3.572786,-4.768408E-07,-1.755368E-05,-6.66667E-04
3.573787,4.768401E-06,-2.702337E-05,-6.66667E-04
3.574788,-1.072889E-05,-1.347443E-05,-6.66667E-04
3.575788,-1.33515E-05,-1.747359E-05,-.002
3.576788,0,-2.21153E-05,-6.66667E-04
3.577789,-1.263624E-05,-2.445292E-05,-6.66667E-04
3.578789,-8.583127E-06,-1.968828E-05,-.001
3.57979,4.768401E-06,-3.110082E-05,6.66667E-04
3.580791,5.006819E-06,-1.908478E-05,-6.66667E-04
3.581791,-4.291564E-06,-1.38451E-05,-2.33333E-03
3.582791,-7.629453E-06,-2.298516E-05,.001
3.583792,-1.287466E-05,-1.108093E-05,.001
3.584793,-2.622616E-05,-1.588289E-05,6.66667E-04
3.585793,-2.336514E-05,-6.333023E-06,-2.33333E-03
3.586793,-2.384204E-07,-2.735679E-05,-.002
3.587794,6.437331E-06,-3.556558E-05,.001
3.588794,1.430517E-05,-3.888668E-05,6.66667E-04
3.589795,9.298383E-06,-4.302175E-05,-.001
3.590796,1.478201E-05,-4.991726E-05,.001
3.591796,2.813351E-05,-2.988812E-05,-6.66667E-04
3.592796,2.360356E-05,-7.221504E-06,6.66667E-04
3.593797,1.978886E-05,2.147644E-06,-2.33333E-03
3.594798,4.291564E-06,3.226116E-06,-.002
3.595798,-2.813351E-05,-3.917172E-06,-.001
3.596798,-3.337883E-05,-9.888841E-06,6.66667E-04
3.597799,-2.93256E-05,-5.82452E-06,.001
3.598799,-5.722075E-06,-1.084252E-05,-6.66667E-04
3.5998,2.002728E-05,2.495959E-06,-.002
3.600801,1.716625E-05,2.702523E-05,-.001
3.601801,-1.1921E-06,2.970186E-05,-6.66667E-04
3.602801,-9.536801E-06,3.15255E-05,-6.66667E-04
3.603802,-1.621258E-05,1.551409E-05,.001
3.604803,-4.529982E-06,2.363711E-06,-6.66667E-04
3.605803,7.391005E-06,-1.306279E-05,-.001
3.606803,2.431881E-05,1.539488E-05,-.001
3.607804,2.527249E-05,-6.2045E-06,-.002
3.608804,9.059964E-06,7.450626E-08,.004
3.609805,8.821546E-06,1.752756E-06,.001
3.610806,7.391005E-06,-2.102938E-05,6.66667E-04
3.611806,1.811993E-05,-2.70122E-05,-6.66667E-04
3.612806,1.835835E-05,-1.894508E-05,.002
3.613807,3.743195E-05,-3.53159E-06,-.002
3.614808,3.55246E-05,2.341729E-05,-6.66667E-04
3.615808,1.239782E-05,5.460926E-05,-.001
3.616808,-1.215941E-05,5.460926E-05,.001
3.617809,-1.239782E-05,7.327675E-06,6.66667E-04
3.618809,-2.169621E-05,-1.091888E-05,-.001
3.61981,-1.430517E-05,-2.183591E-05,.002
3.620811,1.978886E-05,-4.492723E-05,6.66667E-04
3.621811,2.28883E-05,-1.969386E-05,-.002
3.622811,1.382834E-05,-7.730036E-06,.001
3.623812,4.768401E-06,3.535315E-06,6.66667E-04
3.624813,-6.675749E-06,-1.15913E-05,-.002
3.625813,7.629453E-06,-7.018476E-06,-6.66667E-04
3.626813,4.768401E-06,2.103124E-05,6.66667E-04
3.627814,6.437331E-06,1.546566E-05,6.66667E-04
3.628814,3.814726E-06,2.056744E-05,6.66667E-04
3.629815,8.583127E-06,3.285543E-05,-6.66667E-04
3.630816,0,-1.249842E-06,-.001
3.631816,1.215941E-05,-1.628895E-05,-6.66667E-04
3.632816,2.193463E-05,7.916278E-07,-6.66667E-04
3.633817,1.430517E-05,2.148014E-05,.001
3.634818,8.821546E-06,4.188553E-05,6.66667E-04
3.635818,1.668942E-05,4.904554E-05,-6.66667E-04
3.636818,-2.861038E-06,2.51272E-05,-.002
3.637819,-1.049048E-05,1.72836E-05,-2.33333E-03
3.638819,-1.120573E-05,-1.174031E-05,-6.66667E-04
3.63982,-4.053145E-06,-3.085681E-05,-.001
3.640821,-1.001364E-05,-1.164345E-05,.001
3.641821,-2.002728E-05,7.508352E-06,6.66667E-04
3.642821,-3.099456E-06,3.688052E-06,-6.66667E-04
3.643822,-7.152594E-07,-1.040666E-05,-6.66667E-04
3.644823,1.263624E-05,-3.37197E-05,6.66667E-04
3.645823,3.814721E-05,-2.987136E-05,-.001
3.646823,4.83992E-05,-2.497819E-05,.001
3.647824,1.859677E-05,1.279644E-06,-.001
3.648824,1.120573E-05,4.179805E-06,-.002
3.649825,7.629453E-06,-1.674716E-05,-.002
3.650826,7.629453E-06,-6.025686E-06,.001
3.651826,4.005455E-05,1.325278E-05,6.66667E-04
3.652826,5.960488E-05,2.280262E-05,.002
3.653827,1.764309E-05,1.065439E-05,-6.66667E-04
3.654828,-5.722075E-06,2.755236E-05,.001
3.655828,-9.059964E-06,1.657766E-05,-.001
3.656828,-1.955044E-05,-3.062203E-06,-.002
3.657829,6.437331E-06,6.312534E-06,-.004
3.658829,2.6703E-05,-2.894565E-06,2.33333E-03
3.65983,7.391005E-06,-2.041098E-05,6.66667E-04
3.66083,-2.622619E-06,-6.45782E-06,-.001
3.661831,4.768401E-06,2.775356E-06,-6.66667E-04
3.662831,5.245238E-06,-1.90736E-05,.002
3.663832,4.3154E-05,-4.805661E-07,-.001
3.664833,2.813351E-05,6.636634E-06,-.001
3.665833,1.358992E-05,9.017123E-06,.001
3.666833,1.549732E-05,2.996449E-05,.002
3.667834,4.053145E-06,3.227987E-05,-.002
3.668834,-3.337875E-06,3.289455E-05,.001
3.669835,2.193463E-05,5.384936E-06,.001
3.670835,2.384204E-07,5.574926E-06,-.001
3.671836,1.549732E-05,-5.094364E-06,.001
3.672836,1.430517E-05,-3.106907E-06,-.002
3.673837,1.597416E-05,3.10617E-05,6.66667E-04
3.674838,3.576302E-05,4.03116E-05,-.001
3.675838,1.1921E-06,3.144541E-05,-.002
3.676838,-3.004086E-05,1.698185E-05,-6.66667E-04
3.677839,-1.406675E-05,8.657633E-06,-.001
3.678839,5.006819E-06,7.04269E-06,-6.66667E-04
3.67984,2.074253E-05,1.45287E-06,-2.33333E-03
3.68084,8.10629E-06,1.340552E-05,-.001
3.681841,-1.692784E-05,1.968641E-05,-.001
3.682841,-1.502043E-05,1.983356E-05,-6.66667E-04
3.683842,1.668937E-06,6.631046E-06,6.66667E-04
3.684843,1.430519E-06,-3.835215E-06,-6.66667E-04
3.685843,-5.722075E-06,-9.285344E-06,.001
3.686843,1.1921E-06,1.455477E-05,6.66667E-04
3.687844,2.527249E-05,2.195698E-05,-3.66667E-03
3.688844,2.622619E-06,-1.131935E-05,.001
3.689845,-5.006819E-06,-8.564501E-06,-6.66667E-04
3.690845,2.861038E-06,3.574431E-06,-.002
3.691846,-2.622616E-05,-3.154227E-05,-2.33333E-03
3.692847,-2.813351E-05,-2.723571E-05,-.001
3.693847,-2.55109E-05,-6.822898E-06,6.66667E-04
3.694848,1.311308E-05,1.348562E-06,.001
3.695848,2.312672E-05,-6.137445E-06,.002
3.696848,-9.536801E-06,-3.233567E-06,-.001
3.697849,-7.152594E-07,-1.133425E-05,-6.66667E-04
3.698849,-6.914168E-06,-3.402517E-05,-6.66667E-04
3.69985,-6.198912E-06,-2.645527E-05,.002
3.70085,-1.668937E-06,-6.668306E-07,-.001
3.701851,-1.311308E-05,-1.980006E-06,6.66667E-04
3.702852,-3.004086E-05,1.610827E-05,-2.33333E-03
3.703852,-3.314042E-05,-4.712521E-06,-.001
3.704853,-2.574932E-05,-4.032656E-06,-.001
3.705853,-2.050411E-05,-1.965289E-05,-.001
3.706853,-5.245238E-06,-2.592441E-05,-6.66667E-04
3.707854,-2.503407E-05,-1.079781E-05,-6.66667E-04
3.708854,-2.884876E-05,4.861533E-06,.002
3.709855,-1.192099E-05,2.06345E-05,6.66667E-04
3.710855,1.192099E-05,1.836393E-05,-6.66667E-04
3.711856,-1.811993E-05,1.145905E-05,-2.33333E-03
3.712857,-2.789509E-05,1.73413E-06,.001
3.713857,-2.384197E-05,3.773734E-06,.002
3.714858,-4.053145E-06,-3.95815E-06,-6.66667E-04
3.715858,-1.430519E-06,9.546115E-06,-.002
3.716858,-1.573574E-05,-1.361786E-05,-.001
3.717859,-2.3842E-06,-1.286907E-05,6.66667E-04
3.718859,-4.768401E-06,-1.686823E-05,.002
3.71986,-2.169621E-05,-2.27486E-05,-6.66667E-04
3.72086,8.583127E-06,-1.593318E-05,-.002
3.721861,6.437331E-06,1.980006E-06,-.001
3.722862,-9.77522E-06,3.973051E-06,-.001
3.723862,1.549732E-05,-8.586852E-06,-.001
3.724863,4.291564E-06,3.410518E-06,-.002
3.725863,-4.768401E-06,2.112254E-06,-.002
3.726863,-4.291564E-06,-5.899026E-06,.001
3.727864,9.298383E-06,5.222886E-06,-.001
3.728864,3.623986E-05,-3.185141E-07,-6.66667E-04
3.729865,3.719353E-05,-6.858289E-06,6.66667E-04
3.730865,5.245238E-06,1.868058E-05,-6.66667E-04
3.731866,-3.337875E-06,1.796347E-05,6.66667E-04
3.732867,-1.454359E-05,-6.625458E-06,-.001
3.733867,-1.239782E-05,-1.141807E-05,6.66667E-04
3.734868,5.960494E-06,-6.634771E-06,-.001
3.735868,3.600144E-05,6.079703E-06,-6.66667E-04
3.736868,2.098095E-05,9.633659E-06,6.66667E-04
3.737869,1.764309E-05,7.566094E-06,-.001
3.73887,1.883518E-05,7.376111E-07,-6.66667E-04
3.73987,1.311308E-05,1.454173E-05,-.001
3.74087,-2.002728E-05,1.303861E-07,-6.66667E-04
3.741871,-3.623986E-05,-1.847751E-06,-3.66667E-03
3.742872,6.198912E-06,2.967205E-05,-.001
3.743872,2.074253E-05,3.848254E-06,-6.66667E-04
3.744873,-5.722075E-06,3.518551E-06,-.001
3.745873,-1.883518E-05,-1.330121E-05,.001
3.746873,-1.454359E-05,-1.002854E-05,.001
3.747874,-5.722075E-06,2.511602E-05,-6.66667E-04
3.748875,-2.408039E-05,2.319564E-05,6.66667E-04
3.749875,-2.121937E-05,-2.441942E-06,-.001
3.750875,-2.694142E-05,-3.283858E-06,-.001
3.751876,-5.483656E-06,3.512963E-06,-.001
3.752877,-1.072889E-05,3.533647E-05,-.002
3.753877,-2.169621E-05,1.06935E-05,6.66667E-04
3.754878,-2.717983E-05,4.727422E-06,-.002
3.755878,-2.717983E-05,2.866623E-05,.001
3.756878,-3.457093E-05,3.708364E-05,-6.66667E-04
3.757879,-3.409409E-05,2.165895E-05,-.002
3.75888,-1.454359E-05,1.460506E-05,-6.66667E-04
3.75988,-6.198912E-06,1.369795E-05,-.001
3.76088,-7.391005E-06,5.196816E-07,.001
3.761881,1.549732E-05,1.971994E-05,-.002
3.762882,9.298383E-06,2.404873E-05,6.66667E-04
3.763882,7.629453E-06,4.395872E-06,6.66667E-04
3.764883,9.77522E-06,2.40283E-07,-.002
3.765883,3.2902E-05,9.762181E-06,-.002
3.766883,3.218674E-05,-9.26858E-06,-2.33333E-03
3.767884,9.298383E-06,-2.183032E-05,.001
3.768885,8.344708E-06,-1.532037E-05,-6.66667E-04
3.769885,3.528618E-05,-3.734618E-06,-.001
3.770885,1.549732E-05,7.966592E-06,6.66667E-04
3.771886,-9.536816E-07,1.518063E-06,-.001
3.772887,2.384204E-07,1.210911E-05,.001
3.773887,2.145782E-06,3.691041E-05,6.66667E-04
3.774888,-7.867871E-06,4.431256E-05,-6.66667E-04
3.775888,-6.675749E-06,3.087916E-05,-.001
3.776888,-1.406675E-05,4.680664E-05,.001
3.777889,-2.145779E-05,3.974349E-05,2.33333E-03
3.77889,-2.622616E-05,-3.110632E-06,-.001
3.77989,-2.312672E-05,-9.561016E-06,-.001
3.78089,-1.096731E-05,-1.697813E-05,-6.66667E-04
3.781891,2.908718E-05,-9.255542E-06,-6.66667E-04
3.782892,1.573574E-05,4.664093E-06,-.001
3.783892,-7.152586E-06,1.362344E-05,-2.33333E-03
3.784893,0,6.834074E-06,-.001
3.785893,5.722075E-06,2.083753E-05,-6.66667E-04
3.786893,7.152586E-06,9.611307E-06,-6.66667E-04
3.787894,2.384204E-07,2.343222E-06,-.002
3.788895,1.287466E-05,1.07438E-05,-.002
3.789895,8.583127E-06,1.154845E-07,.001
3.790895,9.298383E-06,-7.618255E-07,6.66667E-04
3.791896,7.867871E-06,-9.484647E-06,.002
3.792897,-9.536816E-07,1.690362E-05,-.001
3.793897,-6.675749E-06,3.485591E-05,-.002
3.794898,-3.385567E-05,3.606663E-05,-6.66667E-04
3.795898,-5.769753E-05,2.756354E-05,-.002
3.796898,-4.601502E-05,2.368179E-05,-.001
3.797899,-2.193463E-05,7.720722E-06,-.001
3.7989,3.099456E-06,-4.865258E-06,-.002
3.7999,2.360356E-05,3.578156E-06,6.66667E-04
3.8009,2.28883E-05,2.958637E-05,6.66667E-04
3.801901,-2.384204E-07,3.105612E-05,-.002
3.802902,-9.536801E-06,6.681337E-06,6.66667E-04
3.803902,4.768408E-07,-1.531102E-06,.001
3.804903,3.814726E-06,2.244685E-05,-6.66667E-04
3.805903,-1.668942E-05,4.134164E-05,-.002
3.806903,-1.215941E-05,2.712396E-05,-.001
3.807904,-3.099465E-05,2.037E-05,2.33333E-03
3.808905,-3.719353E-05,-3.948837E-06,-6.66667E-04
3.809905,-3.886246E-05,8.95936E-07,-6.66667E-04
3.810905,-1.883518E-05,7.562376E-07,-3.66667E-03
3.811906,-1.168257E-05,7.927476E-06,-6.66667E-04
3.812907,-2.622619E-06,1.152985E-06,6.66667E-04
3.813907,4.291564E-06,4.073634E-06,-6.66667E-04
3.814908,5.006819E-06,-1.619768E-05,6.66667E-04
3.815908,-9.536801E-06,-2.240587E-05,-.001
3.816908,-1.144415E-05,-1.969945E-05,-6.66667E-04
3.817909,3.814726E-06,-2.585549E-05,-.001
3.81891,5.960494E-06,-2.008502E-05,6.66667E-04
3.81991,-3.218674E-05,-5.424052E-06,-.002
3.82091,-3.2902E-05,-9.743555E-06,-3.66667E-03
3.821911,-6.198912E-06,-9.512587E-06,-.001
3.822912,1.597416E-05,1.939584E-05,-6.66667E-04
3.823912,2.93256E-05,9.387768E-07,-.002
3.824913,-7.391005E-06,-1.027627E-05,-6.66667E-04
3.825913,-1.811993E-05,7.996394E-06,-.002
3.826913,-1.883518E-05,1.21948E-05,.001
3.827914,-2.02657E-05,1.987454E-05,-6.66667E-04
3.828915,-4.029297E-05,2.726552E-05,-.002
3.829915,-2.098095E-05,1.29082E-06,.001
3.830915,6.914168E-06,-2.861407E-05,6.66667E-04
3.831916,1.549732E-05,-3.463612E-05,.002
3.832916,1.430519E-06,-4.059658E-05,-6.66667E-04
3.833917,9.059964E-06,-1.592946E-05,.001
3.834918,2.6703E-05,2.102938E-05,-.001
3.835918,3.17099E-05,1.954858E-05,-.002
3.836918,-7.629453E-06,2.092321E-05,6.66667E-04
3.837919,0,-1.894317E-06,.001
3.83892,-1.1921E-06,-3.231704E-06,.002
3.83992,6.437331E-06,1.202343E-05,6.66667E-04
3.84092,1.692784E-05,1.419343E-06,6.66667E-04
3.841921,3.099465E-05,1.154847E-06,-.002
3.842921,3.671669E-05,2.146524E-05,-6.66667E-04
3.843922,1.287466E-05,3.111013E-05,-.002
3.844923,7.152594E-07,3.253133E-05,.001
3.845923,-1.144415E-05,3.671297E-05,-6.66667E-04
3.846923,-2.6703E-05,-6.046175E-06,-6.66667E-04
3.847924,-3.2902E-05,-2.991792E-05,-.002
3.848925,2.622619E-06,-3.39339E-05,-6.66667E-04
3.849925,4.768401E-06,-9.976386E-06,-.002
3.850925,3.337875E-06,-2.469882E-06,.002
3.851926,-6.675749E-06,-2.406552E-06,-.002
3.852926,-1.478201E-05,2.004221E-06,-2.33333E-03
3.853927,-2.193463E-05,3.220537E-05,-.001
3.854928,-4.720711E-05,3.607967E-05,.001
3.855928,-3.767037E-05,6.778195E-06,-6.66667E-04
3.856929,-1.883518E-05,-1.351727E-05,.001
3.857929,-6.198912E-06,-1.926918E-05,-.002
3.85893,-1.406675E-05,-4.25952E-05,-.001
3.85993,2.264988E-05,-2.846692E-05,6.66667E-04
3.86093,2.28883E-05,-1.211284E-05,-.002
3.861931,-1.454359E-05,1.464046E-06,6.66667E-04
3.862931,-2.264988E-05,-4.261761E-06,-6.66667E-04
3.863932,-4.601502E-05,-2.481058E-06,-6.66667E-04
3.864933,-4.410767E-05,-1.454173E-05,-.001
3.865933,-2.28883E-05,5.260139E-06,-6.66667E-04
3.866934,2.861038E-06,3.222399E-05,-.002
3.867934,-8.344708E-06,3.535883E-05,-.002
3.868935,3.576293E-06,1.536321E-05,-.001
3.869935,-2.02657E-05,1.518434E-05,-.002
3.870935,-2.646458E-05,2.962549E-05,.001
3.871936,1.1921E-06,1.917419E-05,.001
3.872936,9.77522E-06,-3.757165E-05,2.33333E-03
3.873937,1.716625E-05,-5.461113E-05,-6.66667E-04
3.874938,5.245238E-06,-1.897861E-05,6.66667E-04
3.875938,-1.668942E-05,-1.133239E-05,-6.66667E-04
3.876939,-3.17099E-05,-1.398294E-05,-6.66667E-04
3.877939,-3.504776E-05,-1.060968E-05,.001
3.87894,-3.623986E-05,-1.623121E-05,.001
3.87994,-4.529982E-06,-1.452497E-05,-6.66667E-04
3.88094,1.049048E-05,-2.857123E-05,6.66667E-04
3.881941,-2.241146E-05,-6.049901E-06,-6.66667E-04
3.882941,-3.957772E-05,1.741771E-05,.002
3.883942,-4.529976E-05,7.486E-06,-.001
3.884943,-2.28883E-05,-5.494832E-06,6.66667E-04
3.885943,-6.437331E-06,-1.80119E-05,-6.66667E-04
3.886944,1.573574E-05,-3.36954E-06,-.002
3.887944,4.053145E-06,3.783047E-06,-.002
3.888945,-2.121937E-05,8.082076E-06,-6.66667E-04
3.889945,-2.336514E-05,7.836206E-06,-6.66667E-04
3.890945,-1.168257E-05,6.360962E-06,-6.66667E-04
3.891946,3.099456E-06,-5.496695E-06,-6.66667E-04
3.892946,2.622619E-06,-1.858E-05,-6.66667E-04
3.893947,1.597416E-05,-3.188686E-05,-6.66667E-04
3.894948,-5.722075E-06,-3.836327E-05,-3.66667E-03
3.895948,1.668942E-05,-3.540539E-05,.001
3.896949,3.242516E-05,-2.900895E-05,.002
3.897949,2.980244E-05,-7.946102E-06,-6.66667E-04
3.89895,1.955044E-05,-2.231463E-06,.001
3.89995,2.956402E-05,2.365574E-06,6.66667E-04
3.90095,2.455723E-05,-1.527376E-06,-6.66667E-04
3.901951,-2.3842E-06,3.496199E-06,-.001
3.902952,-8.344708E-06,9.313262E-07,.002
3.903952,-7.152586E-06,2.125293E-06,-6.66667E-04
3.904953,9.536816E-07,-2.924365E-05,-.001
3.905953,1.287466E-05,-2.166082E-05,.001
3.906954,1.621258E-05,-1.141807E-05,6.66667E-04
3.907954,9.536801E-06,-7.014751E-06,.001
3.908955,3.337875E-06,-2.685201E-05,6.66667E-04
3.909955,-8.10629E-06,-3.475533E-05,-6.66667E-04
3.910955,-1.454359E-05,-2.818197E-06,-.001
3.911956,-2.55109E-05,8.65577E-06,-6.66667E-04
3.912957,-3.027928E-05,7.376104E-06,-6.66667E-04
3.913957,-1.835835E-05,1.126908E-06,-.001
3.914958,-2.789509E-05,2.374884E-05,-.002
3.915958,-3.671669E-05,1.844962E-05,.001
3.916959,-1.573574E-05,1.139946E-06,-.001
3.917959,-3.099456E-06,-6.765156E-06,-.001
3.91896,4.053145E-06,-2.98025E-07,-.001
3.91996,1.311308E-05,3.034264E-06,-.001
3.92096,2.861038E-06,-3.315532E-05,6.66667E-04
3.921961,-1.239782E-05,-4.151114E-05,-5.33333E-03
3.922962,8.10629E-06,-3.032957E-05,-3.66667E-03
3.923962,2.02657E-05,-3.023271E-05,-6.66667E-04
3.924963,4.172348E-05,-3.908039E-05,6.66667E-04
3.925963,2.503407E-05,-2.31342E-06,-6.66667E-04
3.926964,-9.059964E-06,3.417791E-05,6.66667E-04
3.927964,-3.695511E-05,2.948206E-05,.001
3.928965,-2.837193E-05,8.8737E-06,-.001
3.929965,-6.198912E-06,4.898786E-06,-.001
3.930965,-1.1921E-06,2.870162E-05,-6.66667E-04
3.931966,1.978886E-05,2.267968E-05,-.001
3.932967,2.861038E-06,2.377492E-05,-.001
3.933967,1.382834E-05,1.863216E-05,-6.66667E-04
3.934968,7.867871E-06,6.832212E-06,-.002
3.935968,2.360356E-05,1.074938E-05,.002
3.936969,2.193463E-05,8.698589E-07,.002
3.937969,3.576293E-06,-1.146464E-05,-.002
3.93897,-1.311308E-05,-9.706302E-06,-.001
3.93997,-4.053145E-06,-3.315527E-07,-.001
3.94097,1.668942E-05,1.95523E-05,-.001
3.941971,3.194832E-05,3.453367E-05,-6.66667E-04
3.942972,1.33515E-05,4.810118E-05,-.002
3.943972,1.168257E-05,3.963546E-05,-.001
3.944973,6.437331E-06,1.758162E-05,6.66667E-04
3.945973,-1.835835E-05,1.963243E-06,6.66667E-04
3.946974,-1.430519E-06,1.087418E-05,-.001
3.947974,-1.1921E-06,5.02172E-06,6.66667E-04
3.948975,1.835835E-05,1.709734E-05,6.66667E-04
3.949975,2.121937E-05,3.169873E-05,-6.66667E-04
3.950975,1.502043E-05,3.259647E-07,-2.33333E-03
3.951976,1.382834E-05,7.487863E-06,-.001
3.952977,3.814726E-06,2.637331E-05,-6.66667E-04
3.953977,-9.298383E-06,2.590954E-06,-.002
3.954978,-9.536801E-06,-6.625458E-06,-6.66667E-04
3.955978,-7.152594E-07,-4.019617E-06,6.66667E-04
3.956979,-1.168257E-05,7.053866E-06,-.001
3.957979,-1.311308E-05,2.429087E-05,2.33333E-03
3.95898,6.675749E-06,1.852599E-05,-.001
3.95998,5.006819E-06,-1.827262E-06,-2.33333E-03
3.96098,1.978886E-05,8.696748E-06,-6.66667E-04
3.961981,-3.814726E-06,-1.098408E-05,.001
3.962982,-1.239782E-05,-1.89339E-05,-.002
3.963982,-1.001364E-05,-5.701586E-06,-.002
3.964983,-1.668942E-05,-9.946598E-07,-.001
3.965983,-1.33515E-05,2.098654E-05,6.66667E-04
3.966984,-2.479565E-05,2.818566E-05,.001
3.967984,-1.144415E-05,1.707871E-05,6.66667E-04
3.968985,2.3842E-06,-3.373265E-06,-6.66667E-04
3.969985,1.859677E-05,-5.550719E-07,-.002
3.970985,1.144415E-05,1.23941E-05,6.66667E-04
3.971986,-1.668937E-06,2.252322E-05,2.33333E-03
3.972987,-4.529982E-06,2.908532E-05,6.66667E-04
3.973987,-3.528618E-05,1.52514E-05,-6.66667E-04
3.974988,-5.745911E-05,-4.628702E-06,.001
3.975988,-4.339241E-05,-4.17179E-05,-.001
3.976989,-3.2902E-05,-4.313723E-05,-2.33333E-03
3.977989,-2.408039E-05,-2.41698E-05,-.001
3.97899,-2.789509E-05,-1.667265E-05,-.001
3.97999,-3.409409E-05,6.409391E-06,-.001
3.98099,-2.3842E-06,-6.239898E-07,-.001
3.981991,1.025206E-05,1.748849E-05,6.66667E-04
3.982992,2.527249E-05,3.026996E-05,-.001
3.983992,4.673027E-05,2.603617E-05,-6.66667E-04
3.984993,2.312672E-05,-2.929955E-06,-.002
3.985993,1.525891E-05,-3.639818E-05,-6.66667E-04
3.986994,5.960494E-06,-2.722826E-05,6.66667E-04
3.987994,1.168257E-05,-8.14168E-06,-6.66667E-04
3.988995,3.314042E-05,-2.652791E-05,-.001
3.989995,4.649186E-05,-4.482665E-05,-6.66667E-04
3.990995,3.075623E-05,-7.767288E-06,-.001
3.991996,2.145779E-05,1.673785E-05,6.66667E-04
3.992997,2.741825E-05,2.131064E-05,6.66667E-04
3.993997,1.6451E-05,2.089899E-05,-6.66667E-04
3.994998,3.337875E-06,-5.651294E-06,-6.66667E-04
3.995998,-1.692784E-05,-4.466652E-06,-.002
3.996999,-2.479565E-05,-2.477143E-05,.001
3.997999,1.001364E-05,-4.201033E-05,-.002
3.999,3.433251E-05,-1.930457E-05,-.001
4,3.337883E-05,2.130881E-06,6.66667E-04
