"c:\users\esrlabn1\desktop\bence\ir_spectroscopy\1000nm_odmr\magnet_map_7_1310nm\069.dat  ---  04-23-2026 18:43:33"
""
"cavityli 20 2 4 2000 1 0 0"
"                             ;                             ;seth_xesr_precise 47.94 1 0 0.2165354330708662"
"setlockin 188.67 0.004 0 0.03 0.005"
4,2000
2,-1.168257E-05,3.741146E-05,-.001
2.001,-2.384197E-05,2.36911E-05,-6.66667E-04
2.002001,-3.457093E-05,2.764177E-05,6.66667E-04
2.003001,-3.17099E-05,2.66229E-05,-6.66667E-04
2.004002,-4.506134E-05,-5.882262E-06,-6.66667E-04
2.005002,-2.098095E-05,-3.127218E-05,-.001
2.006003,4.291564E-06,-2.547738E-05,-.001
2.007004,-9.298383E-06,-1.707685E-05,6.66667E-04
2.008004,-1.406675E-05,-9.10653E-06,-.002
2.009005,-2.6703E-05,2.279892E-06,-6.66667E-04
2.010005,-1.788151E-05,-1.457526E-05,-6.66667E-04
2.011005,-1.430517E-05,-2.107222E-05,-6.66667E-04
2.012006,-2.050411E-05,-3.328384E-05,-6.66667E-04
2.013006,2.145782E-06,-3.440888E-05,.001
2.014007,2.3842E-06,-1.635787E-05,-6.66667E-04
2.015007,-5.006819E-06,-7.703959E-06,-.001
2.016008,-3.099456E-06,-2.451256E-06,-2.33333E-03
2.017009,1.430519E-06,7.452472E-06,.001
2.018009,-3.576293E-06,-1.356943E-05,-.001
2.01901,1.764309E-05,2.991423E-06,-3.66667E-03
2.02001,-1.049048E-05,2.389599E-05,6.66667E-04
2.02101,-1.525891E-05,3.010605E-05,2.33333E-03
2.022011,1.311308E-05,1.55085E-05,6.66667E-04
2.023011,1.668942E-05,2.960127E-05,6.66667E-04
2.024012,-5.006819E-06,8.199422E-06,-.001
2.025012,-3.93393E-05,6.64781E-06,.001
2.026013,-3.2902E-05,1.415618E-06,-.001
2.027014,-2.241146E-05,-2.065499E-05,-.002
2.028014,-3.576293E-06,-3.133924E-05,-.001
2.029015,-5.960494E-06,-3.300072E-05,-.001
2.030015,-5.245238E-06,-5.461113E-05,-6.66667E-04
2.031015,9.298383E-06,-4.537054E-05,.001
2.032016,-1.430517E-05,-2.425921E-05,-.002
2.033016,4.291564E-06,-3.287219E-05,6.66667E-04
2.034017,3.361725E-05,1.177756E-05,-6.66667E-04
2.035017,5.722075E-06,3.545568E-05,6.66667E-04
2.036018,-1.90736E-05,5.263486E-05,-.001
2.037019,-2.217304E-05,4.316331E-05,-.002
2.038019,-2.408039E-05,3.913068E-05,-2.33333E-03
2.03902,2.503407E-05,1.859863E-05,6.66667E-04
2.04002,3.600144E-05,3.279396E-05,-.002
2.04102,3.099465E-05,-8.111878E-06,.001
2.042021,4.601502E-05,-2.278027E-05,-6.66667E-04
2.043021,2.765667E-05,8.434115E-06,-6.66667E-04
2.044022,1.239782E-05,1.124112E-05,6.66667E-04
2.045022,1.025206E-05,8.273928E-06,-2.33333E-03
2.046023,-1.406675E-05,2.826948E-05,-.001
2.047024,-3.767037E-05,1.988944E-05,6.66667E-04
2.048024,-1.883518E-05,3.883452E-05,-6.66667E-04
2.049025,-2.002728E-05,2.873887E-05,-6.66667E-04
2.050025,-5.960494E-06,-7.713272E-06,.001
2.051026,-5.722075E-06,-7.133967E-07,-.001
2.052026,-3.671669E-05,1.606729E-05,-6.66667E-04
2.053026,-4.076981E-05,1.227675E-05,-6.66667E-04
2.054027,-2.717983E-05,3.578723E-05,-6.66667E-04
2.055027,-3.480935E-05,1.526263E-05,-.002
2.056028,-4.053139E-05,-2.518311E-06,6.66667E-04
2.057029,-5.054497E-05,1.976837E-05,-6.66667E-04
2.058029,-3.671669E-05,3.05681E-05,-.001
2.05903,-3.099456E-06,1.355825E-05,6.66667E-04
2.06003,3.385567E-05,2.001983E-05,6.66667E-04
2.061031,3.886246E-05,-8.100702E-06,6.66667E-04
2.062031,5.793595E-05,-4.307018E-05,6.66667E-04
2.063031,3.457093E-05,-7.899536E-06,6.66667E-04
2.064032,3.695511E-05,-3.086418E-06,-.001
2.065032,-2.861038E-06,-1.3955E-05,-.001
2.066033,-3.719353E-05,-2.807021E-06,-2.33333E-03
2.067034,-4.076981E-05,-2.017256E-05,.001
2.068034,-1.931202E-05,-2.658193E-05,-.001
2.069035,-2.574932E-05,-6.247341E-06,-6.66667E-04
2.070035,-2.622619E-06,1.068792E-05,6.66667E-04
2.071036,-1.1921E-06,-2.44008E-06,.002
2.072036,-1.716625E-05,-1.158571E-05,-6.66667E-04
2.073036,-2.241146E-05,-1.503906E-05,.001
2.074037,-1.33515E-05,5.327202E-07,.001
2.075037,-6.651925E-05,-5.361089E-05,6.66667E-04
2.076038,-6.413506E-05,-5.461113E-05,.001
2.077039,-4.649186E-05,-3.054948E-05,2.33333E-03
2.078039,-1.478201E-05,-1.387676E-05,-.002
2.07904,-1.883518E-05,-1.649943E-05,-.002
2.08004,-2.169621E-05,-5.2471E-06,-.001
2.081041,-3.457093E-05,-1.156522E-05,-6.66667E-04
2.082041,-9.77522E-06,-1.676765E-05,-.001
2.083041,-2.908718E-05,-1.740095E-05,-6.66667E-04
2.084042,-1.072889E-05,-2.402079E-05,-.002
2.085042,-6.198912E-06,-1.288025E-05,.002
2.086043,9.059964E-06,-1.334219E-05,-6.66667E-04
2.087044,2.813351E-05,-1.388235E-05,-.001
2.088044,2.312672E-05,2.055441E-05,.001
2.089045,-1.502043E-05,3.929087E-05,-3.66667E-03
2.090045,-2.145782E-06,-8.583127E-06,-.002
2.091046,1.215941E-05,-1.106976E-05,-.001
2.092046,4.744553E-05,-2.754678E-05,-.001
2.093046,6.079697E-05,-1.87644E-05,-.002
2.094047,2.074253E-05,-2.502848E-05,6.66667E-04
2.095047,-6.198912E-06,-2.50974E-05,-6.66667E-04
2.096048,5.960494E-06,6.23244E-06,-.001
2.097049,-2.431881E-05,4.141987E-05,-6.66667E-04
2.098049,-2.6703E-05,2.918032E-05,-.002
2.09905,-2.312672E-05,-1.616783E-06,-.002
2.10005,-1.835835E-05,7.450626E-08,-6.66667E-04
2.101051,0,-2.296094E-05,-.002
2.102051,2.717983E-05,-6.238028E-06,-.001
2.103051,1.096731E-05,1.433125E-05,-.002
2.104052,6.198912E-06,3.099279E-05,.001
2.105052,-9.059964E-06,2.085615E-05,.001
2.106053,-1.692784E-05,-5.094364E-06,-6.66667E-04
2.107054,-7.152594E-07,-2.943177E-05,-.001
2.108054,4.291564E-06,1.376502E-06,.001
2.109055,-1.1921E-06,2.514589E-07,.001
2.110055,-4.529982E-06,1.069166E-06,6.66667E-04
2.111056,-2.55109E-05,-1.215941E-05,6.66667E-04
2.112056,-3.93393E-05,-8.130504E-06,-.001
2.113056,-1.788151E-05,1.702465E-06,-6.66667E-04
2.114057,-2.384197E-05,2.168134E-06,-.001
2.115057,-4.529982E-06,-1.219293E-05,-6.66667E-04
2.116058,2.622619E-06,-9.978248E-06,-6.66667E-04
2.117059,-1.33515E-05,2.065685E-05,-2.33333E-03
2.118059,-2.28883E-05,6.71114E-06,-6.66667E-04
2.11906,-2.002728E-05,3.46771E-05,-.001
2.12006,1.406675E-05,2.979499E-05,-6.66667E-04
2.121061,2.02657E-05,1.732085E-05,-6.66667E-04
2.122061,4.3154E-05,-1.265301E-05,6.66667E-04
2.123062,4.744553E-05,-3.255918E-06,-.002
2.124062,4.792237E-05,-2.088037E-05,-.001
2.125062,1.788151E-05,-2.570089E-05,-.002
2.126063,-1.668942E-05,-5.461113E-05,-.001
2.127064,-2.861038E-06,-5.461113E-05,-6.66667E-04
2.128064,9.77522E-06,-5.461113E-05,-.001
2.129065,4.768401E-06,-4.112744E-05,6.66667E-04
2.130065,2.956402E-05,9.926094E-06,.001
2.131066,2.002728E-05,3.355951E-05,-6.66667E-04
2.132066,-2.002728E-05,2.104614E-05,-6.66667E-04
2.133067,-3.051781E-05,3.578156E-06,-.002
2.134067,-4.935288E-05,1.144229E-05,6.66667E-04
2.135067,-1.502043E-05,-1.035637E-05,-.001
2.136068,-1.835835E-05,-9.005948E-06,-.001
2.137069,-3.194832E-05,-1.839187E-05,6.66667E-04
2.138069,-2.360356E-05,-3.398233E-05,6.66667E-04
2.13907,-1.406675E-05,-3.352039E-05,6.66667E-04
2.14007,-1.621258E-05,-3.896677E-05,.002
2.141071,1.263624E-05,-5.321973E-05,-2.33333E-03
2.142071,4.768408E-07,-3.672042E-05,-.002
2.143072,8.10629E-06,-1.938839E-05,-.001
2.144072,3.051781E-05,8.38194E-07,-.002
2.145072,3.814726E-06,2.290506E-05,-.002
2.146073,-8.583127E-06,2.79212E-06,-.001
2.147074,-6.914168E-06,3.889232E-06,-.001
2.148074,-7.152586E-06,6.090879E-06,-6.66667E-04
2.149075,-2.384197E-05,-7.988943E-06,-.002
2.150075,-2.360356E-05,1.720351E-05,-6.66667E-04
2.151076,-1.740467E-05,-7.791503E-06,-6.66667E-04
2.152076,-1.287466E-05,-5.039969E-05,-.002
2.153077,-5.483656E-06,2.011666E-07,-.002
2.154077,5.006819E-06,4.528486E-05,-6.66667E-04
2.155077,1.382834E-05,5.280063E-05,-.002
2.156078,2.312672E-05,3.222027E-05,-6.66667E-04
2.157079,-1.573574E-05,6.854571E-07,-6.66667E-04
2.158079,-1.049048E-05,-5.653157E-06,6.66667E-04
2.15908,-4.005455E-05,-1.331425E-05,-.001
2.16008,-3.027928E-05,-2.747786E-05,-.002
2.161081,8.344708E-06,-1.907733E-05,2.33333E-03
2.162081,-1.144415E-05,-2.722826E-05,6.66667E-04
2.163082,-2.884876E-05,-1.766358E-05,-6.66667E-04
2.164082,-6.914168E-06,-7.657392E-06,.002
2.165082,-9.536801E-06,-4.423811E-06,-6.66667E-04
2.166083,-2.3842E-06,-2.438959E-05,6.66667E-04
2.167084,2.455723E-05,5.677372E-06,-.001
2.168084,-6.437331E-06,9.354262E-06,-.001
2.169085,-1.788151E-05,-2.076488E-05,-.001
2.170085,-3.099456E-06,4.682719E-06,6.66667E-04
2.171086,-1.502043E-05,-1.246488E-05,6.66667E-04
2.172086,-1.406675E-05,-4.6395E-05,.001
2.173087,1.120573E-05,-1.877744E-05,-6.66667E-04
2.174087,7.152586E-06,8.858799E-06,2.33333E-03
2.175087,3.314042E-05,9.661599E-06,-.001
2.176088,1.978886E-05,5.04966E-06,.001
2.177088,3.099456E-06,-2.031599E-05,6.66667E-04
2.178089,-8.344708E-06,-2.777216E-05,.001
2.17909,5.722075E-06,-2.732515E-06,-6.66667E-04
2.18009,6.675749E-06,5.43709E-06,-.002
2.181091,5.483656E-06,7.005438E-06,-6.66667E-04
2.182091,-2.765667E-05,-1.670804E-05,-6.66667E-04
2.183092,-1.955044E-05,-2.470252E-05,-.001
2.184092,1.478201E-05,-3.415742E-05,-.002
2.185092,2.455723E-05,-2.619263E-05,-6.66667E-04
2.186093,7.152586E-06,-9.421317E-06,6.66667E-04
2.187093,1.502043E-05,1.798396E-05,.002
2.188094,-9.059964E-06,1.078105E-05,-6.66667E-04
2.189095,-2.861035E-05,-6.612427E-07,-6.66667E-04
2.190095,-1.668942E-05,1.476338E-05,-.001
2.191096,-4.076981E-05,-5.083188E-06,.001
2.192096,-2.789509E-05,-1.352659E-05,6.66667E-04
2.193097,2.28883E-05,9.900017E-06,6.66667E-04
2.194097,3.457093E-05,-8.028037E-07,-.001
2.195097,-2.384204E-07,-1.879607E-05,-.001
2.196098,-2.622616E-05,-3.081583E-05,-6.66667E-04
2.197098,-4.434609E-05,-2.998873E-06,-.001
2.198099,-3.504776E-05,1.479132E-05,-.001
2.1991,-3.337883E-05,1.933065E-05,-.001
2.2001,-8.10629E-06,2.465409E-05,-6.66667E-04
2.201101,-9.536816E-07,2.165709E-05,-.002
2.202101,-1.168257E-05,2.216746E-05,6.66667E-04
2.203102,-1.454359E-05,-2.183032E-05,-2.33333E-03
2.204102,-2.3842E-06,-1.767848E-05,.001
2.205102,-2.455723E-05,6.053633E-07,6.66667E-04
2.206103,1.907363E-06,1.296408E-06,.001
2.207103,5.006819E-06,2.827693E-05,6.66667E-04
2.208104,-8.583127E-06,2.677192E-05,.001
2.209105,-1.192099E-05,7.279246E-06,-6.66667E-04
2.210105,-3.218674E-05,-8.393137E-06,.002
2.211106,-3.194832E-05,-1.856138E-05,-6.66667E-04
2.212106,1.978886E-05,-2.026756E-05,6.66667E-04
2.213107,2.765667E-05,-8.858799E-06,-6.66667E-04
2.214107,1.788151E-05,7.72631E-06,-.002
2.215107,4.768401E-06,1.766917E-05,-.002
2.216108,-4.220032E-05,2.127897E-05,-.002
2.217108,-1.955044E-05,-4.207744E-06,6.66667E-04
2.218109,-1.168257E-05,-1.512846E-05,6.66667E-04
2.21911,-1.502043E-05,-2.112065E-05,-.001
2.22011,-7.152594E-07,-1.528126E-05,6.66667E-04
2.221111,1.33515E-05,-1.250586E-05,2.33333E-03
2.222111,9.298383E-06,6.118818E-06,6.66667E-04
2.223112,2.789509E-05,8.467643E-06,-.001
2.224112,3.576302E-05,3.616721E-05,-.002
2.225112,3.385567E-05,1.803425E-05,-.001
2.226113,4.220032E-05,-2.654467E-05,-.002
2.227113,4.673027E-05,-4.89878E-05,-6.66667E-04
2.228114,1.931202E-05,-4.899711E-05,6.66667E-04
2.229115,1.788151E-05,-5.461113E-05,-.001
2.230115,3.194832E-05,-1.449703E-05,-.002
2.231116,1.215941E-05,5.682959E-06,-.001
2.232116,1.573574E-05,7.124647E-06,6.66667E-04
2.233117,-1.430517E-05,1.875323E-05,-6.66667E-04
2.234117,-5.006819E-06,2.085243E-05,-.002
2.235118,1.215941E-05,3.500865E-05,-6.66667E-04
2.236118,-7.152594E-07,1.200108E-05,-6.66667E-04
2.237118,-1.192099E-05,4.02148E-06,6.66667E-04
2.238119,1.215941E-05,1.221529E-05,-6.66667E-04
2.23912,-3.576293E-06,6.146765E-07,-6.66667E-04
2.24012,-2.121937E-05,2.164219E-05,-6.66667E-04
2.241121,-2.574932E-05,5.460926E-05,-6.66667E-04
2.242121,-4.768395E-05,4.975148E-05,-.002
2.243122,-2.217304E-05,4.844769E-06,-.002
2.244122,-2.741825E-05,3.017503E-07,-6.66667E-04
2.245123,-3.790879E-05,-2.441753E-05,-.001
2.246123,-1.072889E-05,-3.267848E-05,-.002
2.247123,-1.621258E-05,-1.736556E-05,6.66667E-04
2.248124,-3.051781E-05,-2.526131E-05,-.002
2.249125,-1.025206E-05,-2.142426E-05,-.002
2.250125,-1.406675E-05,-2.300751E-05,-.001
2.251126,-3.719353E-05,-3.498257E-05,-6.66667E-04
2.252126,-2.193463E-05,-2.725434E-05,-6.66667E-04
2.253127,-1.573574E-05,-1.269957E-05,.001
2.254127,1.430517E-05,-3.463612E-05,6.66667E-04
2.255128,1.978886E-05,-2.264988E-05,-6.66667E-04
2.256128,3.814726E-06,-2.121751E-05,-2.33333E-03
2.257128,2.622619E-06,-3.824034E-05,-6.66667E-04
2.258129,3.361725E-05,-2.423313E-05,6.66667E-04
2.25913,1.597416E-05,-1.742516E-05,6.66667E-04
2.26013,-6.914168E-06,-3.466778E-05,-2.33333E-03
2.261131,2.622619E-06,-3.988692E-05,.001
2.262131,-2.574932E-05,-4.37519E-05,-.001
2.263132,1.120573E-05,-3.317394E-05,-6.66667E-04
2.264132,8.344708E-06,-2.508808E-05,-6.66667E-04
2.265133,-3.099456E-06,4.656642E-06,-.001
2.266133,7.152586E-06,2.57158E-05,-.001
2.267133,2.431881E-05,3.350363E-05,.001
2.268134,2.527249E-05,5.375623E-06,-6.66667E-04
2.269135,4.243874E-05,-2.35514E-05,.001
2.270135,3.623986E-05,-1.103064E-05,-.001
2.271136,2.861035E-05,2.28548E-06,-.002
2.272136,2.360356E-05,4.459202E-06,-6.66667E-04
2.273137,-2.002728E-05,-1.138455E-05,.001
2.274137,-3.027928E-05,-2.737727E-05,6.66667E-04
2.275138,-1.549732E-05,-1.509493E-05,-6.66667E-04
2.276138,-4.053145E-06,-1.279829E-05,-6.66667E-04
2.277139,1.382834E-05,-1.443928E-05,6.66667E-04
2.278139,2.503407E-05,2.587229E-06,-6.66667E-04
2.27914,1.120573E-05,9.592695E-07,2.33333E-03
2.28014,5.483656E-06,-1.753692E-05,-6.66667E-04
2.281141,-1.978886E-05,-4.291564E-06,.001
2.282141,-4.100823E-05,-1.633738E-05,.001
2.283142,6.914168E-06,-2.721709E-05,-.001
2.284142,1.287466E-05,-2.183218E-05,-.001
2.285143,-5.722075E-06,-2.945785E-05,-.002
2.286143,7.391005E-06,-3.416114E-05,-.001
2.287144,3.457093E-05,-2.93256E-05,.001
2.288144,2.861035E-05,-5.405978E-05,6.66667E-04
2.289145,1.072889E-05,-1.353031E-05,-.001
2.290145,-1.668942E-05,2.468016E-05,-.001
2.291146,-1.049048E-05,7.282972E-06,.001
2.292146,-3.623986E-05,-2.389413E-05,-.002
2.293147,-3.528618E-05,-3.591203E-05,.001
2.294147,-2.169621E-05,-5.348981E-05,-6.66667E-04
2.295148,1.1921E-06,-2.129574E-05,-.001
2.296148,1.144415E-05,-1.016079E-05,-.002
2.297149,2.217304E-05,-1.342787E-05,-.001
2.298149,-8.344708E-06,-1.675275E-05,6.66667E-04
2.29915,-1.6451E-05,5.871087E-06,.001
2.30015,3.099456E-06,-4.688307E-06,-.001
2.301151,1.33515E-05,1.80491E-06,-6.66667E-04
2.302151,1.931202E-05,8.193834E-06,-3.66667E-03
2.303152,1.6451E-05,4.621252E-06,-6.66667E-04
2.304152,2.717983E-05,1.629822E-06,6.66667E-04
2.305153,2.479565E-05,1.311122E-05,-.001
2.306153,3.099465E-05,3.684335E-05,.001
2.307154,1.001364E-05,3.030535E-05,-.002
2.308154,-1.192099E-05,1.460506E-05,-.002
2.309155,-3.814726E-06,6.364688E-06,.002
2.310155,-1.859677E-05,-1.636904E-05,.001
2.311156,-4.005455E-05,-1.11871E-05,6.66667E-04
2.312156,-5.722069E-05,-1.670059E-05,-.001
2.313157,-4.601502E-05,-2.946157E-05,-.002
2.314157,-1.215941E-05,-2.473977E-05,-.002
2.315158,2.861035E-05,1.8336E-05,-6.66667E-04
2.316158,3.218674E-05,2.957706E-05,.002
2.317159,3.027928E-05,8.659496E-06,-.001
2.318159,9.298383E-06,1.021294E-05,-.001
2.31916,-2.884876E-05,-3.295034E-06,-6.66667E-04
2.32016,-1.668937E-06,-4.269212E-06,6.66667E-04
2.321161,9.536816E-07,1.719419E-05,-6.66667E-04
2.322161,7.867871E-06,3.997266E-06,-.002
2.323162,3.576293E-06,2.28436E-05,.002
2.324162,2.455723E-05,3.764615E-05,-6.66667E-04
2.325163,2.479565E-05,1.393264E-05,-.001
2.326163,1.430517E-05,3.576488E-05,6.66667E-04
2.327164,-1.239782E-05,1.047557E-05,-.001
2.328164,-2.121937E-05,-1.728919E-05,.001
2.329165,-3.2902E-05,-2.771814E-05,-.001
2.330165,-4.3154E-05,-3.616163E-05,-.004
2.331166,-5.006819E-06,-5.439506E-05,-6.66667E-04
2.332166,1.6451E-05,-3.550225E-05,-6.66667E-04
2.333167,1.144415E-05,-2.608087E-05,-.001
2.334167,8.344708E-06,-3.822357E-05,6.66667E-04
2.335168,-1.430517E-05,-2.987881E-05,-.001
2.336168,-2.694142E-05,-2.764363E-05,-6.66667E-04
2.337169,-6.437331E-06,-1.630944E-05,-6.66667E-04
2.338169,-1.1921E-06,-8.23295E-06,.001
2.33917,-5.483656E-06,-1.378363E-05,-6.66667E-04
2.34017,-3.099456E-06,-1.427351E-05,-2.33333E-03
2.341171,1.6451E-05,-1.063204E-05,.002
2.342171,2.241146E-05,-1.566869E-05,-6.66667E-04
2.343172,9.298383E-06,1.437782E-05,-6.66667E-04
2.344172,-2.098095E-05,3.14808E-05,6.66667E-04
2.345173,3.337875E-06,4.511356E-06,6.66667E-04
2.346173,1.358992E-05,-4.781439E-06,-.001
2.347174,-1.239782E-05,1.100084E-05,-.002
2.348174,-4.529982E-06,-4.362344E-06,-.001
2.349174,1.263624E-05,2.279703E-05,.001
2.350175,-1.239782E-05,3.868551E-05,6.66667E-04
2.351176,-3.814726E-06,1.342042E-05,-.001
2.352176,1.955044E-05,2.543826E-05,-.001
2.353177,4.768408E-07,-2.868485E-05,.002
2.354177,1.215941E-05,-2.968323E-05,-2.33333E-03
2.355178,3.814726E-06,2.540287E-05,-.001
2.356178,1.716625E-05,3.667199E-05,6.66667E-04
2.357179,1.764309E-05,4.624971E-05,-6.66667E-04
2.358179,-3.576293E-06,4.055002E-05,-6.66667E-04
2.359179,-3.528618E-05,1.208304E-05,6.66667E-04
2.36018,-2.28883E-05,3.559529E-06,-6.66667E-04
2.361181,4.768408E-07,8.188246E-06,6.66667E-04
2.362181,-1.1921E-06,-2.721709E-05,-.001
2.363182,-1.406675E-05,-3.363215E-05,6.66667E-04
2.364182,-3.838562E-05,-3.134855E-05,-.002
2.365183,-1.025206E-05,-3.875443E-05,-.001
2.366183,-7.152594E-07,-2.309133E-05,.001
2.367184,-2.28883E-05,-1.594995E-05,-.001
2.368184,-1.549732E-05,-4.35824E-05,.001
2.369184,3.099456E-06,-4.164712E-05,-6.66667E-04
2.370185,8.344708E-06,-2.058235E-05,.001
2.371186,1.358992E-05,2.500054E-05,-6.66667E-04
2.372186,-3.337875E-06,2.152298E-05,.001
2.373187,-2.837193E-05,5.383081E-07,-6.66667E-04
2.374187,-2.503407E-05,8.687435E-06,2.33333E-03
2.375188,-1.454359E-05,2.986577E-05,-6.66667E-04
2.376188,-3.957772E-05,2.372463E-05,-.001
2.377189,-2.55109E-05,2.624292E-05,6.66667E-04
2.378189,-3.838562E-05,1.746428E-05,-.002
2.379189,-2.28883E-05,-6.705568E-08,-6.66667E-04
2.38019,1.764309E-05,3.315527E-07,-.002
2.381191,-1.478201E-05,2.361287E-05,-6.66667E-04
2.382191,-3.218674E-05,3.725319E-09,.002
2.383192,1.311308E-05,-2.177816E-05,6.66667E-04
2.384192,-2.622619E-06,-3.571459E-05,2.33333E-03
2.385193,-1.430519E-06,-2.993096E-05,-.002
2.386193,-7.152594E-07,-4.719972E-06,-.002
2.387194,-7.152594E-07,2.770696E-05,-3.66667E-03
2.388194,9.77522E-06,1.170865E-05,6.66667E-04
2.389194,-7.391005E-06,6.739079E-06,-.001
2.390195,-1.025206E-05,-6.84525E-06,.001
2.391196,2.527249E-05,2.25381E-07,.002
2.392196,2.145782E-06,-2.391651E-06,-6.66667E-04
2.393197,-2.503407E-05,-1.239224E-05,-.002
2.394197,-2.002728E-05,-2.213393E-05,-.001
2.395198,-1.764309E-05,-1.588289E-05,.001
2.396198,7.152586E-06,-3.585606E-06,-6.66667E-04
2.397199,3.695511E-05,-2.659872E-06,6.66667E-04
2.398199,7.200288E-05,2.885994E-05,-.002
2.399199,6.699609E-05,1.984846E-05,-.001
2.4002,3.981614E-05,2.111506E-05,-.002
2.401201,9.77522E-06,8.184521E-06,-.002
2.402201,3.719353E-05,-2.866625E-06,-.002
2.403202,3.623986E-05,5.460926E-05,.001
2.404202,1.454359E-05,5.460926E-05,-6.66667E-04
2.405203,2.765667E-05,4.583807E-05,-.002
2.406203,1.215941E-05,5.460926E-05,-.002
2.407204,-3.576293E-06,5.349726E-05,6.66667E-04
2.408204,1.33515E-05,2.606225E-05,6.66667E-04
2.409204,1.454359E-05,1.612131E-05,-.001
2.410205,0,6.325572E-06,-2.33333E-03
2.411206,2.002728E-05,4.886114E-05,-6.66667E-04
2.412206,8.821546E-06,5.460926E-05,6.66667E-04
2.413207,1.668937E-06,3.380538E-05,6.66667E-04
2.414207,4.339241E-05,-3.373265E-06,6.66667E-04
2.415208,5.412125E-05,7.633178E-06,.002
2.416208,1.025206E-05,4.660367E-06,-.001
2.417209,1.096731E-05,2.600823E-05,-6.66667E-04
2.418209,-8.344708E-06,2.53414E-05,-6.66667E-04
2.41921,-1.668942E-05,-1.024461E-05,6.66667E-04
2.42021,8.344708E-06,1.462184E-06,-6.66667E-04
2.421211,3.576302E-05,1.822982E-05,-6.66667E-04
2.422211,5.054497E-05,-5.872949E-06,.001
2.423212,2.527249E-05,1.810875E-05,-6.66667E-04
2.424212,-1.740467E-05,3.23283E-05,-.001
2.425213,2.861038E-06,2.582755E-05,-6.66667E-04
2.426213,-1.811993E-05,1.3182E-05,-.001
2.427214,-5.340599E-05,3.527864E-06,-2.33333E-03
2.428214,-1.6451E-05,5.390524E-06,-.001
2.429215,-2.503407E-05,1.369423E-05,-6.66667E-04
2.430215,-3.671669E-05,1.758721E-05,-6.66667E-04
2.431216,-2.217304E-05,6.821036E-06,-6.66667E-04
2.432216,-3.123307E-05,-9.506999E-06,-.002
2.433217,-3.17099E-05,-1.358805E-05,.001
2.434217,1.430519E-06,1.072891E-06,-6.66667E-04
2.435218,8.10629E-06,2.909466E-06,-6.66667E-04
2.436218,-5.483656E-06,-6.984956E-07,6.66667E-04
2.437219,-3.814726E-06,-1.512287E-05,6.66667E-04
2.438219,-3.814726E-06,-1.467398E-05,.001
2.43922,6.198912E-06,-5.416601E-06,-6.66667E-04
2.44022,3.576293E-06,1.329936E-06,.001
2.441221,-1.573574E-05,-1.375569E-05,-.001
2.442221,9.059964E-06,-2.865319E-05,.002
2.443222,-5.245238E-06,-2.595794E-05,-6.66667E-04
2.444222,-2.169621E-05,-3.402145E-05,-.002
2.445223,8.10629E-06,-4.715496E-05,-6.66667E-04
2.446223,4.100823E-05,-4.023523E-05,-.001
2.447224,1.931202E-05,-2.203707E-05,-6.66667E-04
2.448224,3.814721E-05,-1.983732E-06,-.001
2.449225,3.314042E-05,9.229465E-06,-6.66667E-04
2.450225,-3.147149E-05,3.198176E-06,-2.33333E-03
2.451226,-3.218674E-05,1.261017E-05,-.001
2.452226,-1.6451E-05,6.986811E-06,-6.66667E-04
2.453227,-2.050411E-05,4.88761E-06,.001
2.454227,-5.483656E-06,1.357129E-05,-.001
2.455228,-1.6451E-05,2.297398E-05,-.001
2.456228,-3.55246E-05,1.178874E-05,-6.66667E-04
2.457229,-4.506134E-05,2.134603E-05,-.002
2.458229,-4.768395E-05,1.806032E-05,-.004
2.45923,-7.391005E-06,1.849246E-05,.001
2.46023,2.098095E-05,1.297897E-05,-.001
2.461231,-8.344708E-06,1.639139E-05,6.66667E-04
2.462231,8.10629E-06,1.505209E-05,-.001
2.463232,2.479565E-05,4.900456E-05,-6.66667E-04
2.464232,8.821546E-06,3.524334E-05,-.002
2.465233,4.19619E-05,1.143111E-05,6.66667E-04
2.466233,2.312672E-05,6.126269E-06,-3.66667E-03
2.467234,9.298383E-06,8.970557E-06,-.001
2.468234,2.217304E-05,7.696508E-06,-.001
2.469235,8.583127E-06,-8.523522E-06,-6.66667E-04
2.470235,8.583127E-06,-2.480869E-05,-.002
2.471236,2.121937E-05,-1.618646E-06,.001
2.472236,-9.77522E-06,2.734002E-05,-6.66667E-04
2.473237,-1.835835E-05,1.448771E-05,.001
2.474237,-6.914168E-06,1.327886E-05,6.66667E-04
2.475238,-2.646458E-05,1.245929E-05,-6.66667E-04
2.476238,-1.358992E-05,2.091576E-05,-.001
2.477239,-1.025206E-05,2.451066E-05,6.66667E-04
2.478239,-1.33515E-05,3.610388E-05,-.002
2.47924,1.931202E-05,2.259959E-05,-.001
2.48024,4.529976E-05,4.179985E-05,6.66667E-04
2.481241,2.121937E-05,2.592255E-05,-.002
2.482241,9.77522E-06,-1.268467E-05,.001
2.483242,-6.675749E-06,-1.217989E-05,.001
2.484242,-4.601502E-05,1.480436E-05,.001
2.485243,-1.311308E-05,-4.185393E-06,-2.33333E-03
2.486243,-1.525891E-05,4.770263E-06,-.001
2.487244,-2.360356E-05,-1.14367E-05,6.66667E-04
2.488244,-3.099456E-06,-6.87319E-06,-6.66667E-04
2.489245,3.576293E-06,-1.307955E-05,.001
2.490245,1.049048E-05,-2.403569E-05,.001
2.491246,3.480935E-05,-2.114117E-06,-.001
2.492246,3.266358E-05,2.580893E-05,-.001
2.493247,3.17099E-05,5.269452E-06,-.001
2.494247,1.740467E-05,9.184761E-06,-.001
2.495248,1.668942E-05,-6.556547E-07,.001
2.496248,4.339241E-05,-3.445912E-07,-6.66667E-04
2.497249,6.103562E-05,7.793366E-06,6.66667E-04
2.498249,3.576302E-05,5.863636E-06,-6.66667E-04
2.49925,4.363083E-05,1.025765E-05,6.66667E-04
2.50025,2.408039E-05,3.948837E-06,-6.66667E-04
2.501251,-5.006819E-06,-5.358859E-06,-.001
2.502251,1.6451E-05,-3.363952E-06,.001
2.503252,5.245238E-06,-8.923991E-06,-.001
2.504252,-6.198912E-06,-3.818632E-05,-.001
2.505253,1.239782E-05,-2.019864E-05,6.66667E-04
2.506253,4.053139E-05,1.148513E-05,-6.66667E-04
2.507254,2.121937E-05,1.150934E-05,-3.66667E-03
2.508254,1.573574E-05,7.875322E-06,-.001
2.509255,-2.574932E-05,2.197002E-05,-6.66667E-04
2.510255,-4.363083E-05,2.117094E-05,-6.66667E-04
2.511256,-2.646458E-05,-3.110632E-06,-.001
2.512256,-2.837193E-05,-2.75505E-05,-6.66667E-04
2.513257,-1.025206E-05,-2.067734E-05,6.66667E-04
2.514257,-5.006819E-06,-1.22544E-05,6.66667E-04
2.515258,-1.072889E-05,1.845148E-05,6.66667E-04
2.516258,1.955044E-05,3.848434E-05,.001
2.517259,2.121937E-05,4.602992E-05,-3.66667E-03
2.518259,2.02657E-05,1.185766E-05,6.66667E-04
2.51926,2.193463E-05,-1.646586E-06,.001
2.52026,9.298383E-06,2.997939E-05,-.001
2.521261,7.629453E-06,-4.189118E-06,6.66667E-04
2.522261,2.098095E-05,-3.848254E-06,-.002
2.523262,1.1921E-06,1.951877E-05,.001
2.524262,-2.002728E-05,-2.749279E-06,6.66667E-04
2.525263,-4.529982E-06,-9.942858E-06,-6.66667E-04
2.526263,-2.861038E-06,1.398852E-05,-.001
2.527264,1.597416E-05,-1.186138E-05,6.66667E-04
2.528264,3.075623E-05,4.347443E-06,.002
2.529265,-1.478201E-05,1.498876E-05,-6.66667E-04
2.530265,-5.388283E-05,-4.790752E-06,6.66667E-04
2.531266,-4.243874E-05,-2.495584E-05,-.001
2.532266,-5.269074E-05,-3.136709E-06,6.66667E-04
2.533267,-1.478201E-05,-1.151122E-06,-.002
2.534267,1.764309E-05,4.691468E-05,-.001
2.535268,7.152594E-07,4.906231E-05,-2.33333E-03
2.536268,-7.152594E-07,1.108838E-05,-6.66667E-04
2.537269,2.622619E-06,2.211158E-05,6.66667E-04
2.538269,-3.814726E-06,-5.811482E-06,-2.33333E-03
2.53927,1.907363E-06,-3.119954E-05,-.001
2.54027,-2.28883E-05,4.641741E-06,-.001
2.541271,-4.696869E-05,3.217929E-05,2.33333E-03
2.542271,-2.93256E-05,3.687129E-05,-.002
2.543272,-1.740467E-05,2.903875E-05,-6.66667E-04
2.544272,-8.344708E-06,1.493288E-05,-6.66667E-04
2.545273,2.312672E-05,2.261263E-05,6.66667E-04
2.546273,3.623986E-05,3.023644E-05,-6.66667E-04
2.547274,5.340599E-05,1.412636E-05,-6.66667E-04
2.548274,3.433251E-05,-2.795845E-06,.001
2.549275,-1.573574E-05,1.652737E-05,-.002
2.550275,-2.861035E-05,-7.81758E-06,-.001
2.551276,-5.435967E-05,-1.180924E-06,6.66667E-04
2.552276,-3.433251E-05,-1.412636E-05,-6.66667E-04
2.553277,-3.099456E-06,-2.62094E-05,-6.66667E-04
2.554277,-1.502043E-05,-2.181355E-05,6.66667E-04
2.555278,-1.955044E-05,-6.185874E-06,-.001
2.556278,4.529982E-06,-1.363464E-06,.001
2.557279,-1.430519E-06,-1.005462E-05,6.66667E-04
2.558279,2.28883E-05,-4.845322E-05,-6.66667E-04
2.55928,6.413506E-05,-2.557982E-05,-.001
2.56028,5.769753E-05,-1.011981E-05,-6.66667E-04
2.561281,3.647828E-05,-5.923241E-06,-.001
2.562281,9.059964E-06,-3.037055E-05,-6.66667E-04
2.563282,-5.722075E-06,-2.978195E-05,-6.66667E-04
2.564282,-4.053145E-06,-1.191354E-05,-.002
2.565283,1.096731E-05,-2.387926E-06,6.66667E-04
2.566283,4.744553E-05,1.467398E-05,-.001
2.567284,2.741825E-05,-5.353271E-06,-.001
2.568284,2.002728E-05,-6.983086E-06,-.001
2.569285,-1.358992E-05,5.010552E-07,6.66667E-04
2.570285,-9.536801E-06,-5.029165E-08,.002
2.571286,-1.120573E-05,1.499063E-05,.001
2.572286,-3.671669E-05,2.564877E-06,6.66667E-04
2.573287,-2.527249E-05,7.431991E-07,-.001
2.574287,1.811993E-05,4.120008E-05,-.002
2.575288,4.291558E-05,3.04823E-05,6.66667E-04
2.576288,2.908718E-05,-1.022971E-05,-6.66667E-04
2.577289,1.978886E-05,-8.244126E-06,.001
2.578289,1.716625E-05,-8.111878E-06,6.66667E-04
2.57929,3.314042E-05,2.065871E-05,-.002
2.58029,1.6451E-05,3.891834E-05,-2.33333E-03
2.581291,-4.053145E-06,1.653482E-05,-.002
2.582291,1.358992E-05,2.20408E-05,6.66667E-04
2.583292,4.291564E-06,2.670113E-05,-6.66667E-04
2.584292,2.861035E-05,1.958397E-05,-6.66667E-04
2.585293,5.149865E-05,9.566604E-06,6.66667E-04
2.586293,2.789509E-05,2.929394E-05,.002
2.587294,2.360356E-05,3.239536E-05,-6.66667E-04
2.588294,1.955044E-05,1.292868E-05,-.002
2.589295,-4.529982E-06,-6.33303E-07,.001
2.590295,5.960494E-06,-2.130505E-05,-6.66667E-04
2.591296,3.719353E-05,3.978639E-06,-6.66667E-04
2.592296,2.312672E-05,1.155032E-05,.001
2.593297,2.098095E-05,3.152923E-05,.001
2.594297,1.215941E-05,5.460926E-05,6.66667E-04
2.595298,-2.622619E-06,3.930577E-05,6.66667E-04
2.596298,1.001364E-05,2.363895E-05,-.002
2.597299,1.454359E-05,2.487388E-05,.002
2.598299,-9.536801E-06,3.206381E-05,6.66667E-04
2.5993,-1.740467E-05,1.423067E-05,-.002
2.6003,-2.312672E-05,2.128643E-05,-.002
2.601301,-1.740467E-05,1.72538E-05,-.001
2.602301,7.629453E-06,-1.078479E-06,6.66667E-04
2.603302,9.77522E-06,-1.297338E-05,-2.33333E-03
2.604302,3.862404E-05,-7.523253E-06,6.66667E-04
2.605303,5.149865E-05,-9.341224E-06,-6.66667E-04
2.606303,1.001364E-05,-4.195073E-05,-.001
2.607304,8.821546E-06,-5.461113E-05,-6.66667E-04
2.608304,1.049048E-05,-4.02017E-05,-.001
2.609305,8.344708E-06,-3.516139E-05,.001
2.610305,1.955044E-05,-2.896984E-05,-6.66667E-04
2.611306,1.430519E-06,2.948582E-06,-2.33333E-03
2.612306,-1.621258E-05,-1.267908E-05,-6.66667E-04
2.613307,1.096731E-05,-3.298395E-05,6.66667E-04
2.614307,1.668937E-06,-3.111199E-05,6.66667E-04
2.615308,-1.263624E-05,-3.389665E-05,-.001
2.616308,2.861035E-05,-2.726738E-05,-6.66667E-04
2.617309,2.193463E-05,-1.030607E-05,-6.66667E-04
2.618309,-8.821546E-06,-7.992669E-06,-.002
2.61931,5.722075E-06,2.286595E-05,-.002
2.62031,1.478201E-05,2.973538E-05,.001
2.621311,1.144415E-05,2.676446E-05,6.66667E-04
2.622311,-4.529982E-06,2.531905E-05,-.001
2.623312,-1.358992E-05,3.358931E-05,-.002
2.624312,-1.978886E-05,-3.181412E-06,-.001
2.625313,-1.1921E-06,-6.612427E-07,-2.33333E-03
2.626313,-2.050411E-05,-2.097353E-06,-6.66667E-04
2.627314,2.431881E-05,-6.6832E-06,-6.66667E-04
2.628314,3.194832E-05,-1.452869E-05,6.66667E-04
2.629315,-6.675749E-06,-1.247978E-05,-6.66667E-04
2.630315,-2.574932E-05,-1.592387E-05,-.002
2.631316,-3.433251E-05,1.329748E-05,-2.33333E-03
2.632316,-3.194832E-05,-9.713753E-06,.001
2.633317,-2.741825E-05,-3.170059E-05,-.001
2.634317,4.768408E-07,-2.839428E-05,6.66667E-04
2.635318,3.075623E-05,-3.30063E-05,-.001
2.636318,6.127404E-05,-1.130631E-05,6.66667E-04
2.637319,4.696869E-05,1.086673E-05,6.66667E-04
2.638319,2.098095E-05,8.693023E-06,6.66667E-04
2.63932,3.695511E-05,-1.128955E-05,-.001
2.64032,-1.168257E-05,8.033647E-06,-6.66667E-04
2.641321,-6.437331E-06,-4.116464E-07,-6.66667E-04
2.642321,2.646458E-05,7.353752E-06,-.002
2.643322,2.431881E-05,1.493102E-05,-.001
2.644322,3.027928E-05,9.64111E-06,.002
2.645323,1.430517E-05,1.756859E-05,-.001
2.646323,2.145782E-06,6.726041E-06,-2.33333E-03
2.647324,6.437331E-06,-5.541398E-06,-.001
2.648324,4.291564E-06,4.099711E-06,-.002
2.649325,-1.192099E-05,8.327945E-06,-6.66667E-04
2.650325,7.867871E-06,1.096545E-05,-.002
2.651326,-1.621258E-05,3.360049E-05,-6.66667E-04
2.652326,-3.2902E-05,1.930085E-05,.001
2.653327,-1.406675E-05,-7.484137E-06,-3.66667E-03
2.654327,4.768408E-07,-1.200481E-05,6.66667E-04
2.655328,-7.391005E-06,-3.315904E-05,.001
2.656328,5.483656E-06,-4.01868E-05,-6.66667E-04
2.657329,2.193463E-05,-2.316956E-05,-6.66667E-04
2.658329,1.049048E-05,-3.688619E-05,6.66667E-04
2.65933,1.1921E-06,-1.142552E-05,6.66667E-04
2.66033,-1.668937E-06,4.449888E-06,6.66667E-04
2.661331,1.502043E-05,-1.186511E-05,.001
2.662331,2.717983E-05,-1.914997E-05,-.002
2.663332,2.121937E-05,8.307434E-07,-.001
2.664332,2.646458E-05,-5.735114E-06,-2.33333E-03
2.665333,2.980244E-05,7.499038E-06,-6.66667E-04
2.666333,6.675749E-06,-2.998873E-06,-2.33333E-03
2.667334,7.152594E-07,-1.904194E-05,-6.66667E-04
2.668334,-9.059964E-06,-1.742516E-05,6.66667E-04
2.669335,-2.93256E-05,-1.675088E-05,-6.66667E-04
2.670335,-2.28883E-05,-2.401334E-05,-3.66667E-03
2.671336,-3.981614E-05,-2.176326E-05,-6.66667E-04
2.672336,-5.173706E-05,-5.461113E-05,.001
2.673337,-7.391005E-06,-4.476146E-05,6.66667E-04
2.674337,2.312672E-05,-1.141807E-05,-.002
2.675338,1.788151E-05,1.049048E-05,-.001
2.676338,3.957772E-05,-2.710163E-06,-3.66667E-03
2.677339,3.576302E-05,-4.228234E-06,-6.66667E-04
2.678339,1.955044E-05,-2.41214E-06,.001
2.67934,2.312672E-05,1.095241E-05,-6.66667E-04
2.68034,-7.152586E-06,8.644594E-06,.001
2.681341,-1.740467E-05,-2.109271E-05,-.002
2.682341,5.006819E-06,-3.822544E-05,6.66667E-04
2.683342,1.192099E-05,-4.141987E-05,6.66667E-04
2.684342,2.098095E-05,-3.412948E-05,-6.66667E-04
2.685343,1.6451E-05,-1.550105E-05,.002
2.686343,1.859677E-05,-2.205942E-05,-6.66667E-04
2.687344,1.430517E-05,-3.651367E-05,.001
2.688344,1.668942E-05,-2.793979E-05,-2.33333E-03
2.689345,1.90736E-05,-2.400589E-05,-6.66667E-04
2.690345,4.076981E-05,3.786772E-06,-2.33333E-03
2.691346,2.789509E-05,2.202217E-05,-.001
2.692346,3.576293E-06,-1.862659E-09,-2.33333E-03
2.693347,1.955044E-05,-6.604969E-06,-6.66667E-04
2.694347,-3.337875E-06,-2.980058E-05,6.66667E-04
2.695348,1.33515E-05,-3.179E-05,.001
2.696348,2.169621E-05,-2.685946E-05,-6.66667E-04
2.697349,3.051781E-05,3.909721E-06,-2.33333E-03
2.698349,1.931202E-05,-2.533216E-07,2.33333E-03
2.69935,2.264988E-05,1.817949E-06,.001
2.70035,-3.814726E-06,2.064568E-05,-2.33333E-03
2.701351,6.437331E-06,8.786155E-06,.002
2.702351,1.382834E-05,-1.302367E-05,6.66667E-04
2.703352,5.960494E-06,-1.792621E-05,-3.66667E-03
2.704352,6.675749E-06,-3.106357E-05,.001
2.705353,4.529982E-06,-1.105113E-05,2.33333E-03
2.706353,-1.502043E-05,-1.19303E-05,.001
2.707354,-2.455723E-05,-1.739536E-05,-3.66667E-03
2.708354,-2.55109E-05,-1.679931E-05,-6.66667E-04
2.709355,-9.536801E-06,-3.362284E-05,-2.33333E-03
2.710355,1.478201E-05,-5.435781E-05,-.001
2.711356,4.363083E-05,-4.227483E-05,-.002
2.712356,6.413506E-05,-5.461113E-05,6.66667E-04
2.713357,6.794976E-05,-4.566298E-05,-6.66667E-04
2.714357,6.389664E-05,-4.435168E-05,-6.66667E-04
2.715358,7.653283E-05,-4.72723E-05,-6.66667E-04
2.716358,8.988427E-05,-2.359238E-05,-.001
2.717359,6.175088E-05,-4.952983E-05,-6.66667E-04
2.718359,5.960488E-05,-5.461113E-05,-6.66667E-04
2.71936,3.480935E-05,-5.461113E-05,-6.66667E-04
2.72036,2.765667E-05,-5.461113E-05,-6.66667E-04
2.721361,5.793595E-05,-5.461113E-05,-6.66667E-04
2.722361,5.149865E-05,-5.461113E-05,-6.66667E-04
2.723362,4.816079E-05,-5.461113E-05,-6.66667E-04
2.724362,5.245232E-05,-5.461113E-05,-.001
2.725363,5.579018E-05,-4.548416E-05,-6.66667E-04
2.726363,6.747292E-05,-4.719966E-05,6.66667E-04
2.727364,8.201646E-05,-5.461113E-05,-3.66667E-03
2.728364,1.184945E-04,-5.461113E-05,.001
2.729365,1.163487E-04,-5.461113E-05,-.001
2.730365,1.156335E-04,-5.461113E-05,-2.33333E-03
2.731366,1.149182E-04,-5.461113E-05,-.002
2.732366,1.139645E-04,-5.461113E-05,-.002
2.733367,1.051431E-04,-5.461113E-05,-.001
2.734367,7.963227E-05,-5.461113E-05,6.66667E-04
2.735368,7.629441E-05,-5.461113E-05,-2.33333E-03
2.736368,6.699609E-05,-5.207793E-05,-6.66667E-04
2.737369,4.434609E-05,-3.415742E-05,-.002
2.738369,5.912804E-05,-5.461113E-05,-.001
2.73937,8.606957E-05,-5.461113E-05,-6.66667E-04
2.74037,7.820176E-05,-3.950694E-05,-.002
2.741371,1.156335E-04,-2.630625E-05,-6.66667E-04
2.742371,1.256475E-04,-8.2404E-06,-.001
2.743372,1.189713E-04,-3.816397E-05,.002
2.744372,1.094346E-04,-4.475587E-05,-6.66667E-04
2.745373,1.077657E-04,-2.971489E-05,-.002
2.746373,6.365823E-05,-5.087652E-05,-.001
2.747374,4.982972E-05,-5.248771E-05,-.001
2.748374,2.813351E-05,-3.450573E-05,-.002
2.749375,3.743195E-05,-4.019612E-05,-6.66667E-04
2.750375,5.912804E-05,-5.461113E-05,-6.66667E-04
2.751376,8.297013E-05,-5.461113E-05,6.66667E-04
2.752376,8.702325E-05,-5.461113E-05,-.001
2.753377,1.025205E-04,-5.461113E-05,-6.66667E-04
2.754377,8.153962E-05,-3.986829E-05,-.001
2.755378,8.320855E-05,-5.461113E-05,-.001
2.756378,1.106267E-04,-5.286955E-05,-.002
2.757379,1.168256E-04,-5.461113E-05,-6.66667E-04
2.758379,1.358995E-04,-5.461113E-05,-.001
2.75938,1.649866E-04,-5.461113E-05,-3.66667E-03
2.76038,1.232633E-04,-5.461113E-05,-6.66667E-04
2.761381,1.401911E-04,-2.936844E-05,-.001
2.762381,1.018052E-04,-4.524202E-05,.001
2.763382,1.163487E-04,-4.882202E-05,6.66667E-04
2.764382,1.244554E-04,-5.461113E-05,.001
2.765383,1.137261E-04,-5.461113E-05,6.66667E-04
2.766383,1.051431E-04,-5.461113E-05,-2.33333E-03
2.767384,1.246938E-04,-4.864507E-05,6.66667E-04
2.768384,1.015668E-04,-4.534447E-05,6.66667E-04
2.769385,9.012269E-05,-5.461113E-05,.001
2.770385,1.03951E-04,-5.461113E-05,-6.66667E-04
2.771386,8.297013E-05,-3.236183E-05,-.001
2.772386,7.510232E-05,-5.461113E-05,.001
2.773387,8.964585E-05,-5.461113E-05,-6.66667E-04
2.774387,9.298371E-05,-5.461113E-05,-6.66667E-04
2.775388,9.846734E-05,-5.461113E-05,6.66667E-04
2.776388,1.077657E-04,-4.937151E-05,-6.66667E-04
2.777389,1.122956E-04,-5.461113E-05,-6.66667E-04
2.778389,1.399526E-04,-5.461113E-05,-6.66667E-04
2.77939,1.540193E-04,-5.461113E-05,.002
2.78039,1.428137E-04,-5.461113E-05,-.002
2.781391,1.547346E-04,-5.461113E-05,-5.33333E-03
2.782391,1.420984E-04,-4.776963E-05,.001
2.783392,1.091962E-04,-5.461113E-05,-6.66667E-04
2.784392,8.51159E-05,-5.461113E-05,-3.66667E-03
2.785393,8.368539E-05,-5.105161E-05,6.66667E-04
2.786393,9.79905E-05,-3.985711E-05,-6.66667E-04
2.787394,1.106267E-04,-5.457201E-05,.001
2.788394,8.797692E-05,-4.569464E-05,.001
2.789395,9.107636E-05,-5.461113E-05,.001
2.790395,1.008515E-04,-5.461113E-05,.001
2.791396,1.101498E-04,-5.461113E-05,-.002
2.792396,1.256475E-04,-5.461113E-05,-6.66667E-04
2.793397,1.266012E-04,-4.294538E-05,-.002
2.794397,9.870576E-05,-4.568347E-05,-.002
2.795398,1.06812E-04,-5.461113E-05,-.001
2.796398,1.561651E-04,-5.461113E-05,6.66667E-04
2.797399,1.497278E-04,-5.461113E-05,-.001
2.798399,1.473436E-04,-5.461113E-05,.002
2.7994,1.399526E-04,-5.272054E-05,-6.66667E-04
2.8004,1.428137E-04,-5.097338E-05,-.001
2.801401,1.709471E-04,-5.461113E-05,-.001
2.802401,1.840601E-04,-5.461113E-05,-3.66667E-03
2.803402,1.943121E-04,-5.461113E-05,-6.66667E-04
2.804402,2.241144E-04,-5.461113E-05,-6.66667E-04
2.805403,2.29598E-04,-5.461113E-05,-2.33333E-03
2.806403,2.145777E-04,-5.461113E-05,-3.66667E-03
2.807404,2.169618E-04,-5.461113E-05,6.66667E-04
2.808404,2.074251E-04,-5.461113E-05,-2.33333E-03
2.809405,2.148161E-04,-5.461113E-05,.001
2.810405,2.496261E-04,-5.461113E-05,-.001
2.811406,2.307901E-04,-5.461113E-05,6.66667E-04
2.812406,2.243528E-04,-5.461113E-05,6.66667E-04
2.813407,2.462883E-04,-5.461113E-05,.001
2.814407,2.536792E-04,-5.461113E-05,-6.66667E-04
2.815408,2.958793E-04,-5.461113E-05,.001
2.816408,3.149528E-04,-5.461113E-05,-.002
2.817409,3.211517E-04,-5.461113E-05,-.001
2.818409,3.280658E-04,-5.461113E-05,6.66667E-04
2.81941,3.507156E-04,-5.461113E-05,.001
2.82041,3.793258E-04,-5.461113E-05,-.001
2.821411,4.138965E-04,-5.461113E-05,-.001
2.822411,4.544277E-04,-5.461113E-05,-6.66667E-04
2.823412,4.832763E-04,-5.461113E-05,2.33333E-03
2.824412,5.323924E-04,-5.461113E-05,6.66667E-04
2.825413,5.874671E-04,-5.461113E-05,-6.66667E-04
2.826413,6.31813E-04,-5.461113E-05,-6.66667E-04
2.827414,7.345714E-04,-5.461113E-05,.001
2.828414,8.437671E-04,-5.461113E-05,.001
2.829415,9.305514E-04,-5.461113E-05,.002
2.830415,9.949282E-04,-5.461113E-05,-.002
2.831416,1.02783E-03,-5.461113E-05,-2.33333E-03
2.832416,1.076944E-03,-5.461113E-05,-.002
2.833417,1.101978E-03,-5.461113E-05,-.001
2.834417,1.064785E-03,-5.461113E-05,-6.66667E-04
2.835418,1.03236E-03,-5.461113E-05,-.002
2.836418,1.001604E-03,-5.461113E-05,-.001
2.837419,1.035936E-03,-5.461113E-05,6.66667E-04
2.838419,1.115568E-03,-5.461113E-05,-.001
2.83942,1.166351E-03,-5.461113E-05,-6.66667E-04
2.84042,1.220472E-03,-5.461113E-05,-.001
2.841421,1.289614E-03,-5.461113E-05,6.66667E-04
2.842421,1.372106E-03,-5.461113E-05,2.33333E-03
2.843422,1.433142E-03,-5.461113E-05,-6.66667E-04
2.844422,1.489647E-03,-5.461113E-05,-.001
2.845423,1.539238E-03,-5.461113E-05,-6.66667E-04
2.846423,1.595266E-03,-5.461113E-05,-.001
2.847424,1.674183E-03,-5.461113E-05,-.001
2.848424,1.753815E-03,-5.461113E-05,6.66667E-04
2.849425,1.851566E-03,-5.461113E-05,6.66667E-04
2.850425,1.984611E-03,-5.461113E-05,-.001
2.851426,2.079263E-03,-5.461113E-05,.001
2.852426,2.181545E-03,-5.461113E-05,-.002
2.853427,2.266422E-03,-5.461113E-05,-6.66667E-04
2.854427,2.296939E-03,-5.461113E-05,-6.66667E-04
2.855428,2.363935E-03,-5.461113E-05,-6.66667E-04
2.856428,2.440706E-03,-5.461113E-05,-.001
2.857429,2.450243E-03,-5.461113E-05,.001
2.858429,2.490059E-03,-5.461113E-05,-6.66667E-04
2.85943,2.538458E-03,-5.461113E-05,-6.66667E-04
2.86043,2.59234E-03,-5.461113E-05,-.001
2.861431,2.694383E-03,-5.461113E-05,-.001
2.862431,2.809063E-03,-5.461113E-05,6.66667E-04
2.863432,2.94067E-03,-5.461113E-05,-.002
2.864432,3.146425E-03,-5.461113E-05,-.001
2.865433,3.303066E-03,-5.461113E-05,6.66667E-04
2.866433,3.436103E-03,-5.461113E-05,-6.66667E-04
2.867434,3.515258E-03,-5.461113E-05,-.001
2.868434,3.486648E-03,-5.461113E-05,-6.66667E-04
2.869435,3.384128E-03,-5.461113E-05,-6.66667E-04
2.870435,3.248945E-03,-5.461113E-05,-3.66667E-03
2.871436,3.070608E-03,-5.461113E-05,6.66667E-04
2.872436,2.990738E-03,-5.461113E-05,-6.66667E-04
2.873437,2.996698E-03,-5.461113E-05,-.001
2.874437,3.074899E-03,-5.461113E-05,.001
2.875438,3.233209E-03,-5.461113E-05,-.002
2.876438,3.380552E-03,-5.461113E-05,.002
2.877439,3.461137E-03,-5.461113E-05,6.66667E-04
2.878439,3.510013E-03,-5.461113E-05,-.001
2.87944,3.464475E-03,-5.461113E-05,-6.66667E-04
2.88044,3.364578E-03,-5.461113E-05,2.33333E-03
2.881441,3.243938E-03,-5.461113E-05,-.001
2.882441,3.077999E-03,-5.461113E-05,2.33333E-03
2.883442,2.908483E-03,-5.461113E-05,-.001
2.884442,2.78379E-03,-5.461113E-05,6.66667E-04
2.885443,2.683654E-03,-5.461113E-05,.001
2.886443,2.598301E-03,-5.461113E-05,.001
2.887444,2.549902E-03,-5.461113E-05,-.001
2.888444,2.47933E-03,-5.461113E-05,-.001
2.889445,2.429262E-03,-5.461113E-05,.001
2.890445,2.399936E-03,-5.461113E-05,-6.66667E-04
2.891446,2.342239E-03,-5.461113E-05,-.002
2.892446,2.270237E-03,-5.461113E-05,-.001
2.893447,2.173916E-03,-5.461113E-05,6.66667E-04
2.894447,2.058044E-03,-5.461113E-05,-3.66667E-03
2.895448,1.966253E-03,-5.461113E-05,-2.33333E-03
2.896448,1.845606E-03,-5.461113E-05,.001
2.897449,1.723297E-03,-5.461113E-05,-6.66667E-04
2.898449,1.619346E-03,-5.461113E-05,-.001
2.89945,1.528509E-03,-5.461113E-05,.001
2.90045,1.466759E-03,-5.461113E-05,-3.66667E-03
2.901451,1.368769E-03,-5.461113E-05,6.66667E-04
2.902451,1.294143E-03,-5.461113E-05,.001
2.903452,1.237161E-03,-5.461113E-05,-6.66667E-04
2.904452,1.219757E-03,-5.461113E-05,-2.33333E-03
2.905453,1.122005E-03,-5.461113E-05,6.66667E-04
2.906453,.0010686,-5.461113E-05,-2.33333E-03
2.907454,1.001365E-03,-5.461113E-05,-.001
2.908454,9.942129E-04,-5.461113E-05,-.001
2.909455,1.024969E-03,-5.461113E-05,-2.33333E-03
2.910455,1.051433E-03,-5.461113E-05,-6.66667E-04
2.911456,1.026638E-03,-5.461113E-05,.001
2.912456,1.035221E-03,-5.461113E-05,-.002
2.913457,1.018293E-03,-5.461113E-05,.001
2.914457,9.264983E-04,-5.461113E-05,-.001
2.915458,8.327998E-04,-5.461113E-05,-.001
2.916458,7.512607E-04,-5.461113E-05,-6.66667E-04
2.917459,6.253757E-04,-5.461113E-05,-.002
2.918459,5.745925E-04,-5.461113E-05,-.001
2.91946,5.130805E-04,-5.461113E-05,-.002
2.92046,4.572887E-04,-5.461113E-05,.001
2.921461,4.677791E-04,-5.461113E-05,-2.33333E-03
2.922461,4.279632E-04,-5.461113E-05,-.001
2.923462,3.876705E-04,-5.461113E-05,-6.66667E-04
2.924462,3.55484E-04,-5.461113E-05,-6.66667E-04
2.925463,3.080387E-04,-5.461113E-05,-6.66667E-04
2.926463,2.460498E-04,-5.461113E-05,-.002
2.927464,2.386579E-04,-5.461113E-05,-6.66667E-04
2.928464,2.36989E-04,-5.461113E-05,-6.66667E-04
2.929465,2.262602E-04,-5.461113E-05,-.002
2.930465,2.138624E-04,-5.461113E-05,-2.33333E-03
2.931466,1.974115E-04,-5.461113E-05,-2.33333E-03
2.932466,1.924047E-04,-5.461113E-05,-6.66667E-04
2.933467,2.10763E-04,-5.461113E-05,-.001
2.934467,1.990804E-04,-5.16607E-05,6.66667E-04
2.935468,2.088556E-04,-4.856684E-05,.002
2.936468,2.074251E-04,-3.852532E-05,-6.66667E-04
2.937469,1.85729E-04,-5.461113E-05,-6.66667E-04
2.938469,1.75477E-04,-5.461113E-05,.001
2.93947,1.759538E-04,-5.461113E-05,-6.66667E-04
2.94047,1.804838E-04,-5.461113E-05,.001
2.941471,1.98842E-04,-5.461113E-05,-.001
2.942471,1.952657E-04,-5.461113E-05,-.002
2.943472,1.969347E-04,-5.461113E-05,-6.66667E-04
2.944472,2.152929E-04,-5.461113E-05,-2.33333E-03
2.945473,1.990804E-04,-5.461113E-05,-.001
2.946473,2.026567E-04,-5.461113E-05,6.66667E-04
2.947474,2.019415E-04,-5.461113E-05,-6.66667E-04
2.948474,1.649866E-04,-5.053007E-05,6.66667E-04
2.949475,1.583109E-04,-5.461113E-05,.001
2.950475,1.511583E-04,-4.668743E-05,-.002
2.951476,1.428137E-04,-4.709908E-05,.002
2.952476,1.776228E-04,-5.461113E-05,.002
2.953477,1.709471E-04,-3.792741E-05,-.001
2.954477,1.320848E-04,-3.316277E-05,6.66667E-04
2.955478,1.27078E-04,-5.461113E-05,-6.66667E-04
2.956478,1.037125E-04,-5.461113E-05,.001
2.957479,8.630799E-05,-5.461113E-05,-.002
2.958479,1.280317E-04,-5.109631E-05,6.66667E-04
2.95948,1.289854E-04,-5.024881E-05,-6.66667E-04
2.96048,1.223097E-04,-3.590458E-05,.001
2.961481,1.189713E-04,-2.025079E-05,-3.66667E-03
2.962481,8.297013E-05,-2.655771E-05,6.66667E-04
2.963482,8.463906E-05,-5.461113E-05,6.66667E-04
2.964482,1.060967E-04,-4.325272E-05,-.002
2.965483,1.134877E-04,-5.363324E-05,-.001
2.966483,1.144414E-04,-5.461113E-05,-6.66667E-04
2.967484,1.077657E-04,-5.461113E-05,-.001
2.968484,5.531334E-05,-5.461113E-05,-6.66667E-04
2.969485,6.151246E-05,-5.461113E-05,-6.66667E-04
2.970485,7.677125E-05,-5.461113E-05,6.66667E-04
2.971486,9.059953E-05,-5.461113E-05,6.66667E-04
2.972486,9.393739E-05,-5.461113E-05,-2.33333E-03
2.973487,1.177792E-04,-5.461113E-05,-.001
2.974487,1.425752E-04,-5.461113E-05,.001
2.975488,1.487741E-04,-5.461113E-05,-.001
2.976488,1.144414E-04,-4.065619E-05,.002
2.977489,1.184945E-04,-5.461113E-05,-.002
2.978489,1.332769E-04,-4.63652E-05,.002
2.97949,9.703683E-05,-5.461113E-05,6.66667E-04
2.98049,8.726167E-05,-5.461113E-05,-6.66667E-04
2.981491,1.041894E-04,-5.461113E-05,-6.66667E-04
2.982491,9.846734E-05,-5.461113E-05,-.001
2.983492,1.151566E-04,-5.461113E-05,-.001
2.984492,1.34469E-04,-5.461113E-05,-3.66667E-03
2.985493,1.151566E-04,-4.307204E-05,-6.66667E-04
2.986493,1.113419E-04,-3.502541E-05,-.002
2.987494,1.249323E-04,-3.702776E-05,6.66667E-04
2.988494,1.151566E-04,-3.588595E-05,-.001
2.989495,1.208787E-04,-5.461113E-05,6.66667E-04
2.990495,9.846734E-05,-5.461113E-05,-.002
2.991496,5.030655E-05,-5.461113E-05,6.66667E-04
2.992496,5.364441E-05,-5.461113E-05,-.002
2.993497,8.988427E-05,-5.105347E-05,-.001
2.994497,8.416222E-05,-5.304464E-05,-.001
2.995498,1.082425E-04,-5.345442E-05,.001
2.996498,9.679841E-05,-2.076116E-05,6.66667E-04
2.997499,9.727525E-05,-2.06941E-05,-.001
2.998499,1.037125E-04,-5.424232E-05,-6.66667E-04
2.9995,8.487748E-05,-5.461113E-05,.001
3.0005,1.106267E-04,-5.461113E-05,-6.66667E-04
3.001501,1.273165E-04,-5.461113E-05,.001
3.002501,1.034741E-04,-5.461113E-05,-.002
3.003502,9.703683E-05,-5.461113E-05,-.002
3.004502,1.060967E-04,-5.461113E-05,.001
3.005503,1.027589E-04,-5.461113E-05,-6.66667E-04
3.006503,1.204018E-04,-5.461113E-05,2.33333E-03
3.007504,1.339922E-04,-5.461113E-05,-.001
3.008504,1.280317E-04,-5.461113E-05,-6.66667E-04
3.009505,1.280317E-04,-5.461113E-05,-.001
3.010505,1.091962E-04,-3.704079E-05,-2.33333E-03
3.011506,1.399526E-04,-5.461113E-05,-6.66667E-04
3.012506,1.59503E-04,-5.461113E-05,6.66667E-04
3.013507,1.24217E-04,-5.461113E-05,6.66667E-04
3.014507,1.020436E-04,-5.461113E-05,-2.33333E-03
3.015508,1.168256E-04,-5.461113E-05,.001
3.016508,9.346055E-05,-5.461113E-05,-6.66667E-04
3.017509,7.22413E-05,-5.461113E-05,6.66667E-04
3.018509,8.51159E-05,-5.461113E-05,-.001
3.01951,7.724809E-05,-5.461113E-05,6.66667E-04
3.02051,4.124665E-05,-5.461113E-05,-.001
3.021511,4.482293E-05,-5.461113E-05,-.002
3.022511,6.628083E-05,-5.461113E-05,6.66667E-04
3.023512,9.322213E-05,-5.461113E-05,-6.66667E-04
3.024512,1.037125E-04,-5.461113E-05,-.002
3.025513,1.027589E-04,-5.252683E-05,-.002
3.026513,1.232633E-04,-4.179799E-05,-.002
3.027514,9.012269E-05,-3.138208E-05,-.004
3.028514,8.153962E-05,-4.927092E-05,-2.33333E-03
3.029515,1.156335E-04,-5.461113E-05,-.001
3.030515,1.156335E-04,-4.881085E-05,6.66667E-04
3.031516,1.051431E-04,-4.191906E-05,6.66667E-04
3.032516,1.053815E-04,-5.461113E-05,.001
3.033517,1.165872E-04,-5.461113E-05,-6.66667E-04
3.034517,1.161103E-04,-5.461113E-05,.002
3.035518,1.075272E-04,-4.12541E-05,-6.66667E-04
3.036518,5.22139E-05,-5.954906E-06,-6.66667E-04
3.037519,4.19619E-05,-2.764177E-05,-3.66667E-03
3.038519,8.821534E-05,-2.275419E-05,.001
3.03952,8.89306E-05,-3.970624E-05,-6.66667E-04
3.04052,9.965943E-05,-5.461113E-05,-.001
3.041521,1.113419E-04,-4.27051E-05,6.66667E-04
3.042521,1.006131E-04,-3.781193E-05,-6.66667E-04
3.043522,9.608315E-05,-4.779943E-05,-6.66667E-04
3.044522,9.107636E-05,-3.215694E-05,.001
3.045523,7.796334E-05,-2.644409E-05,-5.33333E-03
3.046523,1.122956E-04,-2.3272E-05,-6.66667E-04
3.047524,1.020436E-04,2.542525E-06,-.002
3.048524,9.393739E-05,-1.769522E-07,-.002
3.049525,8.13012E-05,-1.954485E-05,-6.66667E-04
3.050525,5.173706E-05,-4.652911E-05,-6.66667E-04
3.051526,7.510232E-05,-5.461113E-05,6.66667E-04
3.052526,8.440064E-05,-5.461113E-05,.001
3.053527,7.033395E-05,-5.128072E-05,6.66667E-04
3.054527,3.337883E-05,-2.153602E-05,-3.66667E-03
3.055528,3.647828E-05,-1.241086E-05,-.001
3.056528,7.128762E-05,-1.520111E-05,-.002
3.057529,7.391023E-05,-3.338442E-05,-.001
3.058529,8.797692E-05,-9.574069E-07,.001
3.05953,8.058595E-05,1.531106E-05,-.001
3.06053,7.629441E-05,-2.803296E-06,-6.66667E-04
3.061531,6.46119E-05,1.037685E-05,-6.66667E-04
3.062531,4.863762E-05,1.214823E-05,-.001
3.063532,5.269074E-05,-3.14659E-05,6.66667E-04
3.064532,9.679841E-05,-1.240155E-05,6.66667E-04
3.065533,5.86512E-05,-1.011795E-05,6.66667E-04
3.066533,4.816079E-05,-8.598028E-06,-6.66667E-04
3.067534,4.386925E-05,9.061827E-06,6.66667E-04
3.068534,4.053145E-06,1.174031E-05,-6.66667E-04
3.069535,4.673027E-05,-1.27182E-05,-.001
3.070535,3.17099E-05,-1.393823E-05,-2.33333E-03
3.071536,9.77522E-06,-4.494592E-06,-.002
3.072536,1.192099E-05,-6.146765E-07,-.001
3.073537,1.478201E-05,2.313976E-05,.001
3.074537,2.622619E-06,-1.165463E-05,.002
3.075538,2.074253E-05,-2.121751E-05,6.66667E-04
3.076538,2.02657E-05,1.017012E-06,.001
3.077539,2.002728E-05,-7.9163E-06,-6.66667E-04
3.078539,-3.337875E-06,-2.840548E-06,-6.66667E-04
3.07954,-1.883518E-05,-7.996394E-06,-6.66667E-04
3.08054,-2.55109E-05,-2.712954E-05,-.001
3.081541,-1.144415E-05,-3.939518E-05,-6.66667E-04
3.082541,-2.217304E-05,-2.978567E-05,.002
3.083542,3.647828E-05,1.452872E-07,-.002
3.084542,4.863762E-05,2.606784E-05,-.001
3.085543,3.123307E-05,3.483165E-07,-.001
3.086543,2.884876E-05,-1.371099E-05,6.66667E-04
3.087544,4.482293E-05,-3.991678E-06,.001
3.088544,2.717983E-05,1.681421E-05,-6.66667E-04
3.089545,4.744553E-05,1.755741E-05,-.002
3.090545,5.841278E-05,2.961804E-05,-.001
3.091546,2.861035E-05,7.187977E-06,-.001
3.092546,3.027928E-05,-2.308574E-05,-6.66667E-04
3.093547,2.145779E-05,-4.196569E-06,6.66667E-04
3.094547,0,7.115341E-07,-6.66667E-04
3.095548,2.050411E-05,-2.106666E-06,-.001
3.096548,-5.006819E-06,9.542389E-06,.001
3.097549,4.768408E-07,-1.690176E-05,-6.66667E-04
3.098549,2.598774E-05,-2.289761E-05,-.001
3.09955,-1.1921E-06,-2.428901E-05,-6.66667E-04
3.10055,-1.668937E-06,-1.746428E-05,.002
3.101551,-1.955044E-05,1.95076E-05,.001
3.102551,-2.717983E-05,-6.344198E-06,-.002
3.103552,1.1921E-06,-2.364081E-05,-.001
3.104552,4.982972E-05,2.46932E-05,.002
3.105553,3.027928E-05,4.316703E-05,-6.66667E-04
3.106553,-3.337875E-06,4.524761E-05,.001
3.107554,-7.629453E-06,3.2807E-05,-6.66667E-04
3.108554,-2.479565E-05,-5.370035E-06,-2.33333E-03
3.109555,-1.072889E-05,-4.144222E-05,6.66667E-04
3.110555,1.287466E-05,-1.542282E-05,6.66667E-04
3.111556,2.93256E-05,-4.526437E-05,-.001
3.112556,4.005455E-05,-2.124917E-05,-.001
3.113557,1.358992E-05,3.075242E-06,-.001
3.114557,-2.3842E-06,-1.523277E-05,-.001
3.115558,2.861035E-05,-1.19303E-05,-6.66667E-04
3.116558,1.811993E-05,-7.959141E-06,-6.66667E-04
3.117559,8.10629E-06,-2.642919E-05,-.001
3.118559,1.525891E-05,-6.033137E-06,-.002
3.11956,-8.344708E-06,-3.011912E-06,-.001
3.12056,-4.529982E-06,-1.855765E-05,-.001
3.121561,8.821546E-06,-2.058237E-06,-.001
3.122561,1.454359E-05,-1.96473E-05,-.002
3.123562,4.792237E-05,-2.523523E-05,-6.66667E-04
3.124562,3.838562E-05,-1.522532E-05,6.66667E-04
3.125563,-1.168257E-05,2.920642E-06,-6.66667E-04
3.126563,-1.239782E-05,-2.476585E-05,-.001
3.127564,-4.386925E-05,-1.62964E-05,2.33333E-03
3.128564,-2.980244E-05,-9.81061E-06,.002
3.129565,-4.768408E-07,-8.028059E-06,-6.66667E-04
3.130565,-1.811993E-05,-2.777961E-05,-.002
3.131566,-2.980244E-05,-1.674902E-05,-.002
3.132566,-8.583127E-06,-1.45231E-05,-.001
3.133567,-7.152594E-07,-2.639752E-05,.001
3.134567,-1.33515E-05,-3.894255E-05,-.001
3.135568,1.311308E-05,-1.968269E-05,6.66667E-04
3.136568,3.027928E-05,1.218921E-05,.001
3.137569,3.17099E-05,-2.192348E-06,-.002
3.138569,3.647828E-05,6.46527E-06,-2.33333E-03
3.13957,1.478201E-05,1.46777E-05,-2.33333E-03
3.14057,9.77522E-06,7.146999E-06,-2.33333E-03
3.141571,2.980244E-05,2.448086E-05,-.001
3.142571,1.788151E-05,1.557556E-05,.002
3.143572,2.908718E-05,-2.557426E-06,-.002
3.144572,3.600144E-05,-4.407048E-06,-3.66667E-03
3.145573,-1.33515E-05,-2.684086E-06,.001
3.146573,-2.360356E-05,-1.344463E-05,-.004
3.147574,-4.291564E-06,-3.023088E-06,6.66667E-04
3.148574,-3.814726E-06,1.507445E-05,2.33333E-03
3.149575,-3.337875E-06,2.271135E-05,-2.33333E-03
3.150575,-3.242516E-05,4.485087E-05,-6.66667E-04
3.151576,-2.217304E-05,1.006766E-05,6.66667E-04
3.152576,-6.675749E-06,8.676259E-06,-6.66667E-04
3.153577,-2.169621E-05,2.499684E-06,6.66667E-04
3.154577,-2.956402E-05,5.040347E-06,.002
3.155578,-3.099456E-06,-6.783783E-06,-.002
3.156578,-1.287466E-05,-2.613306E-06,6.66667E-04
3.157579,-2.384204E-07,1.233078E-06,6.66667E-04
3.158579,2.098095E-05,1.266606E-06,.001
3.15958,1.001364E-05,2.907042E-05,6.66667E-04
3.16058,1.668942E-05,6.601244E-06,.001
3.161581,2.598774E-05,1.32565E-05,-6.66667E-04
3.162581,4.148507E-05,1.137709E-05,-6.66667E-04
3.163582,-2.145782E-06,-2.417539E-05,6.66667E-04
3.164582,1.430519E-06,-1.707871E-05,-6.66667E-04
3.165583,-2.050411E-05,-2.137956E-05,-.001
3.166583,-2.312672E-05,-4.462735E-05,-6.66667E-04
3.167584,-1.072889E-05,-2.976891E-05,6.66667E-04
3.168584,-6.675749E-06,-3.702962E-05,.001
3.169585,1.978886E-05,-2.186757E-05,-6.66667E-04
3.170585,2.360356E-05,1.108093E-05,-.001
3.171586,1.740467E-05,1.094124E-05,.001
3.172586,1.478201E-05,1.679E-05,-2.33333E-03
3.173587,-1.430519E-06,1.601141E-05,.001
3.174587,1.764309E-05,-2.295349E-05,-6.66667E-04
3.175588,3.910088E-05,-4.753121E-05,6.66667E-04
3.176588,4.363083E-05,-3.162795E-05,6.66667E-04
3.177589,2.574932E-05,-3.991678E-06,-.001
3.178589,2.121937E-05,1.814224E-06,-.002
3.17959,7.152586E-06,7.625698E-06,-2.33333E-03
3.18059,-1.788151E-05,-1.480995E-05,-6.66667E-04
3.181591,-2.098095E-05,1.474476E-05,-2.33333E-03
3.182591,-3.886246E-05,1.07587E-05,6.66667E-04
3.183592,2.384204E-07,-1.553453E-06,6.66667E-04
3.184592,-6.914168E-06,1.38004E-05,-.002
3.185593,-8.821546E-06,-1.296221E-05,.002
3.186593,2.622619E-06,-4.888163E-05,6.66667E-04
3.187594,6.437331E-06,-2.827134E-05,.001
3.188594,1.764309E-05,-5.461113E-05,-6.66667E-04
3.189595,1.859677E-05,-5.461113E-05,-.001
3.190595,4.291564E-06,-2.980058E-05,-.001
3.191596,1.096731E-05,-3.787153E-05,.001
3.192596,1.811993E-05,-3.692904E-05,-.001
3.193597,2.622619E-06,1.83658E-05,.001
3.194597,5.483656E-06,1.14516E-05,-2.33333E-03
3.195598,7.152586E-06,-2.676636E-06,-.002
3.196598,4.291564E-06,-1.763378E-05,6.66667E-04
3.197599,6.198912E-06,-7.474824E-06,-3.66667E-03
3.198599,8.344708E-06,4.103989E-05,-2.33333E-03
3.1996,-8.344708E-06,5.094172E-05,.001
3.2006,-7.391005E-06,-1.5162E-06,.001
3.201601,3.695511E-05,-6.116956E-06,-6.66667E-04
3.202601,5.340599E-05,-1.227675E-05,6.66667E-04
3.203602,3.647828E-05,-6.580754E-06,-.001
3.204602,-1.168257E-05,-7.553055E-06,6.66667E-04
3.205603,-2.574932E-05,-2.803665E-05,-3.66667E-03
3.206603,-1.287466E-05,-3.208057E-05,-.001
3.207604,-3.2902E-05,2.235558E-05,-.001
3.208604,-1.001364E-05,3.056615E-06,-6.66667E-04
3.209605,1.788151E-05,1.997699E-05,-.001
3.210605,4.768408E-07,3.243447E-05,-6.66667E-04
3.211606,-1.478201E-05,9.849726E-06,-6.66667E-04
3.212606,-3.051781E-05,-1.035638E-06,-3.66667E-03
3.213607,-4.601502E-05,-1.271075E-05,-.001
3.214607,-4.029297E-05,-2.544012E-05,-.001
3.215608,-1.168257E-05,-1.457339E-05,-6.66667E-04
3.216608,9.298383E-06,9.832962E-06,6.66667E-04
3.217609,2.074253E-05,9.322597E-06,-6.66667E-04
3.218609,2.765667E-05,2.750207E-05,-.002
3.21961,9.536816E-07,2.864574E-05,.002
3.22061,7.867871E-06,1.889479E-05,.001
3.221611,2.503407E-05,3.820122E-05,.001
3.222611,1.430519E-06,2.354581E-05,-.002
3.223612,9.298383E-06,1.643423E-05,-.001
3.224612,2.02657E-05,2.706063E-05,-.001
3.225613,4.768408E-07,2.302241E-05,6.66667E-04
3.226614,-2.861038E-06,-3.41238E-06,.001
3.227614,-1.502043E-05,-1.221715E-05,.001
3.228614,-3.409409E-05,-7.823168E-06,-.001
3.229615,-1.1921E-06,3.529727E-06,-3.66667E-03
3.230615,8.583127E-06,3.096485E-05,-.001
3.231616,1.263624E-05,4.79634E-06,6.66667E-04
3.232616,9.298383E-06,-2.331485E-05,-.002
3.233617,-3.767037E-05,-1.599465E-05,-6.66667E-04
3.234617,-3.576302E-05,-2.697681E-05,-2.33333E-03
3.235618,-2.121937E-05,-1.937908E-05,-.001
3.236619,-3.695511E-05,-3.047113E-05,.001
3.237619,-4.768401E-06,-3.655464E-05,.001
3.238619,1.382834E-05,-2.201661E-06,-6.66667E-04
3.23962,-2.861038E-06,2.182287E-05,.001
3.24062,-1.239782E-05,2.704945E-05,.001
3.241621,0,2.256234E-05,.001
3.242621,-1.120573E-05,-1.372777E-06,6.66667E-04
3.243622,-1.740467E-05,-2.112251E-05,.002
3.244622,-4.053145E-06,-1.512474E-05,.001
3.245623,-1.144415E-05,-7.875322E-06,6.66667E-04
3.246624,-8.821546E-06,-3.160923E-06,-6.66667E-04
3.247624,-2.217304E-05,3.698305E-05,-.002
3.248624,-3.623986E-05,1.299201E-05,-3.66667E-03
3.249625,-5.722075E-06,-1.20551E-05,2.33333E-03
3.250625,1.382834E-05,1.301996E-06,-2.33333E-03
3.251626,2.694142E-05,2.419591E-06,-.002
3.252626,9.77522E-06,1.94778E-05,-.002
3.253627,1.668937E-06,1.213519E-05,-.001
3.254627,-1.883518E-05,-6.031274E-06,6.66667E-04
3.255628,-3.099456E-06,-1.537625E-05,-6.66667E-04
3.256629,8.10629E-06,-8.545874E-06,.001
3.257629,9.77522E-06,-1.250586E-05,.001
3.258629,1.478201E-05,1.334032E-05,-.002
3.25963,3.814726E-06,3.346824E-05,-.002
3.26063,-2.3842E-06,2.086174E-05,6.66667E-04
3.261631,-2.002728E-05,4.114234E-05,6.66667E-04
3.262631,-4.005455E-05,2.181169E-05,-.002
3.263632,-3.671669E-05,1.062272E-05,6.66667E-04
3.264632,-3.480935E-05,4.686444E-06,6.66667E-04
3.265633,-3.504776E-05,-3.070035E-05,-.002
3.266634,4.768401E-06,-1.980748E-05,-.001
3.267634,5.722075E-06,1.39699E-05,.001
3.268634,1.096731E-05,2.736237E-05,6.66667E-04
3.269635,4.076981E-05,3.447779E-05,-.001
3.270635,3.266358E-05,3.712275E-05,6.66667E-04
3.271636,1.192099E-05,2.431322E-05,6.66667E-04
3.272636,6.914168E-06,1.946479E-06,-6.66667E-04
3.273637,-8.10629E-06,2.581824E-05,-6.66667E-04
3.274637,-8.344708E-06,-3.457084E-06,-6.66667E-04
3.275638,-2.098095E-05,-1.562026E-05,-6.66667E-04
3.276639,-2.884876E-05,-2.066058E-05,.001
3.277639,4.053145E-06,-3.196509E-05,-.001
3.278639,2.050411E-05,-2.196443E-05,6.66667E-04
3.27964,2.3842E-06,-1.236988E-05,6.66667E-04
3.28064,1.049048E-05,1.059478E-05,.001
3.281641,9.77522E-06,1.663167E-05,-.001
3.282641,-1.835835E-05,6.495073E-06,-.002
3.283642,1.955044E-05,6.524875E-06,-.002
3.284642,1.525891E-05,-1.298269E-05,.002
3.285643,4.053145E-06,-1.5678E-05,-6.66667E-04
3.286644,2.622619E-06,-2.096232E-05,-.002
3.287644,3.576293E-06,-1.041038E-05,-.001
3.288644,-9.059964E-06,-1.387676E-05,-.001
3.289645,7.867871E-06,-6.977498E-06,.002
3.290645,1.668942E-05,-1.671549E-05,-.001
3.291646,1.90736E-05,-1.829688E-05,-6.66667E-04
3.292646,4.410767E-05,-7.605209E-06,.001
3.293647,4.148507E-05,9.730516E-06,-2.33333E-03
3.294647,3.743195E-05,-2.170738E-05,-.001
3.295648,2.980244E-05,-1.921703E-05,.002
3.296649,2.098095E-05,-6.547227E-06,.002
3.297649,1.621258E-05,-2.036628E-05,-.002
3.298649,-1.549732E-05,-3.003154E-05,-.001
3.29965,-3.194832E-05,-2.527435E-05,6.66667E-04
3.30065,-2.598774E-05,-2.250832E-05,-6.66667E-04
3.301651,-3.862404E-05,-1.103251E-05,6.66667E-04
3.302651,-2.908718E-05,-2.09884E-05,.001
3.303652,-4.386925E-05,-2.566178E-05,-2.33333E-03
3.304652,-4.291558E-05,-2.430019E-05,6.66667E-04
3.305653,-4.053145E-06,-2.938893E-05,.001
3.306653,7.033395E-05,-2.231088E-05,-6.66667E-04
3.307654,5.292916E-05,3.853842E-06,.001
3.308654,-2.384204E-07,-2.011666E-07,-.001
3.309655,-1.072889E-05,6.891823E-07,-6.66667E-04
3.310655,-2.789509E-05,-1.922634E-05,.001
3.311656,-1.811993E-05,-5.461113E-05,-2.33333E-03
3.312656,1.311308E-05,-2.648507E-05,-.002
3.313657,-4.053145E-06,1.039363E-06,-6.66667E-04
3.314657,-1.621258E-05,9.51445E-06,-.002
3.315658,-1.287466E-05,4.61007E-05,-.002
3.316658,-1.835835E-05,2.516073E-05,-.001
3.317659,-7.152586E-06,-3.634035E-06,-6.66667E-04
3.318659,6.437331E-06,-1.234008E-05,.001
3.31966,-1.764309E-05,-7.474824E-06,-.002
3.32066,2.145779E-05,-6.951421E-06,-.002
3.321661,2.217304E-05,2.592814E-05,6.66667E-04
3.322661,1.454359E-05,1.480064E-05,-.002
3.323662,2.28883E-05,-1.982797E-05,.001
3.324662,1.978886E-05,-5.442678E-06,-6.66667E-04
3.325663,1.239782E-05,-2.349925E-05,-.001
3.326663,-2.622619E-06,-3.421694E-06,-.001
3.327664,-1.788151E-05,-6.949558E-06,.002
3.328664,-1.597416E-05,-1.669128E-05,.001
3.329665,4.768408E-07,-1.873833E-05,-6.66667E-04
3.330665,-2.789509E-05,-1.096545E-05,-6.66667E-04
3.331666,-1.502043E-05,-2.020423E-05,-.002
3.332666,9.298383E-06,-6.370283E-07,-.002
3.333667,-2.789509E-05,1.424929E-05,-6.66667E-04
3.334667,-2.741825E-05,1.249654E-05,-.002
3.335668,-2.861035E-05,2.936844E-05,-.001
3.336668,-3.433251E-05,4.153717E-07,-.001
3.337669,-1.192099E-05,-3.759027E-05,.001
3.338669,-2.384204E-07,-3.535883E-05,6.66667E-04
3.33967,-1.239782E-05,-4.347996E-05,-2.33333E-03
3.34067,-5.006819E-06,-3.070966E-05,-6.66667E-04
3.341671,-2.622619E-06,4.243135E-06,-.001
3.342671,-1.025206E-05,3.332287E-06,.002
3.343672,-9.77522E-06,-1.03694E-05,-6.66667E-04
3.344672,-9.298383E-06,-2.589833E-05,-.001
3.345673,-1.406675E-05,-1.772877E-05,6.66667E-04
3.346673,-9.059964E-06,-2.287526E-05,.001
3.347674,-2.3842E-06,2.866625E-06,-.001
3.348674,-5.722075E-06,-4.565372E-06,6.66667E-04
3.349675,1.430517E-05,-2.021354E-05,-.001
3.350675,-7.152586E-06,-2.445668E-06,.001
3.351676,1.144415E-05,-2.353464E-05,-6.66667E-04
3.352676,8.583127E-06,1.617905E-05,-2.33333E-03
3.353677,-1.740467E-05,2.968695E-05,-.001
3.354677,-5.722075E-06,1.138641E-05,-.001
3.355678,-9.298383E-06,1.886312E-05,-6.66667E-04
3.356678,9.536816E-07,7.916278E-07,.001
3.357679,2.145782E-06,-1.532969E-05,6.66667E-04
3.358679,1.168257E-05,7.581002E-07,-6.66667E-04
3.35968,-2.622619E-06,-3.032025E-05,-6.66667E-04
3.36068,-9.536801E-06,-3.346265E-05,-.002
3.361681,1.811993E-05,-1.189491E-05,-.002
3.362681,3.838562E-05,-2.883389E-06,-6.66667E-04
3.363682,1.263624E-05,-1.452497E-05,-6.66667E-04
3.364682,-1.740467E-05,-1.554389E-05,-.002
3.365683,-1.406675E-05,-5.344511E-05,.001
3.366683,-3.337875E-06,-5.461113E-05,-6.66667E-04
3.367684,4.768408E-07,-3.562705E-05,6.66667E-04
3.368684,1.621258E-05,-3.307895E-05,.001
3.369685,2.384197E-05,2.110016E-05,-.002
3.370685,3.194832E-05,5.317875E-05,6.66667E-04
3.371686,2.741825E-05,1.778838E-05,6.66667E-04
3.372686,-2.3842E-06,6.428018E-06,-.002
3.373687,-3.051781E-05,4.289701E-06,-6.66667E-04
3.374687,-2.93256E-05,-2.35365E-05,-.001
3.375688,-3.576293E-06,-1.025019E-05,-.002
3.376688,-2.28883E-05,-2.474908E-05,-.002
3.377689,-3.123307E-05,-2.202403E-05,-.001
3.378689,-3.099465E-05,8.527248E-06,-.001
3.37969,-3.027928E-05,3.578537E-05,6.66667E-04
3.38069,1.573574E-05,1.595367E-05,.001
3.381691,3.814721E-05,3.494346E-05,-.001
3.382691,3.838562E-05,2.324407E-05,-.001
3.383692,2.6703E-05,7.011025E-06,-.001
3.384692,-1.668937E-06,1.415618E-06,-3.66667E-03
3.385693,6.914168E-06,-3.837631E-05,-6.66667E-04
3.386693,3.242516E-05,-3.049348E-05,6.66667E-04
3.387694,2.431881E-05,4.079222E-06,.002
3.388694,6.198912E-06,1.98168E-05,-.002
3.389695,1.955044E-05,2.747413E-05,-.002
3.390696,-1.382834E-05,2.387736E-05,-.001
3.391696,-2.145779E-05,6.649672E-06,-6.66667E-04
3.392696,-4.053145E-06,-3.350549E-05,-6.66667E-04
3.393697,2.312672E-05,-3.018801E-05,.001
3.394697,3.719353E-05,-3.177687E-06,.001
3.395698,4.291558E-05,2.06196E-05,6.66667E-04
3.396698,-8.821546E-06,-9.309559E-06,6.66667E-04
3.397699,-2.02657E-05,-9.598269E-06,-.001
3.398699,1.716625E-05,3.782311E-05,6.66667E-04
3.3997,-2.622619E-06,2.15621E-05,-6.66667E-04
3.400701,1.120573E-05,3.950135E-05,.001
3.401701,7.391005E-06,5.460926E-05,-.002
3.402701,-1.406675E-05,1.209235E-05,6.66667E-04
3.403702,-7.629453E-06,-3.047302E-06,.001
3.404702,-2.169621E-05,8.74704E-06,6.66667E-04
3.405703,-1.287466E-05,-2.202031E-05,-6.66667E-04
3.406703,2.431881E-05,-3.207489E-06,.001
3.407704,1.573574E-05,2.521661E-05,-2.33333E-03
3.408704,8.10629E-06,1.436107E-06,-.001
3.409705,-1.33515E-05,2.457586E-05,-6.66667E-04
3.410706,-2.741825E-05,3.336021E-05,-.001
3.411706,-2.217304E-05,6.88064E-06,-2.33333E-03
3.412706,-3.314042E-05,2.807021E-06,.001
3.413707,-1.144415E-05,-1.287095E-06,-.002
3.414707,2.360356E-05,-1.278712E-05,-6.66667E-04
3.415708,2.6703E-05,1.950204E-06,-6.66667E-04
3.416708,-1.382834E-05,-3.185138E-06,-.002
3.417709,8.10629E-06,-1.448399E-05,.001
3.418709,1.478201E-05,1.166394E-05,.001
3.41971,6.437331E-06,2.732885E-05,-2.33333E-03
3.420711,9.77522E-06,1.276849E-05,-.001
3.421711,-5.245238E-06,-6.115093E-06,-6.66667E-04
3.422711,-2.241146E-05,-4.396052E-05,6.66667E-04
3.423712,9.059964E-06,-1.512287E-05,-.001
3.424712,1.692784E-05,1.629822E-06,-.001
3.425713,8.344708E-06,-2.520729E-05,-.001
3.426713,2.646458E-05,-1.546193E-05,-2.33333E-03
3.427714,-3.576293E-06,-4.18353E-06,-6.66667E-04
3.428714,-1.788151E-05,-6.858289E-06,-.001
3.429715,-1.001364E-05,8.860661E-06,-6.66667E-04
3.430716,-2.861038E-06,1.725007E-05,-6.66667E-04
3.431716,-4.053145E-06,3.913254E-05,.001
3.432716,1.764309E-05,5.460926E-05,.001
3.433717,2.884876E-05,1.407979E-05,-6.66667E-04
3.434717,1.525891E-05,-1.483416E-05,-.002
3.435718,1.883518E-05,-3.229841E-06,-.002
3.436718,1.430517E-05,-3.067055E-05,-2.33333E-03
3.437719,-5.960494E-06,-4.619197E-05,-6.66667E-04
3.438719,-4.053145E-06,-2.042588E-05,-.001
3.43972,-3.409409E-05,-1.781632E-05,.001
3.440721,-4.100823E-05,-2.127152E-05,-.001
3.441721,-3.266358E-05,1.019245E-05,-.001
3.442721,-4.482293E-05,2.296281E-05,.001
3.443722,-9.536801E-06,2.15919E-05,-.001
3.444722,3.576293E-06,2.381403E-05,-.002
3.445723,-1.072889E-05,9.052492E-07,-6.66667E-04
3.446723,8.583127E-06,-3.078967E-06,-.002
3.447724,4.053145E-06,1.14963E-05,6.66667E-04
3.448724,-1.668937E-06,5.476206E-06,-6.66667E-04
3.449725,1.90736E-05,1.152238E-05,-.001
3.450726,8.10629E-06,1.195825E-06,-3.66667E-03
3.451726,1.096731E-05,-2.086177E-06,-6.66667E-04
3.452726,2.098095E-05,6.224989E-06,-6.66667E-04
3.453727,5.722075E-06,6.673887E-06,-6.66667E-04
3.454727,3.051781E-05,-3.520418E-07,-.002
3.455728,5.245232E-05,1.838442E-05,-6.66667E-04
3.456728,3.767037E-05,3.491552E-05,-.001
3.457729,3.981614E-05,3.922381E-05,.001
3.458729,1.621258E-05,5.252683E-05,-6.66667E-04
3.45973,-1.120573E-05,3.113248E-05,.001
3.460731,-1.287466E-05,1.894317E-06,-3.66667E-03
3.461731,-4.053139E-05,-1.024459E-07,-3.66667E-03
3.462731,-2.050411E-05,-1.418596E-05,-2.33333E-03
3.463732,2.121937E-05,-1.537998E-05,-6.66667E-04
3.464732,1.502043E-05,-1.144042E-05,-.002
3.465733,-1.168257E-05,-2.844274E-06,-3.66667E-03
3.466733,-1.192099E-05,9.119569E-06,-.002
3.467734,-1.072889E-05,1.468329E-05,-.001
3.468734,2.3842E-06,-2.988998E-05,6.66667E-04
3.469735,1.502043E-05,-4.962296E-05,.002
3.470736,-1.1921E-06,-3.294484E-05,6.66667E-04
3.471736,9.77522E-06,-2.311927E-05,.001
3.472736,7.629453E-06,-2.099216E-06,-.001
3.473737,1.358992E-05,-5.675509E-06,6.66667E-04
3.474737,2.646458E-05,-1.765613E-05,6.66667E-04
3.475738,2.574932E-05,6.280869E-06,-.002
3.476738,-6.914168E-06,5.286216E-06,-.001
3.477739,4.291564E-06,-1.213892E-05,.001
3.478739,3.719353E-05,3.146022E-06,.002
3.47974,2.765667E-05,7.580995E-06,-6.66667E-04
3.480741,1.311308E-05,3.85943E-06,-6.66667E-04
3.481741,-1.716625E-05,1.277594E-05,-.001
3.482741,-3.433251E-05,7.810129E-06,-6.66667E-04
3.483742,-2.384204E-07,3.251643E-05,-.002
3.484742,9.536801E-06,5.120994E-05,6.66667E-04
3.485743,-2.694142E-05,1.918722E-05,6.66667E-04
3.486743,-1.168257E-05,-4.692032E-06,-.001
3.487744,-3.123307E-05,-1.27629E-05,-6.66667E-04
3.488744,-3.55246E-05,-4.542642E-05,6.66667E-04
3.489745,0,-4.938268E-05,-.002
3.490746,1.311308E-05,-5.461113E-05,-.001
3.491746,2.598774E-05,-5.461113E-05,-6.66667E-04
3.492746,2.93256E-05,-2.360356E-05,-.001
3.493747,-2.121937E-05,1.139758E-05,-6.66667E-04
3.494747,-3.147149E-05,4.91555E-06,-6.66667E-04
3.495748,-3.671669E-05,1.361599E-05,.001
3.496748,-5.030655E-05,-1.330493E-05,.002
3.497749,-1.239782E-05,-1.55234E-05,2.33333E-03
3.498749,-1.287466E-05,6.910443E-06,.001
3.49975,-3.814721E-05,2.964784E-05,-.002
3.500751,-2.408039E-05,3.201352E-05,-.001
3.501751,-3.910088E-05,3.209733E-05,-.002
3.502751,-4.673027E-05,6.33303E-07,-6.66667E-04
3.503752,-3.2902E-05,-8.361472E-06,.001
3.504752,-3.767037E-05,1.879793E-05,6.66667E-04
3.505753,-9.536801E-06,1.287094E-05,6.66667E-04
3.506753,1.955044E-05,2.530974E-05,.001
3.507754,-1.358992E-05,3.584498E-05,-.001
3.508754,-1.096731E-05,8.391275E-06,-.001
3.509755,1.716625E-05,1.613621E-05,-.001
3.510756,1.883518E-05,1.819443E-05,-.002
3.511756,3.314042E-05,-5.234069E-07,-.001
3.512756,3.480935E-05,-4.544872E-07,-3.66667E-03
3.513757,2.884876E-05,-8.447154E-06,3.66667E-03
3.514757,2.312672E-05,9.825511E-06,-2.33333E-03
3.515758,1.382834E-05,4.362344E-06,-6.66667E-04
3.516758,-8.10629E-06,-1.667824E-05,-6.66667E-04
3.517759,1.33515E-05,-5.926966E-06,-.001
3.518759,2.145779E-05,-5.2471E-06,-.001
3.51976,1.978886E-05,-1.541164E-05,6.66667E-04
3.520761,8.821546E-06,-8.419214E-06,-6.66667E-04
3.521761,2.145782E-06,-4.528119E-06,-6.66667E-04
3.522761,1.430517E-05,-9.680225E-06,.001
3.523762,1.955044E-05,-2.501547E-06,-6.66667E-04
3.524762,5.960494E-06,-1.912948E-05,6.66667E-04
3.525763,-1.1921E-06,-1.659628E-05,-.002
3.526763,-5.245238E-06,-7.629453E-06,6.66667E-04
3.527764,-5.722075E-06,2.168503E-05,-.001
3.528764,-1.192099E-05,-1.708053E-06,-.001
3.529765,-1.120573E-05,-1.785543E-05,-.001
3.530766,-1.955044E-05,-3.576293E-06,-6.66667E-04
3.531766,8.583127E-06,-2.184149E-05,-6.66667E-04
3.532766,1.978886E-05,-8.568204E-07,-6.66667E-04
3.533767,-6.437331E-06,5.319744E-06,-6.66667E-04
3.534767,-5.722075E-06,-1.205882E-05,.001
3.535768,1.1921E-06,1.132122E-05,-2.33333E-03
3.536768,-2.646458E-05,5.966082E-06,6.66667E-04
3.537769,-2.574932E-05,-3.165961E-05,-.002
3.538769,2.145782E-06,-4.865258E-06,.001
3.53977,-4.768401E-06,-1.0958E-05,6.66667E-04
3.540771,-2.217304E-05,1.411332E-05,6.66667E-04
3.541771,-2.837193E-05,2.261077E-05,-6.66667E-04
3.542771,-2.55109E-05,-2.235186E-08,.001
3.543772,-2.312672E-05,2.121751E-05,.002
3.544772,-1.788151E-05,2.39053E-05,.001
3.545773,-2.884876E-05,-1.15764E-05,6.66667E-04
3.546773,-5.006813E-05,-2.31025E-05,6.66667E-04
3.547774,-4.434609E-05,-1.48621E-05,-6.66667E-04
3.548774,-1.239782E-05,-2.878543E-05,-.001
3.549775,-2.861038E-06,-1.304975E-05,.001
3.550776,-2.3842E-06,1.594432E-06,-6.66667E-04
3.551776,2.527249E-05,1.638767E-05,.001
3.552776,2.741825E-05,4.686438E-05,6.66667E-04
3.553777,-3.099456E-06,4.1947E-05,2.33333E-03
3.554777,-1.33515E-05,7.636891E-08,-6.66667E-04
3.555778,6.914168E-06,1.698371E-05,-.002
3.556778,-5.722075E-06,-8.922128E-06,-2.33333E-03
3.557779,-6.198912E-06,-9.723066E-06,-6.66667E-04
3.558779,5.483656E-06,4.104362E-05,-6.66667E-04
3.55978,-1.096731E-05,3.86762E-05,-.002
3.560781,4.291564E-06,2.112996E-05,-.001
3.561781,6.437331E-06,2.04799E-05,-.001
3.562781,2.6703E-05,-2.759893E-05,-.001
3.563782,4.243874E-05,-2.93256E-05,-.002
3.564783,9.536816E-07,-3.585988E-05,-.001
3.565783,-4.529982E-06,-2.193835E-05,.001
3.566783,-9.536801E-06,-2.12976E-05,-.002
3.567784,-3.55246E-05,-2.691348E-05,-.001
3.568784,-1.740467E-05,-4.085735E-05,-.002
3.569785,-1.1921E-06,-4.700595E-05,.002
3.570786,-1.025206E-05,-4.737661E-05,6.66667E-04
3.571786,-1.430519E-06,-5.461113E-05,-6.66667E-04
3.572786,-5.006819E-06,-3.334717E-05,-6.66667E-04
3.573787,-1.454359E-05,-2.09139E-05,6.66667E-04
3.574788,1.358992E-05,-1.788524E-05,.002
3.575788,4.267716E-05,1.86824E-06,.002
3.576788,1.382834E-05,-1.885004E-06,.001
3.577789,5.483656E-06,-1.589966E-05,-.001
3.578789,-1.668942E-05,5.036622E-06,.001
3.57979,-2.479565E-05,-7.102295E-06,.001
3.580791,-5.245238E-06,-1.051469E-05,-.002
3.581791,-1.1921E-06,7.29601E-06,-6.66667E-04
3.582791,1.883518E-05,-1.622376E-05,2.33333E-03
3.583792,1.764309E-05,-2.062705E-05,-.001
3.584793,-8.583127E-06,-4.787034E-07,.001
3.585793,-2.217304E-05,9.212701E-06,6.66667E-04
3.586793,-4.529982E-06,-5.774229E-06,.001
3.587794,-1.835835E-05,7.061317E-06,.001
3.588794,-1.811993E-05,1.123182E-06,-.002
3.589795,-3.337875E-06,2.552208E-05,.001
3.590796,-2.837193E-05,3.30864E-05,-6.66667E-04
3.591796,-1.33515E-05,1.521228E-05,6.66667E-04
3.592796,3.814721E-05,1.194706E-05,-6.66667E-04
3.593797,4.649186E-05,-6.841525E-06,-.002
3.594798,5.364441E-05,4.28225E-06,-2.33333E-03
3.595798,1.788151E-05,1.661305E-05,6.66667E-04
3.596798,-2.241146E-05,1.061155E-05,-5.33333E-03
3.597799,-3.814721E-05,1.569849E-05,-6.66667E-04
3.598799,-1.049048E-05,3.215694E-05,.001
3.5998,1.192099E-05,1.403136E-05,6.66667E-04
3.600801,1.192099E-05,3.421694E-06,-.001
3.601801,-5.006819E-06,-8.001982E-06,-6.66667E-04
3.602801,4.768401E-06,-3.910833E-05,.002
3.603802,1.025206E-05,-2.008129E-05,6.66667E-04
3.604803,1.716625E-05,-3.334153E-07,-6.66667E-04
3.605803,1.478201E-05,9.665324E-06,.001
3.606803,-2.3842E-06,1.629267E-05,-.002
3.607804,-2.884876E-05,3.128708E-05,.001
3.608804,-2.6703E-05,9.652285E-06,-.001
3.609805,-1.835835E-05,1.474103E-05,-6.66667E-04
3.610806,-1.454359E-05,6.707414E-06,-.002
3.611806,1.931202E-05,1.300318E-05,-6.66667E-04
3.612806,3.027928E-05,3.883638E-05,-.001
3.613807,3.814726E-06,2.486643E-05,-.002
3.614808,-5.006819E-06,-1.998444E-05,-.002
3.615808,-2.145779E-05,-3.358364E-06,-.001
3.616808,-3.218674E-05,1.292123E-05,-6.66667E-04
3.617809,-6.675749E-06,-8.631556E-06,-.002
3.618809,1.192099E-05,3.293171E-06,-.001
3.61981,2.6703E-05,4.276662E-06,-6.66667E-04
3.620811,4.673027E-05,-2.023589E-05,-6.66667E-04
3.621811,3.600144E-05,-1.313916E-05,-.001
3.622811,1.549732E-05,-3.52303E-05,-.002
3.623812,3.123307E-05,-2.522033E-05,-.002
3.624813,-2.3842E-06,-2.416607E-05,-6.66667E-04
3.625813,-2.169621E-05,-3.913068E-05,-6.66667E-04
3.626813,-1.358992E-05,-2.09884E-05,6.66667E-04
3.627814,-3.361725E-05,6.17656E-06,-.002
3.628814,-2.908718E-05,3.69364E-06,-6.66667E-04
3.629815,4.768401E-06,-1.499621E-05,-3.66667E-03
3.630816,2.145782E-06,-1.986709E-05,-.001
3.631816,-7.867871E-06,-3.933744E-05,6.66667E-04
3.632816,-1.1921E-06,-2.200354E-05,-6.66667E-04
3.633817,-2.884876E-05,-5.904622E-07,6.66667E-04
3.634818,-5.102181E-05,-6.346061E-06,6.66667E-04
3.635818,-2.431881E-05,-4.116475E-06,-6.66667E-04
3.636818,-1.931202E-05,-1.957465E-05,-.001
3.637819,-1.549732E-05,-7.648079E-06,6.66667E-04
3.638819,-6.675749E-06,1.158944E-05,.001
3.63982,-2.28883E-05,1.982425E-05,2.33333E-03
3.640821,-1.764309E-05,1.83509E-05,.002
3.641821,-2.431881E-05,2.539728E-05,-6.66667E-04
3.642821,-1.192099E-05,-6.239898E-07,-.001
3.643822,-3.337875E-06,-5.036622E-06,-6.66667E-04
3.644823,-2.479565E-05,2.588902E-05,-.001
3.645823,-3.337883E-05,1.732269E-07,-.002
3.646823,-2.360356E-05,-1.282437E-05,-2.33333E-03
3.647824,-2.193463E-05,-9.799434E-06,.002
3.648824,2.622619E-06,-3.467337E-05,-6.66667E-04
3.649825,5.722075E-06,-2.199051E-05,-6.66667E-04
3.650826,-2.28883E-05,1.57208E-06,-.002
3.651826,-1.311308E-05,7.091119E-06,.001
3.652826,1.430519E-06,4.008441E-06,.001
3.653827,0,-1.711778E-06,.001
3.654828,1.764309E-05,-1.703773E-05,6.66667E-04
3.655828,2.646458E-05,-1.038803E-05,-.002
3.656828,-3.576302E-05,-1.331797E-05,-3.66667E-03
3.657829,-3.623986E-05,-1.223765E-06,6.66667E-04
3.658829,-1.025206E-05,-1.426233E-05,6.66667E-04
3.65983,4.076981E-05,-1.557556E-05,6.66667E-04
3.66083,4.363083E-05,-8.843897E-06,-.002
3.661831,2.121937E-05,3.294111E-05,6.66667E-04
3.662831,1.215941E-05,2.193649E-05,-.001
3.663832,1.978886E-05,1.669873E-05,-6.66667E-04
3.664833,-4.529982E-06,2.056744E-05,-.001
3.665833,1.907363E-06,-1.29976E-05,6.66667E-04
3.666833,-2.861038E-06,-7.255032E-06,.001
3.667834,-1.668937E-06,-8.476956E-06,-6.66667E-04
3.668834,6.675749E-06,-2.497074E-05,-6.66667E-04
3.669835,2.384204E-07,1.931578E-06,.001
3.670835,-1.311308E-05,-1.629822E-06,-6.66667E-04
3.671836,4.768408E-07,1.823914E-05,-3.66667E-03
3.672836,1.931202E-05,4.700408E-05,-6.66667E-04
3.673837,2.622616E-05,3.688061E-05,-.001
3.674838,2.789509E-05,2.305966E-05,-6.66667E-04
3.675838,-9.298383E-06,2.989557E-05,-.001
3.676838,-1.215941E-05,1.577858E-05,-6.66667E-04
3.677839,4.57766E-05,1.522159E-05,-.001
3.678839,4.625344E-05,1.281692E-05,-6.66667E-04
3.67984,2.098095E-05,9.562878E-06,-.001
3.68084,1.597416E-05,2.47584E-05,-6.66667E-04
3.681841,3.099456E-06,3.970438E-05,-6.66667E-04
3.682841,3.576293E-06,1.771573E-05,2.33333E-03
3.683842,-4.053145E-06,1.337758E-05,.001
3.684843,8.10629E-06,1.37352E-05,-.001
3.685843,-5.722075E-06,6.660848E-06,-.002
3.686843,-1.33515E-05,7.644354E-06,6.66667E-04
3.687844,-4.053145E-06,-4.323228E-06,-6.66667E-04
3.688844,1.907363E-06,-1.875509E-05,-6.66667E-04
3.689845,4.529982E-06,-2.89084E-06,.001
3.690845,6.914168E-06,4.807516E-06,.001
3.691846,1.168257E-05,-3.011912E-06,-.002
3.692847,4.768408E-07,9.818061E-06,-.001
3.693847,-2.336514E-05,5.288079E-06,-6.66667E-04
3.694848,-2.622616E-05,-1.467956E-05,-6.66667E-04
3.695848,-5.960494E-06,-6.519294E-07,-6.66667E-04
3.696848,1.859677E-05,-2.561152E-06,-.001
3.697849,1.835835E-05,1.342042E-05,.001
3.698849,2.145782E-06,-3.652662E-06,6.66667E-04
3.69985,2.622619E-06,-3.170804E-05,-.002
3.70085,3.480935E-05,-1.86601E-05,-6.66667E-04
3.701851,1.406675E-05,-9.022711E-06,-.002
3.702852,-2.622619E-06,-1.075497E-05,-.002
3.703852,1.263624E-05,7.085531E-06,-.001
3.704853,-1.358992E-05,1.683098E-05,-6.66667E-04
3.705853,-1.1921E-06,-1.938094E-05,6.66667E-04
3.706853,2.074253E-05,-2.262008E-05,6.66667E-04
3.707854,-9.77522E-06,3.334149E-06,-.001
3.708854,1.096731E-05,-1.297338E-05,-6.66667E-04
3.709855,1.215941E-05,1.453428E-05,-.002
3.710855,-3.337875E-06,2.152671E-05,6.66667E-04
3.711856,3.504776E-05,1.59276E-05,-6.66667E-04
3.712857,2.6703E-05,2.423686E-05,-.001
3.713857,1.430519E-06,-1.976281E-06,6.66667E-04
3.714858,-4.529982E-06,8.214301E-07,-.002
3.715858,-1.239782E-05,8.892326E-06,-6.66667E-04
3.716858,4.768401E-06,-7.972158E-07,.001
3.717859,2.455723E-05,1.03396E-05,-.001
3.718859,1.931202E-05,2.26741E-05,-.001
3.71986,4.768401E-06,2.408415E-06,-.001
3.72086,2.694142E-05,9.831099E-06,6.66667E-04
3.721861,1.883518E-05,6.245478E-06,-.001
3.722862,2.169621E-05,-7.26062E-06,-6.66667E-04
3.723862,3.361725E-05,-1.089655E-06,-6.66667E-04
3.724863,-2.3842E-06,8.406176E-06,6.66667E-04
3.725863,5.006819E-06,5.453854E-06,-.001
3.726863,2.360356E-05,1.232891E-05,6.66667E-04
3.727864,-1.430519E-06,1.778838E-05,.001
3.728864,3.576293E-06,2.27337E-05,6.66667E-04
3.729865,5.960494E-06,4.985766E-05,-6.66667E-04
3.730865,-2.861038E-06,2.379913E-05,-.001
3.731866,-7.391005E-06,4.937901E-06,6.66667E-04
3.732867,-2.527249E-05,-2.400964E-06,-.001
3.733867,-3.17099E-05,-4.426972E-05,-.002
3.734868,-1.072889E-05,-4.952983E-05,.002
3.735868,-1.883518E-05,-2.330181E-05,-.002
3.736868,-1.668942E-05,-1.277782E-06,-.002
3.737869,-1.406675E-05,8.089526E-06,-6.66667E-04
3.73887,-3.099465E-05,2.136652E-05,-6.66667E-04
3.73987,-3.600144E-05,-1.10977E-05,.002
3.74087,-2.217304E-05,-1.076801E-05,-6.66667E-04
3.741871,-1.621258E-05,-5.401694E-08,6.66667E-04
3.742872,5.245238E-06,-1.667079E-05,-.002
3.743872,1.6451E-05,-1.260458E-05,.001
3.744873,3.314042E-05,4.164904E-06,-6.66667E-04
3.745873,3.337883E-05,-4.481553E-06,-3.66667E-03
3.746873,8.821546E-06,3.71004E-05,-2.33333E-03
3.747874,-2.264988E-05,5.252683E-05,-.002
3.748875,4.768408E-07,2.183404E-05,6.66667E-04
3.749875,3.027928E-05,2.4479E-05,.001
3.750875,-7.867871E-06,6.714865E-06,-.002
3.751876,2.717983E-05,-3.704266E-05,-.001
3.752877,9.536801E-06,-2.903878E-06,-.002
3.753877,-5.483656E-06,2.563014E-06,.001
3.754878,-3.099456E-06,9.166135E-06,6.66667E-04
3.755878,-1.6451E-05,3.171363E-05,-.001
3.756878,1.168257E-05,1.571339E-05,-.001
3.757879,2.741825E-05,2.898846E-05,-2.33333E-03
3.75888,1.525891E-05,3.849366E-05,-6.66667E-04
3.75988,1.311308E-05,-2.235183E-07,-6.66667E-04
3.76088,-1.454359E-05,5.433365E-06,-.002
3.761881,-1.668942E-05,4.006579E-06,-.001
3.762882,2.622616E-05,-1.672667E-05,-.002
3.763882,6.103562E-05,-1.660374E-05,-.001
3.764883,3.767037E-05,-1.7563E-05,.001
3.765883,3.218674E-05,-3.980496E-05,-.001
3.766883,8.821546E-06,-2.36613E-05,-6.66667E-04
3.767884,-2.384204E-07,-2.441753E-05,-.002
3.768885,3.099456E-06,-2.558168E-05,-.002
3.769885,-2.050411E-05,1.559977E-05,6.66667E-04
3.770885,-2.121937E-05,3.210292E-05,-.001
3.771886,3.099456E-06,2.871279E-05,.002
3.772887,-9.298383E-06,3.824406E-05,6.66667E-04
3.773887,-3.218674E-05,2.92623E-06,.001
3.774888,-2.28883E-05,1.861912E-05,2.33333E-03
3.775888,-1.621258E-05,2.165895E-05,-6.66667E-04
3.776888,-6.675749E-06,6.30322E-06,2.33333E-03
3.777889,-6.675749E-06,2.498005E-05,-.001
3.77889,-1.883518E-05,4.317641E-06,6.66667E-04
3.77989,-1.001364E-05,-2.663408E-05,-6.66667E-04
3.78089,3.099465E-05,1.192285E-05,-.001
3.781891,2.93256E-05,3.356501E-06,-6.66667E-04
3.782892,9.536801E-06,-1.667075E-06,.001
3.783892,-1.883518E-05,2.233326E-06,6.66667E-04
3.784893,-2.384197E-05,-1.528685E-05,6.66667E-04
3.785893,-1.478201E-05,-5.332782E-06,.001
3.786893,-3.790879E-05,1.19005E-05,-6.66667E-04
3.787894,-4.410767E-05,-8.171482E-06,6.66667E-04
3.788895,-2.145779E-05,3.122375E-05,-.001
3.789895,-2.956402E-05,3.345893E-05,-.002
3.790895,-3.695511E-05,-2.332975E-05,-.001
3.791896,-1.740467E-05,-1.445791E-05,-.002
3.792897,-1.668942E-05,3.075242E-06,-.001
3.793897,4.291564E-06,-2.121006E-05,-.001
3.794898,2.6703E-05,1.428841E-05,.002
3.795898,-8.10629E-06,3.279396E-05,-6.66667E-04
3.796898,-1.144415E-05,2.828066E-05,-6.66667E-04
3.797899,-5.483656E-06,1.524208E-05,-.001
3.7989,-1.668942E-05,2.104614E-05,.001
3.7999,9.536816E-07,-2.089902E-06,.001
3.8009,8.821546E-06,2.168503E-05,-.002
3.801901,-2.527249E-05,7.113471E-06,.001
3.802902,-1.597416E-05,3.222394E-07,-.001
3.803902,3.814726E-06,2.443616E-05,-6.66667E-04
3.804903,-4.529982E-06,-5.016132E-06,-.001
3.805903,-4.768401E-06,-3.145658E-05,-.001
3.806903,-1.239782E-05,-5.051523E-06,-2.33333E-03
3.807904,-2.312672E-05,9.32446E-06,-.001
3.808905,-1.168257E-05,4.420086E-06,-.001
3.809905,3.099456E-06,-7.357477E-06,-.001
3.810905,2.3842E-06,8.834584E-06,-.002
3.811906,1.764309E-05,2.064568E-05,6.66667E-04
3.812907,8.344708E-06,1.005834E-05,-6.66667E-04
3.813907,-6.675749E-06,-2.387923E-05,-6.66667E-04
3.814908,-9.298383E-06,-1.901768E-06,-6.66667E-04
3.815908,-1.621258E-05,3.26375E-05,-6.66667E-04
3.816908,-2.861038E-06,3.366382E-05,-.002
3.817909,4.768408E-07,4.585483E-05,.001
3.81891,-2.694142E-05,2.637703E-05,-.001
3.81991,-1.120573E-05,1.79765E-05,-.002
3.82091,-7.152594E-07,1.96175E-05,6.66667E-04
3.821911,-5.245238E-06,-1.47075E-05,6.66667E-04
3.822912,1.525891E-05,-6.707414E-06,-.001
3.823912,1.144415E-05,5.327202E-07,-.002
3.824913,-1.978886E-05,-9.069277E-06,-.001
3.825913,1.1921E-06,-1.434244E-06,-.001
3.826913,-1.955044E-05,4.988193E-06,2.33333E-03
3.827914,-1.382834E-05,1.221902E-06,-2.33333E-03
3.828915,-1.573574E-05,2.851349E-05,-.002
3.829915,-2.837193E-05,4.036748E-05,-6.66667E-04
3.830915,-1.001364E-05,4.623114E-06,-.002
3.831916,-1.454359E-05,7.823155E-08,-2.33333E-03
3.832916,-2.93256E-05,-4.783302E-06,-6.66667E-04
3.833917,-4.386925E-05,-2.832722E-05,-3.66667E-03
3.834918,-4.506134E-05,-1.344837E-06,6.66667E-04
3.835918,-4.291558E-05,1.297152E-05,-2.33333E-03
3.836918,-1.001364E-05,1.18856E-05,-6.66667E-04
3.837919,1.001364E-05,2.084498E-05,-.001
3.83892,3.337875E-06,2.674398E-05,-.001
3.83992,2.241146E-05,1.981866E-05,-6.66667E-04
3.84092,2.646458E-05,1.053704E-05,.001
3.841921,5.006819E-06,1.598347E-05,.001
3.842921,5.722075E-06,-9.218289E-06,6.66667E-04
3.843922,-2.336514E-05,3.863155E-06,-6.66667E-04
3.844923,-2.431881E-05,-7.465511E-06,-6.66667E-04
3.845923,1.192099E-05,-1.345953E-05,-.002
3.846923,-6.675749E-06,2.849859E-05,.001
3.847924,-9.536801E-06,1.616415E-05,-6.66667E-04
3.848925,-1.239782E-05,7.962866E-06,.001
3.849925,-1.168257E-05,2.027687E-05,-6.66667E-04
3.850925,3.2902E-05,1.391588E-05,-.002
3.851926,3.099465E-05,3.184401E-05,-.001
3.852926,-3.957772E-05,2.374887E-06,6.66667E-04
3.853927,-4.720711E-05,2.522036E-06,-.001
3.854928,-2.837193E-05,2.495397E-05,2.33333E-03
3.855928,-8.344708E-06,-3.643348E-06,-6.66667E-04
3.856929,2.527249E-05,-3.52154E-05,-2.33333E-03
3.857929,3.004086E-05,-5.246163E-05,-2.33333E-03
3.85893,-1.001364E-05,-3.488013E-05,-6.66667E-04
3.85993,-2.121937E-05,-2.354023E-05,-6.66667E-04
3.86093,-3.55246E-05,-1.018128E-05,-.002
3.861931,-1.454359E-05,-2.070714E-05,-6.66667E-04
3.862931,2.098095E-05,8.560775E-06,-.002
3.863932,1.955044E-05,1.408538E-05,-.001
3.864933,2.145779E-05,-4.710659E-06,-6.66667E-04
3.865933,5.960494E-06,2.591324E-05,.001
3.866934,-1.621258E-05,3.491365E-05,6.66667E-04
3.867934,5.006819E-06,3.568665E-05,-.002
3.868935,1.33515E-05,3.744685E-05,-.002
3.869935,-8.821546E-06,1.143111E-05,-.001
3.870935,3.576293E-06,4.5989E-06,6.66667E-04
3.871936,-2.145782E-06,1.167884E-05,6.66667E-04
3.872936,-1.883518E-05,7.45806E-06,6.66667E-04
3.873937,3.385567E-05,-9.721203E-06,6.66667E-04
3.874938,2.193463E-05,-3.20992E-05,.001
3.875938,1.978886E-05,-3.934861E-05,-.001
3.876939,3.17099E-05,-5.392387E-06,6.66667E-04
3.877939,1.144415E-05,3.176578E-05,-.002
3.87894,-1.287466E-05,1.672294E-05,.002
3.87994,1.597416E-05,3.351294E-05,-2.33333E-03
3.88094,1.525891E-05,4.617148E-05,-3.66667E-03
3.881941,-9.059964E-06,4.055561E-05,-.002
3.882941,5.483656E-06,2.913375E-05,-.001
3.883942,-1.668942E-05,2.244685E-05,-.001
3.884943,-3.385567E-05,9.00781E-06,.001
3.885943,-3.719353E-05,3.048417E-05,-6.66667E-04
3.886944,-2.074253E-05,1.754251E-05,6.66667E-04
3.887944,1.263624E-05,-1.361786E-05,-.001
3.888945,4.768401E-06,1.289701E-05,-6.66667E-04
3.889945,-1.549732E-05,2.211158E-05,-6.66667E-04
3.890945,1.549732E-05,1.615856E-05,-.002
3.891946,3.409409E-05,2.051156E-05,-.002
3.892946,2.980244E-05,1.843658E-05,-6.66667E-04
3.893947,3.504776E-05,7.534429E-06,-.002
3.894948,3.576293E-06,8.923991E-06,-.002
3.895948,-2.479565E-05,2.747416E-06,-6.66667E-04
3.896949,-2.574932E-05,-1.266791E-05,6.66667E-04
3.897949,-3.027928E-05,-1.719419E-05,-2.33333E-03
3.89895,-1.668942E-05,-3.067055E-05,-.001
3.89995,3.576293E-06,-2.945971E-05,-.001
3.90095,-5.006819E-06,-7.903262E-06,-.001
3.901951,-1.549732E-05,-1.982797E-05,-6.66667E-04
3.902952,-1.525891E-05,-2.3801E-05,-.001
3.903952,-3.55246E-05,-2.786901E-05,-6.66667E-04
3.904953,-2.145779E-05,-2.785411E-05,-.001
3.905953,-1.239782E-05,-1.975347E-05,-6.66667E-04
3.906954,-1.931202E-05,-1.843099E-05,-6.66667E-04
3.907954,1.978886E-05,-2.022844E-05,-.001
3.908955,3.600144E-05,-6.71114E-06,-.001
3.909955,2.264988E-05,-2.820243E-05,-.001
3.910955,1.835835E-05,-2.968509E-05,6.66667E-04
3.911956,5.006819E-06,-7.968454E-06,.002
3.912957,-1.192099E-05,-1.007511E-05,-.001
3.913957,3.647828E-05,-1.815346E-05,.001
3.914958,3.361725E-05,-1.124112E-05,-6.66667E-04
3.915958,1.978886E-05,-3.051027E-06,.001
3.916959,1.502043E-05,3.069654E-06,-.001
3.917959,-4.291564E-06,-1.292683E-06,-.001
3.91896,4.768408E-07,2.520173E-06,-6.66667E-04
3.91996,2.02657E-05,4.299381E-05,-6.66667E-04
3.92096,-6.675749E-06,4.40462E-05,-.001
3.921961,-2.121937E-05,2.94355E-05,6.66667E-04
3.922962,-1.549732E-05,1.299387E-05,.002
3.923962,1.001364E-05,-1.644355E-05,.001
3.924963,-2.121937E-05,-3.009674E-05,6.66667E-04
3.925963,-1.668937E-06,-4.023343E-06,6.66667E-04
3.926964,3.814726E-06,5.532092E-07,2.33333E-03
3.927964,2.503407E-05,1.018874E-06,.001
3.928965,-1.573574E-05,1.299387E-05,.001
3.929965,-2.384197E-05,3.045064E-05,-6.66667E-04
3.930965,5.483656E-06,1.448212E-05,6.66667E-04
3.931966,-4.529982E-06,1.928036E-05,-.001
3.932967,-1.955044E-05,8.825271E-06,6.66667E-04
3.933967,-9.77522E-06,2.599892E-05,-.002
3.934968,-3.147149E-05,2.424617E-05,-.001
3.935968,-3.767037E-05,-9.412004E-06,-6.66667E-04
3.936969,-9.536801E-06,-1.246115E-05,-6.66667E-04
3.937969,-3.337875E-06,-9.06369E-06,-6.66667E-04
3.93897,-5.960494E-06,1.478948E-06,6.66667E-04
3.93997,1.788151E-05,-2.684086E-06,6.66667E-04
3.94097,-9.77522E-06,-1.777906E-05,6.66667E-04
3.941971,-1.788151E-05,-2.967392E-05,.001
3.942972,-1.454359E-05,-3.749519E-06,-.002
3.943972,4.529982E-06,-1.200667E-05,.001
3.944973,2.765667E-05,1.909409E-05,-.002
3.945973,1.001364E-05,9.603857E-06,-3.66667E-03
3.946974,9.536816E-07,9.460433E-06,-.002
3.947974,3.695511E-05,-8.298142E-06,-6.66667E-04
3.948975,4.291564E-06,-1.735438E-05,-.001
3.949975,-1.33515E-05,-2.392207E-05,.001
3.950975,2.574932E-05,1.004903E-05,-6.66667E-04
3.951976,2.312672E-05,1.491426E-05,6.66667E-04
3.952977,3.123307E-05,2.79957E-06,.001
3.953977,4.506134E-05,6.813585E-06,.002
3.954978,1.430517E-05,1.230097E-05,-.001
3.955978,1.955044E-05,9.924232E-06,-.001
3.956979,5.483656E-06,2.490554E-05,-.002
3.957979,-3.695511E-05,-1.775112E-05,-.001
3.95898,-9.536801E-06,-3.444613E-05,.001
3.95998,3.814726E-06,-2.778147E-05,-6.66667E-04
3.96098,1.382834E-05,-3.650249E-05,.001
3.961981,2.098095E-05,-2.804783E-05,-2.33333E-03
3.962982,2.861035E-05,-1.63262E-05,-.001
3.963982,2.789509E-05,-1.561467E-05,-.001
3.964983,2.813351E-05,4.921138E-06,-.002
3.965983,-1.215941E-05,1.70042E-05,6.66667E-04
3.966984,-1.621258E-05,1.23941E-05,-.001
3.967984,2.622619E-06,3.20191E-05,-5.33333E-03
3.968985,-1.454359E-05,1.319504E-05,-.002
3.969985,-1.144415E-05,-6.623595E-06,-.002
3.970985,-1.573574E-05,-8.884876E-06,.001
3.971986,-3.767037E-05,-1.90289E-05,-.002
3.972987,-2.384197E-05,-2.37209E-05,-.001
3.973987,6.437331E-06,3.605918E-05,6.66667E-04
3.974988,1.1921E-06,3.309571E-05,6.66667E-04
3.975988,-7.867871E-06,-7.774739E-06,-6.66667E-04
3.976989,-2.479565E-05,9.579642E-06,-.002
3.977989,-4.625344E-05,8.45833E-06,-.001
3.97899,-2.55109E-05,-1.651619E-05,.002
3.97999,-7.152594E-07,-6.947703E-07,-3.66667E-03
3.98099,9.536816E-07,-2.688926E-05,-.002
3.981991,-1.311308E-05,-1.867127E-05,.001
3.982992,-1.072889E-05,1.422322E-05,-.002
3.983992,5.245238E-06,1.190236E-05,6.66667E-04
3.984993,-3.576293E-06,6.735354E-06,-6.66667E-04
3.985993,-8.344708E-06,2.194766E-05,-.002
3.986994,-1.525891E-05,1.91686E-05,-6.66667E-04
3.987994,-1.621258E-05,-1.29026E-05,.002
3.988995,-2.694142E-05,-9.262993E-06,.001
3.989995,7.152586E-06,-3.172481E-05,-.002
3.990995,-6.914168E-06,-1.747359E-05,-.001
3.991996,1.668937E-06,-1.583446E-05,-2.33333E-03
3.992997,2.193463E-05,2.217491E-05,-6.66667E-04
3.993997,9.536801E-06,4.728907E-05,.001
3.994998,0,1.011608E-05,-6.66667E-04
3.995998,2.431881E-05,-1.424931E-06,-6.66667E-04
3.996999,1.788151E-05,1.085555E-05,6.66667E-04
3.997999,-1.430517E-05,-1.752761E-05,-6.66667E-04
3.999,-5.006819E-06,-1.72389E-05,.001
4,-7.152594E-07,-2.263128E-06,-.002
