"c:\users\esrlabn1\desktop\bence\ir_spectroscopy\1000nm_odmr\magnet_map_7_1310nm\070.dat  ---  04-23-2026 18:45:17"
""
"cavityli 20 2 4 2000 1 0 0"
"                             ;                             ;seth_xesr_precise 50.35 1 0 0.2559055118110236"
"setlockin 188.67 0.004 0 0.03 0.005"
4,2000
2,2.360356E-05,-6.606831E-06,-.002
2.001,8.821546E-06,-1.078664E-05,.001
2.002001,1.430519E-06,-1.918722E-05,.001
2.003001,1.096731E-05,-1.665775E-05,6.66667E-04
2.004002,-1.311308E-05,-2.860476E-05,-6.66667E-04
2.005002,-9.059964E-06,-2.487574E-05,-2.33333E-03
2.006003,-1.883518E-05,2.628207E-06,-2.33333E-03
2.007004,-4.768395E-05,-1.518062E-05,6.66667E-04
2.008004,-2.169621E-05,-4.107715E-05,-.001
2.009005,-7.391005E-06,-4.859478E-05,-6.66667E-04
2.010005,-1.287466E-05,-4.934357E-05,-6.66667E-04
2.011005,1.358992E-05,1.784239E-05,.001
2.012006,-1.6451E-05,3.834837E-05,.001
2.013006,-2.3842E-06,4.840293E-05,-5.33333E-03
2.014007,5.960494E-06,2.567295E-05,-.001
2.015007,-2.241146E-05,-8.475072E-07,-6.66667E-04
2.016008,-1.525891E-05,-2.120633E-05,-2.33333E-03
2.017009,5.960494E-06,2.015397E-06,-.002
2.018009,1.907363E-06,8.992909E-06,-6.66667E-04
2.01901,-3.17099E-05,2.048921E-08,-.002
2.02001,-2.6703E-05,2.726924E-05,-6.66667E-04
2.02101,-3.862404E-05,3.08773E-05,6.66667E-04
2.022011,-9.536801E-06,-9.791984E-06,-6.66667E-04
2.023011,-1.120573E-05,-2.643108E-06,-.002
2.024012,-2.169621E-05,-2.810557E-05,6.66667E-04
2.025012,-2.527249E-05,-2.39053E-05,-6.66667E-04
2.026013,-4.458451E-05,9.276009E-07,-2.33333E-03
2.027014,-2.384197E-05,-1.733017E-05,-.002
2.028014,2.6703E-05,-5.115964E-05,.001
2.029015,3.266358E-05,-1.10679E-05,.001
2.030015,-1.192099E-05,3.073383E-07,-6.66667E-04
2.031015,-3.266358E-05,1.948341E-06,.002
2.032016,-3.218674E-05,-1.175894E-05,-.001
2.033016,-1.788151E-05,-2.975215E-05,-.001
2.034017,2.765667E-05,-1.569849E-05,6.66667E-04
2.035017,3.147149E-05,2.786529E-05,-6.66667E-04
2.036018,8.10629E-06,3.661052E-05,-6.66667E-04
2.037019,-1.382834E-05,3.588782E-05,-6.66667E-04
2.038019,-5.316758E-05,3.519119E-05,-6.66667E-04
2.03902,-3.886246E-05,1.432939E-05,-.001
2.04002,-2.717983E-05,2.073136E-05,-6.66667E-04
2.04102,-1.287466E-05,2.496887E-05,-6.66667E-04
2.042021,2.241146E-05,2.656144E-05,.001
2.043021,1.358992E-05,5.460926E-05,-.001
2.044022,7.867871E-06,2.96348E-05,-6.66667E-04
2.045022,4.768401E-06,-5.394249E-06,.002
2.046023,1.6451E-05,-1.292495E-05,.001
2.047024,1.859677E-05,-3.738343E-06,-.002
2.048024,-5.006819E-06,-1.980006E-06,-.002
2.049025,-4.005455E-05,2.178561E-05,-.002
2.050025,-3.790879E-05,1.771383E-06,-.002
2.051026,1.430519E-06,-2.006083E-06,6.66667E-04
2.052026,-9.298383E-06,-1.287839E-05,-6.66667E-04
2.053026,-7.152594E-07,-2.426293E-05,6.66667E-04
2.054027,1.764309E-05,1.084438E-05,6.66667E-04
2.055027,-5.006819E-06,3.653415E-05,-.001
2.056028,2.813351E-05,4.977756E-05,6.66667E-04
2.057029,3.075623E-05,4.064501E-05,.001
2.058029,2.050411E-05,7.338858E-07,6.66667E-04
2.05903,1.6451E-05,-3.499925E-06,-3.66667E-03
2.06003,-1.6451E-05,5.406537E-05,6.66667E-04
2.061031,-1.740467E-05,4.51731E-05,-6.66667E-04
2.062031,1.382834E-05,2.230715E-05,-6.66667E-04
2.063031,5.722075E-06,4.68886E-05,-6.66667E-04
2.064032,5.960494E-06,4.96509E-05,-.002
2.065032,2.360356E-05,3.401027E-05,-.001
2.066033,5.483656E-06,1.785357E-05,.001
2.067034,-1.168257E-05,1.776044E-05,-6.66667E-04
2.068034,-5.722075E-06,1.989317E-05,-.001
2.069035,-1.454359E-05,3.222394E-07,6.66667E-04
2.070035,-1.025206E-05,-1.933437E-05,-6.66667E-04
2.071036,7.629453E-06,-3.881782E-06,.001
2.072036,8.10629E-06,-9.136333E-06,-.002
2.073036,1.668937E-06,-5.375623E-06,6.66667E-04
2.074037,1.406675E-05,-6.968185E-06,6.66667E-04
2.075037,4.768401E-06,-2.019119E-05,-6.66667E-04
2.076038,5.006819E-06,-1.139572E-05,-.001
2.077039,-3.337875E-06,4.213332E-06,-6.66667E-04
2.078039,-2.503407E-05,1.22246E-05,-.001
2.07904,-2.789509E-05,2.111134E-05,-.001
2.08004,-8.821546E-06,6.221264E-06,-6.66667E-04
2.081041,-4.029297E-05,-1.348747E-05,-.001
2.082041,1.478201E-05,-1.147768E-05,6.66667E-04
2.083041,5.483656E-06,8.311181E-06,-.001
2.084042,3.814726E-06,-4.744186E-06,-6.66667E-04
2.085042,1.811993E-05,4.138827E-06,6.66667E-04
2.086043,1.001364E-05,4.243135E-06,-.001
2.087044,-6.198912E-06,-1.9014E-05,-.001
2.088044,1.621258E-05,-2.510671E-05,-.002
2.089045,3.123307E-05,-1.113495E-05,-6.66667E-04
2.090045,2.408039E-05,3.002599E-06,-6.66667E-04
2.091046,4.291564E-06,2.431695E-05,-3.66667E-03
2.092046,1.1921E-06,2.122123E-05,-6.66667E-04
2.093046,2.527249E-05,-6.863876E-06,-6.66667E-04
2.094047,3.433251E-05,1.372962E-05,-2.33333E-03
2.095047,5.245238E-06,1.728919E-05,-.002
2.096048,9.77522E-06,2.344709E-05,6.66667E-04
2.097049,5.960494E-06,1.062086E-05,-2.33333E-03
2.098049,1.90736E-05,-7.631315E-06,.001
2.09905,5.626702E-05,-3.874331E-06,-.002
2.10005,3.314042E-05,-7.484137E-06,.001
2.101051,1.239782E-05,-1.426233E-05,-6.66667E-04
2.102051,2.3842E-06,1.389912E-05,-.001
2.103051,-5.245238E-06,1.311681E-05,-.002
2.104052,-7.391005E-06,-3.198558E-05,-.002
2.105052,2.336514E-05,-9.974523E-06,-3.66667E-03
2.106053,-1.430517E-05,1.931761E-05,-.002
2.107054,-2.741825E-05,-2.641245E-06,-.001
2.108054,-3.027928E-05,-6.202645E-07,-6.66667E-04
2.109055,-2.28883E-05,-2.229039E-05,-.002
2.110055,-2.384204E-07,-5.033449E-05,-6.66667E-04
2.111056,-1.788151E-05,-1.988013E-05,6.66667E-04
2.112056,-2.217304E-05,-1.059851E-05,-6.66667E-04
2.113056,1.406675E-05,-7.096714E-07,-.001
2.114057,7.152586E-06,3.163912E-05,-6.66667E-04
2.115057,-7.867871E-06,1.002109E-05,-6.66667E-04
2.116058,-1.955044E-05,8.434115E-06,.001
2.117059,-6.914168E-06,4.292117E-05,6.66667E-04
2.118059,1.502043E-05,5.520909E-06,6.66667E-04
2.11906,2.884876E-05,2.260704E-05,-.002
2.12006,2.622619E-06,6.094604E-06,-.002
2.121061,7.867871E-06,-3.482797E-05,.002
2.122061,3.623986E-05,-2.536562E-05,-.002
2.123062,2.861035E-05,1.269957E-05,.002
2.124062,4.816079E-05,2.982107E-05,-.002
2.125062,3.886246E-05,2.261077E-05,6.66667E-04
2.126063,-4.529982E-06,-1.024462E-06,6.66667E-04
2.127064,-6.675749E-06,-2.041284E-05,-3.66667E-03
2.128064,-4.768401E-06,-1.002481E-05,.002
2.129065,-3.051781E-05,-1.982239E-05,6.66667E-04
2.130065,-1.931202E-05,-7.733761E-06,6.66667E-04
2.131066,-7.391005E-06,1.450448E-05,6.66667E-04
2.132066,-3.719353E-05,-1.811993E-05,-6.66667E-04
2.133067,-3.457093E-05,-3.081397E-05,6.66667E-04
2.134067,-2.264988E-05,-1.182972E-05,.001
2.135067,1.001364E-05,-9.222014E-06,-.001
2.136068,1.6451E-05,9.631796E-06,.002
2.137069,-2.241146E-05,8.186384E-06,2.33333E-03
2.138069,-2.264988E-05,-1.773995E-05,-.002
2.13907,-7.391005E-06,4.334404E-06,-.001
2.14007,-1.239782E-05,7.115341E-07,-.001
2.141071,-9.536816E-07,-5.897164E-06,6.66667E-04
2.142071,1.358992E-05,1.909968E-05,-6.66667E-04
2.143072,-1.883518E-05,1.028558E-05,6.66667E-04
2.144072,-4.172348E-05,4.131376E-06,-.002
2.145072,-4.267716E-05,1.139572E-05,-.001
2.146073,-4.744553E-05,1.352845E-05,6.66667E-04
2.147074,-1.025206E-05,-1.020177E-05,-6.66667E-04
2.148074,1.811993E-05,-1.051469E-05,6.66667E-04
2.149075,1.692784E-05,1.249468E-05,-6.66667E-04
2.150075,2.002728E-05,1.222274E-05,-6.66667E-04
2.151076,2.145782E-06,-2.430766E-06,.001
2.152076,1.478201E-05,-1.995091E-05,.001
2.153077,4.291564E-06,1.842163E-06,-.001
2.154077,-2.431881E-05,9.704439E-06,.001
2.155077,-2.93256E-05,1.302181E-05,-.001
2.156078,-2.28883E-05,8.929579E-06,-6.66667E-04
2.157079,-3.814721E-05,7.694645E-06,-.002
2.158079,-6.914168E-06,-6.16911E-06,-6.66667E-04
2.15908,3.910088E-05,5.900889E-06,6.66667E-04
2.16008,-1.287466E-05,6.873197E-07,-.002
2.161081,-4.458451E-05,-1.03247E-05,6.66667E-04
2.162081,-1.263624E-05,2.294977E-05,-.001
2.163082,-7.152594E-07,4.089833E-05,-.001
2.164082,7.152586E-06,2.637331E-05,-.002
2.165082,1.430519E-06,2.614979E-05,6.66667E-04
2.166083,1.430519E-06,9.082316E-06,-.001
2.167084,1.430519E-06,-1.413008E-05,-6.66667E-04
2.168084,1.573574E-05,3.704816E-06,-.001
2.169085,-7.152594E-07,-2.234254E-05,-6.66667E-04
2.170085,1.33515E-05,-3.716559E-05,-6.66667E-04
2.171086,-1.001364E-05,-6.539776E-06,-6.66667E-04
2.172086,-2.074253E-05,5.764916E-06,-6.66667E-04
2.173087,-1.120573E-05,-5.658745E-06,-3.66667E-03
2.174087,-2.121937E-05,1.182787E-06,-.002
2.175087,-3.337875E-06,1.104556E-06,6.66667E-04
2.176088,1.597416E-05,5.394802E-05,6.66667E-04
2.177088,3.099456E-06,5.209283E-05,.002
2.178089,-2.384204E-07,1.693715E-05,-.001
2.17909,1.1921E-06,1.25543E-06,-.001
2.18009,-3.075623E-05,-4.027068E-06,.001
2.181091,-5.006819E-06,-2.59449E-05,-6.66667E-04
2.182091,8.10629E-06,-1.478574E-05,-.002
2.183092,-1.239782E-05,1.80119E-05,.002
2.184092,1.454359E-05,2.462056E-05,-.001
2.185092,2.646458E-05,2.517563E-05,-2.33333E-03
2.186093,7.152586E-06,1.367189E-06,-.002
2.187093,3.647828E-05,1.803425E-05,-2.33333E-03
2.188094,1.90736E-05,4.068227E-05,6.66667E-04
2.189095,-1.764309E-05,2.352346E-05,-2.33333E-03
2.190095,1.549732E-05,2.197188E-05,-.001
2.191096,4.053145E-06,1.958956E-05,-6.66667E-04
2.192096,0,9.922369E-06,6.66667E-04
2.193097,2.098095E-05,4.213513E-05,6.66667E-04
2.194097,6.914168E-06,3.876374E-05,-.001
2.195097,1.168257E-05,2.751884E-05,-6.66667E-04
2.196098,-1.668937E-06,-3.783047E-06,-6.66667E-04
2.197098,3.814726E-06,-2.075743E-05,.001
2.198099,4.291564E-06,-1.834717E-05,-6.66667E-04
2.1991,1.001364E-05,9.648575E-07,.001
2.2001,-1.90736E-05,2.725064E-06,-6.66667E-04
2.201101,-2.050411E-05,-1.663726E-05,-.001
2.202101,-1.287466E-05,-1.61567E-05,.002
2.203102,0,-1.612317E-05,-6.66667E-04
2.204102,1.168257E-05,-8.121191E-06,-.001
2.205102,1.144415E-05,1.782749E-05,.002
2.206103,-1.192099E-05,6.424292E-06,-6.66667E-04
2.207103,-2.479565E-05,3.408655E-06,.001
2.208104,-1.931202E-05,6.092741E-06,-.001
2.209105,-7.152586E-06,6.593793E-06,-.001
2.210105,5.960494E-06,6.005197E-06,-6.66667E-04
2.211106,-2.6703E-05,4.693144E-05,-6.66667E-04
2.212106,-2.050411E-05,4.195445E-05,6.66667E-04
2.213107,-1.692784E-05,1.644169E-05,6.66667E-04
2.214107,-2.956402E-05,-8.795469E-06,.001
2.215107,-3.385567E-05,-3.072084E-05,-.001
2.216108,-3.504776E-05,-2.60995E-05,.001
2.217108,-3.576302E-05,-5.461113E-05,-.001
2.218109,9.536801E-06,-5.461113E-05,-.001
2.21911,3.695511E-05,-5.461113E-05,.001
2.22011,2.861035E-05,-1.767848E-05,.001
2.221111,3.743195E-05,-1.056312E-05,.001
2.222111,3.314042E-05,3.024016E-05,-.001
2.223112,1.692784E-05,-3.997266E-06,-6.66667E-04
2.224112,3.647828E-05,-2.730649E-05,.002
2.225112,2.6703E-05,1.631875E-05,6.66667E-04
2.226113,-1.168257E-05,1.447467E-05,-6.66667E-04
2.227113,-5.722075E-06,2.007384E-05,-6.66667E-04
2.228114,-1.406675E-05,3.828504E-05,2.33333E-03
2.229115,-8.10629E-06,1.043646E-05,-6.66667E-04
2.230115,1.1921E-06,-1.730409E-05,-6.66667E-04
2.231116,-6.198912E-06,-2.468019E-06,.001
2.232116,6.437331E-06,1.223391E-05,-.002
2.233117,1.358992E-05,2.337073E-05,-.001
2.234117,-1.859677E-05,-2.048921E-08,-6.66667E-04
2.235118,-1.764309E-05,-4.206062E-05,-.002
2.236118,-7.152594E-07,-1.032284E-05,.001
2.237118,-2.622619E-06,-1.896371E-05,-6.66667E-04
2.238119,3.743195E-05,-2.263125E-05,-.002
2.23912,3.910088E-05,1.328444E-05,6.66667E-04
2.24012,7.391005E-06,1.192844E-05,-2.33333E-03
2.241121,1.049048E-05,1.047371E-05,6.66667E-04
2.242121,8.10629E-06,-4.801928E-06,-6.66667E-04
2.243122,6.437331E-06,-1.016265E-05,-6.66667E-04
2.244122,1.239782E-05,1.485838E-05,6.66667E-04
2.245123,-3.790879E-05,-7.23268E-06,-.001
2.246123,-4.291558E-05,-3.344775E-05,-6.66667E-04
2.247123,-6.437331E-06,-3.889232E-06,-.001
2.248124,-1.001364E-05,-1.227303E-05,-.001
2.249125,2.765667E-05,1.356943E-05,6.66667E-04
2.250125,3.576302E-05,5.054311E-05,6.66667E-04
2.251126,2.741825E-05,4.376122E-05,-.001
2.252126,4.029297E-05,7.092982E-06,-.001
2.253127,1.931202E-05,-1.619395E-05,-6.66667E-04
2.254127,-2.837193E-05,-1.151307E-05,-.001
2.255128,-1.072889E-05,-1.160806E-05,-.001
2.256128,-4.053145E-06,1.710665E-05,6.66667E-04
2.257128,-1.406675E-05,1.218177E-06,6.66667E-04
2.258129,-1.239782E-05,-7.771014E-06,-.001
2.25913,3.099456E-06,1.348933E-05,.001
2.26013,1.239782E-05,7.092982E-06,.002
2.261131,2.241146E-05,-1.667075E-06,-6.66667E-04
2.262131,5.483656E-06,2.649252E-05,6.66667E-04
2.263132,-1.120573E-05,6.621733E-06,-.001
2.264132,1.430519E-06,2.710163E-06,.001
2.265133,-2.694142E-05,2.530788E-05,-.001
2.266133,-2.503407E-05,5.047797E-06,-.001
2.267133,1.358992E-05,3.006693E-05,-.002
2.268134,2.479565E-05,4.998432E-05,-6.66667E-04
2.269135,5.483656E-06,5.173334E-05,-.002
2.270135,5.960494E-06,4.947395E-05,-.001
2.271136,-2.3842E-06,4.840293E-05,6.66667E-04
2.272136,1.144415E-05,1.718302E-05,-.002
2.273137,2.980244E-05,2.227735E-05,-6.66667E-04
2.274137,7.152586E-06,8.003844E-06,6.66667E-04
2.275138,7.629453E-06,-1.013471E-05,-.001
2.276138,8.821546E-06,6.13372E-06,-6.66667E-04
2.277139,-1.120573E-05,6.588205E-06,6.66667E-04
2.278139,-2.217304E-05,5.397975E-06,2.33333E-03
2.27914,-5.006813E-05,3.688052E-06,6.66667E-04
2.28014,-3.147149E-05,-7.141411E-06,.001
2.281141,9.298383E-06,-3.032957E-05,-.001
2.282141,4.529982E-06,-2.199423E-05,.001
2.283142,-5.006819E-06,-1.265673E-05,.002
2.284142,-1.287466E-05,-5.096226E-06,-.001
2.285143,1.430519E-06,-5.200534E-06,-.002
2.286143,3.004086E-05,-1.285231E-05,-6.66667E-04
2.287144,2.431881E-05,7.346302E-06,-.002
2.288144,9.77522E-06,3.091828E-05,6.66667E-04
2.289145,-2.622619E-06,8.866249E-06,-.004
2.290145,5.006819E-06,5.630805E-06,-6.66667E-04
2.291146,-2.717983E-05,-1.350982E-05,-.001
2.292146,-1.454359E-05,-2.682966E-05,6.66667E-04
2.293147,-9.536816E-07,-2.771441E-05,6.66667E-04
2.294147,1.1921E-06,-2.313417E-05,6.66667E-04
2.295148,1.90736E-05,-5.4017E-06,-6.66667E-04
2.296148,1.144415E-05,3.443309E-05,-.001
2.297149,-1.525891E-05,5.526497E-06,6.66667E-04
2.298149,1.931202E-05,-3.10468E-05,6.66667E-04
2.29915,7.391005E-06,-2.969071E-06,-.002
2.30015,1.33515E-05,-1.803048E-06,-6.66667E-04
2.301151,1.788151E-05,9.946583E-06,.002
2.302151,9.298383E-06,7.823155E-08,.001
2.303152,-6.198912E-06,-4.615285E-05,-.001
2.304152,3.576293E-06,-4.313164E-05,-.001
2.305153,-1.192099E-05,-3.465288E-05,6.66667E-04
2.306153,-1.049048E-05,-1.979631E-05,6.66667E-04
2.307154,-2.336514E-05,1.133798E-05,-6.66667E-04
2.308154,-3.743195E-05,2.670672E-05,-6.66667E-04
2.309155,-3.2902E-05,7.28856E-06,-.001
2.310155,-2.431881E-05,1.878862E-05,-6.66667E-04
2.311156,-1.215941E-05,-1.724821E-05,-6.66667E-04
2.312156,1.978886E-05,-2.303917E-05,6.66667E-04
2.313157,1.430517E-05,-2.298519E-06,-.001
2.314157,-1.90736E-05,3.311993E-05,.001
2.315158,-2.813351E-05,2.986391E-05,-3.66667E-03
2.316158,-2.765667E-05,3.65267E-05,.002
2.317159,-4.100823E-05,6.04245E-06,6.66667E-04
2.318159,-2.884876E-05,6.740942E-06,.001
2.31916,-1.454359E-05,1.548615E-05,2.33333E-03
2.32016,-2.622616E-05,-4.960253E-06,-2.33333E-03
2.321161,3.576293E-06,-2.155095E-06,-.002
2.322161,-5.960494E-06,-4.975154E-06,-.001
2.323162,1.263624E-05,-3.330424E-06,-.002
2.324162,1.859677E-05,1.837511E-05,-6.66667E-04
2.325163,5.960494E-06,2.983969E-05,.001
2.326163,-1.668937E-06,5.427777E-06,.001
2.327164,-9.77522E-06,8.828996E-06,-.002
2.328164,-9.059964E-06,6.593793E-06,-6.66667E-04
2.329165,2.980244E-05,-2.43542E-05,6.66667E-04
2.330165,3.528618E-05,-2.33819E-05,-6.66667E-04
2.331166,2.145782E-06,-1.108093E-05,-.001
2.332166,1.025206E-05,-4.798203E-06,6.66667E-04
2.333167,1.072889E-05,1.482671E-05,6.66667E-04
2.334167,1.430519E-06,2.504897E-05,6.66667E-04
2.335168,2.574932E-05,1.126161E-05,-6.66667E-04
2.336168,1.072889E-05,2.862525E-05,-6.66667E-04
2.337169,3.027928E-05,1.973484E-05,.001
2.338169,3.027928E-05,2.7476E-05,-6.66667E-04
2.33917,-1.358992E-05,1.127092E-05,-.001
2.34017,-8.10629E-06,-3.421694E-06,-.001
2.341171,2.479565E-05,-2.077979E-05,-2.33333E-03
2.342171,3.147149E-05,-1.651619E-05,6.66667E-04
2.343172,5.316758E-05,-6.461545E-06,-6.66667E-04
2.344172,5.674385E-05,1.336267E-05,-.001
2.345173,3.767037E-05,-9.769632E-06,-.001
2.346173,6.341981E-05,-1.703959E-05,-.001
2.347174,7.22413E-05,9.438081E-06,.002
2.348174,1.740467E-05,-2.513092E-05,-.001
2.349174,-7.867871E-06,-1.973484E-05,-6.66667E-04
2.350175,-2.861038E-06,1.449516E-05,6.66667E-04
2.351176,-1.859677E-05,1.016451E-05,-.002
2.352176,1.6451E-05,-4.250585E-06,6.66667E-04
2.353177,1.1921E-06,2.449393E-06,6.66667E-04
2.354177,-1.215941E-05,-8.376373E-06,-.002
2.355178,-9.059964E-06,-1.767476E-05,-6.66667E-04
2.356178,-2.598774E-05,1.098594E-05,-.002
2.357179,1.096731E-05,9.834839E-07,.001
2.358179,4.673027E-05,-6.981223E-06,-6.66667E-04
2.359179,1.33515E-05,-3.758832E-06,-.001
2.36018,1.287466E-05,-3.701844E-05,.001
2.361181,2.169621E-05,-3.459328E-05,-6.66667E-04
2.362181,1.668942E-05,-3.395253E-05,6.66667E-04
2.363182,-4.053145E-06,-3.16205E-05,-6.66667E-04
2.364182,3.576293E-06,-9.477197E-06,-.002
2.365183,-2.312672E-05,-1.86824E-06,6.66667E-04
2.366183,8.10629E-06,-1.648453E-05,-.001
2.367184,-5.483656E-06,-1.256733E-05,6.66667E-04
2.368184,-3.480935E-05,2.935543E-06,-.002
2.369184,3.099456E-06,-1.259899E-05,-6.66667E-04
2.370185,1.859677E-05,4.554196E-06,-6.66667E-04
2.371186,1.502043E-05,-3.63031E-06,6.66667E-04
2.372186,2.169621E-05,-1.76375E-05,6.66667E-04
2.373187,-3.2902E-05,1.341112E-06,.001
2.374187,-6.294297E-05,8.639006E-06,-6.66667E-04
2.375188,-3.790879E-05,-1.695014E-06,6.66667E-04
2.376188,-2.050411E-05,-8.942618E-06,-.001
2.377189,-2.050411E-05,-3.234879E-05,6.66667E-04
2.378189,3.814726E-06,-2.66546E-06,-2.33333E-03
2.379189,-2.02657E-05,1.981307E-05,-6.66667E-04
2.38019,-1.573574E-05,1.013286E-06,.001
2.381191,1.144415E-05,6.744667E-06,.001
2.382191,2.264988E-05,1.105858E-05,.001
2.383192,2.264988E-05,-4.544883E-06,-.001
2.384192,1.978886E-05,2.568227E-05,-6.66667E-04
2.385193,2.861038E-06,4.32434E-05,6.66667E-04
2.386193,1.597416E-05,4.30441E-05,.001
2.387194,8.344708E-06,5.460926E-05,-6.66667E-04
2.388194,-1.430519E-06,5.372637E-05,-.002
2.389194,2.479565E-05,3.185146E-05,6.66667E-04
2.390195,1.502043E-05,2.594676E-05,-.002
2.391196,1.931202E-05,1.952809E-05,-.001
2.392196,3.194832E-05,1.699675E-05,.001
2.393197,3.480935E-05,2.270204E-05,.001
2.394197,7.152586E-06,-1.233636E-05,6.66667E-04
2.395198,1.788151E-05,-4.351168E-06,-6.66667E-04
2.396198,5.483656E-06,2.394442E-05,.001
2.397199,-1.955044E-05,1.286721E-05,.001
2.398199,-1.33515E-05,2.851535E-05,-.002
2.399199,-1.811993E-05,6.517424E-06,-.001
2.4002,9.536816E-07,-1.885381E-05,-.002
2.401201,3.218674E-05,-1.456222E-05,6.66667E-04
2.402201,1.025206E-05,8.832722E-06,-.001
2.403202,3.266358E-05,1.528312E-05,-.001
2.404202,5.459809E-05,2.428156E-05,.001
2.405203,2.527249E-05,-1.827825E-05,-6.66667E-04
2.406203,1.263624E-05,-3.78883E-05,-.002
2.407204,6.437331E-06,3.278274E-07,2.33333E-03
2.408204,-1.978886E-05,1.39047E-05,-6.66667E-04
2.409204,-2.098095E-05,1.314102E-05,-6.66667E-04
2.410205,-2.145782E-06,3.23134E-05,.001
2.411206,1.049048E-05,1.479877E-05,.001
2.412206,2.360356E-05,5.291804E-06,-.002
2.413207,-9.536816E-07,1.365511E-05,-6.66667E-04
2.414207,-7.152586E-06,1.365326E-06,-6.66667E-04
2.415208,8.821546E-06,1.613249E-05,-.001
2.416208,4.768401E-06,1.223391E-05,-.001
2.417209,2.622619E-06,-1.907174E-05,6.66667E-04
2.418209,-2.503407E-05,-3.083446E-05,.001
2.41921,-3.790879E-05,-3.036682E-05,-2.33333E-03
2.42021,-1.239782E-05,-3.570528E-05,-.001
2.421211,4.529982E-06,-8.143543E-06,-6.66667E-04
2.422211,-3.027928E-05,1.395313E-05,6.66667E-04
2.423212,-3.218674E-05,3.078044E-05,-6.66667E-04
2.424212,-3.004086E-05,4.423433E-05,.001
2.425213,-4.83992E-05,2.271135E-05,-6.66667E-04
2.426213,-1.168257E-05,4.686444E-06,-.002
2.427214,-7.629453E-06,2.952863E-05,6.66667E-04
2.428214,-1.955044E-05,1.845334E-05,-6.66667E-04
2.429215,-1.621258E-05,1.311309E-06,-6.66667E-04
2.430215,-5.030655E-05,1.094124E-05,-6.66667E-04
2.431216,-5.006813E-05,1.931947E-05,.001
2.432216,7.391005E-06,7.895811E-06,-6.66667E-04
2.433217,-2.050411E-05,2.171483E-05,-6.66667E-04
2.434217,-1.883518E-05,1.609896E-05,-.002
2.435218,3.218674E-05,1.795229E-05,-6.66667E-04
2.436218,4.529976E-05,8.825271E-06,-6.66667E-04
2.437219,2.55109E-05,-2.855633E-05,-6.66667E-04
2.438219,8.344708E-06,-1.375942E-05,6.66667E-04
2.43922,-1.90736E-05,-6.636634E-06,-.002
2.44022,-2.241146E-05,5.250826E-06,6.66667E-04
2.441221,8.344708E-06,2.990675E-05,6.66667E-04
2.442221,-6.914168E-06,1.893018E-05,.001
2.443222,2.145782E-06,4.731148E-06,-3.66667E-03
2.444222,9.298383E-06,5.155831E-06,.001
2.445223,6.437331E-06,-9.780808E-06,-.001
2.446223,2.717983E-05,-4.543021E-06,-6.66667E-04
2.447224,1.120573E-05,3.776536E-05,-.001
2.448224,-1.740467E-05,3.385195E-05,-6.66667E-04
2.449225,-9.536801E-06,2.719474E-05,-6.66667E-04
2.450225,-1.263624E-05,7.9163E-06,-.001
2.451226,-3.576302E-05,-1.245557E-05,-.002
2.452226,-1.072889E-05,3.50365E-06,-.001
2.453227,-2.622616E-05,3.598645E-06,-6.66667E-04
2.454227,-7.629453E-06,-1.744938E-05,.002
2.455228,2.193463E-05,2.865505E-05,-.002
2.456228,-1.33515E-05,3.948831E-05,-.001
2.457229,-2.431881E-05,-1.080154E-05,6.66667E-04
2.458229,-1.835835E-05,-7.353752E-06,-6.66667E-04
2.45923,-2.598774E-05,-8.121169E-07,.001
2.46023,-5.483656E-06,-4.442438E-06,-.001
2.461231,8.10629E-06,-7.180526E-06,.001
2.462231,2.384204E-07,-3.293552E-05,-.001
2.463232,3.814726E-06,-2.340798E-05,.001
2.464232,-2.479565E-05,-2.993285E-06,-.001
2.465233,-2.55109E-05,-2.049853E-05,6.66667E-04
2.466233,-2.193463E-05,-2.234068E-05,-.001
2.467234,-3.767037E-05,-3.629015E-05,6.66667E-04
2.468234,-3.337883E-05,-4.740641E-05,-6.66667E-04
2.469235,2.145782E-06,-2.78299E-05,-6.66667E-04
2.470235,1.955044E-05,-2.692651E-05,-.002
2.471236,2.121937E-05,-1.81814E-05,6.66667E-04
2.472236,3.910088E-05,-1.545448E-05,-.001
2.473237,2.646458E-05,-4.664093E-06,-.002
2.474237,1.144415E-05,1.418783E-05,-.002
2.475238,2.622616E-05,4.335702E-05,-6.66667E-04
2.476238,8.821546E-06,1.339434E-05,.001
2.477239,1.835835E-05,1.00602E-05,-.002
2.478239,2.050411E-05,3.680238E-05,-6.66667E-04
2.47924,-2.765667E-05,7.201015E-06,.001
2.48024,-1.406675E-05,-1.82112E-05,-6.66667E-04
2.481241,-1.811993E-05,2.073139E-06,-3.66667E-03
2.482241,-2.312672E-05,5.478068E-06,.001
2.483242,5.483656E-06,-1.648448E-06,-.001
2.484242,2.050411E-05,8.104427E-06,-.002
2.485243,2.646458E-05,2.183404E-05,.001
2.486243,2.479565E-05,2.405804E-05,-6.66667E-04
2.487244,3.314042E-05,3.102445E-05,.001
2.488244,2.479565E-05,2.617031E-06,-6.66667E-04
2.489245,1.859677E-05,-1.125045E-06,.001
2.490245,-3.218674E-05,2.061401E-05,.001
2.491246,-2.264988E-05,-2.388668E-05,-6.66667E-04
2.492246,-1.192099E-05,-2.685573E-05,-.002
2.493247,-3.528618E-05,-3.311248E-05,-.001
2.494247,-1.287466E-05,-5.426654E-05,-.001
2.495248,-1.239782E-05,-2.060097E-05,-2.33333E-03
2.496248,-2.55109E-05,-2.01409E-05,-6.66667E-04
2.497249,-5.483656E-06,-3.208057E-05,.001
2.498249,7.152594E-07,-3.944547E-05,6.66667E-04
2.49925,-1.168257E-05,-2.411206E-05,-6.66667E-04
2.50025,4.005455E-05,6.77447E-06,6.66667E-04
2.501251,3.981614E-05,1.347816E-05,-6.66667E-04
2.502251,1.478201E-05,-2.246175E-05,-.001
2.503252,2.765667E-05,-1.31019E-05,-.001
2.504252,7.391005E-06,-2.283618E-06,-3.66667E-03
2.505253,1.168257E-05,2.039794E-05,6.66667E-04
2.506253,2.93256E-05,3.367499E-05,-6.66667E-04
2.507254,7.152586E-06,2.227922E-05,6.66667E-04
2.508254,-2.384197E-05,-1.423068E-06,6.66667E-04
2.509255,-1.549732E-05,-1.509121E-05,.001
2.510255,8.821546E-06,3.408655E-06,.002
2.511256,3.647828E-05,1.607102E-05,-2.33333E-03
2.512256,2.93256E-05,4.180358E-05,.001
2.513257,1.358992E-05,3.437535E-05,.001
2.514257,-2.574932E-05,4.395866E-05,-.001
2.515258,-5.435967E-05,1.885381E-05,-6.66667E-04
2.516258,-4.029297E-05,-2.067734E-05,-6.66667E-04
2.517259,-2.6703E-05,-2.98993E-05,-2.33333E-03
2.518259,-2.884876E-05,-3.013774E-06,-.002
2.51926,-2.622616E-05,-2.408226E-05,-2.33333E-03
2.52026,-6.437331E-06,-1.414312E-05,-6.66667E-04
2.521261,-2.861038E-06,-3.818452E-06,-.002
2.522261,1.1921E-06,-3.988319E-05,-2.33333E-03
2.523262,7.391005E-06,-3.456161E-05,6.66667E-04
2.524262,1.931202E-05,-3.555813E-05,6.66667E-04
2.525263,1.573574E-05,-5.387538E-05,6.66667E-04
2.526263,1.215941E-05,-1.146278E-05,-2.33333E-03
2.527264,-9.77522E-06,1.306279E-05,6.66667E-04
2.528264,-2.3842E-06,-1.884636E-05,2.33333E-03
2.529265,1.597416E-05,-1.557742E-05,-2.33333E-03
2.530265,1.859677E-05,-1.238666E-06,-6.66667E-04
2.531266,2.193463E-05,2.592817E-06,-.001
2.532266,1.192099E-05,2.675701E-05,6.66667E-04
2.533267,-5.483656E-06,2.799381E-05,-6.66667E-04
2.534267,-7.391005E-06,-8.415489E-06,6.66667E-04
2.535268,1.430519E-06,-9.058102E-06,-6.66667E-04
2.536268,-1.144415E-05,-4.153728E-06,6.66667E-04
2.537269,1.788151E-05,-1.977023E-05,-6.66667E-04
2.538269,3.337875E-06,6.97191E-06,-.001
2.53927,-2.384197E-05,-1.877744E-05,-6.66667E-04
2.54027,-2.384204E-07,-3.923872E-05,-.001
2.541271,1.6451E-05,-3.544451E-05,6.66667E-04
2.542271,4.291564E-06,-5.342462E-05,-.001
2.543272,1.33515E-05,-1.841795E-05,-.002
2.544272,1.788151E-05,-9.691401E-06,.001
2.545273,4.172348E-05,-8.94448E-06,.001
2.546273,1.978886E-05,3.30621E-06,-6.66667E-04
2.547274,9.298383E-06,1.212588E-05,-6.66667E-04
2.548274,3.099465E-05,-8.361472E-06,-.002
2.549275,5.412125E-05,1.514709E-05,.001
2.550275,4.410767E-05,1.590524E-05,-.001
2.551276,4.863762E-05,-1.781818E-05,-6.66667E-04
2.552276,1.478201E-05,1.180924E-06,-.002
2.553277,-1.573574E-05,-2.908718E-05,-6.66667E-04
2.554277,-1.573574E-05,-3.068359E-05,6.66667E-04
2.555278,-4.768395E-05,1.178501E-05,.001
2.556278,-5.22139E-05,1.462184E-06,.001
2.557279,-1.621258E-05,-3.094994E-05,-6.66667E-04
2.558279,-9.298383E-06,6.379589E-06,-6.66667E-04
2.55928,-1.668937E-06,1.025019E-05,.001
2.56028,2.622619E-06,-3.924622E-06,-6.66667E-04
2.561281,2.02657E-05,4.643603E-06,-.002
2.562281,4.291558E-05,-1.370913E-05,-.002
2.563282,6.175088E-05,-4.181667E-06,6.66667E-04
2.564282,1.192099E-05,1.120014E-05,-.001
2.565283,1.096731E-05,-2.156582E-05,-.002
2.566283,6.198912E-06,-2.605107E-05,-.001
2.567284,1.33515E-05,-9.28907E-06,-.001
2.568284,2.503407E-05,1.3087E-05,6.66667E-04
2.569285,-9.536816E-07,6.586342E-06,-6.66667E-04
2.570285,-2.145782E-06,-1.269771E-05,6.66667E-04
2.571286,-4.529982E-06,-1.660001E-05,-6.66667E-04
2.572286,-2.455723E-05,2.224382E-05,.002
2.573287,-2.813351E-05,1.313171E-05,6.66667E-04
2.574287,-8.821546E-06,-3.801673E-06,.001
2.575288,-1.287466E-05,-4.686444E-06,-6.66667E-04
2.576288,-7.629453E-06,-2.383825E-05,-2.33333E-03
2.577289,1.1921E-06,-1.648448E-06,.001
2.578289,4.529982E-06,6.897404E-06,-6.66667E-04
2.57929,5.960494E-06,1.214823E-05,-.001
2.58029,9.536816E-07,1.396431E-05,6.66667E-04
2.581291,-2.002728E-05,9.749143E-06,.002
2.582291,-1.072889E-05,-2.161611E-05,6.66667E-04
2.583292,1.835835E-05,-3.011164E-05,-.002
2.584292,2.980244E-05,-2.856751E-05,6.66667E-04
2.585293,2.169621E-05,-1.082016E-05,-.001
2.586293,2.050411E-05,1.060782E-05,6.66667E-04
2.587294,-1.215941E-05,1.174776E-05,-.001
2.588294,-4.434609E-05,-2.455909E-05,-6.66667E-04
2.589295,-3.480935E-05,-1.179805E-05,.001
2.590295,-4.982972E-05,1.126908E-06,-6.66667E-04
2.591296,-1.788151E-05,5.057111E-06,6.66667E-04
2.592296,-1.764309E-05,-7.214054E-06,6.66667E-04
2.593297,-2.622616E-05,-4.204019E-06,-6.66667E-04
2.594297,-1.263624E-05,5.368172E-06,-6.66667E-04
2.595298,-1.168257E-05,7.234543E-06,6.66667E-04
2.596298,1.430517E-05,-2.125849E-05,-6.66667E-04
2.597299,3.242516E-05,-1.708802E-05,.001
2.598299,2.384197E-05,-2.570089E-05,6.66667E-04
2.5993,5.674385E-05,-4.375563E-05,-6.66667E-04
2.6003,5.030655E-05,-1.277222E-05,-.002
2.601301,2.861035E-05,-1.186511E-05,-6.66667E-04
2.602301,1.740467E-05,-2.838497E-05,-.002
2.603302,-2.28883E-05,-2.756168E-05,.001
2.604302,-3.886246E-05,-3.014889E-05,.002
2.605303,-1.382834E-05,-1.892273E-05,-6.66667E-04
2.606303,-1.478201E-05,1.802121E-05,-.001
2.607304,7.629453E-06,2.051715E-05,-6.66667E-04
2.608304,5.078339E-05,2.107408E-05,-.001
2.609305,4.3154E-05,1.969945E-05,-.001
2.610305,2.3842E-06,7.806404E-06,-6.66667E-04
2.611306,-1.072889E-05,-6.277143E-06,-.001
2.612306,-2.598774E-05,1.221156E-05,-3.66667E-03
2.613307,-3.93393E-05,-5.479931E-06,-.001
2.614307,4.768401E-06,-3.72158E-06,-6.66667E-04
2.615308,1.430517E-05,2.624665E-05,-6.66667E-04
2.616308,4.768408E-07,-8.191972E-06,-.001
2.617309,-5.006819E-06,-1.871966E-06,-6.66667E-04
2.618309,-2.098095E-05,-1.101574E-05,-2.33333E-03
2.61931,1.430519E-06,-2.641615E-05,.001
2.62031,2.312672E-05,4.839181E-06,-.002
2.621311,9.059964E-06,1.962495E-05,-6.66667E-04
2.622311,-9.298383E-06,1.235126E-05,-.001
2.623312,-1.525891E-05,-5.038484E-06,-.001
2.624312,-1.621258E-05,-2.481241E-05,-6.66667E-04
2.625313,9.77522E-06,-3.118091E-05,-6.66667E-04
2.626313,3.147149E-05,-1.516758E-05,-3.66667E-03
2.627314,4.744553E-05,-4.328816E-06,.002
2.628314,1.716625E-05,2.163474E-05,6.66667E-04
2.629315,5.483656E-06,2.43244E-05,-.001
2.630315,-1.621258E-05,-1.256919E-05,6.66667E-04
2.631316,-9.059964E-06,-1.611013E-05,.001
2.632316,-3.576293E-06,-1.733203E-05,-6.66667E-04
2.633317,-4.053145E-06,-1.540792E-05,.001
2.634317,2.408039E-05,-3.152178E-05,.001
2.635318,2.098095E-05,-4.273863E-05,.001
2.636318,2.598774E-05,-5.461113E-05,.001
2.637319,2.121937E-05,-5.230703E-05,-2.33333E-03
2.638319,7.152594E-07,-4.224316E-05,-.002
2.63932,-1.502043E-05,-3.277534E-05,-6.66667E-04
2.64032,-3.314042E-05,5.727663E-06,.001
2.641321,-3.051781E-05,6.632908E-06,6.66667E-04
2.642321,1.549732E-05,-1.9014E-05,-.002
2.643322,1.382834E-05,1.592569E-06,6.66667E-04
2.644322,2.479565E-05,-6.748392E-06,6.66667E-04
2.645323,1.978886E-05,-1.002295E-05,-.001
2.646323,-8.10629E-06,3.330424E-06,.001
2.647324,-2.884876E-05,-8.564501E-06,2.33333E-03
2.648324,-2.956402E-05,-1.03843E-05,-.001
2.649325,-3.218674E-05,3.799811E-06,6.66667E-04
2.650325,1.311308E-05,-5.077594E-05,-6.66667E-04
2.651326,7.343339E-05,-3.108406E-05,-3.66667E-03
2.652326,3.838562E-05,1.567986E-05,-.002
2.653327,8.821546E-06,-8.171482E-06,-6.66667E-04
2.654327,1.454359E-05,-1.425116E-05,-.001
2.655328,-6.437331E-06,-6.636634E-06,.001
2.656328,9.536801E-06,-3.558234E-05,6.66667E-04
2.657329,2.241146E-05,-1.754437E-05,-6.66667E-04
2.658329,-1.955044E-05,-1.173286E-05,-6.66667E-04
2.65933,-1.025206E-05,-1.085555E-05,-.001
2.66033,2.264988E-05,-2.846136E-06,-2.33333E-03
2.661331,1.287466E-05,-2.335769E-05,6.66667E-04
2.662331,3.814721E-05,-3.815466E-05,-6.66667E-04
2.663332,4.100823E-05,-8.661358E-06,-.001
2.664332,3.457093E-05,-4.781439E-06,.001
2.665333,1.072889E-05,-5.327194E-06,6.66667E-04
2.666333,3.099456E-06,-5.986571E-06,-3.66667E-03
2.667334,3.337875E-06,-1.958769E-05,-2.33333E-03
2.668334,2.098095E-05,-2.611068E-05,-6.66667E-04
2.669335,3.957772E-05,-2.039236E-05,6.66667E-04
2.670335,2.598774E-05,-3.923872E-05,-.001
2.671336,2.169621E-05,-4.216866E-05,-.001
2.672336,1.049048E-05,-5.461113E-05,.001
2.673337,3.361725E-05,-5.461113E-05,-.001
2.674337,4.529982E-06,-2.70718E-05,-.001
2.675338,-4.83992E-05,-7.590308E-06,-.002
2.676338,-2.074253E-05,-1.418969E-05,-.002
2.677339,-2.861035E-05,-2.537866E-05,.001
2.678339,-5.579018E-05,-2.389599E-05,-6.66667E-04
2.67934,-3.600144E-05,-4.700595E-05,.001
2.68034,-9.536801E-06,-2.406549E-05,6.66667E-04
2.681341,-3.099456E-06,-1.510239E-05,6.66667E-04
2.682341,5.960494E-06,-1.717557E-05,-.002
2.683342,1.430519E-06,3.113621E-05,-.001
2.684342,-1.907363E-06,1.600769E-05,-.002
2.685343,1.120573E-05,-4.254311E-06,-.002
2.686343,1.90736E-05,-1.87346E-05,-.002
2.687344,2.622619E-06,-9.028299E-06,.001
2.688344,1.144415E-05,-5.694135E-06,-.001
2.689345,2.384197E-05,-2.23947E-05,2.33333E-03
2.690345,2.527249E-05,-3.133737E-05,-.002
2.691346,2.861035E-05,-1.445605E-05,-6.66667E-04
2.692346,1.263624E-05,-2.946719E-06,-6.66667E-04
2.693347,1.931202E-05,-9.024574E-06,-6.66667E-04
2.694347,1.430517E-05,-1.283182E-05,.001
2.695348,1.215941E-05,-3.426545E-05,-6.66667E-04
2.696348,2.598774E-05,-1.98466E-05,6.66667E-04
2.697349,-5.006819E-06,1.007511E-05,-2.33333E-03
2.698349,-4.005455E-05,3.103181E-06,-.001
2.69935,4.053145E-06,-5.118578E-06,-6.66667E-04
2.70035,3.576302E-05,-8.408038E-06,.002
2.701351,3.647828E-05,5.954906E-06,.001
2.702351,4.19619E-05,3.183843E-05,-2.33333E-03
2.703352,1.049048E-05,2.79845E-05,-.002
2.704352,-6.675749E-06,-1.30274E-05,6.66667E-04
2.705353,3.862404E-05,-8.978008E-06,-.001
2.706353,3.862404E-05,2.15137E-06,-.002
2.707354,2.145779E-05,-3.911578E-08,-6.66667E-04
2.708354,4.005455E-05,1.543772E-05,-6.66667E-04
2.709355,3.123307E-05,-2.70085E-06,-.001
2.710355,4.005455E-05,-1.018128E-05,6.66667E-04
2.711356,6.508874E-05,-3.361725E-05,-.002
2.712356,5.316758E-05,-5.461113E-05,-6.66667E-04
2.713357,6.222771E-05,-5.461113E-05,-.001
2.714357,3.910088E-05,-4.574121E-05,6.66667E-04
2.715358,1.430519E-06,-5.461113E-05,6.66667E-04
2.716358,2.02657E-05,-5.461113E-05,-.001
2.717359,3.790879E-05,-5.461113E-05,-.001
2.718359,3.814721E-05,-4.530163E-05,-.001
2.71936,5.340599E-05,-5.461113E-05,-6.66667E-04
2.72036,5.841278E-05,-5.461113E-05,6.66667E-04
2.721361,7.796334E-05,-4.935288E-05,-.001
2.722361,8.606957E-05,-5.461113E-05,-.002
2.723362,7.343339E-05,-5.126768E-05,-.002
2.724362,8.058595E-05,-5.461113E-05,6.66667E-04
2.725363,9.012269E-05,-5.461113E-05,-2.33333E-03
2.726363,5.340599E-05,-5.461113E-05,-.001
2.727364,7.891702E-05,-5.461113E-05,-6.66667E-04
2.728364,7.128762E-05,-5.461113E-05,.001
2.729365,4.291558E-05,-4.432932E-05,.001
2.730365,6.651925E-05,-5.207793E-05,-.001
2.731366,6.866502E-05,-5.405606E-05,6.66667E-04
2.732366,8.678483E-05,-5.461113E-05,-.002
2.733367,1.139645E-04,-5.461113E-05,.001
2.734367,9.965943E-05,-5.461113E-05,-3.66667E-03
2.735368,5.86512E-05,-5.096407E-05,-.002
2.736368,5.841278E-05,-5.461113E-05,-.001
2.737369,2.956402E-05,-5.461113E-05,-.002
2.738369,2.6703E-05,-5.461113E-05,-.002
2.73937,6.127404E-05,-5.461113E-05,-2.33333E-03
2.74037,6.46119E-05,-3.851415E-05,-2.33333E-03
2.741371,5.340599E-05,-2.641615E-05,6.66667E-04
2.742371,7.820176E-05,-3.18347E-05,2.33333E-03
2.743372,8.821534E-05,-5.461113E-05,.001
2.744372,1.013284E-04,-5.461113E-05,-6.66667E-04
2.745373,1.106267E-04,-5.461113E-05,-6.66667E-04
2.746373,9.059953E-05,-5.397596E-05,-.002
2.747374,8.89306E-05,-5.461113E-05,-.002
2.748374,7.677125E-05,-5.461113E-05,.001
2.749375,7.700967E-05,-5.461113E-05,-.001
2.750375,9.846734E-05,-5.041459E-05,-.001
2.751376,1.103883E-04,-3.882893E-05,.001
2.752376,1.063352E-04,-4.524947E-05,.001
2.753377,1.139645E-04,-2.919149E-05,-.002
2.754377,7.510232E-05,-1.966406E-05,-6.66667E-04
2.755378,6.675767E-05,-5.461113E-05,-6.66667E-04
2.756378,9.203004E-05,-5.461113E-05,.001
2.757379,1.051431E-04,-5.461113E-05,6.66667E-04
2.758379,7.987069E-05,-5.461113E-05,-.001
2.75938,6.19893E-05,-5.461113E-05,-.002
2.76038,6.580399E-05,-5.461113E-05,-6.66667E-04
2.761381,1.075272E-04,-5.461113E-05,6.66667E-04
2.762381,1.17064E-04,-5.461113E-05,-6.66667E-04
2.763382,9.346055E-05,-5.461113E-05,6.66667E-04
2.764382,8.940743E-05,-5.461113E-05,.001
2.765383,1.013284E-04,-5.461113E-05,.001
2.766383,8.89306E-05,-5.461113E-05,-.002
2.767384,9.870576E-05,-5.461113E-05,.001
2.768384,1.029973E-04,-5.461113E-05,-6.66667E-04
2.769385,1.139645E-04,-5.461113E-05,-.001
2.770385,1.032357E-04,-5.052262E-05,.001
2.771386,7.295655E-05,-4.195259E-05,-3.66667E-03
2.772386,1.931202E-05,-5.461113E-05,-6.66667E-04
2.773387,5.245232E-05,-5.461113E-05,6.66667E-04
2.774387,7.343339E-05,-2.054137E-05,-.001
2.775388,7.510232E-05,-4.152418E-05,-.002
2.776388,1.034741E-04,-4.851096E-05,-6.66667E-04
2.777389,1.127725E-04,-4.427158E-05,-6.66667E-04
2.778389,1.31608E-04,-5.461113E-05,-.001
2.77939,1.504431E-04,-5.461113E-05,-.002
2.78039,1.151566E-04,-4.326389E-05,.001
2.781391,1.041894E-04,-2.943922E-05,6.66667E-04
2.782391,9.679841E-05,-2.402079E-05,.001
2.783392,4.363083E-05,-4.714378E-05,6.66667E-04
2.784392,7.176446E-05,-5.461113E-05,6.66667E-04
2.785393,9.226846E-05,-5.461113E-05,.001
2.786393,7.200288E-05,-5.461113E-05,-.001
2.787394,9.584473E-05,-5.461113E-05,.001
2.788394,1.013284E-04,-5.461113E-05,-.002
2.789395,1.034741E-04,-5.461113E-05,-.002
2.790395,1.273165E-04,-5.461113E-05,-.001
2.791396,1.292238E-04,-4.414306E-05,.002
2.792396,1.313696E-04,-5.461113E-05,-.002
2.793397,1.382837E-04,-5.094544E-05,-.001
2.794397,1.339922E-04,-3.046927E-05,.002
2.795398,1.382837E-04,-4.411512E-05,-6.66667E-04
2.796398,1.535425E-04,-5.461113E-05,-.001
2.797399,1.688013E-04,-5.461113E-05,6.66667E-04
2.798399,1.666555E-04,-5.461113E-05,-.001
2.7994,1.661787E-04,-5.461113E-05,-.002
2.8004,1.628408E-04,-5.461113E-05,-.002
2.801401,1.890669E-04,-5.461113E-05,6.66667E-04
2.802401,1.971731E-04,-5.461113E-05,6.66667E-04
2.803402,1.876364E-04,-5.461113E-05,.001
2.804402,2.10763E-04,-5.461113E-05,.002
2.805403,2.114782E-04,-5.461113E-05,-.002
2.806403,2.279291E-04,-5.461113E-05,-.001
2.807404,2.357969E-04,-5.461113E-05,6.66667E-04
2.808404,2.441425E-04,-5.461113E-05,2.33333E-03
2.809405,2.915878E-04,-5.461113E-05,-6.66667E-04
2.810405,3.542919E-04,-5.461113E-05,.001
2.811406,3.681201E-04,-5.461113E-05,-.001
2.812406,4.122276E-04,-5.461113E-05,.001
2.813407,4.782695E-04,-5.461113E-05,.001
2.814407,5.223788E-04,-5.461113E-05,-.002
2.815408,6.17031E-04,-5.461113E-05,6.66667E-04
2.816408,7.178821E-04,-5.461113E-05,-.002
2.817409,7.691421E-04,-5.461113E-05,-.002
2.818409,8.056201E-04,-5.461113E-05,-.001
2.81941,8.060969E-04,-5.461113E-05,-6.66667E-04
2.82041,7.486381E-04,-5.461113E-05,-.002
2.821411,6.983317E-04,-5.461113E-05,.001
2.822411,6.942786E-04,-5.461113E-05,-.001
2.823412,6.63761E-04,-5.461113E-05,-6.66667E-04
2.824412,6.356277E-04,-5.461113E-05,-.001
2.825413,6.310977E-04,-5.461113E-05,-6.66667E-04
2.826413,6.327666E-04,-5.461113E-05,6.66667E-04
2.827414,6.432571E-04,-5.461113E-05,-.001
2.828414,6.430186E-04,-5.461113E-05,.001
2.829415,6.701984E-04,-5.461113E-05,-.001
2.830415,7.135905E-04,-5.461113E-05,6.66667E-04
2.831416,7.312335E-04,-5.461113E-05,6.66667E-04
2.832416,7.746257E-04,-5.461113E-05,-2.33333E-03
2.833417,8.680858E-04,-5.461113E-05,6.66667E-04
2.834417,8.924045E-04,-5.461113E-05,-6.66667E-04
2.835418,9.214915E-04,-5.461113E-05,-.001
2.836418,1.008041E-03,-5.461113E-05,-2.33333E-03
2.837419,1.071461E-03,-5.461113E-05,-6.66667E-04
2.838419,1.119144E-03,-5.461113E-05,.002
2.83942,1.152046E-03,-5.461113E-05,-.001
2.84042,1.188286E-03,-5.461113E-05,-6.66667E-04
2.841421,1.272924E-03,-5.461113E-05,-.002
2.842421,1.342781E-03,-5.461113E-05,-.001
2.843422,1.406915E-03,-5.461113E-05,6.66667E-04
2.844422,1.492269E-03,-5.461113E-05,-.001
2.845423,1.491554E-03,-5.461113E-05,.001
2.846423,1.491793E-03,-5.461113E-05,-6.66667E-04
2.847424,1.535185E-03,-5.461113E-05,6.66667E-04
2.848424,1.547582E-03,-5.461113E-05,-6.66667E-04
2.849425,1.616724E-03,-5.461113E-05,6.66667E-04
2.850425,1.663931E-03,-5.461113E-05,-.001
2.851426,1.687534E-03,-5.461113E-05,-2.33333E-03
2.852426,1.722105E-03,-5.461113E-05,-.001
2.853427,1.750715E-03,-5.461113E-05,-6.66667E-04
2.854427,1.782663E-03,-5.461113E-05,-.001
2.855428,1.814134E-03,-5.461113E-05,-6.66667E-04
2.856428,1.824625E-03,-5.461113E-05,-6.66667E-04
2.857429,1.826294E-03,-5.461113E-05,-.001
2.858429,1.888044E-03,-5.461113E-05,-.002
2.85943,1.956716E-03,-5.461113E-05,-.002
2.86043,2.047077E-03,-5.461113E-05,-.001
2.861431,2.180591E-03,-5.461113E-05,6.66667E-04
2.862431,2.320781E-03,-5.461113E-05,6.66667E-04
2.863432,2.51247E-03,-5.461113E-05,-.001
2.864432,2.707735E-03,-5.461113E-05,-.001
2.865433,2.845064E-03,-5.461113E-05,-.001
2.866433,2.992645E-03,-5.461113E-05,3.66667E-03
2.867434,3.067747E-03,-5.461113E-05,-.002
2.868434,3.054395E-03,-5.461113E-05,.001
2.869435,2.94973E-03,-5.461113E-05,-.002
2.870435,2.819076E-03,-5.461113E-05,6.66667E-04
2.871436,2.656236E-03,-5.461113E-05,6.66667E-04
2.872436,2.522245E-03,-5.461113E-05,-.002
2.873437,2.412334E-03,-5.461113E-05,-6.66667E-04
2.874437,2.381578E-03,-5.461113E-05,.001
2.875438,2.529874E-03,-5.461113E-05,-.001
2.876438,2.719656E-03,-5.461113E-05,.001
2.877439,2.911583E-03,-5.461113E-05,-6.66667E-04
2.878439,3.072992E-03,-5.461113E-05,-.002
2.87944,3.12759E-03,-5.461113E-05,-.001
2.88044,3.118053E-03,-5.461113E-05,.001
2.881441,3.045574E-03,-5.461113E-05,-6.66667E-04
2.882441,2.933279E-03,-5.461113E-05,-2.33333E-03
2.883442,2.783313E-03,-5.461113E-05,-.002
2.884442,2.607599E-03,-5.461113E-05,-.002
2.885443,2.430454E-03,-5.461113E-05,-.002
2.886443,2.25617E-03,-5.461113E-05,.001
2.887444,2.123371E-03,-5.461113E-05,-2.33333E-03
2.888444,2.00893E-03,-5.461113E-05,-.002
2.889445,1.962438E-03,-5.461113E-05,-.001
2.890445,1.919754E-03,-5.461113E-05,-.002
2.891446,1.856573E-03,-5.461113E-05,6.66667E-04
2.892446,1.841314E-03,-5.461113E-05,-6.66667E-04
2.893447,1.785286E-03,-5.461113E-05,-.001
2.894447,1.745947E-03,-5.461113E-05,.001
2.895448,1.744039E-03,-5.461113E-05,6.66667E-04
2.896448,1.694687E-03,-5.461113E-05,-.001
2.897449,1.644619E-03,-5.461113E-05,.001
2.898449,1.610763E-03,-5.461113E-05,-.002
2.89945,1.548775E-03,-5.461113E-05,-.001
2.90045,1.515634E-03,-5.461113E-05,.001
2.901451,1.508959E-03,-5.461113E-05,-.002
2.902451,1.469381E-03,-5.461113E-05,2.33333E-03
2.903452,1.412638E-03,-5.461113E-05,-.001
2.904452,1.363046E-03,-5.461113E-05,-.001
2.905453,1.263388E-03,-5.461113E-05,-.001
2.906453,1.174457E-03,-5.461113E-05,6.66667E-04
2.907454,1.095779E-03,-5.461113E-05,6.66667E-04
2.908454,1.010425E-03,-5.461113E-05,-6.66667E-04
2.909455,9.717979E-04,-5.461113E-05,.001
2.910455,9.207763E-04,-5.461113E-05,6.66667E-04
2.911456,8.614101E-04,-5.461113E-05,.001
2.912456,8.206405E-04,-5.461113E-05,6.66667E-04
2.913457,7.751025E-04,-5.461113E-05,-.001
2.914457,7.181205E-04,-5.461113E-05,-.002
2.915458,6.976165E-04,-5.461113E-05,-6.66667E-04
2.916458,6.63761E-04,-5.461113E-05,6.66667E-04
2.917459,6.253757E-04,-5.461113E-05,-2.33333E-03
2.918459,6.1417E-04,-5.461113E-05,-.001
2.91946,5.826987E-04,-5.461113E-05,2.33333E-03
2.92046,5.96527E-04,-5.461113E-05,-6.66667E-04
2.921461,6.401576E-04,-5.461113E-05,.001
2.922461,6.628074E-04,-5.461113E-05,-.001
2.923462,7.417239E-04,-5.461113E-05,-2.33333E-03
2.924462,7.922687E-04,-5.461113E-05,.001
2.925463,7.846393E-04,-5.461113E-05,.001
2.926463,7.851161E-04,-5.461113E-05,.001
2.927464,7.712878E-04,-5.461113E-05,-.001
2.928464,6.852187E-04,-5.461113E-05,2.33333E-03
2.929465,6.129779E-04,-5.461113E-05,6.66667E-04
2.930465,5.121268E-04,-5.461113E-05,-6.66667E-04
2.931466,4.558582E-04,-5.461113E-05,-.001
2.932466,4.217643E-04,-5.461113E-05,.001
2.933467,3.662128E-04,-5.461113E-05,.001
2.934467,3.454704E-04,-5.461113E-05,-6.66667E-04
2.935468,3.438015E-04,-5.461113E-05,-6.66667E-04
2.936468,3.011245E-04,-5.461113E-05,-.001
2.937469,3.051776E-04,-5.461113E-05,-6.66667E-04
2.938469,3.09946E-04,-5.461113E-05,-.001
2.93947,2.942104E-04,-5.461113E-05,-6.66667E-04
2.94047,2.751369E-04,-5.461113E-05,6.66667E-04
2.941471,2.403269E-04,-5.461113E-05,6.66667E-04
2.942471,2.093324E-04,-5.461113E-05,-.001
2.943472,2.34128E-04,-5.461113E-05,6.66667E-04
2.944472,2.32459E-04,-5.461113E-05,-.002
2.945473,2.34128E-04,-5.461113E-05,-6.66667E-04
2.946473,2.479572E-04,-5.461113E-05,6.66667E-04
2.947474,2.031336E-04,-5.461113E-05,.001
2.948474,1.738081E-04,-4.822225E-05,-.001
2.949475,1.59503E-04,-5.461113E-05,-.001
2.950475,1.513967E-04,-5.461113E-05,-6.66667E-04
2.951476,1.583109E-04,-5.461113E-05,-6.66667E-04
2.952476,1.540193E-04,-5.461113E-05,-.001
2.953477,1.420984E-04,-5.461113E-05,-2.33333E-03
2.954477,1.184945E-04,-5.461113E-05,-.002
2.955478,1.266012E-04,-5.461113E-05,.001
2.956478,1.351843E-04,-5.461113E-05,6.66667E-04
2.957479,1.342306E-04,-5.461113E-05,-6.66667E-04
2.958479,1.361379E-04,-5.461113E-05,.002
2.95948,1.134877E-04,-5.461113E-05,.002
2.96048,1.189713E-04,-5.461113E-05,-.002
2.961481,7.724809E-05,-5.461113E-05,-6.66667E-04
2.962481,6.675767E-05,-5.461113E-05,6.66667E-04
2.963482,1.12534E-04,-4.771189E-05,-6.66667E-04
2.964482,1.139645E-04,-2.406922E-05,.002
2.965483,1.034741E-04,-4.238845E-05,-6.66667E-04
2.966483,1.282701E-04,-5.461113E-05,.001
2.967484,1.173024E-04,-5.461113E-05,.001
2.968484,1.330385E-04,-5.461113E-05,-.002
2.969485,1.716623E-04,-5.461113E-05,-3.66667E-03
2.970485,1.642713E-04,-3.413321E-05,-6.66667E-04
2.971486,1.282701E-04,-5.176687E-05,-6.66667E-04
2.972486,1.337538E-04,-5.422928E-05,.001
2.973487,9.655999E-05,-5.461113E-05,6.66667E-04
2.974487,9.632157E-05,-5.461113E-05,.001
2.975488,8.750008E-05,-5.151541E-05,-.001
2.976488,7.48639E-05,-3.46473E-05,.001
2.977489,8.630799E-05,-3.96485E-05,-.001
2.978489,1.06812E-04,-2.562453E-05,-.002
2.97949,6.866502E-05,-5.461113E-05,.001
2.98049,9.560632E-05,-5.461113E-05,-.001
2.981491,1.189713E-04,-5.461113E-05,-6.66667E-04
2.982491,1.218324E-04,-5.461113E-05,6.66667E-04
2.983492,1.478205E-04,-3.842288E-05,-.002
2.984492,1.165872E-04,-5.005137E-05,6.66667E-04
2.985493,9.894418E-05,-5.461113E-05,-.001
2.986493,1.332769E-04,-5.461113E-05,-6.66667E-04
2.987494,1.072888E-04,-5.254732E-05,2.33333E-03
2.988494,9.346055E-05,-5.293661E-05,-.002
2.989495,1.153951E-04,-4.169182E-05,-.001
2.990495,7.844018E-05,-4.462362E-05,.001
2.991496,4.816079E-05,-5.224557E-05,6.66667E-04
2.992496,6.437348E-05,-2.87873E-05,-6.66667E-04
2.993497,4.982972E-05,-2.90164E-05,2.33333E-03
2.994497,7.009553E-05,-4.879222E-05,-.002
2.995498,6.985711E-05,-5.461113E-05,-.001
2.996498,8.51159E-05,-5.461113E-05,-6.66667E-04
2.997499,1.06812E-04,-5.461113E-05,-2.33333E-03
2.998499,9.226846E-05,-4.562573E-05,6.66667E-04
2.9995,7.200288E-05,-4.968629E-05,.001
3.0005,1.001363E-04,-5.384185E-05,.001
3.001501,8.988427E-05,-5.461113E-05,.001
3.002501,5.912804E-05,-5.461113E-05,.001
3.003502,6.651925E-05,-5.461113E-05,-.001
3.004502,5.22139E-05,-5.461113E-05,3.66667E-03
3.005503,5.030655E-05,-5.461113E-05,-.001
3.006503,7.557916E-05,-5.461113E-05,.002
3.007504,7.963227E-05,-3.11865E-05,-.001
3.008504,7.700967E-05,-4.423619E-05,-6.66667E-04
3.009505,7.796334E-05,-3.510178E-05,-6.66667E-04
3.010505,5.459809E-05,-1.688127E-05,.002
3.011506,5.22139E-05,-3.255182E-05,.001
3.012506,6.365823E-05,-4.005455E-05,-6.66667E-04
3.013507,6.961869E-05,-5.280436E-05,-6.66667E-04
3.014507,9.393739E-05,-5.461113E-05,-6.66667E-04
3.015508,1.077657E-04,-5.461113E-05,-.001
3.016508,8.726167E-05,-5.461113E-05,-6.66667E-04
3.017509,8.559274E-05,-5.461113E-05,6.66667E-04
3.018509,7.796334E-05,-5.461113E-05,-6.66667E-04
3.01951,9.79905E-05,-5.461113E-05,-.002
3.02051,1.115804E-04,-5.461113E-05,-.001
3.021511,1.108651E-04,-5.461113E-05,6.66667E-04
3.022511,8.297013E-05,-5.461113E-05,-.001
3.023512,7.86786E-05,-4.819245E-05,-6.66667E-04
3.024512,5.030655E-05,-4.402571E-05,-6.66667E-04
3.025513,3.433251E-05,-5.461113E-05,-.002
3.026513,4.649186E-05,-5.461113E-05,.001
3.027514,3.218674E-05,-5.461113E-05,-.001
3.028514,7.772492E-05,-4.848489E-05,6.66667E-04
3.029515,8.964585E-05,-4.235492E-05,-.002
3.030515,5.960488E-05,-5.077408E-05,-.002
3.031516,5.793595E-05,-5.461113E-05,-.001
3.032516,6.032013E-05,-5.461113E-05,.001
3.033517,4.458451E-05,-5.461113E-05,-.004
3.034517,7.438706E-05,-5.461113E-05,-6.66667E-04
3.035518,8.082436E-05,-3.494718E-05,.001
3.036518,7.438706E-05,-4.145899E-05,-6.66667E-04
3.037519,7.629441E-05,-4.848861E-05,-.001
3.038519,7.891702E-05,-5.252124E-05,-6.66667E-04
3.03952,4.363083E-05,-5.219341E-05,6.66667E-04
3.04052,6.127404E-05,-3.632368E-05,-6.66667E-04
3.041521,6.84266E-05,-2.468016E-05,6.66667E-04
3.042521,5.626702E-05,-2.978009E-05,-6.66667E-04
3.043522,6.580399E-05,-1.138641E-05,-.001
3.044522,5.245232E-05,-2.427411E-05,.001
3.045523,7.391023E-05,-5.461113E-05,-6.66667E-04
3.046523,9.512948E-05,-5.461113E-05,-.001
3.047524,7.081078E-05,-5.461113E-05,.001
3.048524,8.034753E-05,-3.024761E-05,-.001
3.049525,4.863762E-05,1.012726E-05,-.002
3.050525,1.764309E-05,-1.608033E-05,-6.66667E-04
3.051526,4.076981E-05,-5.461113E-05,6.66667E-04
3.052526,2.098095E-05,-5.461113E-05,-.001
3.053527,5.960494E-06,-5.461113E-05,6.66667E-04
3.054527,3.051781E-05,-3.349991E-05,2.33333E-03
3.055528,4.982972E-05,-7.09857E-06,-.001
3.056528,3.838562E-05,-1.296966E-05,-.001
3.057529,4.19619E-05,-2.905552E-05,-.001
3.058529,1.120573E-05,-2.993655E-05,.001
3.05953,-9.059964E-06,-4.221336E-05,-.002
3.06053,-1.668937E-06,-5.461113E-05,-6.66667E-04
3.061531,-7.867871E-06,-4.822784E-05,-6.66667E-04
3.062531,2.861035E-05,-5.192705E-05,-6.66667E-04
3.063532,5.483651E-05,-2.978567E-05,6.66667E-04
3.064532,4.935288E-05,-2.745554E-06,-.001
3.065533,4.57766E-05,-2.344896E-05,-.001
3.066533,3.767037E-05,6.94397E-06,-.001
3.067534,1.430517E-05,7.383554E-06,-6.66667E-04
3.068534,3.93393E-05,3.092005E-06,.001
3.069535,6.747292E-05,-2.019305E-05,6.66667E-04
3.070535,3.242516E-05,-2.416794E-05,.002
3.071536,4.291564E-06,-2.139632E-05,6.66667E-04
3.072536,1.430517E-05,1.249096E-05,6.66667E-04
3.073537,2.622619E-06,-9.806885E-06,-.001
3.074537,1.811993E-05,-2.234068E-05,6.66667E-04
3.075538,1.1921E-06,-1.429027E-05,-6.66667E-04
3.076538,1.478201E-05,-3.933936E-06,6.66667E-04
3.077539,3.528618E-05,7.407769E-06,-6.66667E-04
3.078539,1.215941E-05,1.339249E-06,6.66667E-04
3.07954,4.053145E-06,-7.083669E-06,-6.66667E-04
3.08054,2.813351E-05,-2.587412E-05,-.002
3.081541,1.311308E-05,-3.100769E-05,6.66667E-04
3.082541,1.430517E-05,-3.58338E-05,6.66667E-04
3.083542,3.385567E-05,-2.900153E-06,-.001
3.084542,2.02657E-05,2.995145E-05,.002
3.085543,1.478201E-05,7.689057E-06,-.002
3.086543,7.152586E-06,2.81242E-05,.001
3.087544,-1.430517E-05,7.970317E-06,-6.66667E-04
3.088544,7.152586E-06,-1.771946E-05,-6.66667E-04
3.089545,6.175088E-05,-1.781073E-05,-.001
3.090545,3.099465E-05,-4.988193E-06,-6.66667E-04
3.091546,4.482293E-05,6.066664E-06,-.001
3.092546,4.95913E-05,1.456781E-05,.002
3.093547,1.6451E-05,1.275545E-05,-2.33333E-03
3.094547,-9.536816E-07,2.395001E-05,.001
3.095548,-2.002728E-05,1.29026E-05,.001
3.096548,-1.430519E-06,-4.367926E-05,-.002
3.097549,2.861038E-06,-3.161118E-05,-.001
3.098549,-2.789509E-05,-9.45857E-06,6.66667E-04
3.09955,-4.148507E-05,-4.261761E-06,-.001
3.10055,-3.385567E-05,-1.788148E-07,-.001
3.101551,-5.555176E-05,1.345581E-05,.001
3.102551,-3.433251E-05,-2.84483E-05,-.002
3.103552,-1.573574E-05,-2.273743E-05,6.66667E-04
3.104552,-2.360356E-05,-8.698611E-06,-.002
3.105553,-6.198912E-06,1.423068E-06,6.66667E-04
3.106553,1.430517E-05,1.565937E-05,-6.66667E-04
3.107554,7.152586E-06,7.29601E-06,6.66667E-04
3.108554,-1.263624E-05,-1.897675E-05,.001
3.109555,-3.2902E-05,-1.867686E-05,-.001
3.110555,-2.169621E-05,-2.965156E-05,-2.33333E-03
3.111556,2.384197E-05,-2.973911E-05,-6.66667E-04
3.112556,3.719353E-05,3.664964E-05,-.002
3.113557,3.051781E-05,5.436898E-05,-6.66667E-04
3.114557,3.695511E-05,8.044823E-06,-6.66667E-04
3.115558,7.391005E-06,-1.39699E-05,6.66667E-04
3.116558,6.437331E-06,-2.783176E-05,-6.66667E-04
3.117559,1.597416E-05,-1.692038E-05,-.001
3.118559,2.145779E-05,-3.665895E-05,.001
3.11956,-5.006819E-06,-4.938454E-05,-.001
3.12056,6.675749E-06,-5.802169E-06,.002
3.121561,-1.311308E-05,1.692038E-05,-6.66667E-04
3.122561,-6.675749E-06,-5.342095E-06,-.001
3.123562,-1.525891E-05,-2.393514E-06,-3.66667E-03
3.124562,-2.169621E-05,-2.774794E-05,-.001
3.125563,1.764309E-05,-3.74841E-05,-.001
3.126563,-1.621258E-05,-5.472481E-06,.001
3.127564,-5.98433E-05,-5.697861E-06,-6.66667E-04
3.128564,-2.264988E-05,-1.447281E-05,6.66667E-04
3.129565,-2.002728E-05,-3.093868E-06,-.002
3.130565,-3.623986E-05,4.46479E-06,-.001
3.131566,-6.198912E-06,1.884263E-05,.002
3.132566,-4.529982E-06,3.359304E-05,.001
3.133567,-1.33515E-05,2.028991E-05,-6.66667E-04
3.134567,-1.502043E-05,1.819443E-05,-.001
3.135568,-2.455723E-05,5.282491E-06,6.66667E-04
3.136568,-1.549732E-05,-9.182877E-07,.001
3.137569,3.55246E-05,-1.104556E-06,-6.66667E-04
3.138569,3.123307E-05,2.573256E-05,6.66667E-04
3.13957,5.722075E-06,3.63125E-05,-6.66667E-04
3.14057,-2.717983E-05,2.908532E-05,-6.66667E-04
3.141571,-5.483651E-05,1.894508E-05,-.001
3.142571,-2.384197E-05,-9.398966E-06,-6.66667E-04
3.143572,-6.914168E-06,1.664658E-05,-6.66667E-04
3.144572,-4.529982E-06,9.570329E-06,-.001
3.145573,-1.597416E-05,-3.869855E-05,-.001
3.146573,-2.169621E-05,-5.461113E-05,-6.66667E-04
3.147574,-1.764309E-05,-3.687316E-05,6.66667E-04
3.148574,1.120573E-05,-6.388909E-07,-.001
3.149575,7.152586E-06,3.484287E-05,6.66667E-04
3.150575,1.406675E-05,8.04296E-06,6.66667E-04
3.151576,1.859677E-05,5.129754E-06,-.001
3.152576,-1.001364E-05,4.708796E-06,-6.66667E-04
3.153577,-3.17099E-05,-3.028486E-05,-.002
3.154577,-1.072889E-05,-2.722081E-05,-6.66667E-04
3.155578,-8.583127E-06,-4.041404E-05,6.66667E-04
3.156578,1.120573E-05,-4.238845E-05,-6.66667E-04
3.157579,4.410767E-05,5.746289E-06,2.33333E-03
3.158579,9.059964E-06,-1.196569E-05,-6.66667E-04
3.15958,1.978886E-05,-1.618464E-05,-.001
3.16058,4.529976E-05,2.086733E-05,-.002
3.161581,4.83992E-05,2.535072E-05,-.001
3.162581,3.647828E-05,1.102692E-05,-.002
3.163582,1.430519E-06,2.178748E-05,-.002
3.164582,-4.482293E-05,-2.771631E-06,-.001
3.165583,5.006819E-06,-2.670859E-05,6.66667E-04
3.166583,1.6451E-05,-1.097105E-06,.001
3.167584,-1.454359E-05,1.211284E-05,-6.66667E-04
3.168584,1.263624E-05,1.854647E-05,6.66667E-04
3.169585,2.145782E-06,1.554762E-05,-.002
3.170585,-1.883518E-05,1.676388E-06,-6.66667E-04
3.171586,9.77522E-06,-5.02172E-06,-.002
3.172586,1.668937E-06,-2.700854E-07,-2.33333E-03
3.173587,-1.597416E-05,-2.288271E-05,-.001
3.174587,-6.675749E-06,-2.057303E-05,6.66667E-04
3.175588,4.768408E-07,-9.270443E-06,-6.66667E-04
3.176588,2.622619E-06,-1.113123E-05,.002
3.177589,1.716625E-05,-6.722315E-06,-.001
3.178589,-7.867871E-06,-1.633738E-05,6.66667E-04
3.17959,-2.384197E-05,-1.347071E-05,-6.66667E-04
3.18059,-1.33515E-05,1.054263E-05,.001
3.181591,-2.02657E-05,1.550105E-05,6.66667E-04
3.182591,1.001364E-05,1.124485E-05,-2.33333E-03
3.183592,5.960488E-05,2.574932E-05,-.001
3.184592,2.884876E-05,1.017196E-05,-6.66667E-04
3.185593,1.549732E-05,-3.874139E-05,.001
3.186593,-3.2902E-05,-5.461113E-05,-6.66667E-04
3.187594,-4.124665E-05,-5.461113E-05,-.001
3.188594,-1.740467E-05,-3.433251E-05,.001
3.189595,-1.955044E-05,7.385417E-06,6.66667E-04
3.190595,-5.245238E-06,-7.467374E-06,-2.33333E-03
3.191596,1.049048E-05,-8.264615E-06,-6.66667E-04
3.192596,-2.145779E-05,1.616601E-05,-6.66667E-04
3.193597,1.907363E-06,-1.041411E-05,.001
3.194597,3.814721E-05,-1.243135E-05,-.001
3.195598,1.716625E-05,2.035886E-06,-.001
3.196598,5.245238E-06,-8.914678E-06,-2.33333E-03
3.197599,5.722075E-06,8.281379E-06,-3.66667E-03
3.198599,-9.77522E-06,3.095731E-06,-6.66667E-04
3.1996,-1.287466E-05,-1.564447E-05,-6.66667E-04
3.2006,2.479565E-05,-9.119569E-06,6.66667E-04
3.201601,2.694142E-05,-2.429273E-05,3.66667E-03
3.202601,3.361725E-05,-5.029171E-06,-.001
3.203602,9.536816E-07,2.015394E-05,6.66667E-04
3.204602,-1.716625E-05,-1.794111E-05,-.001
3.205603,1.6451E-05,-3.08922E-05,6.66667E-04
3.206603,2.813351E-05,-8.793606E-06,.001
3.207604,2.813351E-05,-3.654524E-06,3.66667E-03
3.208604,2.6703E-05,1.212589E-06,-6.66667E-04
3.209605,3.814726E-06,2.112996E-05,6.66667E-04
3.210605,-1.931202E-05,-3.248468E-06,-.001
3.211606,2.622616E-05,7.011025E-06,-.002
3.212606,4.291564E-06,4.33813E-06,-6.66667E-04
3.213607,-1.6451E-05,-1.303299E-05,.001
3.214607,-2.789509E-05,-1.910713E-05,-2.33333E-03
3.215608,-3.433251E-05,-1.839374E-05,.001
3.216608,0,-1.852599E-05,-.001
3.217609,2.145782E-06,5.375623E-06,6.66667E-04
3.218609,-7.152586E-06,1.036754E-05,-.002
3.21961,-1.358992E-05,9.276009E-07,-6.66667E-04
3.22061,-2.956402E-05,1.291936E-05,-.001
3.221611,-3.314042E-05,8.998497E-06,-.002
3.222611,-1.239782E-05,-5.299255E-06,6.66667E-04
3.223612,-1.168257E-05,5.954906E-06,-6.66667E-04
3.224612,-2.408039E-05,-1.171051E-05,-6.66667E-04
3.225613,-2.861038E-06,1.463859E-05,-.002
3.226614,-3.504776E-05,3.040221E-05,-.001
3.227614,-5.197548E-05,1.697254E-05,-6.66667E-04
3.228614,-1.621258E-05,2.174277E-05,.002
3.229615,-1.168257E-05,4.333653E-05,2.33333E-03
3.230615,-5.722075E-06,1.391774E-05,-.002
3.231616,-1.311308E-05,7.052004E-06,-6.66667E-04
3.232616,-1.001364E-05,1.081271E-05,6.66667E-04
3.233617,-2.741825E-05,-1.247233E-05,6.66667E-04
3.234617,1.144415E-05,-3.22836E-05,-6.66667E-04
3.235618,-1.33515E-05,-3.242702E-05,6.66667E-04
3.236619,-1.835835E-05,-1.840678E-05,6.66667E-04
3.237619,8.583127E-06,1.136219E-05,-6.66667E-04
3.238619,1.1921E-06,4.922436E-05,-.002
3.23962,-1.597416E-05,5.460926E-05,6.66667E-04
3.24062,-1.931202E-05,3.614672E-05,6.66667E-04
3.241621,-3.576302E-05,1.740281E-05,-.001
3.242621,-5.245238E-06,1.113123E-05,.002
3.243622,1.525891E-05,-1.22004E-06,-6.66667E-04
3.244622,-7.629453E-06,-1.395128E-06,-.001
3.245623,3.314042E-05,-2.646272E-05,-.002
3.246624,3.886246E-05,-1.843285E-05,6.66667E-04
3.247624,2.002728E-05,-2.179493E-05,-.001
3.248624,5.126023E-05,-1.008814E-05,.001
3.249625,4.100823E-05,2.027501E-05,6.66667E-04
3.250625,2.908718E-05,2.967205E-05,6.66667E-04
3.251626,4.148507E-05,2.038863E-05,.001
3.252626,3.814726E-06,2.01707E-05,-6.66667E-04
3.253627,-1.788151E-05,-8.259027E-06,.001
3.254627,1.001364E-05,-1.125416E-05,.001
3.255628,-2.050411E-05,-5.155831E-06,-.001
3.256629,-4.529982E-06,1.113123E-05,-.001
3.257629,-1.478201E-05,5.460926E-05,-2.33333E-03
3.258629,-4.506134E-05,3.484474E-05,6.66667E-04
3.25963,-3.337883E-05,1.150748E-05,-3.66667E-03
3.26063,-2.28883E-05,2.557051E-05,6.66667E-04
3.261631,-3.647828E-05,1.021108E-05,-6.66667E-04
3.262631,-2.527249E-05,3.15404E-05,-.001
3.263632,-2.789509E-05,4.867115E-05,-.002
3.264632,-4.935288E-05,1.285976E-05,-6.66667E-04
3.265633,-7.867871E-06,-1.026696E-05,.001
3.266634,4.768408E-07,-4.643603E-06,2.33333E-03
3.267634,4.291564E-06,-1.832668E-05,-.001
3.268634,3.93393E-05,-4.179805E-06,.001
3.269635,2.6703E-05,1.189864E-05,-6.66667E-04
3.270635,-1.33515E-05,-2.059352E-05,-6.66667E-04
3.271636,-1.835835E-05,-2.816331E-05,-6.66667E-04
3.272636,2.145782E-06,1.153542E-05,.001
3.273637,2.193463E-05,2.95752E-05,-.002
3.274637,1.430517E-05,3.041897E-05,-6.66667E-04
3.275638,-3.886246E-05,2.93405E-05,.001
3.276639,-4.744553E-05,1.38898E-05,6.66667E-04
3.277639,-1.90736E-05,2.621871E-05,-.001
3.278639,-2.002728E-05,3.56494E-05,.002
3.27964,2.694142E-05,1.61269E-05,.001
3.28064,2.646458E-05,3.874511E-05,6.66667E-04
3.281641,5.245238E-06,3.477209E-05,-.001
3.282641,6.914168E-06,-7.575407E-06,-2.33333E-03
3.283642,-1.835835E-05,-1.764495E-05,-.001
3.284642,-3.480935E-05,-4.087412E-05,-6.66667E-04
3.285643,-2.503407E-05,-5.461113E-05,.001
3.286644,-4.768408E-07,-3.721588E-05,6.66667E-04
3.287644,3.099456E-06,-3.817142E-05,-.001
3.288644,1.478201E-05,-1.406862E-05,-.001
3.289645,-7.152594E-07,1.501299E-06,6.66667E-04
3.290645,-5.245238E-06,-1.586985E-05,.002
3.291646,-6.198912E-06,-1.171237E-05,6.66667E-04
3.292646,-1.955044E-05,1.497014E-05,-6.66667E-04
3.293647,-1.621258E-05,1.580652E-05,-6.66667E-04
3.294647,1.6451E-05,3.989995E-05,2.33333E-03
3.295648,-4.053145E-06,3.156648E-05,-6.66667E-04
3.296649,-4.053145E-06,3.247359E-05,.001
3.297649,1.001364E-05,2.933678E-05,2.33333E-03
3.298649,1.1921E-06,-4.036381E-06,-.001
3.29965,-2.074253E-05,-7.441296E-06,-.002
3.30065,-7.152594E-07,2.040912E-05,-6.66667E-04
3.301651,-1.525891E-05,1.280388E-05,-6.66667E-04
3.302651,-1.072889E-05,1.605053E-05,-6.66667E-04
3.303652,-4.053145E-06,1.711596E-05,6.66667E-04
3.304652,-9.536816E-07,-1.507445E-05,-.002
3.305653,-4.768401E-06,-3.048789E-05,-.001
3.306653,-2.050411E-05,-2.963294E-05,-.001
3.307654,-4.3154E-05,-3.007438E-05,2.33333E-03
3.308654,-5.006813E-05,5.278765E-06,-.001
3.309655,-4.982972E-05,2.672162E-05,-6.66667E-04
3.310655,-2.503407E-05,6.064802E-06,-.001
3.311656,-9.536801E-06,2.365198E-05,.001
3.312656,-1.1921E-06,1.571712E-05,-.001
3.313657,1.049048E-05,-2.641988E-05,6.66667E-04
3.314657,4.053145E-06,-3.31013E-05,-3.66667E-03
3.315658,-2.741825E-05,-2.4045E-05,.001
3.316658,1.549732E-05,-1.890596E-05,.001
3.317659,3.194832E-05,-5.420326E-06,-6.66667E-04
3.318659,2.598774E-05,-1.331238E-05,-6.66667E-04
3.31966,5.340599E-05,-2.717238E-05,6.66667E-04
3.32066,4.482293E-05,-1.333661E-06,.001
3.321661,3.743195E-05,2.099772E-05,.001
3.322661,4.529976E-05,1.403509E-05,-.001
3.323662,4.482293E-05,2.274304E-06,.001
3.324662,5.149865E-05,-1.444301E-05,6.66667E-04
3.325663,6.437348E-05,-5.602866E-06,6.66667E-04
3.326663,4.768408E-07,2.689112E-05,.002
3.327664,-1.215941E-05,5.252696E-07,-.002
3.328664,2.455723E-05,-2.359986E-06,.001
3.329665,1.358992E-05,1.177384E-05,-.001
3.330665,-1.263624E-05,2.397608E-05,-.001
3.331666,-8.10629E-06,3.290386E-05,6.66667E-04
3.332666,-4.768401E-06,2.755795E-05,.001
3.333667,-1.430519E-06,6.552815E-06,.001
3.334667,2.622619E-06,6.64781E-06,.002
3.335668,-1.740467E-05,3.261329E-05,.001
3.336668,-1.120573E-05,4.460686E-05,-.001
3.337669,-2.145782E-06,4.227855E-05,-6.66667E-04
3.338669,-2.360356E-05,1.038803E-05,-.001
3.33967,-1.096731E-05,-5.694135E-06,-6.66667E-04
3.34067,-2.02657E-05,2.664339E-05,-6.66667E-04
3.341671,-5.817437E-05,1.904753E-05,-.001
3.342671,-4.172348E-05,1.67453E-05,-.001
3.343672,-2.837193E-05,4.243135E-06,-.002
3.344672,-5.483656E-06,-1.320435E-05,-6.66667E-04
3.345673,7.295655E-05,-6.953283E-06,-6.66667E-04
3.346673,2.360356E-05,-6.277143E-06,-6.66667E-04
3.347674,1.788151E-05,-4.787034E-07,.001
3.348674,4.83992E-05,1.340179E-05,6.66667E-04
3.349675,2.02657E-05,2.26089E-05,-.001
3.350675,1.382834E-05,-9.853466E-07,-6.66667E-04
3.351676,1.382834E-05,-2.02471E-06,-.001
3.352676,-2.622616E-05,-9.702577E-06,-6.66667E-04
3.353677,-1.573574E-05,-7.38728E-06,-.002
3.354677,-1.144415E-05,4.880167E-07,-.001
3.355678,-4.029297E-05,-1.67453E-05,-.001
3.356678,-5.483656E-06,-1.545448E-05,-6.66667E-04
3.357679,-1.1921E-06,2.605852E-05,-6.66667E-04
3.358679,-9.536801E-06,2.202776E-05,6.66667E-04
3.35968,-2.217304E-05,-4.762813E-06,-.001
3.36068,-1.096731E-05,9.859039E-06,-6.66667E-04
3.361681,-1.287466E-05,1.281507E-06,.001
3.362681,3.099456E-06,-3.465475E-05,.001
3.363682,-2.312672E-05,-4.982972E-05,.001
3.364682,-3.838562E-05,-3.802055E-05,-.001
3.365683,-2.3842E-06,-1.253752E-05,-6.66667E-04
3.366683,1.049048E-05,2.846692E-05,6.66667E-04
3.367684,2.3842E-06,-7.633178E-06,.001
3.368684,1.549732E-05,8.832722E-06,-.002
3.369685,2.527249E-05,-2.866625E-06,6.66667E-04
3.370685,7.867871E-06,-1.872343E-05,-.001
3.371686,-2.956402E-05,2.938707E-05,-6.66667E-04
3.372686,-3.2902E-05,2.999429E-05,-.001
3.373687,3.814726E-06,-1.080341E-06,-.001
3.374687,3.743195E-05,1.36756E-05,6.66667E-04
3.375688,-6.914168E-06,3.227615E-05,-.001
3.376688,-2.455723E-05,7.385417E-06,-.001
3.377689,-4.482293E-05,2.784852E-05,-2.33333E-03
3.378689,-4.863762E-05,4.641921E-05,.002
3.37969,-1.883518E-05,1.623679E-05,-6.66667E-04
3.38069,0,-3.209352E-06,-6.66667E-04
3.381691,-1.263624E-05,-2.427225E-05,6.66667E-04
3.382691,1.430517E-05,5.794718E-06,3.66667E-03
3.383692,1.215941E-05,4.673959E-05,.002
3.384692,-9.536801E-06,2.083753E-05,6.66667E-04
3.385693,1.740467E-05,1.83658E-05,-.001
3.386693,2.074253E-05,2.971303E-05,-.002
3.387694,2.622616E-05,1.036195E-05,-.001
3.388694,4.243874E-05,2.872024E-05,.002
3.389695,6.437331E-06,1.480064E-05,-6.66667E-04
3.390696,-1.764309E-05,-9.669049E-06,-.001
3.391696,-1.025206E-05,5.081325E-06,6.66667E-04
3.392696,1.382834E-05,1.702842E-05,.002
3.393697,4.696869E-05,-2.292555E-05,6.66667E-04
3.394697,4.506134E-05,-3.424124E-05,.001
3.395698,1.907363E-06,-3.025879E-05,-6.66667E-04
3.396698,-2.884876E-05,-3.846199E-05,6.66667E-04
3.397699,-1.502043E-05,-2.305594E-05,-6.66667E-04
3.398699,8.583127E-06,-3.496394E-05,-.002
3.3997,3.981614E-05,-4.230835E-05,-6.66667E-04
3.400701,3.743195E-05,1.377991E-05,.001
3.401701,-1.668937E-06,1.43238E-05,-.002
3.402701,1.978886E-05,-1.540415E-06,6.66667E-04
3.403702,8.10629E-06,4.489004E-06,6.66667E-04
3.404702,1.406675E-05,-6.040587E-06,6.66667E-04
3.405703,4.410767E-05,8.329807E-06,6.66667E-04
3.406703,3.242516E-05,1.456594E-05,-6.66667E-04
3.407704,-9.77522E-06,1.309259E-05,-2.33333E-03
3.408704,-1.454359E-05,4.658871E-05,-6.66667E-04
3.409705,-1.120573E-05,3.906176E-05,.001
3.410706,-3.838562E-05,1.619768E-05,-6.66667E-04
3.411706,-9.536816E-07,5.954906E-06,-.002
3.412706,1.311308E-05,2.408226E-05,.002
3.413707,3.719353E-05,1.315778E-05,-.002
3.414707,2.098095E-05,3.219233E-05,-.001
3.415708,0,3.04674E-05,-5.33333E-03
3.416708,3.576293E-06,-1.301996E-06,-.002
3.417709,1.287466E-05,1.49571E-05,-6.66667E-04
3.418709,6.437331E-06,7.005438E-06,-3.66667E-03
3.41971,8.344708E-06,6.988674E-06,-6.66667E-04
3.420711,2.598774E-05,1.363276E-05,-6.66667E-04
3.421711,-1.382834E-05,-2.659872E-06,2.33333E-03
3.422711,2.861038E-06,-3.0175E-06,-.001
3.423712,1.931202E-05,8.884876E-06,6.66667E-04
3.424712,-1.1921E-06,-1.309632E-05,-2.33333E-03
3.425713,2.145779E-05,-4.826143E-06,-.001
3.426713,1.382834E-05,2.134606E-06,-.001
3.427714,6.437331E-06,-9.769632E-06,-.001
3.428714,-4.768408E-07,-3.357441E-05,-2.33333E-03
3.429715,-1.001364E-05,-3.61728E-05,-.004
3.430716,2.28883E-05,-4.101382E-05,.002
3.431716,3.433251E-05,-3.927411E-05,-.001
3.432716,1.311308E-05,-2.732326E-05,.002
3.433717,1.096731E-05,-4.816829E-06,-6.66667E-04
3.434717,1.525891E-05,4.892633E-05,-.001
3.435718,-2.6703E-05,2.860662E-05,-.001
3.436718,-2.717983E-05,-6.524875E-06,-6.66667E-04
3.437719,-2.3842E-06,2.11728E-05,-.001
3.438719,-1.454359E-05,2.755423E-05,-6.66667E-04
3.43972,1.430519E-06,3.220909E-05,-.002
3.440721,1.049048E-05,5.460926E-05,-.002
3.441721,1.502043E-05,2.796401E-05,-.001
3.442721,6.938027E-05,3.898167E-05,-.001
3.443722,5.173706E-05,3.818073E-05,-.002
3.444722,3.433251E-05,3.095731E-06,-.001
3.445723,2.741825E-05,-6.668306E-07,-6.66667E-04
3.446723,-1.788151E-05,2.216746E-05,-.001
3.447724,-2.384197E-05,-2.63007E-06,6.66667E-04
3.448724,-2.598774E-05,-1.234381E-05,6.66667E-04
3.449725,-1.668942E-05,2.611254E-05,-.001
3.450726,7.867871E-06,-1.15671E-06,-.001
3.451726,2.765667E-05,1.289515E-05,2.33333E-03
3.452726,3.099456E-06,2.482918E-05,-6.66667E-04
3.453727,-1.382834E-05,1.625915E-05,-.001
3.454727,-1.978886E-05,3.558607E-05,6.66667E-04
3.455728,-2.193463E-05,1.640257E-05,-3.66667E-03
3.456728,1.311308E-05,6.713002E-06,-.002
3.457729,2.3842E-06,1.89041E-05,-6.66667E-04
3.458729,0,-2.719476E-06,-6.66667E-04
3.45973,1.287466E-05,-2.739404E-05,-.001
3.460731,4.529982E-06,-1.217058E-05,-6.66667E-04
3.461731,-1.263624E-05,2.283242E-05,-.002
3.462731,-1.1921E-06,2.395187E-05,-.002
3.463732,-7.867871E-06,3.842101E-05,-.001
3.464732,-1.573574E-05,3.787712E-05,-.001
3.465733,-3.576293E-06,1.882773E-05,-.001
3.466733,-3.027928E-05,-6.554677E-06,6.66667E-04
3.467734,-5.006819E-06,-3.627152E-05,-6.66667E-04
3.468734,2.360356E-05,-8.77498E-06,6.66667E-04
3.469735,1.573574E-05,-6.2045E-06,-6.66667E-04
3.470736,-1.740467E-05,-3.228546E-05,-6.66667E-04
3.471736,-2.121937E-05,7.528841E-06,6.66667E-04
3.472736,-2.717983E-05,1.215382E-05,-3.66667E-03
3.473737,1.764309E-05,-7.364928E-06,-.001
3.474737,2.241146E-05,9.704439E-06,.001
3.475738,-5.960494E-06,-3.511101E-06,-.001
3.476738,-1.740467E-05,-5.46503E-06,-6.66667E-04
3.477739,-2.312672E-05,3.30715E-05,-.001
3.478739,-4.863762E-05,1.916487E-05,6.66667E-04
3.47974,-1.907363E-06,3.917172E-06,6.66667E-04
3.480741,2.861038E-06,3.669434E-05,-.001
3.481741,-1.001364E-05,1.819443E-05,-6.66667E-04
3.482741,-1.215941E-05,1.971622E-05,6.66667E-04
3.483742,-1.049048E-05,1.755927E-05,-6.66667E-04
3.484742,-2.503407E-05,-1.112564E-05,-.001
3.485743,-9.059964E-06,-1.068605E-05,-.002
3.486743,-6.198912E-06,-8.435978E-06,-.002
3.487744,0,-8.933304E-06,.001
3.488744,2.360356E-05,-5.984708E-06,-6.66667E-04
3.489745,-2.360356E-05,-1.45287E-06,-.002
3.490746,-3.123307E-05,-9.452982E-06,.001
3.491746,-1.621258E-05,6.705552E-06,-.002
3.492746,-1.883518E-05,1.644169E-05,-.001
3.493747,-2.789509E-05,1.022412E-05,-6.66667E-04
3.494747,-2.312672E-05,2.801244E-05,-.004
3.495748,-2.264988E-05,4.018121E-05,-.001
3.496748,1.668942E-05,5.460926E-05,6.66667E-04
3.497749,1.144415E-05,5.460926E-05,-.001
3.498749,1.931202E-05,3.384077E-05,-.001
3.49975,4.410767E-05,3.281073E-05,-6.66667E-04
3.500751,2.193463E-05,4.067854E-05,.001
3.501751,6.198912E-06,5.14838E-06,.001
3.502751,1.811993E-05,-1.056871E-05,-6.66667E-04
3.503752,1.6451E-05,-1.658697E-05,.001
3.504752,8.10629E-06,-2.17465E-05,6.66667E-04
3.505753,1.215941E-05,-1.094496E-05,-6.66667E-04
3.506753,-8.10629E-06,-1.808636E-06,-6.66667E-04
3.507754,-4.482293E-05,-3.926479E-05,-.002
3.508754,-1.573574E-05,-2.855633E-05,6.66667E-04
3.509755,-8.10629E-06,2.959758E-06,.001
3.510756,-1.740467E-05,6.947703E-07,-6.66667E-04
3.511756,-7.391005E-06,3.194451E-06,-6.66667E-04
3.512756,-9.298383E-06,2.836823E-06,-6.66667E-04
3.513757,-2.408039E-05,2.161239E-05,-.001
3.514757,-8.821546E-06,2.763991E-05,6.66667E-04
3.515758,-6.675749E-06,1.521601E-05,-.001
3.516758,2.455723E-05,1.071027E-05,-6.66667E-04
3.517759,2.622619E-06,3.007625E-05,-6.66667E-04
3.518759,-3.266358E-05,1.133612E-05,-.001
3.51976,-3.719353E-05,-2.311557E-06,-.001
3.520761,-3.385567E-05,-1.871411E-05,6.66667E-04
3.521761,-1.6451E-05,-5.461113E-05,-.002
3.522761,9.536801E-06,-4.607835E-05,.001
3.523762,-1.955044E-05,-1.21445E-05,-6.66667E-04
3.524762,-4.172348E-05,-2.6947E-05,-2.33333E-03
3.525763,-2.694142E-05,-1.653668E-05,-.001
3.526763,1.430517E-05,-1.634855E-05,-.002
3.527764,2.765667E-05,-1.046812E-05,6.66667E-04
3.528764,3.743195E-05,2.939269E-06,-6.66667E-04
3.529765,1.931202E-05,-3.622859E-06,-6.66667E-04
3.530766,2.813351E-05,-2.376933E-05,6.66667E-04
3.531766,5.006819E-06,-2.358493E-05,-6.66667E-04
3.532766,-2.28883E-05,-2.038863E-05,-6.66667E-04
3.533767,2.02657E-05,-4.215562E-05,-6.66667E-04
3.534767,-5.483656E-06,8.344687E-07,.001
3.535768,-4.005455E-05,1.962495E-05,-2.33333E-03
3.536768,-1.144415E-05,1.202902E-05,6.66667E-04
3.537769,-7.152594E-07,-2.967208E-06,-.001
3.538769,3.576293E-06,-5.065301E-05,-6.66667E-04
3.53977,1.931202E-05,-3.041152E-05,-6.66667E-04
3.540771,3.194832E-05,-8.275791E-06,.001
3.541771,2.145779E-05,1.401274E-05,-6.66667E-04
3.542771,7.152586E-06,5.306513E-05,6.66667E-04
3.543772,9.536816E-07,3.457279E-05,-6.66667E-04
3.544772,1.955044E-05,-2.74406E-05,-2.33333E-03
3.545773,2.264988E-05,-1.206069E-05,-.001
3.546773,-1.573574E-05,-6.42988E-06,-.001
3.547774,-3.814721E-05,-1.583633E-05,-6.66667E-04
3.548774,-5.555176E-05,-7.286697E-06,6.66667E-04
3.549775,-5.173706E-05,2.406552E-06,.002
3.550776,-9.298383E-06,-9.067415E-06,.002
3.551776,1.811993E-05,-1.251331E-05,-.002
3.552776,-1.287466E-05,-2.173905E-05,-6.66667E-04
3.553777,1.406675E-05,-3.240467E-05,-.001
3.554777,1.478201E-05,2.34918E-05,.001
3.555778,-2.169621E-05,3.498816E-05,-.001
3.556778,1.049048E-05,3.022526E-05,-6.66667E-04
3.557779,-4.053145E-06,4.135468E-05,-6.66667E-04
3.558779,3.337875E-06,9.991287E-06,-.001
3.55978,2.217304E-05,1.486955E-05,6.66667E-04
3.560781,-1.192099E-05,9.894429E-06,-6.66667E-04
3.561781,-3.123307E-05,-1.721282E-05,6.66667E-04
3.562781,-2.336514E-05,-1.735252E-05,-.002
3.563782,-1.90736E-05,-1.421204E-05,-6.66667E-04
3.564783,5.483656E-06,-1.375197E-05,-.002
3.565783,2.098095E-05,3.29169E-05,.001
3.566783,5.006819E-06,-5.548849E-06,-.002
3.567784,4.529982E-06,-4.177378E-05,6.66667E-04
3.568784,1.931202E-05,-2.469507E-05,2.33333E-03
3.569785,1.716625E-05,-2.066058E-05,6.66667E-04
3.570786,4.100823E-05,-1.477456E-05,-.001
3.571786,3.695511E-05,7.767267E-07,-.002
3.572786,1.311308E-05,-1.019059E-05,-2.33333E-03
3.573787,3.719353E-05,-2.041098E-05,6.66667E-04
3.574788,4.529976E-05,2.91878E-06,.001
3.575788,2.884876E-05,-1.930457E-05,-6.66667E-04
3.576788,4.410767E-05,-1.95821E-05,6.66667E-04
3.577789,9.77522E-06,-1.990062E-05,-2.33333E-03
3.578789,3.814726E-06,-3.728666E-05,-6.66667E-04
3.57979,1.6451E-05,-2.42145E-05,6.66667E-04
3.580791,1.120573E-05,-1.011424E-06,-.001
3.581791,2.145779E-05,-1.303671E-05,.002
3.582791,2.765667E-05,5.347683E-06,.001
3.583792,-1.549732E-05,6.269693E-06,-.001
3.584793,2.384204E-07,5.56375E-06,.002
3.585793,3.099465E-05,-1.021294E-05,6.66667E-04
3.586793,1.907363E-06,-2.087664E-05,-.002
3.587794,1.1921E-06,-2.878171E-05,6.66667E-04
3.588794,1.502043E-05,1.154845E-07,-6.66667E-04
3.589795,-2.002728E-05,1.825031E-05,6.66667E-04
3.590796,-2.336514E-05,-1.672663E-06,-.001
3.591796,-2.503407E-05,-1.760207E-06,-.002
3.592796,-2.3842E-06,-7.938652E-06,-.001
3.593797,1.764309E-05,-6.52115E-06,-.001
3.594798,-1.811993E-05,1.749408E-05,-2.33333E-03
3.595798,-2.241146E-05,1.057429E-05,-.001
3.596798,4.768408E-07,-1.660187E-05,.001
3.597799,7.629453E-06,-1.36756E-05,-.002
3.598799,2.145782E-06,3.775596E-06,6.66667E-04
3.5998,-3.099456E-06,1.929153E-05,6.66667E-04
3.600801,-2.837193E-05,2.056558E-05,6.66667E-04
3.601801,4.768408E-07,-1.359737E-05,-6.66667E-04
3.602801,1.6451E-05,4.025205E-06,-.002
3.603802,-5.245238E-06,1.568354E-06,6.66667E-04
3.604803,-1.072889E-05,-1.002668E-05,6.66667E-04
3.605803,-3.099465E-05,-7.903262E-06,-.002
3.606803,-2.908718E-05,2.559289E-06,-.001
3.607804,-1.835835E-05,4.217058E-06,-6.66667E-04
3.608804,2.646458E-05,3.15553E-05,6.66667E-04
3.609805,2.861035E-05,7.055729E-06,-.002
3.610806,3.981614E-05,1.436107E-06,-.001
3.611806,1.239782E-05,2.099216E-06,6.66667E-04
3.612806,-1.668942E-05,-1.974415E-05,-.001
3.613807,1.144415E-05,-1.258036E-05,-6.66667E-04
3.614808,1.978886E-05,1.402205E-05,.001
3.615808,8.821546E-06,7.223367E-06,-.002
3.616808,4.863762E-05,3.235438E-05,.001
3.617809,2.861035E-05,4.047924E-05,6.66667E-04
3.618809,1.215941E-05,1.895253E-05,-6.66667E-04
3.61981,1.549732E-05,3.357627E-05,6.66667E-04
3.620811,1.144415E-05,2.828625E-05,-6.66667E-04
3.621811,2.622619E-06,1.27629E-05,-6.66667E-04
3.622811,9.77522E-06,2.865132E-05,-.002
3.623812,3.2902E-05,1.565006E-05,.001
3.624813,2.694142E-05,4.557922E-06,.001
3.625813,2.169621E-05,3.12163E-05,.001
3.626813,-1.907363E-06,4.555681E-05,-.001
3.627814,8.344708E-06,3.247731E-05,.001
3.628814,-1.430517E-05,3.570342E-05,-.002
3.629815,-1.6451E-05,1.30721E-05,-6.66667E-04
3.630816,1.049048E-05,-4.651054E-06,6.66667E-04
3.631816,-1.454359E-05,-7.767267E-07,-.002
3.632816,-3.194832E-05,6.316259E-06,.001
3.633817,-2.622616E-05,1.630199E-05,-6.66667E-04
3.634818,-3.576302E-05,4.251883E-05,-.001
3.635818,-2.598774E-05,3.488385E-05,6.66667E-04
3.636818,4.529982E-06,3.835023E-05,6.66667E-04
3.637819,-3.266358E-05,4.434236E-05,-.001
3.638819,-3.528618E-05,1.570035E-05,-.001
3.63982,1.168257E-05,5.135342E-06,-.002
3.640821,-1.120573E-05,-7.966592E-06,.001
3.641821,2.384197E-05,-2.235931E-05,-6.66667E-04
3.642821,4.243874E-05,7.942377E-06,-6.66667E-04
3.643822,5.245238E-06,1.138455E-05,-.001
3.644823,-6.675749E-06,-2.636772E-05,-6.66667E-04
3.645823,6.437331E-06,-1.55234E-05,-6.66667E-04
3.646823,1.478201E-05,-1.524953E-05,-3.66667E-03
3.647824,5.149865E-05,-2.674398E-05,6.66667E-04
3.648824,3.814721E-05,-2.039794E-05,-6.66667E-04
3.649825,-2.622619E-06,-1.860422E-05,.001
3.650826,2.264988E-05,-3.169128E-05,6.66667E-04
3.651826,2.93256E-05,-6.988674E-06,.001
3.652826,2.264988E-05,1.86079E-06,-2.33333E-03
3.653827,7.629453E-06,1.380598E-05,-.004
3.654828,-1.573574E-05,1.381902E-05,-6.66667E-04
3.655828,-3.266358E-05,-1.105113E-05,-6.66667E-04
3.656828,-4.529982E-06,-9.900017E-06,-.001
3.657829,-6.675749E-06,1.93381E-05,-.001
3.658829,-1.072889E-05,1.705822E-05,-6.66667E-04
3.65983,1.168257E-05,2.492231E-05,-.001
3.66083,-8.583127E-06,1.511542E-05,.001
3.661831,8.10629E-06,-1.900096E-05,6.66667E-04
3.662831,3.409409E-05,-6.083428E-06,2.33333E-03
3.663832,2.312672E-05,-1.574506E-05,-3.66667E-03
3.664833,2.431881E-05,-3.277534E-05,-6.66667E-04
3.665833,-5.006819E-06,2.322916E-05,6.66667E-04
3.666833,-5.722075E-06,1.718116E-05,.002
3.667834,-3.099456E-06,3.276416E-05,-.001
3.668834,-6.198912E-06,2.309692E-05,.002
3.669835,-9.059964E-06,9.32446E-06,.001
3.670835,1.311308E-05,-7.564231E-06,-3.66667E-03
3.671836,-2.622619E-06,-2.272252E-05,2.33333E-03
3.672836,2.622619E-06,-5.774236E-07,.001
3.673837,4.911446E-05,3.079721E-05,-.002
3.674838,2.741825E-05,2.796773E-05,-6.66667E-04
3.675838,-1.478201E-05,-1.875882E-05,.001
3.676838,-7.629453E-06,-1.250586E-05,-6.66667E-04
3.677839,-1.525891E-05,-1.080154E-05,-6.66667E-04
3.678839,1.049048E-05,-2.617401E-05,6.66667E-04
3.67984,3.123307E-05,-1.632434E-05,-6.66667E-04
3.68084,-9.059964E-06,4.475965E-06,6.66667E-04
3.681841,-3.767037E-05,1.802866E-05,-.001
3.682841,-1.6451E-05,3.623613E-05,-3.66667E-03
3.683842,-2.741825E-05,5.37376E-06,-.001
3.684843,-1.740467E-05,-1.923379E-05,-.001
3.685843,-9.298383E-06,6.474584E-06,-.002
3.686843,-3.361725E-05,2.520916E-05,-6.66667E-04
3.687844,-3.051781E-05,8.896051E-06,-.001
3.688844,-1.6451E-05,3.481298E-06,6.66667E-04
3.689845,-9.059964E-06,6.01451E-06,6.66667E-04
3.690845,4.768401E-06,-1.894881E-05,-6.66667E-04
3.691846,-3.337875E-06,-2.332975E-05,-.002
3.692847,-7.629453E-06,-1.674902E-05,-.001
3.693847,1.430517E-05,-1.771015E-05,-6.66667E-04
3.694848,7.152586E-06,-8.147268E-06,-.001
3.695848,2.28883E-05,-9.831099E-06,.002
3.696848,3.576302E-05,4.587724E-06,.002
3.697849,1.358992E-05,-4.204019E-06,-6.66667E-04
3.698849,2.264988E-05,-5.461113E-05,-6.66667E-04
3.69985,1.33515E-05,-5.461113E-05,-6.66667E-04
3.70085,-4.053145E-06,-5.461113E-05,.002
3.701851,-1.955044E-05,-4.373514E-05,6.66667E-04
3.702852,-2.861038E-06,-7.016613E-06,-.002
3.703852,-2.121937E-05,-1.810689E-05,-2.33333E-03
3.704853,-1.859677E-05,-2.469879E-05,.001
3.705853,-4.053145E-06,5.913927E-06,6.66667E-04
3.706853,5.006819E-06,-1.997885E-05,-.001
3.707854,2.622619E-06,-2.725248E-05,6.66667E-04
3.708854,-3.886246E-05,1.878117E-05,-.002
3.709855,-2.312672E-05,-3.285721E-06,-6.66667E-04
3.710855,1.049048E-05,-6.040587E-06,-6.66667E-04
3.711856,-1.263624E-05,-8.398725E-06,-2.33333E-03
3.712857,6.437331E-06,-2.7815E-05,-.001
3.713857,3.266358E-05,-1.67453E-05,-.001
3.714858,1.430519E-06,-1.635042E-05,-.001
3.715858,1.525891E-05,-3.356324E-05,6.66667E-04
3.716858,1.430517E-05,-3.082887E-05,-.002
3.717859,-3.504776E-05,-3.10319E-05,-6.66667E-04
3.718859,-2.28883E-05,-3.641867E-05,-.001
3.71986,-3.671669E-05,9.041338E-06,-6.66667E-04
3.72086,-3.147149E-05,-5.485519E-06,-.002
3.721861,-1.33515E-05,-4.91555E-06,.002
3.722862,-1.263624E-05,-1.639139E-05,.001
3.723862,-4.529982E-06,-1.621444E-05,6.66667E-04
3.724863,1.978886E-05,4.600763E-06,-.001
3.725863,4.053145E-06,7.107883E-06,-.002
3.726863,5.960494E-06,-3.611878E-05,-6.66667E-04
3.727864,1.859677E-05,-3.094436E-05,-.001
3.728864,-8.344708E-06,-2.144289E-05,-2.33333E-03
3.729865,-1.502043E-05,-3.003154E-05,-.002
3.730865,-1.525891E-05,-1.944616E-06,.001
3.731866,-2.360356E-05,2.188247E-05,6.66667E-04
3.732867,-2.956402E-05,1.88594E-05,-2.33333E-03
3.733867,-2.980244E-05,1.27778E-05,-6.66667E-04
3.734868,-2.6703E-05,4.681223E-05,-6.66667E-04
3.735868,-2.789509E-05,4.2286E-05,-.002
3.736868,-4.053139E-05,5.402439E-05,-6.66667E-04
3.737869,-6.270455E-05,5.054683E-05,-.001
3.73887,-4.553818E-05,5.206116E-05,-6.66667E-04
3.73987,-3.623986E-05,5.460926E-05,-.002
3.74087,-2.6703E-05,3.946968E-05,6.66667E-04
3.741871,-1.740467E-05,2.743502E-05,-.002
3.742872,-3.075623E-05,1.394941E-05,.002
3.743872,-2.55109E-05,-1.838815E-05,-2.33333E-03
3.744873,2.479565E-05,-2.42294E-05,-6.66667E-04
3.745873,4.649186E-05,-2.749279E-06,6.66667E-04
3.746873,9.059964E-06,-1.147954E-05,-2.33333E-03
3.747874,1.788151E-05,-7.1619E-06,2.33333E-03
3.748875,6.437331E-06,-1.28579E-05,-6.66667E-04
3.749875,-1.525891E-05,-3.786595E-05,-.002
3.750875,2.098095E-05,-8.257164E-06,-.001
3.751876,1.215941E-05,1.289515E-05,-.002
3.752877,0,2.272625E-05,-.001
3.753877,-3.433251E-05,3.10766E-05,-6.66667E-04
3.754878,-7.939385E-05,1.010305E-05,.002
3.755878,-3.790879E-05,1.455104E-05,-.001
3.756878,-2.408039E-05,3.439025E-05,-6.66667E-04
3.757879,-4.053145E-06,2.285291E-05,-.002
3.75888,-5.483656E-06,6.375863E-06,-3.66667E-03
3.75988,-2.908718E-05,-3.907859E-06,-.002
3.76088,-4.506134E-05,-3.278651E-05,-6.66667E-04
3.761881,-6.675749E-06,-1.600769E-05,-.001
3.762882,-1.835835E-05,3.188863E-06,.001
3.763882,-3.767037E-05,-1.878489E-05,-6.66667E-04
3.764883,-3.457093E-05,-2.881151E-05,6.66667E-04
3.765883,-4.339241E-05,-1.036195E-05,-6.66667E-04
3.766883,-2.622616E-05,-9.90933E-06,6.66667E-04
3.767884,-3.337875E-06,-1.192471E-05,-.001
3.768885,-6.675749E-06,9.166135E-06,-6.66667E-04
3.769885,9.059964E-06,1.999002E-05,-.001
3.770885,-1.001364E-05,2.635841E-05,-6.66667E-04
3.771886,-2.622616E-05,2.508995E-05,-.001
3.772887,1.358992E-05,8.527248E-06,.001
3.773887,3.409409E-05,2.695259E-05,-.002
3.774888,1.716625E-05,1.415244E-05,-.002
3.775888,-1.668942E-05,-3.167824E-05,-.001
3.776888,-2.884876E-05,-2.575305E-05,6.66667E-04
3.777889,-1.502043E-05,-3.603869E-05,-.002
3.77889,2.145782E-06,-7.078088E-07,6.66667E-04
3.77989,1.573574E-05,4.01719E-05,-.002
3.78089,1.478201E-05,2.305408E-05,.001
3.781891,2.145779E-05,1.623866E-05,-3.66667E-03
3.782892,1.287466E-05,1.087792E-06,.001
3.783892,1.33515E-05,1.024274E-05,.002
3.784893,-3.337875E-06,1.670991E-05,.001
3.785893,-3.027928E-05,1.186512E-06,-.001
3.786893,-2.28883E-05,-2.888229E-05,-.001
3.787894,-4.768408E-07,-4.180358E-05,-6.66667E-04
3.788895,-6.675749E-06,-5.461113E-05,-6.66667E-04
3.789895,-1.668937E-06,-4.243874E-05,6.66667E-04
3.790895,8.821546E-06,2.829742E-05,-.001
3.791896,-3.576302E-05,3.364705E-05,-3.66667E-03
3.792897,-2.717983E-05,2.887857E-05,-6.66667E-04
3.793897,-1.931202E-05,3.800006E-05,-6.66667E-04
3.794898,-2.6703E-05,-1.791872E-06,-.001
3.795898,-7.867871E-06,-1.38153E-05,.001
3.796898,1.406675E-05,5.14093E-06,6.66667E-04
3.797899,-2.145782E-06,-2.398354E-05,-.002
3.7989,2.217304E-05,-2.541963E-05,-.002
3.7999,1.978886E-05,-2.509367E-05,6.66667E-04
3.8009,4.529982E-06,-3.015448E-05,.001
3.801901,-1.549732E-05,-2.540287E-05,-6.66667E-04
3.802902,-5.817437E-05,3.816589E-06,-6.66667E-04
3.803902,-6.103562E-05,-1.609337E-05,-.002
3.804903,-4.19619E-05,-8.164032E-06,6.66667E-04
3.805903,-4.100823E-05,1.528312E-05,-.001
3.806903,-7.391005E-06,4.649191E-06,6.66667E-04
3.807904,1.001364E-05,1.490308E-05,-6.66667E-04
3.808905,9.536801E-06,1.731899E-05,-6.66667E-04
3.809905,3.910088E-05,-2.164408E-06,-.001
3.810905,2.145779E-05,1.271447E-05,-.001
3.811906,-2.3842E-06,-2.638076E-05,6.66667E-04
3.812907,3.981614E-05,-1.531478E-05,-.001
3.813907,4.696869E-05,-1.830806E-05,-6.66667E-04
3.814908,2.074253E-05,-1.944613E-05,6.66667E-04
3.815908,2.050411E-05,-2.264429E-05,-6.66667E-04
3.816908,2.980244E-05,-1.775858E-05,-.002
3.817909,-7.867871E-06,-3.067055E-05,.002
3.81891,-7.629453E-06,-6.33116E-06,.001
3.81991,-1.001364E-05,-5.364454E-07,.001
3.82091,9.298383E-06,1.247047E-05,6.66667E-04
3.821911,2.193463E-05,1.660001E-05,6.66667E-04
3.822912,1.692784E-05,-3.632176E-07,-6.66667E-04
3.823912,2.789509E-05,-4.658505E-06,-6.66667E-04
3.824913,3.027928E-05,-3.825902E-06,-.002
3.825913,-4.053145E-06,-2.126966E-05,-.001
3.826913,1.692784E-05,-3.062398E-05,-.001
3.827914,1.978886E-05,5.820795E-06,.002
3.828915,-1.955044E-05,1.363462E-05,.002
3.829915,1.096731E-05,2.087292E-05,6.66667E-04
3.830915,-3.337875E-06,4.890398E-05,6.66667E-04
3.831916,-1.430517E-05,2.69172E-05,-.001
3.832916,2.598774E-05,4.583999E-06,-6.66667E-04
3.833917,2.431881E-05,-8.029921E-06,6.66667E-04
3.834918,-8.10629E-06,-2.713327E-05,-.002
3.835918,7.867871E-06,-2.03402E-05,-6.66667E-04
3.836918,-1.764309E-05,-3.284612E-05,.002
3.837919,-1.788151E-05,-3.550411E-05,-.002
3.83892,-2.837193E-05,-6.118818E-06,-.002
3.83992,-3.433251E-05,8.093251E-06,6.66667E-04
3.84092,8.10629E-06,-5.304842E-06,6.66667E-04
3.841921,-7.391005E-06,-1.163228E-05,-6.66667E-04
3.842921,-6.198912E-06,-3.635534E-05,.001
3.843922,2.098095E-05,-3.672414E-05,6.66667E-04
3.844923,2.861035E-05,-1.38302E-05,-.001
3.845923,-2.384204E-07,-2.930139E-05,6.66667E-04
3.846923,-3.2902E-05,-1.175707E-05,-.002
3.847924,-1.406675E-05,-4.284113E-06,.001
3.848925,-1.33515E-05,-2.081704E-05,-6.66667E-04
3.849925,-5.245238E-06,-3.131316E-05,-6.66667E-04
3.850925,-4.529982E-06,5.422189E-06,-6.66667E-04
3.851926,1.1921E-06,-1.083134E-05,-6.66667E-04
3.852926,-2.93256E-05,1.347443E-05,.001
3.853927,-4.243874E-05,1.65907E-05,6.66667E-04
3.854928,-3.862404E-05,-3.095553E-05,2.33333E-03
3.855928,1.764309E-05,-1.586427E-05,-.002
3.856929,2.861038E-06,3.650799E-06,-.002
3.857929,-1.811993E-05,1.320062E-05,.001
3.85893,2.336514E-05,2.671417E-05,6.66667E-04
3.85993,8.10629E-06,1.625915E-05,.002
3.86093,-1.239782E-05,4.619378E-07,-.002
3.861931,-6.675749E-06,1.230469E-05,-.001
3.862931,-1.883518E-05,4.91742E-07,6.66667E-04
3.863932,-1.120573E-05,-9.018986E-06,-6.66667E-04
3.864933,-1.287466E-05,-7.614522E-06,6.66667E-04
3.865933,-2.3842E-06,-1.043832E-05,-.001
3.866934,1.859677E-05,-1.203461E-05,-.002
3.867934,2.479565E-05,4.269212E-06,-.001
3.868935,3.576293E-06,5.122311E-07,-.001
3.869935,-1.263624E-05,-1.14963E-05,6.66667E-04
3.870935,-3.123307E-05,-3.037055E-05,-2.33333E-03
3.871936,-2.503407E-05,-5.461113E-05,-.001
3.872936,7.152594E-07,-3.573881E-05,-6.66667E-04
3.873937,-1.525891E-05,-1.48323E-05,6.66667E-04
3.874938,-1.001364E-05,-3.45672E-05,.001
3.875938,-2.384197E-05,-1.296221E-05,-3.66667E-03
3.876939,-4.148507E-05,-1.548801E-05,-.001
3.877939,-2.074253E-05,-5.214312E-05,.001
3.87894,4.768401E-06,-1.448957E-05,-6.66667E-04
3.87994,2.074253E-05,7.493451E-06,6.66667E-04
3.88094,2.598774E-05,-2.870351E-06,.001
3.881941,8.821546E-06,-2.210413E-05,.001
3.882941,-1.668942E-05,-2.334279E-05,.001
3.883942,1.263624E-05,-1.013657E-05,-.002
3.884943,2.002728E-05,-1.190795E-05,.001
3.885943,-7.152594E-07,-3.786772E-06,-.001
3.886944,-7.152594E-07,-7.174938E-06,-.002
3.887944,-3.480935E-05,1.708616E-05,.001
3.888945,-3.862404E-05,-1.243135E-05,-6.66667E-04
3.889945,2.861038E-06,7.879025E-07,-6.66667E-04
3.890945,-2.861038E-06,-1.029676E-05,-6.66667E-04
3.891946,8.583127E-06,-3.762194E-05,-.001
3.892946,-2.861038E-06,-4.278147E-05,-.001
3.893947,-5.126023E-05,-2.395746E-05,.002
3.894948,-2.956402E-05,-3.429898E-05,-.002
3.895948,-3.218674E-05,-1.548615E-05,6.66667E-04
3.896949,-5.98433E-05,-2.187316E-05,.001
3.897949,-4.458451E-05,-2.186012E-05,6.66667E-04
3.89895,-3.385567E-05,6.116956E-06,6.66667E-04
3.89995,-3.385567E-05,-2.030292E-07,-.002
3.90095,-2.884876E-05,-5.327194E-06,-6.66667E-04
3.901951,-2.479565E-05,1.43387E-05,-.002
3.902952,-1.668942E-05,-1.567614E-05,.002
3.903952,1.382834E-05,-1.387304E-05,6.66667E-04
3.904953,3.027928E-05,-2.418284E-05,-6.66667E-04
3.905953,8.10629E-06,-3.456906E-05,-.002
3.906954,1.740467E-05,-2.4045E-05,-.001
3.907954,-2.384204E-07,-7.569819E-06,-2.33333E-03
3.908955,1.454359E-05,-2.548296E-05,-.002
3.909955,2.145779E-05,2.350673E-06,-6.66667E-04
3.910955,-4.291564E-06,6.934657E-06,-.001
3.911956,-7.391005E-06,-2.250646E-05,.001
3.912957,-1.025206E-05,-2.2689E-05,-.002
3.913957,-2.193463E-05,-3.166334E-05,-6.66667E-04
3.914958,1.049048E-05,-2.529297E-05,-6.66667E-04
3.915958,2.622619E-06,-2.20259E-05,6.66667E-04
3.916959,2.622619E-06,-2.362591E-05,-6.66667E-04
3.917959,2.074253E-05,-2.095674E-05,6.66667E-04
3.91896,3.337875E-06,1.73413E-06,6.66667E-04
3.91996,-1.072889E-05,-9.030162E-06,-6.66667E-04
3.92096,6.437331E-06,-1.567986E-05,.001
3.921961,-1.120573E-05,-2.883389E-06,.002
3.922962,2.646458E-05,-3.231704E-06,.001
3.923962,5.579018E-05,-1.993228E-05,-6.66667E-04
3.924963,3.767037E-05,-6.912305E-06,-6.66667E-04
3.925963,2.217304E-05,2.365574E-06,-6.66667E-04
3.926964,1.978886E-05,9.836687E-06,-6.66667E-04
3.927964,1.192099E-05,1.99677E-06,6.66667E-04
3.928965,1.287466E-05,-2.661732E-05,-2.33333E-03
3.929965,2.622616E-05,2.137956E-05,-2.33333E-03
3.930965,1.430519E-06,6.636634E-06,.001
3.931966,-2.884876E-05,-1.868058E-05,-.001
3.932967,-1.502043E-05,-1.703773E-05,-.002
3.933967,1.168257E-05,-2.050225E-05,-2.33333E-03
3.934968,2.980244E-05,-8.836447E-06,-.002
3.935968,4.172348E-05,2.534513E-05,.002
3.936969,1.287466E-05,3.433251E-05,-.001
3.937969,-6.198912E-06,4.990236E-05,.001
3.93897,-2.789509E-05,4.347623E-05,-6.66667E-04
3.93997,-2.527249E-05,1.411892E-06,-6.66667E-04
3.94097,2.145782E-06,-8.162169E-06,6.66667E-04
3.941971,-8.344708E-06,6.71114E-06,-.002
3.942972,-2.765667E-05,-5.219161E-06,-.001
3.943972,-3.17099E-05,2.582569E-05,-.002
3.944973,-6.19893E-05,-2.209112E-06,6.66667E-04
3.945973,-4.243874E-05,-2.94057E-05,-2.33333E-03
3.946974,-7.391005E-06,9.313271E-08,.001
3.947974,-2.28883E-05,6.234302E-06,-6.66667E-04
3.948975,-1.454359E-05,-2.743691E-06,6.66667E-04
3.949975,-1.955044E-05,2.055254E-05,-.002
3.950975,-7.10492E-05,1.722772E-05,-6.66667E-04
3.951976,-3.314042E-05,-4.770263E-06,-6.66667E-04
3.952977,-1.406675E-05,3.339737E-06,.001
3.953977,-4.529982E-06,8.612929E-06,-.001
3.954978,1.1921E-06,3.160923E-06,-.001
3.955978,-5.006819E-06,8.288807E-07,.001
3.956979,-2.384197E-05,-1.872901E-05,6.66667E-04
3.957979,-1.33515E-05,-7.156312E-06,-6.66667E-04
3.95898,-9.536801E-06,2.689485E-05,-2.33333E-03
3.95998,-4.768401E-06,2.944295E-05,-.001
3.96098,4.57766E-05,2.68874E-05,6.66667E-04
3.961981,3.027928E-05,9.292795E-06,-6.66667E-04
3.962982,1.811993E-05,-1.670432E-05,-6.66667E-04
3.963982,1.978886E-05,-1.073634E-05,-.001
3.964983,-7.629453E-06,-5.656882E-06,6.66667E-04
3.965983,-1.716625E-05,-7.567956E-06,-.001
3.966984,-1.478201E-05,2.645527E-05,6.66667E-04
3.967984,-2.3842E-06,4.266598E-05,-.002
3.968985,2.28883E-05,2.566364E-05,.001
3.969985,7.867871E-06,5.306327E-05,-.002
3.970985,1.6451E-05,3.029604E-05,-.002
3.971986,2.861035E-05,2.123613E-05,6.66667E-04
3.972987,2.145779E-05,3.959076E-05,-.002
3.973987,8.821546E-06,1.163414E-05,-.001
3.974988,2.741825E-05,2.25046E-05,-2.33333E-03
3.975988,4.768401E-06,2.067734E-05,6.66667E-04
3.976989,5.006819E-06,-4.850357E-06,.001
3.977989,-1.907363E-06,-1.776416E-05,-6.66667E-04
3.97899,-2.145779E-05,4.043832E-06,-6.66667E-04
3.97999,-1.001364E-05,1.643423E-05,-.002
3.98099,6.675749E-06,2.348993E-05,.001
3.981991,-2.28883E-05,3.794223E-06,-.001
3.982992,8.821546E-06,-2.931629E-05,-.002
3.983992,2.145779E-05,-1.41003E-06,-6.66667E-04
3.984993,-7.152594E-07,-7.813855E-06,.001
3.985993,-2.717983E-05,7.594033E-06,.001
3.986994,-3.576302E-05,1.660187E-05,-.002
3.987994,-3.981614E-05,-1.079595E-05,-6.66667E-04
3.988995,-1.788151E-05,-1.097663E-05,-.001
3.989995,-2.574932E-05,2.683338E-05,-6.66667E-04
3.990995,0,2.06345E-05,6.66667E-04
3.991996,3.695511E-05,3.905245E-05,-6.66667E-04
3.992997,1.978886E-05,5.460926E-05,-2.33333E-03
3.993997,7.629453E-06,3.426359E-05,.001
3.994998,2.193463E-05,3.464171E-05,-.001
3.995998,3.361725E-05,1.496269E-05,.002
3.996999,3.027928E-05,-1.966592E-05,.001
3.997999,6.246613E-05,9.303971E-06,.002
3.999,6.103562E-05,1.896557E-05,.002
4,2.193463E-05,-1.513778E-05,-.002
