"c:\users\esrlabn1\desktop\bence\ir_spectroscopy\1000nm_odmr\magnet_map_7_1310nm\092.dat  ---  04-23-2026 19:23:10"
""
"cavityli 20 2 4 2000 1 0 0"
"                             ;                             ;seth_xesr_precise 141.77 1 0 1.122047244094488"
"setlockin 188.67 0.004 0 0.03 0.005"
4,2000
2,-5.722075E-06,-1.845893E-05,.001
2.001,2.408039E-05,-1.320623E-06,-.002
2.002001,-2.717983E-05,2.204825E-05,-6.66667E-04
2.003001,-2.813351E-05,5.785405E-06,3.66667E-03
2.004002,1.192099E-05,2.349925E-05,.002
2.005002,-2.717983E-05,2.453302E-05,-6.66667E-04
2.006003,-3.504776E-05,-1.764309E-05,-.002
2.007004,-2.384197E-05,3.086054E-05,-.001
2.008004,-4.506134E-05,4.608952E-05,-3.66667E-03
2.009005,-6.198912E-06,-2.365568E-07,6.66667E-04
2.010005,1.764309E-05,4.025572E-05,-2.33333E-03
2.011005,-5.483656E-06,1.286349E-05,-6.66667E-04
2.012006,-3.004086E-05,-4.591449E-06,-.002
2.013006,-5.149865E-05,3.592693E-05,-6.66667E-04
2.014007,-5.388283E-05,-5.377486E-06,2.33333E-03
2.015007,-1.764309E-05,-4.307576E-05,6.66667E-04
2.016008,-1.120573E-05,-4.28225E-06,-6.66667E-04
2.017009,1.096731E-05,-2.405245E-05,6.66667E-04
2.018009,4.124665E-05,-1.532596E-05,6.66667E-04
2.01901,-3.576293E-06,-4.47224E-06,-.001
2.02001,-3.743195E-05,-1.345581E-05,-6.66667E-04
2.02101,-2.455723E-05,2.12529E-05,-.002
2.022011,-8.392381E-05,5.460926E-05,.001
2.023011,-7.534074E-05,3.76238E-05,6.66667E-04
2.024012,-2.050411E-05,3.08624E-05,-6.66667E-04
2.025012,-5.912804E-05,-2.238166E-05,-.002
2.026013,-3.409409E-05,-5.461113E-05,-2.33333E-03
2.027014,-2.93256E-05,-1.658697E-05,-.002
2.028014,-4.172348E-05,-8.618517E-06,-.002
2.029015,1.382834E-05,-1.962867E-05,-6.66667E-04
2.030015,2.980244E-05,1.475593E-05,.002
2.031015,-1.287466E-05,-2.379168E-05,6.66667E-04
2.032016,4.529982E-06,-1.171237E-05,-.002
2.033016,1.430519E-06,4.880154E-05,-.001
2.034017,-4.529976E-05,2.010923E-05,6.66667E-04
2.035017,8.821546E-06,-9.629934E-06,-3.66667E-03
2.036018,4.768408E-07,-7.975905E-06,-.001
2.037019,-5.245238E-06,-5.461113E-05,-6.66667E-04
2.038019,1.049048E-05,-4.055561E-05,.001
2.03902,-2.455723E-05,2.489064E-05,-6.66667E-04
2.04002,1.049048E-05,-9.199663E-06,-.002
2.04102,3.576302E-05,-1.858E-05,-.002
2.042021,5.722075E-06,-4.101009E-05,-6.66667E-04
2.043021,9.77522E-06,-5.461113E-05,-.002
2.044022,4.863762E-05,-5.119503E-05,-.001
2.045022,5.722075E-06,-8.07835E-06,-.001
2.046023,8.821546E-06,-2.848555E-05,6.66667E-04
2.047024,2.193463E-05,1.324719E-05,2.33333E-03
2.048024,3.814726E-06,8.074625E-06,-.001
2.049025,5.364441E-05,-1.464045E-05,-.002
2.050025,4.529976E-05,7.592171E-06,2.33333E-03
2.051026,1.144415E-05,-2.127339E-05,-.001
2.052026,2.884876E-05,-4.268088E-05,6.66667E-04
2.053026,1.764309E-05,-8.650182E-06,-.001
2.054027,-4.053145E-06,-2.088223E-05,-.002
2.055027,6.794976E-05,-2.860476E-05,-6.66667E-04
2.056028,5.626702E-05,2.768089E-05,-6.66667E-04
2.057029,3.957772E-05,3.598645E-06,-3.66667E-03
2.058029,7.176446E-05,-2.803296E-06,-6.66667E-04
2.05903,1.931202E-05,7.983355E-06,6.66667E-04
2.06003,1.311308E-05,-4.509301E-05,.001
2.061031,6.914185E-05,-3.292062E-05,6.66667E-04
2.062031,1.025206E-05,-2.53414E-05,-.002
2.063031,-5.722075E-06,-4.059845E-05,6.66667E-04
2.064032,1.287466E-05,-6.45782E-06,-.001
2.065032,-5.722075E-06,4.392146E-06,6.66667E-04
2.066033,4.148507E-05,-5.999609E-06,6.66667E-04
2.067034,3.671669E-05,1.955975E-05,.001
2.068034,4.768408E-07,-1.003972E-05,-.002
2.069035,1.740467E-05,-1.724635E-05,6.66667E-04
2.070035,-2.861038E-06,2.935913E-05,-.001
2.071036,-6.675749E-06,9.479059E-06,-2.33333E-03
2.072036,2.908718E-05,-1.766731E-05,.002
2.073036,2.28883E-05,1.261018E-06,-3.66667E-03
2.074037,-1.382834E-05,-4.405365E-05,-6.66667E-04
2.075037,4.339241E-05,-1.3182E-05,-6.66667E-04
2.076038,-7.152586E-06,3.290572E-05,6.66667E-04
2.077039,-5.245232E-05,9.331889E-07,6.66667E-04
2.078039,-2.3842E-06,7.364928E-06,-6.66667E-04
2.07904,-2.384197E-05,-5.694135E-06,-6.66667E-04
2.08004,-2.336514E-05,-5.461113E-05,.001
2.081041,3.147149E-05,-4.469999E-05,-.002
2.082041,-2.145782E-06,-2.78895E-05,-6.66667E-04
2.083041,2.121937E-05,-2.154906E-05,-6.66667E-04
2.084042,3.528618E-05,4.351907E-05,6.66667E-04
2.085042,-3.314042E-05,1.660187E-05,-6.66667E-04
2.086043,-4.768401E-06,-2.491486E-05,6.66667E-04
2.087044,-1.025206E-05,-8.804782E-06,-.002
2.088044,-4.768395E-05,-3.860914E-05,.001
2.089045,-2.908718E-05,-5.461113E-05,-6.66667E-04
2.090045,-3.600144E-05,-1.291005E-05,-.002
2.091046,-7.391023E-05,-7.759838E-06,6.66667E-04
2.092046,-7.867871E-06,-1.433125E-05,-6.66667E-04
2.093046,-2.789509E-05,6.761431E-06,6.66667E-04
2.094047,-2.384197E-05,-3.475533E-05,.001
2.095047,2.193463E-05,3.278274E-07,-.001
2.096048,1.358992E-05,1.303299E-05,-6.66667E-04
2.097049,-1.168257E-05,7.787778E-06,-.002
2.098049,-1.811993E-05,9.806885E-06,-3.66667E-03
2.09905,-8.010911E-05,6.608694E-06,6.66667E-04
2.10005,-5.483651E-05,-5.461113E-05,.001
2.101051,-2.050411E-05,-3.338442E-05,-.001
2.102051,-2.813351E-05,-2.051156E-05,6.66667E-04
2.103051,3.504776E-05,-3.786408E-05,6.66667E-04
2.104052,2.813351E-05,1.166208E-05,-6.66667E-04
2.105052,-2.884876E-05,7.592171E-06,6.66667E-04
2.106053,-1.239782E-05,-3.364892E-05,6.66667E-04
2.107054,-1.740467E-05,-1.120014E-05,-6.66667E-04
2.108054,-1.597416E-05,-1.903449E-05,6.66667E-04
2.109055,5.149865E-05,-2.449576E-05,-.001
2.110055,3.981614E-05,1.584936E-05,-6.66667E-04
2.111056,-2.980244E-05,-1.2843E-05,-6.66667E-04
2.112056,-1.192099E-05,-2.070528E-05,-.001
2.113056,-4.601502E-05,7.899536E-06,-6.66667E-04
2.114057,-3.2902E-05,-2.203893E-05,2.33333E-03
2.115057,5.483656E-06,-3.436604E-05,-.001
2.116058,-8.821546E-06,-5.697861E-06,-6.66667E-04
2.117059,1.621258E-05,-1.633924E-05,-6.66667E-04
2.118059,6.103562E-05,1.188373E-05,-6.66667E-04
2.11906,7.629453E-06,-3.574431E-06,-6.66667E-04
2.12006,2.861038E-06,-2.837565E-05,-.001
2.121061,2.598774E-05,1.788337E-05,.001
2.122061,1.549732E-05,-2.024707E-05,6.66667E-04
2.123062,5.149865E-05,-5.22139E-05,6.66667E-04
2.124062,4.386925E-05,-3.15161E-06,-.002
2.125062,7.152594E-07,-5.351409E-06,-6.66667E-04
2.126063,2.789509E-05,-2.410833E-05,-.002
2.127064,2.384197E-05,6.349786E-06,-.002
2.128064,-2.145782E-06,-1.080154E-05,6.66667E-04
2.129065,1.454359E-05,6.405666E-06,-.002
2.130065,-2.431881E-05,3.718981E-05,6.66667E-04
2.131066,4.768408E-07,-1.804356E-05,-6.66667E-04
2.132066,4.720711E-05,-4.292675E-05,.002
2.133067,-7.391005E-06,-2.10685E-05,6.66667E-04
2.134067,-1.549732E-05,-4.011602E-05,-.001
2.135067,-4.529982E-06,-1.649384E-05,.001
2.136068,-2.193463E-05,5.859911E-06,6.66667E-04
2.137069,-6.675749E-06,-2.186757E-05,-.001
2.138069,3.480935E-05,1.294917E-05,-.001
2.13907,4.053145E-06,3.081211E-05,2.33333E-03
2.14007,1.859677E-05,1.958583E-05,-.001
2.141071,2.098095E-05,5.460926E-05,-2.33333E-03
2.142071,-6.151246E-05,5.460926E-05,-.001
2.143072,-1.454359E-05,1.546938E-05,.001
2.144072,2.02657E-05,1.138083E-06,-.001
2.145072,1.263624E-05,-7.484137E-06,-6.66667E-04
2.146073,5.340599E-05,-8.32606E-07,-6.66667E-04
2.147074,4.243874E-05,4.306831E-05,-.001
2.148074,-4.768408E-07,8.637144E-06,-.001
2.149075,2.145782E-06,7.730036E-06,.001
2.150075,-2.384197E-05,5.399459E-05,-6.66667E-04
2.151076,-3.2902E-05,1.041783E-05,-.001
2.152076,-3.099456E-06,1.458084E-05,6.66667E-04
2.153077,-1.692784E-05,3.911764E-05,-2.33333E-03
2.154077,-2.479565E-05,-2.719476E-06,-.001
2.155077,-1.668937E-06,2.842408E-05,-.001
2.156078,-4.816079E-05,5.460926E-05,-6.66667E-04
2.157079,-6.198912E-06,1.342787E-05,-6.66667E-04
2.158079,-4.768401E-06,2.599892E-05,.001
2.15908,-4.935288E-05,1.036195E-05,3.66667E-03
2.16008,-7.152594E-07,-5.150237E-05,-.001
2.161081,7.152586E-06,-1.458457E-05,-.001
2.162081,-2.121937E-05,-2.589275E-05,-.001
2.163082,1.6451E-05,-4.62702E-05,-6.66667E-04
2.164082,7.152586E-06,-3.173962E-06,-3.66667E-03
2.165082,-3.123307E-05,-4.675076E-05,-.001
2.166083,-6.437331E-06,-2.134789E-05,-.001
2.167084,-1.811993E-05,3.426359E-05,-6.66667E-04
2.168084,-3.600144E-05,4.64099E-05,-6.66667E-04
2.169085,1.811993E-05,4.754984E-05,-6.66667E-04
2.170085,1.549732E-05,5.460926E-05,-6.66667E-04
2.171086,-1.311308E-05,-2.137211E-05,-.002
2.172086,-4.291564E-06,-2.114114E-05,-6.66667E-04
2.173087,-6.818818E-05,-1.870103E-06,6.66667E-04
2.174087,-8.726167E-05,-2.997194E-05,-.001
2.175087,-3.027928E-05,1.493475E-05,-6.66667E-04
2.176088,-6.628083E-05,2.36315E-05,-.001
2.177088,-2.360356E-05,-2.356071E-05,-6.66667E-04
2.178089,1.6451E-05,-9.201503E-07,-.002
2.17909,-1.6451E-05,7.750525E-06,6.66667E-04
2.18009,-5.006819E-06,-2.039794E-05,-6.66667E-04
2.181091,-4.053145E-06,1.479691E-05,6.66667E-04
2.182091,-5.149865E-05,-1.490123E-06,6.66667E-04
2.183092,2.861038E-06,-1.718674E-05,-.001
2.184092,2.312672E-05,2.068293E-05,-.002
2.185092,-1.549732E-05,-1.348002E-05,-.001
2.186093,2.360356E-05,-4.312233E-05,-6.66667E-04
2.187093,1.549732E-05,-1.732269E-07,6.66667E-04
2.188094,-1.668937E-06,-3.100396E-05,-6.66667E-04
2.189095,3.361725E-05,-3.189431E-05,-6.66667E-04
2.190095,1.025206E-05,-1.04197E-05,-.002
2.191096,-3.409409E-05,-3.170059E-05,-2.33333E-03
2.192096,-1.215941E-05,3.041897E-05,-.002
2.193097,-5.435967E-05,5.460926E-05,6.66667E-04
2.194097,-2.884876E-05,1.972739E-05,6.66667E-04
2.195097,5.006819E-06,7.29601E-06,.001
2.196098,-3.004086E-05,-9.879528E-06,6.66667E-04
2.197098,-1.454359E-05,-5.461113E-05,-.002
2.198099,-2.622619E-06,-2.608646E-05,-.002
2.1991,-4.720711E-05,9.276031E-06,-.002
2.2001,-2.431881E-05,-1.192658E-05,-.001
2.201101,-2.55109E-05,-7.431991E-07,-.001
2.202101,-8.201646E-05,-3.367872E-05,-2.33333E-03
2.203102,-3.767037E-05,-3.356882E-05,6.66667E-04
2.204102,-1.072889E-05,2.126221E-05,-.001
2.205102,-4.696869E-05,-4.118338E-06,6.66667E-04
2.206103,-1.716625E-05,-7.173076E-06,6.66667E-04
2.207103,-1.120573E-05,2.521102E-05,6.66667E-04
2.208104,-1.358992E-05,-1.072517E-05,-6.66667E-04
2.209105,4.506134E-05,-4.123175E-05,-.002
2.210105,1.502043E-05,1.978144E-06,-2.33333E-03
2.211106,-1.788151E-05,-2.0031E-05,.001
2.212106,2.622619E-06,2.626344E-06,-2.33333E-03
2.213107,-3.051781E-05,8.516072E-06,-6.66667E-04
2.214107,-1.90736E-05,-5.139067E-06,6.66667E-04
2.215107,4.410767E-05,2.270017E-05,-.001
2.216108,5.245238E-06,2.623175E-05,-6.66667E-04
2.217108,1.478201E-05,-1.537625E-05,.001
2.218109,4.267716E-05,1.939584E-05,-.004
2.21911,1.382834E-05,1.706381E-05,.001
2.22011,1.955044E-05,-4.206249E-05,-2.33333E-03
2.221111,2.098095E-05,-1.622376E-05,-.001
2.222111,-3.623986E-05,-3.539422E-05,-.002
2.223112,-2.384197E-05,-2.060842E-05,.001
2.224112,-2.121937E-05,4.286901E-05,6.66667E-04
2.225112,-4.076981E-05,-8.313044E-06,-2.33333E-03
2.226113,-1.239782E-05,-2.211158E-05,-3.66667E-03
2.227113,-1.287466E-05,1.076428E-05,.001
2.228114,8.583127E-06,-1.173659E-05,-6.66667E-04
2.229115,4.506134E-05,-2.544385E-05,-.001
2.230115,1.811993E-05,1.210727E-06,.001
2.231116,-1.835835E-05,-2.043336E-06,-6.66667E-04
2.232116,5.483656E-06,9.356125E-06,.001
2.233117,-1.859677E-05,8.964969E-06,-6.66667E-04
2.234117,-2.169621E-05,-4.258036E-06,-3.66667E-03
2.235118,2.312672E-05,1.939212E-05,6.66667E-04
2.236118,-3.147149E-05,8.279516E-06,-.001
2.237118,-2.717983E-05,-3.735186E-05,6.66667E-04
2.238119,-1.215941E-05,3.911573E-07,-.001
2.23912,-2.6703E-05,1.811248E-05,-6.66667E-04
2.24012,9.298383E-06,-1.390843E-05,6.66667E-04
2.241121,1.764309E-05,1.498504E-05,-.001
2.242121,-1.168257E-05,1.070282E-05,-.002
2.243122,3.266358E-05,-3.187754E-05,6.66667E-04
2.244122,4.744553E-05,2.525758E-05,.002
2.245123,-1.740467E-05,1.308887E-05,.001
2.246123,-1.621258E-05,-9.294658E-06,-6.66667E-04
2.247123,-5.626702E-05,2.216932E-05,.001
2.248124,-5.98433E-05,-2.044637E-05,6.66667E-04
2.249125,-1.907363E-06,-2.419774E-05,-6.66667E-04
2.250125,-1.072889E-05,-8.788018E-06,6.66667E-04
2.251126,-2.622616E-05,-3.548549E-05,6.66667E-04
2.252126,4.529976E-05,-1.83658E-05,-6.66667E-04
2.253127,1.454359E-05,2.085988E-05,-.001
2.254127,3.814726E-06,-2.706249E-05,.001
2.255128,3.862404E-05,-1.415802E-05,-.001
2.256128,-5.960494E-06,-6.668306E-07,6.66667E-04
2.257128,2.360356E-05,-2.324407E-05,6.66667E-04
2.258129,3.457093E-05,4.299014E-06,-.002
2.25913,1.239782E-05,2.343222E-06,-.001
2.26013,2.098095E-05,-1.110887E-05,-.001
2.261131,3.17099E-05,1.483416E-05,6.66667E-04
2.262131,1.502043E-05,-2.426107E-05,-.001
2.263132,3.719353E-05,-1.598161E-05,.001
2.264132,-1.215941E-05,4.333653E-05,6.66667E-04
2.265133,-7.581757E-05,-1.60021E-05,6.66667E-04
2.266133,-5.22139E-05,-4.870846E-06,-.001
2.267133,-5.698227E-05,2.453115E-05,-.002
2.268134,-6.151246E-05,-1.121132E-05,6.66667E-04
2.269135,-2.861038E-06,-1.215196E-05,6.66667E-04
2.270135,-4.83992E-05,1.69874E-06,.002
2.271136,-3.93393E-05,-2.873887E-05,-6.66667E-04
2.272136,1.311308E-05,-1.776789E-05,-.001
2.273137,1.025206E-05,1.575437E-05,-.001
2.274137,2.098095E-05,6.426162E-07,-3.66667E-03
2.275138,5.435967E-05,4.395493E-05,6.66667E-04
2.276138,-1.502043E-05,4.396611E-05,-.002
2.277139,7.152586E-06,1.830987E-06,-6.66667E-04
2.278139,2.145779E-05,9.579642E-06,6.66667E-04
2.27914,-1.883518E-05,9.570329E-06,6.66667E-04
2.28014,1.144415E-05,-2.066989E-05,6.66667E-04
2.281141,2.02657E-05,-7.193565E-06,-.002
2.282141,-2.884876E-05,-8.68371E-06,6.66667E-04
2.283142,1.001364E-05,-2.644974E-07,-6.66667E-04
2.284142,5.483656E-06,4.990795E-05,-3.66667E-03
2.285143,-3.55246E-05,3.91549E-05,-6.66667E-04
2.286143,-2.6703E-05,2.986763E-05,-.001
2.287144,-3.886246E-05,4.058913E-05,-.002
2.288144,-3.385567E-05,6.454095E-06,6.66667E-04
2.289145,1.90736E-05,-9.235053E-06,-6.66667E-04
2.290145,-5.006819E-06,1.440017E-05,-.001
2.291146,-2.384197E-05,-1.864706E-05,-.001
2.292146,-2.384204E-07,-2.421078E-05,-6.66667E-04
2.293147,-2.02657E-05,1.426047E-05,-.001
2.294147,-7.391005E-06,-7.901399E-06,-.002
2.295148,4.506134E-05,5.245605E-05,2.33333E-03
2.296148,2.121937E-05,4.053512E-05,-6.66667E-04
2.297149,2.598774E-05,-1.048489E-05,.002
2.298149,2.956402E-05,3.805399E-06,-6.66667E-04
2.29915,-2.6703E-05,1.771201E-05,-2.33333E-03
2.30015,-3.647828E-05,-7.541879E-06,.001
2.301151,-2.503407E-05,-1.589593E-05,-.001
2.302151,-3.55246E-05,-3.534579E-05,2.33333E-03
2.303152,3.337875E-06,-3.248104E-05,.001
2.304152,2.503407E-05,4.331977E-05,-.001
2.305153,-2.098095E-05,2.682779E-05,-.001
2.306153,9.059964E-06,-1.152611E-05,.001
2.307154,-3.2902E-05,3.943243E-05,-6.66667E-04
2.308154,-5.98433E-05,1.210725E-05,.001
2.309155,9.77522E-06,3.198176E-06,-.001
2.310155,-1.525891E-05,4.648254E-05,-6.66667E-04
2.311156,-1.406675E-05,-1.137151E-05,-6.66667E-04
2.312156,1.311308E-05,-2.3028E-05,-.001
2.313157,-9.77522E-06,1.788337E-05,-.002
2.314157,2.479565E-05,3.799811E-06,.002
2.315158,3.981614E-05,1.779024E-05,-3.66667E-03
2.316158,-1.1921E-06,2.940011E-05,-2.33333E-03
2.317159,1.430519E-06,5.95118E-06,6.66667E-04
2.318159,2.813351E-05,2.962549E-05,.001
2.31916,-1.835835E-05,2.487202E-05,-6.66667E-04
2.32016,2.622619E-06,-1.393823E-05,-.002
2.321161,2.264988E-05,2.061774E-05,-.001
2.322161,-2.145782E-06,-1.041597E-05,-.002
2.323162,3.480935E-05,-1.394196E-05,.001
2.324162,3.242516E-05,2.937403E-05,-6.66667E-04
2.325163,-1.668937E-06,2.397981E-05,-.002
2.326163,2.312672E-05,-1.528126E-05,-6.66667E-04
2.327164,6.198912E-06,9.827374E-06,-.001
2.328164,-1.382834E-05,-1.960446E-05,-.001
2.329165,3.814726E-06,-8.009411E-07,-.002
2.330165,-2.956402E-05,3.741891E-05,-6.66667E-04
2.331166,-2.598774E-05,7.644354E-06,.001
2.332166,-2.622619E-06,5.103677E-06,-6.66667E-04
2.333167,-2.050411E-05,4.544505E-05,-.001
2.334167,-1.096731E-05,-1.009746E-05,.001
2.335168,2.145782E-06,-2.542525E-06,-.001
2.336168,-3.17099E-05,1.638953E-05,-6.66667E-04
2.337169,-7.152586E-06,-1.720537E-05,6.66667E-04
2.338169,2.098095E-05,3.62827E-05,-.002
2.33917,-1.168257E-05,2.148573E-05,-.002
2.34017,2.02657E-05,-2.853587E-06,6.66667E-04
2.341171,2.789509E-05,3.808015E-05,-.001
2.342171,-3.576293E-06,4.294165E-05,6.66667E-04
2.343172,1.978886E-05,7.901399E-06,-.001
2.344172,4.95913E-05,3.005948E-05,-.002
2.345173,8.821546E-06,-3.615409E-06,.001
2.346173,2.980244E-05,-3.86762E-05,-.002
2.347174,-9.536816E-07,2.529487E-06,-6.66667E-04
2.348174,-2.145779E-05,-3.716932E-05,-6.66667E-04
2.349174,1.1921E-06,-4.613795E-05,.001
2.350175,2.622619E-06,-8.633418E-06,-6.66667E-04
2.351176,-4.768401E-06,-2.725807E-05,.001
2.352176,3.123307E-05,7.383554E-06,-.001
2.353177,2.431881E-05,4.736916E-05,6.66667E-04
2.354177,1.859677E-05,-2.01558E-05,-.001
2.355178,3.123307E-05,-1.947407E-05,-6.66667E-04
2.356178,-1.263624E-05,-1.124112E-05,-6.66667E-04
2.357179,-9.298383E-06,-2.296467E-05,-.002
2.358179,3.242516E-05,9.154959E-06,6.66667E-04
2.359179,1.430519E-06,1.428655E-05,-.001
2.36018,2.360356E-05,-3.377371E-05,.002
2.361181,3.361725E-05,1.073821E-05,-.001
2.362181,-1.025206E-05,1.316523E-05,-6.66667E-04
2.363182,1.668942E-05,-9.084179E-06,-.001
2.364182,1.740467E-05,2.932374E-05,-.002
2.365183,-3.266358E-05,4.468515E-06,.001
2.366183,1.478201E-05,-3.427849E-05,-.002
2.367184,2.884876E-05,2.935543E-06,-.002
2.368184,-5.722075E-06,-1.438154E-05,.002
2.369184,2.93256E-05,-1.513405E-05,-6.66667E-04
2.370185,1.192099E-05,3.423006E-05,-.001
2.371186,-1.621258E-05,-7.122784E-06,.001
2.372186,8.10629E-06,-1.735438E-05,.001
2.373187,-1.168257E-05,-1.188375E-06,.001
2.374187,-7.867871E-06,-3.010232E-05,-.001
2.375188,3.218674E-05,-1.836952E-05,-.001
2.376188,-2.28883E-05,8.581264E-06,-2.33333E-03
2.377189,-4.339241E-05,-5.23387E-05,6.66667E-04
2.378189,5.960494E-06,-2.017259E-06,-.002
2.379189,-1.239782E-05,3.448711E-05,6.66667E-04
2.38019,-1.358992E-05,-3.203214E-05,-.002
2.381191,-3.337875E-06,-2.305966E-05,.001
2.382191,-3.314042E-05,4.40146E-06,-.001
2.383192,1.096731E-05,-4.326017E-05,.001
2.384192,8.344708E-06,6.64968E-07,6.66667E-04
2.385193,-3.314042E-05,-1.464231E-05,6.66667E-04
2.386193,-1.835835E-05,-5.007186E-05,-6.66667E-04
2.387194,-2.098095E-05,-1.681235E-05,6.66667E-04
2.388194,-5.817437E-05,-1.28877E-05,-.002
2.389194,-1.955044E-05,-2.200541E-05,-6.66667E-04
2.390195,-2.336514E-05,3.39041E-05,-6.66667E-04
2.391196,-1.287466E-05,1.206627E-05,6.66667E-04
2.392196,2.098095E-05,1.275918E-05,-.002
2.393197,8.10629E-06,3.447966E-05,.001
2.394197,-2.145779E-05,-2.157327E-05,-.001
2.395198,1.430519E-06,-4.330487E-05,6.66667E-04
2.396198,-1.478201E-05,-1.589779E-05,-6.66667E-04
2.397199,9.536816E-07,-4.50334E-05,-.001
2.398199,4.816079E-05,-4.88761E-06,6.66667E-04
2.399199,4.124665E-05,3.891089E-05,6.66667E-04
2.4002,2.002728E-05,1.133053E-05,2.33333E-03
2.401201,3.767037E-05,4.601502E-05,-6.66667E-04
2.402201,7.629453E-06,5.460926E-05,.001
2.403202,4.291564E-06,7.681607E-06,-6.66667E-04
2.404202,2.050411E-05,3.30417E-05,-.001
2.405203,-7.629453E-06,5.211146E-05,-.001
2.406203,2.098095E-05,1.363276E-05,-3.66667E-03
2.407204,1.478201E-05,1.470005E-05,6.66667E-04
2.408204,-1.549732E-05,-1.120759E-05,-.001
2.409204,2.813351E-05,-3.32261E-05,-.002
2.410205,4.3154E-05,4.297151E-06,.001
2.411206,2.28883E-05,4.686444E-06,-.001
2.412206,6.032013E-05,-1.201971E-05,.002
2.413207,4.83992E-05,-1.219107E-05,-6.66667E-04
2.414207,2.646458E-05,-3.925175E-05,-6.66667E-04
2.415208,5.006813E-05,-3.599213E-05,-6.66667E-04
2.416208,1.525891E-05,9.998737E-06,.001
2.417209,-1.597416E-05,-1.311122E-05,-2.33333E-03
2.418209,4.267716E-05,-1.513778E-05,-6.66667E-04
2.41921,1.478201E-05,9.918644E-06,.001
2.42021,1.382834E-05,-1.434056E-05,-2.33333E-03
2.421211,2.694142E-05,1.065439E-05,-3.66667E-03
2.422211,-3.695511E-05,4.163035E-05,-6.66667E-04
2.423212,-4.816079E-05,4.153717E-07,-6.66667E-04
2.424212,2.384204E-07,1.419343E-06,-3.66667E-03
2.425213,-2.193463E-05,-4.394009E-06,-6.66667E-04
2.426213,4.291564E-06,-4.865997E-05,.001
2.427214,2.217304E-05,3.483165E-07,-6.66667E-04
2.428214,-1.859677E-05,-4.924863E-06,-6.66667E-04
2.429215,-1.668937E-06,-2.532837E-05,.001
2.430215,2.598774E-05,2.323661E-05,6.66667E-04
2.431216,-1.525891E-05,-1.303857E-08,-.001
2.432216,7.629453E-06,-3.054389E-05,-.002
2.433217,2.312672E-05,3.098906E-05,-.001
2.434217,-3.385567E-05,-4.097838E-07,.001
2.435218,1.597416E-05,-4.192843E-06,-.001
2.436218,1.1921E-06,3.439211E-05,6.66667E-04
2.437219,-2.336514E-05,-6.975635E-06,-.002
2.438219,3.075623E-05,-4.993781E-06,6.66667E-04
2.43922,-3.576302E-05,2.45889E-05,2.33333E-03
2.44022,-6.055855E-05,-2.628576E-05,.001
2.441221,8.821546E-06,-6.463415E-07,.001
2.442221,-3.838562E-05,2.74406E-05,-.001
2.443222,-4.434609E-05,-2.15919E-05,-6.66667E-04
2.444222,1.049048E-05,1.415057E-05,-6.66667E-04
2.445223,-9.059964E-06,1.409097E-05,-6.66667E-04
2.446223,-1.311308E-05,-2.06196E-05,-2.33333E-03
2.447224,9.536816E-07,1.561095E-05,-.001
2.448224,-4.887604E-05,2.271694E-05,-.002
2.449225,-1.835835E-05,-1.150748E-05,6.66667E-04
2.450225,-2.145782E-06,6.260379E-06,-6.66667E-04
2.451226,-1.597416E-05,6.062939E-06,3.66667E-03
2.452226,8.10629E-06,-5.278765E-06,-6.66667E-04
2.453227,-4.053145E-06,3.314787E-05,-6.66667E-04
2.454227,-2.741825E-05,2.036255E-05,6.66667E-04
2.455228,4.100823E-05,6.273418E-06,-.001
2.456228,4.243874E-05,5.460926E-05,-6.66667E-04
2.457229,-1.90736E-05,3.237859E-05,-.001
2.458229,7.152594E-07,-4.157453E-06,-6.66667E-04
2.45923,-2.002728E-05,1.948711E-05,-6.66667E-04
2.46023,-1.144415E-05,3.08083E-06,-.002
2.461231,3.647828E-05,-1.428468E-05,6.66667E-04
2.462231,-1.716625E-05,1.22395E-05,-.001
2.463232,-5.269074E-05,-1.328258E-05,-6.66667E-04
2.464232,-5.483656E-06,-3.015637E-06,.001
2.465233,-5.030655E-05,8.622243E-06,.001
2.466233,-4.768395E-05,-5.193637E-05,-.002
2.467234,-2.3842E-06,-2.022844E-05,.002
2.468234,-4.911446E-05,4.675268E-06,.001
2.469235,-3.671669E-05,-1.102692E-05,.001
2.470235,-2.384197E-05,1.488259E-05,.002
2.471236,-6.222771E-05,1.140131E-05,-.001
2.472236,-4.267716E-05,-3.51707E-05,6.66667E-04
2.473237,0,8.713512E-06,-.002
2.474237,-1.573574E-05,3.644661E-05,6.66667E-04
2.475238,5.006819E-06,6.727903E-06,-.001
2.476238,-1.33515E-05,5.460926E-05,6.66667E-04
2.477239,-3.838562E-05,2.281566E-05,-.002
2.478239,-5.245238E-06,-9.492098E-06,-.001
2.47924,-1.358992E-05,3.100582E-05,.002
2.48024,-2.455723E-05,-4.706933E-06,-.001
2.481241,2.02657E-05,-1.389725E-05,2.33333E-03
2.482241,-5.006819E-06,2.308947E-05,.002
2.483242,-3.194832E-05,-2.034765E-05,-6.66667E-04
2.484242,4.529982E-06,-2.918963E-05,.001
2.485243,-2.3842E-06,4.864694E-05,-6.66667E-04
2.486243,-3.695511E-05,4.177942E-06,-.001
2.487244,-7.152594E-07,1.36756E-05,6.66667E-04
2.488244,-2.264988E-05,8.132367E-06,.001
2.489245,-1.716625E-05,-2.067361E-05,-6.66667E-04
2.490245,2.217304E-05,2.503593E-05,-.002
2.491246,-2.884876E-05,2.286409E-05,-2.33333E-03
2.492246,-4.267716E-05,-2.726738E-05,-.001
2.493247,6.675749E-06,1.540415E-06,-6.66667E-04
2.494247,-5.006819E-06,1.582701E-05,6.66667E-04
2.495248,2.765667E-05,-2.333161E-05,-.002
2.496248,2.145779E-05,7.428258E-06,-6.66667E-04
2.497249,-2.55109E-05,8.42294E-06,.002
2.498249,1.549732E-05,-2.656144E-05,-.001
2.49925,4.57766E-05,-1.066929E-05,.001
2.50025,1.382834E-05,-4.662597E-05,6.66667E-04
2.501251,5.054497E-05,-4.337565E-05,3.66667E-03
2.502251,4.506134E-05,3.903569E-05,-.002
2.503252,7.629453E-06,7.582858E-06,.001
2.504252,2.408039E-05,9.214564E-06,6.66667E-04
2.505253,2.074253E-05,3.488199E-05,-6.66667E-04
2.506253,2.622619E-06,4.487141E-06,-6.66667E-04
2.507254,3.027928E-05,-1.452124E-05,-6.66667E-04
2.508254,2.02657E-05,4.344271E-05,2.33333E-03
2.509255,3.075623E-05,-1.471123E-05,.001
2.510255,1.013284E-04,-2.714817E-05,-6.66667E-04
2.511256,1.094346E-04,-7.905124E-06,-.001
2.512256,1.759538E-04,-5.461113E-05,-6.66667E-04
2.513257,2.374658E-04,-4.571141E-05,-6.66667E-04
2.514257,2.346048E-04,-8.84576E-06,.001
2.515258,2.16485E-04,-5.461113E-05,-.002
2.516258,2.300749E-04,-5.461113E-05,-2.33333E-03
2.517259,1.780996E-04,-5.461113E-05,-6.66667E-04
2.518259,1.666555E-04,-5.461113E-05,-6.66667E-04
2.51926,1.449594E-04,-5.461113E-05,-6.66667E-04
2.52026,8.964585E-05,-4.72276E-05,-.002
2.521261,9.727525E-05,-5.461113E-05,-.002
2.522261,6.985711E-05,-3.366382E-05,-.002
2.523262,-3.576293E-06,-2.198864E-05,-.001
2.524262,1.239782E-05,-5.461113E-05,-6.66667E-04
2.525263,2.717983E-05,-2.316397E-05,-.001
2.526263,-5.483656E-06,-3.035006E-05,6.66667E-04
2.527264,3.194832E-05,-5.421997E-05,-6.66667E-04
2.528264,2.098095E-05,-1.523277E-05,-.002
2.529265,1.382834E-05,-5.075918E-05,6.66667E-04
2.530265,5.98433E-05,-3.814907E-05,-.001
2.531266,7.081078E-05,2.844271E-05,-6.66667E-04
2.532266,3.55246E-05,-7.778464E-06,-2.33333E-03
2.533267,5.292916E-05,1.141994E-05,-6.66667E-04
2.534267,2.956402E-05,2.184897E-06,.001
2.535268,1.597416E-05,-5.461113E-05,-.001
2.536268,3.433251E-05,-2.297584E-05,.002
2.537269,-7.867871E-06,1.026696E-05,6.66667E-04
2.538269,2.02657E-05,-1.917046E-05,-.001
2.53927,5.459809E-05,-9.685813E-06,-6.66667E-04
2.54027,-7.867871E-06,8.694886E-06,.001
2.541271,1.430519E-06,-2.682407E-05,6.66667E-04
2.542271,-1.1921E-06,2.488319E-05,-.002
2.543272,-2.503407E-05,2.857682E-05,-.001
2.544272,-5.006819E-06,7.985218E-06,6.66667E-04
2.545273,-1.168257E-05,3.826455E-05,-6.66667E-04
2.546273,-4.720711E-05,1.247606E-05,6.66667E-04
2.547274,-2.503407E-05,-1.110144E-06,-.001
2.548274,-1.90736E-05,3.982364E-06,.001
2.549275,-5.22139E-05,-3.662542E-05,6.66667E-04
2.550275,-1.859677E-05,-4.593492E-05,-.001
2.551276,1.072889E-05,-1.671736E-05,-6.66667E-04
2.552276,-2.408039E-05,-3.573694E-05,-3.66667E-03
2.553277,2.050411E-05,-2.757658E-05,2.33333E-03
2.554277,-6.198912E-06,2.962362E-05,-6.66667E-04
2.555278,-3.743195E-05,3.86688E-06,6.66667E-04
2.556278,2.908718E-05,2.781127E-05,6.66667E-04
2.557279,2.980244E-05,5.460926E-05,-.001
2.558279,1.049048E-05,3.130385E-05,-.001
2.55928,2.002728E-05,5.084113E-05,-6.66667E-04
2.56028,-5.149865E-05,5.453848E-05,6.66667E-04
2.561281,-4.434609E-05,-3.38594E-05,.002
2.562281,1.597416E-05,-2.581265E-05,-6.66667E-04
2.563282,-9.059964E-06,-3.121071E-05,-6.66667E-04
2.564282,-1.406675E-05,-5.461113E-05,-6.66667E-04
2.565283,3.576293E-06,-1.42791E-05,.001
2.566283,-2.050411E-05,-3.261506E-06,-.002
2.567284,2.765667E-05,-3.671297E-05,-.001
2.568284,3.242516E-05,-2.338749E-05,-.001
2.569285,-2.765667E-05,-3.667385E-05,-6.66667E-04
2.570285,6.437331E-06,-3.147707E-05,.001
2.571286,1.764309E-05,1.931947E-05,-.002
2.572286,-5.006819E-06,2.770138E-05,-6.66667E-04
2.573287,1.931202E-05,-3.835215E-06,.001
2.574287,-1.406675E-05,2.383639E-05,-.002
2.575288,-3.457093E-05,-6.297632E-06,.002
2.576288,2.93256E-05,-6.064802E-06,-6.66667E-04
2.577289,-9.536801E-06,3.213459E-05,6.66667E-04
2.578289,-4.935288E-05,-2.518867E-05,-3.66667E-03
2.57929,-1.573574E-05,-3.779517E-05,-6.66667E-04
2.58029,-1.502043E-05,9.181036E-06,-6.66667E-04
2.581291,-3.361725E-05,-1.87495E-05,-6.66667E-04
2.582291,1.6451E-05,-3.132984E-06,-.001
2.583292,-3.719353E-05,1.164904E-05,-3.66667E-03
2.584292,-4.053145E-06,-4.375004E-05,-6.66667E-04
2.585293,3.218674E-05,-1.419343E-06,-.001
2.586293,-6.675749E-06,3.155158E-05,-2.33333E-03
2.587294,1.049048E-05,-2.169996E-06,-6.66667E-04
2.588294,3.981614E-05,3.942498E-05,-.001
2.589295,-4.529982E-06,4.700967E-05,-.002
2.590295,5.960494E-06,-7.912575E-06,-.002
2.591296,9.77522E-06,1.086487E-05,-6.66667E-04
2.592296,-2.121937E-05,-2.954353E-05,-6.66667E-04
2.593297,7.152594E-07,-5.461113E-05,-.002
2.594297,4.768401E-06,-1.818698E-05,.001
2.595298,-2.884876E-05,1.368864E-05,6.66667E-04
2.596298,1.6451E-05,3.444045E-06,-6.66667E-04
2.597299,1.764309E-05,1.000433E-05,-6.66667E-04
2.598299,3.814726E-06,-2.395932E-05,6.66667E-04
2.5993,6.032013E-05,-2.124917E-05,-.001
2.6003,3.194832E-05,1.279643E-05,.002
2.601301,-1.120573E-05,4.226371E-06,6.66667E-04
2.602301,-5.006819E-06,2.279517E-05,-.001
2.603302,-2.28883E-05,3.873021E-05,6.66667E-04
2.604302,-1.382834E-05,-3.644661E-05,.001
2.605303,4.529976E-05,-5.074427E-05,-.001
2.606303,3.123307E-05,-7.925613E-06,-.002
2.607304,1.192099E-05,-3.99577E-05,-.002
2.608304,3.075623E-05,2.531349E-06,.001
2.609305,-2.3842E-06,4.517497E-05,6.66667E-04
2.610305,-5.722075E-06,2.188061E-05,.001
2.611306,9.77522E-06,5.460926E-05,-6.66667E-04
2.612306,-6.127404E-05,5.35252E-05,.001
2.613307,-3.194832E-05,-2.978384E-06,-3.66667E-03
2.614307,3.027928E-05,3.218665E-06,-.002
2.615308,-4.768408E-07,-2.172415E-05,-6.66667E-04
2.616308,1.6451E-05,-5.461113E-05,-6.66667E-04
2.617309,2.02657E-05,-3.701099E-05,-.001
2.618309,-1.001364E-05,-4.64099E-05,-6.66667E-04
2.61931,2.098095E-05,3.974914E-06,-.002
2.62031,2.527249E-05,5.460926E-05,-.002
2.621311,2.622619E-06,2.801433E-06,-.004
2.622311,3.504776E-05,-4.125969E-05,-6.66667E-04
2.623312,1.740467E-05,3.168196E-05,.001
2.624312,-1.33515E-05,2.428342E-05,-6.66667E-04
2.625313,1.549732E-05,1.117034E-05,-6.66667E-04
2.626313,-1.096731E-05,4.768395E-05,-.002
2.627314,-3.910088E-05,4.913687E-06,.001
2.628314,3.099456E-06,2.375257E-05,.002
2.629315,-7.629453E-06,5.460926E-05,-6.66667E-04
2.630315,-2.837193E-05,1.529616E-05,-6.66667E-04
2.631316,3.814726E-06,3.465847E-05,-.001
2.632316,9.536816E-07,5.234429E-05,-.002
2.633317,-7.152586E-06,-2.091765E-06,-.002
2.634317,1.382834E-05,3.138208E-05,-.001
2.635318,7.152586E-06,1.389541E-06,.001
2.636318,3.433251E-05,-3.161491E-05,-6.66667E-04
2.637319,5.102181E-05,-1.361413E-05,2.33333E-03
2.638319,-7.152594E-07,-4.824287E-07,-.001
2.63932,2.741825E-05,-8.201285E-06,6.66667E-04
2.64032,2.884876E-05,3.490434E-05,.001
2.641321,-1.144415E-05,3.342726E-05,-6.66667E-04
2.642321,2.145779E-05,-1.539488E-05,-6.66667E-04
2.643322,1.90736E-05,1.323601E-05,6.66667E-04
2.644322,-5.555176E-05,1.228793E-05,-.002
2.645323,1.454359E-05,-7.934905E-07,.001
2.646323,2.717983E-05,2.450135E-05,-.001
2.647324,-1.573574E-05,1.118338E-05,-.002
2.648324,5.483656E-06,2.807949E-05,-6.66667E-04
2.649325,-3.528618E-05,5.460926E-05,-6.66667E-04
2.650325,-5.507492E-05,-1.413755E-06,-.002
2.651326,4.482293E-05,-5.221023E-06,-2.33333E-03
2.652326,3.814721E-05,3.6577E-05,.001
2.653327,3.671669E-05,3.479436E-06,-6.66667E-04
2.654327,5.555176E-05,-7.918163E-06,-6.66667E-04
2.655328,1.859677E-05,3.626221E-05,-.002
2.656328,-6.437331E-06,-1.214264E-05,.001
2.657329,2.479565E-05,-3.756792E-05,6.66667E-04
2.658329,-3.2902E-05,-1.852785E-05,-.001
2.65933,-2.837193E-05,-2.647017E-05,-6.66667E-04
2.66033,2.050411E-05,-1.121318E-05,-.001
2.661331,-1.716625E-05,-2.114117E-06,-6.66667E-04
2.662331,1.358992E-05,-1.423998E-05,-.001
2.663332,3.981614E-05,2.972796E-06,-6.66667E-04
2.664332,-6.198912E-06,1.315035E-06,6.66667E-04
2.665333,2.408039E-05,-1.516758E-05,-6.66667E-04
2.666333,2.169621E-05,4.603551E-05,-.001
2.667334,-1.549732E-05,5.460926E-05,-6.66667E-04
2.668334,1.835835E-05,9.387768E-07,.001
2.669335,1.764309E-05,5.304842E-06,-6.66667E-04
2.670335,-1.33515E-05,-1.650315E-05,-6.66667E-04
2.671336,2.789509E-05,-3.764429E-05,6.66667E-04
2.672336,2.193463E-05,-1.582329E-05,.001
2.673337,-3.981614E-05,-4.358985E-05,-.002
2.674337,3.337875E-06,-5.461113E-05,-.001
2.675338,5.483656E-06,-9.046926E-06,.001
2.676338,-2.408039E-05,-5.206862E-05,6.66667E-04
2.677339,1.788151E-05,-2.56208E-05,-.001
2.678339,1.215941E-05,3.932812E-05,.001
2.67934,-2.574932E-05,-1.662422E-05,.001
2.68034,-2.861038E-06,-2.854888E-05,6.66667E-04
2.681341,-1.668942E-05,9.853466E-07,-.002
2.682341,-2.312672E-05,-2.655771E-05,.001
2.683342,-3.004086E-05,2.533212E-06,.001
2.684342,-4.506134E-05,1.002854E-05,2.33333E-03
2.685343,-4.482293E-05,-5.461113E-05,-6.66667E-04
2.686343,8.583127E-06,-7.102295E-06,-.002
2.687344,-7.867871E-06,2.533954E-05,6.66667E-04
2.688344,-5.722075E-06,1.33217E-05,-.002
2.689345,4.768408E-07,1.139945E-05,6.66667E-04
2.690345,-2.121937E-05,3.192588E-06,.001
2.691346,-2.098095E-05,-3.146217E-05,.002
2.692346,5.722075E-06,-2.338563E-05,6.66667E-04
2.693347,-3.218674E-05,-4.010298E-05,-6.66667E-04
2.694347,-1.740467E-05,-5.265349E-05,-.002
2.695348,9.536816E-07,2.118212E-05,6.66667E-04
2.696348,-3.767037E-05,5.167007E-06,6.66667E-04
2.697349,1.740467E-05,-3.100396E-05,-6.66667E-04
2.698349,3.123307E-05,3.876194E-06,-.001
2.69935,1.33515E-05,-2.13125E-05,-2.33333E-03
2.70035,4.148507E-05,3.360226E-06,-6.66667E-04
2.701351,1.478201E-05,4.100078E-05,-.001
2.702351,-2.169621E-05,2.174836E-05,-.002
2.703352,-5.245238E-06,3.169873E-05,-.001
2.704352,-1.001364E-05,1.478201E-05,-.001
2.705353,-3.576293E-06,-1.452683E-05,-.001
2.706353,3.93393E-05,2.896052E-05,-.002
2.707354,-1.811993E-05,4.493282E-05,.001
2.708354,-9.059964E-06,-5.215436E-06,-6.66667E-04
2.709355,2.145779E-05,-2.427225E-05,-6.66667E-04
2.710355,-8.821546E-06,-6.010785E-06,-.002
2.711356,2.694142E-05,-4.100637E-05,-.001
2.712356,8.630799E-05,-2.077047E-05,-6.66667E-04
2.713357,1.006131E-04,-3.154227E-05,-3.66667E-03
2.714357,1.528272E-04,-5.461113E-05,-6.66667E-04
2.715358,2.098093E-04,-5.076104E-05,-6.66667E-04
2.716358,1.986036E-04,-4.875311E-05,.001
2.717359,2.48434E-04,-5.461113E-05,-.001
2.718359,3.139991E-04,-4.818127E-05,-.002
2.71936,3.027935E-04,-5.461113E-05,-.001
2.72036,3.426094E-04,-5.461113E-05,-6.66667E-04
2.721361,3.781337E-04,-5.461113E-05,-6.66667E-04
2.722361,3.557224E-04,-5.461113E-05,.002
2.723362,3.952999E-04,-5.461113E-05,-6.66667E-04
2.724362,3.597755E-04,-5.461113E-05,.002
2.725363,3.101844E-04,-5.461113E-05,-.001
2.726363,3.073234E-04,-5.461113E-05,-.002
2.727364,2.45573E-04,-3.922381E-05,-6.66667E-04
2.728364,1.821527E-04,-5.461113E-05,6.66667E-04
2.729365,1.444826E-04,-4.077354E-05,6.66667E-04
2.730365,6.914185E-05,5.224749E-06,.001
2.731366,3.623986E-05,-5.10721E-05,-.002
2.732366,7.438706E-05,-2.710533E-05,-.001
2.733367,4.816079E-05,5.923241E-06,-6.66667E-04
2.734367,5.054497E-05,-2.751141E-06,6.66667E-04
2.735368,5.149865E-05,3.755488E-05,-6.66667E-04
2.736368,2.622619E-06,2.789509E-05,2.33333E-03
2.737369,2.074253E-05,-7.679744E-06,-.001
2.738369,6.294297E-05,1.260085E-05,2.33333E-03
2.73937,3.647828E-05,2.967208E-06,6.66667E-04
2.74037,5.412125E-05,-1.062459E-05,-6.66667E-04
2.741371,5.030655E-05,-1.458458E-06,-.002
2.742371,-8.583127E-06,-2.436354E-06,-.002
2.743372,3.743195E-05,1.043089E-06,-2.33333E-03
2.744372,5.078339E-05,2.532464E-05,-.001
2.745373,1.621258E-05,-2.346013E-05,-.001
2.746373,4.19619E-05,-2.421078E-05,6.66667E-04
2.747374,-7.867871E-06,1.504651E-05,-.002
2.748374,-4.386925E-05,-5.047792E-05,-.002
2.749375,3.910088E-05,-4.590699E-05,-.002
2.750375,3.719353E-05,1.481368E-05,-3.66667E-03
2.751376,6.914168E-06,-5.325332E-06,-.002
2.752376,2.884876E-05,9.510724E-06,-.002
2.753377,1.239782E-05,2.253067E-05,-.001
2.754377,-7.867871E-06,-3.047113E-05,-6.66667E-04
2.755378,2.145779E-05,-2.107036E-05,.001
2.756378,-3.17099E-05,-3.275485E-05,-.002
2.757379,-1.692784E-05,-5.461113E-05,-.002
2.758379,2.694142E-05,-4.124292E-05,-.002
2.75938,-4.339241E-05,-2.064195E-05,-2.33333E-03
2.76038,-5.912804E-05,-3.320002E-05,-.002
2.761381,-1.835835E-05,-1.860608E-05,-6.66667E-04
2.762381,-3.957772E-05,5.334645E-06,-.002
2.763382,-1.621258E-05,-1.58028E-05,-6.66667E-04
2.764382,8.821546E-06,8.802919E-06,-6.66667E-04
2.765383,2.861038E-06,8.912815E-06,.001
2.766383,2.741825E-05,-1.674902E-05,.001
2.767384,4.935288E-05,3.632176E-07,.002
2.768384,1.049048E-05,-2.939269E-06,.002
2.769385,4.768401E-06,-2.831232E-05,6.66667E-04
2.770385,4.482293E-05,2.063264E-05,6.66667E-04
2.771386,1.907363E-06,2.119143E-05,-6.66667E-04
2.772386,3.004086E-05,-6.696238E-06,6.66667E-04
2.773387,3.457093E-05,2.822478E-05,-.001
2.774387,1.716625E-05,-3.883644E-06,-2.33333E-03
2.775388,1.597416E-05,-3.380724E-05,6.66667E-04
2.776388,2.622619E-06,9.266718E-06,-6.66667E-04
2.777389,3.576302E-05,-2.241146E-05,-.001
2.778389,4.482293E-05,-2.084125E-05,-.001
2.77939,1.478201E-05,1.873833E-05,-2.33333E-03
2.78039,2.622619E-06,-1.296221E-05,-.002
2.781391,4.744553E-05,-1.931761E-05,-.001
2.782391,1.072889E-05,-5.526497E-06,-.002
2.783392,-4.053145E-06,-5.147816E-05,-.001
2.784392,9.536801E-06,-4.515634E-05,6.66667E-04
2.785393,-4.601502E-05,-3.244192E-05,-.001
2.786393,-3.123307E-05,-4.654401E-05,-6.66667E-04
2.787394,2.93256E-05,-2.104428E-05,.001
2.788394,-1.33515E-05,-1.374452E-05,6.66667E-04
2.789395,-2.384197E-05,-4.967884E-05,-.002
2.790395,7.629453E-06,-2.034765E-05,-6.66667E-04
2.791396,-2.956402E-05,-2.664526E-05,-6.66667E-04
2.792396,-9.536801E-06,-4.782923E-05,-6.66667E-04
2.793397,1.811993E-05,-6.137445E-06,.001
2.794397,-1.883518E-05,-1.437969E-06,.001
2.795398,-1.239782E-05,5.530223E-06,-3.66667E-03
2.796398,9.77522E-06,5.120621E-05,-6.66667E-04
2.797399,2.169621E-05,9.987561E-06,-6.66667E-04
2.798399,8.344697E-05,-1.129514E-05,-.001
2.7994,7.22413E-05,1.282064E-05,-6.66667E-04
2.8004,5.507492E-05,-1.208304E-05,6.66667E-04
2.801401,1.218324E-04,-1.745869E-05,6.66667E-04
2.802401,1.27078E-04,-1.262693E-05,-6.66667E-04
2.803402,1.437673E-04,-5.426467E-05,-6.66667E-04
2.804402,2.174387E-04,-3.712461E-05,2.33333E-03
2.805403,2.028951E-04,-9.83855E-06,.001
2.806403,1.759538E-04,-4.124665E-05,.001
2.807404,2.09094E-04,-4.266039E-05,-2.33333E-03
2.808404,1.935968E-04,-3.45821E-05,.001
2.809405,1.888284E-04,-5.461113E-05,6.66667E-04
2.810405,2.086172E-04,-4.336447E-05,6.66667E-04
2.811406,1.82868E-04,-1.049793E-05,-.001
2.812406,1.511583E-04,-2.7381E-05,-.001
2.813407,1.528272E-04,9.730516E-06,6.66667E-04
2.814407,9.751366E-05,-3.119945E-06,6.66667E-04
2.815408,9.512948E-05,-1.68198E-05,6.66667E-04
2.816408,8.082436E-05,2.979685E-05,-6.66667E-04
2.817409,-2.217304E-05,2.034765E-05,-.002
2.818409,-3.2902E-05,-2.037932E-05,-6.66667E-04
2.81941,-1.072889E-05,1.619768E-05,6.66667E-04
2.82041,-3.123307E-05,-1.069164E-05,.001
2.821411,2.622619E-06,-2.739404E-05,-.001
2.822411,2.622619E-06,-8.363335E-06,-.001
2.823412,-3.910088E-05,-5.461113E-05,-.001
2.824412,-8.344708E-06,-4.930072E-05,.001
2.825413,1.215941E-05,-1.080154E-05,-.001
2.826413,1.978886E-05,-4.247786E-05,-6.66667E-04
2.827414,8.583115E-05,-3.451691E-05,-6.66667E-04
2.828414,5.412125E-05,2.153232E-06,6.66667E-04
2.829415,1.931202E-05,-4.303479E-05,-6.66667E-04
2.830415,2.455723E-05,-3.098161E-05,.001
2.831416,-1.454359E-05,2.270017E-05,-.002
2.832416,-2.169621E-05,-4.354143E-05,-6.66667E-04
2.833417,2.193463E-05,-3.111199E-05,-6.66667E-04
2.834417,-1.144415E-05,-3.771871E-06,.001
2.835418,-7.867871E-06,-1.18465E-06,-6.66667E-04
2.836418,2.574932E-05,2.686877E-05,-.002
2.837419,-6.198912E-06,2.314721E-05,-.001
2.838419,2.408039E-05,-3.673718E-05,.002
2.83942,4.529976E-05,-1.297897E-05,-3.66667E-03
2.84042,1.072889E-05,-1.61418E-05,-.002
2.841421,5.030655E-05,-5.461113E-05,-3.66667E-03
2.842421,5.412125E-05,1.359738E-06,-.002
2.843422,-6.675749E-06,-2.725434E-05,6.66667E-04
2.844422,3.194832E-05,-2.512906E-05,.002
2.845423,2.193463E-05,3.329688E-05,-.001
2.846423,5.722075E-06,3.967271E-05,-.002
2.847424,2.980244E-05,3.059977E-05,6.66667E-04
2.848424,1.811993E-05,4.793168E-05,6.66667E-04
2.849425,-9.298383E-06,1.551591E-06,-6.66667E-04
2.850425,2.312672E-05,-1.946103E-05,6.66667E-04
2.851426,4.529982E-06,7.934905E-07,-6.66667E-04
2.852426,-2.717983E-05,-2.630998E-05,-.002
2.853427,1.931202E-05,3.999128E-06,-.002
2.854427,3.457093E-05,5.252683E-05,-.002
2.855428,2.384204E-07,3.6143E-05,6.66667E-04
2.856428,1.430517E-05,2.560404E-05,-6.66667E-04
2.857429,1.1921E-06,2.296281E-05,-.001
2.858429,-2.217304E-05,-2.660241E-05,-.001
2.85943,8.10629E-06,-1.89618E-06,6.66667E-04
2.86043,-3.433251E-05,9.540527E-06,-.001
2.861431,-2.861035E-05,-1.871597E-05,-.001
2.862431,-6.437331E-06,-3.65825E-06,.002
2.863432,-3.93393E-05,-1.580094E-05,6.66667E-04
2.864432,-1.358992E-05,-4.096539E-05,.001
2.865433,3.051781E-05,-3.073379E-06,-.001
2.866433,-2.622619E-06,-1.87793E-05,6.66667E-04
2.867434,1.525891E-05,-3.610202E-05,-2.33333E-03
2.868434,3.743195E-05,4.07605E-05,-.002
2.869435,-2.622619E-06,-1.00006E-05,-.001
2.870435,1.215941E-05,-4.10045E-05,6.66667E-04
2.871436,1.811993E-05,-1.565379E-05,-.001
2.872436,-5.006819E-06,-1.239782E-05,6.66667E-04
2.873437,4.363083E-05,-2.053019E-05,-6.66667E-04
2.874437,1.716625E-05,-3.473848E-06,-6.66667E-04
2.875438,2.145782E-06,-3.389106E-05,-.002
2.876438,4.863762E-05,-3.931881E-05,-.001
2.877439,3.099456E-06,-2.328132E-05,-.001
2.878439,-2.479565E-05,-5.461113E-05,2.33333E-03
2.87944,2.55109E-05,-4.944974E-05,6.66667E-04
2.88044,-5.960494E-06,-2.671048E-06,6.66667E-04
2.881441,-9.77522E-06,-1.17608E-05,6.66667E-04
2.882441,9.298383E-06,-2.731208E-05,-6.66667E-04
2.883442,-3.337875E-06,-1.063576E-05,-6.66667E-04
2.884442,1.215941E-05,-4.814588E-05,.001
2.885443,5.936646E-05,-4.123175E-05,6.66667E-04
2.886443,2.765667E-05,-1.618837E-05,-3.66667E-03
2.887444,1.215941E-05,-4.627579E-05,-.001
2.888444,2.93256E-05,-1.858E-05,.001
2.889445,7.629453E-06,-4.647329E-06,.002
2.890445,6.032013E-05,-2.604548E-05,-6.66667E-04
2.891446,1.077657E-04,2.444733E-05,-6.66667E-04
2.892446,9.942101E-05,2.714258E-05,.001
2.893447,1.347074E-04,-2.131623E-05,-.001
2.894447,1.630792E-04,1.245929E-05,-2.33333E-03
2.895448,1.330385E-04,-5.241134E-05,.001
2.896448,2.396116E-04,-5.461113E-05,-.001
2.897449,3.316421E-04,-5.461113E-05,-.001
2.898449,4.322547E-04,-5.461113E-05,.002
2.89945,5.512275E-04,-5.195686E-05,-6.66667E-04
2.90045,5.974807E-04,7.061317E-06,-3.66667E-03
2.901451,7.031001E-04,-5.461113E-05,6.66667E-04
2.902451,8.7047E-04,-5.461113E-05,6.66667E-04
2.903452,9.739436E-04,-5.461113E-05,6.66667E-04
2.904452,1.023777E-03,-5.461113E-05,-.001
2.905453,1.059301E-03,-5.461113E-05,6.66667E-04
2.906453,9.927824E-04,-5.461113E-05,-.001
2.907454,9.129085E-04,-5.461113E-05,.001
2.908454,8.573569E-04,-5.461113E-05,-.001
2.909455,7.081069E-04,-3.355206E-05,6.66667E-04
2.910455,5.838908E-04,-5.461113E-05,-.002
2.911456,5.052127E-04,-3.627711E-05,-.001
2.912456,3.53815E-04,1.873828E-06,.001
2.913457,2.629776E-04,-3.420212E-05,-3.66667E-03
2.914457,1.904974E-04,-2.609577E-05,.001
2.915458,9.560632E-05,-2.140377E-05,.002
2.916458,1.051431E-04,-4.731514E-05,-.001
2.917459,8.559274E-05,-1.859304E-05,.001
2.918459,4.720711E-05,-2.021913E-05,-6.66667E-04
2.91946,9.632157E-05,-3.317208E-05,-.001
2.92046,6.556557E-05,-1.122995E-05,-6.66667E-04
2.921461,2.169621E-05,-4.71177E-05,6.66667E-04
2.922461,5.459809E-05,-5.461113E-05,.001
2.923462,4.696869E-05,-3.171549E-05,-.001
2.924462,4.243874E-05,-3.551715E-05,.001
2.925463,5.745911E-05,-3.759214E-05,-.001
2.926463,5.22139E-05,-9.913056E-06,-6.66667E-04
2.927464,4.076981E-05,-4.676753E-05,-6.66667E-04
2.928464,9.298371E-05,-4.048296E-05,.001
2.929465,6.675767E-05,-2.138142E-05,-.002
2.930465,5.388283E-05,-5.04239E-05,-.001
2.931466,8.583115E-05,-5.325332E-06,-.002
2.932466,3.528618E-05,-4.98633E-06,-.001
2.933467,4.291564E-06,-5.461113E-05,-.001
2.934467,2.622616E-05,-2.64534E-05,-3.66667E-03
2.935468,-7.152594E-07,2.499684E-06,-6.66667E-04
2.936468,5.960494E-06,-5.461113E-05,-.001
2.937469,2.765667E-05,-3.033329E-05,-.001
2.938469,9.059964E-06,2.391089E-05,.002
2.93947,4.386925E-05,-9.205251E-06,.001
2.94047,6.914185E-05,1.529988E-05,-6.66667E-04
2.941471,3.814721E-05,7.618248E-06,-.002
2.942471,6.127404E-05,-1.008628E-05,-.001
2.943472,6.938027E-05,-5.628943E-06,-3.66667E-03
2.944472,3.623986E-05,-3.597722E-05,-6.66667E-04
2.945473,5.745911E-05,-4.348368E-05,-.001
2.946473,6.127404E-05,-1.516013E-05,-6.66667E-04
2.947474,9.536816E-07,-4.202896E-05,6.66667E-04
2.948474,2.360356E-05,-3.782124E-05,-6.66667E-04
2.949475,2.646458E-05,1.275173E-05,-.002
2.950475,7.152586E-06,-3.103004E-05,6.66667E-04
2.951476,3.790879E-05,-2.34266E-05,6.66667E-04
2.952476,2.217304E-05,5.647569E-06,-6.66667E-04
2.953477,2.908718E-05,-4.917406E-05,6.66667E-04
2.954477,7.128762E-05,-5.461113E-05,-.001
2.955478,4.83992E-05,-1.340738E-05,-6.66667E-04
2.956478,6.222771E-05,-5.461113E-05,6.66667E-04
2.957479,8.177804E-05,-2.872024E-05,-.001
2.958479,4.3154E-05,-1.039176E-05,-.002
2.95948,8.845376E-05,-1.827639E-05,6.66667E-04
2.96048,9.679841E-05,3.025506E-05,.001
2.961481,4.83992E-05,2.913375E-05,-.002
2.962481,5.126023E-05,-1.263624E-05,-6.66667E-04
2.963482,8.13012E-05,-3.393754E-06,6.66667E-04
2.964482,6.341981E-05,-2.31975E-05,-6.66667E-04
2.965483,1.111035E-04,-5.313964E-05,-.002
2.966483,1.06812E-04,-2.35067E-05,-6.66667E-04
2.967484,1.094346E-04,-2.004777E-05,-6.66667E-04
2.968484,1.449594E-04,-5.461113E-05,-.001
2.969485,1.478205E-04,-3.913254E-05,-6.66667E-04
2.970485,1.330385E-04,-5.461113E-05,6.66667E-04
2.971486,2.026567E-04,-5.461113E-05,.001
2.972486,2.303133E-04,-2.663035E-05,-6.66667E-04
2.973487,2.627391E-04,-5.461113E-05,-.001
2.974487,3.659744E-04,-4.912005E-05,-.002
2.975488,4.456062E-04,-4.342967E-05,-6.66667E-04
2.976488,5.569495E-04,-5.461113E-05,-.001
2.977489,7.247962E-04,-5.461113E-05,-.001
2.978489,8.137263E-04,-5.146326E-05,6.66667E-04
2.97949,9.260215E-04,-5.461113E-05,6.66667E-04
2.98049,.0010655,-5.461113E-05,2.33333E-03
2.981491,1.160152E-03,-5.461113E-05,6.66667E-04
2.982491,1.257189E-03,-5.461113E-05,-6.66667E-04
2.983492,1.316793E-03,-5.461113E-05,-.002
2.984492,1.283653E-03,-5.461113E-05,.001
2.985493,1.247652E-03,-5.461113E-05,-.002
2.986493,1.179464E-03,-5.161786E-05,.001
2.987494,1.007803E-03,-4.186877E-05,-.002
2.988494,8.907355E-04,-5.461113E-05,.001
2.989495,7.545985E-04,-2.621498E-05,-6.66667E-04
2.990495,6.256141E-04,-4.344271E-05,6.66667E-04
2.991496,5.240478E-04,-5.461113E-05,-6.66667E-04
2.992496,4.260559E-04,-4.217983E-05,2.33333E-03
2.993497,2.739448E-04,-3.721029E-05,.001
2.994497,2.417574E-04,-3.560283E-05,-6.66667E-04
2.995498,1.976499E-04,1.322485E-06,-.001
2.996498,1.406679E-04,-2.362963E-05,-2.33333E-03
2.997499,1.721391E-04,-1.519924E-05,-.001
2.998499,1.375685E-04,2.249714E-05,-6.66667E-04
2.9995,9.822892E-05,9.927957E-06,6.66667E-04
3.0005,9.965943E-05,3.489689E-05,-.002
3.001501,6.532716E-05,3.339187E-05,.001
3.002501,4.148507E-05,-3.099279E-05,-.001
3.003502,5.412125E-05,-3.079348E-05,-3.66667E-03
3.004502,-4.529982E-06,-2.897729E-05,-.001
3.005503,1.549732E-05,-4.51284E-05,-6.66667E-04
3.006503,6.604241E-05,-7.102295E-06,.002
3.007504,4.410767E-05,-2.603992E-06,-6.66667E-04
3.008504,8.630799E-05,-3.762566E-05,-6.66667E-04
3.009505,8.583115E-05,-2.889906E-05,.001
3.010505,4.386925E-05,-1.482485E-05,-2.33333E-03
3.011506,6.318139E-05,-4.180172E-05,-.002
3.012506,6.890344E-05,-3.106907E-06,.001
3.013507,3.576293E-06,5.848735E-06,-6.66667E-04
3.014507,1.811993E-05,-2.970558E-05,-6.66667E-04
3.015508,2.765667E-05,5.548849E-06,6.66667E-04
3.016508,2.503407E-05,-1.16658E-05,6.66667E-04
3.017509,6.365823E-05,-1.681421E-05,6.66667E-04
3.018509,7.700967E-05,1.187442E-05,.002
3.01951,3.242516E-05,-8.596166E-06,6.66667E-04
3.02051,5.078339E-05,2.523899E-06,-6.66667E-04
3.021511,5.579018E-05,2.6269E-05,-6.66667E-04
3.022511,2.741825E-05,-2.717052E-05,.001
3.023512,7.295655E-05,-1.478201E-05,-.001
3.024512,7.081078E-05,-9.078591E-06,-.002
3.025513,5.245232E-05,-4.182407E-05,-.001
3.026513,7.391023E-05,-2.86327E-05,-.001
3.027514,3.242516E-05,-9.013398E-06,-6.66667E-04
3.028514,5.435967E-05,-3.946223E-05,-.001
3.029515,9.036111E-05,-1.758349E-05,-.001
3.030515,4.386925E-05,-5.228474E-06,-.002
3.031516,5.22139E-05,-3.237673E-05,-6.66667E-04
3.032516,4.243874E-05,-2.088782E-05,-.002
3.033517,2.145782E-06,-4.170858E-05,6.66667E-04
3.034517,1.263624E-05,-4.411885E-05,-.002
3.035518,3.480935E-05,2.635657E-06,-.001
3.036518,1.478201E-05,-4.891335E-06,-6.66667E-04
3.037519,4.172348E-05,-5.072379E-05,.001
3.038519,2.765667E-05,-4.138448E-05,.001
3.03952,-2.28883E-05,-5.058968E-05,-.002
3.04052,4.076981E-05,-5.461113E-05,.001
3.041521,3.314042E-05,-1.758535E-05,6.66667E-04
3.042521,1.955044E-05,-4.67489E-05,-2.33333E-03
3.043522,5.102181E-05,-3.554136E-05,-.001
3.044522,4.363083E-05,3.02383E-05,-.002
3.045523,1.597416E-05,-3.023088E-06,-.001
3.046523,6.675767E-05,1.172913E-05,.001
3.047524,4.792237E-05,5.460926E-05,-.001
3.048524,6.437331E-06,2.681662E-05,-2.33333E-03
3.049525,3.957772E-05,3.211224E-05,-2.33333E-03
3.050525,2.241146E-05,2.772559E-05,-6.66667E-04
3.051526,1.668942E-05,-1.991924E-05,6.66667E-04
3.052526,4.220032E-05,-1.68999E-05,6.66667E-04
3.053527,1.430517E-05,-1.977768E-05,-.002
3.054527,4.57766E-05,-3.27623E-05,6.66667E-04
3.055528,4.696869E-05,-6.035007E-07,-6.66667E-04
3.056528,2.956402E-05,1.566492E-06,-6.66667E-04
3.057529,7.629441E-05,-4.670792E-05,2.33333E-03
3.058529,1.094346E-04,-1.896929E-05,-6.66667E-04
3.05953,8.201646E-05,-3.167638E-05,6.66667E-04
3.06053,1.161103E-04,-5.416037E-05,-6.66667E-04
3.061531,1.616487E-04,4.855945E-06,-2.33333E-03
3.062531,1.592645E-04,-1.934182E-05,-6.66667E-04
3.063532,2.131471E-04,-5.223812E-05,.001
3.064532,2.272138E-04,-1.16062E-05,-.001
3.065533,2.148161E-04,-4.536496E-05,-6.66667E-04
3.066533,2.508182E-04,-1.606171E-05,6.66667E-04
3.067534,2.386579E-04,1.297711E-05,-6.66667E-04
3.068534,2.22207E-04,-5.436526E-05,-.002
3.069535,2.379427E-04,-2.838869E-05,-6.66667E-04
3.070535,1.947889E-04,-2.555564E-06,-6.66667E-04
3.071536,1.575956E-04,-2.068107E-05,.002
3.072536,1.692781E-04,2.825647E-06,-2.33333E-03
3.073537,7.844018E-05,2.697122E-05,-6.66667E-04
3.074537,6.771134E-05,-3.220537E-05,.002
3.075538,6.747292E-05,-7.091119E-06,-2.33333E-03
3.076538,4.291564E-06,1.205139E-06,-.002
3.077539,2.3842E-06,-3.70054E-05,-6.66667E-04
3.078539,4.339241E-05,-1.465908E-05,.001
3.07954,6.294297E-05,-1.40444E-05,2.33333E-03
3.08054,9.608315E-05,-5.461113E-05,-6.66667E-04
3.081541,7.939385E-05,-1.444301E-05,-6.66667E-04
3.082541,2.455723E-05,1.826894E-05,-6.66667E-04
3.083542,3.480935E-05,-4.153728E-06,-3.66667E-03
3.084542,2.6703E-05,4.058168E-05,-.002
3.085543,-3.719353E-05,1.802866E-05,.002
3.086543,9.536816E-07,-1.335522E-05,6.66667E-04
3.087544,1.096731E-05,2.002358E-06,.002
3.088544,-2.789509E-05,-2.193276E-05,-.001
3.089545,2.408039E-05,-4.084245E-05,.001
3.090545,1.716625E-05,-1.011422E-05,-2.33333E-03
3.091546,2.861035E-05,-2.927345E-05,-.001
3.092546,7.605599E-05,-7.841794E-06,-6.66667E-04
3.093547,3.147149E-05,3.618211E-05,-6.66667E-04
3.094547,1.764309E-05,-6.2045E-06,-6.66667E-04
3.095548,4.220032E-05,-1.490122E-05,-6.66667E-04
3.096548,-1.072889E-05,-1.009373E-05,-.001
3.097549,3.814726E-06,-5.277456E-05,-6.66667E-04
3.098549,1.6451E-05,-4.21147E-06,.001
3.09955,-1.835835E-05,9.61317E-06,-.001
3.10055,3.027928E-05,-1.326211E-06,-6.66667E-04
3.101551,3.838562E-05,2.524641E-05,6.66667E-04
3.102551,-2.121937E-05,6.433605E-06,.001
3.103552,2.93256E-05,-3.912323E-05,-.001
3.104552,3.480935E-05,-2.598029E-05,6.66667E-04
3.105553,1.1921E-06,-1.168071E-05,-.001
3.106553,2.145779E-05,-2.788764E-05,-.001
3.107554,2.145779E-05,3.934302E-05,.001
3.108554,2.360356E-05,6.195187E-06,6.66667E-04
3.109555,4.434609E-05,-2.789136E-05,-.002
3.110555,3.147149E-05,6.981223E-06,.001
3.111556,-6.675749E-06,-2.929955E-06,-6.66667E-04
3.112556,1.549732E-05,-3.499925E-06,6.66667E-04
3.113557,9.536801E-06,2.412882E-05,-6.66667E-04
3.114557,-5.483656E-06,-1.147023E-05,6.66667E-04
3.115558,6.675767E-05,2.946719E-06,-.001
3.116558,8.177804E-05,1.527753E-05,-.001
3.117559,1.001363E-04,-5.183206E-05,-.001
3.118559,1.587877E-04,-3.389665E-05,-6.66667E-04
3.11956,1.461515E-04,-2.504152E-05,-.001
3.12056,1.740465E-04,-5.461113E-05,-6.66667E-04
3.121561,2.467651E-04,-3.162422E-05,.001
3.122561,2.574939E-04,-2.375257E-05,.001
3.123562,3.101844E-04,-5.461113E-05,6.66667E-04
3.124562,3.681201E-04,-5.461113E-05,-6.66667E-04
3.125563,3.588218E-04,-5.461113E-05,6.66667E-04
3.126563,4.007835E-04,-5.461113E-05,-.002
3.127564,4.220027E-04,-4.364573E-05,.001
3.128564,3.623981E-04,-4.298636E-05,-.002
3.129565,3.533382E-04,-4.354888E-05,-6.66667E-04
3.130565,2.99694E-04,1.153356E-05,-.002
3.131566,2.381811E-04,-3.872468E-06,-.001
3.132566,2.467651E-04,-2.1916E-05,-6.66667E-04
3.133567,2.00511E-04,-2.499681E-05,-.001
3.134567,1.449594E-04,-5.461113E-05,-6.66667E-04
3.135568,1.34469E-04,-4.997128E-05,-6.66667E-04
3.136568,7.74865E-05,1.041783E-05,-.001
3.137569,2.837193E-05,-2.968882E-05,-.002
3.138569,4.482293E-05,-3.345893E-05,6.66667E-04
3.13957,3.409409E-05,-1.174962E-05,-6.66667E-04
3.14057,5.245232E-05,-4.766905E-05,-.002
3.141571,6.961869E-05,8.788018E-06,-6.66667E-04
3.142571,-1.168257E-05,2.530229E-05,-.001
3.143572,-2.002728E-05,-1.423812E-05,-6.66667E-04
3.144572,4.363083E-05,-1.448212E-05,.001
3.145573,-3.814726E-06,-1.710665E-05,-.001
3.146573,8.821546E-06,-5.461113E-05,-.001
3.147574,1.239782E-05,-1.908105E-05,.001
3.148574,-1.311308E-05,-2.969071E-06,-6.66667E-04
3.149575,2.55109E-05,-3.304542E-05,-.001
3.150575,2.765667E-05,1.407607E-05,-.002
3.151576,2.145779E-05,-7.201015E-06,-.002
3.152576,3.910088E-05,-9.952171E-06,-6.66667E-04
3.153577,3.027928E-05,3.945851E-05,.001
3.154577,-1.168257E-05,6.694376E-06,.001
3.155578,2.479565E-05,-9.952171E-06,-6.66667E-04
3.156578,1.430517E-05,4.015141E-05,-.001
3.157579,5.722075E-06,-6.19705E-06,.001
3.158579,4.673027E-05,-2.33968E-05,-6.66667E-04
3.15958,1.072889E-05,2.292742E-05,-6.66667E-04
3.16058,-3.600144E-05,1.298271E-06,-6.66667E-04
3.161581,-8.344708E-06,-1.629267E-05,-.001
3.162581,-3.409409E-05,-6.118818E-06,6.66667E-04
3.163582,-3.886246E-05,-4.615099E-05,-6.66667E-04
3.164582,2.241146E-05,-2.242264E-05,-.001
3.165583,-4.172348E-05,2.006083E-06,-.001
3.166583,-7.152594E-07,-3.789575E-05,.001
3.167584,4.744553E-05,-2.380472E-05,-6.66667E-04
3.168584,3.027928E-05,-6.644084E-06,-6.66667E-04
3.169585,4.3154E-05,-5.461113E-05,-.002
3.170585,5.459809E-05,-8.978008E-06,-6.66667E-04
3.171586,-2.455723E-05,-1.18465E-06,-6.66667E-04
3.172586,0,-4.426413E-05,.001
3.173587,1.90736E-05,-1.697813E-05,6.66667E-04
3.174587,2.598774E-05,-2.682593E-05,6.66667E-04
3.175588,6.794976E-05,-4.72574E-05,-.001
3.176588,4.601502E-05,-1.54787E-05,-.001
3.177589,3.027928E-05,-4.738406E-05,-6.66667E-04
3.178589,8.988427E-05,-5.461113E-05,-6.66667E-04
3.17959,4.529976E-05,-6.955146E-06,6.66667E-04
3.18059,-4.053145E-06,-1.267722E-05,6.66667E-04
3.181591,5.459809E-05,-1.080526E-05,-6.66667E-04
3.182591,3.004086E-05,5.308568E-06,6.66667E-04
3.183592,-2.3842E-06,-5.14912E-05,-6.66667E-04
3.184592,2.93256E-05,-4.705251E-05,-.001
3.185593,2.241146E-05,-4.01868E-05,6.66667E-04
3.186593,6.032013E-05,-4.927651E-05,-.002
3.187594,5.960488E-05,-1.613062E-05,-.002
3.188594,-2.884876E-05,6.997987E-06,-6.66667E-04
3.189595,3.004086E-05,-2.384756E-05,-.002
3.190595,6.103562E-05,-8.69116E-06,-3.66667E-03
3.191596,4.363083E-05,-1.898047E-05,-6.66667E-04
3.192596,7.128762E-05,-4.349672E-05,-.002
3.193597,3.910088E-05,-2.004777E-05,-.001
3.194597,2.455723E-05,-5.027308E-06,-6.66667E-04
3.195598,6.46119E-05,-2.710905E-05,-.001
3.196598,4.768395E-05,1.681421E-05,6.66667E-04
3.197599,7.629453E-06,1.274614E-05,-6.66667E-04
3.198599,3.099465E-05,-2.409157E-05,-6.66667E-04
3.1996,-2.861038E-06,4.308322E-05,-.002
3.2006,-3.55246E-05,5.757465E-06,.001
3.201601,0,-2.2255E-05,-6.66667E-04
3.202601,-1.835835E-05,-2.224569E-05,-.001
3.203602,-1.1921E-06,-5.461113E-05,-.001
3.204602,5.459809E-05,-3.028859E-05,6.66667E-04
3.205603,-5.006819E-06,-4.831731E-06,-.002
3.206603,-4.529982E-06,-2.082076E-05,.002
3.207604,3.218674E-05,4.353031E-06,-6.66667E-04
3.208604,2.980244E-05,3.743009E-05,-6.66667E-04
3.209605,1.215941E-05,-1.748477E-05,-6.66667E-04
3.210605,3.814721E-05,5.876675E-06,-6.66667E-04
3.211606,-4.053145E-06,2.184336E-05,-6.66667E-04
3.212606,5.006819E-06,-4.423811E-06,6.66667E-04
3.213607,2.93256E-05,2.910767E-05,6.66667E-04
3.214607,3.099456E-06,1.4294E-05,-.001
3.215608,1.263624E-05,-1.079409E-05,6.66667E-04
3.216608,3.337875E-06,3.512041E-05,-.002
3.217609,-1.955044E-05,2.490741E-05,6.66667E-04
3.218609,-2.3842E-06,-2.486457E-05,-.001
3.21961,-1.120573E-05,-2.98025E-07,6.66667E-04
3.22061,-2.6703E-05,-3.797398E-05,-.002
3.221611,4.243874E-05,-3.041897E-05,-6.66667E-04
3.222611,4.005455E-05,2.044451E-05,-6.66667E-04
3.223612,1.978886E-05,1.074938E-05,.001
3.224612,2.717983E-05,1.720351E-05,.001
3.225613,1.764309E-05,4.653283E-05,6.66667E-04
3.226614,2.622619E-06,-1.146091E-05,-.001
3.227614,3.814721E-05,1.137896E-05,6.66667E-04
3.228614,-9.059964E-06,9.989424E-06,-.001
3.229615,-1.454359E-05,-3.69905E-05,6.66667E-04
3.230615,3.838562E-05,-4.151301E-05,-6.66667E-04
3.231616,1.716625E-05,-3.139698E-05,-6.66667E-04
3.232616,8.249329E-05,-5.035684E-05,-2.33333E-03
3.233617,1.213555E-04,-2.954912E-05,.001
3.234617,7.510232E-05,-3.27325E-05,-.001
3.235618,1.182561E-04,-5.461113E-05,-.001
3.236619,2.03372E-04,-3.642985E-05,-6.66667E-04
3.237619,2.317438E-04,-1.720351E-05,6.66667E-04
3.238619,3.17337E-04,-5.461113E-05,2.33333E-03
3.23962,3.390331E-04,-3.794418E-05,6.66667E-04
3.24062,2.956409E-04,-5.434291E-05,.001
3.241621,3.116149E-04,-5.317316E-05,6.66667E-04
3.242621,2.701301E-04,-2.17763E-05,-.001
3.243622,1.766691E-04,-4.366622E-05,-6.66667E-04
3.244622,1.692781E-04,-5.461113E-05,.001
3.245623,1.080041E-04,-2.566178E-05,6.66667E-04
3.246624,6.413506E-05,-3.891275E-05,-.002
3.247624,8.606957E-05,-1.821306E-05,-6.66667E-04
3.248624,4.19619E-05,2.146338E-05,6.66667E-04
3.249625,1.978886E-05,-1.474289E-05,-6.66667E-04
3.250625,3.528618E-05,7.189847E-07,-.001
3.251626,1.454359E-05,1.631503E-05,-6.66667E-04
3.252626,3.099465E-05,-2.432254E-05,.001
3.253627,4.649186E-05,-2.808883E-06,-2.33333E-03
3.254627,-1.454359E-05,-3.585243E-05,-6.66667E-04
3.255628,-6.914168E-06,-3.409409E-05,-6.66667E-04
3.256629,4.053145E-06,1.491053E-05,-.001
3.257629,-1.788151E-05,3.711157E-05,-2.33333E-03
3.258629,1.716625E-05,-9.22574E-06,6.66667E-04
3.25963,1.931202E-05,-6.035007E-07,-6.66667E-04
3.26063,-1.597416E-05,-1.702842E-05,-2.33333E-03
3.261631,-1.1921E-06,-3.522844E-05,-.001
3.262631,1.525891E-05,2.176512E-05,-.002
3.263632,-2.479565E-05,2.091203E-05,.001
3.264632,2.479565E-05,1.933251E-05,6.66667E-04
3.265633,4.076981E-05,5.460926E-05,-6.66667E-04
3.266634,2.503407E-05,-2.617031E-06,6.66667E-04
3.267634,5.459809E-05,-1.63541E-06,-.001
3.268634,1.502043E-05,4.796521E-05,-.001
3.269635,-5.722075E-06,5.377486E-06,.002
3.270635,3.981614E-05,5.045935E-06,.002
3.271636,-2.622619E-06,5.460926E-05,-.002
3.272636,-1.454359E-05,3.33006E-05,6.66667E-04
3.273637,2.02657E-05,4.088157E-05,-.001
3.274637,-1.1921E-06,4.004338E-05,-.002
3.275638,2.193463E-05,8.065312E-06,-6.66667E-04
3.276639,6.365823E-05,2.514024E-05,-.002
3.277639,-8.583127E-06,-2.359986E-06,6.66667E-04
3.278639,2.646458E-05,-4.598522E-05,-.001
3.27964,4.649186E-05,1.144788E-05,6.66667E-04
3.28064,4.768408E-07,1.345767E-05,-.001
3.281641,3.004086E-05,-2.294604E-05,-.002
3.282641,4.148507E-05,-2.199798E-06,2.33333E-03
3.283642,-4.053145E-06,-4.091137E-05,-6.66667E-04
3.284642,2.908718E-05,-4.952983E-05,-2.33333E-03
3.285643,3.957772E-05,2.210413E-05,-.002
3.286644,2.837193E-05,2.481055E-05,6.66667E-04
3.287644,3.409409E-05,1.797092E-05,-6.66667E-04
3.288644,3.480935E-05,5.460926E-05,-6.66667E-04
3.289645,-1.33515E-05,1.858186E-05,.001
3.290645,3.600144E-05,7.012888E-06,-6.66667E-04
3.291646,1.168257E-05,1.323974E-05,.001
3.292646,-2.121937E-05,-2.004404E-05,-.002
3.293647,7.629453E-06,-8.361472E-06,-6.66667E-04
3.294647,-2.479565E-05,1.695764E-05,.002
3.295648,-2.050411E-05,-8.143543E-06,-2.33333E-03
3.296649,1.311308E-05,-1.15671E-06,-6.66667E-04
3.297649,6.914168E-06,2.623175E-05,-.001
3.298649,3.147149E-05,4.85222E-06,-.001
3.29965,5.86512E-05,1.702656E-05,6.66667E-04
3.30065,4.768408E-07,1.130445E-05,6.66667E-04
3.301651,5.483656E-06,-4.376681E-05,-.001
3.302651,2.431881E-05,-2.095301E-05,-6.66667E-04
3.303652,-5.245238E-06,-3.295974E-05,6.66667E-04
3.304652,-1.406675E-05,-5.198107E-05,.001
3.305653,-3.099456E-06,-2.090086E-05,-.001
3.306653,-3.337883E-05,-1.801935E-05,-.002
3.307654,0,-4.372024E-05,-6.66667E-04
3.308654,-1.668937E-06,3.710404E-06,-.001
3.309655,-4.696869E-05,-1.229353E-06,-6.66667E-04
3.310655,-6.198912E-06,-1.314475E-05,-.001
3.311656,-2.598774E-05,3.691972E-05,6.66667E-04
3.312656,-4.029297E-05,3.53159E-06,-6.66667E-04
3.313657,4.768408E-07,-1.373148E-05,-.002
3.314657,2.3842E-06,2.7042E-05,-6.66667E-04
3.315658,-3.886246E-05,-2.1238E-05,-6.66667E-04
3.316658,-1.907363E-06,-1.355825E-05,6.66667E-04
3.317659,-1.883518E-05,1.43536E-05,.002
3.318659,-1.430519E-06,-4.913687E-06,6.66667E-04
3.31966,4.506134E-05,2.230715E-05,-.002
3.32066,3.242516E-05,3.118836E-05,-.002
3.321661,3.099465E-05,-3.962615E-05,.001
3.322661,1.835835E-05,-4.212954E-05,-6.66667E-04
3.323662,-1.788151E-05,-3.526756E-05,.001
3.324662,-3.814726E-06,-5.461113E-05,-2.33333E-03
3.325663,-1.144415E-05,-4.208111E-05,-3.66667E-03
3.326663,-5.769753E-05,-4.700781E-05,-6.66667E-04
3.327664,1.430519E-06,-5.461113E-05,-6.66667E-04
3.328664,3.409409E-05,9.788258E-06,2.33333E-03
3.329665,1.668937E-06,2.157886E-05,-.001
3.330665,4.744553E-05,-2.023031E-05,6.66667E-04
3.331666,3.743195E-05,3.580019E-06,-.002
3.332666,-6.198912E-06,-2.124172E-05,-.001
3.333667,4.744553E-05,-5.461113E-05,-.001
3.334667,3.647828E-05,-3.16056E-05,-.001
3.335668,4.57766E-05,-5.461113E-05,-.002
3.336668,8.463906E-05,-3.593252E-05,-3.66667E-03
3.337669,4.100823E-05,4.281872E-05,-.001
3.338669,1.406675E-05,-6.77447E-06,.001
3.33967,5.698227E-05,6.593793E-06,-.001
3.34067,2.241146E-05,2.115604E-05,.001
3.341671,-8.344708E-06,-9.991287E-06,.002
3.342671,-2.384204E-07,1.022039E-05,-2.33333E-03
3.343672,-2.908718E-05,4.152977E-05,-6.66667E-04
3.344672,-8.821546E-06,-1.007138E-05,6.66667E-04
3.345673,4.720711E-05,-1.262881E-06,6.66667E-04
3.346673,-7.629453E-06,2.691534E-05,6.66667E-04
3.347674,-1.263624E-05,-4.13509E-07,-6.66667E-04
3.348674,9.059964E-06,4.85967E-06,-.002
3.349675,-2.121937E-05,-1.809758E-05,-.002
3.350675,1.692784E-05,-3.866688E-05,6.66667E-04
3.351676,6.198912E-06,-4.163041E-06,-.001
3.352676,-2.55109E-05,-1.529616E-05,-6.66667E-04
3.353677,7.152594E-07,-4.514516E-05,-.001
3.354677,-1.430517E-05,-1.515081E-05,6.66667E-04
3.355678,-1.215941E-05,-2.56357E-05,-.001
3.356678,6.437348E-05,-2.294418E-05,-6.66667E-04
3.357679,4.887604E-05,2.418656E-05,.001
3.358679,6.198912E-06,1.31876E-06,-.001
3.35968,3.314042E-05,-4.651054E-06,-6.66667E-04
3.36068,1.764309E-05,-7.156312E-06,.002
3.361681,-3.576293E-06,-3.284984E-05,-.002
3.362681,1.049048E-05,-1.96175E-05,-2.33333E-03
3.363682,-1.573574E-05,1.493102E-05,-6.66667E-04
3.364682,-2.956402E-05,-1.815904E-05,-6.66667E-04
3.365683,2.622619E-06,-1.432752E-05,-6.66667E-04
3.366683,-4.601502E-05,5.643851E-07,-.002
3.367684,-4.005455E-05,-1.615298E-05,-.001
3.368684,-1.502043E-05,6.891816E-06,6.66667E-04
3.369685,-7.557916E-05,7.474824E-06,-6.66667E-04
3.370685,-4.291558E-05,-2.798077E-05,.001
3.371686,-1.430517E-05,-5.522772E-06,-.001
3.372686,-2.956402E-05,-2.551838E-06,-2.33333E-03
3.373687,4.076981E-05,-8.283241E-06,-.001
3.374687,2.6703E-05,4.633167E-05,-.002
3.375688,-8.344708E-06,2.471745E-06,.001
3.376688,2.598774E-05,-2.673652E-05,.001
3.377689,-2.074253E-05,3.125533E-06,.001
3.378689,-5.388283E-05,-5.044998E-05,-6.66667E-04
3.37969,6.914168E-06,-5.461113E-05,-.002
3.38069,-2.455723E-05,-1.380785E-05,-.001
3.381691,-8.082436E-05,-3.158324E-05,.001
3.382691,-1.454359E-05,-1.054077E-05,-.001
3.383692,-2.169621E-05,1.345767E-05,-.001
3.384692,-4.053145E-06,-4.094123E-06,6.66667E-04
3.385693,4.863762E-05,2.384384E-05,-6.66667E-04
3.386693,-2.145779E-05,3.394694E-05,-6.66667E-04
3.387694,-1.597416E-05,-1.928967E-05,.001
3.388694,7.152594E-07,-1.843844E-05,6.66667E-04
3.389695,-2.956402E-05,-2.477336E-07,-6.66667E-04
3.390696,-1.716625E-05,-4.573935E-05,-6.66667E-04
3.391696,2.956402E-05,-1.395127E-05,-6.66667E-04
3.392696,-2.527249E-05,-1.840864E-05,6.66667E-04
3.393697,-1.454359E-05,-4.941993E-05,-6.66667E-04
3.394697,1.192099E-05,1.538184E-05,.001
3.395698,-3.743195E-05,2.854702E-05,-6.66667E-04
3.396698,-7.391005E-06,-5.304842E-06,-3.66667E-03
3.397699,-4.529982E-06,2.500054E-05,-.002
3.398699,-4.57766E-05,-1.893204E-05,-.001
3.3997,-3.099456E-06,-4.385808E-05,6.66667E-04
3.400701,1.287466E-05,-1.741399E-05,-.001
3.401701,-7.629453E-06,-5.461113E-05,-.002
3.402701,2.312672E-05,-2.845947E-05,.001
3.403702,1.478201E-05,3.459328E-05,-6.66667E-04
3.404702,-2.646458E-05,5.584239E-06,-.001
3.405703,4.148507E-05,-7.808267E-06,-6.66667E-04
3.406703,2.861035E-05,9.356125E-06,-.001
3.407704,5.006819E-06,-2.150063E-05,6.66667E-04
3.408704,1.90736E-05,-5.751877E-06,-6.66667E-04
3.409705,-2.384197E-05,3.559911E-05,-6.66667E-04
3.410706,-1.406675E-05,1.773245E-06,-3.66667E-03
3.411706,2.861035E-05,1.385255E-05,-.001
3.412706,-5.960494E-06,2.385129E-05,.001
3.413707,-1.931202E-05,-2.732698E-05,-.001
3.414707,-7.867871E-06,1.281133E-05,-.002
3.415708,-5.197548E-05,9.22013E-07,-.001
3.416708,-1.788151E-05,-3.789761E-05,-.004
3.417709,2.145782E-06,-5.133479E-06,-6.66667E-04
3.418709,-4.053139E-05,-2.615538E-05,6.66667E-04
3.41971,4.291564E-06,-4.79205E-05,-.001
3.420711,-2.861038E-06,-5.811482E-06,-.001
3.421711,-3.743195E-05,-4.389533E-05,-.001
3.422711,1.931202E-05,-5.461113E-05,-.002
3.423712,8.821546E-06,-1.050538E-05,-6.66667E-04
3.424712,5.960494E-06,-2.165895E-05,-.002
3.425713,3.194832E-05,-2.640497E-05,-.001
3.426713,1.978886E-05,5.198672E-06,-.001
3.427714,1.955044E-05,-2.37507E-05,-6.66667E-04
3.428714,9.41758E-05,9.374751E-06,-6.66667E-04
3.429715,5.86512E-05,4.554749E-05,-.002
3.430716,3.314042E-05,-1.733948E-05,-.002
3.431716,4.267716E-05,2.031785E-05,-.002
3.432716,-5.006819E-06,2.204638E-05,-6.66667E-04
3.433717,4.768401E-06,-4.509493E-06,-6.66667E-04
3.434717,2.360356E-05,3.409036E-05,6.66667E-04
3.435718,-6.914168E-06,4.575984E-05,-.002
3.436718,3.147149E-05,-1.590338E-05,-.002
3.437719,3.981614E-05,4.939764E-06,-6.66667E-04
3.438719,-2.002728E-05,-1.821679E-05,.002
3.43972,2.741825E-05,-2.915424E-05,-2.33333E-03
3.440721,4.19619E-05,8.011295E-06,-.001
3.441721,1.382834E-05,-1.646962E-05,-6.66667E-04
3.442721,5.197548E-05,-1.698185E-05,-.001
3.443722,3.743195E-05,1.005275E-05,2.33333E-03
3.444722,1.406675E-05,1.11424E-05,-6.66667E-04
3.445723,5.102181E-05,2.669185E-06,.001
3.446723,1.859677E-05,1.230842E-05,-6.66667E-04
3.447724,-1.478201E-05,-2.012227E-05,-6.66667E-04
3.448724,2.6703E-05,-1.747168E-06,-.002
3.449725,7.152586E-06,3.965601E-06,-6.66667E-04
3.450726,-1.120573E-05,-4.608207E-05,-.002
3.451726,2.074253E-05,-2.481058E-06,-6.66667E-04
3.452726,-3.17099E-05,2.090458E-05,-.002
3.453727,-1.049048E-05,-3.099465E-05,.001
3.454727,1.6451E-05,6.165385E-06,6.66667E-04
3.455728,-2.694142E-05,3.468269E-05,-.002
3.456728,8.10629E-06,-2.266106E-05,.001
3.457729,2.622616E-05,-1.689245E-05,-.001
3.458729,2.622619E-06,-1.641002E-05,6.66667E-04
3.45973,2.6703E-05,-2.844457E-05,-6.66667E-04
3.460731,3.981614E-05,2.849114E-05,-.001
3.461731,-2.861035E-05,2.899033E-05,.001
3.462731,-1.788151E-05,3.596782E-06,-.002
3.463732,-2.6703E-05,3.622496E-05,-.001
3.464732,-5.86512E-05,-7.204741E-06,6.66667E-04
3.465733,-5.722075E-06,-9.90188E-06,-.001
3.466733,1.311308E-05,1.217803E-05,6.66667E-04
3.467734,7.629453E-06,-1.22395E-05,6.66667E-04
3.468734,5.292916E-05,-1.088536E-05,-2.33333E-03
3.469735,2.121937E-05,1.906243E-05,-.002
3.470736,-1.168257E-05,-5.461113E-05,-6.66667E-04
3.471736,-8.344708E-06,-3.109523E-05,-.002
3.472736,-4.124665E-05,1.710292E-05,.001
3.473737,-1.120573E-05,-3.22687E-05,-6.66667E-04
3.474737,4.19619E-05,-1.365326E-06,-.001
3.475738,7.391005E-06,1.340179E-05,-6.66667E-04
3.476738,1.239782E-05,-3.7255E-05,-.002
3.477739,3.695511E-05,-1.484907E-05,-.001
3.478739,-5.245238E-06,-3.483165E-07,6.66667E-04
3.47974,2.694142E-05,-4.326954E-06,-6.66667E-04
3.480741,1.978886E-05,3.093318E-05,-.001
3.481741,-2.861035E-05,1.525512E-05,-.002
3.482741,7.629453E-06,-1.485279E-05,.001
3.483742,1.859677E-05,2.799567E-05,-6.66667E-04
3.484742,-2.694142E-05,-4.209596E-07,-.002
3.485743,2.765667E-05,-3.734618E-06,6.66667E-04
3.486743,1.573574E-05,4.68588E-05,-6.66667E-04
3.487744,2.598774E-05,1.335709E-05,.001
3.488744,3.910088E-05,-1.218362E-05,-.001
3.489745,-1.668937E-06,1.986709E-05,.001
3.490746,-3.457093E-05,-4.364573E-05,-6.66667E-04
3.491746,2.360356E-05,-1.991738E-05,-2.33333E-03
3.492746,2.145782E-06,1.112191E-05,-2.33333E-03
3.493747,-8.344708E-06,-5.461113E-05,-6.66667E-04
3.494747,3.361725E-05,-1.713086E-05,-.001
3.495748,-4.053145E-06,3.551529E-05,-.001
3.496748,5.483656E-06,-2.299633E-05,-.001
3.497749,3.147149E-05,1.324905E-05,-.002
3.498749,-2.074253E-05,1.199922E-05,-.002
3.49975,7.629453E-06,-1.825401E-07,.002
3.500751,6.914168E-06,2.260145E-05,-6.66667E-04
3.501751,-2.169621E-05,-1.123181E-05,-.001
3.502751,8.344708E-06,-3.934489E-05,.001
3.503752,3.576293E-06,1.213519E-05,-.002
3.504752,-3.361725E-05,-1.875691E-06,-6.66667E-04
3.505753,8.10629E-06,-3.47367E-05,-.002
3.506753,9.536801E-06,6.724178E-06,-.002
3.507754,-2.93256E-05,-1.539674E-05,-.002
3.508754,6.675749E-06,-2.577726E-05,6.66667E-04
3.509755,-1.287466E-05,-2.408412E-05,.001
3.510756,-4.649186E-05,-3.234879E-05,-6.66667E-04
3.511756,-1.621258E-05,-7.964729E-06,-.002
3.512756,0,2.580148E-05,-6.66667E-04
3.513757,-1.33515E-05,-2.225876E-06,-6.66667E-04
3.514757,6.365823E-05,3.201165E-05,-.002
3.515758,2.980244E-05,3.315532E-05,-.001
3.516758,3.099465E-05,3.518551E-06,-.002
3.517759,4.243874E-05,2.449576E-05,-.001
3.518759,-1.239782E-05,2.186757E-05,6.66667E-04
3.51976,-3.337875E-06,-2.03104E-05,.001
3.520761,2.527249E-05,9.629934E-06,-6.66667E-04
3.521761,-1.621258E-05,-1.18204E-05,-6.66667E-04
3.522761,2.622619E-06,-2.56357E-05,-6.66667E-04
3.523762,3.027928E-05,3.571087E-05,.001
3.524762,6.914168E-06,1.815532E-05,-6.66667E-04
3.525763,7.891702E-05,-3.221468E-05,.001
3.526763,7.319497E-05,1.747173E-05,-2.33333E-03
3.527764,1.311308E-05,-2.126594E-05,-6.66667E-04
3.528764,1.978886E-05,-3.271201E-05,-.001
3.529765,-1.430517E-05,9.821786E-06,.001
3.530766,-6.628083E-05,5.133479E-06,6.66667E-04
3.531766,-5.340599E-05,7.694645E-06,-.002
3.532766,-3.695511E-05,1.964916E-05,-6.66667E-04
3.533767,7.152586E-06,-1.860608E-05,-.002
3.534767,3.480935E-05,1.907919E-05,2.33333E-03
3.535768,-9.059964E-06,2.25791E-05,-.001
3.536768,-5.722075E-06,-7.871597E-06,-6.66667E-04
3.537769,1.573574E-05,-3.25033E-06,-.002
3.538769,-4.076981E-05,-1.172727E-05,6.66667E-04
3.53977,-2.02657E-05,-5.461113E-05,6.66667E-04
3.540771,9.77522E-06,-2.818566E-05,-6.66667E-04
3.541771,-1.883518E-05,-4.277402E-05,-.002
3.542771,8.344708E-06,-5.461113E-05,6.66667E-04
3.543772,1.406675E-05,-7.879025E-07,-.002
3.544772,-1.788151E-05,-1.415616E-05,-6.66667E-04
3.545773,1.6451E-05,-4.737289E-05,-.002
3.546773,1.716625E-05,4.904374E-06,.001
3.547774,-1.549732E-05,-1.533341E-05,-.001
3.548774,2.93256E-05,-5.461113E-05,-.001
3.549775,2.789509E-05,-1.265301E-05,.002
3.550776,-7.152594E-07,-5.461113E-05,6.66667E-04
3.551776,4.863762E-05,-4.595728E-05,6.66667E-04
3.552776,1.406675E-05,1.023902E-05,-.002
3.553777,6.437331E-06,-1.901768E-06,-6.66667E-04
3.554777,2.55109E-05,8.16962E-06,-6.66667E-04
3.555778,-3.218674E-05,1.534645E-05,-6.66667E-04
3.556778,-2.884876E-05,-4.117959E-05,-.002
3.557779,-8.583127E-06,-1.035078E-05,6.66667E-04
3.558779,-3.385567E-05,1.338316E-05,-.001
3.55978,-8.10629E-06,-1.905311E-05,-6.66667E-04
3.560781,3.266358E-05,1.64808E-05,6.66667E-04
3.561781,8.10629E-06,1.725752E-05,-6.66667E-04
3.562781,2.741825E-05,-2.830673E-05,-.002
3.563782,2.121937E-05,1.476711E-05,6.66667E-04
3.564783,-2.098095E-05,-1.903635E-05,.001
3.565783,1.6451E-05,-3.829249E-05,-2.33333E-03
3.566783,1.025206E-05,5.811489E-07,-.001
3.567784,-1.668937E-06,-1.444115E-05,-6.66667E-04
3.568784,3.266358E-05,-1.709547E-05,-6.66667E-04
3.569785,-4.768408E-07,5.645707E-06,.001
3.570786,-3.314042E-05,-5.461113E-05,6.66667E-04
3.571786,2.193463E-05,-1.280202E-05,6.66667E-04
3.572786,-1.287466E-05,4.371651E-05,6.66667E-04
3.573787,6.198912E-06,2.050225E-05,-6.66667E-04
3.574788,4.148507E-05,2.936844E-05,-6.66667E-04
3.575788,2.408039E-05,2.567295E-05,-.002
3.576788,-2.861038E-06,-2.161425E-05,-6.66667E-04
3.577789,4.19619E-05,-5.293667E-06,.002
3.578789,-1.502043E-05,9.62062E-06,-.001
3.57979,-2.193463E-05,-3.197812E-05,-6.66667E-04
3.580791,1.454359E-05,-7.089257E-06,.001
3.581791,-3.099456E-06,-1.173471E-07,-.001
3.582791,3.099465E-05,-2.739963E-05,-6.66667E-04
3.583792,4.243874E-05,-3.520414E-06,-.002
3.584793,-1.692784E-05,-7.35189E-06,.001
3.585793,2.813351E-05,-3.206008E-05,-3.66667E-03
3.586793,3.576302E-05,3.290386E-05,6.66667E-04
3.587794,3.457093E-05,-1.474662E-05,-.001
3.588794,5.173706E-05,-1.526822E-05,-.001
3.589795,1.90736E-05,5.414546E-05,-6.66667E-04
3.590796,-5.483651E-05,5.460926E-05,-6.66667E-04
3.591796,-3.194832E-05,3.484101E-05,6.66667E-04
3.592796,-4.601502E-05,2.670113E-05,-6.66667E-04
3.593797,-4.076981E-05,-2.874446E-05,-.001
3.594798,2.312672E-05,-1.503162E-06,-.001
3.595798,-2.169621E-05,2.547738E-05,-6.66667E-04
3.596798,-1.788151E-05,-1.194148E-05,-.001
3.597799,1.597416E-05,2.210785E-05,6.66667E-04
3.598799,-1.502043E-05,1.8241E-05,-.001
3.5998,-1.764309E-05,-9.741692E-06,6.66667E-04
3.600801,-2.312672E-05,1.509121E-05,.002
3.601801,-5.555176E-05,1.921703E-05,-.001
3.602801,-4.291564E-06,-2.706994E-05,-.001
3.603802,2.098095E-05,4.993781E-06,.002
3.604803,-3.194832E-05,-1.216872E-05,-3.66667E-03
3.605803,-8.10629E-06,-1.130259E-05,-.001
3.606803,-5.722075E-06,4.533515E-05,-6.66667E-04
3.607804,-1.025206E-05,2.21004E-05,-6.66667E-04
3.608804,1.811993E-05,2.918404E-05,6.66667E-04
3.609805,-4.053145E-06,5.460926E-05,-6.66667E-04
3.610806,4.291564E-06,-3.561392E-06,-.002
3.611806,3.504776E-05,-3.141561E-05,.001
3.612806,1.978886E-05,-2.00012E-05,-.001
3.613807,2.121937E-05,-4.260824E-05,-6.66667E-04
3.614808,4.57766E-05,-1.478946E-05,-2.33333E-03
3.615808,2.098095E-05,-1.776971E-06,-.001
3.616808,-1.430519E-06,-5.461113E-05,-.001
3.617809,2.28883E-05,-9.050651E-06,-.002
3.618809,-1.549732E-05,-9.438081E-06,.002
3.61981,1.883518E-05,-5.461113E-05,-.002
3.620811,5.579018E-05,3.569224E-05,6.66667E-04
3.621811,-2.241146E-05,5.460926E-05,2.33333E-03
3.622811,-4.148507E-05,1.717557E-05,-6.66667E-04
3.623812,3.337875E-06,3.607594E-05,-.002
3.624813,-4.053145E-06,1.263624E-05,-.001
3.625813,3.194832E-05,-2.730277E-05,-6.66667E-04
3.626813,2.002728E-05,2.954726E-05,.001
3.627814,-4.339241E-05,3.6577E-05,-.001
3.628814,-2.050411E-05,1.669873E-05,-.001
3.629815,-2.384197E-05,4.105666E-05,6.66667E-04
3.630816,-2.765667E-05,-3.397479E-06,-6.66667E-04
3.631816,1.549732E-05,-2.908346E-05,-.002
3.632816,-1.835835E-05,3.081583E-05,-.001
3.633817,5.483656E-06,2.909466E-06,6.66667E-04
3.634818,2.574932E-05,1.764123E-05,-2.33333E-03
3.635818,5.006819E-06,3.982545E-05,-.001
3.636818,-3.337875E-06,-8.761941E-06,-6.66667E-04
3.637819,2.837193E-05,-4.924863E-06,6.66667E-04
3.638819,-9.536801E-06,4.557922E-06,-6.66667E-04
3.63982,4.005455E-05,-5.200715E-05,.001
3.640821,6.127404E-05,-3.374391E-05,6.66667E-04
3.641821,1.955044E-05,-1.043273E-05,-6.66667E-04
3.642821,3.433251E-05,-2.745737E-05,-.001
3.643822,4.148507E-05,4.166574E-05,6.66667E-04
3.644823,-2.169621E-05,3.471808E-05,6.66667E-04
3.645823,-1.072889E-05,-8.484407E-06,.001
3.646823,-4.768401E-06,2.609391E-05,-.001
3.647824,-1.239782E-05,-9.862764E-06,3.66667E-03
3.648824,5.22139E-05,-3.386871E-05,.002
3.649825,5.054497E-05,2.09139E-05,-6.66667E-04
3.650826,5.245238E-06,-6.649672E-06,-2.33333E-03
3.651826,1.955044E-05,-1.571153E-05,-6.66667E-04
3.652826,-2.884876E-05,2.482359E-05,.002
3.653827,-1.025206E-05,-4.971429E-06,6.66667E-04
3.654828,1.597416E-05,4.088535E-06,.001
3.655828,2.145782E-06,1.640816E-05,6.66667E-04
3.656828,1.001364E-05,-2.8154E-05,-.002
3.657829,3.55246E-05,1.457153E-05,-6.66667E-04
3.658829,-9.536801E-06,4.604668E-05,-6.66667E-04
3.65983,-1.049048E-05,-2.477143E-05,.002
3.66083,3.385567E-05,-8.918403E-06,.001
3.661831,-4.529982E-06,7.923751E-06,.001
3.662831,1.430517E-05,-3.119395E-05,-2.33333E-03
3.663832,3.719353E-05,1.872529E-05,-.001
3.664833,5.483656E-06,-1.016079E-05,.002
3.665833,3.814721E-05,-5.461113E-05,-.001
3.666833,5.292916E-05,1.730036E-05,.001
3.667834,3.004086E-05,2.064754E-05,.001
3.668834,4.076981E-05,-4.692032E-06,6.66667E-04
3.669835,2.264988E-05,4.004338E-05,-6.66667E-04
3.670835,-9.536801E-06,1.159689E-05,6.66667E-04
3.671836,5.674385E-05,-2.615168E-06,-6.66667E-04
3.672836,3.2902E-05,5.460926E-05,6.66667E-04
3.673837,-2.55109E-05,9.192212E-06,-.001
3.674838,1.811993E-05,6.727903E-06,-.001
3.675838,9.059964E-06,2.938707E-05,-.002
3.676838,-1.955044E-05,-2.271135E-05,-.001
3.677839,4.363083E-05,-1.918534E-07,-6.66667E-04
3.678839,1.597416E-05,4.120381E-05,6.66667E-04
3.67984,1.311308E-05,-1.439644E-05,-6.66667E-04
3.68084,2.765667E-05,3.421694E-06,6.66667E-04
3.681841,-9.536816E-07,2.656144E-05,2.33333E-03
3.682841,-2.861038E-06,-3.13113E-05,6.66667E-04
3.683842,4.148507E-05,1.853902E-05,-5.33333E-03
3.684843,9.298383E-06,2.057489E-05,6.66667E-04
3.685843,3.576302E-05,-3.832788E-05,-.001
3.686843,4.649186E-05,-4.528119E-06,-.001
3.687844,9.77522E-06,-2.102752E-05,-6.66667E-04
3.688844,4.124665E-05,-2.137769E-05,-.002
3.689845,3.600144E-05,5.460926E-05,-6.66667E-04
3.690845,-1.573574E-05,5.460926E-05,.001
3.691846,2.861035E-05,1.450448E-05,-2.33333E-03
3.692847,-1.692784E-05,2.171297E-05,-6.66667E-04
3.693847,-4.720711E-05,-1.272006E-05,-.002
3.694848,-1.120573E-05,2.381031E-05,6.66667E-04
3.695848,-1.692784E-05,2.826203E-05,-.001
3.696848,-1.6451E-05,-1.173474E-06,.001
3.697849,1.001364E-05,1.926732E-05,2.33333E-03
3.698849,-2.55109E-05,5.39592E-05,.001
3.69985,-3.075623E-05,-2.59449E-05,-6.66667E-04
3.70085,2.169621E-05,-5.351409E-06,6.66667E-04
3.701851,1.597416E-05,4.36476E-05,-6.66667E-04
3.702852,2.503407E-05,3.352776E-06,-.001
3.703852,5.22139E-05,7.582858E-06,6.66667E-04
3.704853,1.382834E-05,1.244439E-05,-.002
3.705853,-1.597416E-05,-1.475221E-05,-2.33333E-03
3.706853,-9.536801E-06,2.227735E-05,-.002
3.707854,-3.123307E-05,2.730091E-05,-.001
3.708854,-1.072889E-05,-1.273683E-05,.001
3.709855,-2.336514E-05,2.304662E-05,6.66667E-04
3.710855,-7.557916E-05,1.800258E-05,-6.66667E-04
3.711856,-1.454359E-05,-3.509619E-05,.001
3.712857,-3.123307E-05,-1.273496E-05,-6.66667E-04
3.713857,-3.528618E-05,-4.055933E-05,-2.33333E-03
3.714858,2.360356E-05,-1.517317E-05,-6.66667E-04
3.715858,2.050411E-05,1.716998E-05,-6.66667E-04
3.716858,-3.099456E-06,-1.15615E-05,.001
3.717859,2.121937E-05,-6.52115E-06,-6.66667E-04
3.718859,-5.006819E-06,2.677937E-05,-6.66667E-04
3.71986,-1.6451E-05,-2.017259E-06,-6.66667E-04
3.72086,1.811993E-05,-1.364952E-05,-2.33333E-03
3.721861,1.430519E-06,-1.292123E-05,-6.66667E-04
3.722862,1.788151E-05,-3.879354E-05,-.001
3.723862,1.978886E-05,7.020339E-06,-.002
3.724863,1.668937E-06,3.270642E-05,.001
3.725863,2.455723E-05,-2.204825E-05,.001
3.726863,7.128762E-05,1.393823E-05,-6.66667E-04
3.727864,0,-1.558673E-05,6.66667E-04
3.728864,3.767037E-05,-5.461113E-05,-.002
3.729865,3.266358E-05,2.738103E-06,.001
3.730865,-1.955044E-05,-1.28579E-05,.002
3.731866,1.6451E-05,-3.44927E-05,.001
3.732867,2.503407E-05,-1.901768E-06,-.001
3.733867,-7.152594E-07,1.940891E-06,.001
3.734868,4.816079E-05,1.589407E-05,.001
3.735868,2.264988E-05,4.441501E-05,-6.66667E-04
3.736868,-3.147149E-05,2.980247E-06,-6.66667E-04
3.737869,-1.573574E-05,-1.150375E-05,6.66667E-04
3.73887,-3.457093E-05,3.01433E-05,6.66667E-04
3.73987,-5.960488E-05,-3.632368E-05,6.66667E-04
3.74087,-1.454359E-05,-2.562266E-05,.001
3.741871,-1.549732E-05,3.473856E-05,-6.66667E-04
3.742872,-1.883518E-05,-3.552079E-06,2.33333E-03
3.743872,3.337883E-05,3.242516E-05,-.001
3.744873,-1.072889E-05,5.460926E-05,-3.66667E-03
3.745873,-1.120573E-05,2.570648E-05,.002
3.746873,2.884876E-05,5.460926E-05,6.66667E-04
3.747874,-1.597416E-05,5.460926E-05,-.001
3.748875,-1.358992E-05,1.047371E-05,6.66667E-04
3.749875,1.049048E-05,2.667878E-05,-6.66667E-04
3.750875,-5.245232E-05,9.751006E-06,-.002
3.751876,-1.621258E-05,-9.22574E-06,-6.66667E-04
3.752877,-1.001364E-05,1.929339E-05,-.002
3.753877,-1.358992E-05,-1.590711E-05,6.66667E-04
3.754878,2.384197E-05,-5.102367E-05,.002
3.755878,1.168257E-05,-1.917232E-05,6.66667E-04
3.756878,1.358992E-05,-1.133798E-05,-.001
3.757879,4.029297E-05,-9.616895E-06,-.001
3.75888,1.597416E-05,1.107348E-05,.001
3.75988,-6.198912E-06,-1.914438E-05,.002
3.76088,2.02657E-05,-6.48576E-06,-6.66667E-04
3.761881,-5.006819E-06,4.122057E-05,-.002
3.762882,-1.096731E-05,3.961311E-05,-.002
3.763882,1.90736E-05,5.460926E-05,-6.66667E-04
3.764883,-3.266358E-05,5.460926E-05,-.002
3.765883,-3.457093E-05,8.119328E-06,6.66667E-04
3.766883,-6.198912E-06,-2.03216E-06,6.66667E-04
3.767884,-1.931202E-05,-1.198618E-05,.001
3.768885,-1.025206E-05,-3.840239E-05,-.001
3.769885,8.344708E-06,3.968016E-05,6.66667E-04
3.770885,-2.312672E-05,3.391714E-05,6.66667E-04
3.771886,8.821546E-06,3.285721E-06,-.002
3.772887,2.55109E-05,5.425722E-05,6.66667E-04
3.773887,-7.152594E-07,2.360728E-05,6.66667E-04
3.774888,1.573574E-05,1.721841E-05,-6.66667E-04
3.775888,4.768408E-07,5.460926E-05,-6.66667E-04
3.776888,-4.053145E-06,-1.780696E-06,-2.33333E-03
3.777889,2.574932E-05,-1.333101E-05,-.002
3.77889,-1.883518E-05,5.172595E-06,-6.66667E-04
3.77989,-3.671669E-05,-4.05109E-05,6.66667E-04
3.78089,8.583127E-06,-1.976092E-05,-6.66667E-04
3.781891,-1.955044E-05,4.204013E-05,6.66667E-04
3.782892,-1.668937E-06,2.674773E-06,-.001
3.783892,1.549732E-05,1.906988E-05,.001
3.784893,-6.675749E-06,5.083741E-05,6.66667E-04
3.785893,-2.336514E-05,2.149507E-06,.002
3.786893,1.788151E-05,1.200853E-05,6.66667E-04
3.787894,-4.768408E-07,2.171297E-05,6.66667E-04
3.788895,1.215941E-05,-1.780328E-05,-.002
3.789895,3.433251E-05,9.717478E-06,-.002
3.790895,-2.6703E-05,9.436219E-06,.001
3.791896,1.382834E-05,-3.461749E-05,.001
3.792897,3.147149E-05,-1.577668E-06,-.002
3.793897,-9.059964E-06,-1.307955E-05,6.66667E-04
3.794898,1.215941E-05,-1.458271E-05,-.002
3.795898,2.3842E-06,2.27486E-05,-6.66667E-04
3.796898,-4.291564E-06,-2.535075E-06,.001
3.797899,4.3154E-05,-5.167007E-06,-6.66667E-04
3.7989,3.266358E-05,3.961683E-05,6.66667E-04
3.7999,9.77522E-06,2.029364E-05,-2.33333E-03
3.8009,4.673027E-05,2.785039E-05,-.002
3.801901,7.152586E-06,4.503713E-05,-.002
3.802902,-3.457093E-05,-2.558727E-05,.001
3.803902,8.344708E-06,-1.928222E-05,-.001
3.804903,-1.549732E-05,-1.93344E-06,-2.33333E-03
3.805903,-2.431881E-05,-3.66813E-05,-.002
3.806903,2.765667E-05,-3.479258E-05,.002
3.807904,-1.955044E-05,-2.309505E-05,6.66667E-04
3.808905,8.344708E-06,-5.215057E-05,6.66667E-04
3.809905,6.246613E-05,-5.133479E-06,-.001
3.810905,2.813351E-05,-4.37352E-06,-.002
3.811906,3.910088E-05,-1.449703E-05,-.001
3.812907,3.433251E-05,2.737541E-05,-.001
3.813907,-3.027928E-05,2.862338E-05,-.001
3.814908,6.914168E-06,-2.029922E-05,-6.66667E-04
3.815908,2.503407E-05,1.010118E-05,-6.66667E-04
3.816908,-5.245238E-06,-1.382461E-05,6.66667E-04
3.817909,5.793595E-05,-2.900709E-05,-.002
3.81891,1.978886E-05,-7.443159E-06,6.66667E-04
3.81991,6.437331E-06,-1.104556E-06,-6.66667E-04
3.82091,4.029297E-05,-2.004404E-05,-6.66667E-04
3.821911,0,2.647389E-05,-.004
3.822912,-2.145782E-06,-1.22004E-06,6.66667E-04
3.823912,1.978886E-05,2.624482E-06,-2.33333E-03
3.824913,-1.621258E-05,3.317953E-05,-6.66667E-04
3.825913,-3.361725E-05,-1.51266E-05,-6.66667E-04
3.826913,1.978886E-05,-1.854089E-05,-6.66667E-04
3.827914,-2.861038E-06,-2.113555E-05,.001
3.828915,-9.059964E-06,-5.461113E-05,-.001
3.829915,-1.525891E-05,-7.277384E-06,.001
3.830915,-6.151246E-05,1.369981E-05,6.66667E-04
3.831916,-3.123307E-05,-5.461113E-05,6.66667E-04
3.832916,1.168257E-05,-1.591083E-05,-.002
3.833917,-3.075623E-05,-5.004957E-06,.001
3.834918,-1.072889E-05,-2.745551E-05,-.001
3.835918,2.503407E-05,1.892273E-05,-6.66667E-04
3.836918,-3.457093E-05,2.879664E-06,-6.66667E-04
3.837919,4.768408E-07,-2.325152E-05,-6.66667E-04
3.83892,2.622619E-06,1.155777E-05,6.66667E-04
3.83992,-2.384197E-05,-1.505582E-05,.001
3.84092,3.433251E-05,1.038989E-05,6.66667E-04
3.841921,2.789509E-05,5.460926E-05,-2.33333E-03
3.842921,-3.814721E-05,2.017629E-05,-2.33333E-03
3.843922,-4.529982E-06,-4.880167E-07,-.001
3.844923,-2.408039E-05,-7.66298E-06,-6.66667E-04
3.845923,-4.053145E-06,-5.218596E-05,6.66667E-04
3.846923,4.19619E-05,-5.153962E-05,-.001
3.847924,1.168257E-05,-2.902944E-05,6.66667E-04
3.848925,1.430519E-06,-5.26479E-05,-.001
3.849925,3.027928E-05,-6.817318E-07,-.001
3.850925,-2.6703E-05,1.922634E-05,-.001
3.851926,-2.28883E-05,-1.300318E-05,-6.66667E-04
3.852926,-1.239782E-05,-4.995643E-06,6.66667E-04
3.853927,-4.100823E-05,1.45529E-05,-.002
3.854928,-3.099465E-05,-3.804849E-05,-.002
3.855928,-1.33515E-05,1.966406E-05,-6.66667E-04
3.856929,-6.699609E-05,8.46578E-06,-.001
3.857929,-2.717983E-05,-1.957465E-05,-6.66667E-04
3.85893,1.120573E-05,1.550105E-05,-.004
3.85993,-4.95913E-05,-4.902511E-06,-3.66667E-03
3.86093,1.621258E-05,-1.392333E-05,.002
3.861931,2.622619E-06,7.512077E-06,6.66667E-04
3.862931,-4.434609E-05,-1.423626E-05,-6.66667E-04
3.863932,2.145782E-06,-1.386931E-05,.001
3.864933,-2.3842E-06,1.906243E-05,.001
3.865933,3.576293E-06,-4.911824E-06,-.002
3.866934,5.745911E-05,9.400828E-06,-6.66667E-04
3.867934,-1.668937E-06,3.661611E-05,6.66667E-04
3.868935,-3.266358E-05,-2.658193E-05,6.66667E-04
3.869935,-1.168257E-05,-3.023457E-05,-6.66667E-04
3.870935,-4.768395E-05,4.43685E-06,-6.66667E-04
3.871936,-2.479565E-05,-1.515826E-05,6.66667E-04
3.872936,3.027928E-05,8.43039E-06,-6.66667E-04
3.873937,-2.264988E-05,2.598588E-05,-.001
3.874938,-1.1921E-06,-1.445046E-05,.002
3.875938,3.576302E-05,8.456467E-06,-6.66667E-04
3.876939,-1.668942E-05,-1.434056E-05,.001
3.877939,-9.536816E-07,-4.547299E-05,-.001
3.87894,2.765667E-05,9.374751E-06,-6.66667E-04
3.87994,1.430517E-05,-8.221774E-06,-3.66667E-03
3.88094,2.074253E-05,-2.328318E-05,-.001
3.881941,2.694142E-05,-1.190238E-06,-2.33333E-03
3.882941,-6.675749E-06,-1.72538E-05,-3.66667E-03
3.883942,1.049048E-05,-7.815717E-06,6.66667E-04
3.884943,7.152594E-07,2.692279E-05,-.002
3.885943,-8.821546E-06,-1.415616E-05,-6.66667E-04
3.886944,1.597416E-05,-7.491588E-06,.001
3.887944,-3.027928E-05,2.209668E-05,-6.66667E-04
3.888945,-4.3154E-05,-1.759653E-05,-.001
3.889945,2.574932E-05,1.76952E-06,-6.66667E-04
3.890945,4.768401E-06,1.239782E-05,6.66667E-04
3.891946,-1.764309E-05,-1.825031E-05,-6.66667E-04
3.892946,1.931202E-05,2.425179E-06,-.001
3.893947,-1.430517E-05,1.465162E-05,-.001
3.894948,-1.287466E-05,3.276407E-06,.001
3.895948,2.145782E-06,3.402703E-05,-.002
3.896949,-5.579018E-05,3.526756E-05,-.002
3.897949,-3.051781E-05,-2.836448E-05,.001
3.89895,4.768401E-06,-6.997987E-06,-6.66667E-04
3.89995,-4.267716E-05,4.658505E-06,-.002
3.90095,-4.625344E-05,-1.04495E-05,-.001
3.901951,-3.027928E-05,3.560656E-05,-3.66667E-03
3.902952,-6.556557E-05,3.19297E-05,6.66667E-04
3.903952,-2.312672E-05,6.740942E-06,-.001
3.904953,-2.28883E-05,1.770083E-05,.001
3.905953,-8.273171E-05,4.004716E-06,-3.66667E-03
3.906954,-1.835835E-05,-2.975215E-05,.001
3.907954,-2.050411E-05,1.011608E-05,-2.33333E-03
3.908955,-5.769753E-05,-1.590897E-05,6.66667E-04
3.909955,-1.740467E-05,-2.239656E-05,-6.66667E-04
3.910955,-3.218674E-05,4.50763E-06,6.66667E-04
3.911956,-3.55246E-05,-4.746229E-05,-6.66667E-04
3.912957,2.02657E-05,-1.016265E-05,.001
3.913957,-3.337875E-06,9.097217E-06,6.66667E-04
3.914958,2.145782E-06,-1.596112E-05,-6.66667E-04
3.915958,5.078339E-05,3.542961E-05,.001
3.916959,-1.788151E-05,1.255987E-05,-6.66667E-04
3.917959,-1.239782E-05,-5.461113E-05,.001
3.91896,2.312672E-05,-3.302484E-06,-6.66667E-04
3.91996,-6.198912E-06,2.373394E-05,6.66667E-04
3.92096,1.668942E-05,-7.659255E-06,-6.66667E-04
3.921961,7.629453E-06,-3.946974E-06,-.002
3.922962,-2.6703E-05,-4.330679E-06,-.001
3.923962,1.1921E-06,-4.08648E-05,-3.66667E-03
3.924963,1.978886E-05,-1.803052E-05,-.002
3.925963,-4.053145E-06,-3.515952E-05,-.002
3.926964,1.072889E-05,-3.585429E-05,-6.66667E-04
3.927964,-1.025206E-05,3.087544E-05,-6.66667E-04
3.928965,-2.121937E-05,1.326209E-05,-6.66667E-04
3.929965,2.813351E-05,1.177199E-06,-.001
3.930965,-1.478201E-05,1.374079E-05,-.001
3.931966,-4.029297E-05,-3.231713E-05,-3.66667E-03
3.932967,-1.072889E-05,-1.128024E-05,-.001
3.933967,-3.93393E-05,-1.098221E-05,.002
3.934968,-6.437331E-06,-3.78585E-05,-.002
3.935968,1.454359E-05,-1.763932E-06,-.002
3.936969,-3.266358E-05,4.455284E-05,-.001
3.937969,-2.264988E-05,1.135102E-05,-.001
3.93897,-1.740467E-05,5.460926E-05,.001
3.93997,-6.222771E-05,2.540473E-05,.001
3.94097,-4.172348E-05,-3.737421E-05,6.66667E-04
3.941971,0,5.370035E-06,-.001
3.942972,-1.549732E-05,4.332542E-06,6.66667E-04
3.943972,-5.006819E-06,-3.524707E-05,.002
3.944973,-1.239782E-05,2.754119E-05,.001
3.945973,-4.291558E-05,2.405059E-05,-6.66667E-04
3.946974,-7.152586E-06,-1.508376E-05,-.001
3.947974,-9.298383E-06,-6.882503E-06,-.001
3.948975,-3.147149E-05,-2.67328E-05,.001
3.949975,2.02657E-05,-1.767289E-05,-6.66667E-04
3.950975,1.6451E-05,3.336766E-05,.001
3.951976,-1.192099E-05,6.362825E-06,6.66667E-04
3.952977,1.859677E-05,-2.526876E-05,-6.66667E-04
3.953977,3.814726E-06,8.501171E-06,.002
3.954978,-2.360356E-05,-3.29765E-05,6.66667E-04
3.955978,3.099456E-06,-3.357255E-05,-6.66667E-04
3.956979,-3.576302E-05,-1.139946E-06,.001
3.957979,4.768408E-07,-4.065619E-05,6.66667E-04
3.95898,4.410767E-05,3.529727E-06,-.001
3.95998,1.883518E-05,5.153962E-05,.001
3.96098,1.573574E-05,-7.618255E-07,6.66667E-04
3.961981,3.695511E-05,3.362089E-06,.001
3.962982,5.722075E-06,2.618146E-05,.001
3.963982,2.527249E-05,-2.194021E-05,-6.66667E-04
3.964983,3.361725E-05,-6.036862E-06,-.002
3.965983,-3.218674E-05,-2.239656E-05,-6.66667E-04
3.966984,-1.978886E-05,-4.618266E-05,6.66667E-04
3.967984,7.152586E-06,2.98192E-05,.001
3.968985,-1.120573E-05,3.450573E-05,6.66667E-04
3.969985,5.722075E-06,-1.781445E-05,.001
3.970985,6.914168E-06,1.278898E-05,-6.66667E-04
3.971986,-3.93393E-05,1.920585E-05,-6.66667E-04
3.972987,-8.583127E-06,1.192844E-05,-.001
3.973987,-1.263624E-05,5.460926E-05,-.002
3.974988,-1.478201E-05,1.737673E-05,6.66667E-04
3.975988,2.527249E-05,2.83496E-06,-.001
3.976989,3.361725E-05,5.460926E-05,6.66667E-04
3.977989,3.266358E-05,1.69744E-05,.001
3.97899,6.532716E-05,1.724635E-05,-.002
3.97999,2.264988E-05,5.460926E-05,-6.66667E-04
3.98099,1.931202E-05,1.683098E-05,6.66667E-04
3.981991,5.197548E-05,3.642426E-05,-.001
3.982992,1.549732E-05,5.397969E-05,-6.66667E-04
3.983992,8.10629E-06,5.30298E-06,-6.66667E-04
3.984993,2.646458E-05,2.852653E-05,-.001
3.985993,-9.298383E-06,2.891209E-05,.001
3.986994,-1.287466E-05,-2.404128E-05,-.001
3.987994,9.77522E-06,8.586852E-06,6.66667E-04
3.988995,-6.914168E-06,2.136093E-05,.002
3.989995,1.692784E-05,-2.106105E-05,-.002
3.990995,1.096731E-05,1.714949E-05,.001
3.991996,-3.457093E-05,2.724689E-05,6.66667E-04
3.992997,-4.291564E-06,-1.136592E-05,-.002
3.993997,-1.502043E-05,-2.458706E-06,.001
3.994998,-4.386925E-05,2.812612E-07,-.002
3.995998,1.001364E-05,-1.528126E-05,.001
3.996999,5.483656E-06,2.516445E-05,.002
3.997999,-2.217304E-05,-9.583368E-06,-6.66667E-04
3.999,2.789509E-05,-1.075311E-05,-.001
4,1.072889E-05,7.456198E-06,-6.66667E-04
