"c:\users\esrlabn1\desktop\bence\ir_spectroscopy\1000nm_odmr\magnet_map_7_1310nm\098.dat  ---  04-23-2026 19:33:30"
""
"cavityli 20 2 4 2000 1 0 0"
"                             ;                             ;seth_xesr_precise 171.56 1 0 1.3582677165354329"
"setlockin 188.67 0.004 0 0.03 0.005"
4,2000
2,-3.314042E-05,-1.107721E-05,-.001
2.001,-6.675749E-06,6.33303E-07,-6.66667E-04
2.002001,-2.455723E-05,-5.092501E-06,-2.33333E-03
2.003001,5.197548E-05,-5.461113E-05,-6.66667E-04
2.004002,8.797692E-05,2.537493E-05,-2.33333E-03
2.005002,4.744553E-05,1.844589E-05,.002
2.006003,7.677125E-05,-1.690548E-05,-.001
2.007004,5.22139E-05,2.195325E-05,-2.33333E-03
2.008004,-2.93256E-05,-1.801935E-05,-2.33333E-03
2.009005,4.768401E-06,-2.587039E-05,-6.66667E-04
2.010005,-2.431881E-05,2.681848E-05,6.66667E-04
2.011005,-6.103562E-05,-2.899591E-05,-.001
2.012006,1.430519E-06,-3.621192E-05,.001
2.013006,-1.549732E-05,1.557369E-05,-6.66667E-04
2.014007,-3.767037E-05,-4.22413E-05,-6.66667E-04
2.015007,2.527249E-05,1.099339E-05,-.001
2.016008,-9.77522E-06,3.353902E-05,6.66667E-04
2.017009,1.549732E-05,-3.324836E-06,-6.66667E-04
2.018009,4.410767E-05,5.460926E-05,6.66667E-04
2.01901,-3.528618E-05,2.299075E-05,6.66667E-04
2.02001,2.193463E-05,-3.76238E-05,2.33333E-03
2.02101,3.218674E-05,3.104494E-05,.001
2.022011,-6.675749E-06,8.64271E-07,-6.66667E-04
2.023011,4.100823E-05,-1.884822E-05,.001
2.024012,1.549732E-05,1.732085E-05,-6.66667E-04
2.025012,1.883518E-05,5.17632E-06,6.66667E-04
2.026013,4.696869E-05,4.24257E-05,-.001
2.027014,1.287466E-05,5.460926E-05,-6.66667E-04
2.028014,-1.430519E-06,1.322485E-06,6.66667E-04
2.029015,2.121937E-05,2.290693E-05,-6.66667E-04
2.030015,4.768408E-07,2.7042E-05,-2.33333E-03
2.031015,1.955044E-05,-3.117719E-05,-.002
2.032016,5.149865E-05,-1.705636E-05,-6.66667E-04
2.033016,6.437331E-06,1.830247E-05,.001
2.034017,2.098095E-05,-2.023962E-05,-.001
2.035017,1.001364E-05,3.119209E-05,-.001
2.036018,-5.435967E-05,4.21147E-06,-3.66667E-03
2.037019,-1.740467E-05,1.437409E-05,-6.66667E-04
2.038019,-1.716625E-05,4.065805E-05,6.66667E-04
2.03902,-4.482293E-05,-1.068419E-05,-6.66667E-04
2.04002,8.821546E-06,-1.443556E-05,.001
2.04102,2.145782E-06,2.122496E-05,-.002
2.042021,-1.33515E-05,-4.399219E-05,6.66667E-04
2.043021,4.458451E-05,-1.460878E-05,.002
2.044022,-1.072889E-05,4.197494E-05,-.002
2.045022,-1.287466E-05,-1.097105E-06,-.002
2.046023,3.147149E-05,3.545382E-05,6.66667E-04
2.047024,-3.55246E-05,1.660932E-05,-6.66667E-04
2.048024,-2.455723E-05,-4.284107E-05,-6.66667E-04
2.049025,1.430517E-05,2.104804E-06,-6.66667E-04
2.050025,-3.600144E-05,-1.221529E-05,-.002
2.051026,-1.001364E-05,-3.250525E-05,-6.66667E-04
2.052026,7.152586E-06,2.358679E-05,-6.66667E-04
2.053026,-1.90736E-05,8.093251E-06,-.002
2.054027,-2.622619E-06,-3.287406E-05,-.002
2.055027,-3.17099E-05,2.714258E-05,-.002
2.056028,-2.694142E-05,-3.3919E-05,-.002
2.057029,-7.152594E-07,-2.103497E-05,6.66667E-04
2.058029,-4.625344E-05,4.781433E-05,-.001
2.05903,-5.173706E-05,1.391774E-05,-.001
2.06003,2.145779E-05,4.581385E-05,-.002
2.061031,-3.504776E-05,5.460926E-05,.002
2.062031,-7.152594E-07,1.877744E-05,2.33333E-03
2.063031,3.504776E-05,4.925975E-05,-6.66667E-04
2.064032,-4.053145E-06,3.565499E-05,-.001
2.065032,1.144415E-05,-7.392868E-06,6.66667E-04
2.066033,-5.245238E-06,5.32812E-05,-.002
2.067034,-5.769753E-05,4.834891E-05,-.001
2.068034,-2.145782E-06,2.498378E-05,.001
2.069035,9.298383E-06,5.460926E-05,-6.66667E-04
2.070035,-8.344708E-06,2.971862E-05,-6.66667E-04
2.071036,4.029297E-05,1.167139E-05,-.001
2.072036,-9.059964E-06,5.460926E-05,.001
2.073036,-2.789509E-05,-9.443647E-07,-6.66667E-04
2.074037,5.960494E-06,1.860422E-05,-2.33333E-03
2.075037,-3.314042E-05,2.289389E-05,-.001
2.076038,-2.837193E-05,-5.269446E-05,.001
2.077039,2.28883E-05,-1.000991E-05,6.66667E-04
2.078039,-3.2902E-05,-4.758895E-05,-.001
2.07904,3.433251E-05,-4.820176E-05,.001
2.08004,5.60286E-05,9.177311E-06,-.001
2.081041,-2.861038E-06,1.700048E-05,.001
2.082041,2.980244E-05,1.969945E-05,-.002
2.083041,4.649186E-05,5.460926E-05,-.002
2.084042,5.245238E-06,8.445291E-06,-.001
2.085042,4.911446E-05,-1.796719E-05,-.002
2.086043,2.193463E-05,1.240527E-05,-.002
2.087044,1.192099E-05,-4.153163E-05,.001
2.088044,1.051431E-04,4.351168E-06,6.66667E-04
2.089045,2.646458E-05,1.839746E-05,.001
2.090045,-2.098095E-05,-3.997446E-05,-.001
2.091046,1.549732E-05,2.135534E-05,-.001
2.092046,-3.719353E-05,3.604614E-05,6.66667E-04
2.093046,-4.291564E-06,-1.049234E-05,-.001
2.094047,5.435967E-05,2.356071E-05,.001
2.095047,4.053145E-06,-1.474289E-05,-.001
2.096048,2.098095E-05,-1.665403E-05,-.002
2.097049,-3.337875E-06,1.889479E-05,-.001
2.098049,-9.298383E-06,-6.573304E-06,6.66667E-04
2.09905,4.410767E-05,-2.200541E-05,-.002
2.10005,-5.722075E-06,4.386553E-05,.001
2.101051,-4.339241E-05,-1.603377E-05,-6.66667E-04
2.102051,2.622619E-06,1.188001E-05,-.002
2.103051,-5.030655E-05,5.116337E-05,-6.66667E-04
2.104052,-5.173706E-05,-1.590524E-05,2.33333E-03
2.105052,2.002728E-05,-2.736237E-05,-.002
2.106053,-9.536801E-06,2.712026E-06,6.66667E-04
2.107054,1.239782E-05,-4.677131E-06,-.002
2.108054,3.123307E-05,4.767464E-05,-.001
2.109055,-3.671669E-05,3.49863E-05,.001
2.110055,-8.10629E-06,-1.8336E-05,6.66667E-04
2.111056,-2.312672E-05,3.793859E-05,6.66667E-04
2.112056,-6.485032E-05,-8.150993E-06,6.66667E-04
2.113056,1.263624E-05,-7.934905E-07,-6.66667E-04
2.114057,1.311308E-05,3.499561E-05,-6.66667E-04
2.115057,2.145782E-06,-2.530415E-05,3.66667E-03
2.116058,7.534074E-05,-2.347876E-05,-.001
2.117059,-6.437331E-06,-5.17632E-06,-2.33333E-03
2.118059,-1.215941E-05,-5.461113E-05,6.66667E-04
2.11906,4.911446E-05,-1.163041E-05,-.002
2.12006,1.811993E-05,-7.221504E-06,-6.66667E-04
2.121061,1.311308E-05,-4.687184E-05,-.001
2.122061,2.789509E-05,-1.177943E-05,.001
2.123062,-4.768395E-05,8.368923E-06,.001
2.124062,-4.076981E-05,-4.119822E-05,-.001
2.125062,-4.768395E-05,3.147885E-06,-6.66667E-04
2.126063,-7.86786E-05,-2.997008E-05,6.66667E-04
2.127064,-9.298383E-06,-3.564009E-05,-.002
2.128064,-1.883518E-05,2.744433E-05,-.001
2.129065,-2.050411E-05,5.936279E-06,-.002
2.130065,2.431881E-05,1.03396E-05,-.002
2.131066,-4.124665E-05,4.018494E-05,-6.66667E-04
2.132066,-7.367181E-05,-1.550291E-05,2.33333E-03
2.133067,-1.931202E-05,-7.141411E-06,.001
2.134067,-2.741825E-05,1.50819E-05,-6.66667E-04
2.135067,-1.406675E-05,-2.635282E-05,.001
2.136068,3.218674E-05,-3.669429E-07,2.33333E-03
2.137069,-2.336514E-05,3.636652E-05,-.002
2.138069,0,1.193589E-05,-.002
2.13907,3.051781E-05,5.460926E-05,-6.66667E-04
2.14007,-2.765667E-05,5.460926E-05,-.001
2.141071,2.431881E-05,-9.762181E-06,-.002
2.142071,3.337883E-05,1.722213E-05,.001
2.143072,0,-1.373707E-05,.001
2.144072,3.480935E-05,9.609445E-06,-6.66667E-04
2.145072,-2.861038E-06,5.460926E-05,-.001
2.146073,-3.695511E-05,-1.896929E-05,.001
2.147074,3.576302E-05,3.986079E-07,6.66667E-04
2.148074,-4.291564E-06,2.580706E-05,.001
2.149075,1.239782E-05,-4.780875E-05,.002
2.150075,5.340599E-05,1.132496E-06,-.001
2.151076,3.027928E-05,2.745178E-05,-.001
2.152076,5.412125E-05,-2.147083E-05,-.001
2.153077,5.102181E-05,1.738418E-05,-6.66667E-04
2.154077,-1.621258E-05,-1.810498E-06,-.002
2.155077,-1.001364E-05,-1.799513E-05,-6.66667E-04
2.156078,3.504776E-05,5.340786E-05,.001
2.157079,-2.789509E-05,3.630319E-05,-6.66667E-04
2.158079,3.17099E-05,1.678441E-05,.001
2.15908,1.430517E-05,5.460926E-05,-.001
2.16008,-2.217304E-05,1.624234E-06,6.66667E-04
2.161081,3.147149E-05,2.066616E-05,.001
2.162081,-1.835835E-05,5.058409E-05,6.66667E-04
2.163082,-3.218674E-05,-2.07593E-05,-.002
2.164082,3.194832E-05,8.327945E-06,-.002
2.165082,-1.287466E-05,4.2625E-05,2.33333E-03
2.166083,1.668942E-05,-2.178375E-05,-.002
2.167084,4.982972E-05,-7.879047E-06,6.66667E-04
2.168084,-3.886246E-05,1.440948E-05,-6.66667E-04
2.169085,4.768401E-06,-2.395187E-05,-6.66667E-04
2.170085,5.960494E-06,4.787027E-06,.001
2.171086,-2.908718E-05,-1.917791E-05,-6.66667E-04
2.172086,1.692784E-05,-4.172907E-05,-6.66667E-04
2.173087,-8.344708E-06,2.504897E-05,-.001
2.174087,-5.078339E-05,-4.418223E-06,.001
2.175087,3.051781E-05,5.651294E-06,.001
2.176088,1.478201E-05,2.344523E-05,-.001
2.177088,-1.978886E-05,-4.260824E-05,-3.66667E-03
2.178089,1.764309E-05,-3.611878E-05,.001
2.17909,-4.816079E-05,-9.499536E-08,.001
2.18009,-1.740467E-05,-3.32559E-05,6.66667E-04
2.181091,1.192099E-05,2.468016E-05,-6.66667E-04
2.182091,-4.267716E-05,-3.568843E-06,-3.66667E-03
2.183092,5.245238E-06,-4.985393E-05,-6.66667E-04
2.184092,3.814721E-05,7.623836E-06,-.002
2.185092,-4.172348E-05,-2.126035E-05,6.66667E-04
2.186093,-1.6451E-05,-2.940383E-05,.001
2.187093,-3.337875E-06,4.595355E-05,-3.66667E-03
2.188094,-4.83992E-05,1.749594E-05,-2.33333E-03
2.189095,6.437331E-06,-2.108529E-06,-.002
2.190095,-1.358992E-05,1.932133E-05,-6.66667E-04
2.191096,-2.622619E-06,-4.811981E-05,.001
2.192096,5.292916E-05,-1.282064E-05,.001
2.193097,-1.1921E-06,3.905059E-05,6.66667E-04
2.194097,-1.33515E-05,4.872709E-06,.001
2.195097,1.90736E-05,4.259148E-05,6.66667E-04
2.196098,-3.147149E-05,3.255554E-05,6.66667E-04
2.197098,1.859677E-05,-2.42797E-05,-.001
2.198099,5.340599E-05,2.363895E-05,-.001
2.1991,-3.480935E-05,1.016824E-05,-6.66667E-04
2.2001,1.978886E-05,-5.001412E-05,-.001
2.201101,5.102181E-05,-1.449703E-05,-6.66667E-04
2.202101,1.716625E-05,-1.619954E-05,-6.66667E-04
2.203102,3.099465E-05,-6.109512E-07,-.001
2.204102,2.145779E-05,3.161491E-05,-2.33333E-03
2.205102,3.337875E-06,-2.358679E-05,6.66667E-04
2.206103,4.172348E-05,2.887115E-06,-6.66667E-04
2.207103,-4.529982E-06,5.008676E-05,-6.66667E-04
2.208104,1.549732E-05,-1.259155E-06,-6.66667E-04
2.209105,4.553818E-05,2.06643E-05,-.002
2.210105,-9.77522E-06,1.507258E-05,-.001
2.211106,3.814726E-06,-3.529363E-05,-6.66667E-04
2.212106,1.955044E-05,2.178561E-05,-.002
2.213107,-4.005455E-05,-6.817318E-07,-.001
2.214107,-1.287466E-05,-2.145779E-05,.002
2.215107,-2.193463E-05,1.394382E-05,.001
2.216108,-3.623986E-05,-4.015514E-05,-2.33333E-03
2.217108,2.193463E-05,-5.461113E-05,-.001
2.218109,5.483656E-06,2.559289E-06,-.002
2.21911,6.675749E-06,-3.192411E-05,6.66667E-04
2.22011,5.698227E-05,-3.809319E-05,-6.66667E-04
2.221111,1.430517E-05,5.280628E-06,-6.66667E-04
2.222111,7.152586E-06,-3.941753E-05,.001
2.223112,3.528618E-05,2.345827E-05,-.001
2.224112,-4.053145E-06,5.460926E-05,-.001
2.225112,1.668942E-05,-1.942564E-05,.001
2.226113,4.720711E-05,-3.40493E-06,-.001
2.227113,-4.768401E-06,-1.550291E-05,6.66667E-04
2.228114,3.838562E-05,-5.174638E-05,-.001
2.229115,4.529976E-05,7.793366E-06,6.66667E-04
2.230115,-1.072889E-05,-1.772505E-05,6.66667E-04
2.231116,2.264988E-05,-2.639752E-05,.002
2.232116,1.668937E-06,4.490302E-05,-6.66667E-04
2.233117,-4.83992E-05,-2.345085E-06,6.66667E-04
2.234117,6.675749E-06,7.348164E-06,-6.66667E-04
2.235118,1.1921E-06,3.868551E-05,.001
2.236118,-8.583127E-06,7.078081E-06,-6.66667E-04
2.237118,4.83992E-05,3.619702E-05,.001
2.238119,-6.198912E-06,5.460926E-05,.002
2.23912,2.3842E-06,9.506999E-06,.001
2.24012,6.055855E-05,2.780755E-05,.001
2.241121,0,3.825896E-05,-.001
2.242121,2.02657E-05,1.297152E-05,-.001
2.243122,5.483656E-06,2.470438E-05,.001
2.244122,-5.507492E-05,2.497822E-06,-6.66667E-04
2.245123,-1.764309E-05,-2.469507E-05,-.001
2.246123,-1.144415E-05,5.460926E-05,6.66667E-04
2.247123,-2.884876E-05,2.303545E-05,-.002
2.248124,4.768408E-07,2.253999E-05,6.66667E-04
2.249125,-2.622616E-05,3.609457E-05,6.66667E-04
2.250125,-4.148507E-05,-3.550225E-05,-.002
2.251126,2.980244E-05,-2.12678E-05,-6.66667E-04
2.252126,-1.597416E-05,3.149197E-05,-6.66667E-04
2.253127,-3.814726E-06,-2.12678E-05,-6.66667E-04
2.254127,5.245238E-06,3.872468E-06,-.002
2.255128,-6.103562E-05,5.17632E-06,-6.66667E-04
2.256128,-3.790879E-05,-7.981493E-06,-.001
2.257128,-7.629453E-06,1.548615E-05,-6.66667E-04
2.258129,-4.243874E-05,-1.945917E-05,6.66667E-04
2.25913,2.789509E-05,-5.376735E-05,-.001
2.26013,2.431881E-05,1.686264E-05,-.002
2.261131,-2.3842E-06,1.417106E-05,6.66667E-04
2.262131,4.982972E-05,-1.385815E-06,-.002
2.263132,5.006819E-06,4.514144E-05,6.66667E-04
2.264132,-1.573574E-05,-2.521474E-05,-.002
2.265133,4.005455E-05,-3.3416E-06,.001
2.266133,2.217304E-05,1.306465E-05,6.66667E-04
2.267133,1.955044E-05,-3.535324E-05,-.001
2.268134,2.908718E-05,1.259154E-05,-6.66667E-04
2.269135,-3.337875E-06,2.027315E-05,-.001
2.270135,3.361725E-05,-2.821174E-05,-.001
2.271136,4.3154E-05,4.662783E-05,.001
2.272136,-2.837193E-05,2.732885E-05,-.002
2.273137,1.049048E-05,-9.030162E-06,.002
2.274137,-1.33515E-05,4.265481E-05,.001
2.275138,-5.22139E-05,-1.185207E-05,-6.66667E-04
2.276138,-1.668942E-05,-8.091389E-06,6.66667E-04
2.277139,-1.33515E-05,3.752508E-05,.001
2.278139,1.025206E-05,-3.32261E-05,-.002
2.27914,5.149865E-05,-2.205011E-05,6.66667E-04
2.28014,-5.22139E-05,5.165144E-06,-6.66667E-04
2.281141,-5.769753E-05,-5.461113E-05,6.66667E-04
2.282141,1.549732E-05,-1.316337E-05,-.002
2.283142,-5.435967E-05,-1.683843E-05,-6.66667E-04
2.284142,-3.504776E-05,-5.293661E-05,-6.66667E-04
2.285143,1.931202E-05,2.383452E-05,.001
2.286143,-1.120573E-05,-1.933437E-05,-.002
2.287144,3.147149E-05,-3.874698E-05,.001
2.288144,1.430517E-05,3.047113E-05,.001
2.289145,-3.814726E-06,3.939524E-06,-.001
2.290145,4.3154E-05,-4.759087E-06,-6.66667E-04
2.291146,3.576293E-06,4.768954E-05,-.002
2.292146,-2.956402E-05,-6.072252E-06,-6.66667E-04
2.293147,4.19619E-05,-9.238756E-07,-6.66667E-04
2.294147,2.3842E-06,2.335582E-05,.001
2.295148,-4.529982E-06,-3.162608E-05,-.001
2.296148,2.193463E-05,2.289389E-05,-.001
2.297149,-4.3154E-05,4.516752E-05,6.66667E-04
2.298149,-2.074253E-05,-2.914306E-05,-.001
2.29915,-1.025206E-05,4.29491E-05,-.001
2.30015,-5.006813E-05,2.20557E-05,-6.66667E-04
2.301151,3.099465E-05,-2.458517E-05,.001
2.302151,1.072889E-05,4.40313E-05,.001
2.303152,-2.717983E-05,9.279756E-06,-.002
2.304152,1.478201E-05,-2.331112E-05,-6.66667E-04
2.305153,2.02657E-05,-3.865018E-06,-.001
2.306153,-1.978886E-05,-3.014889E-05,-.001
2.307154,1.525891E-05,8.894189E-06,-.002
2.308154,-2.145782E-06,2.957895E-06,-.001
2.309155,2.264988E-05,-5.461113E-05,.001
2.310155,5.698227E-05,-1.573947E-05,6.66667E-04
2.311156,5.722075E-06,6.852701E-06,-6.66667E-04
2.312156,1.90736E-05,-2.2255E-05,-6.66667E-04
2.313157,3.600144E-05,1.296779E-05,6.66667E-04
2.314157,-7.867871E-06,-1.608592E-05,-.002
2.315158,3.361725E-05,-4.791864E-05,.001
2.316158,2.193463E-05,2.689671E-05,-.001
2.317159,-1.168257E-05,-5.65502E-06,6.66667E-04
2.318159,2.527249E-05,-1.732272E-05,-.001
2.31916,3.099456E-06,1.978886E-05,-.002
2.32016,-3.337875E-06,-2.1916E-05,.002
2.321161,7.438706E-05,-1.150562E-05,-2.33333E-03
2.322161,2.908718E-05,1.806032E-05,-.001
2.323162,-1.1921E-06,-1.945731E-05,-3.66667E-03
2.324162,4.863762E-05,3.482797E-05,.001
2.325163,-3.814726E-06,3.963732E-05,-.001
2.326163,-4.053145E-06,-1.991182E-06,6.66667E-04
2.327164,1.788151E-05,1.916301E-05,-.001
2.328164,-2.002728E-05,2.766043E-06,-.002
2.329165,4.3154E-05,-3.972114E-05,.001
2.330165,2.646458E-05,-6.184018E-07,.001
2.331166,-5.316758E-05,-3.807456E-05,6.66667E-04
2.332166,1.549732E-05,-3.053644E-05,-.002
2.333167,-5.245238E-06,3.223331E-05,6.66667E-04
2.334167,-3.55246E-05,-1.719978E-05,.001
2.335168,-1.144415E-05,-2.458517E-05,-6.66667E-04
2.336168,-1.955044E-05,1.819812E-06,-6.66667E-04
2.337169,-3.576293E-06,-5.166442E-05,-6.66667E-04
2.338169,2.574932E-05,-2.172973E-05,.001
2.33917,-2.264988E-05,-1.472613E-05,-.001
2.34017,1.430517E-05,-5.461113E-05,.001
2.341171,3.361725E-05,-3.076554E-05,2.33333E-03
2.342171,-6.651925E-05,-4.495331E-05,6.66667E-04
2.343172,-2.336514E-05,-5.461113E-05,-.001
2.344172,-2.3842E-06,1.982052E-05,-6.66667E-04
2.345173,-4.458451E-05,1.05799E-06,.001
2.346173,-7.152594E-07,-2.946157E-05,-6.66667E-04
2.347174,-3.93393E-05,9.346812E-06,-.001
2.348174,-6.270455E-05,-2.858427E-05,-6.66667E-04
2.349174,-2.312672E-05,-2.216373E-05,-6.66667E-04
2.350175,8.344708E-06,3.570342E-05,-6.66667E-04
2.351176,3.981614E-05,-2.650369E-05,.001
2.352176,8.797692E-05,-1.766917E-05,6.66667E-04
2.353177,9.059964E-06,1.653854E-05,6.66667E-04
2.354177,1.955044E-05,-3.341609E-05,-6.66667E-04
2.355178,5.745911E-05,-1.025392E-05,-.001
2.356178,-6.675749E-06,-2.892513E-05,-.001
2.357179,3.099465E-05,-5.386979E-05,-6.66667E-04
2.358179,2.431881E-05,2.248227E-06,-.002
2.359179,-1.955044E-05,1.681976E-06,-6.66667E-04
2.36018,-1.788151E-05,-1.154847E-06,-2.33333E-03
2.361181,-2.360356E-05,5.460926E-05,.001
2.362181,-4.172348E-05,8.234812E-06,6.66667E-04
2.363182,3.814721E-05,2.213952E-05,6.66667E-04
2.364182,2.861035E-05,5.460926E-05,.001
2.365183,2.908718E-05,1.028372E-05,.002
2.366183,4.076981E-05,-1.004903E-05,6.66667E-04
2.367184,-1.382834E-05,1.387676E-05,.002
2.368184,-1.287466E-05,-3.461936E-05,.001
2.369184,4.076981E-05,8.152856E-06,6.66667E-04
2.370185,1.263624E-05,3.151619E-05,-6.66667E-04
2.371186,1.454359E-05,-2.766785E-05,-.001
2.372186,3.957772E-05,8.59244E-06,-3.66667E-03
2.373187,-1.33515E-05,-1.208863E-05,-6.66667E-04
2.374187,9.77522E-06,-5.157874E-05,6.66667E-04
2.375188,1.549732E-05,1.300134E-06,-6.66667E-04
2.376188,-3.695511E-05,-2.37675E-06,-6.66667E-04
2.377189,1.215941E-05,-2.97596E-05,6.66667E-04
2.378189,-2.622616E-05,-1.133798E-05,-.001
2.379189,-3.123307E-05,-1.796347E-05,-6.66667E-04
2.38019,2.813351E-05,-1.69595E-05,.001
2.381191,-1.001364E-05,1.382461E-05,-.002
2.382191,-4.339241E-05,-3.470317E-05,6.66667E-04
2.383192,-3.027928E-05,-9.071118E-07,.001
2.384192,-9.107636E-05,8.497445E-06,-6.66667E-04
2.385193,-7.295655E-05,-3.960379E-05,-6.66667E-04
2.386193,-5.483656E-06,3.11418E-05,6.66667E-04
2.387194,-1.072889E-05,2.672535E-05,.001
2.388194,5.078339E-05,1.083693E-05,-.001
2.389194,4.863762E-05,5.460926E-05,-6.66667E-04
2.390195,-1.668942E-05,3.423556E-06,6.66667E-04
2.391196,2.455723E-05,3.423556E-06,.001
2.392196,1.001364E-05,5.460926E-05,-6.66667E-04
2.393197,-3.767037E-05,4.226371E-06,-6.66667E-04
2.394197,-2.789509E-05,-1.436107E-06,.001
2.395198,-5.579018E-05,1.660746E-05,-3.66667E-03
2.396198,-7.152594E-07,-3.334344E-05,-6.66667E-04
2.397199,7.152604E-05,-1.145905E-05,-6.66667E-04
2.398199,-7.152594E-07,2.208736E-05,-6.66667E-04
2.399199,-1.573574E-05,-2.09288E-05,-.001
2.4002,-4.529982E-06,1.000991E-05,6.66667E-04
2.401201,-5.269074E-05,-4.636153E-06,-.002
2.402201,-1.90736E-05,-5.461113E-05,6.66667E-04
2.403202,-4.386925E-05,-1.432007E-05,-.001
2.404202,-7.605599E-05,-2.286222E-05,-.001
2.405203,-2.050411E-05,-4.871399E-05,-.001
2.406203,-1.096731E-05,-8.165895E-06,6.66667E-04
2.407204,-3.385567E-05,-5.46074E-05,-6.66667E-04
2.408204,-7.391005E-06,-3.465288E-05,6.66667E-04
2.409204,-6.341981E-05,-3.501791E-07,-.002
2.410205,-5.483651E-05,-3.109896E-05,.001
2.411206,-2.789509E-05,1.688872E-05,.002
2.412206,-7.534074E-05,-1.039363E-06,-6.66667E-04
2.413207,-2.336514E-05,-5.461113E-05,-.002
2.414207,1.788151E-05,-6.767019E-06,.001
2.415208,-4.339241E-05,-1.174404E-05,.001
2.416208,-2.002728E-05,-2.507505E-05,-6.66667E-04
2.417209,-1.049048E-05,3.032584E-05,6.66667E-04
2.418209,-4.95913E-05,1.59276E-05,-6.66667E-04
2.41921,2.431881E-05,-7.0073E-06,.001
2.42021,8.583127E-06,4.280568E-05,-6.66667E-04
2.421211,-3.910088E-05,-1.358619E-05,-.001
2.422211,2.431881E-05,-9.890704E-06,6.66667E-04
2.423212,2.694142E-05,3.145472E-05,-.002
2.424212,2.431881E-05,-2.947834E-05,-.001
2.425213,8.463906E-05,-1.200481E-05,-.002
2.426213,6.055855E-05,1.209049E-05,.002
2.427214,8.010911E-05,-2.931815E-05,6.66667E-04
2.428214,1.087193E-04,1.245184E-05,-6.66667E-04
2.429215,8.463906E-05,1.086673E-05,6.66667E-04
2.430215,1.814375E-04,-5.431869E-05,.001
2.431216,2.26737E-04,-1.639884E-05,6.66667E-04
2.432216,2.315054E-04,-5.192705E-05,-.002
2.433217,3.347415E-04,-5.461113E-05,-.001
2.434217,3.626365E-04,-5.461113E-05,-.001
2.435218,3.27589E-04,-5.461113E-05,-.001
2.436218,3.68597E-04,-5.461113E-05,6.66667E-04
2.437219,3.09946E-04,-5.461113E-05,-.001
2.438219,2.605934E-04,-5.461113E-05,-.001
2.43922,2.610702E-04,-5.461113E-05,-.002
2.44022,1.471052E-04,-3.522472E-05,6.66667E-04
2.441221,1.09673E-04,-5.461113E-05,-.001
2.442221,9.79905E-05,-2.378423E-05,-6.66667E-04
2.443222,2.360356E-05,-2.696004E-05,-.002
2.444222,5.531334E-05,-5.461113E-05,-.001
2.445223,5.769753E-05,-2.058607E-05,.001
2.446223,-1.740467E-05,-3.16205E-05,6.66667E-04
2.447224,1.430517E-05,-5.060458E-05,.001
2.448224,-2.074253E-05,1.749222E-05,6.66667E-04
2.449225,-4.83992E-05,-1.79746E-06,.002
2.450225,1.811993E-05,1.302367E-05,.001
2.451226,-3.099456E-06,2.036069E-05,-.001
2.452226,-8.344708E-06,-4.710467E-05,.002
2.453227,4.148507E-05,-3.910274E-05,.002
2.454227,-3.123307E-05,-2.286222E-05,-3.66667E-03
2.455228,-2.789509E-05,-4.636333E-05,-6.66667E-04
2.456228,3.480935E-05,-5.561888E-06,.001
2.457229,-2.3842E-06,3.716373E-05,-6.66667E-04
2.458229,4.649186E-05,7.329538E-06,.001
2.45923,4.19619E-05,4.682154E-05,-.001
2.46023,-5.149865E-05,1.657766E-05,-.001
2.461231,-1.072889E-05,-4.595175E-06,-.002
2.462231,-2.241146E-05,4.18725E-05,6.66667E-04
2.463232,-2.002728E-05,-1.150748E-05,-6.66667E-04
2.464232,3.17099E-05,2.160677E-07,-.001
2.465233,-2.121937E-05,1.726311E-05,.001
2.466233,-3.623986E-05,-3.237859E-05,-2.33333E-03
2.467234,1.6451E-05,-8.111878E-06,6.66667E-04
2.468234,-1.883518E-05,2.782803E-05,6.66667E-04
2.469235,-2.3842E-06,-7.195427E-06,-.001
2.470235,-1.573574E-05,5.234242E-05,-.001
2.471236,-6.032013E-05,5.004951E-05,-6.66667E-04
2.472236,-1.835835E-05,-1.389167E-05,6.66667E-04
2.473237,1.168257E-05,2.972607E-05,-6.66667E-04
2.474237,-2.074253E-05,9.80316E-06,6.66667E-04
2.475238,1.811993E-05,-3.038731E-05,6.66667E-04
2.476238,2.694142E-05,3.539235E-05,.001
2.477239,2.455723E-05,-3.881782E-06,-.001
2.478239,4.887604E-05,-4.515081E-06,-.001
2.47924,-1.454359E-05,3.480189E-05,-6.66667E-04
2.48024,3.576293E-06,-8.530973E-06,-.002
2.481241,4.816079E-05,2.343964E-05,-.001
2.482241,-1.1921E-06,1.944054E-05,-.001
2.483242,4.291564E-06,-2.655957E-05,-6.66667E-04
2.484242,3.433251E-05,2.688181E-05,-.002
2.485243,-2.503407E-05,3.701658E-05,-6.66667E-04
2.486243,2.312672E-05,9.3524E-06,.001
2.487244,6.628083E-05,5.429448E-05,-6.66667E-04
2.488244,3.027928E-05,-4.079211E-07,6.66667E-04
2.489245,5.030655E-05,-3.435672E-05,6.66667E-04
2.490245,8.344708E-06,1.429959E-05,.001
2.491246,-2.336514E-05,-3.285543E-05,-6.66667E-04
2.492246,2.217304E-05,-2.892886E-05,6.66667E-04
2.493247,-1.931202E-05,1.716439E-05,-.001
2.494247,-2.217304E-05,-3.348687E-05,-3.66667E-03
2.495248,5.149865E-05,2.741828E-06,-6.66667E-04
2.496248,7.391005E-06,5.460926E-05,-.001
2.497249,-1.1921E-06,3.269524E-05,-.002
2.498249,2.908718E-05,2.501917E-05,-.002
2.49925,-3.433251E-05,1.648448E-06,-6.66667E-04
2.50025,-1.430519E-06,-3.568851E-05,-6.66667E-04
2.501251,2.312672E-05,2.096791E-05,-6.66667E-04
2.502251,-1.835835E-05,-4.277774E-05,6.66667E-04
2.503252,3.480935E-05,-5.461113E-05,-.001
2.504252,5.245238E-06,-3.63031E-06,-6.66667E-04
2.505253,-1.049048E-05,-1.871597E-05,-2.33333E-03
2.506253,2.694142E-05,-1.576927E-05,.001
2.507254,-1.192099E-05,2.13423E-05,-.001
2.508254,-1.358992E-05,1.329936E-06,-2.33333E-03
2.509255,4.3154E-05,9.689538E-06,-.002
2.510255,2.598774E-05,1.296966E-05,-.002
2.511256,2.002728E-05,-4.152604E-05,6.66667E-04
2.512256,3.981614E-05,4.5989E-06,.002
2.513257,-1.573574E-05,-8.804782E-06,-6.66667E-04
2.514257,1.859677E-05,-5.461113E-05,6.66667E-04
2.515258,2.980244E-05,-4.597037E-06,-.001
2.516258,4.768408E-07,-2.710163E-06,-.001
2.517259,4.053139E-05,-2.892327E-05,-2.33333E-03
2.518259,-1.788151E-05,1.957838E-05,-.002
2.51926,-6.961869E-05,-3.419831E-06,.001
2.52026,-1.358992E-05,-4.844205E-05,-6.66667E-04
2.521261,-4.053139E-05,-3.781007E-05,6.66667E-04
2.522261,-3.957772E-05,-5.461113E-05,6.66667E-04
2.523262,1.907363E-06,-9.685828E-07,6.66667E-04
2.524262,-4.887604E-05,1.662422E-05,6.66667E-04
2.525263,-2.384197E-05,-5.461113E-05,6.66667E-04
2.526263,3.957772E-05,-7.137685E-06,-.001
2.527264,-1.692784E-05,-7.895811E-06,.001
2.528264,1.692784E-05,-4.328252E-05,-3.66667E-03
2.529265,1.692784E-05,2.951745E-05,-2.33333E-03
2.530265,-1.835835E-05,-9.229465E-06,-.002
2.531266,2.622616E-05,-1.472241E-05,6.66667E-04
2.532266,2.145779E-05,3.798516E-05,-6.66667E-04
2.533267,7.867871E-06,-1.415618E-06,-6.66667E-04
2.534267,2.455723E-05,2.256793E-05,-.002
2.535268,-1.072889E-05,5.460926E-05,.001
2.536268,-2.193463E-05,-6.582617E-06,-.002
2.537269,2.55109E-05,-1.79616E-05,-.001
2.538269,6.437331E-06,1.129328E-05,-.001
2.53927,1.311308E-05,-5.054311E-05,-6.66667E-04
2.54027,3.695511E-05,-1.984288E-05,-2.33333E-03
2.541271,2.3842E-06,-9.698851E-06,-.002
2.542271,5.555176E-05,-3.767223E-05,.001
2.543272,5.078339E-05,1.41841E-05,-.001
2.544272,-1.215941E-05,-2.25195E-05,-6.66667E-04
2.545273,-5.006819E-06,-2.869044E-05,-6.66667E-04
2.546273,-3.2902E-05,3.349246E-05,-6.66667E-04
2.547274,-7.915543E-05,-6.340473E-06,6.66667E-04
2.548274,-2.28883E-05,-2.572883E-05,.001
2.549275,-1.263624E-05,3.792183E-05,-6.66667E-04
2.550275,-8.344708E-06,-4.267349E-06,.001
2.551276,5.197548E-05,1.322111E-05,.002
2.552276,-1.764309E-05,2.816704E-05,-6.66667E-04
2.553277,-3.623986E-05,-2.093811E-05,-2.33333E-03
2.554277,4.768401E-06,1.675647E-05,.002
2.555278,-2.694142E-05,1.761701E-05,6.66667E-04
2.556278,2.074253E-05,-4.651793E-05,-6.66667E-04
2.557279,3.647828E-05,1.67751E-05,-6.66667E-04
2.558279,-1.502043E-05,7.761701E-06,-.002
2.55928,-1.1921E-06,-4.583807E-05,-6.66667E-04
2.56028,-1.072889E-05,-2.907604E-06,-6.66667E-04
2.561281,-4.339241E-05,-1.489377E-05,6.66667E-04
2.562281,2.93256E-05,-2.726365E-05,-2.33333E-03
2.563282,-1.859677E-05,-6.448507E-06,-.001
2.564282,-3.457093E-05,-4.041404E-05,-.001
2.565283,2.93256E-05,-1.274055E-05,.002
2.566283,-3.004086E-05,2.029922E-05,.001
2.567284,-2.694142E-05,-3.847317E-05,-.001
2.568284,5.006813E-05,-2.162915E-05,.001
2.569285,1.215941E-05,-4.692032E-06,-3.66667E-03
2.570285,1.454359E-05,-2.110389E-05,2.33333E-03
2.571286,3.528618E-05,4.525133E-05,-2.33333E-03
2.572286,-1.811993E-05,2.089341E-05,-6.66667E-04
2.573287,1.788151E-05,-2.49577E-05,-.002
2.574287,2.55109E-05,9.583368E-06,-.002
2.575288,-1.573574E-05,-5.461113E-05,-6.66667E-04
2.576288,4.243874E-05,-3.534951E-05,-.002
2.577289,1.525891E-05,1.409097E-05,-.001
2.578289,-1.573574E-05,-1.277967E-05,-.002
2.57929,7.152594E-07,-2.5157E-05,6.66667E-04
2.58029,-3.433251E-05,1.942751E-05,6.66667E-04
2.581291,-1.549732E-05,-1.920585E-05,-6.66667E-04
2.582291,2.598774E-05,2.578099E-05,-.002
2.583292,-4.053139E-05,1.845148E-05,6.66667E-04
2.584292,-1.621258E-05,-2.528552E-05,-.002
2.585293,2.408039E-05,-2.652421E-06,-.001
2.586293,6.198912E-06,9.754731E-06,.001
2.587294,5.197548E-05,2.121567E-06,-6.66667E-04
2.588294,4.649186E-05,5.460926E-05,.001
2.589295,-3.576293E-06,-2.179493E-05,6.66667E-04
2.590295,5.149865E-05,-1.88594E-05,6.66667E-04
2.591296,4.529982E-06,4.101195E-05,6.66667E-04
2.592296,2.384204E-07,1.080339E-07,6.66667E-04
2.593297,4.625344E-05,2.867926E-05,-.002
2.594297,-3.814726E-06,4.809559E-05,.001
2.595298,-2.93256E-05,1.750712E-05,-.001
2.596298,2.908718E-05,3.181607E-05,-.002
2.597299,-5.435967E-05,1.748477E-05,-6.66667E-04
2.598299,-3.361725E-05,-2.86327E-05,-.002
2.5993,4.768401E-06,1.651433E-05,-.001
2.6003,-5.60286E-05,9.667187E-06,-.001
2.601301,-2.646458E-05,-4.710094E-05,-.001
2.602301,-2.527249E-05,2.543454E-05,6.66667E-04
2.603302,-4.172348E-05,1.462182E-05,-.001
2.604302,3.242516E-05,4.177942E-06,-6.66667E-04
2.605303,3.099456E-06,5.460926E-05,6.66667E-04
2.606303,-4.386925E-05,-1.241273E-05,-6.66667E-04
2.607304,8.10629E-06,-1.302554E-05,-.001
2.608304,-3.814721E-05,-1.497574E-06,6.66667E-04
2.609305,-4.673027E-05,-4.487881E-05,6.66667E-04
2.610305,-3.814726E-06,-1.340365E-05,-6.66667E-04
2.611306,-3.17099E-05,1.455477E-05,-6.66667E-04
2.612306,-2.384197E-05,-4.562014E-05,-.001
2.613307,2.55109E-05,1.007138E-05,-6.66667E-04
2.614307,1.072889E-05,4.541158E-06,-6.66667E-04
2.615308,3.147149E-05,-4.028366E-05,-.002
2.616308,3.242516E-05,2.507505E-05,-6.66667E-04
2.617309,2.384204E-07,-4.200294E-06,-6.66667E-04
2.618309,2.360356E-05,3.267094E-06,-6.66667E-04
2.61931,-2.765667E-05,5.460926E-05,-.001
2.62031,-4.053139E-05,-1.931388E-05,-6.66667E-04
2.621311,1.072889E-05,-1.329936E-06,-.001
2.622311,-3.743195E-05,1.015147E-05,6.66667E-04
2.623312,1.025206E-05,-5.461113E-05,-6.66667E-04
2.624312,7.915543E-05,-4.477636E-05,-6.66667E-04
2.625313,4.124665E-05,-1.809758E-05,-.002
2.626313,3.981614E-05,-4.250021E-05,-6.66667E-04
2.627314,5.459809E-05,1.060223E-05,-.002
2.628314,-2.002728E-05,8.90909E-06,.001
2.629315,2.646458E-05,-4.122616E-05,-6.66667E-04
2.630315,2.145779E-05,1.509121E-05,-.002
2.631316,-1.621258E-05,-4.784041E-05,.001
2.632316,2.145782E-06,-4.656264E-05,.001
2.633317,0,-2.267596E-05,-6.66667E-04
2.634317,-7.391005E-06,-4.423806E-05,6.66667E-04
2.635318,2.598774E-05,-2.456841E-05,-6.66667E-04
2.636318,-9.536816E-07,3.085495E-05,6.66667E-04
2.637319,1.001364E-05,-1.66503E-05,.001
2.638319,2.717983E-05,4.628702E-06,-.001
2.63932,-1.716625E-05,1.557742E-05,-.001
2.64032,-1.120573E-05,-2.791558E-05,-2.33333E-03
2.641321,3.55246E-05,4.883885E-06,-6.66667E-04
2.642321,-1.811993E-05,-4.394009E-06,-.001
2.643322,2.694142E-05,-2.507318E-05,6.66667E-04
2.644322,6.175088E-05,3.939518E-05,-.002
2.645323,1.430519E-06,1.167139E-05,-.001
2.646323,6.246613E-05,-1.079967E-05,-6.66667E-04
2.647324,3.910088E-05,4.157261E-05,-6.66667E-04
2.648324,8.821546E-06,2.917473E-05,-6.66667E-04
2.649325,1.573574E-05,2.249342E-05,-.001
2.650325,-2.622616E-05,5.460926E-05,6.66667E-04
2.651326,-1.931202E-05,1.875695E-05,-6.66667E-04
2.652326,1.955044E-05,1.397362E-05,-3.66667E-03
2.653327,-2.217304E-05,2.446037E-05,-3.66667E-03
2.654327,1.263624E-05,-5.139806E-05,-.001
2.655328,4.57766E-05,1.406675E-05,-6.66667E-04
2.656328,-1.406675E-05,3.596791E-05,6.66667E-04
2.657329,9.298383E-06,-5.062699E-06,-6.66667E-04
2.658329,2.765667E-05,1.800258E-05,6.66667E-04
2.65933,-1.502043E-05,-9.916781E-06,-.001
2.66033,3.480935E-05,3.315523E-06,-.001
2.661331,3.004086E-05,5.460926E-05,-.002
2.662331,5.722075E-06,-1.559418E-05,-.001
2.663332,5.173706E-05,-4.798756E-05,-.002
2.664332,3.814726E-06,1.529057E-05,-.002
2.665333,-2.241146E-05,-3.377744E-05,-.001
2.666333,3.814721E-05,4.18353E-06,-2.33333E-03
2.667334,3.576293E-06,5.460926E-05,.001
2.668334,3.647828E-05,-1.38302E-05,.002
2.669335,8.416222E-05,7.977767E-06,6.66667E-04
2.670335,4.053145E-06,6.109512E-07,-6.66667E-04
2.671336,1.311308E-05,-5.461113E-05,-.001
2.672336,8.10629E-06,5.636393E-06,-6.66667E-04
2.673337,-6.032013E-05,1.276104E-05,-.002
2.674337,-9.059964E-06,-5.461113E-05,6.66667E-04
2.675338,1.144415E-05,-1.288958E-06,-6.66667E-04
2.676338,-3.17099E-05,-3.334717E-05,-.002
2.677339,-1.192099E-05,-3.527314E-05,-.002
2.678339,-3.886246E-05,2.038863E-05,-6.66667E-04
2.67934,-4.863762E-05,-1.389539E-05,-.001
2.68034,-2.098095E-05,-3.322973E-06,-2.33333E-03
2.681341,-4.100823E-05,4.640617E-05,-6.66667E-04
2.682341,-2.6703E-05,-2.165895E-05,6.66667E-04
2.683342,4.148507E-05,1.499808E-05,2.33333E-03
2.684342,-1.33515E-05,1.087232E-05,-6.66667E-04
2.685343,1.120573E-05,-3.417977E-05,-6.66667E-04
2.686343,2.694142E-05,2.07742E-05,-6.66667E-04
2.687344,-2.789509E-05,-1.399597E-05,6.66667E-04
2.688344,1.358992E-05,-5.461113E-05,6.66667E-04
2.689345,2.050411E-05,-6.064802E-06,6.66667E-04
2.690345,-2.956402E-05,-5.461113E-05,.001
2.691346,4.744553E-05,-5.461113E-05,-6.66667E-04
2.692346,2.55109E-05,-2.698239E-05,6.66667E-04
2.693347,1.90736E-05,-5.461113E-05,-6.66667E-04
2.694347,8.89306E-05,-3.195577E-05,-6.66667E-04
2.695348,4.792237E-05,2.586667E-05,.001
2.696348,6.628083E-05,-2.587598E-05,-.001
2.697349,1.168256E-04,9.536816E-07,-2.33333E-03
2.698349,7.86786E-05,-1.946103E-05,-.002
2.69935,1.404295E-04,-5.425164E-05,-6.66667E-04
2.70035,2.105245E-04,-1.609333E-06,.001
2.701351,1.635561E-04,-1.202902E-05,.001
2.702351,2.01703E-04,-5.461113E-05,.002
2.703352,1.9312E-04,-1.662609E-05,.002
2.704352,1.442442E-04,-4.608766E-05,-.001
2.705353,1.82868E-04,-5.363696E-05,-.001
2.706353,1.101498E-04,-2.993285E-06,.001
2.707354,6.127404E-05,-3.186637E-05,-6.66667E-04
2.708354,9.298371E-05,-3.131875E-05,-6.66667E-04
2.709355,8.082436E-05,-3.580019E-06,6.66667E-04
2.710355,1.082425E-04,-4.792423E-05,6.66667E-04
2.711356,1.24217E-04,-1.917232E-05,-.002
2.712356,6.032013E-05,-2.330926E-05,.001
2.713357,4.3154E-05,-5.461113E-05,-6.66667E-04
2.714357,3.337883E-05,-2.487388E-05,-6.66667E-04
2.715358,-8.10629E-06,-3.31162E-05,-2.33333E-03
2.716358,6.46119E-05,-5.461113E-05,-.001
2.717359,6.628083E-05,-3.270642E-05,.001
2.718359,-8.344708E-06,-3.09071E-05,-6.66667E-04
2.71936,1.287466E-05,-1.829315E-05,-.002
2.72036,5.245238E-06,2.443802E-05,-6.66667E-04
2.721361,5.006819E-06,-1.204765E-05,-.001
2.722361,6.914185E-05,-8.81037E-06,-2.33333E-03
2.723362,1.263624E-05,1.551409E-05,.001
2.724362,-2.193463E-05,-5.461113E-05,-6.66667E-04
2.725363,8.821546E-06,-5.461113E-05,.001
2.726363,-2.598774E-05,-2.972421E-05,3.66667E-03
2.727364,3.576293E-06,-4.523643E-05,-.002
2.728364,3.981614E-05,1.120946E-05,.001
2.729365,-1.621258E-05,3.433251E-05,-6.66667E-04
2.730365,2.646458E-05,1.242018E-05,-6.66667E-04
2.731366,3.2902E-05,5.460926E-05,-.001
2.732366,9.536816E-07,3.462308E-05,.001
2.733367,5.722069E-05,-2.419591E-06,-.001
2.734367,4.053139E-05,3.72997E-05,.002
2.735368,1.049048E-05,-2.378423E-05,-.002
2.736368,6.604241E-05,-1.872901E-05,.002
2.737369,3.743195E-05,1.068233E-05,6.66667E-04
2.738369,8.344708E-06,-4.801736E-05,-.002
2.73937,1.597416E-05,-2.96646E-05,-.002
2.74037,-1.192099E-05,-1.46181E-05,-.002
2.741371,1.859677E-05,-3.513717E-05,-6.66667E-04
2.742371,7.796334E-05,2.647017E-05,-.001
2.743372,4.363083E-05,1.700979E-05,6.66667E-04
2.744372,5.769753E-05,-3.758655E-05,-6.66667E-04
2.745373,6.985711E-05,1.001364E-05,-2.33333E-03
2.746373,3.147149E-05,-3.904133E-06,-3.66667E-03
2.747374,7.271813E-05,-1.187815E-05,-.001
2.748374,6.222771E-05,3.37793E-05,-.001
2.749375,1.716625E-05,7.860421E-06,-6.66667E-04
2.750375,5.960488E-05,2.508622E-05,6.66667E-04
2.751376,1.764309E-05,5.313219E-05,-.002
2.752376,5.483656E-06,-1.082389E-05,-.001
2.753377,7.963227E-05,1.365326E-06,.002
2.754377,1.716625E-05,1.726684E-05,.001
2.755378,-7.152594E-07,-3.259466E-05,-.002
2.756378,3.361725E-05,-4.684582E-06,6.66667E-04
2.757379,-1.120573E-05,1.172168E-05,-6.66667E-04
2.758379,9.298383E-06,-5.461113E-05,.001
2.75938,9.536816E-07,1.551591E-06,-6.66667E-04
2.76038,-3.671669E-05,8.93703E-06,-6.66667E-04
2.761381,2.050411E-05,-7.450637E-09,-6.66667E-04
2.762381,2.813351E-05,5.460926E-05,-6.66667E-04
2.763382,-1.120573E-05,3.2129E-05,-6.66667E-04
2.764382,4.339241E-05,1.732644E-05,-.001
2.765383,2.837193E-05,4.578591E-05,.001
2.766383,9.298383E-06,-1.436478E-05,-.001
2.767384,3.814721E-05,-2.246365E-06,-6.66667E-04
2.768384,-1.311308E-05,-1.367001E-05,-.002
2.769385,-5.006819E-06,-5.461113E-05,.001
2.770385,2.93256E-05,-5.382509E-05,6.66667E-04
2.771386,-1.168257E-05,-2.382149E-05,-2.33333E-03
2.772386,2.145779E-05,-5.461113E-05,-.002
2.773387,5.173706E-05,-8.771254E-06,-2.33333E-03
2.774387,-1.192099E-05,-8.011295E-06,6.66667E-04
2.775388,3.194832E-05,-3.962615E-05,6.66667E-04
2.776388,2.622619E-06,4.44504E-05,-6.66667E-04
2.777389,-4.386925E-05,-1.240529E-06,-.002
2.778389,1.263624E-05,3.833353E-06,-.001
2.77939,3.814726E-06,2.48478E-05,-6.66667E-04
2.78039,-3.671669E-05,-4.319497E-05,-6.66667E-04
2.781391,3.528618E-05,-3.369735E-05,-6.66667E-04
2.782391,5.722075E-06,2.207991E-05,-.002
2.783392,7.867871E-06,-2.427411E-05,-.001
2.784392,4.83992E-05,-2.849672E-05,-6.66667E-04
2.785393,9.77522E-06,-4.893198E-06,-6.66667E-04
2.786393,1.215941E-05,-2.390158E-05,6.66667E-04
2.787394,3.099465E-05,6.07039E-06,.001
2.788394,-2.789509E-05,1.215754E-05,-.002
2.789395,-1.168257E-05,-1.022599E-06,-6.66667E-04
2.790395,-1.740467E-05,2.656144E-05,-.001
2.791396,-5.626702E-05,-3.866688E-05,-6.66667E-04
2.792396,1.478201E-05,-5.461113E-05,6.66667E-04
2.793397,8.297013E-05,-1.104554E-05,.001
2.794397,5.674385E-05,-3.248476E-05,.001
2.795398,8.344697E-05,-2.938334E-05,-6.66667E-04
2.796398,2.336514E-05,-6.688788E-06,-.002
2.797399,1.90736E-05,-3.98776E-05,-.001
2.798399,8.535432E-05,-1.779397E-05,-.002
2.7994,4.076981E-05,2.568413E-05,-6.66667E-04
2.8004,6.318139E-05,-9.119569E-06,.001
2.801401,1.139645E-04,1.367374E-05,6.66667E-04
2.802401,6.771134E-05,2.723571E-05,-.001
2.803402,9.870576E-05,-3.638514E-05,-.001
2.804402,1.463899E-04,-2.617031E-06,-6.66667E-04
2.805403,1.277933E-04,-3.028673E-05,.001
2.806403,1.981268E-04,-4.306831E-05,6.66667E-04
2.807404,1.847753E-04,1.521414E-05,-6.66667E-04
2.808404,1.363764E-04,-1.607474E-05,.001
2.809405,1.854906E-04,-2.992165E-05,-.002
2.810405,1.49251E-04,-3.384441E-06,-.002
2.811406,1.206403E-04,-4.534633E-05,6.66667E-04
2.812406,1.666555E-04,-2.705131E-05,2.33333E-03
2.813407,1.235018E-04,-4.72556E-06,6.66667E-04
2.814407,1.013284E-04,-3.69607E-05,-6.66667E-04
2.815408,1.34469E-04,-2.216932E-05,-.001
2.816408,5.793595E-05,-2.149877E-05,.001
2.817409,6.413506E-05,-5.461113E-05,.002
2.818409,5.292916E-05,-4.267157E-05,.001
2.81941,1.430517E-05,-5.461113E-05,6.66667E-04
2.82041,7.772492E-05,-5.461113E-05,6.66667E-04
2.821411,4.935288E-05,-4.868984E-06,.002
2.822411,5.483656E-06,-3.727167E-06,-2.33333E-03
2.823412,5.698227E-05,1.151866E-05,-.001
2.824412,3.314042E-05,3.553205E-05,-.002
2.825413,-6.914168E-06,-2.016884E-05,-6.66667E-04
2.826413,4.172348E-05,-1.062459E-05,-.002
2.827414,2.813351E-05,2.048176E-05,-3.66667E-03
2.828414,2.861035E-05,-2.200168E-05,-.002
2.829415,5.650544E-05,1.882587E-05,-6.66667E-04
2.830415,-2.861038E-06,4.555308E-05,.001
2.831416,-2.145782E-06,-3.711344E-05,6.66667E-04
2.832416,4.649186E-05,-5.885988E-06,-.002
2.833417,-2.3842E-06,8.314906E-06,6.66667E-04
2.834417,2.193463E-05,-3.003527E-05,6.66667E-04
2.835418,1.6451E-05,3.662542E-05,-.001
2.836418,-5.388283E-05,8.536561E-06,-6.66667E-04
2.837419,-3.17099E-05,-3.591389E-05,-6.66667E-04
2.838419,-1.955044E-05,1.579162E-05,-.001
2.83942,-3.504776E-05,-2.897729E-05,.001
2.84042,3.647828E-05,-4.739524E-05,-.001
2.841421,2.098095E-05,-3.017503E-07,-.001
2.842421,-2.717983E-05,-5.461113E-05,-.001
2.843422,1.072889E-05,-1.530733E-05,-.002
2.844422,-2.837193E-05,5.460926E-05,-.002
2.845423,-3.123307E-05,1.261203E-05,.001
2.846423,3.814726E-06,1.178501E-05,-6.66667E-04
2.847424,-3.623986E-05,-3.660112E-06,-6.66667E-04
2.848424,1.215941E-05,-5.461113E-05,-.001
2.849425,5.412125E-05,6.146758E-06,6.66667E-04
2.850425,-2.861038E-06,3.892947E-07,6.66667E-04
2.851426,4.363083E-05,-1.590711E-05,-6.66667E-04
2.852426,5.674385E-05,4.742877E-05,-.001
2.853427,2.312672E-05,9.482785E-06,2.33333E-03
2.854427,8.273171E-05,1.198432E-05,.002
2.855428,5.960488E-05,3.956282E-05,-.002
2.856428,2.980244E-05,-8.339121E-06,-.001
2.857429,3.409409E-05,2.136093E-05,-.001
2.858429,-8.344708E-06,4.493282E-05,-6.66667E-04
2.85943,1.1921E-06,-1.953926E-05,6.66667E-04
2.86043,4.363083E-05,-1.686451E-05,6.66667E-04
2.861431,-2.455723E-05,3.146031E-05,-3.66667E-03
2.862431,-4.291564E-06,-7.567956E-06,-.001
2.863432,2.360356E-05,2.331112E-05,-.002
2.864432,-1.859677E-05,1.747732E-05,.001
2.865433,-1.025206E-05,-2.90462E-05,-6.66667E-04
2.866433,-3.719353E-05,-9.907468E-06,-.002
2.867434,-9.369897E-05,-4.179613E-05,6.66667E-04
2.868434,-2.050411E-05,-2.021727E-05,-.001
2.869435,-2.336514E-05,4.041591E-05,-.001
2.870435,-6.127404E-05,-1.06935E-05,-.001
2.871436,1.406675E-05,-3.399723E-05,-3.66667E-03
2.872436,7.629453E-06,2.616097E-05,-6.66667E-04
2.873437,-1.621258E-05,-1.581956E-05,-6.66667E-04
2.874437,1.931202E-05,1.05389E-05,6.66667E-04
2.875438,-2.55109E-05,1.997512E-05,.001
2.876438,-3.814726E-06,-4.536682E-05,6.66667E-04
2.877439,5.030655E-05,-3.789761E-05,6.66667E-04
2.878439,4.768401E-06,-5.460926E-05,-.001
2.87944,1.740467E-05,-5.461113E-05,-6.66667E-04
2.88044,7.152586E-06,1.290819E-05,-.001
2.881441,-5.722069E-05,2.140936E-05,-.002
2.882441,1.430519E-06,7.810129E-06,.001
2.883442,1.406675E-05,5.460926E-05,-.001
2.884442,-2.360356E-05,3.098161E-05,.002
2.885443,2.074253E-05,6.012648E-06,6.66667E-04
2.886443,2.598774E-05,3.216625E-05,6.66667E-04
2.887444,4.768401E-06,-2.221961E-05,-.001
2.888444,3.647828E-05,1.437968E-05,-6.66667E-04
2.889445,-1.311308E-05,5.044439E-05,-6.66667E-04
2.890445,-8.821546E-06,2.842411E-06,.002
2.891446,2.956402E-05,1.611945E-05,2.33333E-03
2.892446,-1.549732E-05,3.669248E-05,.001
2.893447,2.884876E-05,-1.35415E-06,6.66667E-04
2.894447,2.503407E-05,3.998005E-05,-6.66667E-04
2.895448,1.1921E-06,2.621126E-05,-2.33333E-03
2.896448,5.626702E-05,2.776098E-05,-6.66667E-04
2.897449,6.628083E-05,5.339109E-05,-.002
2.898449,6.675749E-06,2.195884E-05,-6.66667E-04
2.89945,5.269074E-05,4.097842E-08,-6.66667E-04
2.90045,3.719353E-05,1.864519E-05,-.001
2.901451,1.740467E-05,7.862283E-06,-6.66667E-04
2.902451,6.699609E-05,3.068545E-05,-6.66667E-04
2.903452,5.960494E-06,2.819498E-05,6.66667E-04
2.904452,-1.907363E-06,-5.884125E-06,6.66667E-04
2.905453,3.099465E-05,4.671351E-05,-.002
2.906453,1.001364E-05,5.460926E-05,-.002
2.907454,3.480935E-05,2.289948E-05,-6.66667E-04
2.908454,3.93393E-05,4.179054E-05,-.001
2.909455,-1.239782E-05,-1.264369E-05,-.001
2.910455,2.598774E-05,-1.196942E-05,-6.66667E-04
2.911456,4.744553E-05,1.913321E-05,-6.66667E-04
2.912456,3.123307E-05,1.249842E-06,.001
2.913457,8.89306E-05,1.49422E-05,.001
2.914457,5.626702E-05,4.283548E-05,6.66667E-04
2.915458,2.02657E-05,-1.791872E-06,-6.66667E-04
2.916458,9.298371E-05,-1.101015E-05,.001
2.917459,7.057237E-05,-1.6708E-06,.002
2.918459,7.033395E-05,-5.461113E-05,-6.66667E-04
2.91946,1.19925E-04,-3.520609E-05,.001
2.92046,1.461515E-04,-9.378477E-06,-6.66667E-04
2.921461,2.32459E-04,-5.461113E-05,6.66667E-04
2.922461,3.397483E-04,-2.193835E-05,6.66667E-04
2.923462,3.807563E-04,-3.635348E-05,2.33333E-03
2.924462,4.88285E-04,-5.461113E-05,-6.66667E-04
2.925463,5.741157E-04,-4.166015E-05,-6.66667E-04
2.926463,5.83414E-04,-5.461113E-05,.002
2.927464,7.483996E-04,-5.461113E-05,.001
2.928464,8.108653E-04,-2.710533E-05,-.002
2.929465,7.960834E-04,-5.461113E-05,-2.33333E-03
2.930465,7.984675E-04,-5.461113E-05,-6.66667E-04
2.931466,6.823577E-04,-5.461113E-05,6.66667E-04
2.932466,5.619563E-04,-5.461113E-05,-.001
2.933467,5.340613E-04,-5.461113E-05,.001
2.934467,3.917236E-04,-2.225686E-05,-6.66667E-04
2.935468,3.09946E-04,-5.461113E-05,6.66667E-04
2.936468,2.7919E-04,-2.253999E-05,-6.66667E-04
2.937469,2.009878E-04,-2.668623E-05,6.66667E-04
2.938469,1.809606E-04,-5.31266E-05,6.66667E-04
2.93947,1.466284E-04,8.672534E-06,-6.66667E-04
2.94047,4.696869E-05,6.357237E-06,-6.66667E-04
2.941471,5.579018E-05,-1.059665E-05,6.66667E-04
2.942471,5.86512E-05,4.023523E-05,-.001
2.943472,1.859677E-05,6.962597E-06,-.002
2.944472,5.006813E-05,-5.114853E-06,-6.66667E-04
2.945473,-2.3842E-06,2.809998E-05,.002
2.946473,-3.790879E-05,-3.082887E-05,-6.66667E-04
2.947474,2.765667E-05,-2.704572E-05,6.66667E-04
2.948474,2.360356E-05,2.028435E-06,-6.66667E-04
2.949475,1.311308E-05,-2.67924E-05,-.002
2.950475,2.193463E-05,1.498131E-05,6.66667E-04
2.951476,-4.529976E-05,2.713699E-05,-6.66667E-04
2.952476,-2.384197E-05,-4.175142E-05,-6.66667E-04
2.953477,3.814726E-06,5.809619E-06,-.002
2.954477,-2.884876E-05,5.317881E-06,-3.66667E-03
2.955478,1.978886E-05,-7.003575E-06,-.001
2.956478,1.096731E-05,3.95684E-05,-6.66667E-04
2.957479,-4.005455E-05,1.611758E-05,-3.66667E-03
2.958479,4.291564E-06,1.145534E-06,.001
2.95948,-7.391005E-06,5.460926E-05,-.002
2.96048,-1.287466E-05,1.924497E-05,-6.66667E-04
2.961481,2.598774E-05,-1.912576E-05,-.001
2.962481,-2.28883E-05,4.261761E-06,-6.66667E-04
2.963482,-9.77522E-06,-5.461113E-05,6.66667E-04
2.964482,4.83992E-05,-2.339308E-05,-.001
2.965483,5.483656E-06,-1.380598E-05,-.001
2.966483,1.406675E-05,-4.009553E-05,-.001
2.967484,4.935288E-05,1.243321E-05,-.001
2.968484,-3.385567E-05,2.680361E-06,-6.66667E-04
2.969485,-3.433251E-05,-2.411578E-05,6.66667E-04
2.970485,-3.576293E-06,5.07629E-05,-.002
2.971486,-2.6703E-05,2.110761E-05,-6.66667E-04
2.972486,-1.668937E-06,2.309695E-06,-2.33333E-03
2.973487,-5.722075E-06,3.820867E-05,-.002
2.974487,-2.813351E-05,-1.109397E-05,.001
2.975488,1.382834E-05,-1.206069E-05,-3.66667E-03
2.976488,-4.529982E-06,1.211284E-05,-6.66667E-04
2.977489,9.536816E-07,-5.461113E-05,-6.66667E-04
2.978489,2.837193E-05,-1.39047E-05,6.66667E-04
2.97949,-1.621258E-05,1.478574E-05,-2.33333E-03
2.98049,-5.245238E-06,-4.811236E-05,-6.66667E-04
2.981491,3.099465E-05,3.263378E-05,.001
2.982491,-9.536801E-06,6.679475E-06,-.001
2.983492,4.124665E-05,-4.158006E-05,.002
2.984492,3.695511E-05,1.810498E-06,-.002
2.985493,7.152586E-06,-8.508621E-06,6.66667E-04
2.986493,4.100823E-05,-2.100144E-05,.002
2.987494,4.553818E-05,-5.900889E-06,-.001
2.988494,-3.576293E-06,-3.112503E-05,-.002
2.989495,4.911446E-05,-2.079096E-05,-6.66667E-04
2.990495,4.172348E-05,2.753746E-05,-3.66667E-03
2.991496,2.312672E-05,1.428282E-05,6.66667E-04
2.992496,4.696869E-05,1.784053E-05,-6.66667E-04
2.993497,2.145779E-05,6.768882E-06,-.001
2.994497,5.769753E-05,-5.461113E-05,-6.66667E-04
2.995498,8.082436E-05,-4.908838E-05,-.002
2.996498,3.051781E-05,-3.973418E-05,-.002
2.997499,4.410767E-05,-5.461113E-05,6.66667E-04
2.998499,2.956402E-05,-9.778945E-06,6.66667E-04
2.9995,-2.717983E-05,-2.871465E-05,-6.66667E-04
3.0005,2.217304E-05,-5.461113E-05,-6.66667E-04
3.001501,4.19619E-05,-8.329807E-06,.001
3.002501,-2.145782E-06,-2.633606E-05,.001
3.003502,4.863762E-05,-4.118518E-05,-.002
3.004502,8.583127E-06,1.277782E-06,.001
3.005503,3.027928E-05,-1.249654E-05,.001
3.006503,8.463906E-05,3.138208E-05,-2.33333E-03
3.007504,1.811993E-05,3.263191E-05,6.66667E-04
3.008504,2.789509E-05,-3.314228E-05,-.001
3.009505,5.745911E-05,-9.471609E-06,-6.66667E-04
3.010505,-9.536801E-06,-4.706933E-06,-6.66667E-04
3.011506,2.217304E-05,-4.968257E-05,6.66667E-04
3.012506,4.243874E-05,4.194706E-06,-3.66667E-03
3.013507,2.646458E-05,-1.995463E-05,-.001
3.014507,8.320855E-05,-5.461113E-05,.001
3.015508,1.139645E-04,1.937908E-05,-6.66667E-04
3.016508,9.179162E-05,-2.79696E-05,-.002
3.017509,1.201634E-04,-1.956348E-05,-.001
3.018509,8.201646E-05,3.488199E-05,.001
3.01951,6.365823E-05,-3.99875E-05,6.66667E-04
3.02051,1.161103E-04,-2.706435E-05,.002
3.021511,1.173024E-04,-5.476206E-06,-.001
3.022511,1.611719E-04,-5.461113E-05,-.001
3.023512,2.436647E-04,-5.461113E-05,2.33333E-03
3.024512,2.701301E-04,-4.94814E-05,-.001
3.025513,3.438015E-04,-5.461113E-05,6.66667E-04
3.026513,4.367847E-04,-3.769086E-05,-6.66667E-04
3.027514,4.81369E-04,-5.461113E-05,.001
3.028514,6.282367E-04,-5.461113E-05,-.001
3.029515,7.085837E-04,-2.872956E-05,-.002
3.030515,7.951297E-04,-4.863762E-05,-.001
3.031516,9.295978E-04,-4.005083E-05,-.002
3.032516,9.624995E-04,-2.51272E-05,.001
3.033517,1.004227E-03,-5.461113E-05,6.66667E-04
3.034517,1.132257E-03,-5.461113E-05,-6.66667E-04
3.035518,1.079805E-03,-4.363456E-05,.001
3.036518,9.965971E-04,-5.461113E-05,.001
3.037519,9.269752E-04,-5.461113E-05,.002
3.038519,7.73672E-04,-5.461113E-05,6.66667E-04
3.03952,7.290877E-04,-5.461113E-05,-6.66667E-04
3.04052,6.349124E-04,-5.45478E-05,-.002
3.041521,4.799385E-04,-4.099333E-05,6.66667E-04
3.042521,4.122276E-04,-4.857988E-05,-.001
3.043522,3.390331E-04,-1.146464E-05,-.002
3.044522,2.517719E-04,-3.555813E-05,-6.66667E-04
3.045523,2.024183E-04,-4.322664E-05,.002
3.046523,1.118188E-04,1.632248E-05,.001
3.047524,9.846734E-05,-4.156702E-05,6.66667E-04
3.048524,1.173024E-04,-4.911819E-05,-3.66667E-03
3.049525,6.794976E-05,7.115341E-07,-3.66667E-03
3.050525,7.653283E-05,-5.461113E-05,-6.66667E-04
3.051526,9.560632E-05,-2.875563E-05,.002
3.052526,2.264988E-05,-4.675268E-06,-.004
3.053527,3.337883E-05,-4.760572E-05,.001
3.054527,4.863762E-05,1.641747E-05,-.001
3.055528,-1.668937E-06,4.043832E-06,-3.66667E-03
3.056528,3.695511E-05,-1.920771E-05,-.001
3.057529,3.337883E-05,2.787833E-05,6.66667E-04
3.058529,-1.502043E-05,1.546007E-05,6.66667E-04
3.05953,2.479565E-05,-1.141435E-05,.001
3.06053,2.098095E-05,6.502523E-06,-.002
3.061531,8.583127E-06,-2.530788E-05,-.002
3.062531,6.270455E-05,1.633547E-06,-6.66667E-04
3.063532,1.788151E-05,3.106543E-05,-.002
3.064532,5.173706E-05,-3.431761E-05,-.001
3.065533,8.797692E-05,-5.574926E-06,6.66667E-04
3.066533,3.218674E-05,-1.323974E-05,-.002
3.067534,7.200288E-05,-3.408478E-05,2.33333E-03
3.068534,4.911446E-05,2.956402E-05,.001
3.069535,2.765667E-05,-5.02172E-06,-.002
3.070535,8.13012E-05,-5.461113E-05,-.002
3.071536,6.985711E-05,-2.710905E-05,-6.66667E-04
3.072536,2.193463E-05,-4.205876E-05,-2.33333E-03
3.073537,6.46119E-05,-3.938773E-05,-.001
3.074537,5.626702E-05,-8.970557E-06,-6.66667E-04
3.075538,6.580399E-05,-4.944974E-05,-.001
3.076538,1.196866E-04,-3.215508E-05,-.002
3.077539,7.581757E-05,3.210106E-05,-.002
3.078539,3.361725E-05,-2.005335E-05,6.66667E-04
3.07954,3.719353E-05,8.329807E-06,-.001
3.08054,-2.169621E-05,2.942805E-05,.001
3.081541,-2.861038E-06,-3.044133E-05,-2.33333E-03
3.082541,3.981614E-05,-9.929819E-06,.001
3.083542,2.169621E-05,-2.169434E-05,-6.66667E-04
3.084542,4.649186E-05,-7.454335E-06,-.001
3.085543,4.911446E-05,3.301376E-05,-.001
3.086543,1.096731E-05,-1.328631E-05,.001
3.087544,7.367181E-05,-4.105666E-05,.001
3.088544,6.699609E-05,1.610082E-05,-.001
3.089545,2.694142E-05,-2.049853E-05,-.002
3.090545,3.743195E-05,-2.736237E-05,.001
3.091546,-7.152594E-07,4.002854E-06,-6.66667E-04
3.092546,-2.121937E-05,-5.461113E-05,-2.33333E-03
3.093547,3.409409E-05,-3.010978E-05,-6.66667E-04
3.094547,2.813351E-05,-1.870107E-05,.001
3.095548,5.60286E-05,-5.461113E-05,.001
3.096548,8.201646E-05,2.306711E-05,-6.66667E-04
3.097549,1.33515E-05,2.858241E-05,.001
3.098549,2.050411E-05,-1.63709E-05,-.002
3.09955,1.978886E-05,4.813104E-06,-6.66667E-04
3.10055,-4.076981E-05,-4.427158E-05,6.66667E-04
3.101551,4.148507E-05,-5.155639E-05,-.001
3.102551,6.079697E-05,2.369483E-05,6.66667E-04
3.103552,1.001364E-05,5.770504E-06,3.66667E-03
3.104552,2.980244E-05,-2.34881E-06,6.66667E-04
3.105553,-3.576293E-06,2.404687E-05,-.001
3.106553,-1.001364E-05,-5.977257E-06,-.001
3.107554,4.029297E-05,1.735624E-05,.001
3.108554,2.717983E-05,4.226924E-05,.001
3.109555,3.862404E-05,3.155335E-06,6.66667E-04
3.110555,7.915543E-05,4.781806E-05,-6.66667E-04
3.111556,2.193463E-05,5.030655E-05,-6.66667E-04
3.112556,2.956402E-05,-1.542282E-05,-2.33333E-03
3.113557,5.459809E-05,4.317641E-06,6.66667E-04
3.114557,2.145779E-05,-1.396058E-05,-.001
3.115558,5.960488E-05,-2.41847E-05,-6.66667E-04
3.116558,4.005455E-05,1.599838E-05,-6.66667E-04
3.117559,-6.437331E-06,-4.318007E-05,-6.66667E-04
3.118559,4.363083E-05,-5.461113E-05,-2.33333E-03
3.11956,6.46119E-05,-1.199736E-05,-.002
3.12056,6.699609E-05,-2.781872E-05,6.66667E-04
3.121561,1.487741E-04,-5.697861E-06,6.66667E-04
3.122561,1.585493E-04,1.029862E-05,-6.66667E-04
3.123562,1.599798E-04,-3.1017E-05,-.002
3.124562,1.95981E-04,-2.885249E-05,.001
3.125563,1.437673E-04,-4.041958E-07,-.002
3.126563,1.685629E-04,-2.042588E-05,.001
3.127564,1.854906E-04,1.610455E-05,-.001
3.128564,1.368532E-04,-2.464294E-06,6.66667E-04
3.129565,1.771459E-04,-2.543454E-05,-6.66667E-04
3.130565,1.945505E-04,2.484783E-06,-.002
3.131566,1.552114E-04,-1.686451E-05,-2.33333E-03
3.132566,2.00511E-04,-4.534447E-05,.001
3.133567,1.566419E-04,-2.522033E-05,.001
3.134567,1.194482E-04,-4.153908E-05,6.66667E-04
3.135568,1.642713E-04,-3.387057E-05,6.66667E-04
3.136568,1.230249E-04,-5.885995E-07,-6.66667E-04
3.137569,7.247971E-05,-4.379475E-05,6.66667E-04
3.138569,8.702325E-05,-1.707685E-05,.001
3.13957,1.859677E-05,3.726245E-05,.001
3.14057,4.982972E-05,-1.879048E-05,.001
3.141571,5.60286E-05,2.074998E-05,-6.66667E-04
3.142571,-1.668937E-06,1.383579E-05,-.002
3.143572,3.027928E-05,-2.047617E-05,.002
3.144572,8.13012E-05,3.138394E-05,6.66667E-04
3.145573,5.459809E-05,6.837799E-06,.001
3.146573,6.72345E-05,-2.665643E-05,-6.66667E-04
3.147574,5.555176E-05,4.820555E-06,6.66667E-04
3.148574,3.790879E-05,-3.20042E-05,-.002
3.149575,6.437348E-05,-1.910341E-05,6.66667E-04
3.150575,1.859677E-05,2.372463E-05,-6.66667E-04
3.151576,4.768401E-06,7.990784E-07,6.66667E-04
3.152576,2.264988E-05,2.850231E-05,-.001
3.153577,-1.549732E-05,5.460926E-05,6.66667E-04
3.154577,-1.072889E-05,-1.646217E-05,-.002
3.155578,2.050411E-05,2.332416E-05,-.002
3.156578,-2.336514E-05,3.245682E-05,-.002
3.157579,1.573574E-05,-2.457399E-05,-.001
3.158579,3.886246E-05,9.402691E-06,-6.66667E-04
3.15958,2.264988E-05,-2.162546E-06,6.66667E-04
3.16058,6.961869E-05,-3.385381E-05,-.002
3.161581,4.506134E-05,4.686444E-06,-6.66667E-04
3.162581,-6.675749E-06,-1.996954E-05,-.001
3.163582,5.412125E-05,-4.104548E-05,-6.66667E-04
3.164582,2.93256E-05,-4.129513E-06,.004
3.165583,2.861038E-06,-5.461113E-05,.001
3.166583,4.3154E-05,-5.461113E-05,-6.66667E-04
3.167584,3.814721E-05,-5.224749E-06,.001
3.168584,2.980244E-05,-4.950748E-05,.001
3.169585,5.459809E-05,-9.195937E-06,-.002
3.170585,1.478201E-05,5.604728E-06,-.002
3.171586,2.193463E-05,-1.895439E-05,-6.66667E-04
3.172586,2.050411E-05,4.967698E-05,-.001
3.173587,-2.980244E-05,4.091696E-05,-.002
3.174587,2.074253E-05,-2.05097E-05,-.001
3.175588,3.504776E-05,3.111199E-05,-.001
3.176588,1.502043E-05,-4.759087E-06,6.66667E-04
3.177589,9.012269E-05,-4.574686E-06,-6.66667E-04
3.178589,6.246613E-05,5.324394E-05,-6.66667E-04
3.17959,8.10629E-06,7.882772E-06,-.002
3.18059,6.508874E-05,9.864627E-06,-6.66667E-04
3.181591,4.148507E-05,1.975533E-05,6.66667E-04
3.182591,1.955044E-05,-5.461113E-05,-.002
3.183592,4.625344E-05,-2.076116E-05,-.001
3.184592,-1.573574E-05,1.826149E-05,.001
3.185593,-6.437331E-06,-5.461113E-05,.001
3.186593,1.215941E-05,-2.305035E-05,-.002
3.187594,-5.006819E-06,-2.384011E-05,.001
3.188594,5.078339E-05,-5.461113E-05,6.66667E-04
3.189595,8.273171E-05,-7.674156E-06,-6.66667E-04
3.190595,6.651925E-05,-2.778892E-05,6.66667E-04
3.191596,1.437673E-04,-5.461113E-05,6.66667E-04
3.192596,1.442442E-04,-1.214452E-06,-6.66667E-04
3.193597,1.244554E-04,-4.185014E-05,6.66667E-04
3.194597,2.071867E-04,-3.866688E-05,-.001
3.195598,1.823911E-04,2.328132E-05,-.001
3.196598,1.933584E-04,-2.75356E-05,-.001
3.197599,2.818126E-04,-1.106603E-05,6.66667E-04
3.198599,2.579708E-04,-1.499994E-05,-6.66667E-04
3.1996,2.987403E-04,-5.461113E-05,-6.66667E-04
3.2006,3.268737E-04,-1.507258E-05,.001
3.201601,2.729911E-04,-2.460752E-05,-2.33333E-03
3.202601,3.09946E-04,-5.461113E-05,.001
3.203602,2.975482E-04,-1.948338E-05,6.66667E-04
3.204602,2.236376E-04,-2.738659E-05,-6.66667E-04
3.205603,2.665538E-04,-5.051331E-05,-6.66667E-04
3.206603,2.174387E-04,-2.042402E-05,-.002
3.207604,1.349458E-04,-5.461113E-05,-6.66667E-04
3.208604,1.716623E-04,-5.461113E-05,-.001
3.209605,1.146798E-04,-3.043015E-05,6.66667E-04
3.210605,5.698227E-05,-5.461113E-05,.001
3.211606,9.727525E-05,-4.86637E-05,-.001
3.212606,2.741825E-05,1.879421E-05,.001
3.213607,4.863762E-05,-6.547227E-06,-2.33333E-03
3.214607,9.870576E-05,2.758217E-05,-.001
3.215608,4.19619E-05,3.453359E-06,-.001
3.216608,5.149865E-05,-4.106411E-05,6.66667E-04
3.217609,5.078339E-05,-5.921378E-06,-.001
3.218609,3.576293E-06,6.543502E-06,-.002
3.21961,3.123307E-05,-3.920146E-05,-.001
3.22061,1.215941E-05,-1.076987E-05,-2.33333E-03
3.221611,3.814726E-06,-4.775659E-05,-.002
3.222611,5.650544E-05,-4.962296E-05,6.66667E-04
3.223612,4.863762E-05,2.936844E-05,-.001
3.224612,1.835835E-05,-1.061715E-06,-6.66667E-04
3.225613,7.820176E-05,-5.962356E-06,.002
3.226614,1.788151E-05,1.422322E-05,-6.66667E-04
3.227614,-6.198912E-06,-2.793421E-05,-.001
3.228614,2.861035E-05,2.06941E-05,.002
3.229615,-9.298383E-06,2.258841E-05,-2.33333E-03
3.230615,1.239782E-05,-2.013717E-05,6.66667E-04
3.231616,3.2902E-05,6.78192E-06,-6.66667E-04
3.232616,1.239782E-05,-4.591071E-05,6.66667E-04
3.233617,5.86512E-05,-5.461113E-05,-3.66667E-03
3.234617,2.193463E-05,-2.916355E-05,-.001
3.235618,-1.549732E-05,-4.920387E-05,.002
3.236619,2.813351E-05,-2.992351E-05,-.001
3.237619,-3.814726E-06,2.105546E-05,6.66667E-04
3.238619,-4.673027E-05,-3.350922E-05,-6.66667E-04
3.23962,4.768408E-07,-2.446596E-05,-3.66667E-03
3.24062,-2.980244E-05,8.74704E-06,6.66667E-04
3.241621,-4.720711E-05,-4.405365E-05,-6.66667E-04
3.242621,7.152594E-07,-3.272877E-05,2.33333E-03
3.243622,-4.005455E-05,3.917172E-06,.001
3.244622,-2.861035E-05,-2.513279E-05,.001
3.245623,-1.382834E-05,8.495583E-06,6.66667E-04
3.246624,-5.722069E-05,1.408167E-06,6.66667E-04
3.247624,-6.437331E-06,-3.458024E-05,-6.66667E-04
3.248624,2.598774E-05,2.779823E-05,-.004
3.249625,2.622619E-06,8.689298E-06,-6.66667E-04
3.250625,2.813351E-05,-4.926726E-06,6.66667E-04
3.251626,3.218674E-05,3.267848E-05,.001
3.252626,-1.120573E-05,-1.409097E-05,-.002
3.253627,3.266358E-05,-4.31019E-06,-.001
3.254627,1.001364E-05,3.232458E-05,6.66667E-04
3.255628,-1.907363E-06,-2.834399E-05,-6.66667E-04
3.256629,4.863762E-05,1.386186E-05,-.001
3.257629,-3.266358E-05,4.769512E-05,.002
3.258629,-3.314042E-05,-2.052833E-05,-3.66667E-03
3.25963,5.245238E-06,1.075683E-05,-6.66667E-04
3.26063,-4.673027E-05,3.572204E-05,.001
3.261631,4.768401E-06,-6.575174E-07,-6.66667E-04
3.262631,3.790879E-05,3.624544E-05,-6.66667E-04
3.263632,-1.001364E-05,3.806525E-05,-6.66667E-04
3.264632,3.790879E-05,1.010305E-05,-.001
3.265633,3.576293E-06,5.460926E-05,-2.33333E-03
3.266634,-2.193463E-05,8.864386E-06,-6.66667E-04
3.267634,3.862404E-05,1.223577E-05,6.66667E-04
3.268634,-3.337875E-06,2.735492E-05,-.001
3.269635,-3.051781E-05,-4.050904E-05,-6.66667E-04
3.270635,1.955044E-05,-1.480622E-05,-6.66667E-04
3.271636,-3.838562E-05,1.86079E-06,6.66667E-04
3.272636,-2.861035E-05,-5.461113E-05,-6.66667E-04
3.273637,-1.406675E-05,-6.262242E-06,-.001
3.274637,-4.553818E-05,5.917653E-06,-2.33333E-03
3.275638,7.152586E-06,-2.031599E-05,-.001
3.276639,1.788151E-05,4.835823E-05,-.002
3.277639,-4.816079E-05,1.142739E-05,-.001
3.278639,-8.821546E-06,1.031911E-05,6.66667E-04
3.27964,-2.6703E-05,5.460926E-05,-.002
3.28064,-1.075272E-04,3.637024E-05,6.66667E-04
3.281641,-3.55246E-05,2.80441E-05,-6.66667E-04
3.282641,-3.2902E-05,5.324767E-05,-.002
3.283642,-1.931202E-05,-3.65825E-06,-6.66667E-04
3.284642,4.172348E-05,-3.252193E-06,-.002
3.285643,-1.358992E-05,9.270443E-06,-6.66667E-04
3.286644,4.291564E-06,-5.461113E-05,6.66667E-04
3.287644,5.006813E-05,-4.980923E-05,-.001
3.288644,2.193463E-05,-4.280388E-06,-.001
3.289645,4.172348E-05,-4.860596E-05,.001
3.290645,4.3154E-05,1.920026E-05,-2.33333E-03
3.291646,-1.6451E-05,1.491612E-05,.001
3.292646,1.597416E-05,-2.121564E-05,.002
3.293647,-1.049048E-05,2.588716E-05,-.001
3.294647,-2.241146E-05,2.073322E-05,-6.66667E-04
3.295648,2.93256E-05,9.518175E-06,-.001
3.296649,3.099456E-06,5.033263E-05,6.66667E-04
3.297649,-2.93256E-05,-1.588289E-05,-6.66667E-04
3.298649,1.502043E-05,2.159562E-05,-6.66667E-04
3.29965,-3.027928E-05,4.994147E-05,-6.66667E-04
3.30065,5.722075E-06,-3.819191E-05,6.66667E-04
3.301651,5.650544E-05,-2.823968E-05,.002
3.302651,-7.152594E-07,-1.086673E-05,.001
3.303652,3.743195E-05,-2.424617E-05,-6.66667E-04
3.304652,5.86512E-05,2.266854E-06,-6.66667E-04
3.305653,-1.311308E-05,-3.326521E-05,.001
3.306653,2.360356E-05,-5.461113E-05,6.66667E-04
3.307654,5.006819E-06,-2.417911E-05,-.002
3.308654,-2.813351E-05,-2.325524E-05,-2.33333E-03
3.309655,6.032013E-05,-4.478008E-05,-3.66667E-03
3.310655,5.149865E-05,7.698371E-06,.002
3.311656,-1.668937E-06,-3.579468E-05,.001
3.312656,3.242516E-05,-2.442498E-05,-6.66667E-04
3.313657,-2.861038E-06,2.369855E-05,6.66667E-04
3.314657,-6.914168E-06,-4.507997E-05,6.66667E-04
3.315658,3.93393E-05,-2.875749E-05,-6.66667E-04
3.316658,-6.914168E-06,-1.429959E-05,.001
3.317659,1.907363E-06,-4.525506E-05,-.002
3.318659,3.528618E-05,2.484783E-06,6.66667E-04
3.31966,-1.025206E-05,-2.569717E-05,-3.66667E-03
3.32066,2.193463E-05,-5.461113E-05,-.002
3.321661,1.146798E-04,-2.961804E-05,.001
3.322661,1.173024E-04,-5.461113E-05,6.66667E-04
3.323662,2.191076E-04,-5.461113E-05,-.002
3.324662,2.446193E-04,-3.849179E-05,6.66667E-04
3.325663,2.41519E-04,-5.461113E-05,.002
3.326663,3.426094E-04,-5.461113E-05,-6.66667E-04
3.327664,3.254432E-04,-2.261822E-05,2.33333E-03
3.328664,2.822895E-04,-5.461113E-05,-.002
3.329665,3.063697E-04,-2.368551E-05,6.66667E-04
3.330665,2.181539E-04,6.798684E-06,-.001
3.331666,1.75477E-04,-2.336886E-05,-6.66667E-04
3.332666,1.909742E-04,1.719419E-05,-6.66667E-04
3.333667,1.151566E-04,3.191293E-05,-.001
3.334667,9.775208E-05,-2.837938E-05,.001
3.335668,5.531334E-05,-1.106603E-05,.002
3.336668,1.049048E-05,-1.140503E-05,-.001
3.337669,6.628083E-05,-1.304975E-05,.001
3.338669,5.674385E-05,4.995079E-05,-6.66667E-04
3.33967,3.814726E-06,1.755927E-05,-.004
3.34067,4.911446E-05,5.340233E-06,6.66667E-04
3.341671,7.629453E-06,3.618025E-05,6.66667E-04
3.342671,-1.6451E-05,1.024274E-05,-.001
3.343672,2.193463E-05,1.836766E-05,6.66667E-04
3.344672,-5.245238E-06,4.32732E-05,6.66667E-04
3.345673,-3.099456E-06,-1.846638E-05,-.002
3.346673,4.005455E-05,2.10685E-05,.001
3.347674,-5.245238E-06,4.803413E-05,6.66667E-04
3.348674,4.768408E-07,-1.217058E-05,6.66667E-04
3.349675,2.837193E-05,3.584498E-05,-6.66667E-04
3.350675,-3.314042E-05,8.64271E-07,2.33333E-03
3.351676,2.455723E-05,-4.08201E-05,-.002
3.352676,2.956402E-05,2.129015E-05,.002
3.353677,-2.193463E-05,-6.595656E-06,-6.66667E-04
3.354677,3.480935E-05,5.586102E-06,6.66667E-04
3.355678,4.768408E-07,5.460926E-05,-.002
3.356678,-6.747292E-05,-5.029178E-07,-.002
3.357679,5.006819E-06,-1.401833E-05,-.001
3.358679,-1.049048E-05,7.681607E-06,-.001
3.35968,2.789509E-05,-4.168623E-05,-6.66667E-04
3.36068,5.86512E-05,9.531213E-06,-2.33333E-03
3.361681,1.764309E-05,3.919029E-05,-.001
3.362681,2.813351E-05,-2.042402E-05,6.66667E-04
3.363682,4.911446E-05,2.357748E-05,.001
3.364682,-3.337883E-05,1.941074E-05,-.001
3.365683,-3.576302E-05,-1.925987E-05,-6.66667E-04
3.366683,-1.764309E-05,3.637761E-06,6.66667E-04
3.367684,-7.009553E-05,-1.413567E-05,-6.66667E-04
3.368684,-1.788151E-05,-3.320188E-05,-.001
3.369685,-4.529982E-06,5.397975E-06,2.33333E-03
3.370685,-2.217304E-05,-7.627561E-06,6.66667E-04
3.371686,3.767037E-05,2.292742E-05,.001
3.372686,-3.719353E-05,5.460926E-05,-2.33333E-03
3.373687,-3.767037E-05,-2.604735E-05,-.001
3.374687,4.243874E-05,-4.078657E-05,-6.66667E-04
3.375688,1.740467E-05,-9.032025E-06,-6.66667E-04
3.376688,-5.722075E-06,-4.87736E-05,-6.66667E-04
3.377689,9.536801E-06,-1.316897E-06,-6.66667E-04
3.378689,-3.790879E-05,8.532836E-06,-3.66667E-03
3.37969,2.622619E-06,-2.572883E-05,6.66667E-04
3.38069,1.859677E-05,5.798443E-06,-6.66667E-04
3.381691,-2.884876E-05,-2.17912E-05,.001
3.382691,2.622616E-05,-3.811368E-05,-6.66667E-04
3.383692,9.298383E-06,3.005948E-05,-.002
3.384692,-5.531334E-05,-1.966592E-05,-.001
3.385693,-1.049048E-05,-1.25636E-05,-.001
3.386693,-2.169621E-05,2.657075E-05,-.002
3.387694,-3.051781E-05,-1.204765E-05,-6.66667E-04
3.388694,2.527249E-05,1.581393E-06,.001
3.389695,-1.931202E-05,4.280568E-05,-.001
3.390696,-3.55246E-05,-1.386559E-05,-3.66667E-03
3.391696,1.192099E-05,1.592201E-05,6.66667E-04
3.392696,-4.553818E-05,1.182599E-05,-6.66667E-04
3.393697,7.152594E-07,-5.016313E-05,.001
3.394697,3.051781E-05,2.309505E-05,2.33333E-03
3.395698,-3.623986E-05,-1.525326E-05,-6.66667E-04
3.396698,-9.536801E-06,-5.092495E-05,6.66667E-04
3.397699,-2.241146E-05,1.825963E-05,-.001
3.398699,-4.768395E-05,-3.406793E-06,-.002
3.3997,-1.168257E-05,-1.862652E-06,-.001
3.400701,-2.098095E-05,5.460926E-05,-6.66667E-04
3.401701,-3.409409E-05,2.260145E-05,-6.66667E-04
3.402701,1.263624E-05,9.479059E-06,-6.66667E-04
3.403702,-1.239782E-05,3.268034E-05,.002
3.404702,-1.788151E-05,5.397975E-06,-2.33333E-03
3.405703,4.124665E-05,4.252442E-05,-6.66667E-04
3.406703,-4.053145E-06,1.434988E-05,6.66667E-04
3.407704,2.384204E-07,-3.103935E-05,-6.66667E-04
3.408704,2.074253E-05,8.905365E-06,-6.66667E-04
3.409705,-3.695511E-05,2.918218E-05,-6.66667E-04
3.410706,-4.267716E-05,-2.551838E-06,-6.66667E-04
3.411706,-4.386925E-05,5.460926E-05,-6.66667E-04
3.412706,-5.269074E-05,3.768899E-05,-.001
3.413707,2.479565E-05,9.028299E-06,-.001
3.414707,1.239782E-05,3.537E-05,-6.66667E-04
3.415708,-3.027928E-05,-2.885063E-05,-.001
3.416708,8.821546E-06,-2.662477E-05,-2.33333E-03
3.417709,-5.269074E-05,1.525512E-05,-.002
3.418709,-6.270455E-05,-2.822478E-05,6.66667E-04
3.41971,-1.072889E-05,5.170732E-06,-.002
3.420711,-5.459809E-05,2.432626E-05,.001
3.421711,-4.053139E-05,-3.241771E-05,-6.66667E-04
3.422711,-1.287466E-05,-1.639137E-07,-.001
3.423712,-4.816079E-05,2.893072E-05,.001
3.424712,1.668937E-06,-1.55532E-05,-.002
3.425713,3.266358E-05,4.56351E-06,-.002
3.426713,-3.099456E-06,-2.728787E-05,-.002
3.427714,4.529976E-05,-3.761076E-05,-6.66667E-04
3.428714,7.867871E-06,3.089407E-05,-.001
3.429715,-3.504776E-05,7.80452E-07,-.001
3.430716,6.198912E-06,-9.575917E-06,.001
3.431716,-1.406675E-05,2.749835E-05,.001
3.432716,-2.503407E-05,-2.888415E-05,-.002
3.433717,2.694142E-05,-1.53241E-05,-.001
3.434717,-1.525891E-05,2.280076E-05,-.002
3.435718,-3.385567E-05,-7.059454E-06,-.002
3.436718,-6.675749E-06,5.884125E-06,-6.66667E-04
3.437719,-5.98433E-05,2.211158E-05,2.33333E-03
3.438719,-3.981614E-05,-4.27349E-05,-6.66667E-04
3.43972,-6.437331E-06,7.573544E-06,.001
3.440721,-3.600144E-05,-6.020098E-06,3.66667E-03
3.441721,1.430519E-06,-3.152923E-05,-3.66667E-03
3.442721,8.10629E-06,9.017123E-06,6.66667E-04
3.443722,-1.764309E-05,-1.051842E-05,-.002
3.444722,2.622616E-05,1.560536E-05,-6.66667E-04
3.445723,-6.198912E-06,4.638382E-05,-6.66667E-04
3.446723,-3.433251E-05,8.791721E-07,-6.66667E-04
3.447724,7.152586E-06,7.256895E-06,-6.66667E-04
3.448724,-2.002728E-05,4.981109E-05,-.001
3.449725,-2.217304E-05,-3.147521E-05,6.66667E-04
3.450726,1.764309E-05,-1.135847E-05,-6.66667E-04
3.451726,-2.598774E-05,1.581397E-05,6.66667E-04
3.452726,-1.072889E-05,-3.482983E-05,6.66667E-04
3.453727,3.647828E-05,-6.109512E-07,-6.66667E-04
3.454727,-1.549732E-05,-2.263498E-05,-.001
3.455728,2.861035E-05,-5.461113E-05,-6.66667E-04
3.456728,3.576302E-05,1.369795E-05,-.001
3.457729,-1.740467E-05,-1.064135E-05,-6.66667E-04
3.458729,-4.768408E-07,-2.936099E-05,-6.66667E-04
3.45973,-2.193463E-05,5.364454E-07,-3.66667E-03
3.460731,-4.601502E-05,-3.206381E-05,-2.33333E-03
3.461731,2.765667E-05,-1.90587E-05,-.002
3.462731,4.768401E-06,5.34209E-05,-.002
3.463732,-1.311308E-05,1.320435E-05,-6.66667E-04
3.464732,3.337883E-05,3.036123E-05,-3.66667E-03
3.465733,-1.621258E-05,5.460926E-05,-.001
3.466733,-1.430519E-06,-3.447966E-05,.002
3.467734,3.910088E-05,3.550216E-06,-6.66667E-04
3.468734,-3.695511E-05,1.146091E-05,2.33333E-03
3.469735,2.098095E-05,-1.841609E-05,-3.66667E-03
3.470736,2.360356E-05,2.487947E-05,6.66667E-04
3.471736,-3.2902E-05,2.414931E-05,-.001
3.472736,-1.1921E-06,-1.221529E-05,-6.66667E-04
3.473737,-1.168257E-05,4.95913E-05,-.001
3.474737,-2.956402E-05,4.380592E-05,-.001
3.475738,3.027928E-05,8.218049E-06,2.33333E-03
3.476738,-5.245238E-06,3.112317E-05,-6.66667E-04
3.477739,-1.454359E-05,-1.355453E-05,-6.66667E-04
3.478739,4.768395E-05,-9.4809E-07,6.66667E-04
3.47974,-2.861038E-06,3.845268E-05,.001
3.480741,-2.813351E-05,-3.179931E-05,-2.33333E-03
3.481741,2.479565E-05,8.579402E-06,.001
3.482741,-2.121937E-05,3.380165E-05,.001
3.483742,9.77522E-06,-1.266977E-05,6.66667E-04
3.484742,3.337883E-05,2.716307E-05,-.001
3.485743,-1.573574E-05,1.270702E-05,.001
3.486743,2.622616E-05,1.261018E-06,6.66667E-04
3.487744,3.218674E-05,4.264922E-05,-.001
3.488744,-3.004086E-05,3.336021E-05,-6.66667E-04
3.489745,3.814726E-06,3.126287E-05,.001
3.490746,2.622619E-06,5.460926E-05,-.001
3.491746,-8.344708E-06,6.055488E-06,-6.66667E-04
3.492746,4.911446E-05,1.068792E-05,.001
3.493747,-6.675749E-06,3.371225E-05,.001
3.494747,-5.626702E-05,-3.822916E-05,-.001
3.495748,-2.479565E-05,-1.058547E-05,-6.66667E-04
3.496748,-4.458451E-05,-1.34111E-05,-.002
3.497749,-2.121937E-05,-5.013146E-05,6.66667E-04
3.498749,-1.001364E-05,1.075683E-05,-6.66667E-04
3.49975,-7.605599E-05,3.036868E-05,.001
3.500751,0,-3.364519E-05,6.66667E-04
3.501751,2.694142E-05,3.437162E-05,-.002
3.502751,-3.886246E-05,2.734002E-05,6.66667E-04
3.503752,-1.120573E-05,-1.110144E-06,-6.66667E-04
3.504752,6.914168E-06,5.265535E-05,-.002
3.505753,-3.719353E-05,3.70706E-05,-6.66667E-04
3.506753,2.861035E-05,2.262939E-05,-6.66667E-04
3.507754,2.479565E-05,4.197308E-05,.001
3.508754,4.291564E-06,-3.548549E-05,.001
3.509755,5.86512E-05,-5.461113E-05,-6.66667E-04
3.510756,2.193463E-05,-1.612876E-05,-.002
3.511756,6.437331E-06,-5.192892E-05,-6.66667E-04
3.512756,1.740467E-05,-1.448771E-05,-6.66667E-04
3.513757,-2.336514E-05,2.848927E-05,-6.66667E-04
3.514757,-1.33515E-05,-8.894189E-06,-6.66667E-04
3.515758,-1.883518E-05,1.360482E-05,-.002
3.516758,-6.84266E-05,-3.660112E-06,-.001
3.517759,-2.169621E-05,-1.308328E-05,-6.66667E-04
3.518759,9.298383E-06,2.144102E-05,-.002
3.51976,-4.053139E-05,-1.974418E-06,-6.66667E-04
3.520761,1.1921E-06,-1.548801E-05,-6.66667E-04
3.521761,1.287466E-05,2.922874E-05,-.002
3.522761,-4.053145E-06,-1.699675E-05,.001
3.523762,6.914185E-05,2.793979E-08,-6.66667E-04
3.524762,1.811993E-05,4.597963E-05,-.001
3.525763,9.77522E-06,-1.405372E-05,-.002
3.526763,5.745911E-05,-3.471985E-06,-.001
3.527764,3.099465E-05,1.752016E-05,-6.66667E-04
3.528764,1.621258E-05,-3.691413E-05,-2.33333E-03
3.529765,2.002728E-05,-1.126908E-06,-6.66667E-04
3.530766,-2.884876E-05,1.565379E-05,-6.66667E-04
3.531766,1.382834E-05,-2.748345E-05,.001
3.532766,2.813351E-05,3.046182E-05,-2.33333E-03
3.533767,-2.479565E-05,-4.261761E-06,-.001
3.534767,2.3842E-06,-3.950694E-05,.001
3.535768,7.391005E-06,3.932073E-06,-.001
3.536768,-1.955044E-05,-2.740335E-05,-6.66667E-04
3.537769,-9.536816E-07,-4.450814E-05,-.001
3.538769,-4.673027E-05,1.236616E-05,.002
3.53977,-4.601502E-05,-2.23649E-05,-6.66667E-04
3.540771,2.6703E-05,-2.186198E-05,-.001
3.541771,-2.837193E-05,6.949558E-06,-.001
3.542771,-5.292916E-05,-3.022153E-05,-.001
3.543772,-5.960494E-06,-2.041474E-06,.001
3.544772,-1.883518E-05,1.167698E-05,-.001
3.545773,-4.768401E-06,-1.841423E-05,6.66667E-04
3.546773,2.813351E-05,4.641921E-05,-.001
3.547774,4.768401E-06,5.460926E-05,6.66667E-04
3.548774,2.884876E-05,1.899351E-05,.002
3.549775,2.02657E-05,5.369098E-05,6.66667E-04
3.550776,-1.668942E-05,2.053764E-05,.001
3.551776,1.502043E-05,-3.317953E-05,-.002
3.552776,-5.722075E-06,1.834531E-05,-.001
3.553777,-3.886246E-05,-2.356258E-05,-.002
3.554777,4.291564E-06,-3.307895E-05,-6.66667E-04
3.555778,-2.55109E-05,9.262993E-06,-3.66667E-03
3.556778,-5.817437E-05,-3.719912E-05,-.002
3.557779,3.528618E-05,8.06529E-07,.001
3.558779,1.955044E-05,3.679865E-05,.001
3.55978,2.264988E-05,-3.731647E-05,-.002
3.560781,6.628083E-05,-1.88743E-05,-6.66667E-04
3.561781,9.77522E-06,-2.668623E-05,6.66667E-04
3.562781,1.716625E-05,-5.461113E-05,-6.66667E-04
3.563782,4.243874E-05,-2.121564E-05,6.66667E-04
3.564783,9.536816E-07,-2.077979E-05,-.002
3.565783,2.312672E-05,-1.701165E-05,-6.66667E-04
3.566783,-7.391005E-06,4.943489E-06,6.66667E-04
3.567784,-4.220032E-05,-2.5835E-05,.001
3.568784,3.862404E-05,-3.746361E-05,-.002
3.569785,3.838562E-05,3.2468E-05,.001
3.570786,-2.384197E-05,1.080339E-07,6.66667E-04
3.571786,2.384204E-07,-1.798209E-05,-.001
3.572786,-4.673027E-05,1.169188E-05,6.66667E-04
3.573787,-5.269074E-05,-2.113183E-05,-.001
3.574788,5.483656E-06,-3.620997E-06,-.002
3.575788,-2.789509E-05,7.202878E-06,-.001
3.576788,-1.907363E-06,-3.879168E-05,-6.66667E-04
3.577789,1.478201E-05,1.870103E-06,-6.66667E-04
3.578789,-4.267716E-05,2.112065E-05,-.001
3.57979,-2.360356E-05,-2.714072E-05,-.001
3.580791,-4.768401E-06,5.364447E-06,-.002
3.581791,-4.005455E-05,4.369795E-06,-.002
3.582791,-1.287466E-05,-4.008994E-05,.002
3.583792,-3.457093E-05,-6.090879E-06,-6.66667E-04
3.584793,-5.722069E-05,-5.461113E-05,-.001
3.585793,4.124665E-05,-5.461113E-05,6.66667E-04
3.586793,2.6703E-05,1.32565E-05,.002
3.587794,3.576293E-06,-2.788578E-05,-.001
3.588794,4.100823E-05,7.94424E-06,6.66667E-04
3.589795,-3.385567E-05,4.917779E-05,6.66667E-04
3.590796,-6.46119E-05,-1.974418E-06,6.66667E-04
3.591796,-3.55246E-05,4.228223E-07,-.001
3.592796,-9.15532E-05,2.681103E-05,-.002
3.593797,-2.765667E-05,-1.790945E-05,-6.66667E-04
3.594798,3.004086E-05,3.50365E-06,-6.66667E-04
3.595798,-1.502043E-05,-1.314102E-05,.001
3.596798,2.02657E-05,-5.461113E-05,.001
3.597799,2.02657E-05,-1.870666E-05,-.001
3.598799,-2.956402E-05,-2.274115E-05,-3.66667E-03
3.5998,1.144415E-05,-2.005708E-05,-.001
3.600801,-9.059964E-06,3.49714E-05,-6.66667E-04
3.601801,-4.529976E-05,-3.47571E-06,.001
3.602801,4.363083E-05,-2.988626E-05,-.001
3.603802,3.576302E-05,2.59151E-05,-.002
3.604803,2.431881E-05,-9.788258E-06,6.66667E-04
3.605803,6.032013E-05,-1.6708E-06,.001
3.606803,1.215941E-05,5.460926E-05,-3.66667E-03
3.607804,-5.245238E-06,1.518434E-05,-3.66667E-03
3.608804,3.337875E-06,1.543027E-05,-.002
3.609805,-2.55109E-05,3.437907E-05,.001
3.610806,2.098095E-05,-2.825831E-05,-6.66667E-04
3.611806,2.455723E-05,-2.142426E-05,6.66667E-04
3.612806,-5.364441E-05,-2.90965E-05,-.001
3.613807,-3.099456E-06,-3.695698E-05,-.002
3.614808,1.382834E-05,5.214498E-05,-2.33333E-03
3.615808,-2.789509E-05,4.485645E-05,-2.33333E-03
3.616808,4.100823E-05,3.903569E-05,-.002
3.617809,3.862404E-05,4.269392E-05,.002
3.618809,-7.867871E-06,-3.65267E-05,-6.66667E-04
3.61981,2.789509E-05,-3.057742E-05,-.002
3.620811,-6.198912E-06,2.902199E-05,.001
3.621811,-1.859677E-05,-1.737487E-05,6.66667E-04
3.622811,3.218674E-05,1.334032E-05,-.002
3.623812,-1.478201E-05,9.751006E-06,-.002
3.624813,3.099456E-06,-2.829183E-05,-.002
3.625813,3.433251E-05,6.059214E-06,-.001
3.626813,-2.193463E-05,1.034333E-05,.002
3.627814,4.053145E-06,-4.149624E-05,-.001
3.628814,3.17099E-05,6.593793E-06,.001
3.629815,0,-2.077047E-05,-.001
3.630816,2.789509E-05,-5.197921E-05,6.66667E-04
3.631816,1.239782E-05,-2.134606E-06,2.33333E-03
3.632816,-2.264988E-05,-3.036496E-05,.001
3.633817,3.099465E-05,-3.944174E-05,.001
3.634818,3.099465E-05,4.17924E-05,-6.66667E-04
3.635818,-1.668937E-06,-4.21892E-06,-.001
3.636818,8.583127E-06,3.058478E-06,.001
3.637819,-3.719353E-05,3.478513E-05,6.66667E-04
3.638819,-4.649186E-05,-1.654786E-05,-.002
3.63982,1.764309E-05,-9.821786E-06,-.002
3.640821,8.10629E-06,6.364688E-06,6.66667E-04
3.641821,4.172348E-05,-5.399459E-05,-6.66667E-04
3.642821,5.078339E-05,-1.175335E-05,6.66667E-04
3.643822,-1.740467E-05,1.675088E-05,-.002
3.644823,4.768401E-06,-3.096485E-05,.001
3.645823,-5.483656E-06,2.001983E-05,.001
3.646823,-7.438706E-05,9.298383E-06,6.66667E-04
3.647824,-3.2902E-05,-1.661864E-05,6.66667E-04
3.648824,-3.671669E-05,3.678934E-05,.002
3.649825,-8.201646E-05,-1.832109E-05,.001
3.650826,-4.768408E-07,-2.258096E-05,-2.33333E-03
3.651826,-1.883518E-05,4.055002E-05,-6.66667E-04
3.652826,-1.549732E-05,-9.084179E-06,6.66667E-04
3.653827,4.744553E-05,-1.255056E-05,-.001
3.654828,1.668942E-05,2.241519E-05,6.66667E-04
3.655828,-1.454359E-05,-1.398666E-05,.001
3.656828,1.668942E-05,1.357502E-05,-3.66667E-03
3.657829,-4.100823E-05,2.132368E-05,-.004
3.658829,0,-4.118518E-05,-6.66667E-04
3.65983,1.144415E-05,-1.294546E-06,6.66667E-04
3.66083,-3.910088E-05,-1.054263E-05,-.002
3.661831,1.859677E-05,-2.18713E-05,-.002
3.662831,1.478201E-05,2.198305E-05,-.001
3.663832,-4.100823E-05,7.655508E-07,-.001
3.664833,1.096731E-05,-5.561888E-06,-.001
3.665833,-9.536801E-06,3.241771E-05,.002
3.666833,-3.647828E-05,-1.051842E-05,-.001
3.667834,3.814726E-06,-2.465968E-05,-6.66667E-04
3.668834,-2.884876E-05,-4.228234E-06,.001
3.669835,-2.622616E-05,-2.798636E-05,.001
3.670835,3.361725E-05,-5.507871E-06,-.001
3.671836,-3.123307E-05,1.390843E-05,.001
3.672836,-1.120573E-05,-3.884383E-05,6.66667E-04
3.673837,2.312672E-05,2.003659E-05,-3.66667E-03
3.674838,-1.859677E-05,3.980502E-06,.001
3.675838,1.001364E-05,-1.938653E-05,-.001
3.676838,2.431881E-05,4.268275E-05,-.001
3.677839,-5.054497E-05,1.27331E-05,-6.66667E-04
3.678839,1.931202E-05,-4.744186E-06,.001
3.67984,3.814721E-05,5.460926E-05,-.001
3.68084,1.907363E-06,2.74406E-05,-3.66667E-03
3.681841,2.861035E-05,2.986577E-05,-.002
3.682841,-1.382834E-05,5.460926E-05,.001
3.683842,-2.789509E-05,-5.945592E-06,6.66667E-04
3.684843,2.956402E-05,4.921138E-06,-2.33333E-03
3.685843,-1.001364E-05,4.749582E-05,-.002
3.686843,-2.360356E-05,-1.257478E-05,-.001
3.687844,9.536801E-06,2.723944E-05,6.66667E-04
3.688844,-2.956402E-05,1.824845E-05,.001
3.689845,3.814726E-06,-2.095301E-05,6.66667E-04
3.690845,3.55246E-05,3.796094E-05,-2.33333E-03
3.691846,-5.841278E-05,3.391155E-05,-3.66667E-03
3.692847,-3.004086E-05,-1.25636E-05,-.001
3.693847,-2.455723E-05,8.167757E-06,-6.66667E-04
3.694848,-5.98433E-05,-4.792237E-05,-.002
3.695848,2.384204E-07,-4.775845E-05,.001
3.696848,-3.671669E-05,1.843472E-05,-2.33333E-03
3.697849,-6.032013E-05,-2.218608E-05,-6.66667E-04
3.698849,2.145782E-06,-1.505768E-05,.001
3.69985,-2.336514E-05,3.833533E-05,-.001
3.70085,-1.072889E-05,2.924371E-07,-6.66667E-04
3.701851,3.504776E-05,2.405618E-05,-.002
3.702852,-2.074253E-05,4.762434E-05,6.66667E-04
3.703852,-8.10629E-06,1.359738E-06,.001
3.704853,2.050411E-05,6.807997E-06,2.33333E-03
3.705853,-1.096731E-05,3.905996E-06,-.002
3.706853,2.6703E-05,-3.776909E-05,-.001
3.707854,3.147149E-05,1.944241E-05,-.002
3.708854,-4.83992E-05,8.06529E-07,-3.66667E-03
3.709855,-1.287466E-05,-3.040221E-05,-.001
3.710855,-5.006819E-06,3.696256E-05,-6.66667E-04
3.711856,-4.267716E-05,3.960013E-06,-.002
3.712857,2.002728E-05,1.268653E-05,6.66667E-04
3.713857,1.072889E-05,5.460926E-05,-2.33333E-03
3.714858,-3.051781E-05,1.630012E-05,.001
3.715858,3.886246E-05,6.33303E-07,-.001
3.716858,1.215941E-05,3.896491E-05,.001
3.717859,1.430517E-05,-4.116464E-07,6.66667E-04
3.718859,5.197548E-05,1.085183E-05,-.002
3.71986,-4.529982E-06,2.344896E-05,-.001
3.72086,-6.675749E-06,-7.016613E-06,2.33333E-03
3.721861,4.148507E-05,1.766358E-05,.001
3.722862,-1.6451E-05,1.893204E-05,-6.66667E-04
3.723862,-5.722075E-06,-1.115917E-05,-6.66667E-04
3.724863,1.716625E-05,4.312047E-05,-6.66667E-04
3.725863,-1.621258E-05,-9.572192E-06,-2.33333E-03
3.726863,4.911446E-05,-4.056678E-05,-.002
3.727864,3.027928E-05,3.128522E-05,-6.66667E-04
3.728864,-2.431881E-05,-2.678498E-06,-6.66667E-04
3.729865,3.099465E-05,-2.012786E-05,.001
3.730865,7.629453E-06,7.282972E-06,-.002
3.731866,-9.298383E-06,-5.461113E-05,-.001
3.732867,2.121937E-05,-2.018746E-05,-.002
3.733867,7.629453E-06,3.530667E-05,-.002
3.734868,-5.722075E-06,-2.528925E-05,-6.66667E-04
3.735868,2.6703E-05,2.502848E-05,6.66667E-04
3.736868,-2.884876E-05,6.368413E-06,.001
3.737869,-6.914168E-06,-8.145405E-06,.001
3.73887,1.120573E-05,5.460926E-05,6.66667E-04
3.73987,-3.910088E-05,4.46944E-05,-.002
3.74087,-1.525891E-05,1.577668E-06,-.001
3.741871,7.629453E-06,2.678682E-05,-.001
3.742872,-4.267716E-05,-3.273063E-05,-2.33333E-03
3.743872,3.433251E-05,-3.837631E-05,-6.66667E-04
3.744873,2.765667E-05,8.42294E-06,-6.66667E-04
3.745873,-2.408039E-05,-2.809439E-05,-.001
3.746873,2.598774E-05,-1.020177E-05,-6.66667E-04
3.747874,-1.907363E-06,3.936724E-05,2.33333E-03
3.748875,-9.77522E-06,-3.326335E-05,6.66667E-04
3.749875,4.076981E-05,1.172355E-05,-6.66667E-04
3.750875,-4.053145E-06,2.456654E-05,-.001
3.751876,4.291564E-06,-3.289268E-05,.001
3.752877,3.719353E-05,1.958583E-05,.001
3.753877,-1.811993E-05,1.179805E-05,.002
3.754878,1.001364E-05,-4.994893E-05,-6.66667E-04
3.755878,1.287466E-05,-2.001051E-05,-.001
3.756878,-5.054497E-05,-2.438214E-05,-.001
3.757879,5.722075E-06,-3.159069E-05,-.001
3.75888,9.298383E-06,3.736303E-05,.001
3.75988,-2.336514E-05,1.810498E-06,6.66667E-04
3.76088,4.053145E-06,0,-.002
3.761881,-2.6703E-05,1.906615E-05,6.66667E-04
3.762882,-7.653283E-05,-3.984221E-05,-.001
3.763882,2.431881E-05,-1.600396E-05,-6.66667E-04
3.764883,8.583127E-06,3.529727E-06,-6.66667E-04
3.765883,-1.931202E-05,-4.188181E-05,-.001
3.766883,3.433251E-05,4.654779E-06,6.66667E-04
3.767884,-1.978886E-05,3.054575E-05,-.001
3.768885,1.096731E-05,-1.934182E-05,-.002
3.769885,3.457093E-05,1.434615E-05,-.001
3.770885,-2.074253E-05,-1.2748E-05,.001
3.771886,1.716625E-05,-5.461113E-05,.001
3.772887,1.525891E-05,3.689737E-05,-6.66667E-04
3.773887,-3.051781E-05,2.617031E-06,.001
3.774888,1.955044E-05,-3.123493E-05,6.66667E-04
3.775888,3.337875E-06,5.757465E-06,-6.66667E-04
3.776888,-9.536801E-06,9.432493E-06,-.002
3.777889,2.02657E-05,3.09071E-05,-6.66667E-04
3.77889,-3.504776E-05,5.460926E-05,-6.66667E-04
3.77989,-3.051781E-05,1.091516E-05,6.66667E-04
3.78089,1.597416E-05,4.078471E-05,-.001
3.781891,-5.102181E-05,2.393697E-05,-6.66667E-04
3.782892,-1.859677E-05,-5.100318E-05,-.002
3.783892,3.862404E-05,4.967704E-06,.001
3.784893,-3.051781E-05,6.610557E-06,-.002
3.785893,1.049048E-05,-3.197999E-05,-.002
3.786893,-9.77522E-06,-7.38728E-06,-.001
3.787894,-3.480935E-05,-2.393138E-05,-6.66667E-04
3.788895,5.960494E-06,-4.826509E-05,6.66667E-04
3.789895,-1.287466E-05,1.625915E-05,-.001
3.790895,-2.765667E-05,-5.461113E-05,-.001
3.791896,4.982972E-05,-4.781992E-05,-.002
3.792897,3.862404E-05,-1.291191E-05,-6.66667E-04
3.793897,2.360356E-05,-5.258457E-05,-.001
3.794898,4.673027E-05,-1.351169E-05,6.66667E-04
3.795898,-1.120573E-05,2.882455E-05,-6.66667E-04
3.796898,-2.002728E-05,-1.707126E-05,-.001
3.797899,-2.717983E-05,3.187195E-05,-.001
3.7989,-7.677125E-05,1.560908E-05,.002
3.7999,-3.671669E-05,-3.4692E-05,6.66667E-04
3.8009,-4.768408E-07,1.770642E-05,-.002
3.801901,-5.126023E-05,7.06318E-06,-3.66667E-03
3.802902,-2.217304E-05,-4.066923E-05,-.002
3.803902,-2.837193E-05,8.564501E-06,.001
3.804903,-4.3154E-05,5.187496E-06,-6.66667E-04
3.805903,1.454359E-05,-1.96138E-06,-.002
3.806903,-2.789509E-05,3.676512E-05,-6.66667E-04
3.807904,-6.556557E-05,-2.653536E-05,.002
3.808905,1.549732E-05,6.882503E-06,6.66667E-04
3.809905,-3.504776E-05,2.953236E-05,6.66667E-04
3.810905,-3.528618E-05,-4.001358E-05,6.66667E-04
3.811906,2.93256E-05,-2.529484E-05,-6.66667E-04
3.812907,-4.053145E-06,2.624482E-06,-.001
3.813907,2.479565E-05,-5.461113E-05,2.33333E-03
3.814908,5.364441E-05,-1.518993E-05,.002
3.815908,-6.198912E-06,-3.492474E-06,-.001
3.816908,3.910088E-05,-2.927717E-05,.001
3.817909,7.510232E-05,2.590392E-05,-.001
3.81891,1.6451E-05,1.597602E-05,.001
3.81991,2.145779E-05,5.815207E-06,-6.66667E-04
3.82091,3.147149E-05,5.460926E-05,-6.66667E-04
3.821911,1.907363E-06,1.280574E-05,-.004
3.822912,5.245232E-05,4.339992E-06,.001
3.823912,4.529982E-06,1.444487E-05,.001
3.824913,-2.908718E-05,-3.604614E-05,6.66667E-04
3.825913,6.437331E-06,-3.017497E-05,-2.33333E-03
3.826913,-3.695511E-05,-3.552833E-05,-3.66667E-03
3.827914,-4.386925E-05,-5.461113E-05,6.66667E-04
3.828915,5.483656E-06,-2.922502E-05,.001
3.829915,-3.123307E-05,8.38194E-07,.002
3.830915,-4.57766E-05,-3.746548E-05,.001
3.831916,-1.955044E-05,1.449889E-05,-.002
3.832916,-3.600144E-05,-1.107162E-05,-.002
3.833917,1.001364E-05,-2.566737E-05,-.001
3.834918,1.430517E-05,3.595673E-05,-.002
3.835918,-1.764309E-05,1.469074E-05,-2.33333E-03
3.836918,3.147149E-05,-3.901147E-05,.001
3.837919,1.478201E-05,1.106976E-05,6.66667E-04
3.83892,7.629453E-06,-5.461113E-05,-6.66667E-04
3.83992,9.250687E-05,-5.461113E-05,-6.66667E-04
3.84092,3.671669E-05,-2.230343E-05,.002
3.841921,-1.215941E-05,-5.461113E-05,-.001
3.842921,1.692784E-05,4.837319E-06,-6.66667E-04
3.843922,-1.001364E-05,1.471868E-05,3.66667E-03
3.844923,3.314042E-05,-5.160295E-05,6.66667E-04
3.845923,4.172348E-05,-8.259027E-06,.002
3.846923,-2.6703E-05,1.567428E-05,.001
3.847924,-1.716625E-05,-1.426793E-06,-6.66667E-04
3.848925,-6.198912E-06,5.460926E-05,.001
3.849925,-8.463906E-05,3.38743E-05,-6.66667E-04
3.850925,-4.005455E-05,-2.086919E-05,.001
3.851926,-4.649186E-05,4.723133E-05,-.002
3.852926,-7.653283E-05,2.248783E-05,-.001
3.853927,2.384204E-07,1.203275E-05,-6.66667E-04
3.854928,-3.886246E-05,4.962855E-05,6.66667E-04
3.855928,-9.751366E-05,1.210727E-06,-.001
3.856929,-5.769753E-05,1.516199E-05,-6.66667E-04
3.857929,-7.48639E-05,3.782497E-05,-6.66667E-04
3.85893,-7.534074E-05,-1.621258E-05,-.001
3.85993,-2.622616E-05,1.86824E-06,-.002
3.86093,-6.055855E-05,4.714006E-05,-6.66667E-04
3.861931,-1.1921E-06,7.055729E-06,-.001
3.862931,3.504776E-05,3.803731E-05,-6.66667E-04
3.863932,-3.361725E-05,1.904008E-05,-.001
3.864933,5.483656E-06,-1.629267E-05,6.66667E-04
3.865933,2.765667E-05,2.439891E-05,.001
3.866934,-2.6703E-05,-1.58177E-05,.001
3.867934,2.02657E-05,-5.461113E-05,-.001
3.868935,2.145779E-05,-1.009001E-05,-6.66667E-04
3.869935,-2.241146E-05,-2.841477E-05,-.002
3.870935,2.622619E-06,-2.096605E-05,-.001
3.871936,-1.835835E-05,7.078081E-06,-2.33333E-03
3.872936,-2.050411E-05,-1.917419E-05,-6.66667E-04
3.873937,4.410767E-05,1.561281E-05,6.66667E-04
3.874938,-9.059964E-06,5.162158E-05,6.66667E-04
3.875938,-1.811993E-05,-2.51719E-05,-.002
3.876939,1.311308E-05,1.604867E-05,.001
3.877939,-5.22139E-05,4.121498E-05,-6.66667E-04
3.87894,-2.55109E-05,9.965224E-07,6.66667E-04
3.87994,1.478201E-05,4.768767E-05,-6.66667E-04
3.88094,-1.1921E-06,1.737673E-05,-3.66667E-03
3.881941,5.149865E-05,6.634771E-06,-6.66667E-04
3.882941,2.02657E-05,5.460926E-05,-6.66667E-04
3.883942,-4.100823E-05,1.948338E-05,.001
3.884943,-1.096731E-05,-2.134417E-05,-.001
3.885943,-1.406675E-05,1.991738E-05,-6.66667E-04
3.886944,-3.838562E-05,5.17819E-07,6.66667E-04
3.887944,3.433251E-05,2.635657E-06,-.002
3.888945,7.867871E-06,2.144102E-05,-.002
3.889945,8.10629E-06,-4.544132E-05,-.002
3.890945,4.720711E-05,1.880352E-05,-6.66667E-04
3.891946,-1.692784E-05,5.460926E-05,-.001
3.892946,-8.821546E-06,1.203647E-05,.001
3.893947,-7.867871E-06,2.377492E-05,-.004
3.894948,-5.626702E-05,5.319744E-06,.001
3.895948,-2.622616E-05,-5.461113E-05,-.002
3.896949,5.960494E-06,7.35189E-06,-6.66667E-04
3.897949,-5.078339E-05,3.818452E-06,.002
3.89895,-1.883518E-05,-4.13509E-07,.001
3.89995,-2.217304E-05,2.528552E-05,-.002
3.90095,-3.004086E-05,-2.593372E-05,-.002
3.901951,2.527249E-05,-4.534633E-05,.001
3.902952,-3.004086E-05,1.580652E-05,-.001
3.903952,-5.412125E-05,-1.25934E-05,-.001
3.904953,1.120573E-05,-3.423556E-06,6.66667E-04
3.905953,-2.789509E-05,1.371099E-05,-6.66667E-04
3.906954,-9.059964E-06,-3.363029E-05,-6.66667E-04
3.907954,5.769753E-05,-4.196569E-06,.001
3.908955,-6.675749E-06,6.206363E-06,-6.66667E-04
3.909955,7.391005E-06,-5.461113E-05,-.001
3.910955,1.192099E-05,-4.69762E-06,-6.66667E-04
3.911956,-5.030655E-05,-8.581264E-06,6.66667E-04
3.912957,-4.053145E-06,-4.281499E-05,-.001
3.913957,3.099456E-06,8.363313E-07,-6.66667E-04
3.914958,-3.981614E-05,-2.88767E-05,.001
3.915958,2.193463E-05,-5.461113E-05,-2.33333E-03
3.916959,2.312672E-05,7.128372E-06,6.66667E-04
3.917959,-1.692784E-05,-3.993721E-05,-.001
3.91896,4.363083E-05,-3.931695E-05,.002
3.91996,-2.3842E-06,1.490125E-07,.001
3.92096,-4.053145E-06,-5.461113E-05,6.66667E-04
3.921961,4.410767E-05,-2.468019E-06,-.001
3.922962,-3.361725E-05,1.939025E-05,-6.66667E-04
3.923962,-1.239782E-05,-2.454419E-05,6.66667E-04
3.924963,3.314042E-05,3.230968E-05,-6.66667E-04
3.925963,-1.33515E-05,5.746289E-06,6.66667E-04
3.926964,3.266358E-05,-2.411578E-05,2.33333E-03
3.927964,3.576302E-05,4.216493E-05,-.002
3.928965,-2.694142E-05,9.412004E-06,-.002
3.929965,1.430519E-06,1.481368E-05,-.001
3.930965,-2.384197E-05,5.460926E-05,.001
3.931966,-3.433251E-05,1.868058E-05,6.66667E-04
3.932967,2.3842E-06,2.445668E-06,.001
3.933967,-2.336514E-05,4.931376E-05,-6.66667E-04
3.934968,-4.291564E-06,8.590578E-06,.001
3.935968,5.269074E-05,3.920897E-06,.001
3.936969,1.955044E-05,1.956162E-05,-.002
3.937969,-5.483656E-06,-4.928396E-05,-.001
3.93897,1.358992E-05,1.952067E-06,-6.66667E-04
3.93997,-2.002728E-05,2.88618E-05,.001
3.94097,1.311308E-05,6.582617E-06,-6.66667E-04
3.941971,1.263624E-05,4.522526E-05,-6.66667E-04
3.942972,-2.408039E-05,2.080214E-05,-.001
3.943972,1.430519E-06,-2.647575E-05,.002
3.944973,-1.907363E-06,2.730463E-05,-6.66667E-04
3.945973,-3.123307E-05,-1.157826E-05,-2.33333E-03
3.946974,-4.053145E-06,-2.199423E-05,-6.66667E-04
3.947974,-3.051781E-05,2.753374E-05,-6.66667E-04
3.948975,-2.956402E-05,-2.805158E-06,-6.66667E-04
3.949975,4.339241E-05,2.07742E-05,-.001
3.950975,-9.536801E-06,5.460926E-05,-.002
3.951976,5.006819E-06,-2.457586E-05,-.002
3.952977,3.647828E-05,-4.820555E-06,-.002
3.953977,8.821546E-06,2.648693E-05,-.001
3.954978,5.769753E-05,-3.58487E-05,6.66667E-04
3.955978,1.003747E-04,-2.427038E-05,.001
3.956979,2.193463E-05,-2.705131E-05,-.001
3.957979,4.363083E-05,-5.461113E-05,-6.66667E-04
3.95898,2.217304E-05,1.161551E-05,6.66667E-04
3.95998,-3.55246E-05,1.593691E-05,-.002
3.96098,3.862404E-05,-7.22523E-06,-.001
3.961981,8.344708E-06,2.946157E-05,-3.66667E-03
3.962982,-1.788151E-05,-1.973857E-05,6.66667E-04
3.963982,2.646458E-05,-1.579162E-05,-6.66667E-04
3.964983,1.096731E-05,5.999609E-06,-.001
3.965983,9.536801E-06,-3.652112E-05,-3.66667E-03
3.966984,5.340599E-05,-1.608592E-05,.002
3.967984,2.145782E-06,1.581025E-05,6.66667E-04
3.968985,-7.152594E-07,-3.303052E-05,-.001
3.969985,1.287466E-05,-2.90313E-05,-.001
3.970985,-4.625344E-05,-2.936844E-05,-.001
3.971986,6.437331E-06,-5.461113E-05,-.002
3.972987,3.433251E-05,1.031913E-06,-.001
3.973987,-1.573574E-05,2.086733E-05,-2.33333E-03
3.974988,2.121937E-05,-2.875939E-06,-6.66667E-04
3.975988,4.768401E-06,2.65931E-05,6.66667E-04
3.976989,-5.054497E-05,-2.587598E-05,-.002
3.977989,7.629453E-06,-3.439211E-05,-6.66667E-04
3.97899,1.430517E-05,2.803665E-05,.001
3.97999,-2.861035E-05,-1.813483E-05,-6.66667E-04
3.98099,4.434609E-05,3.403067E-06,6.66667E-04
3.981991,-7.152594E-07,5.460926E-05,-6.66667E-04
3.982992,-1.1921E-06,-1.652174E-06,-.001
3.983992,5.197548E-05,2.629694E-05,6.66667E-04
3.984993,-5.245238E-06,4.132488E-05,-6.66667E-04
3.985993,-1.001364E-05,-5.461113E-05,-2.33333E-03
3.986994,1.239782E-05,-1.757604E-05,.001
3.987994,-4.720711E-05,-3.304347E-06,.002
3.988995,-9.536816E-07,-3.996328E-05,.001
3.989995,1.001364E-05,-4.511356E-06,.001
3.990995,-3.671669E-05,2.872213E-06,-.001
3.991996,3.194832E-05,-2.885808E-05,-.001
3.992997,9.77522E-06,1.082948E-05,-.002
3.993997,1.978886E-05,-5.78168E-06,6.66667E-04
3.994998,5.459809E-05,1.167139E-05,-.001
3.995998,3.051781E-05,2.007943E-05,-.001
3.996999,-2.3842E-06,-3.496208E-05,.001
3.997999,4.83992E-05,1.822424E-05,-.002
3.999,8.10629E-06,3.168755E-05,.001
4,3.123307E-05,-4.646392E-05,6.66667E-04
