"c:\users\esrlabn1\desktop\bence\ir_spectroscopy\1000nm_odmr\magnet_map_7_1310nm\117.dat  ---  04-23-2026 20:06:12"
""
"cavityli 20 2 4 2000 1 0 0"
"                             ;                             ;seth_xesr_precise 268.19 1 0 2.106299212598425"
"setlockin 188.67 0.004 0 0.03 0.005"
4,2000
2,2.6703E-05,-4.226371E-06,6.66667E-04
2.001,2.861035E-05,1.389539E-05,.002
2.002001,-1.811993E-05,2.379355E-05,-6.66667E-04
2.003001,-1.406675E-05,-1.014775E-05,-6.66667E-04
2.004002,0,-9.167998E-06,-6.66667E-04
2.005002,-3.051781E-05,2.554629E-05,6.66667E-04
2.006003,-2.002728E-05,-2.223265E-05,6.66667E-04
2.007004,-2.861035E-05,9.823649E-06,6.66667E-04
2.008004,-3.433251E-05,-1.85204E-05,6.66667E-04
2.009005,-7.391005E-06,-4.250393E-05,6.66667E-04
2.010005,7.629453E-06,2.253812E-05,-6.66667E-04
2.011005,1.025206E-05,-1.660932E-05,-6.66667E-04
2.012006,4.19619E-05,-1.015149E-06,-.001
2.013006,3.409409E-05,4.350604E-05,6.66667E-04
2.014007,1.740467E-05,2.374139E-05,-.001
2.015007,4.744553E-05,3.047485E-05,-6.66667E-04
2.016008,-1.430519E-06,5.460926E-05,-6.66667E-04
2.017009,-1.311308E-05,-1.422322E-05,6.66667E-04
2.018009,2.169621E-05,-9.45857E-06,2.33333E-03
2.01901,2.121937E-05,-2.338563E-05,-.002
2.02001,6.389664E-05,-4.995079E-05,-.001
2.02101,5.531334E-05,6.608694E-06,.001
2.022011,-5.483656E-06,4.036381E-06,.001
2.023011,-9.536801E-06,-5.327188E-05,-.002
2.024012,2.3842E-06,1.633924E-05,-.002
2.025012,3.814726E-06,2.060656E-05,-6.66667E-04
2.026013,1.311308E-05,-9.898155E-06,.001
2.027014,7.391005E-06,2.696004E-05,-.001
2.028014,2.479565E-05,-3.928901E-05,-.001
2.029015,2.193463E-05,-2.949883E-05,-.002
2.030015,-1.1921E-06,-5.189358E-06,6.66667E-04
2.031015,-1.215941E-05,-4.368671E-05,.001
2.032016,-1.525891E-05,2.861035E-05,6.66667E-04
2.033016,-1.90736E-05,4.350976E-05,6.66667E-04
2.034017,5.245238E-06,-2.343222E-06,-.001
2.035017,2.193463E-05,2.512347E-05,-6.66667E-04
2.036018,2.622619E-06,-7.636891E-08,-6.66667E-04
2.037019,2.360356E-05,-9.650423E-06,-2.33333E-03
2.038019,-2.336514E-05,2.397236E-05,-2.33333E-03
2.03902,-5.078339E-05,-2.416794E-05,6.66667E-04
2.04002,-1.597416E-05,-4.176819E-05,3.66667E-03
2.04102,-1.668937E-06,-3.058673E-05,-.001
2.042021,-8.583127E-06,-1.53986E-05,-6.66667E-04
2.043021,4.601502E-05,-2.740894E-05,-3.66667E-03
2.044022,5.698227E-05,8.016883E-06,-6.66667E-04
2.045022,1.478201E-05,-9.121432E-06,-.001
2.046023,1.430517E-05,9.102805E-06,-6.66667E-04
2.047024,-2.861038E-06,1.283741E-05,-6.66667E-04
2.048024,1.049048E-05,-2.003659E-05,-.001
2.049025,1.168257E-05,1.940891E-06,-.004
2.050025,-3.433251E-05,2.728787E-05,.001
2.051026,-9.059964E-06,2.17912E-05,6.66667E-04
2.052026,-2.384204E-07,5.460926E-05,.002
2.053026,-1.001364E-05,2.927345E-05,.001
2.054027,4.029297E-05,-2.334651E-05,-6.66667E-04
2.055027,0,-1.713645E-05,-.001
2.056028,-2.145779E-05,-4.121498E-05,.001
2.057029,8.10629E-06,-2.283618E-06,-.002
2.058029,2.384204E-07,1.734321E-05,-.002
2.05903,3.099456E-06,6.329297E-06,-.001
2.06003,3.314042E-05,-3.458947E-06,-.001
2.061031,-1.049048E-05,5.183771E-06,-.001
2.062031,0,-3.856071E-05,-.002
2.063031,2.074253E-05,-2.365385E-05,-6.66667E-04
2.064032,-4.029297E-05,-1.976651E-05,-6.66667E-04
2.065032,-1.120573E-05,-2.901827E-05,-.001
2.066033,2.384204E-07,3.911019E-05,-6.66667E-04
2.067034,-3.385567E-05,2.194021E-05,.001
2.068034,1.573574E-05,-1.69595E-05,-.001
2.069035,3.814726E-06,1.040107E-05,6.66667E-04
2.070035,-3.194832E-05,5.530223E-06,.001
2.071036,-1.33515E-05,2.280262E-05,-.001
2.072036,-2.360356E-05,5.460926E-05,.001
2.073036,1.668942E-05,8.849485E-06,.002
2.074037,5.555176E-05,5.079462E-06,-6.66667E-04
2.075037,8.821546E-06,1.852971E-05,-3.66667E-03
2.076038,5.483656E-06,-3.655837E-05,-6.66667E-04
2.077039,3.004086E-05,-1.735997E-05,.001
2.078039,-4.529982E-06,-1.660374E-05,-.002
2.07904,9.77522E-06,-2.944854E-05,-2.33333E-03
2.08004,3.767037E-05,2.071832E-05,-.001
2.081041,-1.382834E-05,1.681235E-05,-2.33333E-03
2.082041,-5.483656E-06,1.220783E-05,.001
2.083041,-4.529982E-06,1.766917E-05,.002
2.084042,-7.867871E-06,1.37054E-05,6.66667E-04
2.085042,3.051781E-05,2.791558E-05,-6.66667E-04
2.086043,-8.821546E-06,1.178315E-05,.001
2.087044,-3.2902E-05,-5.461113E-05,-6.66667E-04
2.088044,-3.027928E-05,-5.461113E-05,.001
2.089045,-6.341981E-05,-5.036616E-05,6.66667E-04
2.090045,-2.074253E-05,-5.461113E-05,-.001
2.091046,-1.430519E-06,-1.166023E-06,-6.66667E-04
2.092046,3.123307E-05,-1.138083E-06,-6.66667E-04
2.093046,5.626702E-05,-9.097217E-06,.001
2.094047,5.745911E-05,9.797572E-06,6.66667E-04
2.095047,-2.861038E-06,1.592569E-06,.001
2.096048,2.622619E-06,-1.140876E-05,-.002
2.097049,-1.120573E-05,2.189551E-05,-2.33333E-03
2.098049,-2.884876E-05,-4.824287E-07,-.002
2.09905,2.861038E-06,-7.264345E-06,6.66667E-04
2.10005,-1.33515E-05,2.00608E-05,-.002
2.101051,-3.099456E-06,1.901768E-06,-.001
2.102051,3.55246E-05,5.460926E-05,-6.66667E-04
2.103051,4.339241E-05,5.460926E-05,-.001
2.104052,5.292916E-05,6.807997E-06,-.001
2.105052,2.28883E-05,2.048924E-06,6.66667E-04
2.106053,-4.053145E-06,-7.962866E-06,-6.66667E-04
2.107054,2.193463E-05,-3.498443E-05,6.66667E-04
2.108054,4.124665E-05,5.422189E-06,-.001
2.109055,2.622619E-06,-1.326582E-05,-6.66667E-04
2.110055,2.574932E-05,-1.812738E-05,.001
2.111056,-2.503407E-05,5.460926E-05,.002
2.112056,-2.646458E-05,4.034885E-05,6.66667E-04
2.113056,2.861038E-06,3.247359E-05,-2.33333E-03
2.114057,-1.406675E-05,2.891209E-05,-.001
2.115057,-2.050411E-05,-2.514769E-05,-.002
2.116058,1.668942E-05,-4.434609E-05,6.66667E-04
2.117059,-1.502043E-05,-1.113495E-05,-.001
2.118059,-3.480935E-05,-4.223757E-05,-6.66667E-04
2.11906,1.215941E-05,1.308887E-05,6.66667E-04
2.12006,-6.198912E-06,2.367437E-06,.001
2.121061,-2.02657E-05,-1.598906E-05,.002
2.122061,-9.536801E-06,3.278651E-05,2.33333E-03
2.123062,-3.814721E-05,2.168876E-05,.001
2.124062,-2.861038E-06,-2.264991E-06,.001
2.125062,3.027928E-05,1.320249E-05,6.66667E-04
2.126063,7.629453E-06,-4.97888E-06,-6.66667E-04
2.127064,5.030655E-05,9.281619E-06,-.002
2.128064,3.910088E-05,1.502229E-05,-6.66667E-04
2.129065,2.002728E-05,5.323469E-06,6.66667E-04
2.130065,5.030655E-05,1.147581E-05,-.002
2.131066,1.502043E-05,2.336886E-05,-6.66667E-04
2.132066,2.622619E-06,-3.257781E-06,-.001
2.133067,8.10629E-06,1.331611E-05,-.001
2.134067,-4.553818E-05,1.260458E-05,-6.66667E-04
2.135067,-7.152586E-06,-1.122808E-05,-6.66667E-04
2.136068,5.245238E-06,1.565937E-05,-.002
2.137069,-1.239782E-05,6.062939E-06,-6.66667E-04
2.138069,3.004086E-05,-1.310749E-05,-2.33333E-03
2.13907,5.245238E-06,2.164033E-05,-.002
2.14007,1.049048E-05,3.283858E-06,6.66667E-04
2.141071,1.740467E-05,-1.279829E-05,.001
2.142071,-2.408039E-05,1.404068E-05,-.001
2.143072,-4.005455E-05,-2.495956E-05,-6.66667E-04
2.144072,4.768408E-07,-4.988193E-06,.001
2.145072,-1.811993E-05,2.460193E-05,-.001
2.146073,-2.408039E-05,3.371402E-06,-3.66667E-03
2.147074,1.811993E-05,2.265361E-05,.002
2.148074,-1.072889E-05,1.576182E-05,.001
2.149075,-6.198912E-06,-1.829874E-05,.001
2.150075,4.029297E-05,1.144788E-05,-6.66667E-04
2.151076,1.811993E-05,1.681976E-06,-.002
2.152076,6.532716E-05,-8.752628E-06,-6.66667E-04
2.153077,2.837193E-05,3.585243E-05,3.66667E-03
2.154077,-4.434609E-05,2.345268E-05,-6.66667E-04
2.155077,-1.931202E-05,-1.433125E-05,.001
2.156078,-9.059964E-06,5.172595E-06,.002
2.157079,2.741825E-05,-1.369795E-05,-6.66667E-04
2.158079,3.433251E-05,1.064508E-05,-.002
2.15908,1.859677E-05,4.388415E-05,-6.66667E-04
2.16008,1.478201E-05,-1.716253E-05,-3.66667E-03
2.161081,7.629453E-06,6.862014E-06,-.002
2.162081,-1.525891E-05,2.60399E-05,-6.66667E-04
2.163082,-7.152594E-07,-3.009487E-05,.001
2.164082,2.93256E-05,1.098035E-05,.001
2.165082,3.55246E-05,-2.071276E-06,6.66667E-04
2.166083,4.339241E-05,-2.592069E-05,.001
2.167084,2.527249E-05,4.882202E-05,.002
2.168084,-2.002728E-05,2.995145E-05,-6.66667E-04
2.169085,2.861038E-06,-3.781188E-07,6.66667E-04
2.170085,-1.978886E-05,8.579402E-06,-.001
2.171086,-3.337875E-06,6.722315E-06,-.002
2.172086,5.745911E-05,-1.554948E-05,2.33333E-03
2.173087,6.032013E-05,2.511975E-05,-6.66667E-04
2.174087,7.510232E-05,2.212837E-06,-6.66667E-04
2.175087,9.441422E-05,1.61865E-05,-.001
2.176088,6.389664E-05,9.587093E-06,-6.66667E-04
2.177088,7.677125E-05,-3.473111E-05,-6.66667E-04
2.178089,1.211171E-04,-7.890223E-06,-6.66667E-04
2.17909,6.032013E-05,2.870351E-06,-.001
2.18009,1.211171E-04,-3.164285E-05,-6.66667E-04
2.181091,1.976499E-04,-9.74728E-06,-.001
2.182091,2.059946E-04,-1.263624E-05,-6.66667E-04
2.183092,2.408037E-04,-3.140816E-05,-6.66667E-04
2.184092,2.665538E-04,-2.513092E-05,-6.66667E-04
2.185092,2.622623E-04,-5.416782E-05,.002
2.186093,2.884883E-04,-5.285838E-05,-6.66667E-04
2.187093,2.365122E-04,-1.006579E-05,.001
2.188094,1.881132E-04,-4.336634E-05,-.002
2.189095,1.72616E-04,-2.00459E-05,-.001
2.190095,1.173024E-04,-7.310911E-06,-6.66667E-04
2.191096,9.369897E-05,-4.192092E-05,-.001
2.192096,1.03951E-04,-8.499308E-06,-.001
2.193097,7.581757E-05,-1.257291E-05,6.66667E-04
2.194097,8.273171E-05,-4.992657E-05,-.001
2.195097,7.176446E-05,-5.736983E-07,-6.66667E-04
2.196098,3.647828E-05,4.067668E-05,-6.66667E-04
2.197098,5.459809E-05,-4.371657E-06,-.001
2.198099,5.245232E-05,2.059352E-05,-6.66667E-04
2.1991,2.121937E-05,-3.385753E-05,.002
2.2001,2.074253E-05,-3.057369E-05,-6.66667E-04
2.201101,-1.621258E-05,7.04269E-06,.001
2.202101,-3.886246E-05,-4.006014E-05,-.001
2.203102,-2.121937E-05,-3.192411E-05,6.66667E-04
2.204102,-2.3842E-06,-7.122784E-06,6.66667E-04
2.205102,5.960494E-06,-2.171856E-05,6.66667E-04
2.206103,3.814726E-06,1.493102E-05,-.001
2.207103,-2.861035E-05,-1.955603E-05,-6.66667E-04
2.208104,0,-2.555933E-05,.001
2.209105,5.197548E-05,-1.879793E-05,-6.66667E-04
2.210105,-2.098095E-05,-5.428144E-05,-2.33333E-03
2.211106,-2.193463E-05,-4.473538E-05,.001
2.212106,-3.647828E-05,-1.211656E-05,-.001
2.213107,-2.574932E-05,-2.856937E-05,-.001
2.214107,3.242516E-05,-2.767902E-05,-.002
2.215107,1.096731E-05,-1.424184E-05,.001
2.216108,-1.478201E-05,-3.046554E-05,-.001
2.217108,1.001364E-05,-4.469999E-05,-6.66667E-04
2.218109,-4.053139E-05,-1.600583E-05,-6.66667E-04
2.21911,-5.483656E-06,-2.002541E-05,-.001
2.22011,4.863762E-05,8.04296E-06,-.002
2.221111,-2.861038E-06,2.227735E-05,-6.66667E-04
2.222111,3.743195E-05,8.858799E-06,.001
2.223112,3.385567E-05,1.697068E-05,-.002
2.224112,-2.956402E-05,-1.361227E-05,6.66667E-04
2.225112,4.291564E-06,7.78964E-06,-2.33333E-03
2.226113,2.431881E-05,2.125476E-05,-6.66667E-04
2.227113,-2.55109E-05,2.283618E-06,-.001
2.228114,-4.768401E-06,-1.225999E-05,-.002
2.229115,-2.121937E-05,1.492916E-05,-.001
2.230115,-3.337883E-05,1.006952E-05,-.001
2.231116,1.811993E-05,-2.680172E-05,6.66667E-04
2.232116,-3.075623E-05,-1.389541E-06,-6.66667E-04
2.233117,-3.743195E-05,7.851108E-06,6.66667E-04
2.234117,-1.668937E-06,2.276537E-05,-.001
2.235118,-2.074253E-05,1.70992E-05,-6.66667E-04
2.236118,-4.529982E-06,-1.921703E-05,-.002
2.237118,6.198912E-06,3.198371E-05,6.66667E-04
2.238119,-1.072889E-05,7.320225E-06,-3.66667E-03
2.23912,9.298383E-06,-2.355885E-05,.002
2.24012,4.243874E-05,-3.097593E-06,.002
2.241121,1.978886E-05,-1.146278E-05,-6.66667E-04
2.242121,2.193463E-05,-2.638076E-05,-2.33333E-03
2.243122,8.10629E-06,4.066178E-05,-6.66667E-04
2.244122,-1.835835E-05,6.048038E-06,2.33333E-03
2.245123,3.93393E-05,-7.243856E-06,.001
2.246123,1.525891E-05,1.460878E-05,-6.66667E-04
2.247123,1.90736E-05,-2.402451E-05,-6.66667E-04
2.248124,2.169621E-05,2.887115E-06,-2.33333E-03
2.249125,-1.049048E-05,1.029676E-05,-6.66667E-04
2.250125,1.788151E-05,-2.558914E-05,.001
2.251126,5.674385E-05,2.944857E-06,-.001
2.252126,2.622619E-06,3.429144E-06,.002
2.253127,9.059964E-06,-2.409343E-05,-.001
2.254127,2.861038E-06,7.113471E-06,-6.66667E-04
2.255128,-3.93393E-05,-7.728173E-06,6.66667E-04
2.256128,-8.344708E-06,6.672024E-06,6.66667E-04
2.257128,-5.006819E-06,1.417106E-05,.001
2.258129,-3.099465E-05,-1.637463E-05,.001
2.25913,3.361725E-05,-1.846824E-05,6.66667E-04
2.26013,1.788151E-05,1.893763E-05,6.66667E-04
2.261131,2.384197E-05,-1.284858E-05,-6.66667E-04
2.262131,5.149865E-05,2.086919E-05,-6.66667E-04
2.263132,-2.312672E-05,3.34105E-05,-6.66667E-04
2.264132,-3.55246E-05,-1.649943E-05,6.66667E-04
2.265133,-4.696869E-05,-1.920771E-05,6.66667E-04
2.266133,-4.720711E-05,-8.866249E-06,2.33333E-03
2.267133,-1.573574E-05,-4.865811E-05,.001
2.268134,-2.861038E-06,-1.779769E-05,.001
2.269135,-2.169621E-05,-5.153031E-05,6.66667E-04
2.270135,-1.668937E-06,-5.151727E-05,-6.66667E-04
2.271136,-6.914168E-06,-8.195675E-07,-.001
2.272136,1.668937E-06,-4.726299E-05,-.001
2.273137,5.006819E-06,-4.619011E-05,.001
2.274137,-5.006819E-06,6.102055E-06,-6.66667E-04
2.275138,-1.883518E-05,-9.6858E-08,6.66667E-04
2.276138,2.837193E-05,-5.139067E-06,-6.66667E-04
2.277139,-4.529982E-06,-1.806773E-06,-6.66667E-04
2.278139,-2.002728E-05,-2.327759E-05,.001
2.27914,5.483656E-06,-5.578651E-06,-.002
2.28014,-3.838562E-05,1.380226E-05,.001
2.281141,-3.051781E-05,-2.305408E-05,-6.66667E-04
2.282141,-2.169621E-05,-2.153229E-05,-6.66667E-04
2.283142,-1.764309E-05,-4.14087E-05,6.66667E-04
2.284142,-7.867871E-06,-2.005894E-05,-6.66667E-04
2.285143,-5.722075E-06,-4.98633E-06,-.002
2.286143,-2.28883E-05,-2.811861E-05,.001
2.287144,2.074253E-05,-3.693835E-05,6.66667E-04
2.288144,2.622619E-06,2.162729E-05,-.001
2.289145,1.192099E-05,-2.30876E-05,-2.33333E-03
2.290145,3.361725E-05,2.296094E-05,-6.66667E-04
2.291146,-5.722075E-06,4.172348E-05,.002
2.292146,-3.886246E-05,-1.994905E-05,-.002
2.293147,-2.193463E-05,2.552767E-05,6.66667E-04
2.294147,-3.266358E-05,1.543213E-05,-6.66667E-04
2.295148,-3.218674E-05,-3.247545E-05,.001
2.296148,-2.384204E-07,-9.920506E-06,-6.66667E-04
2.297149,-3.814721E-05,-2.379355E-05,2.33333E-03
2.298149,-1.1921E-06,-2.827693E-05,-.002
2.29915,5.722075E-06,2.297026E-05,-6.66667E-04
2.30015,-6.675749E-06,-1.545448E-05,6.66667E-04
2.301151,-2.384197E-05,-4.177191E-05,-6.66667E-04
2.302151,-1.931202E-05,-3.641122E-05,-.002
2.303152,-2.145779E-05,-5.461113E-05,.001
2.304152,-2.861038E-06,-5.697861E-06,6.66667E-04
2.305153,-6.437331E-06,-2.179309E-06,6.66667E-04
2.306153,-2.384197E-05,-2.16664E-05,6.66667E-04
2.307154,2.646458E-05,1.684029E-05,.001
2.308154,-9.059964E-06,1.151122E-06,-2.33333E-03
2.309155,9.298383E-06,-2.543081E-05,3.66667E-03
2.310155,2.789509E-05,-1.088349E-05,-6.66667E-04
2.311156,-3.099465E-05,7.839932E-06,.002
2.312156,-1.525891E-05,-5.757465E-06,-.002
2.313157,-1.835835E-05,3.220537E-05,-6.66667E-04
2.314157,-5.245232E-05,2.624665E-05,-.001
2.315158,-9.536816E-07,1.921889E-05,6.66667E-04
2.316158,5.483656E-06,5.460926E-05,-2.33333E-03
2.317159,-2.479565E-05,2.709043E-05,.001
2.318159,-2.241146E-05,-7.75425E-06,-.002
2.31916,-2.622616E-05,-1.142552E-05,.001
2.32016,-7.391005E-06,-5.461113E-05,6.66667E-04
2.321161,1.358992E-05,-2.569531E-05,6.66667E-04
2.322161,9.059964E-06,3.133924E-05,-3.66667E-03
2.323162,1.883518E-05,-1.413195E-05,-.001
2.324162,-2.145782E-06,4.595175E-06,-.001
2.325163,-7.629453E-06,7.597759E-06,.001
2.326163,2.264988E-05,5.612179E-06,6.66667E-04
2.327164,1.597416E-05,5.151355E-05,-.001
2.328164,-9.536801E-06,2.359238E-05,-.002
2.329165,3.337875E-06,-6.265967E-06,.001
2.330165,-5.722075E-06,2.774794E-05,-6.66667E-04
2.331166,-3.266358E-05,-9.050651E-06,.001
2.332166,2.93256E-05,-2.967764E-05,6.66667E-04
2.333167,-4.053145E-06,1.22395E-05,6.66667E-04
2.334167,-2.789509E-05,9.229465E-06,.001
2.335168,2.145779E-05,-1.82559E-05,-.001
2.336168,1.6451E-05,-8.93703E-06,-2.33333E-03
2.337169,2.360356E-05,-3.188127E-05,-6.66667E-04
2.338169,6.151246E-05,-9.749143E-06,6.66667E-04
2.33917,2.002728E-05,3.860169E-05,-6.66667E-04
2.34017,3.099465E-05,-7.599621E-06,-6.66667E-04
2.341171,1.525891E-05,6.333039E-08,.001
2.342171,-3.433251E-05,-1.103623E-05,-.001
2.343172,1.263624E-05,-1.311867E-05,-6.66667E-04
2.344172,1.287466E-05,4.439638E-05,6.66667E-04
2.345173,-3.242516E-05,2.647948E-05,.001
2.346173,1.096731E-05,-4.325085E-05,-6.66667E-04
2.347174,-4.291564E-06,-1.136778E-05,-.001
2.348174,-1.430517E-05,-2.435979E-05,6.66667E-04
2.349174,-1.001364E-05,-5.461113E-05,.002
2.350175,-5.22139E-05,-3.111199E-05,-6.66667E-04
2.351176,-7.152586E-06,-3.485219E-05,6.66667E-04
2.352176,3.93393E-05,-1.226744E-05,-.002
2.353177,2.098095E-05,-3.334153E-07,.001
2.354177,1.692784E-05,-2.581265E-05,-6.66667E-04
2.355178,2.050411E-05,9.331889E-07,6.66667E-04
2.356178,-2.169621E-05,-1.183158E-05,-6.66667E-04
2.357179,4.768408E-07,-2.439332E-05,-.002
2.358179,4.19619E-05,2.009992E-05,-6.66667E-04
2.359179,-8.344708E-06,4.221336E-05,-.001
2.36018,-6.198912E-06,8.177049E-07,.001
2.361181,-3.576293E-06,2.647389E-05,2.33333E-03
2.362181,-1.072889E-05,-5.550712E-06,2.33333E-03
2.363182,2.694142E-05,-1.09431E-05,-2.33333E-03
2.364182,-7.391005E-06,-8.977986E-07,6.66667E-04
2.365183,-2.074253E-05,-1.830247E-05,6.66667E-04
2.366183,1.764309E-05,-1.409842E-05,-.001
2.367184,4.529982E-06,-5.818933E-06,6.66667E-04
2.368184,-1.764309E-05,-2.838869E-05,-.001
2.369184,8.583127E-06,-2.218422E-05,.001
2.370185,-1.1921E-06,3.686189E-06,-6.66667E-04
2.371186,1.120573E-05,-1.588103E-05,-.001
2.372186,1.549732E-05,5.460926E-05,.001
2.373187,-3.337875E-06,4.362897E-05,6.66667E-04
2.374187,3.576302E-05,9.706302E-06,6.66667E-04
2.375188,4.935288E-05,9.959622E-06,-.001
2.376188,3.647828E-05,-3.787153E-05,-6.66667E-04
2.377189,8.177804E-05,-4.39065E-05,-6.66667E-04
2.378189,2.837193E-05,-1.185021E-05,.001
2.379189,-1.215941E-05,-2.248038E-05,-.001
2.38019,-3.123307E-05,-2.19458E-05,.001
2.381191,-7.629441E-05,4.044943E-05,6.66667E-04
2.382191,-4.768395E-05,-5.587958E-08,-6.66667E-04
2.383192,4.768408E-07,-6.623595E-06,6.66667E-04
2.384192,-3.337883E-05,2.960872E-05,-6.66667E-04
2.385193,-2.336514E-05,-1.636159E-05,6.66667E-04
2.386193,1.90736E-05,3.367313E-05,-.001
2.387194,-6.198912E-06,7.618255E-07,-6.66667E-04
2.388194,1.168257E-05,-5.440623E-05,.001
2.389194,1.764309E-05,-1.631684E-06,6.66667E-04
2.390195,-8.344708E-06,-2.820056E-05,-6.66667E-04
2.391196,-5.960494E-06,-2.691534E-05,.001
2.392196,-1.668937E-06,-3.300622E-06,-6.66667E-04
2.393197,-2.050411E-05,-3.549107E-05,2.33333E-03
2.394197,3.862404E-05,-2.397236E-05,-.001
2.395198,5.960494E-06,3.795908E-05,6.66667E-04
2.396198,-6.675749E-06,1.361601E-06,.001
2.397199,-2.622619E-06,-1.30721E-05,.002
2.398199,-3.910088E-05,-6.018236E-06,6.66667E-04
2.399199,-1.406675E-05,-2.622802E-05,-6.66667E-04
2.4002,2.312672E-05,-5.081319E-05,6.66667E-04
2.401201,-1.096731E-05,-3.893324E-05,.002
2.402201,2.622619E-06,-5.461113E-05,-6.66667E-04
2.403202,3.004086E-05,-3.16056E-05,-6.66667E-04
2.404202,4.768408E-07,-1.502974E-05,-6.66667E-04
2.405203,9.298383E-06,-3.242516E-05,6.66667E-04
2.406203,3.767037E-05,1.530733E-05,-2.33333E-03
2.407204,1.6451E-05,2.846136E-06,-6.66667E-04
2.408204,4.076981E-05,1.242576E-05,6.66667E-04
2.409204,5.197548E-05,5.460926E-05,-6.66667E-04
2.410205,2.765667E-05,1.536135E-05,-2.33333E-03
2.411206,5.531334E-05,6.536051E-06,-2.33333E-03
2.412206,2.217304E-05,2.108529E-06,-.002
2.413207,9.298383E-06,-5.461113E-05,-.001
2.414207,3.600144E-05,-2.9171E-05,.001
2.415208,-9.536801E-06,1.803048E-06,-6.66667E-04
2.416208,-7.152594E-07,-2.512161E-05,-6.66667E-04
2.417209,-1.168257E-05,1.831364E-05,-6.66667E-04
2.418209,-3.55246E-05,3.55544E-05,-6.66667E-04
2.41921,1.907363E-06,-2.064754E-05,-6.66667E-04
2.42021,9.536801E-06,-9.29652E-06,-6.66667E-04
2.421211,-2.217304E-05,-2.924371E-07,6.66667E-04
2.422211,2.3842E-06,-3.631995E-05,-6.66667E-04
2.423212,1.192099E-05,7.23268E-06,-.001
2.424212,-3.099456E-06,-2.613306E-06,-.002
2.425213,4.482293E-05,-4.088535E-06,-.001
2.426213,2.813351E-05,2.086919E-05,-.001
2.427214,-5.006819E-06,-1.61269E-05,-6.66667E-04
2.428214,1.573574E-05,-2.660428E-05,6.66667E-04
2.429215,-3.910088E-05,-1.391402E-05,6.66667E-04
2.430215,-2.837193E-05,-3.953674E-05,-.002
2.431216,1.716625E-05,-1.087977E-05,-.001
2.432216,-1.120573E-05,3.387057E-05,6.66667E-04
2.433217,-3.123307E-05,3.1356E-05,-6.66667E-04
2.434217,-1.668942E-05,3.202283E-05,-.002
2.435218,-6.032013E-05,1.450634E-05,-2.33333E-03
2.436218,-3.194832E-05,1.722954E-06,6.66667E-04
2.437219,-1.406675E-05,2.743874E-05,6.66667E-04
2.438219,-4.649186E-05,9.22574E-06,-.002
2.43922,-2.861038E-06,-3.865571E-05,-.001
2.44022,-2.002728E-05,-1.036382E-05,-.001
2.441221,-2.02657E-05,-2.868858E-05,.001
2.442221,2.598774E-05,2.628207E-06,-6.66667E-04
2.443222,8.821546E-06,1.583446E-05,-6.66667E-04
2.444222,3.814726E-06,-7.180526E-06,-2.33333E-03
2.445223,5.078339E-05,4.207744E-06,-2.33333E-03
2.446223,-7.391005E-06,1.278339E-05,-.002
2.447224,-3.838562E-05,-1.87793E-05,-6.66667E-04
2.448224,-1.239782E-05,-1.909226E-06,-6.66667E-04
2.449225,-1.883518E-05,-2.604921E-05,-2.33333E-03
2.450225,1.764309E-05,-5.461113E-05,-2.33333E-03
2.451226,4.100823E-05,-1.768407E-05,6.66667E-04
2.452226,3.075623E-05,-1.229353E-06,-6.66667E-04
2.453227,7.891702E-05,-1.665216E-05,-6.66667E-04
2.454227,4.506134E-05,3.325217E-05,6.66667E-04
2.455228,-1.33515E-05,1.547683E-05,6.66667E-04
2.456228,4.57766E-05,-1.201598E-05,6.66667E-04
2.457229,4.696869E-05,1.750526E-05,-6.66667E-04
2.458229,2.598774E-05,7.674156E-06,-.001
2.45923,2.55109E-05,2.246734E-05,-.001
2.46023,-1.668942E-05,5.460926E-05,-.002
2.461231,-3.004086E-05,5.460926E-05,6.66667E-04
2.462231,1.931202E-05,5.29422E-05,-6.66667E-04
2.463232,3.576293E-06,2.408971E-05,-6.66667E-04
2.464232,2.145782E-06,-6.30322E-06,-3.66667E-03
2.465233,1.883518E-05,7.087394E-06,-.002
2.466233,-2.574932E-05,6.198912E-06,-.002
2.467234,-2.55109E-05,-1.30274E-05,-6.66667E-04
2.468234,4.291564E-06,4.672655E-05,-2.33333E-03
2.469235,-2.574932E-05,5.460926E-05,6.66667E-04
2.470235,-1.788151E-05,1.918536E-05,-6.66667E-04
2.471236,1.549732E-05,3.752508E-05,6.66667E-04
2.472236,-2.360356E-05,4.787027E-06,-.001
2.473237,-2.646458E-05,9.542389E-06,-.002
2.474237,-1.740467E-05,3.094436E-05,-.002
2.475238,-2.455723E-05,-3.031467E-05,6.66667E-04
2.476238,8.10629E-06,-2.964598E-05,-6.66667E-04
2.477239,-5.006819E-06,-7.199153E-06,-6.66667E-04
2.478239,-1.907363E-06,-3.735372E-05,-.001
2.47924,3.55246E-05,-1.480995E-05,-.001
2.48024,1.263624E-05,1.115732E-06,-.001
2.481241,1.978886E-05,4.263624E-06,.001
2.482241,5.86512E-05,1.780328E-05,.002
2.483242,-7.867871E-06,-1.37352E-05,.002
2.484242,2.193463E-05,-4.132302E-05,-6.66667E-04
2.485243,3.218674E-05,-1.357502E-05,6.66667E-04
2.486243,-4.053145E-06,-1.531851E-05,-.002
2.487244,-7.391005E-06,-1.74978E-05,-6.66667E-04
2.488244,-4.076981E-05,-1.740467E-05,-6.66667E-04
2.489245,-6.246613E-05,-4.228973E-05,-.001
2.490245,6.437331E-06,5.356997E-06,6.66667E-04
2.491246,2.193463E-05,5.460926E-05,-6.66667E-04
2.492246,3.457093E-05,3.007252E-05,-.001
2.493247,4.696869E-05,2.322358E-05,-6.66667E-04
2.494247,3.337883E-05,9.16986E-06,-6.66667E-04
2.495248,4.291564E-06,-2.602313E-05,6.66667E-04
2.496248,-2.02657E-05,1.650315E-05,-6.66667E-04
2.497249,-4.601502E-05,1.871039E-05,-.001
2.498249,-4.053139E-05,-3.750832E-05,-.001
2.49925,-2.145782E-06,-1.056126E-05,-6.66667E-04
2.50025,-4.291564E-06,-3.301189E-05,-.002
2.501251,5.459809E-05,-4.960992E-05,-6.66667E-04
2.502251,4.291558E-05,2.599147E-05,-6.66667E-04
2.503252,2.813351E-05,3.681355E-05,-6.66667E-04
2.504252,5.054497E-05,2.530043E-05,-.002
2.505253,-2.002728E-05,3.272505E-05,-6.66667E-04
2.506253,-3.051781E-05,5.630805E-06,-.002
2.507254,-2.169621E-05,-2.967578E-05,-2.33333E-03
2.508254,-5.054497E-05,2.540846E-05,-.002
2.509255,-2.121937E-05,-2.377492E-05,-.001
2.510255,-3.576293E-06,-1.464976E-05,.001
2.511256,-3.147149E-05,-7.500901E-06,-6.66667E-04
2.512256,-1.358992E-05,-3.239536E-05,.001
2.513257,7.152586E-06,3.116042E-05,-.001
2.514257,-1.668942E-05,4.968815E-05,-.002
2.515258,-1.502043E-05,2.074812E-05,-6.66667E-04
2.516258,1.573574E-05,4.419521E-05,-.001
2.517259,3.814726E-06,-4.030793E-06,6.66667E-04
2.518259,3.433251E-05,-4.430697E-05,-6.66667E-04
2.51926,4.076981E-05,5.30298E-06,.001
2.52026,-2.336514E-05,-2.304476E-05,-6.66667E-04
2.521261,-3.337875E-06,-2.758775E-05,-.001
2.522261,1.931202E-05,5.348609E-05,.001
2.523262,-4.529982E-06,5.095289E-05,-2.33333E-03
2.524262,5.030655E-05,4.298822E-05,-.002
2.525263,1.6451E-05,3.184774E-05,-.001
2.526263,3.743195E-05,9.238756E-07,-.002
2.527264,1.087193E-04,-1.500739E-05,-.001
2.528264,4.744553E-05,-1.109956E-05,6.66667E-04
2.529265,3.123307E-05,-2.903689E-05,.001
2.530265,9.298383E-06,-3.617271E-06,-.001
2.531266,-3.361725E-05,-1.25543E-06,-6.66667E-04
2.532266,3.099456E-06,-4.005269E-05,-.001
2.533267,2.28883E-05,8.616655E-06,-3.66667E-03
2.534267,4.768408E-07,-7.821305E-06,-6.66667E-04
2.535268,-5.483656E-06,-3.168941E-05,-6.66667E-04
2.536268,2.193463E-05,-1.553271E-05,.001
2.537269,-4.291564E-06,-5.461113E-05,-.001
2.538269,9.536801E-06,-5.461113E-05,-6.66667E-04
2.53927,2.694142E-05,4.759087E-06,-.001
2.54027,-8.821546E-06,-1.098966E-05,-.002
2.541271,2.813351E-05,3.673151E-06,-6.66667E-04
2.542271,2.145782E-06,7.81758E-06,-.001
2.543272,-1.144415E-05,-1.071772E-05,-6.66667E-04
2.544272,2.121937E-05,4.097838E-07,-6.66667E-04
2.545273,7.629453E-06,1.674902E-05,-6.66667E-04
2.546273,2.336514E-05,4.496454E-06,6.66667E-04
2.547274,3.123307E-05,-2.803296E-06,-.001
2.548274,-1.549732E-05,2.477888E-05,-.001
2.549275,9.298383E-06,-1.778838E-05,-6.66667E-04
2.550275,-4.053145E-06,2.503593E-05,-.001
2.551276,-1.168257E-05,5.460926E-05,-6.66667E-04
2.552276,1.215941E-05,1.769152E-05,-.002
2.553277,-4.076981E-05,4.386553E-05,-.002
2.554277,-4.458451E-05,-2.235183E-07,6.66667E-04
2.555278,2.002728E-05,-2.424989E-05,-.001
2.556278,4.053145E-06,3.397861E-05,-.001
2.557279,4.053145E-06,1.26232E-05,-.002
2.558279,3.695511E-05,1.276663E-05,.001
2.55928,1.573574E-05,2.705876E-05,-.002
2.56028,-2.098095E-05,-1.957652E-05,-6.66667E-04
2.561281,1.788151E-05,-8.00942E-08,-.001
2.562281,-1.764309E-05,8.277653E-06,.001
2.563282,5.722075E-06,-2.726924E-05,2.33333E-03
2.564282,4.410767E-05,-2.545503E-05,.001
2.565283,2.193463E-05,-2.541405E-05,-6.66667E-04
2.566283,4.792237E-05,-4.805089E-05,-6.66667E-04
2.567284,6.032013E-05,-8.666946E-06,6.66667E-04
2.568284,1.454359E-05,-9.93727E-06,-6.66667E-04
2.569285,6.437348E-05,-5.461113E-05,-6.66667E-04
2.570285,3.743195E-05,-4.206435E-05,6.66667E-04
2.571286,-7.629453E-06,-5.018362E-05,-.001
2.572286,3.337883E-05,-4.625157E-05,6.66667E-04
2.573287,-9.059964E-06,1.498131E-05,-6.66667E-04
2.574287,-3.218674E-05,9.126998E-07,-6.66667E-04
2.575288,4.625344E-05,-4.241272E-06,-.002
2.576288,0,8.948206E-06,-.001
2.577289,1.311308E-05,-8.828974E-07,-6.66667E-04
2.578289,2.360356E-05,3.671288E-06,-6.66667E-04
2.57929,-3.719353E-05,3.184215E-05,-.001
2.58029,-1.502043E-05,1.19005E-05,.001
2.581291,0,1.418596E-05,6.66667E-04
2.582291,-3.385567E-05,2.242078E-05,.001
2.583292,-1.907363E-06,1.680118E-05,2.33333E-03
2.584292,1.311308E-05,3.955909E-05,.001
2.585293,-1.239782E-05,2.31826E-05,6.66667E-04
2.586293,3.433251E-05,3.300622E-06,-.001
2.587294,2.884876E-05,1.342042E-05,-.002
2.588294,-3.55246E-05,8.923991E-06,-.002
2.589295,-1.955044E-05,-7.096707E-06,6.66667E-04
2.590295,-7.867871E-06,3.911584E-06,.001
2.591296,-1.239782E-05,-5.13664E-05,-6.66667E-04
2.592296,-1.502043E-05,-5.461113E-05,-.002
2.593297,-3.600144E-05,-2.723013E-05,6.66667E-04
2.594297,7.391005E-06,-4.147203E-05,-.002
2.595298,1.430517E-05,6.33303E-07,6.66667E-04
2.596298,-1.788151E-05,2.220098E-05,.001
2.597299,-9.059964E-06,1.047371E-05,-.002
2.598299,1.358992E-05,5.460926E-05,.001
2.5993,2.3842E-06,4.727603E-05,-.002
2.6003,1.239782E-05,5.379348E-06,-.001
2.601301,0,2.517563E-05,-6.66667E-04
2.602301,-2.527249E-05,-4.399591E-05,.001
2.603302,-8.821546E-06,-5.461113E-05,-.002
2.604302,-4.291564E-06,-2.670486E-05,-.002
2.605303,-1.239782E-05,-5.461113E-05,-.002
2.606303,3.647828E-05,-3.5709E-05,-6.66667E-04
2.607304,-7.391005E-06,-7.348164E-06,.001
2.608304,-1.931202E-05,-3.590644E-05,-.001
2.609305,1.525891E-05,-7.623836E-06,-.002
2.610305,-3.123307E-05,1.611195E-06,-6.66667E-04
2.611306,-3.242516E-05,-2.103869E-05,6.66667E-04
2.612306,-1.33515E-05,5.316018E-06,6.66667E-04
2.613307,-3.528618E-05,-1.78722E-05,-6.66667E-04
2.614307,-2.479565E-05,-5.461113E-05,.001
2.615308,7.152586E-06,-4.176633E-05,-.001
2.616308,-3.147149E-05,-1.836021E-05,6.66667E-04
2.617309,-1.33515E-05,-1.480622E-05,.001
2.618309,-8.344708E-06,1.681421E-05,-.001
2.61931,-1.621258E-05,6.496935E-06,-.002
2.62031,1.764309E-05,-8.48627E-06,-6.66667E-04
2.621311,8.344708E-06,3.054575E-05,.001
2.622311,-1.001364E-05,-1.690735E-05,6.66667E-04
2.623312,4.029297E-05,-1.016451E-05,-.001
2.624312,1.931202E-05,3.228919E-05,6.66667E-04
2.625313,4.529982E-06,-8.495583E-06,-2.33333E-03
2.626313,7.629453E-06,1.407607E-05,-6.66667E-04
2.627314,-5.245238E-06,2.246734E-05,-.001
2.628314,2.861038E-06,-2.397981E-05,-.001
2.629315,2.193463E-05,9.093492E-06,-6.66667E-04
2.630315,5.006819E-06,2.095487E-05,.001
2.631316,-8.10629E-06,9.767769E-06,-.001
2.632316,3.957772E-05,4.326762E-05,2.33333E-03
2.633317,5.245238E-06,-9.793846E-06,-6.66667E-04
2.634317,2.336514E-05,-1.910713E-05,.001
2.635318,9.298383E-06,3.838004E-05,.002
2.636318,-3.838562E-05,3.286102E-05,6.66667E-04
2.637319,-3.337875E-06,2.825272E-05,-6.66667E-04
2.638319,-1.621258E-05,4.859106E-05,.001
2.63932,-5.102181E-05,-8.206873E-06,.002
2.64032,-1.525891E-05,-2.729532E-05,-6.66667E-04
2.641321,-1.931202E-05,-4.740455E-05,.002
2.642321,-4.076981E-05,-4.244805E-05,6.66667E-04
2.643322,5.722075E-06,-1.088536E-05,-.001
2.644322,5.483656E-06,8.234812E-06,6.66667E-04
2.645323,-5.722075E-06,-9.469746E-06,-.001
2.646323,1.120573E-05,4.161918E-05,6.66667E-04
2.647324,-2.241146E-05,2.432067E-05,-6.66667E-04
2.648324,1.525891E-05,-2.398912E-05,-6.66667E-04
2.649325,2.55109E-05,-1.041226E-06,-6.66667E-04
2.650325,-4.291564E-06,-1.03396E-05,6.66667E-04
2.651326,3.147149E-05,-1.825776E-05,.001
2.652326,9.298383E-06,2.834585E-05,6.66667E-04
2.653327,-8.344708E-06,2.51719E-05,-6.66667E-04
2.654327,2.598774E-05,1.726684E-05,-.002
2.655328,-1.788151E-05,3.724382E-05,-2.33333E-03
2.656328,-4.339241E-05,1.809944E-05,.002
2.657329,-1.716625E-05,5.742564E-06,-.001
2.658329,-1.001364E-05,1.231401E-05,-.001
2.65933,-2.217304E-05,-2.774794E-05,-.002
2.66033,1.430519E-06,-1.325092E-05,6.66667E-04
2.661331,-4.124665E-05,-3.954425E-06,-6.66667E-04
2.662331,-2.050411E-05,-4.461058E-05,-.001
2.663332,-2.861038E-06,-3.381656E-05,-6.66667E-04
2.664332,-1.668942E-05,-3.201724E-05,.001
2.665333,-2.145782E-06,-5.461113E-05,-6.66667E-04
2.666333,3.433251E-05,-4.47224E-06,-6.66667E-04
2.667334,2.765667E-05,1.400716E-06,-3.66667E-03
2.668334,6.699609E-05,-1.700048E-05,-.001
2.669335,7.605599E-05,1.812179E-05,-.001
2.670335,7.009553E-05,-2.275605E-05,-.001
2.671336,9.822892E-05,-3.732764E-05,-.002
2.672336,7.510232E-05,2.068293E-05,-2.33333E-03
2.673337,8.51159E-05,-1.305161E-05,-6.66667E-04
2.674337,1.17064E-04,-2.380658E-05,.001
2.675338,9.179162E-05,-1.662609E-05,-2.33333E-03
2.676338,9.846734E-05,-5.461113E-05,6.66667E-04
2.677339,1.201634E-04,-3.05532E-05,-.001
2.678339,5.245232E-05,-1.04495E-05,6.66667E-04
2.67934,4.982972E-05,-2.309692E-05,-.001
2.68034,7.367181E-05,1.130445E-05,.001
2.681341,6.294297E-05,2.666388E-05,.001
2.682341,8.058595E-05,1.120946E-05,-6.66667E-04
2.683342,5.555176E-05,1.452683E-05,6.66667E-04
2.684342,7.391005E-06,3.240467E-05,6.66667E-04
2.685343,2.145782E-06,1.866382E-05,-.002
2.686343,-2.264988E-05,5.070888E-05,.002
2.687344,-4.100823E-05,-3.976771E-05,-2.33333E-03
2.688344,9.536801E-06,-4.019425E-05,.001
2.689345,-1.573574E-05,1.380227E-06,-6.66667E-04
2.690345,-2.264988E-05,-3.536255E-05,-.001
2.691346,-2.503407E-05,9.317009E-06,.002
2.692346,-3.886246E-05,4.259148E-05,-6.66667E-04
2.693347,-1.573574E-05,1.959517E-06,6.66667E-04
2.694347,-2.622619E-06,3.045439E-06,-.001
2.695348,-1.955044E-05,-6.306946E-06,.001
2.696348,2.622619E-06,-2.198492E-05,6.66667E-04
2.697349,2.861038E-06,3.438457E-06,.001
2.698349,-1.740467E-05,-6.04245E-06,-.002
2.69935,-1.668942E-05,-3.699228E-06,-.001
2.70035,2.741825E-05,5.190284E-05,-6.66667E-04
2.701351,-3.004086E-05,3.729225E-05,-.001
2.702351,-1.525891E-05,3.480748E-05,-.001
2.703352,-3.457093E-05,9.240641E-06,-.001
2.704352,-3.051781E-05,-5.461113E-05,-6.66667E-04
2.705353,-1.502043E-05,-4.81701E-05,6.66667E-04
2.706353,1.096731E-05,2.687812E-06,-5.33333E-03
2.707354,3.695511E-05,-3.620633E-05,-2.33333E-03
2.708354,3.504776E-05,-3.951066E-05,-.001
2.709355,3.719353E-05,-1.378367E-07,6.66667E-04
2.710355,3.099456E-06,-3.706678E-06,-.001
2.711356,2.6703E-05,4.134537E-05,-.001
2.712356,-1.096731E-05,5.432055E-05,.001
2.713357,-1.668937E-06,1.894317E-06,-6.66667E-04
2.714357,3.051781E-05,1.275545E-05,-6.66667E-04
2.715358,-3.099456E-06,6.008922E-06,-6.66667E-04
2.716358,4.529976E-05,3.466397E-06,6.66667E-04
2.717359,3.814721E-05,3.100396E-05,-.001
2.718359,9.536801E-06,2.692093E-05,.002
2.71936,-1.549732E-05,1.132122E-05,.001
2.72036,-1.573574E-05,2.469882E-06,-6.66667E-04
2.721361,-1.358992E-05,-8.951931E-06,-6.66667E-04
2.722361,1.287466E-05,-4.662038E-05,-.001
2.723362,-3.337875E-06,-8.931442E-06,6.66667E-04
2.724362,9.298383E-06,-5.362584E-06,.001
2.725363,4.076981E-05,2.063077E-05,-.001
2.726363,1.33515E-05,1.238292E-05,-6.66667E-04
2.727364,2.312672E-05,-5.776092E-06,-6.66667E-04
2.728364,4.83992E-05,2.283056E-05,.001
2.729365,1.883518E-05,4.977384E-05,-.001
2.730365,1.549732E-05,2.774794E-05,-.002
2.731366,2.121937E-05,3.403448E-05,-.002
2.732366,-9.298383E-06,1.513591E-05,-6.66667E-04
2.733367,4.029297E-05,-3.431947E-05,-6.66667E-04
2.734367,3.767037E-05,-3.495091E-05,-2.33333E-03
2.735368,-3.099456E-06,-3.810809E-05,.001
2.736368,5.102181E-05,-5.31713E-05,-.001
2.737369,5.030655E-05,-7.227092E-06,-.001
2.738369,-3.337875E-06,-8.426665E-06,6.66667E-04
2.73937,3.099465E-05,-4.290254E-05,-.002
2.74037,-3.337875E-06,-3.274367E-05,-6.66667E-04
2.741371,-9.536801E-06,-5.053385E-06,-6.66667E-04
2.742371,1.311308E-05,2.165895E-05,.001
2.743372,-5.006819E-06,3.816211E-05,6.66667E-04
2.744372,2.789509E-05,1.259526E-05,-.001
2.745373,5.245232E-05,2.957706E-05,6.66667E-04
2.746373,2.980244E-05,5.220273E-05,-.001
2.747374,3.576302E-05,2.082263E-05,.001
2.748374,1.859677E-05,4.068972E-05,6.66667E-04
2.749375,-3.337883E-05,3.255554E-05,.001
2.750375,2.145782E-06,-1.923565E-05,.001
2.751376,3.814726E-06,-6.567716E-06,.001
2.752376,-1.668942E-05,1.165277E-05,-.002
2.753377,2.360356E-05,-3.270819E-06,-.002
2.754377,5.006819E-06,2.420892E-05,-6.66667E-04
2.755378,-1.502043E-05,4.563499E-07,6.66667E-04
2.756378,6.437331E-06,-4.366064E-05,-6.66667E-04
2.757379,-2.479565E-05,-4.91742E-07,-.001
2.758379,-6.437331E-06,6.580754E-06,.001
2.75938,2.241146E-05,1.052214E-05,-6.66667E-04
2.76038,-1.621258E-05,3.743381E-05,.001
2.761381,-4.005455E-05,-2.435234E-05,-6.66667E-04
2.762381,-8.344708E-06,-1.190795E-05,6.66667E-04
2.763382,-2.6703E-05,-3.719539E-05,-.001
2.764382,1.049048E-05,-5.461113E-05,-6.66667E-04
2.765383,4.553818E-05,-1.454359E-05,-6.66667E-04
2.766383,2.813351E-05,-9.551703E-06,-6.66667E-04
2.767384,3.981614E-05,-1.595926E-05,6.66667E-04
2.768384,-4.291564E-06,3.991672E-05,-.002
2.769385,-3.457093E-05,6.563991E-06,.002
2.770385,-2.169621E-05,-4.619378E-07,-.001
2.771386,-2.217304E-05,3.933371E-05,2.33333E-03
2.772386,-8.821546E-06,-1.040293E-05,6.66667E-04
2.773387,-1.549732E-05,-1.915556E-05,6.66667E-04
2.774387,-4.768408E-07,5.335198E-05,6.66667E-04
2.775388,-9.536801E-06,-1.714763E-05,-.001
2.776388,2.622619E-06,-3.648936E-06,-6.66667E-04
2.777389,-2.717983E-05,2.758962E-05,-.001
2.778389,-4.673027E-05,-4.101754E-05,.002
2.77939,-2.789509E-05,-5.26628E-05,.001
2.78039,-4.148507E-05,-4.211278E-05,-.002
2.781391,9.059964E-06,-5.461113E-05,.001
2.782391,4.029297E-05,-2.565247E-05,-6.66667E-04
2.783392,3.314042E-05,4.604488E-06,.001
2.784392,3.647828E-05,-4.051282E-06,6.66667E-04
2.785393,1.835835E-05,2.88171E-05,-.002
2.786393,-2.622616E-05,-3.499925E-06,-.002
2.787394,1.144415E-05,-3.813044E-05,-6.66667E-04
2.788394,-5.006819E-06,-1.990434E-05,-.002
2.789395,-3.957772E-05,-8.644594E-06,6.66667E-04
2.790395,-2.145782E-06,-2.237421E-05,-6.66667E-04
2.791396,-1.811993E-05,5.029178E-07,-6.66667E-04
2.792396,-3.719353E-05,-8.789881E-06,-6.66667E-04
2.793397,-3.886246E-05,1.318386E-05,-.001
2.794397,-5.60286E-05,5.368539E-05,-2.33333E-03
2.795398,-3.93393E-05,2.042216E-05,-.001
2.796398,1.120573E-05,3.021781E-05,.001
2.797399,-7.152594E-07,5.460926E-05,-.002
2.798399,3.647828E-05,2.538424E-05,.001
2.7994,1.382834E-05,3.308826E-05,-6.66667E-04
2.8004,-4.601502E-05,2.511789E-05,-.002
2.801401,-2.503407E-05,-2.232951E-05,6.66667E-04
2.802401,1.096731E-05,2.432629E-06,-.001
2.803402,4.3154E-05,-1.885004E-06,.001
2.804402,6.580399E-05,-3.741519E-05,-6.66667E-04
2.805403,2.93256E-05,1.885754E-05,-2.33333E-03
2.806403,1.478201E-05,3.166515E-07,-6.66667E-04
2.807404,2.527249E-05,-7.793366E-06,-6.66667E-04
2.808404,-7.867871E-06,2.154347E-05,-.002
2.809405,-2.002728E-05,-3.304728E-05,-.001
2.810405,1.239782E-05,3.414243E-06,.001
2.811406,-2.956402E-05,5.125464E-05,-3.66667E-03
2.812406,-4.506134E-05,2.715748E-05,-.001
2.813407,-2.28883E-05,1.028745E-05,-6.66667E-04
2.814407,-6.055855E-05,9.425021E-07,6.66667E-04
2.815408,-4.053145E-06,-2.468016E-05,-6.66667E-04
2.816408,1.597416E-05,1.012167E-05,-6.66667E-04
2.817409,-4.458451E-05,3.614859E-05,.001
2.818409,-1.573574E-05,-2.448272E-05,-.002
2.81941,-2.717983E-05,-1.90438E-05,-.002
2.82041,-4.83992E-05,-2.553884E-05,6.66667E-04
2.821411,6.675749E-06,-4.318752E-05,-6.66667E-04
2.822411,-6.198912E-06,2.807763E-05,.001
2.823412,-1.406675E-05,-6.519287E-06,6.66667E-04
2.824412,2.002728E-05,-4.488067E-05,.001
2.825413,1.502043E-05,1.047557E-05,6.66667E-04
2.826413,-1.239782E-05,-2.215256E-05,6.66667E-04
2.827414,3.314042E-05,-2.188061E-05,-.001
2.828414,8.10629E-06,1.217617E-05,-.001
2.829415,-2.622619E-06,-1.566682E-05,-6.66667E-04
2.830415,4.458451E-05,2.774422E-05,-3.66667E-03
2.831416,7.391005E-06,2.817635E-05,-6.66667E-04
2.832416,4.768408E-07,2.50341E-06,-6.66667E-04
2.833417,2.336514E-05,1.750153E-05,6.66667E-04
2.834417,-7.152594E-07,2.209481E-05,.002
2.835418,-1.120573E-05,1.295103E-05,-.001
2.836418,-9.059964E-06,3.185146E-05,-.001
2.837419,-3.480935E-05,-5.075737E-06,-.001
2.838419,2.527249E-05,-3.724196E-05,-3.66667E-03
2.83942,1.740467E-05,7.912575E-06,-6.66667E-04
2.84042,-3.457093E-05,-8.864386E-06,.001
2.841421,-3.576293E-06,3.501787E-06,-.002
2.842421,9.536801E-06,1.807709E-05,6.66667E-04
2.843422,9.77522E-06,-2.166082E-05,.001
2.844422,5.960488E-05,-2.015394E-05,-.001
2.845423,4.458451E-05,7.636903E-06,-.002
2.846423,1.549732E-05,4.243135E-06,-6.66667E-04
2.847424,6.46119E-05,1.375383E-05,.001
2.848424,5.960488E-05,2.155092E-05,-.001
2.849425,9.846734E-05,-5.736976E-06,-6.66667E-04
2.850425,1.299391E-04,9.024574E-06,-6.66667E-04
2.851426,1.003747E-04,4.289323E-05,6.66667E-04
2.852426,1.208787E-04,-2.083008E-05,-6.66667E-04
2.853427,1.025205E-04,1.771383E-06,-.001
2.854427,1.266012E-04,1.059852E-06,.001
2.855428,1.633177E-04,-5.461113E-05,.002
2.856428,1.676092E-04,-3.210106E-05,-.002
2.857429,1.509199E-04,-2.107781E-05,-6.66667E-04
2.858429,1.676092E-04,-8.307456E-06,-2.33333E-03
2.85943,1.387605E-04,-3.835215E-06,-6.66667E-04
2.86043,9.179162E-05,-5.396112E-06,6.66667E-04
2.861431,1.006131E-04,-1.469447E-05,-.001
2.862431,7.86786E-05,3.693835E-05,.001
2.863432,4.410767E-05,-1.156708E-05,.001
2.864432,6.628083E-05,-6.035007E-07,-.002
2.865433,6.008171E-05,2.043147E-05,-.002
2.866433,6.485032E-05,-2.405245E-05,-.001
2.867434,9.179162E-05,-2.007012E-05,-6.66667E-04
2.868434,5.817437E-05,-1.402578E-05,.002
2.869435,5.86512E-05,-4.254677E-05,-.002
2.870435,6.747292E-05,-4.317641E-06,-6.66667E-04
2.871436,3.027928E-05,-2.283428E-05,-6.66667E-04
2.872436,1.33515E-05,-4.62553E-05,6.66667E-04
2.873437,4.482293E-05,-1.980006E-06,-6.66667E-04
2.874437,-1.215941E-05,-1.309632E-05,-.001
2.875438,-3.337875E-06,-1.396617E-05,-.001
2.876438,4.529982E-06,-3.125533E-06,.001
2.877439,1.931202E-05,-5.792856E-06,-.001
2.878439,7.176446E-05,-1.299015E-05,-3.66667E-03
2.87944,1.478201E-05,3.169314E-05,6.66667E-04
2.88044,7.152594E-07,-1.912576E-05,6.66667E-04
2.881441,3.910088E-05,-2.101634E-05,.001
2.882441,-1.883518E-05,1.948152E-05,-6.66667E-04
2.883442,-1.025206E-05,-2.617214E-05,6.66667E-04
2.884442,2.360356E-05,-7.804541E-06,-6.66667E-04
2.885443,-1.764309E-05,2.062705E-05,.001
2.886443,2.002728E-05,-6.42988E-06,-6.66667E-04
2.887444,2.312672E-05,1.814042E-05,-6.66667E-04
2.888444,-2.336514E-05,1.792621E-05,-6.66667E-04
2.889445,3.194832E-05,-1.739536E-05,-.002
2.890445,4.696869E-05,-1.193403E-05,.001
2.891446,6.914168E-06,-3.044133E-05,-.001
2.892446,3.147149E-05,8.147268E-06,-.002
2.893447,3.266358E-05,2.797332E-05,.002
2.894447,-3.337875E-06,-4.420086E-06,-6.66667E-04
2.895448,3.814721E-05,-1.820934E-05,-.001
2.896448,3.123307E-05,4.626648E-05,-6.66667E-04
2.897449,2.861035E-05,2.107595E-05,6.66667E-04
2.898449,2.789509E-05,2.156955E-05,-.001
2.89945,-3.2902E-05,1.939584E-05,-6.66667E-04
2.90045,-5.579018E-05,-3.86762E-05,-6.66667E-04
2.901451,-3.886246E-05,-1.847942E-05,-.002
2.902451,-3.671669E-05,2.65484E-05,-3.66667E-03
2.903452,-1.144415E-05,-9.309559E-06,.001
2.904452,1.90736E-05,2.061028E-05,6.66667E-04
2.905453,-3.147149E-05,2.633792E-05,6.66667E-04
2.906453,-9.536816E-07,-2.705504E-05,-.001
2.907454,1.430517E-05,-4.511356E-06,6.66667E-04
2.908454,-2.717983E-05,-1.33813E-05,-6.66667E-04
2.909455,-2.384204E-07,-6.221271E-07,-6.66667E-04
2.910455,-3.123307E-05,2.943922E-05,-.001
2.911456,-4.243874E-05,-4.166766E-06,-.001
2.912456,1.406675E-05,-2.634909E-05,-6.66667E-04
2.913457,2.717983E-05,6.934657E-06,.002
2.914457,4.768408E-07,-1.540233E-05,-.001
2.915458,1.90736E-05,8.292554E-06,.001
2.916458,-2.861038E-06,-2.980247E-06,-6.66667E-04
2.917459,-2.527249E-05,-1.850922E-05,6.66667E-04
2.918459,1.263624E-05,2.204825E-05,-2.33333E-03
2.91946,-2.336514E-05,5.460926E-05,-.002
2.92046,-2.717983E-05,1.221715E-05,-.002
2.921461,-1.025206E-05,3.183275E-06,-.001
2.922461,-3.838562E-05,-1.094496E-05,.001
2.923462,-3.886246E-05,-3.226311E-05,6.66667E-04
2.924462,-1.454359E-05,-1.44542E-06,6.66667E-04
2.925463,-3.218674E-05,-2.25754E-06,.001
2.926463,-2.908718E-05,1.060782E-05,-.001
2.927464,2.145782E-06,3.415928E-05,-2.33333E-03
2.928464,-1.120573E-05,1.57227E-05,-.001
2.929465,2.479565E-05,-2.223265E-05,-.001
2.930465,5.245238E-06,-2.408971E-05,-6.66667E-04
2.931466,-2.741825E-05,-1.623121E-05,-.001
2.932466,3.504776E-05,-3.406801E-05,-.001
2.933467,-1.740467E-05,1.492916E-05,-6.66667E-04
2.934467,-3.17099E-05,-2.305408E-05,-.001
2.935468,6.675749E-06,6.139308E-06,6.66667E-04
2.936468,-3.385567E-05,4.684762E-05,-.001
2.937469,-3.695511E-05,4.974217E-05,-.002
2.938469,3.576293E-06,2.014649E-05,.001
2.93947,-3.886246E-05,1.998444E-05,-.001
2.94047,1.430519E-06,-1.993414E-05,6.66667E-04
2.941471,6.437331E-06,-5.893438E-06,-6.66667E-04
2.942471,-4.267716E-05,-2.359986E-06,-.001
2.943472,-7.867871E-06,-5.26777E-05,6.66667E-04
2.944472,6.437331E-06,4.267349E-06,-.001
2.945473,7.152594E-07,1.838438E-06,-2.33333E-03
2.946473,3.671669E-05,-1.36905E-05,-.001
2.947474,3.695511E-05,2.457958E-05,.001
2.948474,-9.536801E-06,-1.868245E-05,6.66667E-04
2.949475,4.768408E-07,-3.195577E-05,-6.66667E-04
2.950475,-1.859677E-05,-2.820056E-05,6.66667E-04
2.951476,-4.029297E-05,-3.634975E-05,6.66667E-04
2.952476,3.361725E-05,-2.392952E-05,-.002
2.953477,2.145779E-05,1.037499E-05,6.66667E-04
2.954477,8.344708E-06,1.00304E-05,-6.66667E-04
2.955478,3.051781E-05,5.460926E-05,-.001
2.956478,-6.437331E-06,4.903623E-05,-6.66667E-04
2.957479,-3.194832E-05,-1.642678E-05,-6.66667E-04
2.958479,-7.867871E-06,1.459575E-05,-.002
2.95948,-5.531334E-05,1.592201E-05,.002
2.96048,-1.33515E-05,1.119828E-05,6.66667E-04
2.961481,1.096731E-05,7.661118E-06,-.001
2.962481,-5.006819E-06,-1.338689E-05,-.001
2.963482,1.168257E-05,-4.234561E-05,2.33333E-03
2.964482,9.536816E-07,-5.060836E-06,6.66667E-04
2.965483,-3.719353E-05,-2.499868E-05,-6.66667E-04
2.966483,-6.437331E-06,-2.56655E-05,.001
2.967484,-1.621258E-05,4.531845E-06,-.002
2.968484,-2.6703E-05,-2.121751E-05,-.002
2.969485,2.861035E-05,-3.021967E-05,6.66667E-04
2.970485,1.430519E-06,-1.594436E-05,-6.66667E-04
2.971486,2.193463E-05,-5.461113E-05,-.001
2.972486,3.194832E-05,-5.461113E-05,6.66667E-04
2.973487,3.099456E-06,-2.179865E-05,6.66667E-04
2.974487,7.629453E-06,1.674525E-06,-.002
2.975488,2.598774E-05,5.410449E-05,6.66667E-04
2.976488,1.430517E-05,5.085976E-05,.002
2.977489,5.340599E-05,2.468203E-05,.001
2.978489,6.938027E-05,5.460926E-05,-.001
2.97949,7.629453E-06,1.493288E-05,6.66667E-04
2.98049,2.217304E-05,6.737217E-06,.001
2.981491,-3.528618E-05,3.987201E-05,6.66667E-04
2.982491,-5.292916E-05,1.613058E-06,6.66667E-04
2.983492,-1.120573E-05,-2.584246E-05,.001
2.984492,-4.911446E-05,4.068046E-06,-6.66667E-04
2.985493,-3.886246E-05,4.865258E-06,6.66667E-04
2.986493,-2.312672E-05,1.262693E-05,-.001
2.987494,-3.361725E-05,3.115297E-05,-.002
2.988494,-2.384197E-05,-3.537373E-05,.001
2.989495,6.437331E-06,-3.70054E-05,-.001
2.990495,-1.907363E-06,-8.879288E-06,-2.33333E-03
2.991496,1.430519E-06,-2.449763E-05,-.001
2.992496,-3.004086E-05,-2.410833E-05,6.66667E-04
2.993497,-3.790879E-05,-5.147816E-05,-.001
2.994497,1.978886E-05,-4.303665E-05,-6.66667E-04
2.995498,4.243874E-05,-9.125157E-06,6.66667E-04
2.996498,1.716625E-05,-1.309818E-05,-.001
2.997499,2.527249E-05,-7.515802E-06,-6.66667E-04
2.998499,-5.245238E-06,5.874812E-06,-6.66667E-04
2.9995,-2.956402E-05,-2.747786E-05,-.001
3.0005,1.883518E-05,-3.562518E-05,-2.33333E-03
3.001501,1.1921E-06,-1.31019E-05,-.001
3.002501,-6.675749E-06,-3.688992E-05,-.001
3.003502,3.695511E-05,-4.649191E-06,6.66667E-04
3.004502,-1.740467E-05,2.166268E-05,.001
3.005503,-1.835835E-05,-2.326642E-05,-3.66667E-03
3.006503,-1.072889E-05,-2.899219E-05,-2.33333E-03
3.007504,-5.98433E-05,1.614925E-05,-.001
3.008504,-3.862404E-05,-3.002223E-05,-6.66667E-04
3.009505,2.717983E-05,-4.023151E-05,-6.66667E-04
3.010505,4.696869E-05,-4.542829E-05,-.002
3.011506,6.771134E-05,-3.789202E-05,-6.66667E-04
3.012506,7.796334E-05,2.904807E-05,.001
3.013507,3.910088E-05,-7.502764E-06,-2.33333E-03
3.014507,5.841278E-05,-2.695259E-05,-6.66667E-04
3.015508,4.83992E-05,-7.210328E-06,-6.66667E-04
3.016508,3.457093E-05,-2.748531E-05,-.001
3.017509,8.13012E-05,-2.502103E-05,-.002
3.018509,2.098095E-05,4.271255E-05,-6.66667E-04
3.01951,9.77522E-06,5.099952E-06,-6.66667E-04
3.02051,4.553818E-05,-1.998633E-06,6.66667E-04
3.021511,4.982972E-05,-2.577913E-05,.002
3.022511,4.744553E-05,-5.461113E-05,6.66667E-04
3.023512,6.413506E-05,-8.674397E-06,-.001
3.024512,5.698227E-05,-8.311181E-06,.002
3.025513,1.111035E-04,-3.846944E-05,.001
3.026513,2.093324E-04,-3.112495E-06,.001
3.027514,1.945505E-04,-2.51272E-05,-.002
3.028514,2.286443E-04,-3.491365E-05,6.66667E-04
3.029515,2.772827E-04,-2.334092E-05,-.001
3.030515,2.768058E-04,-1.691666E-05,-6.66667E-04
3.031516,3.497619E-04,-5.461113E-05,-.001
3.032516,3.986377E-04,-1.632061E-05,6.66667E-04
3.033517,4.308242E-04,-4.967139E-05,-6.66667E-04
3.034517,5.049743E-04,-3.405684E-05,-6.66667E-04
3.035518,4.584808E-04,8.259027E-06,6.66667E-04
3.036518,3.621597E-04,-2.134417E-05,-.001
3.037519,3.216285E-04,-1.089467E-05,-.002
3.038519,2.768058E-04,-5.925103E-06,-.002
3.03952,2.21015E-04,-4.368671E-05,-.001
3.04052,1.95981E-04,1.188932E-05,-.001
3.041521,1.251707E-04,1.356757E-05,.002
3.042521,8.678483E-05,-2.005149E-05,-.002
3.043522,9.465264E-05,2.438773E-05,-.001
3.044522,6.485032E-05,1.554016E-05,-.001
3.045523,7.128762E-05,1.83509E-05,-.002
3.046523,7.629441E-05,4.823343E-05,-6.66667E-04
3.047524,3.719353E-05,2.943364E-05,6.66667E-04
3.048524,6.747292E-05,-1.28337E-06,-.001
3.049525,4.601502E-05,2.391462E-05,6.66667E-04
3.050525,1.382834E-05,2.282497E-05,-.001
3.051526,2.717983E-05,-1.146464E-05,-6.66667E-04
3.052526,-1.168257E-05,-1.500925E-05,-.001
3.053527,-2.169621E-05,-4.788884E-05,.001
3.054527,8.10629E-06,-5.461113E-05,6.66667E-04
3.055528,-2.3842E-06,-1.501857E-05,-2.33333E-03
3.056528,-6.198912E-06,-8.340983E-06,-.001
3.057529,1.502043E-05,-8.679963E-07,-.001
3.058529,-3.457093E-05,-1.490123E-06,-.001
3.05953,-1.931202E-05,-5.461113E-05,.001
3.06053,-6.675749E-06,-5.345821E-06,-6.66667E-04
3.061531,-2.455723E-05,3.726059E-05,.001
3.062531,-8.10629E-06,1.394941E-05,-.001
3.063532,1.33515E-05,1.273124E-05,-6.66667E-04
3.064532,-6.914168E-06,-3.335648E-05,-.002
3.065533,1.835835E-05,-4.293979E-05,.001
3.066533,3.409409E-05,8.313044E-06,.001
3.067534,-1.883518E-05,-5.321606E-06,-.001
3.068534,-4.768401E-06,1.508376E-05,2.33333E-03
3.069535,2.145782E-06,4.4076E-05,.001
3.070535,-7.152586E-06,8.473231E-06,-6.66667E-04
3.071536,6.341981E-05,2.732885E-05,-6.66667E-04
3.072536,4.291558E-05,4.620128E-05,.001
3.073537,2.694142E-05,-7.551193E-06,-2.33333E-03
3.074537,4.57766E-05,-2.83496E-06,-6.66667E-04
3.075538,2.455723E-05,-1.416175E-05,-.001
3.076538,3.862404E-05,-2.308202E-05,-.001
3.077539,5.102181E-05,2.721709E-05,.001
3.078539,4.768401E-06,4.78889E-06,6.66667E-04
3.07954,1.883518E-05,-4.296401E-05,.001
3.08054,3.862404E-05,-4.244433E-05,-.002
3.081541,-1.478201E-05,-4.199543E-05,-.001
3.082541,2.646458E-05,-5.461113E-05,6.66667E-04
3.083542,9.77522E-06,-1.423253E-05,-6.66667E-04
3.084542,-1.502043E-05,-1.775112E-05,-.001
3.085543,1.931202E-05,-1.976278E-05,.002
3.086543,2.93256E-05,1.474103E-05,6.66667E-04
3.087544,5.149865E-05,-1.661305E-05,-3.66667E-03
3.088544,3.576302E-05,1.615856E-05,-6.66667E-04
3.089545,-2.02657E-05,5.837559E-06,.001
3.090545,-4.529976E-05,-2.89568E-05,6.66667E-04
3.091546,-2.55109E-05,4.127651E-06,-.001
3.092546,-3.719353E-05,2.874259E-05,-6.66667E-04
3.093547,-2.598774E-05,8.123054E-06,.001
3.094547,-5.722075E-06,1.841795E-05,6.66667E-04
3.095548,-2.717983E-05,2.623547E-05,.001
3.096548,7.152586E-06,-7.528841E-06,.001
3.097549,2.241146E-05,1.708057E-05,-.002
3.098549,-2.622619E-06,7.052004E-06,-6.66667E-04
3.09955,3.695511E-05,1.933996E-05,.001
3.10055,2.646458E-05,5.460926E-05,-6.66667E-04
3.101551,-1.454359E-05,5.053385E-06,6.66667E-04
3.102551,3.695511E-05,-2.954912E-05,.002
3.103552,3.790879E-05,1.434429E-05,-.002
3.104552,3.957772E-05,5.601003E-06,-.001
3.105553,3.17099E-05,3.799811E-06,6.66667E-04
3.106553,-2.980244E-05,2.261635E-05,-6.66667E-04
3.107554,-4.148507E-05,-5.105539E-06,-6.66667E-04
3.108554,1.549732E-05,-1.230655E-05,-6.66667E-04
3.109555,-3.719353E-05,-5.36631E-06,-.001
3.110555,-2.241146E-05,-3.980502E-06,-6.66667E-04
3.111556,1.907363E-06,3.838941E-06,-.002
3.112556,-2.694142E-05,9.808748E-06,-6.66667E-04
3.113557,4.291564E-06,9.797586E-07,6.66667E-04
3.114557,-5.245238E-06,5.240017E-05,-.002
3.115558,-3.409409E-05,2.648696E-06,-6.66667E-04
3.116558,4.291564E-06,-5.081325E-06,-6.66667E-04
3.117559,-8.344708E-06,-4.811242E-06,3.66667E-03
3.118559,-2.503407E-05,-1.216313E-05,-.001
3.11956,1.931202E-05,-2.860476E-05,.001
3.12056,6.914168E-06,-4.000991E-06,.001
3.121561,-2.717983E-05,-1.905684E-05,-.001
3.122561,2.908718E-05,1.499808E-05,6.66667E-04
3.123562,-1.049048E-05,1.723517E-05,-6.66667E-04
3.124562,-1.1921E-06,-1.394941E-05,-6.66667E-04
3.125563,-2.861038E-06,-3.898545E-06,2.33333E-03
3.126563,-4.3154E-05,4.40164E-05,-2.33333E-03
3.127564,-1.835835E-05,1.143671E-06,6.66667E-04
3.128564,-5.722075E-06,1.264369E-05,-.001
3.129565,-1.025206E-05,1.182787E-06,-.002
3.130565,4.816079E-05,-3.063702E-05,6.66667E-04
3.131566,4.148507E-05,1.847011E-05,-.002
3.132566,-2.956402E-05,1.835835E-05,-.002
3.133567,-1.263624E-05,1.610268E-05,6.66667E-04
3.134567,-1.454359E-05,3.795908E-05,-6.66667E-04
3.135568,-1.406675E-05,-1.737115E-05,6.66667E-04
3.136568,2.264988E-05,-4.23661E-05,-2.33333E-03
3.137569,-2.861038E-06,-2.916169E-05,6.66667E-04
3.138569,9.536816E-07,-3.600144E-05,.001
3.13957,4.363083E-05,-1.628895E-05,.001
3.14057,2.622619E-06,1.572084E-05,-6.66667E-04
3.141571,8.10629E-06,-1.722958E-05,-.002
3.142571,5.793595E-05,-8.279516E-06,.002
3.143572,2.598774E-05,-2.499684E-06,-.001
3.144572,4.076981E-05,-3.412389E-05,6.66667E-04
3.145573,1.978886E-05,-1.380227E-06,-6.66667E-04
3.146573,-1.811993E-05,5.681104E-07,-.002
3.147574,-1.883518E-05,-3.927411E-05,-6.66667E-04
3.148574,-1.358992E-05,-.0000463,-6.66667E-04
3.149575,-4.029297E-05,-5.461113E-05,-.001
3.150575,7.152586E-06,-5.220273E-05,-.001
3.151576,4.863762E-05,2.92008E-05,6.66667E-04
3.152576,2.622619E-06,1.99565E-05,-6.66667E-04
3.153577,2.646458E-05,1.421763E-05,-.002
3.154577,1.955044E-05,1.674157E-05,-.001
3.155578,1.430519E-06,-1.270702E-05,-2.33333E-03
3.156578,2.574932E-05,-9.372889E-06,6.66667E-04
3.157579,-2.121937E-05,1.080154E-05,-.002
3.158579,-3.075623E-05,-4.18353E-06,6.66667E-04
3.15958,-6.675749E-06,2.484783E-06,-6.66667E-04
3.16058,-6.198912E-06,5.103684E-07,-.001
3.161581,3.17099E-05,-3.64373E-05,-6.66667E-04
3.162581,2.479565E-05,1.737855E-06,-6.66667E-04
3.163582,3.814726E-06,4.747161E-05,6.66667E-04
3.164582,3.576293E-06,1.15913E-05,-2.33333E-03
3.165583,1.454359E-05,3.715628E-05,-.001
3.166583,7.152586E-06,9.5219E-06,-.001
3.167584,2.93256E-05,-4.754798E-05,-.001
3.168584,1.287466E-05,6.703689E-06,-6.66667E-04
3.169585,3.814726E-06,-3.346638E-05,.001
3.170585,2.479565E-05,-4.141429E-05,-.001
3.171586,3.051781E-05,-1.785543E-05,.002
3.172586,1.478201E-05,-4.965463E-05,-6.66667E-04
3.173587,5.579018E-05,-1.014589E-05,-.001
3.174587,5.22139E-05,1.895626E-05,-.002
3.175588,1.33515E-05,2.039981E-05,-.001
3.176588,3.576302E-05,5.460926E-05,-6.66667E-04
3.177589,-2.384204E-07,2.142985E-05,6.66667E-04
3.178589,-7.391005E-06,1.630199E-05,-3.66667E-03
3.17959,2.098095E-05,3.734813E-05,-6.66667E-04
3.18059,-4.506134E-05,1.622189E-05,.001
3.181591,-1.502043E-05,-1.432939E-05,-.002
3.182591,-2.384204E-07,1.070282E-05,-.001
3.183592,-4.076981E-05,-9.77896E-07,-.001
3.184592,5.960494E-06,-2.418098E-05,6.66667E-04
3.185593,4.291564E-06,3.444054E-05,-6.66667E-04
3.186593,5.006819E-06,1.125416E-05,6.66667E-04
3.187594,3.218674E-05,-4.129321E-05,-.001
3.188594,1.072889E-05,3.332287E-06,-.002
3.189595,0,-1.3467E-06,-6.66667E-04
3.190595,7.152586E-06,1.318014E-05,-3.66667E-03
3.191596,-2.3842E-06,1.445046E-05,6.66667E-04
3.192596,-2.55109E-05,-3.809691E-05,6.66667E-04
3.193597,2.431881E-05,-1.396993E-07,-6.66667E-04
3.194597,1.931202E-05,8.279516E-06,6.66667E-04
3.195598,1.931202E-05,-2.625783E-05,-6.66667E-04
3.196598,2.956402E-05,-3.099456E-06,-6.66667E-04
3.197599,-3.93393E-05,2.196815E-05,-.002
3.198599,-2.884876E-05,8.022471E-06,.002
3.1996,3.099456E-06,7.186114E-06,.001
3.2006,-5.722075E-06,-3.095731E-06,-.001
3.201601,8.344708E-06,-2.872024E-05,-3.66667E-03
3.202601,1.168257E-05,2.624106E-05,-.001
3.203602,-3.457093E-05,4.580274E-06,.001
3.204602,-1.525891E-05,-2.499868E-05,.001
3.205603,-3.528618E-05,1.066743E-05,.001
3.206603,-2.002728E-05,-2.22699E-05,-.001
3.207604,2.527249E-05,6.163522E-06,-6.66667E-04
3.208604,-9.059964E-06,5.029165E-05,6.66667E-04
3.209605,-5.960494E-06,-4.047557E-06,.001
3.210605,2.312672E-05,1.344091E-05,2.33333E-03
3.211606,-3.576293E-06,7.435709E-06,-.002
3.212606,-1.668942E-05,-3.835955E-05,.002
3.213607,-1.025206E-05,1.750894E-06,2.33333E-03
3.214607,-3.17099E-05,2.574374E-05,-.002
3.215608,2.598774E-05,4.161731E-05,.002
3.216608,4.982972E-05,5.460926E-05,-6.66667E-04
3.217609,-6.914168E-06,1.103996E-05,-6.66667E-04
3.218609,4.768401E-06,-1.571898E-05,-.002
3.21961,4.053145E-06,1.313543E-05,.001
3.22061,-4.053145E-06,-4.15484E-05,.002
3.221611,3.147149E-05,-1.744938E-05,-6.66667E-04
3.222611,-1.072889E-05,1.350237E-05,-6.66667E-04
3.223612,-5.269074E-05,-3.694394E-05,-.002
3.224612,3.218674E-05,-3.388547E-05,-6.66667E-04
3.225613,2.121937E-05,1.918909E-05,.001
3.226614,2.384197E-05,1.700048E-05,6.66667E-04
3.227614,5.197548E-05,5.460926E-05,-.002
3.228614,2.598774E-05,3.662729E-05,-3.66667E-03
3.229615,-4.529982E-06,-2.142612E-05,6.66667E-04
3.230615,2.193463E-05,-3.326699E-06,-6.66667E-04
3.231616,2.384204E-07,-1.576927E-05,-.002
3.232616,2.598774E-05,-5.461113E-05,.001
3.233617,7.009553E-05,-3.461377E-05,-6.66667E-04
3.234617,7.343339E-05,-5.461113E-05,-.002
3.235618,1.108651E-04,-5.461113E-05,-6.66667E-04
3.236619,7.796334E-05,-1.669314E-05,-.002
3.237619,3.981614E-05,-2.841104E-05,-.001
3.238619,1.044278E-04,-4.183338E-05,.001
3.23962,1.211171E-04,-1.8336E-05,6.66667E-04
3.24062,1.628408E-04,-2.054509E-05,-6.66667E-04
3.241621,2.496261E-04,-2.488133E-05,.001
3.242621,2.613086E-04,6.3591E-06,-2.33333E-03
3.243622,2.970714E-04,-4.164525E-05,-6.66667E-04
3.244622,3.795642E-04,-4.217797E-05,-.001
3.245623,3.922004E-04,-3.537186E-05,-6.66667E-04
3.246624,5.033053E-04,-5.362951E-05,6.66667E-04
3.247624,5.78884E-04,8.182658E-06,6.66667E-04
3.248624,6.060638E-04,1.189118E-05,-.002
3.249625,6.532706E-04,-5.461113E-05,-.002
3.250625,6.423034E-04,-3.158697E-05,-.002
3.251626,6.046332E-04,-3.510551E-05,6.66667E-04
3.252626,5.919971E-04,-5.297386E-05,-6.66667E-04
3.253627,5.388297E-04,-7.486E-06,-6.66667E-04
3.254627,4.527587E-04,-3.421144E-05,-6.66667E-04
3.255628,4.565734E-04,-3.413134E-05,-.001
3.256629,3.58345E-04,-1.18204E-05,-.001
3.257629,2.656002E-04,-4.583062E-05,6.66667E-04
3.258629,2.434263E-04,-3.922195E-05,.002
3.25963,1.411447E-04,8.920266E-06,-6.66667E-04
3.26063,8.89306E-05,-3.588037E-05,-.004
3.261631,9.727525E-05,-3.528059E-05,-6.66667E-04
3.262631,5.793595E-05,-1.125975E-05,2.33333E-03
3.263632,6.628083E-05,-4.673027E-05,-6.66667E-04
3.264632,6.19893E-05,-5.070143E-05,-.001
3.265633,9.77522E-06,-5.461113E-05,-.002
3.266634,4.100823E-05,-5.461113E-05,-6.66667E-04
3.267634,6.079697E-05,-5.900889E-06,.001
3.268634,2.741825E-05,-6.91045E-07,-6.66667E-04
3.269635,2.741825E-05,-4.293426E-06,-6.66667E-04
3.270635,3.314042E-05,3.057742E-05,-.001
3.271636,1.096731E-05,-1.103064E-05,-.002
3.272636,6.532716E-05,-3.634975E-05,.002
3.273637,4.363083E-05,-7.728173E-06,-6.66667E-04
3.274637,-2.145782E-06,-5.187496E-06,6.66667E-04
3.275638,2.527249E-05,-1.745306E-06,-.001
3.276639,9.536816E-07,2.004218E-05,-3.66667E-03
3.277639,1.096731E-05,-9.032025E-06,6.66667E-04
3.278639,2.765667E-05,1.279457E-05,-.001
3.27964,-1.621258E-05,3.747852E-05,-.001
3.28064,-2.408039E-05,2.166827E-05,-6.66667E-04
3.281641,5.960494E-06,3.970065E-05,6.66667E-04
3.282641,-2.956402E-05,1.18465E-06,-.002
3.283642,1.478201E-05,-2.225128E-05,-6.66667E-04
3.284642,1.764309E-05,-9.670912E-06,6.66667E-04
3.285643,-3.337875E-06,-2.933678E-05,-.001
3.286644,2.408039E-05,-3.651553E-05,-.001
3.287644,1.907363E-06,1.707126E-05,-.002
3.288644,-1.907363E-06,-2.438587E-05,-2.33333E-03
3.289645,4.339241E-05,-5.461113E-05,-6.66667E-04
3.290645,8.583127E-06,-1.39699E-05,6.66667E-04
3.291646,1.287466E-05,-2.971489E-05,6.66667E-04
3.292646,5.102181E-05,-2.469134E-05,-.001
3.293647,2.574932E-05,-1.726497E-05,-6.66667E-04
3.294647,-2.193463E-05,-4.373142E-05,-6.66667E-04
3.295648,1.692784E-05,1.050539E-06,6.66667E-04
3.296649,8.10629E-06,2.922505E-06,-.002
3.297649,3.814726E-06,-3.813417E-05,-2.33333E-03
3.298649,9.77522E-06,2.627645E-05,-.001
3.29965,-2.074253E-05,1.648266E-05,6.66667E-04
3.30065,1.931202E-05,-3.271387E-05,-.002
3.301651,5.006819E-06,-3.679865E-05,-6.66667E-04
3.302651,-3.17099E-05,3.552079E-06,.001
3.303652,-1.692784E-05,-5.181908E-06,.002
3.304652,-2.598774E-05,2.755795E-05,-6.66667E-04
3.305653,-1.668942E-05,7.744937E-06,-6.66667E-04
3.306653,3.266358E-05,-3.129258E-06,-3.66667E-03
3.307654,1.239782E-05,2.068665E-05,-.001
3.308654,-4.291564E-06,4.673406E-06,.002
3.309655,1.1921E-06,1.814414E-05,.002
3.310655,-1.33515E-05,3.565871E-05,6.66667E-04
3.311656,-1.883518E-05,-2.574746E-05,-.001
3.312656,7.152586E-06,-3.08828E-06,6.66667E-04
3.313657,-5.078339E-05,-1.489191E-05,-.001
3.314657,-4.053139E-05,-5.461113E-05,-6.66667E-04
3.315658,2.02657E-05,-2.607901E-05,-.001
3.316658,-2.384204E-07,-1.876813E-05,-6.66667E-04
3.317659,4.768408E-07,-3.307336E-05,-6.66667E-04
3.318659,-1.478201E-05,2.4384E-05,-6.66667E-04
3.31966,-5.149865E-05,1.717929E-05,.002
3.32066,-2.765667E-05,6.536051E-06,-6.66667E-04
3.321661,-2.145779E-05,-6.573304E-06,-.002
3.322661,1.931202E-05,-2.570834E-05,-6.66667E-04
3.323662,7.22413E-05,1.29976E-05,-.001
3.324662,1.931202E-05,2.61293E-05,-2.33333E-03
3.325663,-5.292916E-05,1.750526E-05,-2.33333E-03
3.326663,1.096731E-05,3.077486E-05,-.001
3.327664,1.406675E-05,1.596112E-05,6.66667E-04
3.328664,6.914168E-06,-2.653163E-05,6.66667E-04
3.329665,5.149865E-05,-5.472481E-06,.001
3.330665,-4.053145E-06,1.60971E-05,.002
3.331666,-6.437331E-06,-1.851853E-05,.002
3.332666,1.025206E-05,-9.590818E-06,-6.66667E-04
3.333667,-2.098095E-05,-3.994466E-05,-6.66667E-04
3.334667,9.536801E-06,-5.212822E-05,6.66667E-04
3.335668,6.675749E-06,7.998256E-06,-.002
3.336668,-1.955044E-05,4.740828E-05,-.002
3.337669,-4.768401E-06,2.057676E-05,-.002
3.338669,-4.291564E-06,4.251138E-05,.001
3.33967,3.814726E-06,2.926413E-05,-6.66667E-04
3.34067,2.145779E-05,-6.599381E-06,-.001
3.341671,1.668937E-06,2.568413E-05,6.66667E-04
3.342671,-3.004086E-05,-6.109512E-07,-.001
3.343672,1.096731E-05,2.043892E-05,-6.66667E-04
3.344672,-2.3842E-06,4.41561E-05,.001
3.345673,-1.072889E-05,-1.555693E-05,.001
3.346673,3.767037E-05,-1.127465E-05,.001
3.347674,2.408039E-05,-2.296656E-06,-.002
3.348674,2.098095E-05,-1.10679E-05,-.002
3.349675,2.002728E-05,3.62529E-05,-6.66667E-04
3.350675,-3.147149E-05,1.402205E-05,-3.66667E-03
3.351676,-1.144415E-05,-1.659442E-05,-6.66667E-04
3.352676,2.193463E-05,1.152983E-05,6.66667E-04
3.353677,9.536816E-07,-4.434987E-06,-6.66667E-04
3.354677,3.600144E-05,-3.231704E-06,-.002
3.355678,3.099465E-05,5.460926E-05,-.002
3.356678,-2.503407E-05,2.439518E-05,6.66667E-04
3.357679,2.861038E-06,-1.076615E-05,-6.66667E-04
3.358679,6.437331E-06,-3.403067E-06,-6.66667E-04
3.35968,-3.242516E-05,-4.935102E-05,-.002
3.36068,0,-2.668996E-05,.001
3.361681,-9.77522E-06,3.91847E-05,-.002
3.362681,2.074253E-05,1.982239E-05,6.66667E-04
3.363682,5.60286E-05,1.4538E-05,-.002
3.364682,1.668942E-05,8.771254E-06,-.002
3.365683,5.435967E-05,-5.897164E-06,-.002
3.366683,9.632157E-05,1.78573E-05,-6.66667E-04
3.367684,2.789509E-05,2.763246E-05,6.66667E-04
3.368684,6.175088E-05,-3.372529E-05,2.33333E-03
3.369685,6.413506E-05,-1.168629E-05,-6.66667E-04
3.370685,8.487748E-05,-1.704891E-05,6.66667E-04
3.371686,1.494894E-04,-1.435546E-05,-.001
3.372686,1.52112E-04,5.785405E-06,-6.66667E-04
3.373687,9.79905E-05,-2.181914E-05,-6.66667E-04
3.374687,1.018052E-04,-1.727056E-05,-6.66667E-04
3.375688,8.201646E-05,2.655026E-05,-.001
3.376688,8.51159E-05,-1.693342E-05,.001
3.377689,1.635561E-04,4.321366E-06,-.001
3.378689,1.382837E-04,2.217863E-05,.001
3.37969,1.106267E-04,-3.32112E-05,-.001
3.38069,1.060967E-04,-2.079655E-05,-6.66667E-04
3.381691,3.242516E-05,-5.394249E-06,.002
3.382691,8.10629E-06,-4.408159E-05,.002
3.383692,3.242516E-05,-4.133419E-05,-6.66667E-04
3.384692,-1.764309E-05,-9.570329E-06,-6.66667E-04
3.385693,1.978886E-05,-1.699489E-05,-6.66667E-04
3.386693,3.433251E-05,2.30131E-05,-.001
3.387694,-6.914168E-06,-1.895253E-05,.002
3.388694,1.859677E-05,-2.600078E-05,-.002
3.389695,2.980244E-05,7.804541E-06,-6.66667E-04
3.390696,8.821546E-06,-1.926173E-05,.002
3.391696,5.745911E-05,-1.22097E-05,-6.66667E-04
3.392696,2.098095E-05,6.668299E-06,6.66667E-04
3.393697,-1.621258E-05,-9.879528E-06,-.001
3.394697,-2.861038E-06,-2.973725E-05,6.66667E-04
3.395698,-5.960494E-06,-1.358433E-05,6.66667E-04
3.396698,1.1921E-06,-5.461113E-05,-.002
3.397699,3.600144E-05,-1.740095E-05,-.001
3.398699,-6.675749E-06,9.022711E-06,-.002
3.3997,7.629453E-06,-4.329183E-05,-.001
3.400701,7.867871E-06,-1.363464E-06,-.001
3.401701,-5.006819E-06,-9.385927E-06,-.002
3.402701,7.152586E-06,-4.781992E-05,-.002
3.403702,3.337875E-06,2.114117E-06,-6.66667E-04
3.404702,-2.002728E-05,-5.31043E-06,.001
3.405703,1.6451E-05,-3.313483E-05,-.002
3.406703,2.28883E-05,-1.144601E-05,6.66667E-04
3.407704,5.722075E-06,-4.669675E-05,-.001
3.408704,2.598774E-05,-2.187688E-05,.001
3.409705,-3.337875E-06,2.650559E-06,6.66667E-04
3.410706,-2.360356E-05,-3.081025E-05,-2.33333E-03
3.411706,7.391005E-06,1.585309E-05,-.001
3.412706,-1.382834E-05,5.460926E-05,-.001
3.413707,2.3842E-06,2.369299E-06,-6.66667E-04
3.414707,2.813351E-05,1.594063E-05,6.66667E-04
3.415708,-1.454359E-05,-1.166023E-06,-6.66667E-04
3.416708,-1.668937E-06,-5.461113E-05,.002
3.417709,-1.287466E-05,-5.461113E-05,.002
3.418709,-1.120573E-05,-4.422315E-05,-6.66667E-04
3.41971,3.862404E-05,-5.332963E-05,6.66667E-04
3.420711,4.816079E-05,5.362584E-06,-6.66667E-04
3.421711,3.600144E-05,1.66801E-05,-.001
3.422711,3.314042E-05,-2.883386E-05,6.66667E-04
3.423712,-7.152594E-07,-1.740467E-05,6.66667E-04
3.424712,-1.144415E-05,-5.461113E-05,-.002
3.425713,2.741825E-05,-4.81999E-05,-.002
3.426713,9.536801E-06,1.403695E-05,-.001
3.427714,-1.358992E-05,-4.371657E-06,-2.33333E-03
3.428714,-7.152586E-06,-2.367247E-05,2.33333E-03
3.429715,-2.598774E-05,-1.207745E-05,-6.66667E-04
3.430716,-1.573574E-05,-3.664219E-05,6.66667E-04
3.431716,1.549732E-05,-1.400342E-05,-6.66667E-04
3.432716,1.406675E-05,-5.029171E-06,-6.66667E-04
3.433717,1.144415E-05,-1.354149E-05,-.001
3.434717,-5.960494E-06,5.699723E-06,-6.66667E-04
3.435718,-8.153962E-05,-1.42139E-05,-2.33333E-03
3.436718,-4.816079E-05,-5.461113E-05,-.002
3.437719,-2.717983E-05,-1.33813E-05,-6.66667E-04
3.438719,-5.054497E-05,2.245989E-05,-6.66667E-04
3.43972,2.312672E-05,-1.254497E-05,-.002
3.440721,-7.152594E-07,-1.158944E-05,.001
3.441721,-4.19619E-05,-4.599825E-05,-6.66667E-04
3.442721,1.549732E-05,-4.594424E-05,6.66667E-04
3.443722,3.361725E-05,-3.501791E-07,2.33333E-03
3.444722,3.695511E-05,-1.080154E-05,-6.66667E-04
3.445723,1.764309E-05,-7.743074E-06,-6.66667E-04
3.446723,-1.215941E-05,-4.947215E-06,-.002
3.447724,-1.668937E-06,-2.419774E-05,-6.66667E-04
3.448724,1.716625E-05,-1.329934E-05,-6.66667E-04
3.449725,-1.764309E-05,-1.486583E-05,6.66667E-04
3.450726,-2.884876E-05,-4.021847E-05,.001
3.451726,5.483656E-06,2.029736E-05,-6.66667E-04
3.452726,1.1921E-06,-1.204392E-05,-.001
3.453727,5.483656E-06,-3.35949E-05,-6.66667E-04
3.454727,3.910088E-05,2.238166E-05,-6.66667E-04
3.455728,2.002728E-05,-2.227738E-06,3.66667E-03
3.456728,5.459809E-05,1.475593E-05,.002
3.457729,3.862404E-05,3.95088E-05,.001
3.458729,1.454359E-05,8.0709E-06,.001
3.45973,3.647828E-05,-1.277408E-05,-6.66667E-04
3.460731,4.291558E-05,-2.233326E-06,.002
3.461731,6.294297E-05,-2.772745E-05,-.002
3.462731,1.277933E-04,-5.461113E-05,-.002
3.463732,1.041894E-04,-5.461113E-05,6.66667E-04
3.464732,1.328001E-04,-5.461113E-05,6.66667E-04
3.465733,2.031336E-04,-5.461113E-05,-.002
3.466733,1.912126E-04,-4.083314E-05,-.001
3.467734,2.191076E-04,-5.461113E-05,-6.66667E-04
3.468734,2.181539E-04,-5.461113E-05,-3.66667E-03
3.469735,1.628408E-04,-5.461113E-05,-6.66667E-04
3.470736,1.981268E-04,-5.461113E-05,-6.66667E-04
3.471736,1.964578E-04,-2.178748E-05,-.002
3.472736,1.640329E-04,-1.748663E-05,.001
3.473737,1.626024E-04,-4.837319E-06,-6.66667E-04
3.474737,1.31608E-04,3.571087E-05,6.66667E-04
3.475738,9.846734E-05,1.09282E-05,-6.66667E-04
3.476738,1.189713E-04,8.381949E-08,-.001
3.477739,5.364441E-05,2.223451E-05,-6.66667E-04
3.478739,4.768401E-06,-8.439703E-06,-2.33333E-03
3.47974,-9.536816E-07,7.515802E-06,-6.66667E-04
3.480741,1.096731E-05,6.677612E-06,.001
3.481741,3.814721E-05,-2.583687E-05,.001
3.482741,3.886246E-05,-1.534272E-05,6.66667E-04
3.483742,1.072889E-05,-4.012167E-06,.001
3.484742,1.239782E-05,-3.947527E-05,-.001
3.485743,2.431881E-05,-3.214763E-05,.001
3.486743,-1.716625E-05,-2.685573E-05,.001
3.487744,-2.455723E-05,-5.461113E-05,-.002
3.488744,-3.051781E-05,-9.227602E-06,-2.33333E-03
3.489745,-5.006813E-05,-3.688806E-05,.001
3.490746,-4.768401E-06,-9.566604E-06,6.66667E-04
3.491746,-5.483656E-06,3.402703E-05,-6.66667E-04
3.492746,-2.861038E-06,7.286697E-06,6.66667E-04
3.493747,8.058595E-05,-2.273929E-05,.002
3.494747,7.414864E-05,2.038118E-05,.002
3.495748,2.861035E-05,-4.427537E-06,-.001
3.496748,5.936646E-05,5.787268E-06,-2.33333E-03
3.497749,2.813351E-05,7.102295E-06,-6.66667E-04
3.498749,4.19619E-05,-4.585483E-05,-6.66667E-04
3.49975,6.365823E-05,-4.106411E-05,.001
3.500751,3.862404E-05,-1.757604E-05,.001
3.501751,4.792237E-05,-2.883759E-05,.001
3.502751,3.2902E-05,-3.974914E-06,6.66667E-04
3.503752,-2.861038E-06,1.277035E-05,-6.66667E-04
3.504752,8.10629E-06,-1.439272E-05,-6.66667E-04
3.505753,1.597416E-05,1.516758E-05,-.001
3.506753,-5.722075E-06,-2.40748E-05,-.002
3.507754,5.626702E-05,-3.223703E-05,-6.66667E-04
3.508754,6.818818E-05,3.333786E-05,6.66667E-04
3.509755,3.027928E-05,-2.67924E-05,-.001
3.510756,6.270455E-05,-2.614234E-05,.001
3.511756,2.765667E-05,-2.1482E-05,-6.66667E-04
3.512756,-1.001364E-05,-4.416727E-05,6.66667E-04
3.513757,2.384197E-05,-8.551462E-06,-.001
3.514757,5.483656E-06,-1.490127E-08,-.002
3.515758,-2.3842E-06,-1.532969E-05,-6.66667E-04
3.516758,2.503407E-05,2.455909E-05,-.001
3.517759,2.980244E-05,5.460926E-05,6.66667E-04
3.518759,3.027928E-05,4.265108E-05,-6.66667E-04
3.51976,8.821546E-06,5.460926E-05,-.001
3.520761,-3.93393E-05,5.457015E-05,.001
3.521761,-9.059964E-06,-2.513651E-05,6.66667E-04
3.522761,1.120573E-05,2.143916E-05,6.66667E-04
3.523762,-5.722069E-05,4.434987E-06,6.66667E-04
3.524762,-1.955044E-05,9.380339E-06,-3.66667E-03
3.525763,-1.955044E-05,4.045316E-05,-.001
3.526763,-3.337875E-06,4.47224E-06,.002
3.527764,4.768395E-05,-2.748345E-05,-.002
3.528764,3.457093E-05,1.116103E-05,-6.66667E-04
3.529765,-9.536801E-06,-2.504897E-05,-.001
3.530766,4.816079E-05,2.849862E-06,-6.66667E-04
3.531766,5.483656E-06,3.356137E-05,-6.66667E-04
3.532766,6.437331E-06,-1.709734E-05,-6.66667E-04
3.533767,-2.861038E-06,-5.336507E-06,.001
3.534767,3.814726E-06,-1.109956E-05,-.002
3.535768,4.243874E-05,-2.318632E-05,-.001
3.536768,2.169621E-05,-4.999369E-06,.002
3.537769,-1.788151E-05,-1.581956E-05,-6.66667E-04
3.538769,2.455723E-05,-8.843897E-06,-.002
3.53977,2.408039E-05,9.497686E-06,-6.66667E-04
3.540771,-2.598774E-05,-2.821174E-05,-.001
3.541771,5.960494E-06,-4.069158E-05,2.33333E-03
3.542771,-1.668942E-05,2.714631E-05,-.001
3.543772,-3.17099E-05,-1.202902E-05,-6.66667E-04
3.544772,5.006819E-06,-1.478946E-05,-6.66667E-04
3.545773,-1.1921E-06,-2.409343E-05,.001
3.546773,8.10629E-06,-5.461113E-05,-.002
3.547774,2.813351E-05,-2.390344E-05,-.001
3.548774,1.144415E-05,-1.410401E-05,-.002
3.549775,3.194832E-05,-1.255987E-05,-6.66667E-04
3.550776,6.294297E-05,5.479931E-06,6.66667E-04
3.551776,4.363083E-05,1.078664E-05,.001
3.552776,1.478201E-05,-3.352779E-07,6.66667E-04
3.553777,3.600144E-05,4.544691E-05,6.66667E-04
3.554777,5.960494E-06,1.034519E-05,-.002
3.555778,3.695511E-05,-1.236057E-05,-.002
3.556778,3.910088E-05,-3.50365E-06,-.001
3.557779,1.907363E-06,-3.752136E-05,-6.66667E-04
3.558779,1.549732E-05,-3.63572E-05,-2.33333E-03
3.55978,-1.883518E-05,-2.493162E-05,-6.66667E-04
3.560781,-3.337883E-05,-2.188992E-05,-6.66667E-04
3.561781,3.314042E-05,-1.633365E-05,-6.66667E-04
3.562781,9.536816E-07,2.698798E-05,-.002
3.563782,-1.049048E-05,1.466094E-05,-.001
3.564783,5.006819E-06,-7.532566E-06,-6.66667E-04
3.565783,-1.072889E-05,8.059724E-06,-2.33333E-03
3.566783,4.148507E-05,-3.314414E-05,-.001
3.567784,5.22139E-05,1.46926E-05,-6.66667E-04
3.568784,-8.10629E-06,1.681049E-05,-6.66667E-04
3.569785,1.192099E-05,-2.304104E-05,-6.66667E-04
3.570786,1.478201E-05,-1.562585E-05,-.001
3.571786,-3.147149E-05,-1.851667E-05,-6.66667E-04
3.572786,-2.3842E-06,-4.95839E-06,-6.66667E-04
3.573787,1.716625E-05,3.333599E-05,-.001
3.574788,-3.409409E-05,1.419341E-05,-.002
3.575788,-1.668942E-05,-3.290758E-05,-.002
3.576788,-1.263624E-05,-1.703587E-05,-.002
3.577789,-2.312672E-05,-3.429144E-06,-.001
3.578789,2.527249E-05,1.998633E-06,6.66667E-04
3.57979,-1.001364E-05,2.340798E-05,.001
3.580791,-5.936646E-05,-6.036862E-06,6.66667E-04
3.581791,-2.050411E-05,-4.91742E-07,.001
3.582791,-6.389664E-05,-1.783681E-05,.001
3.583792,-3.743195E-05,-5.461113E-05,-2.33333E-03
3.584793,5.006819E-06,-3.374391E-05,-.001
3.585793,-3.266358E-05,-1.424743E-05,-.004
3.586793,2.050411E-05,-5.040527E-05,-2.33333E-03
3.587794,4.386925E-05,5.889713E-06,-3.66667E-03
3.588794,5.960494E-06,-3.805399E-06,-6.66667E-04
3.589795,9.77522E-06,-1.645659E-05,6.66667E-04
3.590796,4.768408E-07,4.178681E-05,-.001
3.591796,-3.862404E-05,-2.031599E-05,-6.66667E-04
3.592796,-1.6451E-05,-5.461113E-05,.001
3.593797,-1.049048E-05,-2.857496E-05,-.002
3.594798,1.215941E-05,-5.461113E-05,-6.66667E-04
3.595798,4.911446E-05,-5.461113E-05,-.002
3.596798,2.789509E-05,-7.581002E-07,.001
3.597799,-1.406675E-05,-1.915742E-05,-3.66667E-03
3.598799,9.298383E-06,2.521102E-05,-6.66667E-04
3.5998,-2.28883E-05,2.356071E-05,-6.66667E-04
3.600801,-3.147149E-05,-3.551901E-05,.001
3.601801,-1.740467E-05,8.381949E-08,-6.66667E-04
3.602801,-4.267716E-05,1.710106E-05,-.002
3.603802,2.55109E-05,-2.180797E-05,-6.66667E-04
3.604803,1.103883E-04,-2.123425E-07,.001
3.605803,1.180177E-04,-3.624358E-05,-2.33333E-03
3.606803,1.649866E-04,-2.3706E-05,-.002
3.607804,1.72616E-04,2.996449E-05,-.001
3.608804,1.31608E-04,-1.600396E-05,-6.66667E-04
3.609805,1.583109E-04,-1.584191E-05,6.66667E-04
3.610806,1.292238E-04,-1.763378E-05,-6.66667E-04
3.611806,9.512948E-05,-5.461113E-05,.001
3.612806,1.034741E-04,-5.461113E-05,-6.66667E-04
3.613807,3.123307E-05,-2.980616E-05,-.001
3.614808,8.344708E-06,-4.334212E-05,.001
3.615808,6.532716E-05,-2.291251E-05,-.001
3.616808,4.887604E-05,-2.766226E-05,-.002
3.617809,7.128762E-05,-5.461113E-05,-.002
3.618809,1.001363E-04,-1.925055E-05,-.001
3.61981,1.311308E-05,-1.99416E-05,-.002
3.620811,4.029297E-05,-4.466833E-05,-.002
3.621811,3.647828E-05,-1.446164E-05,-2.33333E-03
3.622811,-1.978886E-05,-4.367932E-06,.002
3.623812,-1.716625E-05,-1.299573E-05,.001
3.624813,-3.218674E-05,3.12367E-06,-.002
3.625813,-3.671669E-05,-9.704439E-06,-6.66667E-04
3.626813,1.311308E-05,-1.724821E-05,-6.66667E-04
3.627814,9.536816E-07,2.820243E-05,-.002
3.628814,8.344708E-06,2.614048E-05,-.002
3.629815,2.646458E-05,1.445605E-05,2.33333E-03
3.630816,-2.217304E-05,5.417713E-05,-.002
3.631816,-9.059964E-06,1.735252E-05,-6.66667E-04
3.632816,2.622619E-06,2.187502E-05,-.001
3.633817,-1.955044E-05,3.247359E-05,-6.66667E-04
3.634818,-1.072889E-05,3.436595E-06,6.66667E-04
3.635818,9.536816E-07,3.925175E-05,-6.66667E-04
3.636818,-1.692784E-05,4.220218E-05,2.33333E-03
3.637819,1.239782E-05,1.449144E-05,-.001
3.638819,1.573574E-05,5.415105E-05,-.001
3.63982,-3.576302E-05,3.678747E-05,6.66667E-04
3.640821,-3.17099E-05,8.11374E-06,-.001
3.641821,-4.768395E-05,2.446969E-05,-6.66667E-04
3.642821,-7.629441E-05,-1.543772E-05,-.001
3.643822,-2.28883E-05,5.260139E-06,2.33333E-03
3.644823,-3.337875E-06,8.955656E-06,.001
3.645823,-4.434609E-05,-1.181668E-05,6.66667E-04
3.646823,-2.384204E-07,9.38779E-06,-6.66667E-04
3.647824,3.576293E-06,4.692399E-05,-.002
3.648824,8.10629E-06,1.678814E-05,-6.66667E-04
3.649825,4.744553E-05,2.675329E-05,6.66667E-04
3.650826,2.121937E-05,2.680358E-05,3.66667E-03
3.651826,7.391005E-06,3.462672E-06,6.66667E-04
3.652826,1.096731E-05,1.002109E-05,.001
3.653827,-2.384204E-07,1.224322E-05,-6.66667E-04
3.654828,-6.675749E-06,-3.476837E-05,-6.66667E-04
3.655828,3.576293E-06,5.029178E-07,-.002
3.656828,-4.95913E-05,1.063204E-05,-.001
3.657829,-3.409409E-05,6.334885E-06,-6.66667E-04
3.658829,-5.149865E-05,4.672841E-05,-.002
3.65983,-5.888962E-05,-6.506249E-06,-.002
3.66083,-1.001364E-05,-2.743129E-05,-.001
3.661831,-1.502043E-05,6.55654E-06,-.001
3.662831,-1.955044E-05,-1.571525E-05,.001
3.663832,7.629453E-06,-3.559529E-06,6.66667E-04
3.664833,-2.28883E-05,-3.115297E-05,-.002
3.665833,3.647828E-05,-5.461113E-05,6.66667E-04
3.666833,4.267716E-05,-5.082809E-05,-2.33333E-03
3.667834,-8.10629E-06,-1.302554E-05,-6.66667E-04
3.668834,-1.788151E-05,-1.688686E-05,.001
3.669835,-2.217304E-05,1.793553E-05,-6.66667E-04
3.670835,-2.479565E-05,3.41183E-05,6.66667E-04
3.671836,1.931202E-05,-2.391275E-05,-6.66667E-04
3.672836,4.649186E-05,-5.122311E-07,.001
3.673837,3.242516E-05,2.373022E-05,-6.66667E-04
3.674838,5.126023E-05,8.419214E-06,-.001
3.675838,3.480935E-05,3.031653E-05,.001
3.676838,4.863762E-05,-3.27623E-05,-.001
3.677839,6.294297E-05,-5.461113E-05,-6.66667E-04
3.678839,5.459809E-05,-1.515454E-05,-6.66667E-04
3.67984,1.478201E-05,-3.668503E-05,-6.66667E-04
3.68084,3.433251E-05,-2.161239E-05,-6.66667E-04
3.681841,3.576293E-06,-2.181542E-05,-.002
3.682841,-9.536801E-06,-5.461113E-05,6.66667E-04
3.683842,2.050411E-05,-1.40295E-05,-.001
3.684843,-1.692784E-05,3.370852E-05,-.002
3.685843,-1.716625E-05,1.72538E-05,.001
3.686843,1.859677E-05,4.403316E-05,-6.66667E-04
3.687844,-1.025206E-05,4.890957E-05,-.001
3.688844,2.050411E-05,2.615724E-05,6.66667E-04
3.689845,3.910088E-05,3.649876E-05,-2.33333E-03
3.690845,3.099456E-06,3.642426E-05,-.001
3.691846,2.28883E-05,1.671736E-05,-.001
3.692847,6.437331E-06,3.368431E-05,-6.66667E-04
3.693847,-3.767037E-05,-2.551842E-07,-.001
3.694848,-1.215941E-05,-1.938653E-05,-6.66667E-04
3.695848,-1.573574E-05,2.07891E-05,-6.66667E-04
3.696848,-3.528618E-05,1.063949E-05,2.33333E-03
3.697849,-1.049048E-05,9.294636E-07,-6.66667E-04
3.698849,-3.123307E-05,5.159563E-07,.001
3.69985,-3.314042E-05,-5.461113E-05,-6.66667E-04
3.70085,-5.483656E-06,-2.686318E-05,-.001
3.701851,-3.433251E-05,-2.017256E-05,.001
3.702852,-2.55109E-05,-3.323727E-05,.001
3.703852,1.931202E-05,2.522219E-05,-6.66667E-04
3.704853,-2.28883E-05,4.830421E-05,-6.66667E-04
3.705853,3.814726E-06,2.049853E-05,-.002
3.706853,9.536816E-07,2.894565E-06,6.66667E-04
3.707854,-5.579018E-05,-2.574932E-05,6.66667E-04
3.708854,-2.264988E-05,-3.955909E-05,-2.33333E-03
3.709855,-6.675749E-06,-8.702336E-06,6.66667E-04
3.710855,-1.120573E-05,-2.821174E-05,-.002
3.711856,6.246613E-05,-2.975774E-05,-6.66667E-04
3.712857,2.408039E-05,5.282857E-05,-3.66667E-03
3.713857,-1.955044E-05,5.460926E-05,-6.66667E-04
3.714858,-1.001364E-05,5.074614E-05,-.001
3.715858,-1.668942E-05,5.460926E-05,6.66667E-04
3.716858,-6.914168E-06,7.633178E-06,6.66667E-04
3.717859,7.629453E-06,-6.031274E-06,.001
3.718859,-1.33515E-05,1.045509E-05,-6.66667E-04
3.71986,-1.287466E-05,-3.537373E-05,-.002
3.72086,-1.1921E-06,-9.07114E-06,-.001
3.721861,-4.19619E-05,1.270144E-05,-2.33333E-03
3.722862,-1.788151E-05,-2.259586E-05,-6.66667E-04
3.723862,9.77522E-06,-1.063578E-06,.001
3.724863,-1.072889E-05,2.47882E-05,.001
3.725863,9.298383E-06,6.13372E-06,-.001
3.726863,-1.287466E-05,1.936045E-05,-.002
3.727864,-2.789509E-05,-6.299495E-06,-.002
3.728864,2.956402E-05,-2.93405E-05,-.002
3.729865,5.960494E-06,1.224322E-05,-.001
3.730865,-1.120573E-05,-4.051276E-05,-3.66667E-03
3.731866,-7.152594E-07,1.037501E-06,-6.66667E-04
3.732867,-3.2902E-05,4.361779E-05,-6.66667E-04
3.733867,-5.054497E-05,-1.136033E-05,-2.33333E-03
3.734868,-1.788151E-05,1.158573E-06,6.66667E-04
3.735868,-2.074253E-05,3.36247E-05,2.33333E-03
3.736868,6.437331E-06,-1.743448E-05,-6.66667E-04
3.737869,1.597416E-05,7.221504E-06,-3.66667E-03
3.73887,-6.413506E-05,-6.735354E-06,6.66667E-04
3.73987,-3.480935E-05,-5.461113E-05,-6.66667E-04
3.74087,-2.455723E-05,-4.159682E-05,.001
3.741871,-6.032013E-05,6.463408E-06,-.001
3.742872,-6.198912E-06,2.267037E-05,-.001
3.743872,6.437331E-06,3.566616E-05,.001
3.744873,-5.030655E-05,4.151301E-05,6.66667E-04
3.745873,6.437331E-06,2.656147E-06,-.002
3.746873,5.960494E-06,2.105359E-05,.001
3.747874,1.072889E-05,-3.64671E-05,.001
3.748875,5.459809E-05,-5.461113E-05,-.001
3.749875,2.93256E-05,-2.356258E-05,-6.66667E-04
3.750875,1.358992E-05,-3.577606E-05,-3.66667E-03
3.751876,4.363083E-05,-1.055194E-05,.001
3.752877,-1.1921E-06,2.442126E-05,-6.66667E-04
3.753877,-2.002728E-05,-3.563255E-06,6.66667E-04
3.754878,1.215941E-05,-1.002854E-05,.001
3.755878,-1.668937E-06,4.053145E-06,6.66667E-04
3.756878,5.960494E-06,-2.925482E-05,-6.66667E-04
3.757879,2.527249E-05,1.444673E-05,-.001
3.75888,1.788151E-05,1.152983E-05,6.66667E-04
3.75988,1.716625E-05,-4.244433E-05,-3.66667E-03
3.76088,6.914168E-06,-1.767848E-05,-.001
3.761881,-7.534074E-05,-3.069662E-05,-3.66667E-03
3.762882,-2.145779E-05,-3.637956E-05,-6.66667E-04
3.763882,-2.408039E-05,-1.887989E-05,-6.66667E-04
3.764883,-5.149865E-05,-7.990806E-06,-6.66667E-04
3.765883,-1.311308E-05,-1.440203E-05,.002
3.766883,-4.053139E-05,-7.053866E-06,-.002
3.767884,-5.936646E-05,-4.890957E-05,-.001
3.768885,-2.384204E-07,-5.461113E-05,6.66667E-04
3.769885,-7.391005E-06,2.34881E-06,-.002
3.770885,-8.583127E-06,-1.548242E-05,.001
3.771886,9.536801E-06,2.515141E-05,-.001
3.772887,-4.339241E-05,4.302175E-05,.001
3.773887,-1.454359E-05,5.461305E-06,-.001
3.774888,2.264988E-05,4.539476E-05,6.66667E-04
3.775888,-1.096731E-05,2.357562E-05,-6.66667E-04
3.776888,-3.314042E-05,-4.442059E-05,-6.66667E-04
3.777889,-3.147149E-05,8.089526E-06,-.002
3.77889,-3.623986E-05,-1.857628E-05,.001
3.77989,-2.145779E-05,-4.394189E-05,6.66667E-04
3.78089,-1.311308E-05,1.673598E-05,.001
3.781891,-3.2902E-05,-1.303112E-05,.001
3.782892,-3.838562E-05,-1.166767E-05,.001
3.783892,-4.243874E-05,1.095055E-05,-.001
3.784893,-1.931202E-05,-2.582197E-05,6.66667E-04
3.785893,2.646458E-05,4.414498E-06,-.002
3.786893,2.527249E-05,3.735744E-05,.002
3.787894,5.722069E-05,2.77051E-05,-.001
3.788895,9.846734E-05,4.441314E-05,.001
3.789895,1.049048E-05,5.460926E-05,-.001
3.790895,-3.719353E-05,4.413561E-05,-.001
3.791896,-1.120573E-05,5.460926E-05,-6.66667E-04
3.792897,-4.434609E-05,5.460926E-05,6.66667E-04
3.793897,-2.264988E-05,2.354023E-05,.001
3.794898,-1.573574E-05,2.545503E-05,-.001
3.795898,-5.769753E-05,1.955044E-05,-6.66667E-04
3.796898,1.430519E-06,-3.259647E-07,-6.66667E-04
3.797899,2.217304E-05,2.561894E-05,.001
3.7989,-1.835835E-05,3.437907E-05,-.002
3.7999,1.311308E-05,1.72538E-05,6.66667E-04
3.8009,-2.956402E-05,3.296896E-06,6.66667E-04
3.801901,-5.435967E-05,-1.331983E-05,-6.66667E-04
3.802902,1.1921E-06,-5.165138E-05,6.66667E-04
3.803902,2.479565E-05,-2.601568E-05,.002
3.804903,3.194832E-05,-3.603683E-05,6.66667E-04
3.805903,7.414864E-05,-4.094123E-06,-6.66667E-04
3.806903,9.77522E-06,4.597218E-05,6.66667E-04
3.807904,-6.437331E-06,2.508998E-06,.001
3.808905,2.312672E-05,-8.929579E-06,-.002
3.809905,-9.059964E-06,-2.368365E-05,-.001
3.810905,9.536801E-06,-3.3146E-05,-6.66667E-04
3.811906,2.55109E-05,-1.018314E-05,.001
3.812907,-2.050411E-05,-1.157081E-05,.001
3.813907,2.813351E-05,-2.643664E-05,-6.66667E-04
3.814908,3.147149E-05,1.14069E-05,-2.33333E-03
3.815908,8.821546E-06,2.206687E-05,-.001
3.816908,1.454359E-05,3.907859E-06,-.002
3.817909,0,2.725993E-05,6.66667E-04
3.81891,-2.93256E-05,2.08487E-05,-.002
3.81991,9.536816E-07,2.761383E-05,-.001
3.82091,-3.600144E-05,3.308081E-05,6.66667E-04
3.821911,-1.120573E-05,-2.706249E-05,6.66667E-04
3.822912,1.1921E-06,-3.098347E-05,-.001
3.823912,-1.144415E-05,-5.792856E-06,.001
3.824913,-1.382834E-05,-3.05532E-05,-6.66667E-04
3.825913,4.482293E-05,-6.396353E-06,-.002
3.826913,-7.391005E-06,8.415489E-06,-.002
3.827914,4.529982E-06,-4.353031E-06,-.001
3.828915,-6.198912E-06,3.801868E-05,-.001
3.829915,-3.504776E-05,1.123553E-05,-6.66667E-04
3.830915,-2.217304E-05,-5.154335E-05,-6.66667E-04
3.831916,-3.004086E-05,-3.138953E-05,-6.66667E-04
3.832916,-4.601502E-05,-4.352839E-05,-.001
3.833917,-2.789509E-05,-5.461113E-05,-6.66667E-04
3.834918,-6.294297E-05,-2.59896E-05,-6.66667E-04
3.835918,-3.719353E-05,-2.25642E-05,6.66667E-04
3.836918,5.102181E-05,-2.464477E-05,-.001
3.837919,1.716625E-05,3.831484E-05,-.001
3.83892,5.722075E-06,-1.437969E-06,.001
3.83992,6.914168E-06,4.306465E-06,-.002
3.84092,-4.3154E-05,4.532025E-05,-.002
3.841921,-2.121937E-05,-1.026323E-05,.001
3.842921,2.360356E-05,8.009432E-06,-.002
3.843922,-9.77522E-06,3.661611E-05,-6.66667E-04
3.844923,-4.83992E-05,3.620997E-06,-.001
3.845923,-3.647828E-05,1.364766E-05,-.001
3.846923,-2.479565E-05,2.997011E-06,-6.66667E-04
3.847924,2.145779E-05,-3.968389E-05,-.001
3.848925,2.861035E-05,4.891335E-06,-.002
3.849925,-6.675749E-06,3.193715E-05,-.001
3.850925,2.193463E-05,9.128882E-06,-.002
3.851926,2.765667E-05,2.010737E-05,-2.33333E-03
3.852926,-2.28883E-05,5.947455E-06,-.002
3.853927,-2.28883E-05,-2.642733E-05,.001
3.854928,-3.266358E-05,-6.23989E-06,6.66667E-04
3.855928,-4.83992E-05,-1.725007E-05,-.001
3.856929,1.096731E-05,-1.771946E-05,.001
3.857929,5.483656E-06,-2.490927E-05,-.001
3.85893,-1.406675E-05,-3.942125E-05,6.66667E-04
3.85993,4.339241E-05,-1.826149E-05,-6.66667E-04
3.86093,9.536801E-06,-6.986811E-06,.001
3.861931,7.867871E-06,-3.790692E-05,-6.66667E-04
3.862931,3.218674E-05,7.567956E-06,-.002
3.863932,-1.192099E-05,1.3426E-05,-3.66667E-03
3.864933,-1.430519E-06,1.861539E-05,-6.66667E-04
3.865933,3.981614E-05,3.631623E-05,-6.66667E-04
3.866934,-2.55109E-05,1.456596E-06,-.001
3.867934,-3.504776E-05,-1.23494E-05,-.001
3.868935,-1.811993E-05,1.462555E-05,6.66667E-04
3.869935,3.814726E-06,-4.911073E-05,.002
3.870935,3.361725E-05,-3.800564E-05,-.001
3.871936,9.536816E-07,-8.245988E-06,6.66667E-04
3.872936,-2.837193E-05,-2.514955E-05,-.001
3.873937,-4.768408E-07,2.213579E-05,-6.66667E-04
3.874938,1.1921E-06,2.664712E-05,6.66667E-04
3.875938,-2.312672E-05,-1.129141E-05,-6.66667E-04
3.876939,3.504776E-05,-1.094124E-05,-.001
3.877939,1.430519E-06,-3.358364E-06,.001
3.87894,8.344708E-06,-3.823102E-05,.001
3.87994,2.098095E-05,-3.082701E-05,-.002
3.88094,-2.312672E-05,-6.757706E-06,.001
3.881941,1.597416E-05,-1.184276E-05,-6.66667E-04
3.882941,6.365823E-05,3.252947E-05,.001
3.883942,1.692784E-05,1.809199E-05,-.001
3.884943,-7.867871E-06,1.075683E-05,-.001
3.885943,-4.982972E-05,1.211284E-05,-.002
3.886944,-6.914185E-05,-1.313916E-05,6.66667E-04
3.887944,-2.479565E-05,-3.596791E-05,6.66667E-04
3.888945,-3.17099E-05,1.021667E-05,-.001
3.889945,-3.838562E-05,-1.283368E-05,-3.66667E-03
3.890945,5.483656E-06,1.378177E-05,.001
3.891946,2.145782E-06,1.289701E-05,-.001
3.892946,-4.029297E-05,-2.333161E-05,-.001
3.893947,-2.336514E-05,-9.406416E-06,-6.66667E-04
3.894948,-6.890344E-05,3.355206E-05,.001
3.895948,-5.435967E-05,1.852599E-05,-.001
3.896949,-1.883518E-05,3.879913E-05,-.002
3.897949,-3.337883E-05,4.997128E-05,.001
3.89895,-9.536801E-06,-1.020735E-05,-2.33333E-03
3.89995,2.813351E-05,1.410773E-05,-.001
3.90095,2.169621E-05,5.913927E-06,-6.66667E-04
3.901951,3.838562E-05,-6.588205E-06,.001
3.902952,6.270455E-05,2.885252E-06,-.001
3.903952,9.298383E-06,-5.461113E-05,-2.33333E-03
3.904953,2.861035E-05,-4.396611E-05,-6.66667E-04
3.905953,3.194832E-05,-1.255801E-05,.001
3.906954,-2.217304E-05,-2.104242E-05,-6.66667E-04
3.907954,-2.55109E-05,4.660367E-06,6.66667E-04
3.908955,-1.740467E-05,2.318074E-05,.001
3.909955,-5.435967E-05,-2.611813E-05,6.66667E-04
3.910955,-1.740467E-05,-5.733251E-06,.001
3.911956,-2.574932E-05,5.384936E-06,6.66667E-04
3.912957,-2.312672E-05,-2.556492E-05,-.001
3.913957,1.478201E-05,-3.738343E-06,-6.66667E-04
3.914958,-1.835835E-05,-1.485838E-05,.001
3.915958,-2.861038E-06,-2.845016E-05,-.001
3.916959,3.266358E-05,1.661487E-06,-6.66667E-04
3.917959,-2.431881E-05,3.366009E-05,-6.66667E-04
3.91896,1.192099E-05,1.829129E-05,2.33333E-03
3.91996,1.597416E-05,5.460926E-05,-.002
3.92096,-3.123307E-05,3.780262E-05,-2.33333E-03
3.921961,-3.719353E-05,1.281692E-05,-.002
3.922962,-7.271813E-05,2.407108E-05,-.001
3.923962,-6.175088E-05,-1.497573E-05,6.66667E-04
3.924963,-1.811993E-05,1.191912E-05,-3.66667E-03
3.925963,-2.813351E-05,5.121366E-05,-6.66667E-04
3.926964,-6.151246E-05,1.624424E-05,-6.66667E-04
3.927964,-3.385567E-05,2.18061E-05,-.001
3.928965,-2.479565E-05,5.460926E-05,.001
3.929965,-1.811993E-05,4.503713E-05,-.002
3.930965,2.193463E-05,2.743129E-05,-6.66667E-04
3.931966,1.502043E-05,7.897652E-07,.001
3.932967,5.006819E-06,-3.088475E-05,-.002
3.933967,-1.263624E-05,3.826083E-05,-.001
3.934968,-6.151246E-05,-3.680601E-06,-.001
3.935968,-2.312672E-05,-2.800312E-05,-.001
3.936969,-1.1921E-06,1.617533E-05,-6.66667E-04
3.937969,-2.479565E-05,2.129946E-05,6.66667E-04
3.93897,1.072889E-05,-9.421317E-06,-6.66667E-04
3.93997,1.049048E-05,3.473856E-05,-6.66667E-04
3.94097,1.096731E-05,2.297584E-05,-.001
3.941971,4.029297E-05,-2.975215E-05,-.001
3.942972,9.298383E-06,-1.992669E-05,6.66667E-04
3.943972,0,-4.064688E-05,-.001
3.944973,-2.861038E-06,2.0601E-06,-6.66667E-04
3.945973,-5.459809E-05,2.301869E-05,3.66667E-03
3.946974,-4.291558E-05,-3.966899E-05,6.66667E-04
3.947974,-6.675749E-06,-4.252628E-05,-6.66667E-04
3.948975,-6.437331E-06,-3.960752E-05,-.001
3.949975,9.77522E-06,-5.461113E-05,6.66667E-04
3.950975,4.434609E-05,-2.08338E-05,-6.66667E-04
3.951976,1.692784E-05,1.709916E-06,-6.66667E-04
3.952977,-6.675749E-06,-1.58773E-05,-.002
3.953977,-2.908718E-05,1.358619E-05,-.001
3.954978,-5.078339E-05,1.480436E-05,6.66667E-04
3.955978,-1.1921E-06,-4.645466E-06,.001
3.956979,-6.675749E-06,3.013958E-05,-2.33333E-03
3.957979,-1.668937E-06,-1.871784E-05,-6.66667E-04
3.95898,3.099465E-05,-7.946102E-06,-.001
3.95998,-2.217304E-05,1.46926E-05,.001
3.96098,-5.054497E-05,-8.780567E-06,-6.66667E-04
3.961981,-1.668937E-06,1.344091E-05,-.001
3.962982,-3.886246E-05,2.742012E-05,6.66667E-04
3.963982,-5.936646E-05,-2.589275E-05,-.001
3.964983,-2.503407E-05,-1.649384E-05,-6.66667E-04
3.965983,-3.2902E-05,-5.461113E-05,6.66667E-04
3.966984,-6.675749E-06,-5.461113E-05,-.002
3.967984,2.884876E-05,-2.203524E-06,-2.33333E-03
3.968985,-2.431881E-05,1.365884E-05,.001
3.969985,0,-2.523899E-06,-2.33333E-03
3.970985,1.811993E-05,2.100889E-05,6.66667E-04
3.971986,1.192099E-05,2.395373E-05,-6.66667E-04
3.972987,3.504776E-05,4.876434E-06,-.002
3.973987,2.02657E-05,9.462296E-06,-6.66667E-04
3.974988,-2.3842E-06,4.131376E-06,-.002
3.975988,2.503407E-05,-9.696989E-06,-.001
3.976989,1.549732E-05,1.795788E-05,.001
3.977989,1.454359E-05,4.485279E-06,6.66667E-04
3.97899,5.817437E-05,-1.526263E-05,-.002
3.97999,2.93256E-05,-1.261762E-05,-.001
3.98099,2.93256E-05,-5.606591E-06,2.33333E-03
3.981991,4.19619E-05,1.860422E-05,-.002
3.982992,-1.621258E-05,3.535883E-05,-6.66667E-04
3.983992,1.955044E-05,-1.363276E-05,-6.66667E-04
3.984993,3.981614E-05,-1.805846E-05,.002
3.985993,1.120573E-05,-3.599213E-05,-.001
3.986994,3.075623E-05,-5.090074E-05,-.001
3.987994,2.598774E-05,-1.445605E-05,-.002
3.988995,4.529982E-06,-2.569531E-05,-.002
3.989995,5.412125E-05,-5.461113E-05,-6.66667E-04
3.990995,9.298383E-06,-1.853902E-05,6.66667E-04
3.991996,-2.598774E-05,1.203276E-06,-6.66667E-04
3.992997,-1.502043E-05,-1.954485E-05,-6.66667E-04
3.993997,-5.60286E-05,2.546434E-05,-6.66667E-04
3.994998,-4.792237E-05,-1.299387E-05,-.001
3.995998,-7.391005E-06,-5.461113E-05,-.001
3.996999,-4.434609E-05,-1.489191E-05,.001
3.997999,-2.884876E-05,-2.646644E-05,-6.66667E-04
3.999,1.478201E-05,-4.097842E-08,.001
4,2.93256E-05,2.857309E-05,-2.33333E-03
