"c:\users\esrlabn1\desktop\bence\ir_spectroscopy\1000nm_odmr\magnet_map_7_1310nm\126.dat  ---  04-23-2026 20:21:42"
""
"cavityli 20 2 4 2000 1 0 0"
"                             ;                             ;seth_xesr_precise 313.72 1 0 2.4606299212598426"
"setlockin 188.67 0.004 0 0.03 0.005"
4,2000
2,-2.050411E-05,-3.69309E-05,-.002
2.001,1.430519E-06,-4.082941E-05,-.001
2.002001,-1.263624E-05,-1.488632E-05,-6.66667E-04
2.003001,1.049048E-05,-2.704575E-06,-.002
2.004002,2.360356E-05,3.495091E-05,-.001
2.005002,-5.197548E-05,1.637649E-05,-.002
2.006003,-4.267716E-05,-1.858559E-05,-.001
2.007004,-1.907363E-06,1.942005E-05,-6.66667E-04
2.008004,-9.059964E-06,2.961624E-07,-.001
2.009005,2.93256E-05,7.972158E-07,-2.33333E-03
2.010005,8.10629E-06,5.250447E-05,-6.66667E-04
2.011005,-7.152586E-06,-4.293426E-06,-.002
2.012006,3.051781E-05,-2.359238E-05,6.66667E-04
2.013006,-3.814726E-06,1.301995E-05,-.002
2.014007,9.536816E-07,8.983596E-06,6.66667E-04
2.015007,3.862404E-05,4.055002E-05,-6.66667E-04
2.016008,-5.006819E-06,5.035871E-05,-.002
2.017009,-2.002728E-05,1.627405E-05,-.002
2.018009,-6.437331E-06,5.460926E-05,6.66667E-04
2.01901,-2.455723E-05,1.830247E-05,-.001
2.02001,-8.344708E-06,-4.59908E-05,6.66667E-04
2.02101,8.10629E-06,1.930457E-05,-.002
2.022011,-5.388283E-05,2.994027E-05,6.66667E-04
2.023011,-3.695511E-05,2.205386E-06,-.001
2.024012,-3.123307E-05,3.730156E-05,6.66667E-04
2.025012,-2.837193E-05,-1.484535E-06,6.66667E-04
2.026013,1.478201E-05,2.369296E-05,-.001
2.027014,7.152586E-06,5.460926E-05,.001
2.028014,-1.287466E-05,5.460926E-05,-.002
2.029015,-1.955044E-05,4.457706E-05,.001
2.030015,-3.2902E-05,5.460926E-05,6.66667E-04
2.031015,-6.675749E-06,4.302739E-06,-.001
2.032016,1.835835E-05,-2.674773E-06,-6.66667E-04
2.033016,1.096731E-05,5.460926E-05,-.002
2.034017,2.694142E-05,2.173719E-05,-.001
2.035017,9.536816E-07,1.954671E-05,-.002
2.036018,-3.910088E-05,2.633419E-05,-6.66667E-04
2.037019,8.344708E-06,-2.403755E-05,-.002
2.038019,2.861035E-05,4.369795E-06,6.66667E-04
2.03902,-2.527249E-05,1.505768E-05,-6.66667E-04
2.04002,3.266358E-05,-1.013471E-05,.001
2.04102,3.147149E-05,-1.021294E-05,-6.66667E-04
2.042021,4.291564E-06,-7.981493E-06,-.001
2.043021,2.884876E-05,5.384936E-06,.001
2.044022,-9.536816E-07,1.824845E-05,-.001
2.045022,-1.430519E-06,4.179805E-06,-.002
2.046023,4.005455E-05,-7.376111E-07,.001
2.047024,1.525891E-05,2.277282E-05,-6.66667E-04
2.048024,2.694142E-05,-2.354954E-05,.001
2.049025,4.124665E-05,-2.985835E-06,2.33333E-03
2.050025,-1.001364E-05,7.012888E-06,.001
2.051026,4.768408E-07,-5.848735E-06,-6.66667E-04
2.052026,2.050411E-05,1.386559E-05,.001
2.053026,-4.410767E-05,2.191414E-05,.001
2.054027,1.120573E-05,-1.659624E-06,-.001
2.055027,4.19619E-05,1.717366E-06,-6.66667E-04
2.056028,1.382834E-05,-3.426545E-05,.001
2.057029,3.767037E-05,-7.264352E-07,6.66667E-04
2.058029,3.55246E-05,5.017617E-05,2.33333E-03
2.05903,1.597416E-05,2.797146E-05,.001
2.06003,6.866502E-05,3.263369E-06,-6.66667E-04
2.061031,6.246613E-05,2.658379E-05,-.002
2.062031,6.270455E-05,-1.98168E-05,-6.66667E-04
2.063031,8.964585E-05,-1.541351E-05,-.001
2.064032,3.767037E-05,1.740654E-05,.001
2.065032,6.055855E-05,1.837139E-05,.001
2.066033,1.382837E-04,4.038244E-06,.002
2.067034,1.225481E-04,-1.281878E-05,-.001
2.068034,1.65225E-04,-3.433996E-05,6.66667E-04
2.069035,1.704702E-04,9.406416E-06,6.66667E-04
2.070035,1.657018E-04,2.748158E-05,-3.66667E-03
2.071036,1.811991E-04,-3.740206E-06,-.001
2.072036,1.654634E-04,3.684335E-05,-2.33333E-03
2.073036,8.726167E-05,-2.177258E-05,6.66667E-04
2.074037,7.009553E-05,-5.461113E-05,.001
2.075037,6.270455E-05,-1.160993E-05,-2.33333E-03
2.076038,5.698227E-05,-5.461113E-05,-6.66667E-04
2.077039,8.964585E-05,-2.325338E-05,2.33333E-03
2.078039,9.203004E-05,4.91722E-05,.002
2.07904,6.127404E-05,1.010677E-05,.002
2.08004,5.912804E-05,3.720657E-05,-6.66667E-04
2.081041,2.622619E-06,5.0409E-05,-.001
2.082041,3.099456E-06,9.372889E-06,-.001
2.083041,-1.049048E-05,3.799633E-05,-.002
2.084042,-2.789509E-05,4.458637E-05,-.001
2.085042,1.668937E-06,2.427041E-06,-.002
2.086043,4.768401E-06,2.89419E-05,-.001
2.087044,-1.430517E-05,4.250766E-05,-6.66667E-04
2.088044,4.3154E-05,8.612929E-06,.002
2.089045,1.6451E-05,1.533527E-05,-.001
2.090045,-2.28883E-05,3.294111E-05,-.001
2.091046,4.3154E-05,9.657873E-06,6.66667E-04
2.092046,2.384204E-07,4.12988E-05,-.001
2.093046,-1.978886E-05,-2.045755E-05,-.002
2.094047,1.931202E-05,-2.924551E-05,-.002
2.095047,-1.502043E-05,3.468455E-05,-.001
2.096048,-3.814726E-06,-4.077359E-06,.001
2.097049,-7.152594E-07,1.950574E-05,-.002
2.098049,-5.98433E-05,4.361034E-05,-6.66667E-04
2.09905,-2.217304E-05,2.20557E-05,-.002
2.10005,3.123307E-05,2.110947E-05,-6.66667E-04
2.101051,3.314042E-05,-3.695503E-06,-.002
2.102051,4.911446E-05,-2.558727E-05,6.66667E-04
2.103051,3.385567E-05,2.574001E-05,-.001
2.104052,1.883518E-05,1.063017E-05,-.002
2.105052,1.096731E-05,-3.971183E-05,-6.66667E-04
2.106053,-5.722075E-06,9.715615E-06,-6.66667E-04
2.107054,-1.597416E-05,-1.011236E-05,-.004
2.108054,4.243874E-05,-1.652364E-05,-.001
2.109055,2.765667E-05,2.138142E-05,-6.66667E-04
2.110055,6.675749E-06,-2.593186E-05,-6.66667E-04
2.111056,5.579018E-05,-2.975401E-05,-.002
2.112056,4.291564E-06,-1.456036E-05,-6.66667E-04
2.113056,-6.914168E-06,-3.33006E-05,6.66667E-04
2.114057,4.95913E-05,-3.277906E-05,-.001
2.115057,3.242516E-05,-3.048044E-05,-6.66667E-04
2.116058,4.291564E-06,-5.461113E-05,.001
2.117059,3.433251E-05,-2.15919E-05,-.001
2.118059,1.573574E-05,-2.257165E-05,.002
2.11906,2.217304E-05,-9.391515E-06,6.66667E-04
2.12006,-1.955044E-05,2.221402E-05,.001
2.121061,-4.506134E-05,4.364207E-06,-.001
2.122061,9.77522E-06,-1.940329E-05,.002
2.123062,-1.406675E-05,2.403196E-05,-.002
2.124062,-4.053139E-05,2.134976E-05,-3.66667E-03
2.125062,1.668942E-05,-8.791743E-06,2.33333E-03
2.126063,-1.597416E-05,3.922009E-05,-6.66667E-04
2.127064,-2.384197E-05,8.840172E-06,-6.66667E-04
2.128064,2.813351E-05,4.742324E-06,-6.66667E-04
2.129065,-3.790879E-05,2.206129E-05,-6.66667E-04
2.130065,-2.622616E-05,-1.358805E-05,2.33333E-03
2.131066,2.431881E-05,-1.704328E-06,.001
2.132066,2.145782E-06,-5.33837E-06,.001
2.133067,1.049048E-05,-1.854461E-05,-.001
2.134067,3.337883E-05,2.365944E-05,-6.66667E-04
2.135067,-1.692784E-05,3.507198E-05,-6.66667E-04
2.136068,-6.914168E-06,2.842408E-05,-.001
2.137069,-9.298383E-06,3.752322E-05,-.001
2.138069,-4.100823E-05,-3.178627E-05,-.001
2.13907,-8.821546E-06,-5.461113E-05,-6.66667E-04
2.14007,-3.337883E-05,4.043832E-06,-.002
2.141071,-5.936646E-05,-1.775858E-05,-.001
2.142071,-8.344708E-06,-2.348062E-05,.002
2.143072,-1.406675E-05,2.19607E-05,.001
2.144072,-2.217304E-05,3.028676E-06,6.66667E-04
2.145072,2.431881E-05,1.876068E-05,.001
2.146073,-2.741825E-05,1.299946E-05,-6.66667E-04
2.147074,-4.267716E-05,-4.026131E-05,-.001
2.148074,-2.217304E-05,-1.697813E-05,-.002
2.149075,-6.628083E-05,1.364207E-05,-.002
2.150075,-3.695511E-05,-3.337697E-05,-6.66667E-04
2.151076,3.576293E-06,1.673412E-05,-6.66667E-04
2.152076,-1.931202E-05,1.623679E-05,-.001
2.153077,1.382834E-05,-2.717797E-05,-.001
2.154077,1.358992E-05,1.666707E-05,6.66667E-04
2.155077,-1.239782E-05,4.56351E-06,-6.66667E-04
2.156078,4.506134E-05,-5.533948E-06,2.33333E-03
2.157079,5.292916E-05,1.64957E-05,-6.66667E-04
2.158079,1.001364E-05,-2.112065E-05,-.001
2.15908,3.981614E-05,-1.047744E-05,-.001
2.16008,4.053145E-06,5.679234E-06,.001
2.161081,-3.767037E-05,-3.540353E-05,-.002
2.162081,6.437331E-06,-3.680796E-05,-.001
2.163082,2.765667E-05,-3.628447E-06,-6.66667E-04
2.164082,8.10629E-06,-5.461113E-05,6.66667E-04
2.165082,4.363083E-05,-3.274553E-05,-.001
2.166083,4.19619E-05,-1.841981E-05,-6.66667E-04
2.167084,4.339241E-05,-4.205504E-05,-.002
2.168084,2.93256E-05,2.168134E-06,-2.33333E-03
2.169085,1.311308E-05,-9.650423E-06,.001
2.170085,4.100823E-05,-3.45374E-05,-2.33333E-03
2.171086,2.479565E-05,-5.714624E-06,-.001
2.172086,-1.049048E-05,-2.32273E-05,-.002
2.173087,1.049048E-05,-3.412575E-05,.001
2.174087,-9.059964E-06,2.628576E-05,-.001
2.175087,-4.3154E-05,1.128024E-05,6.66667E-04
2.176088,1.263624E-05,8.568204E-07,6.66667E-04
2.177088,-4.053145E-06,2.629694E-05,.001
2.178089,-2.622619E-06,4.095986E-06,-6.66667E-04
2.17909,5.078339E-05,-2.099216E-06,-6.66667E-04
2.18009,4.768408E-07,1.57227E-05,-.002
2.181091,2.622619E-06,-1.14516E-05,-.001
2.182091,3.528618E-05,-2.308947E-05,-6.66667E-04
2.183092,3.099465E-05,1.902145E-05,-.002
2.184092,2.050411E-05,-2.486646E-06,-.002
2.185092,3.409409E-05,2.378609E-05,-6.66667E-04
2.186093,-1.168257E-05,3.314973E-05,-3.66667E-03
2.187093,2.408039E-05,-9.913056E-06,-6.66667E-04
2.188094,2.193463E-05,2.983972E-06,-.002
2.189095,-1.716625E-05,-1.154473E-05,6.66667E-04
2.190095,2.336514E-05,-2.97596E-05,-6.66667E-04
2.191096,2.28883E-05,5.129754E-06,6.66667E-04
2.192096,-1.239782E-05,-9.758456E-06,-6.66667E-04
2.193097,2.861038E-06,1.386931E-05,6.66667E-04
2.194097,-3.147149E-05,2.904993E-05,-6.66667E-04
2.195097,-5.102181E-05,-3.995403E-06,2.33333E-03
2.196098,-2.694142E-05,-1.25189E-05,-.001
2.197098,-5.98433E-05,3.002223E-05,-.001
2.198099,-5.60286E-05,-1.342787E-05,-.002
2.1991,-1.502043E-05,-1.737301E-05,-.002
2.2001,-2.336514E-05,2.495963E-07,-.001
2.201101,-1.001364E-05,-4.788139E-05,-6.66667E-04
2.202101,3.2902E-05,-2.713886E-05,-.001
2.203102,2.765667E-05,-1.462741E-05,.001
2.204102,3.957772E-05,-5.461113E-05,-6.66667E-04
2.205102,9.77522E-06,-3.498443E-05,-.002
2.206103,-5.102181E-05,-2.871652E-05,-2.33333E-03
2.207103,-1.668942E-05,-2.68874E-05,-6.66667E-04
2.208104,-7.867871E-06,2.539728E-05,.001
2.209105,-3.337875E-06,5.460926E-05,-6.66667E-04
2.210105,3.361725E-05,2.155465E-05,-6.66667E-04
2.211106,8.821546E-06,1.803797E-05,-.002
2.212106,-6.437331E-06,1.587172E-05,-6.66667E-04
2.213107,3.027928E-05,2.451253E-05,-.001
2.214107,1.215941E-05,4.968257E-05,6.66667E-04
2.215107,-2.336514E-05,3.324836E-06,6.66667E-04
2.216108,1.239782E-05,-3.650803E-07,-6.66667E-04
2.217108,1.382834E-05,-9.886979E-06,-.002
2.218109,4.83992E-05,-4.55773E-05,6.66667E-04
2.21911,6.580399E-05,-5.953043E-06,-.002
2.22011,2.598774E-05,-9.439944E-06,6.66667E-04
2.221111,-1.311308E-05,-4.895427E-05,-2.33333E-03
2.222111,-1.621258E-05,3.454485E-05,-.001
2.223112,-3.838562E-05,5.069212E-05,6.66667E-04
2.224112,1.597416E-05,1.31019E-05,-6.66667E-04
2.225112,4.148507E-05,1.973298E-05,-6.66667E-04
2.226113,7.152594E-07,6.761431E-06,-6.66667E-04
2.227113,1.716625E-05,-4.468509E-05,2.33333E-03
2.228114,-8.583127E-06,-4.515081E-06,-6.66667E-04
2.229115,4.768408E-07,1.019432E-05,-.002
2.230115,6.127404E-05,1.476152E-05,-.001
2.231116,1.430517E-05,7.95169E-06,.001
2.232116,9.059964E-06,-2.31528E-05,6.66667E-04
2.233117,1.430517E-05,-3.013585E-05,-6.66667E-04
2.234117,-4.553818E-05,-1.650315E-05,6.66667E-04
2.235118,-5.173706E-05,-2.713699E-05,-2.33333E-03
2.236118,6.437331E-06,9.499548E-06,6.66667E-04
2.237118,-1.430519E-06,3.202469E-05,.001
2.238119,9.298383E-06,-5.422189E-06,-6.66667E-04
2.23912,1.788151E-05,7.862283E-06,-.002
2.24012,-2.622616E-05,1.316337E-05,.002
2.241121,3.814726E-06,-1.352288E-06,-2.33333E-03
2.242121,4.57766E-05,3.637024E-05,-.001
2.243122,7.629453E-06,2.174464E-05,-.002
2.244122,1.883518E-05,6.932794E-06,-2.33333E-03
2.245123,-1.168257E-05,1.853902E-05,6.66667E-04
2.246123,-1.311308E-05,-3.163354E-05,-.001
2.247123,1.6451E-05,-3.721029E-05,-.002
2.248124,9.536816E-07,5.815207E-06,-6.66667E-04
2.249125,-1.692784E-05,-9.741692E-06,-.001
2.250125,1.573574E-05,1.092447E-05,-.001
2.251126,6.914168E-06,2.276537E-05,-6.66667E-04
2.252126,4.005455E-05,-5.807757E-06,-.002
2.253127,6.556557E-05,1.100457E-05,6.66667E-04
2.254127,3.576293E-06,1.636345E-05,-.001
2.255128,-1.049048E-05,-1.722027E-05,6.66667E-04
2.256128,1.168257E-05,1.594995E-05,-6.66667E-04
2.257128,-1.835835E-05,1.039548E-05,6.66667E-04
2.258129,1.239782E-05,-1.123926E-05,-.001
2.25913,9.77522E-06,2.272439E-05,-.001
2.26013,-9.536816E-07,-3.12367E-06,-6.66667E-04
2.261131,1.192099E-05,1.483416E-05,-6.66667E-04
2.262131,-1.859677E-05,4.581385E-05,-.001
2.263132,-2.55109E-05,2.744806E-05,-6.66667E-04
2.264132,4.19619E-05,1.881279E-06,-.001
2.265133,2.694142E-05,5.460926E-05,.001
2.266133,2.455723E-05,1.191726E-05,-6.66667E-04
2.267133,2.980244E-05,-2.684083E-05,-3.66667E-03
2.268134,-3.55246E-05,1.554203E-05,6.66667E-04
2.269135,-5.722075E-06,5.869224E-06,-.002
2.270135,3.480935E-05,7.189847E-07,-.001
2.271136,-2.145779E-05,-5.697861E-06,-.002
2.272136,1.430519E-06,-4.382082E-05,-.002
2.273137,4.649186E-05,-4.037307E-05,-6.66667E-04
2.274137,4.053145E-06,-2.685201E-05,6.66667E-04
2.275138,3.790879E-05,-5.461113E-05,6.66667E-04
2.276138,5.841278E-05,-5.031028E-05,-6.66667E-04
2.277139,2.741825E-05,-5.461113E-05,-.002
2.278139,2.098095E-05,-5.461113E-05,-.002
2.27914,1.90736E-05,-1.252821E-05,-6.66667E-04
2.28014,-1.502043E-05,1.014402E-05,6.66667E-04
2.281141,-4.529982E-06,2.124358E-05,-6.66667E-04
2.282141,-2.408039E-05,2.682221E-05,-2.33333E-03
2.283142,-4.363083E-05,-2.017815E-05,.002
2.284142,-1.454359E-05,-1.700793E-05,-.001
2.285143,8.583127E-06,1.652178E-05,.002
2.286143,7.152586E-06,-2.867554E-05,-6.66667E-04
2.287144,1.597416E-05,-5.913927E-06,-.001
2.288144,-1.907363E-06,8.795469E-06,.001
2.289145,2.193463E-05,-1.875509E-05,.001
2.290145,1.502043E-05,6.696238E-06,-.001
2.291146,-2.789509E-05,4.302361E-05,-6.66667E-04
2.292146,-8.10629E-06,-4.461064E-06,6.66667E-04
2.293147,2.098095E-05,1.637649E-05,.001
2.294147,-5.006819E-06,2.83682E-05,6.66667E-04
2.295148,1.096731E-05,1.675461E-05,-6.66667E-04
2.296148,-4.768401E-06,2.746296E-05,-6.66667E-04
2.297149,-2.503407E-05,2.048921E-08,-6.66667E-04
2.298149,2.02657E-05,-4.228234E-06,-6.66667E-04
2.29915,2.241146E-05,2.710719E-05,-.001
2.30015,2.741825E-05,-9.425021E-07,-.001
2.301151,4.3154E-05,-8.806644E-06,-6.66667E-04
2.302151,-9.536801E-06,2.572325E-05,-6.66667E-04
2.303152,-3.600144E-05,-3.213077E-06,-6.66667E-04
2.304152,1.049048E-05,-1.002109E-05,-6.66667E-04
2.305153,-1.549732E-05,1.834713E-06,.002
2.306153,-1.668937E-06,-4.18222E-05,6.66667E-04
2.307154,2.336514E-05,-1.499621E-05,6.66667E-04
2.308154,-3.55246E-05,1.149072E-05,.001
2.309155,-3.93393E-05,-9.885116E-06,6.66667E-04
2.310155,-2.503407E-05,1.293427E-05,.001
2.311156,-5.579018E-05,-7.711409E-06,-6.66667E-04
2.312156,-3.886246E-05,-6.036862E-06,-.001
2.313157,-1.049048E-05,5.08579E-05,6.66667E-04
2.314157,-1.740467E-05,1.241831E-05,-.001
2.315158,2.717983E-05,1.86079E-06,-.001
2.316158,4.076981E-05,4.147016E-05,-6.66667E-04
2.317159,1.096731E-05,1.104554E-05,.001
2.318159,7.152594E-07,2.129388E-05,6.66667E-04
2.31916,-8.583127E-06,3.678189E-05,-.002
2.32016,-2.02657E-05,-1.161551E-05,-6.66667E-04
2.321161,-1.239782E-05,1.759094E-05,-6.66667E-04
2.322161,-1.311308E-05,2.933305E-05,2.33333E-03
2.323162,1.287466E-05,-4.191161E-05,-.002
2.324162,2.312672E-05,-3.203587E-05,6.66667E-04
2.325163,-4.529982E-06,3.928348E-06,-6.66667E-04
2.326163,3.314042E-05,-3.184774E-05,-.002
2.327164,5.292916E-05,-1.524581E-05,-6.66667E-04
2.328164,2.622616E-05,-1.879979E-05,-6.66667E-04
2.329165,3.981614E-05,-1.221342E-05,-6.66667E-04
2.330165,1.955044E-05,2.461683E-05,6.66667E-04
2.331166,9.536816E-07,2.074253E-05,-6.66667E-04
2.332166,2.765667E-05,-3.650799E-06,6.66667E-04
2.333167,0,5.375058E-05,-.002
2.334167,-2.455723E-05,1.155963E-05,.001
2.335168,1.621258E-05,-2.823968E-05,-.001
2.336168,1.215941E-05,2.781313E-05,-.001
2.337169,9.536816E-07,4.656636E-08,-.002
2.338169,2.312672E-05,-1.962308E-05,6.66667E-04
2.33917,-4.768395E-05,-1.374079E-05,6.66667E-04
2.34017,-6.270455E-05,-4.731142E-05,6.66667E-04
2.341171,7.391005E-06,-3.674836E-05,6.66667E-04
2.342171,5.483656E-06,-8.281379E-06,.001
2.343172,1.883518E-05,-5.461113E-05,.001
2.344172,2.765667E-05,-4.053512E-05,-6.66667E-04
2.345173,-8.10629E-06,-1.471309E-05,-.001
2.346173,-4.053145E-06,-5.461113E-05,-.001
2.347174,-2.3842E-06,3.044691E-05,.002
2.348174,-1.478201E-05,1.378736E-05,6.66667E-04
2.349174,3.55246E-05,-4.013465E-05,-.001
2.350175,5.555176E-05,-3.896683E-06,6.66667E-04
2.351176,2.837193E-05,-1.985033E-05,6.66667E-04
2.352176,4.982972E-05,-3.683963E-05,-6.66667E-04
2.353177,2.813351E-05,-1.685701E-06,-.001
2.354177,-3.266358E-05,-2.212834E-05,-.002
2.355178,1.740467E-05,9.771495E-06,-.001
2.356178,4.768401E-06,7.022201E-06,.001
2.357179,2.408039E-05,-5.212636E-05,-.001
2.358179,5.98433E-05,-3.40289E-05,.001
2.359179,1.430517E-05,-2.380472E-05,-.001
2.36018,-2.789509E-05,-9.466021E-06,-.001
2.361181,-5.960494E-06,1.943309E-05,6.66667E-04
2.362181,-2.884876E-05,1.832296E-05,.001
2.363182,3.862404E-05,-8.90909E-06,-6.66667E-04
2.364182,8.535432E-05,1.311308E-05,-.002
2.365183,2.098095E-05,2.14224E-05,.001
2.366183,3.981614E-05,1.877185E-05,-.001
2.367184,4.076981E-05,5.460926E-05,-6.66667E-04
2.368184,6.437331E-06,4.164153E-05,-.002
2.369184,5.531334E-05,3.382578E-06,-.001
2.370185,2.55109E-05,2.547365E-05,.001
2.371186,-5.483656E-06,-5.4017E-06,.001
2.372186,-9.298383E-06,-2.324593E-05,6.66667E-04
2.373187,-4.482293E-05,6.020098E-06,-.001
2.374187,-5.054497E-05,-4.539476E-05,-.001
2.375188,-1.502043E-05,-4.837126E-05,.001
2.376188,-4.148507E-05,-2.359238E-05,.001
2.377189,-2.28883E-05,-4.647695E-05,-.002
2.378189,4.768401E-06,7.879025E-07,-6.66667E-04
2.379189,-2.6703E-05,1.034891E-05,2.33333E-03
2.38019,-1.978886E-05,-5.625225E-07,-3.66667E-03
2.381191,9.059964E-06,-1.431262E-05,-.001
2.382191,-2.741825E-05,-5.461113E-05,6.66667E-04
2.383192,3.194832E-05,-5.461113E-05,-.001
2.384192,5.579018E-05,-4.061894E-05,-.001
2.385193,2.622619E-06,-1.860422E-05,6.66667E-04
2.386193,3.194832E-05,-3.270083E-05,-6.66667E-04
2.387194,1.955044E-05,3.879354E-05,-.001
2.388194,-3.004086E-05,3.086426E-05,-.002
2.389194,3.361725E-05,3.717304E-05,.002
2.390195,-2.861038E-06,5.216175E-05,.001
2.391196,-5.126023E-05,-8.933304E-06,.001
2.392196,-1.478201E-05,-1.553453E-06,.001
2.393197,-7.867871E-06,8.126779E-06,-.002
2.394197,-3.743195E-05,-5.257525E-05,6.66667E-04
2.395198,-6.437331E-06,-2.861035E-05,-6.66667E-04
2.396198,2.455723E-05,-8.191972E-06,.001
2.397199,2.861035E-05,-5.461113E-05,-.001
2.398199,1.502043E-05,-4.416541E-05,.001
2.399199,-4.506134E-05,-7.972179E-06,-.001
2.4002,-5.245238E-06,-3.298023E-05,.002
2.401201,2.455723E-05,2.597098E-05,-6.66667E-04
2.402201,8.344708E-06,1.908478E-05,-.001
2.403202,3.981614E-05,-2.921757E-05,-.001
2.404202,2.098095E-05,1.381902E-05,-.002
2.405203,-3.576293E-06,-1.167884E-05,6.66667E-04
2.406203,3.600144E-05,-3.589899E-05,.001
2.407204,1.287466E-05,8.737727E-06,.001
2.408204,-4.768401E-06,-1.84254E-05,6.66667E-04
2.409204,4.410767E-05,-1.644541E-05,-6.66667E-04
2.410205,2.312672E-05,4.54674E-05,-6.66667E-04
2.411206,7.152586E-06,2.375629E-05,-6.66667E-04
2.412206,2.360356E-05,3.987952E-06,-.001
2.413207,-3.457093E-05,2.654284E-06,6.66667E-04
2.414207,-3.767037E-05,-5.19196E-05,-.001
2.415208,1.740467E-05,-1.638581E-05,-6.66667E-04
2.416208,-3.409409E-05,6.888091E-06,.001
2.417209,-2.646458E-05,-9.160547E-06,-6.66667E-04
2.418209,7.629453E-06,1.61418E-05,-6.66667E-04
2.41921,1.597416E-05,1.611572E-05,6.66667E-04
2.42021,3.123307E-05,-4.498317E-06,.001
2.421211,-2.837193E-05,2.637145E-05,-.001
2.422211,-3.242516E-05,5.191221E-06,-6.66667E-04
2.423212,4.291564E-06,-2.453674E-05,6.66667E-04
2.424212,-1.454359E-05,1.183158E-05,.001
2.425213,-4.029297E-05,-1.38898E-05,-.001
2.426213,4.768408E-07,-2.917845E-05,-6.66667E-04
2.427214,1.692784E-05,1.114985E-05,-6.66667E-04
2.428214,2.861035E-05,-3.862032E-05,6.66667E-04
2.429215,4.220032E-05,-5.128258E-05,6.66667E-04
2.430215,-2.145782E-06,-4.657754E-05,.001
2.431216,-5.102181E-05,-5.461113E-05,-.001
2.432216,-3.433251E-05,-3.369548E-05,-6.66667E-04
2.433217,-3.004086E-05,2.034023E-06,-.001
2.434217,-3.051781E-05,-1.135102E-05,-.002
2.435218,-6.437331E-06,4.440569E-05,-6.66667E-04
2.436218,-3.385567E-05,1.712155E-05,-6.66667E-04
2.437219,1.788151E-05,-5.108514E-05,-.001
2.438219,1.215941E-05,-1.060968E-05,-.001
2.43922,2.622619E-06,-1.158199E-05,-.002
2.44022,4.029297E-05,-2.626341E-05,-.002
2.441221,1.430517E-05,-1.396058E-05,6.66667E-04
2.442221,-1.931202E-05,-1.542282E-05,-6.66667E-04
2.443222,2.813351E-05,-9.713753E-06,-6.66667E-04
2.444222,-2.861038E-06,2.972048E-05,-.002
2.445223,7.152586E-06,2.907604E-06,-.001
2.446223,3.051781E-05,-3.393754E-06,6.66667E-04
2.447224,4.053145E-06,-5.293667E-06,.001
2.448224,-1.287466E-05,-5.382881E-05,-.001
2.449225,2.980244E-05,-5.461113E-05,-6.66667E-04
2.450225,-2.074253E-05,-3.518374E-05,.001
2.451226,-2.861038E-06,-2.535817E-05,-6.66667E-04
2.452226,1.144415E-05,4.461058E-05,-2.33333E-03
2.453227,-4.911446E-05,5.185441E-05,.001
2.454227,-3.790879E-05,4.740461E-06,6.66667E-04
2.455228,-4.529982E-06,2.253253E-05,.001
2.456228,-1.406675E-05,2.184894E-05,-.001
2.457229,3.027928E-05,-3.30063E-05,6.66667E-04
2.458229,9.298383E-06,-4.480616E-05,6.66667E-04
2.45923,-3.767037E-05,-5.461113E-05,-.002
2.46023,-4.83992E-05,-5.461113E-05,-.002
2.461231,-3.93393E-05,-1.156708E-05,6.66667E-04
2.462231,-3.385567E-05,-4.033023E-05,-.001
2.463232,1.358992E-05,-3.320188E-05,6.66667E-04
2.464232,-1.859677E-05,-1.613058E-06,.001
2.465233,-4.506134E-05,-2.264429E-05,-6.66667E-04
2.466233,-1.525891E-05,4.543021E-06,-6.66667E-04
2.467234,-4.673027E-05,1.546752E-05,-.001
2.468234,-2.789509E-05,-2.826576E-05,.001
2.469235,9.77522E-06,-2.858427E-05,-.002
2.470235,-3.242516E-05,-2.11132E-05,6.66667E-04
2.471236,-2.384197E-05,-4.438148E-05,6.66667E-04
2.472236,-2.217304E-05,1.323043E-05,.001
2.473237,-4.005455E-05,2.585922E-05,-.002
2.474237,-8.10629E-06,8.115603E-06,.001
2.475238,3.099456E-06,3.457838E-05,.001
2.476238,-2.813351E-05,1.529802E-05,6.66667E-04
2.477239,1.978886E-05,-2.546806E-05,-.001
2.478239,3.099456E-06,-1.876999E-05,-.001
2.47924,-1.168257E-05,-2.046872E-05,-.002
2.48024,2.861035E-05,-6.966322E-06,-.001
2.481241,-1.406675E-05,4.186318E-05,-.001
2.482241,-4.601502E-05,2.468762E-05,-.001
2.483242,-6.914168E-06,1.173472E-05,-6.66667E-04
2.484242,-5.316758E-05,1.756859E-05,.001
2.485243,-3.385567E-05,-3.361725E-05,-6.66667E-04
2.486243,-1.764309E-05,-2.656889E-05,.002
2.487244,-1.883518E-05,-8.400566E-07,.001
2.488244,-1.001364E-05,-4.105479E-05,.001
2.489245,3.027928E-05,5.662478E-07,-6.66667E-04
2.490245,4.053145E-06,-1.944613E-05,3.66667E-03
2.491246,1.978886E-05,-3.751577E-05,-.002
2.492246,2.217304E-05,7.03524E-06,.001
2.493247,-3.051781E-05,-2.202776E-05,-.001
2.494247,-1.502043E-05,-3.624172E-05,-2.33333E-03
2.495248,7.867871E-06,1.274986E-05,-6.66667E-04
2.496248,-4.458451E-05,-3.311061E-05,-3.66667E-03
2.497249,1.597416E-05,-8.298142E-06,6.66667E-04
2.498249,5.483656E-06,5.00998E-05,-.002
2.49925,-1.573574E-05,4.066736E-05,-.002
2.50025,3.743195E-05,3.034447E-05,-.002
2.501251,-1.144415E-05,3.798143E-05,-.001
2.502251,-4.673027E-05,3.129081E-05,-6.66667E-04
2.503252,-2.002728E-05,4.535378E-05,.001
2.504252,-6.485032E-05,4.534819E-05,6.66667E-04
2.505253,-2.694142E-05,-2.193835E-05,-.001
2.506253,1.382834E-05,-2.425362E-05,.001
2.507254,-1.883518E-05,-1.691293E-05,.001
2.508254,-1.454359E-05,-3.443309E-05,-2.33333E-03
2.509255,2.861038E-06,2.524268E-05,-.001
2.510255,-9.536801E-06,1.914252E-05,6.66667E-04
2.511256,2.145779E-05,8.093251E-06,-.001
2.512256,7.152594E-07,4.250021E-05,-6.66667E-04
2.513257,-4.339241E-05,1.540978E-05,-.002
2.514257,5.483656E-06,1.762633E-05,.001
2.515258,7.629453E-06,5.460926E-05,-6.66667E-04
2.516258,2.098095E-05,3.59735E-05,-6.66667E-04
2.517259,4.363083E-05,-5.589827E-06,.001
2.518259,-9.77522E-06,1.766358E-05,-6.66667E-04
2.51926,-1.454359E-05,-1.966406E-05,-6.66667E-04
2.52026,2.3842E-06,-4.729093E-05,-6.66667E-04
2.521261,-2.002728E-05,-3.638514E-05,.002
2.522261,-3.623986E-05,-4.422874E-05,-.001
2.523262,-4.506134E-05,2.176885E-05,-6.66667E-04
2.524262,-6.175088E-05,5.4084E-05,.001
2.525263,8.344708E-06,-1.221902E-06,6.66667E-04
2.526263,5.698227E-05,4.837126E-05,2.33333E-03
2.527264,1.311308E-05,2.583687E-05,.002
2.528264,-4.053145E-06,4.267349E-06,-.002
2.529265,6.198912E-06,2.322358E-05,6.66667E-04
2.530265,-6.675749E-06,-2.732698E-05,6.66667E-04
2.531266,1.454359E-05,-2.57307E-05,-.001
2.532266,2.622619E-06,4.66223E-06,-.002
2.533267,-1.764309E-05,-4.874752E-05,-.002
2.534267,3.814726E-06,-5.461113E-05,-.001
2.535268,1.478201E-05,-2.57158E-05,-6.66667E-04
2.536268,-3.099456E-06,-4.229532E-05,6.66667E-04
2.537269,-1.1921E-06,-1.722954E-06,6.66667E-04
2.538269,-3.886246E-05,2.416607E-05,6.66667E-04
2.53927,-4.601502E-05,-4.47745E-05,-6.66667E-04
2.54027,-3.910088E-05,-2.368737E-05,-.002
2.541271,-5.078339E-05,3.084005E-05,-6.66667E-04
2.542271,-3.457093E-05,1.663349E-06,6.66667E-04
2.543272,-1.382834E-05,3.363774E-05,-.001
2.544272,-1.883518E-05,2.818007E-05,-.001
2.545273,1.144415E-05,-7.519528E-06,6.66667E-04
2.546273,3.218674E-05,1.923379E-05,6.66667E-04
2.547274,-9.536801E-06,6.929076E-07,-6.66667E-04
2.548274,2.098095E-05,-1.919095E-05,-.002
2.549275,4.458451E-05,-1.193216E-05,-6.66667E-04
2.550275,6.675749E-06,-2.422754E-05,-6.66667E-04
2.551276,4.625344E-05,-2.822664E-05,-.001
2.552276,9.77522E-06,1.001736E-05,.001
2.553277,-6.127404E-05,-1.467584E-05,2.33333E-03
2.554277,-3.767037E-05,1.708053E-06,-.002
2.555278,-5.102181E-05,-2.784669E-06,-6.66667E-04
2.556278,-3.337883E-05,-3.215508E-05,-2.33333E-03
2.557279,-5.722075E-06,-5.191221E-06,-.001
2.558279,-2.098095E-05,3.265985E-05,.002
2.55928,-7.391005E-06,1.73283E-05,.001
2.56028,4.029297E-05,4.223012E-05,-.002
2.561281,1.907363E-06,2.60697E-05,-6.66667E-04
2.562281,8.10629E-06,-7.847382E-06,6.66667E-04
2.563282,1.740467E-05,3.04525E-05,-.001
2.564282,-4.100823E-05,1.773809E-05,.002
2.565283,-1.90736E-05,5.066431E-07,-6.66667E-04
2.566283,1.478201E-05,1.45082E-05,-.001
2.567284,1.382834E-05,-1.134357E-05,6.66667E-04
2.568284,2.956402E-05,-7.720722E-06,-6.66667E-04
2.569285,1.811993E-05,2.246175E-05,6.66667E-04
2.570285,-1.668942E-05,-2.373767E-05,-.002
2.571286,3.600144E-05,-1.397735E-05,6.66667E-04
2.572286,4.19619E-05,4.904374E-06,-6.66667E-04
2.573287,2.336514E-05,-2.584804E-05,-.002
2.574287,2.193463E-05,3.086418E-06,6.66667E-04
2.575288,2.622619E-06,2.074812E-05,-.001
2.576288,-1.33515E-05,-1.789827E-05,-.002
2.577289,-6.675749E-06,1.163228E-05,-.002
2.578289,-2.861035E-05,3.337325E-05,-.001
2.57929,-1.978886E-05,-1.361041E-05,6.66667E-04
2.58029,-1.239782E-05,2.397608E-05,.001
2.581291,-2.503407E-05,2.037559E-05,-6.66667E-04
2.582291,-9.536801E-06,-4.470367E-07,-.002
2.583292,-1.907363E-06,1.984846E-05,-6.66667E-04
2.584292,-3.337875E-06,1.555316E-06,-6.66667E-04
2.585293,5.698227E-05,-4.23512E-05,6.66667E-04
2.586293,2.217304E-05,-2.071646E-05,.001
2.587294,3.814726E-06,-1.809385E-05,.001
2.588294,1.263624E-05,5.49297E-06,-.002
2.589295,-1.955044E-05,5.460926E-05,-6.66667E-04
2.590295,-3.719353E-05,1.243135E-05,-.001
2.591296,5.722075E-06,-1.555507E-05,6.66667E-04
2.592296,-1.358992E-05,-1.446164E-05,6.66667E-04
2.593297,-1.835835E-05,-3.299885E-05,6.66667E-04
2.594297,4.291564E-06,1.467956E-05,-6.66667E-04
2.595298,-2.050411E-05,3.226116E-06,-2.33333E-03
2.596298,2.741825E-05,-3.448711E-05,-.001
2.597299,5.388283E-05,1.890596E-05,-.001
2.598299,-1.168257E-05,2.047617E-05,6.66667E-04
2.5993,1.811993E-05,-1.113495E-05,.001
2.6003,2.002728E-05,1.794298E-05,-.002
2.601301,-3.600144E-05,-3.494337E-06,-2.33333E-03
2.602301,-1.502043E-05,-2.829183E-05,.001
2.603302,-3.719353E-05,2.504524E-05,-6.66667E-04
2.604302,-8.034753E-05,9.983836E-06,-.001
2.605303,-8.821546E-06,1.851667E-05,-6.66667E-04
2.606303,-6.675749E-06,1.897488E-05,-.001
2.607304,-2.884876E-05,-4.749774E-06,-.001
2.608304,6.198912E-06,1.132122E-05,-.002
2.609305,-1.955044E-05,5.014823E-05,.002
2.610305,-1.883518E-05,-9.652285E-06,.001
2.611306,4.768408E-07,1.261018E-06,.001
2.612306,1.192099E-05,-2.693399E-06,-.001
2.613307,1.835835E-05,-1.813669E-05,-2.33333E-03
2.614307,3.433251E-05,3.00837E-05,-6.66667E-04
2.615308,1.6451E-05,1.282437E-05,.001
2.616308,5.459809E-05,7.499038E-06,.001
2.617309,1.6451E-05,5.26479E-05,-6.66667E-04
2.618309,-3.194832E-05,5.460926E-05,.001
2.61931,-1.621258E-05,3.734999E-05,.001
2.62031,-1.239782E-05,5.00048E-05,-6.66667E-04
2.621311,-1.883518E-05,1.240529E-06,.001
2.622311,1.382834E-05,-4.982605E-06,-6.66667E-04
2.623312,-7.629453E-06,7.204741E-06,6.66667E-04
2.624312,-1.955044E-05,-7.443159E-06,-.001
2.625313,3.528618E-05,-1.21147E-05,-.002
2.626313,2.884876E-05,3.555254E-05,-.002
2.627314,7.629453E-06,-1.510239E-05,-.002
2.628314,6.437331E-06,-3.715992E-06,.001
2.629315,-1.287466E-05,3.215321E-05,6.66667E-04
2.630315,1.978886E-05,-1.098408E-05,-.001
2.631316,2.574932E-05,2.440083E-07,-6.66667E-04
2.632316,-1.239782E-05,-1.094682E-05,-.001
2.633317,2.455723E-05,-3.030908E-05,-3.66667E-03
2.634317,3.409409E-05,9.113981E-06,-6.66667E-04
2.635318,-2.312672E-05,5.460926E-05,-.002
2.636318,-2.622619E-06,4.187808E-05,-.002
2.637319,-2.884876E-05,4.503154E-05,-6.66667E-04
2.638319,-8.583115E-05,2.356444E-05,6.66667E-04
2.63932,-1.6451E-05,1.621258E-05,-6.66667E-04
2.64032,-2.93256E-05,2.216187E-05,-6.66667E-04
2.641321,-4.053139E-05,-3.737793E-05,-.001
2.642321,-1.668937E-06,-4.409649E-05,-.002
2.643322,-2.622616E-05,2.954912E-05,.001
2.644322,-2.837193E-05,-2.234254E-05,2.33333E-03
2.645323,-1.287466E-05,-9.020849E-06,-6.66667E-04
2.646323,-1.621258E-05,3.002223E-05,.001
2.647324,9.77522E-06,-8.903502E-06,6.66667E-04
2.648324,4.768395E-05,-2.45237E-05,-.002
2.649325,-1.406675E-05,-1.347257E-05,-.001
2.650325,-1.764309E-05,-5.461113E-05,-.002
2.651326,-4.529982E-06,-2.217304E-05,-6.66667E-04
2.652326,-3.600144E-05,-1.944613E-05,-.001
2.653327,-3.051781E-05,-4.052394E-05,-.002
2.654327,-2.6703E-05,2.604548E-05,6.66667E-04
2.655328,-4.220032E-05,1.802866E-05,.002
2.656328,3.337875E-06,-2.118398E-05,.001
2.657329,-2.622619E-06,-2.159562E-05,6.66667E-04
2.658329,-7.152594E-07,-5.391636E-05,6.66667E-04
2.65933,1.859677E-05,-1.171051E-05,-.001
2.66033,2.622619E-06,-7.087394E-06,-.002
2.661331,1.716625E-05,-2.794352E-05,-6.66667E-04
2.662331,5.793595E-05,2.109085E-05,-.001
2.663332,3.218674E-05,3.451691E-05,.001
2.664332,2.002728E-05,3.065928E-06,.001
2.665333,5.340599E-05,3.081956E-05,-.002
2.666333,9.536801E-06,4.635402E-05,.002
2.667334,3.194832E-05,2.715376E-05,-.001
2.668334,6.556557E-05,4.000613E-05,-.001
2.669335,3.814721E-05,-3.093868E-06,-6.66667E-04
2.670335,5.936646E-05,-2.205942E-05,-.001
2.671336,4.243874E-05,1.958956E-05,.001
2.672336,6.675749E-06,8.596166E-06,.001
2.673337,3.147149E-05,-8.201285E-06,-6.66667E-04
2.674337,2.93256E-05,4.046806E-05,-.002
2.675338,2.002728E-05,2.518494E-05,-.001
2.676338,7.343339E-05,1.290446E-05,6.66667E-04
2.677339,6.699609E-05,1.806032E-05,6.66667E-04
2.678339,7.581757E-05,8.152856E-06,-6.66667E-04
2.67934,6.628083E-05,9.77896E-07,6.66667E-04
2.68034,2.646458E-05,2.195139E-05,-6.66667E-04
2.681341,1.478201E-05,-6.761438E-07,-.002
2.682341,4.482293E-05,2.229412E-05,-.001
2.683342,4.649186E-05,4.178495E-05,-.001
2.684342,4.57766E-05,1.413755E-06,-.002
2.685343,6.079697E-05,1.746241E-05,-.002
2.686343,-1.430519E-06,4.147203E-05,-.002
2.687344,3.647828E-05,-4.414498E-06,.001
2.688344,3.194832E-05,1.914252E-05,-.001
2.689345,2.312672E-05,4.984468E-06,-6.66667E-04
2.690345,4.649186E-05,-2.074253E-05,-.001
2.691346,4.482293E-05,1.345394E-05,-6.66667E-04
2.692346,3.099465E-05,-9.048788E-06,-.001
2.693347,3.123307E-05,-4.025945E-05,-.002
2.694347,-7.629453E-06,-2.526131E-05,-.001
2.695348,-4.053145E-06,-3.163167E-05,.002
2.696348,2.217304E-05,-1.192471E-05,-.002
2.697349,-7.152594E-07,1.106603E-05,-6.66667E-04
2.698349,-3.218674E-05,-2.026942E-05,-.001
2.69935,8.583127E-06,3.688056E-07,-.001
2.70035,-4.19619E-05,2.009619E-05,-.002
2.701351,-2.479565E-05,-2.732512E-05,-.001
2.702351,4.386925E-05,4.190602E-05,-.002
2.703352,2.527249E-05,4.655146E-05,.001
2.704352,1.955044E-05,-4.475965E-06,6.66667E-04
2.705353,2.264988E-05,1.923565E-05,-.002
2.706353,-7.152594E-07,1.654599E-05,6.66667E-04
2.707354,3.743195E-05,-1.618837E-05,-.002
2.708354,2.384197E-05,4.741573E-05,-.002
2.709355,1.597416E-05,4.293234E-05,-2.33333E-03
2.710355,3.647828E-05,-1.244253E-05,-6.66667E-04
2.711356,-2.3842E-06,1.716067E-05,-6.66667E-04
2.712356,1.096731E-05,1.012726E-05,.001
2.713357,6.008171E-05,-4.043832E-06,-2.33333E-03
2.714357,4.148507E-05,1.518807E-05,.002
2.715358,2.598774E-05,-2.866623E-05,-.002
2.716358,2.336514E-05,-4.617707E-05,-.002
2.717359,-2.598774E-05,-3.571832E-05,-.001
2.718359,4.029297E-05,-2.521102E-05,-.001
2.71936,4.57766E-05,-7.109746E-06,-6.66667E-04
2.72036,-2.384197E-05,2.50974E-05,-.002
2.721361,-1.859677E-05,-1.564629E-06,.001
2.722361,1.907363E-06,3.388361E-05,-.001
2.723362,-9.536801E-06,2.895866E-05,.001
2.724362,2.813351E-05,-2.316583E-05,-.001
2.725363,1.144415E-05,-5.532085E-06,-.001
2.726363,-5.364441E-05,-8.670671E-06,6.66667E-04
2.727364,-2.145779E-05,-3.441446E-05,.001
2.728364,-1.668937E-06,-2.040912E-05,6.66667E-04
2.729365,-1.573574E-05,-3.655464E-05,-.002
2.730365,2.861035E-05,-3.76238E-05,.002
2.731366,1.931202E-05,4.589587E-06,6.66667E-04
2.732366,-6.19893E-05,-2.472114E-05,-6.66667E-04
2.733367,-2.622616E-05,-4.281872E-05,6.66667E-04
2.734367,-2.622619E-06,-1.459947E-05,6.66667E-04
2.735368,-1.811993E-05,-3.667199E-05,-.001
2.736368,1.215941E-05,-2.756733E-07,-3.66667E-03
2.737369,-5.006819E-06,2.011482E-05,6.66667E-04
2.738369,-1.168257E-05,-5.337433E-05,-.001
2.73937,1.549732E-05,-4.43554E-05,-.002
2.74037,1.430517E-05,-1.079967E-05,-6.66667E-04
2.741371,3.099465E-05,-4.45547E-05,-.001
2.742371,2.145779E-05,4.302739E-06,-.002
2.743372,-2.622616E-05,-1.292123E-05,-.001
2.744372,-7.629453E-06,-2.051343E-05,.001
2.745373,2.074253E-05,2.244499E-05,-2.33333E-03
2.746373,2.861038E-06,-4.011043E-05,6.66667E-04
2.747374,9.536801E-06,-2.689112E-05,-.001
2.748374,-1.358992E-05,4.024082E-05,-6.66667E-04
2.749375,-3.886246E-05,1.647335E-05,-.001
2.750375,-5.722075E-06,2.356258E-05,-6.66667E-04
2.751376,1.311308E-05,3.484846E-05,-6.66667E-04
2.752376,1.072889E-05,-3.103563E-05,-.002
2.753377,1.859677E-05,-1.064694E-05,6.66667E-04
2.754377,-1.668937E-06,9.208976E-06,6.66667E-04
2.755378,9.536816E-07,-1.872343E-05,-.001
2.756378,-2.145782E-06,2.60213E-06,-6.66667E-04
2.757379,-3.600144E-05,1.322298E-05,-6.66667E-04
2.758379,-4.148507E-05,-1.711783E-05,-.001
2.75938,-1.835835E-05,4.365318E-05,-6.66667E-04
2.76038,-3.600144E-05,1.760584E-05,6.66667E-04
2.761381,-3.457093E-05,-1.863029E-05,-6.66667E-04
2.762381,-1.454359E-05,2.423127E-05,.002
2.763382,-2.28883E-05,7.823146E-07,-.001
2.764382,-2.145782E-06,-1.453614E-05,-.001
2.765383,-1.168257E-05,4.23512E-05,-.001
2.766383,-1.025206E-05,-2.51086E-06,-6.66667E-04
2.767384,5.960488E-05,-5.256414E-06,-.002
2.768384,2.622616E-05,2.582755E-05,-.001
2.769385,1.1921E-06,-4.01719E-05,-.001
2.770385,0,-2.544571E-05,.002
2.771386,1.621258E-05,2.251391E-05,-.001
2.772386,9.536816E-07,-2.891768E-05,-.002
2.773387,-4.792237E-05,1.210353E-05,.001
2.774387,-6.985711E-05,5.460926E-05,-.002
2.775388,-3.075623E-05,-6.338611E-06,-.002
2.776388,2.145782E-06,-1.326768E-05,-.001
2.777389,-1.120573E-05,3.089407E-05,-.002
2.778389,4.57766E-05,9.574054E-06,6.66667E-04
2.77939,7.152604E-05,2.730091E-05,-.001
2.78039,-7.152594E-07,-8.10629E-06,-.002
2.781391,1.215941E-05,-4.3493E-05,-.002
2.782391,3.147149E-05,5.066424E-06,-.002
2.783392,1.33515E-05,-9.877665E-06,-.002
2.784392,2.55109E-05,-2.7476E-05,.001
2.785393,1.072889E-05,3.525638E-05,-.001
2.786393,-2.098095E-05,1.456967E-05,-3.66667E-03
2.787394,-1.430517E-05,-3.071898E-05,.001
2.788394,-3.385567E-05,1.571339E-05,-.001
2.789395,-2.956402E-05,-1.77027E-05,-6.66667E-04
2.790395,2.02657E-05,-6.71114E-06,6.66667E-04
2.791396,-1.668937E-06,3.889971E-05,-.002
2.792396,-1.740467E-05,-1.417106E-05,-2.33333E-03
2.793397,2.145782E-06,1.111819E-05,-2.33333E-03
2.794397,-2.002728E-05,-7.743074E-06,-6.66667E-04
2.795398,-1.192099E-05,-3.239722E-05,-.002
2.796398,-1.668937E-06,2.076116E-05,2.33333E-03
2.797399,-3.886246E-05,4.036562E-05,6.66667E-04
2.798399,-5.412125E-05,8.883013E-06,.001
2.7994,-5.006819E-06,4.02017E-05,-6.66667E-04
2.8004,-6.914168E-06,1.640071E-05,-.001
2.801401,1.096731E-05,-1.925242E-05,-6.66667E-04
2.802401,1.1921E-06,2.276909E-05,-6.66667E-04
2.803402,-4.053145E-06,8.583127E-06,6.66667E-04
2.804402,2.02657E-05,-4.034699E-05,.001
2.805403,1.978886E-05,-2.465968E-05,6.66667E-04
2.806403,-8.821546E-06,-2.637517E-05,-6.66667E-04
2.807404,3.910088E-05,-2.952304E-05,-.001
2.808404,-7.867871E-06,1.790759E-05,6.66667E-04
2.809405,-2.717983E-05,-1.057057E-05,-6.66667E-04
2.810405,3.576302E-05,-1.683838E-06,-2.33333E-03
2.811406,-6.437331E-06,1.181854E-05,-.001
2.812406,-5.98433E-05,-1.435919E-05,.001
2.813407,4.768401E-06,2.108898E-05,-6.66667E-04
2.814407,-1.525891E-05,7.990806E-06,-3.66667E-03
2.815408,-2.622619E-06,-4.034699E-05,-6.66667E-04
2.816408,3.838562E-05,4.278525E-06,.002
2.817409,-5.960494E-06,5.826383E-06,.001
2.818409,-5.245238E-06,-6.500661E-06,-6.66667E-04
2.81941,-1.502043E-05,2.336327E-05,-.001
2.82041,-5.269074E-05,-1.262881E-06,-.002
2.821411,5.006819E-06,-1.494779E-05,-6.66667E-04
2.822411,1.668942E-05,3.90748E-05,.001
2.823412,-1.1921E-06,-1.702097E-05,-.001
2.824412,8.10629E-06,8.693023E-06,6.66667E-04
2.825413,3.337875E-06,5.334266E-05,.001
2.826413,1.406675E-05,2.51868E-05,-.002
2.827414,7.653283E-05,1.568359E-05,-6.66667E-04
2.828414,4.744553E-05,4.423247E-05,-.002
2.829415,-1.144415E-05,1.011981E-05,6.66667E-04
2.830415,-1.049048E-05,-1.141435E-05,-.002
2.831416,-2.050411E-05,1.084067E-06,6.66667E-04
2.832416,-2.884876E-05,-4.12392E-05,-.001
2.833417,9.298383E-06,-5.461113E-05,6.66667E-04
2.834417,-1.430517E-05,-3.573881E-05,-6.66667E-04
2.835418,3.337875E-06,-4.054816E-05,-6.66667E-04
2.836418,4.935288E-05,-1.387304E-05,-6.66667E-04
2.837419,-3.814726E-06,-2.159376E-05,.001
2.838419,1.025206E-05,-2.106105E-05,6.66667E-04
2.83942,9.77522E-06,1.934555E-05,6.66667E-04
2.84042,-9.059964E-06,-2.776657E-05,.001
2.841421,5.722075E-06,-2.66229E-05,-6.66667E-04
2.842421,2.861038E-06,2.261822E-05,-6.66667E-04
2.843422,-2.121937E-05,1.318945E-05,-2.33333E-03
2.844422,9.536816E-07,-6.893679E-06,-.001
2.845423,1.668942E-05,8.089526E-06,-2.33333E-03
2.846423,2.789509E-05,-2.003659E-05,-.001
2.847424,3.027928E-05,-2.520357E-05,-6.66667E-04
2.848424,-1.072889E-05,2.695073E-05,2.33333E-03
2.849425,-8.821546E-06,-2.939079E-05,-6.66667E-04
2.850425,4.076981E-05,-3.420212E-05,6.66667E-04
2.851426,4.792237E-05,3.220528E-06,6.66667E-04
2.852426,4.529976E-05,-1.917605E-05,.002
2.853427,5.102181E-05,6.515562E-06,2.33333E-03
2.854427,4.291564E-06,1.711596E-05,-.002
2.855428,-5.006819E-06,-2.435793E-05,-.002
2.856428,-2.574932E-05,-9.428768E-06,-6.66667E-04
2.857429,-3.55246E-05,-3.9479E-05,-.001
2.858429,-3.194832E-05,-5.461113E-05,-6.66667E-04
2.85943,-3.433251E-05,-1.461437E-05,-6.66667E-04
2.86043,-8.13012E-05,4.811242E-06,-.001
2.861431,-4.267716E-05,2.103683E-05,.001
2.862431,-3.504776E-05,5.460926E-05,-.001
2.863432,-2.503407E-05,2.182659E-05,-.001
2.864432,4.291564E-06,2.142799E-05,.001
2.865433,-2.169621E-05,5.460926E-05,-.001
2.866433,-5.054497E-05,1.490122E-05,-2.33333E-03
2.867434,-8.344708E-06,6.385177E-06,-.001
2.868434,-7.152586E-06,2.151739E-05,-6.66667E-04
2.869435,-1.430517E-05,-1.728919E-05,-3.66667E-03
2.870435,2.169621E-05,4.544883E-06,.001
2.871436,9.536801E-06,1.194148E-05,-.001
2.872436,-5.006819E-06,-2.54066E-05,6.66667E-04
2.873437,0,1.586981E-06,-6.66667E-04
2.874437,-1.955044E-05,1.139945E-05,-6.66667E-04
2.875438,-2.217304E-05,-1.000805E-05,-.002
2.876438,2.193463E-05,1.800258E-05,.002
2.877439,-1.740467E-05,-2.993655E-05,-3.66667E-03
2.878439,-1.406675E-05,-4.596659E-05,.001
2.87944,3.814726E-06,-2.15882E-06,-3.66667E-03
2.88044,-1.215941E-05,-5.461113E-05,.001
2.881441,1.859677E-05,-4.625903E-05,-6.66667E-04
2.882441,2.193463E-05,-7.655508E-07,-6.66667E-04
2.883442,1.358992E-05,-4.589587E-06,-.001
2.884442,5.030655E-05,7.027789E-06,-.001
2.885443,5.292916E-05,3.872835E-05,6.66667E-04
2.886443,4.816079E-05,1.118338E-05,-6.66667E-04
2.887444,4.887604E-05,4.787394E-05,-.001
2.888444,3.051781E-05,5.197362E-05,-.001
2.889445,4.601502E-05,-3.553019E-05,6.66667E-04
2.890445,5.960488E-05,-2.952677E-05,-6.66667E-04
2.891446,4.887604E-05,-5.035871E-05,-.002
2.892446,5.626702E-05,-5.461113E-05,6.66667E-04
2.893447,6.818818E-05,-3.130571E-05,.001
2.894447,3.528618E-05,-1.587544E-05,-.001
2.895448,7.653283E-05,-4.378171E-05,6.66667E-04
2.896448,9.036111E-05,-1.980003E-05,-6.66667E-04
2.897449,5.030655E-05,-1.120387E-05,-.001
2.898449,5.412125E-05,-1.439272E-05,-.002
2.89945,6.580399E-05,2.442684E-05,6.66667E-04
2.90045,4.935288E-05,-4.06208E-05,-.001
2.901451,6.127404E-05,-5.461113E-05,-6.66667E-04
2.902451,3.147149E-05,3.352784E-08,6.66667E-04
2.903452,1.811993E-05,-2.417539E-05,-6.66667E-04
2.904452,5.793595E-05,-1.038803E-05,.001
2.905453,2.28883E-05,5.460926E-05,-6.66667E-04
2.906453,2.503407E-05,4.789256E-05,-6.66667E-04
2.907454,1.430517E-05,1.740281E-05,-6.66667E-04
2.908454,-6.055855E-05,2.233326E-06,.002
2.909455,-3.767037E-05,-3.562146E-05,6.66667E-04
2.910455,9.536816E-07,-1.492543E-05,-.001
2.911456,-2.884876E-05,7.709546E-06,-.002
2.912456,1.907363E-06,-1.090957E-05,-6.66667E-04
2.913457,9.298383E-06,2.544385E-05,.001
2.914457,-1.144415E-05,2.904248E-05,6.66667E-04
2.915458,2.93256E-05,1.50167E-05,-.002
2.916458,2.598774E-05,4.885369E-05,.001
2.917459,-2.145782E-06,2.102565E-05,-6.66667E-04
2.918459,1.835835E-05,4.200294E-06,-6.66667E-04
2.91946,5.960494E-06,3.064447E-05,-.001
2.92046,-2.074253E-05,-1.493475E-05,6.66667E-04
2.921461,7.629453E-06,-6.867602E-06,-.001
2.922461,-6.914168E-06,2.628763E-05,-2.33333E-03
2.923462,-2.55109E-05,1.626473E-05,-6.66667E-04
2.924462,2.217304E-05,-2.302244E-06,-.001
2.925463,-9.536816E-07,1.28337E-06,6.66667E-04
2.926463,-3.576293E-06,-1.983915E-05,.002
2.927464,1.716625E-05,-9.177311E-06,.001
2.928464,7.867871E-06,4.5622E-05,-6.66667E-04
2.929465,2.408039E-05,-4.269212E-06,6.66667E-04
2.930465,5.745911E-05,1.3467E-06,6.66667E-04
2.931466,1.049048E-05,4.833593E-06,-6.66667E-04
2.932466,1.955044E-05,-8.946343E-06,-6.66667E-04
2.933467,1.811993E-05,3.717677E-05,-.001
2.934467,-1.263624E-05,3.414066E-05,-6.66667E-04
2.935468,7.629453E-06,-1.215568E-05,-6.66667E-04
2.936468,-4.053145E-06,2.27635E-05,-2.33333E-03
2.937469,-3.93393E-05,2.414E-05,6.66667E-04
2.938469,7.152586E-06,1.510612E-06,-.002
2.93947,4.768401E-06,2.111134E-05,-6.66667E-04
2.94047,-6.914168E-06,-1.946662E-05,-.001
2.941471,1.430517E-05,-3.253506E-05,-.002
2.942471,-1.549732E-05,6.228714E-06,.001
2.943472,-2.908718E-05,-1.254684E-05,-6.66667E-04
2.944472,1.144415E-05,7.841772E-07,-.002
2.945473,-7.391005E-06,6.478309E-06,.002
2.946473,-2.479565E-05,-3.586174E-05,-2.33333E-03
2.947474,-1.692784E-05,9.760333E-07,6.66667E-04
2.948474,8.821546E-06,6.994262E-06,-6.66667E-04
2.949475,1.573574E-05,-4.620687E-05,6.66667E-04
2.950475,3.147149E-05,-2.124358E-05,-6.66667E-04
2.951476,-1.90736E-05,9.916781E-06,-6.66667E-04
2.952476,-2.384204E-07,-1.627959E-06,.002
2.953477,7.152586E-06,2.29032E-05,-.001
2.954477,1.025206E-05,1.940143E-05,-6.66667E-04
2.955478,2.360356E-05,-3.213086E-05,-2.33333E-03
2.956478,-2.336514E-05,2.102565E-05,6.66667E-04
2.957479,-5.555176E-05,3.691413E-05,-.002
2.958479,8.821546E-06,2.253626E-05,.001
2.95948,2.765667E-05,3.584125E-05,-.002
2.96048,1.192099E-05,7.361203E-06,-6.66667E-04
2.961481,5.626702E-05,8.052273E-06,6.66667E-04
2.962481,2.6703E-05,2.399471E-05,.001
2.963482,1.239782E-05,-5.085058E-07,6.66667E-04
2.964482,3.862404E-05,-1.113309E-05,.001
2.965483,-3.099456E-06,3.427282E-06,-.002
2.966483,-7.391005E-06,-1.250586E-05,6.66667E-04
2.967484,3.242516E-05,2.088409E-05,-6.66667E-04
2.968484,-1.668937E-06,3.645034E-05,-.001
2.969485,-4.768408E-07,-1.482671E-05,-2.33333E-03
2.970485,6.437331E-06,4.877732E-05,-.001
2.971486,-2.503407E-05,1.778093E-05,-.002
2.972486,-3.55246E-05,-2.7381E-05,-.001
2.973487,-9.298383E-06,1.276477E-05,-6.66667E-04
2.974487,-2.336514E-05,-2.120261E-05,-.002
2.975488,4.529982E-06,-2.619263E-05,.001
2.976488,1.859677E-05,2.454978E-05,-6.66667E-04
2.977489,-2.241146E-05,-1.456967E-05,-.002
2.978489,1.120573E-05,-2.099772E-05,-.001
2.97949,2.145779E-05,7.798953E-06,-.001
2.98049,-1.33515E-05,-2.639566E-05,.001
2.981491,1.478201E-05,-1.269585E-05,-.001
2.982491,-1.788151E-05,1.176825E-05,-.001
2.983492,-3.337875E-06,-2.25791E-05,-3.66667E-03
2.984492,4.19619E-05,-3.241771E-05,6.66667E-04
2.985493,2.694142E-05,-2.770138E-05,.001
2.986493,-1.597416E-05,-3.827014E-05,-6.66667E-04
2.987494,5.245238E-06,1.809758E-05,6.66667E-04
2.988494,9.77522E-06,4.477822E-05,-.001
2.989495,2.312672E-05,1.017941E-05,6.66667E-04
2.990495,5.936646E-05,3.689551E-05,6.66667E-04
2.991496,1.049048E-05,-7.400318E-06,.001
2.992496,4.768408E-07,-4.596659E-05,.001
2.993497,1.90736E-05,4.686444E-06,6.66667E-04
2.994497,3.576293E-06,-2.604362E-05,-.004
2.995498,8.10629E-06,-5.461113E-05,.001
2.996498,-1.239782E-05,-3.73947E-05,-.001
2.997499,-3.814726E-06,-5.314895E-05,-6.66667E-04
2.998499,2.6703E-05,-5.461113E-05,-.001
2.9995,2.479565E-05,3.539049E-08,-6.66667E-04
3.0005,3.814726E-06,-6.871327E-06,6.66667E-04
3.001501,9.536801E-06,-3.879354E-05,-.002
3.002501,-3.862404E-05,1.971249E-05,-.001
3.003502,-3.838562E-05,-1.740654E-05,-6.66667E-04
3.004502,1.859677E-05,9.270443E-06,-.002
3.005503,1.406675E-05,3.180117E-05,.001
3.006503,6.437331E-06,-8.01502E-06,-.002
3.007504,1.978886E-05,-1.646776E-05,-.002
3.008504,-2.312672E-05,-7.247581E-06,-.001
3.009505,-2.813351E-05,-2.846133E-05,-.001
3.010505,3.814726E-06,-2.907228E-05,6.66667E-04
3.011506,-3.17099E-05,-2.10182E-05,-6.66667E-04
3.012506,-3.814726E-06,-1.141621E-05,-.002
3.013507,2.02657E-05,3.646896E-05,-.002
3.014507,-1.621258E-05,2.268341E-05,-.001
3.015508,-1.072889E-05,-5.295529E-06,-.001
3.016508,-1.621258E-05,5.460926E-05,6.66667E-04
3.017509,-5.126023E-05,5.460926E-05,6.66667E-04
3.018509,-4.053145E-06,1.136033E-05,6.66667E-04
3.01951,3.695511E-05,3.888854E-05,-.001
3.02051,3.361725E-05,1.765986E-05,-.001
3.021511,5.793595E-05,1.787592E-05,.001
3.022511,4.19619E-05,1.944799E-05,-.001
3.023512,9.059964E-06,-4.306831E-05,-6.66667E-04
3.024512,1.096731E-05,-4.607649E-05,6.66667E-04
3.025513,-5.960494E-06,9.618758E-06,-.001
3.026513,7.867871E-06,-7.431983E-06,.001
3.027514,2.264988E-05,4.575984E-05,-.001
3.028514,-1.215941E-05,4.2286E-05,6.66667E-04
3.029515,-2.121937E-05,-4.418223E-06,2.33333E-03
3.030515,1.883518E-05,7.180526E-06,6.66667E-04
3.031516,-4.768408E-07,2.3367E-05,-.002
3.032516,6.914168E-06,-6.763294E-06,-6.66667E-04
3.033517,7.629453E-06,2.647762E-05,6.66667E-04
3.034517,-1.406675E-05,2.452557E-05,-2.33333E-03
3.035518,-4.768408E-07,8.45833E-06,-6.66667E-04
3.036518,1.716625E-05,5.460926E-05,-6.66667E-04
3.037519,-7.152594E-07,4.802295E-05,-.002
3.038519,2.813351E-05,-1.75481E-05,6.66667E-04
3.03952,1.120573E-05,8.208735E-06,-6.66667E-04
3.04052,-2.55109E-05,1.691107E-05,-.001
3.041521,-1.859677E-05,2.081704E-05,-.001
3.042521,-2.264988E-05,1.296779E-05,-.001
3.043522,-2.980244E-05,-1.516013E-05,-6.66667E-04
3.044522,2.789509E-05,1.639137E-07,.001
3.045523,1.144415E-05,2.414931E-05,-.001
3.046523,6.437331E-06,4.150002E-06,-6.66667E-04
3.047524,9.298383E-06,2.664712E-05,-6.66667E-04
3.048524,-2.837193E-05,5.460926E-05,6.66667E-04
3.049525,-1.454359E-05,1.423067E-05,6.66667E-04
3.050525,2.098095E-05,2.634351E-05,.002
3.051526,-2.193463E-05,1.939584E-05,-6.66667E-04
3.052526,-4.529976E-05,-3.275485E-05,-6.66667E-04
3.053527,-1.955044E-05,1.0524E-05,-.002
3.054527,-2.098095E-05,1.328444E-05,.001
3.055528,3.099456E-06,-1.279457E-05,.001
3.056528,3.027928E-05,-1.568354E-06,6.66667E-04
3.057529,-1.049048E-05,2.201661E-06,-6.66667E-04
3.058529,3.576302E-05,3.827765E-06,-.001
3.05953,3.814721E-05,2.956588E-05,.001
3.06053,1.811993E-05,1.730409E-05,.001
3.061531,3.099465E-05,2.722454E-05,-6.66667E-04
3.062531,6.914168E-06,3.429898E-05,-.002
3.063532,-2.765667E-05,-1.415989E-05,-.002
3.064532,3.480935E-05,-5.336507E-06,-6.66667E-04
3.065533,1.692784E-05,4.585297E-05,-.001
3.066533,4.768408E-07,-5.461113E-05,-6.66667E-04
3.067534,5.245238E-06,-4.098774E-05,-6.66667E-04
3.068534,-2.336514E-05,-3.935606E-05,-6.66667E-04
3.069535,-3.671669E-05,-5.455897E-05,.002
3.070535,9.536816E-07,-7.009163E-06,-.001
3.071536,-5.22139E-05,5.677372E-06,-6.66667E-04
3.072536,-5.316758E-05,-5.461113E-05,-.001
3.073537,-3.075623E-05,-3.89351E-05,3.66667E-03
3.074537,-6.19893E-05,-3.367686E-05,-3.66667E-03
3.075538,-6.318139E-05,-5.461113E-05,6.66667E-04
3.076538,-1.168257E-05,-2.993655E-05,-6.66667E-04
3.077539,-1.120573E-05,-2.553512E-05,.001
3.078539,3.266358E-05,-1.863961E-05,-6.66667E-04
3.07954,6.151246E-05,4.928769E-05,2.33333E-03
3.08054,5.793595E-05,2.297771E-05,-.002
3.081541,6.19893E-05,2.997566E-05,-.001
3.082541,4.243874E-05,4.890398E-05,.002
3.083542,3.194832E-05,-5.038484E-06,-.001
3.084542,4.529976E-05,-1.629822E-06,-6.66667E-04
3.085543,7.629453E-06,2.561149E-05,-6.66667E-04
3.086543,-2.908718E-05,-4.285225E-05,2.33333E-03
3.087544,1.788151E-05,-5.461113E-05,-.001
3.088544,4.267716E-05,-1.232332E-05,.002
3.089545,8.368539E-05,7.441296E-06,-6.66667E-04
3.090545,1.304159E-04,3.330247E-05,2.33333E-03
3.091546,1.323232E-04,4.239404E-05,-.002
3.092546,1.997957E-04,-3.25928E-05,6.66667E-04
3.093547,2.61547E-04,1.366815E-05,.002
3.094547,2.412805E-04,4.561455E-05,-6.66667E-04
3.095548,3.061313E-04,2.421823E-05,-6.66667E-04
3.096548,3.273506E-04,2.584804E-05,.001
3.097549,2.906341E-04,-4.699483E-06,-6.66667E-04
3.098549,3.318805E-04,-3.287592E-05,-3.66667E-03
3.09955,3.218669E-04,-2.639007E-05,-6.66667E-04
3.10055,2.396116E-04,-3.702031E-05,.001
3.101551,2.737064E-04,-5.461113E-05,-.001
3.102551,1.919279E-04,-2.340612E-05,.001
3.103552,8.630799E-05,-3.153668E-05,6.66667E-04
3.104552,1.328001E-04,-3.040407E-05,-.002
3.105553,1.213555E-04,-2.836261E-05,-.001
3.106553,6.175088E-05,-2.253253E-05,-6.66667E-04
3.107554,7.247971E-05,1.301996E-06,.001
3.108554,3.147149E-05,-1.518063E-06,-6.66667E-04
3.109555,1.215941E-05,-5.461113E-05,.001
3.110555,4.410767E-05,-1.660374E-05,6.66667E-04
3.111556,1.311308E-05,1.406675E-05,-.002
3.112556,6.675749E-06,-3.097043E-05,-2.33333E-03
3.113557,5.60286E-05,-3.025506E-05,-.002
3.114557,5.722075E-06,-3.542029E-05,-2.33333E-03
3.115558,3.027928E-05,-2.491858E-05,-.001
3.116558,3.981614E-05,-8.428528E-06,-6.66667E-04
3.117559,5.483656E-06,-1.603004E-05,-.001
3.118559,3.862404E-05,-4.527369E-05,.001
3.11956,3.361725E-05,-2.095487E-05,-2.33333E-03
3.12056,-7.391005E-06,8.363313E-07,-6.66667E-04
3.121561,3.266358E-05,4.656631E-07,-.002
3.122561,3.218674E-05,3.723265E-05,-2.33333E-03
3.123562,-1.668937E-06,3.070408E-05,.001
3.124562,4.601502E-05,1.370354E-05,-.002
3.125563,4.148507E-05,3.713206E-05,-6.66667E-04
3.126563,3.576302E-05,2.184897E-06,.001
3.127564,7.009553E-05,-1.704332E-05,-6.66667E-04
3.128564,3.218674E-05,-1.037499E-05,-6.66667E-04
3.129565,-9.059964E-06,-3.027555E-05,2.33333E-03
3.130565,-5.006819E-06,-2.614234E-05,-.001
3.131566,-2.145779E-05,2.916917E-06,-6.66667E-04
3.132566,-3.147149E-05,-2.792303E-05,3.66667E-03
3.133567,-2.55109E-05,-2.468019E-06,-.002
3.134567,-6.127404E-05,-9.780808E-06,6.66667E-04
3.135568,-3.242516E-05,-5.461113E-05,6.66667E-04
3.136568,1.311308E-05,-4.5622E-05,-3.66667E-03
3.137569,-9.536801E-06,-3.944733E-05,-.001
3.138569,5.006819E-06,-5.461113E-05,-6.66667E-04
3.13957,-7.629453E-06,-1.523836E-05,-3.66667E-03
3.14057,-2.527249E-05,9.26113E-06,-.001
3.141571,1.716625E-05,-2.394815E-05,-6.66667E-04
3.142571,3.099456E-06,2.348248E-05,6.66667E-04
3.143572,-2.169621E-05,2.121564E-05,.001
3.144572,4.482293E-05,-7.193565E-06,-.001
3.145573,3.480935E-05,-1.216499E-05,-.001
3.146573,-3.337875E-06,-2.562266E-05,.001
3.147574,3.814721E-05,-1.897116E-05,6.66667E-04
3.148574,2.408039E-05,-1.765795E-06,-6.66667E-04
3.149575,1.716625E-05,6.618007E-06,-6.66667E-04
3.150575,3.623986E-05,2.558727E-05,-2.33333E-03
3.151576,-2.169621E-05,3.809691E-05,-.001
3.152576,-2.050411E-05,6.146758E-06,6.66667E-04
3.153577,4.053145E-06,1.546007E-05,-6.66667E-04
3.154577,-2.169621E-05,6.17656E-06,6.66667E-04
3.155578,1.621258E-05,-3.065565E-05,6.66667E-04
3.156578,2.598774E-05,1.704518E-05,-6.66667E-04
3.157579,-1.096731E-05,4.39065E-05,-.001
3.158579,2.336514E-05,4.261761E-06,-.002
3.15958,3.576302E-05,-1.545448E-05,-6.66667E-04
3.16058,4.291564E-06,-2.815959E-05,6.66667E-04
3.161581,6.437331E-06,-1.793925E-05,.001
3.162581,1.811993E-05,2.522406E-05,-2.33333E-03
3.163582,-7.867871E-06,-2.248227E-06,-6.66667E-04
3.164582,1.931202E-05,1.130445E-05,.002
3.165583,5.960494E-06,5.460926E-05,-.001
3.166583,-4.220032E-05,-7.076218E-06,-6.66667E-04
3.167584,-5.722075E-06,1.039176E-05,-.001
3.168584,1.525891E-05,3.994466E-05,-6.66667E-04
3.169585,-1.716625E-05,-1.005836E-06,-.002
3.170585,2.93256E-05,2.626714E-05,-.001
3.171586,2.479565E-05,3.387243E-05,-.001
3.172586,3.099456E-06,-1.293799E-05,-.001
3.173587,1.502043E-05,1.80566E-05,-2.33333E-03
3.174587,-1.668942E-05,2.621312E-05,-.002
3.175588,9.536801E-06,8.676259E-06,6.66667E-04
3.176588,5.22139E-05,3.094994E-05,-6.66667E-04
3.177589,-6.675749E-06,2.24096E-05,-6.66667E-04
3.178589,-1.239782E-05,-2.327759E-05,-6.66667E-04
3.17959,2.384197E-05,9.853466E-07,6.66667E-04
3.18059,-2.050411E-05,2.804038E-05,2.33333E-03
3.181591,4.291564E-06,-7.994531E-06,6.66667E-04
3.182591,-1.001364E-05,-3.834092E-05,-.002
3.183592,-6.651925E-05,-5.461113E-05,-.001
3.184592,-1.454359E-05,-5.461113E-05,-6.66667E-04
3.185593,1.33515E-05,-6.431743E-06,.002
3.186593,5.483656E-06,-7.847382E-06,6.66667E-04
3.187594,3.695511E-05,-3.493601E-05,6.66667E-04
3.188594,1.978886E-05,-2.665457E-05,-6.66667E-04
3.189595,-1.668937E-06,-5.461113E-05,-6.66667E-04
3.190595,1.573574E-05,-5.461113E-05,-2.33333E-03
3.191596,2.3842E-06,-1.596857E-05,-.002
3.192596,-1.1921E-06,-4.834891E-05,-.002
3.193597,3.790879E-05,-3.44275E-05,-.001
3.194597,-1.740467E-05,-2.034206E-05,-6.66667E-04
3.195598,-2.098095E-05,-4.021847E-05,.002
3.196598,6.437331E-06,-2.847251E-05,.001
3.197599,-3.337883E-05,2.086172E-07,-.002
3.198599,-2.765667E-05,-2.31975E-05,-2.33333E-03
3.1996,-9.059964E-06,2.919149E-05,.001
3.2006,-2.6703E-05,4.51731E-05,-.001
3.201601,-2.3842E-06,2.169434E-05,-2.33333E-03
3.202601,-6.914168E-06,2.898474E-05,-.001
3.203602,-4.100823E-05,2.005522E-05,6.66667E-04
3.204602,-2.002728E-05,7.830618E-06,-6.66667E-04
3.205603,9.536801E-06,5.460926E-05,-6.66667E-04
3.206603,-7.152586E-06,4.416361E-06,-6.66667E-04
3.207604,2.408039E-05,-6.917893E-06,.001
3.208604,5.483656E-06,2.786715E-05,-6.66667E-04
3.209605,-2.813351E-05,5.697861E-06,.001
3.210605,9.77522E-06,6.839662E-06,-.001
3.211606,5.960494E-06,2.703455E-05,.001
3.212606,-9.059964E-06,2.190482E-05,-.001
3.213607,1.549732E-05,2.166454E-05,-6.66667E-04
3.214607,-4.434609E-05,3.515207E-05,-.001
3.215608,-2.622616E-05,1.267722E-05,6.66667E-04
3.216608,2.02657E-05,2.367247E-05,-6.66667E-04
3.217609,-6.198912E-06,2.178561E-05,-.001
3.218609,-6.675749E-06,-4.43685E-06,6.66667E-04
3.21961,2.598774E-05,2.281007E-05,6.66667E-04
3.22061,4.768401E-06,4.547485E-05,-.001
3.221611,1.597416E-05,8.476956E-06,-6.66667E-04
3.222611,4.768408E-07,3.30864E-05,-6.66667E-04
3.223612,-4.386925E-05,4.197494E-05,-6.66667E-04
3.224612,1.215941E-05,1.970131E-05,-.002
3.225613,1.835835E-05,2.09288E-05,.002
3.226614,7.867871E-06,-1.658883E-05,-.002
3.227614,1.215941E-05,7.489725E-06,-.002
3.228614,1.096731E-05,4.349486E-05,-6.66667E-04
3.229615,-2.717983E-05,1.437223E-05,.001
3.230615,-2.264988E-05,2.069224E-05,-.002
3.231616,-4.863762E-05,-2.346942E-07,6.66667E-04
3.232616,-5.435967E-05,-5.461113E-05,.001
3.233617,-1.168257E-05,-2.1821E-05,-6.66667E-04
3.234617,-1.239782E-05,1.031911E-05,-.001
3.235618,-1.1921E-06,-8.298142E-06,-6.66667E-04
3.236619,3.862404E-05,-5.163281E-06,-6.66667E-04
3.237619,4.768401E-06,2.698426E-05,-6.66667E-04
3.238619,2.241146E-05,-2.35663E-05,-2.33333E-03
3.23962,2.431881E-05,2.222892E-05,-6.66667E-04
3.24062,2.479565E-05,4.921318E-05,-.002
3.241621,1.430517E-05,1.307769E-05,-6.66667E-04
3.242621,5.960494E-06,2.693397E-05,-6.66667E-04
3.243622,-1.525891E-05,1.033774E-05,-.001
3.244622,2.694142E-05,2.859175E-06,-.002
3.245623,2.074253E-05,1.971249E-05,6.66667E-04
3.246624,-2.837193E-05,8.739589E-06,-.002
3.247624,2.384197E-05,-1.914066E-05,6.66667E-04
3.248624,5.173706E-05,9.819923E-06,-.001
3.249625,-2.050411E-05,-4.18353E-06,.001
3.250625,-2.264988E-05,6.506249E-06,.001
3.251626,-4.57766E-05,1.698558E-05,-.001
3.252626,-2.789509E-05,-1.160061E-05,.001
3.253627,9.059964E-06,-1.959517E-06,6.66667E-04
3.254627,-1.859677E-05,1.875695E-05,-6.66667E-04
3.255628,-1.263624E-05,-1.796905E-05,-6.66667E-04
3.256629,2.527249E-05,9.145646E-06,-.001
3.257629,-1.883518E-05,9.354262E-06,-6.66667E-04
3.258629,-2.956402E-05,-5.068287E-06,-.004
3.25963,3.099456E-06,1.641002E-05,-6.66667E-04
3.26063,-4.3154E-05,-7.934905E-07,-.001
3.261631,-1.883518E-05,-4.853145E-05,-.001
3.262631,1.311308E-05,-1.589407E-05,-6.66667E-04
3.263632,-2.217304E-05,1.499808E-05,6.66667E-04
3.264632,-3.814726E-06,-1.284858E-05,-.001
3.265633,1.716625E-05,4.076795E-05,-6.66667E-04
3.266634,-1.33515E-05,2.400216E-05,6.66667E-04
3.267634,1.215941E-05,-3.427282E-06,.002
3.268634,2.217304E-05,4.612305E-05,6.66667E-04
3.269635,1.239782E-05,1.88296E-05,-6.66667E-04
3.270635,4.720711E-05,1.459016E-05,-.001
3.271636,1.096731E-05,8.713512E-06,.002
3.272636,-3.981614E-05,-2.986018E-05,-6.66667E-04
3.273637,-9.536816E-07,-3.261329E-05,6.66667E-04
3.274637,2.02657E-05,5.096226E-06,-.002
3.275638,2.121937E-05,-1.949642E-05,-.001
3.276639,3.600144E-05,-1.208304E-05,-3.66667E-03
3.277639,7.152594E-07,1.664099E-05,-.002
3.278639,-3.17099E-05,-1.747359E-05,-.002
3.27964,-1.382834E-05,1.491053E-05,-.002
3.28064,-3.433251E-05,3.403067E-06,.002
3.281641,-1.90736E-05,-4.436285E-05,-.001
3.282641,-1.239782E-05,-2.166827E-05,-6.66667E-04
3.283642,-2.765667E-05,-8.016883E-06,-.001
3.284642,-2.121937E-05,-4.603551E-05,-.001
3.285643,-1.740467E-05,-3.010049E-06,.001
3.286644,-3.314042E-05,1.833972E-05,-3.66667E-03
3.287644,-1.454359E-05,-1.959701E-05,.001
3.288644,-1.90736E-05,1.1636E-05,-6.66667E-04
3.289645,-1.6451E-05,5.215429E-08,-2.33333E-03
3.290645,3.671669E-05,-1.489377E-05,6.66667E-04
3.291646,2.431881E-05,-1.067488E-05,-.001
3.292646,9.536816E-07,-1.844775E-05,6.66667E-04
3.293647,3.55246E-05,7.893948E-06,-3.66667E-03
3.294647,1.192099E-05,3.051583E-05,-3.66667E-03
3.295648,1.525891E-05,-2.392766E-05,-.002
3.296649,5.459809E-05,2.075001E-06,-6.66667E-04
3.297649,7.152586E-06,1.630757E-05,-2.33333E-03
3.298649,-1.502043E-05,5.533948E-06,.002
3.29965,2.813351E-05,2.271135E-05,6.66667E-04
3.30065,-1.478201E-05,3.337138E-05,-6.66667E-04
3.301651,-3.814726E-06,-3.672042E-05,.001
3.302651,1.835835E-05,-2.948393E-05,-6.66667E-04
3.303652,-2.217304E-05,-1.960259E-05,.001
3.304652,-2.408039E-05,1.3467E-06,6.66667E-04
3.305653,-2.241146E-05,4.637078E-05,-.001
3.306653,-3.767037E-05,3.516511E-05,-6.66667E-04
3.307654,-5.006819E-06,-2.852466E-05,-.001
3.308654,9.77522E-06,1.862098E-05,-6.66667E-04
3.309655,-1.835835E-05,1.287094E-05,-.002
3.310655,2.002728E-05,1.785543E-05,.001
3.311656,1.90736E-05,5.234242E-05,-2.33333E-03
3.312656,-9.536801E-06,1.621258E-05,-2.33333E-03
3.313657,1.096731E-05,1.892273E-05,6.66667E-04
3.314657,-9.536801E-06,3.202283E-05,.001
3.315658,-2.694142E-05,-1.987268E-05,-6.66667E-04
3.316658,3.194832E-05,-6.407528E-06,-.002
3.317659,1.788151E-05,9.071118E-07,-6.66667E-04
3.318659,1.788151E-05,-5.461113E-05,6.66667E-04
3.31966,3.266358E-05,-4.748651E-05,.002
3.32066,3.099456E-06,6.45782E-06,6.66667E-04
3.321661,1.454359E-05,-1.747168E-06,-2.33333E-03
3.322661,2.622616E-05,3.629201E-05,-6.66667E-04
3.323662,1.430519E-06,3.965222E-05,-.001
3.324662,4.363083E-05,-3.632554E-05,-6.66667E-04
3.325663,6.46119E-05,-9.419455E-06,-.002
3.326663,1.6451E-05,1.359178E-05,6.66667E-04
3.327664,-9.77522E-06,-2.65186E-05,-6.66667E-04
3.328664,0,1.367001E-05,-.002
3.329665,-2.622619E-06,-2.732515E-06,6.66667E-04
3.330665,2.431881E-05,-7.35189E-06,-.002
3.331666,-3.576293E-06,2.509926E-05,-.001
3.332666,-2.789509E-05,-3.991486E-05,6.66667E-04
3.333667,4.768408E-07,-4.221895E-05,-.002
3.334667,1.1921E-06,1.152985E-06,-.001
3.335668,1.835835E-05,3.222391E-06,-.001
3.336668,6.628083E-05,8.42294E-06,-6.66667E-04
3.337669,2.622616E-05,1.011981E-05,.001
3.338669,2.217304E-05,-5.461113E-05,-.001
3.33967,3.361725E-05,-4.596845E-05,-6.66667E-04
3.34067,-1.311308E-05,4.060596E-06,-.001
3.341671,-1.883518E-05,-5.461113E-05,6.66667E-04
3.342671,-2.574932E-05,4.565372E-06,-3.66667E-03
3.343672,-6.318139E-05,4.573748E-05,-.002
3.344672,-2.503407E-05,8.454605E-06,-6.66667E-04
3.345673,-9.536801E-06,2.508622E-05,-.001
3.346673,-4.553818E-05,-7.605209E-06,-.001
3.347674,1.072889E-05,-1.647894E-05,.001
3.348674,-1.454359E-05,7.174938E-06,6.66667E-04
3.349675,-8.225488E-05,-3.520414E-06,-.001
3.350675,-3.17099E-05,-2.337634E-06,.001
3.351676,-2.145779E-05,1.79318E-05,-.001
3.352676,-3.480935E-05,1.167139E-05,6.66667E-04
3.353677,2.6703E-05,5.003094E-06,2.33333E-03
3.354677,-1.239782E-05,5.183392E-05,-.001
3.355678,-3.027928E-05,9.274168E-06,.001
3.356678,-2.861038E-06,-1.568359E-05,-6.66667E-04
3.357679,-2.55109E-05,-2.212462E-05,.001
3.358679,-2.861038E-06,-4.243688E-05,-3.66667E-03
3.35968,4.434609E-05,7.45806E-06,-2.33333E-03
3.36068,-3.814726E-06,4.343153E-05,-6.66667E-04
3.361681,0,2.292183E-05,-3.66667E-03
3.362681,6.055855E-05,9.1978E-06,-6.66667E-04
3.363682,1.33515E-05,3.183098E-05,.001
3.364682,1.263624E-05,-3.114357E-06,-6.66667E-04
3.365683,6.961869E-05,-8.646457E-06,6.66667E-04
3.366683,5.030655E-05,-4.13509E-07,6.66667E-04
3.367684,9.751366E-05,-1.73283E-05,-6.66667E-04
3.368684,1.275549E-04,-5.494832E-06,.001
3.369685,7.677125E-05,-4.023709E-05,-6.66667E-04
3.370685,1.626024E-04,-3.215694E-05,6.66667E-04
3.371686,2.450962E-04,1.497945E-05,-.002
3.372686,2.672691E-04,-2.487202E-05,6.66667E-04
3.373687,3.540535E-04,-1.976837E-05,6.66667E-04
3.374687,3.71458E-04,9.290932E-06,-6.66667E-04
3.375688,3.955383E-04,-7.109746E-06,-.002
3.376688,4.646797E-04,-8.536561E-06,6.66667E-04
3.377689,4.73978E-04,1.754437E-05,6.66667E-04
3.378689,4.863758E-04,-5.461113E-05,-.002
3.37969,5.066432E-04,-5.461113E-05,6.66667E-04
3.38069,4.572887E-04,-6.686925E-06,.001
3.381691,4.174728E-04,-5.461113E-05,-.002
3.382691,3.995914E-04,-2.66378E-05,.001
3.383692,3.397483E-04,-4.258216E-05,-.001
3.384692,3.120918E-04,-5.461113E-05,.001
3.385693,2.920646E-04,1.465909E-06,.001
3.386693,2.286443E-04,-7.363065E-06,-.002
3.387694,2.357969E-04,-2.536748E-05,-6.66667E-04
3.388694,2.098093E-04,5.671784E-06,3.66667E-03
3.389695,1.347074E-04,-2.103311E-05,.002
3.390696,1.24217E-04,-2.378237E-05,-.001
3.391696,9.059953E-05,3.637761E-06,6.66667E-04
3.392696,7.176446E-05,-2.924923E-05,-.002
3.393697,1.134877E-04,-2.821733E-05,.001
3.394697,9.179162E-05,3.02383E-05,-3.66667E-03
3.395698,7.057237E-05,-1.426419E-05,6.66667E-04
3.396698,8.77385E-05,-1.723703E-05,-.002
3.397699,5.817437E-05,2.128643E-05,6.66667E-04
3.398699,2.813351E-05,-1.870294E-05,.002
3.3997,4.649186E-05,-4.423619E-05,-6.66667E-04
3.400701,9.298383E-06,-1.397362E-05,-.001
3.401701,3.55246E-05,-5.461113E-05,-6.66667E-04
3.402701,4.3154E-05,-3.879541E-05,6.66667E-04
3.403702,1.931202E-05,-1.942937E-05,-6.66667E-04
3.404702,1.621258E-05,-3.441819E-05,6.66667E-04
3.405703,3.027928E-05,1.148327E-05,-.002
3.406703,3.004086E-05,1.364393E-05,-.002
3.407704,9.536801E-06,-8.581264E-06,-.001
3.408704,1.668942E-05,8.357747E-06,-6.66667E-04
3.409705,6.914168E-06,-1.416361E-05,-.001
3.410706,2.503407E-05,-3.477396E-05,-3.66667E-03
3.411706,2.241146E-05,-3.280133E-06,6.66667E-04
3.412706,-1.239782E-05,-2.49279E-05,6.66667E-04
3.413707,6.079697E-05,-5.461113E-05,.001
3.414707,5.459809E-05,-3.721402E-05,6.66667E-04
3.415708,2.098095E-05,-3.417046E-05,-6.66667E-04
3.416708,5.483651E-05,-2.495211E-05,6.66667E-04
3.417709,1.978886E-05,1.098408E-05,-6.66667E-04
3.418709,1.311308E-05,-1.892273E-05,-6.66667E-04
3.41971,2.02657E-05,-2.247479E-05,.001
3.420711,-1.955044E-05,1.627218E-05,-.002
3.421711,1.978886E-05,-1.118338E-05,6.66667E-04
3.422711,3.886246E-05,3.485024E-06,-6.66667E-04
3.423712,-1.001364E-05,1.921703E-05,-.001
3.424712,5.006819E-06,-1.415244E-05,.001
3.425713,3.910088E-05,-4.621252E-06,-.001
3.426713,-5.722075E-06,-2.970931E-05,6.66667E-04
3.427714,4.291564E-06,-5.461113E-05,.001
3.428714,-1.072889E-05,-2.674398E-05,-6.66667E-04
3.429715,-4.696869E-05,-2.057489E-05,3.66667E-03
3.430716,-4.053145E-06,-5.485519E-06,-6.66667E-04
3.431716,1.239782E-05,9.011535E-06,-.002
3.432716,-1.955044E-05,-1.509121E-05,6.66667E-04
3.433717,-2.145782E-06,-2.520543E-05,6.66667E-04
3.434717,-6.675749E-06,-1.344649E-05,-.002
3.435718,-1.168257E-05,-5.461113E-05,-6.66667E-04
3.436718,1.716625E-05,-5.090446E-05,6.66667E-04
3.437719,1.382834E-05,-1.306465E-05,-6.66667E-04
3.438719,1.287466E-05,-3.113248E-05,-.001
3.43972,5.292916E-05,-2.717983E-05,.001
3.440721,1.859677E-05,-9.113981E-06,6.66667E-04
3.441721,-2.169621E-05,-2.962176E-05,-.001
3.442721,-3.099456E-06,1.971808E-05,-.001
3.443722,-2.694142E-05,6.241753E-06,-6.66667E-04
3.444722,2.741825E-05,-2.47081E-05,2.33333E-03
3.445723,4.95913E-05,5.047805E-07,-6.66667E-04
3.446723,-2.384204E-07,8.640869E-06,-.002
3.447724,9.536801E-06,1.60021E-05,-6.66667E-04
3.448724,5.722075E-06,5.460926E-05,-.002
3.449725,-4.386925E-05,2.523523E-05,-6.66667E-04
3.450726,2.646458E-05,7.515802E-06,-.002
3.451726,9.298383E-06,4.534819E-05,-6.66667E-04
3.452726,-1.33515E-05,2.873142E-05,6.66667E-04
3.453727,-2.002728E-05,1.673412E-05,.001
3.454727,-1.716625E-05,1.627964E-05,-2.33333E-03
3.455728,-1.90736E-05,-1.776603E-05,6.66667E-04
3.456728,-6.675749E-06,1.009559E-05,-6.66667E-04
3.457729,-2.408039E-05,3.116974E-05,-.001
3.458729,-2.264988E-05,-4.282244E-05,.002
3.45973,4.339241E-05,4.623114E-06,-.004
3.460731,2.02657E-05,-1.779583E-05,6.66667E-04
3.461731,1.358992E-05,-5.461113E-05,.001
3.462731,4.649186E-05,-1.892273E-05,.002
3.463732,-2.241146E-05,-6.506249E-06,-.001
3.464732,-1.835835E-05,-3.446476E-05,-6.66667E-04
3.465733,-1.072889E-05,-1.948341E-06,-6.66667E-04
3.466733,-2.837193E-05,-2.460752E-05,-.001
3.467734,-2.02657E-05,-3.991858E-05,6.66667E-04
3.468734,-2.622619E-06,-1.053704E-05,-3.66667E-03
3.469735,-2.241146E-05,-2.849486E-05,6.66667E-04
3.470736,3.194832E-05,-2.933119E-05,6.66667E-04
3.471736,1.120573E-05,7.560506E-06,-.001
3.472736,-1.311308E-05,-4.345574E-05,-6.66667E-04
3.473737,7.867871E-06,-3.863894E-05,-6.66667E-04
3.474737,-3.981614E-05,8.137955E-06,-2.33333E-03
3.475738,-5.86512E-05,4.628702E-06,6.66667E-04
3.476738,-1.072889E-05,8.376373E-06,-2.33333E-03
3.477739,-6.437331E-06,2.604735E-05,-6.66667E-04
3.478739,-9.536801E-06,1.620327E-05,-.001
3.47974,-9.059964E-06,1.57208E-06,6.66667E-04
3.480741,-3.790879E-05,2.030292E-07,-3.66667E-03
3.481741,4.768408E-07,-3.710599E-05,-.001
3.482741,4.482293E-05,-3.406793E-06,-6.66667E-04
3.483742,-3.337875E-06,7.523253E-06,.001
3.484742,1.096731E-05,-1.426233E-05,-.002
3.485743,2.121937E-05,8.549599E-06,-.002
3.486743,-3.528618E-05,-1.722772E-05,-6.66667E-04
3.487744,1.430517E-05,-3.133924E-05,-2.33333E-03
3.488744,2.384197E-05,1.423067E-05,-6.66667E-04
3.489745,6.914168E-06,-2.349366E-05,2.33333E-03
3.490746,5.054497E-05,-2.033089E-05,-.001
3.491746,1.001364E-05,5.336507E-06,-.001
3.492746,-1.263624E-05,-2.5496E-05,-.001
3.493747,5.722069E-05,-1.582887E-05,6.66667E-04
3.494747,7.867871E-06,3.704816E-06,.002
3.495748,-4.768408E-07,-3.773734E-06,6.66667E-04
3.496748,6.175088E-05,-1.34912E-05,.001
3.497749,4.291558E-05,-3.888109E-05,-.002
3.498749,4.172348E-05,-5.461113E-05,6.66667E-04
3.49975,3.743195E-05,-3.464171E-05,-.001
3.500751,-6.675749E-06,-9.855314E-06,.001
3.501751,4.19619E-05,-2.408415E-06,6.66667E-04
3.502751,7.844018E-05,-1.008256E-05,-.001
3.503752,2.384197E-05,-2.777774E-05,.001
3.504752,5.60286E-05,-2.238166E-05,-6.66667E-04
3.505753,7.22413E-05,-9.818061E-06,-.002
3.506753,4.720711E-05,-1.977023E-05,6.66667E-04
3.507754,1.082425E-04,-3.081211E-05,-.002
3.508754,1.165872E-04,-4.11275E-06,6.66667E-04
3.509755,9.632157E-05,2.345085E-06,-6.66667E-04
3.510756,1.31608E-04,-3.511101E-06,2.33333E-03
3.511756,1.194482E-04,2.393697E-05,-.001
3.512756,8.797692E-05,2.724316E-05,-6.66667E-04
3.513757,1.029973E-04,4.018494E-05,-6.66667E-04
3.514757,6.413506E-05,6.020098E-06,-6.66667E-04
3.515758,5.245232E-05,-2.953236E-05,-.001
3.516758,7.176446E-05,-8.968695E-06,-6.66667E-04
3.517759,4.911446E-05,-2.652421E-06,-.001
3.518759,4.434609E-05,-1.83658E-05,6.66667E-04
3.51976,5.626702E-05,1.597602E-05,-6.66667E-04
3.520761,1.621258E-05,-6.672024E-06,.001
3.521761,5.173706E-05,-3.516511E-05,-6.66667E-04
3.522761,5.126023E-05,-2.035138E-05,-.001
3.523762,-1.883518E-05,-3.908784E-05,-.004
3.524762,-6.675749E-06,-5.461113E-05,-3.66667E-03
3.525763,4.95913E-05,-6.709277E-06,-.002
3.526763,1.764309E-05,4.138448E-05,-6.66667E-04
3.527764,2.622616E-05,1.258595E-05,-.002
3.528764,1.573574E-05,7.310911E-06,.001
3.529765,-7.152594E-07,-1.801748E-05,-2.33333E-03
3.530766,-2.431881E-05,-1.979631E-05,6.66667E-04
3.531766,-6.604241E-05,-2.18676E-06,-2.33333E-03
3.532766,-9.77522E-06,-1.951505E-05,-6.66667E-04
3.533767,5.626702E-05,5.923241E-06,-.001
3.534767,-1.287466E-05,7.659255E-06,2.33333E-03
3.535768,-5.006819E-06,-7.478549E-06,-.001
3.536768,5.006813E-05,1.34763E-05,-.002
3.537769,1.6451E-05,3.067427E-05,6.66667E-04
3.538769,2.598774E-05,3.403067E-06,-.001
3.53977,6.127404E-05,4.144968E-05,-.001
3.540771,1.883518E-05,2.855633E-05,-6.66667E-04
3.541771,4.982972E-05,-2.479751E-05,-6.66667E-04
3.542771,1.478201E-05,4.060585E-07,.001
3.543772,-2.717983E-05,1.646776E-05,-6.66667E-04
3.544772,2.789509E-05,1.156522E-05,-.001
3.545773,2.622619E-06,5.418272E-05,-6.66667E-04
3.546773,-1.573574E-05,2.938707E-05,-6.66667E-04
3.547774,4.172348E-05,-3.203764E-06,-.001
3.548774,2.408039E-05,1.67639E-07,-6.66667E-04
3.549775,4.768408E-07,-5.461113E-05,-6.66667E-04
3.550776,3.027928E-05,-4.48341E-05,6.66667E-04
3.551776,-1.597416E-05,-2.232019E-05,-6.66667E-04
3.552776,-1.406675E-05,-4.117587E-05,-6.66667E-04
3.553777,2.145782E-06,-1.814601E-05,-6.66667E-04
3.554777,5.722075E-06,-2.747416E-06,-2.33333E-03
3.555778,4.83992E-05,-5.461113E-05,6.66667E-04
3.556778,3.957772E-05,-4.833401E-05,-.002
3.557779,9.298383E-06,-2.53265E-05,6.66667E-04
3.558779,2.360356E-05,-5.405978E-05,-6.66667E-04
3.55978,1.215941E-05,-8.327945E-06,6.66667E-04
3.560781,-2.717983E-05,3.313855E-05,-6.66667E-04
3.561781,-7.152586E-06,5.934417E-06,-6.66667E-04
3.562781,1.502043E-05,-3.863155E-06,-.002
3.563782,-4.768401E-06,-4.06059E-05,-6.66667E-04
3.564783,1.955044E-05,-4.395866E-05,.004
3.565783,8.821546E-06,-2.337259E-05,-.001
3.566783,-1.6451E-05,-4.597032E-05,.001
3.567784,1.025206E-05,-3.901706E-05,.001
3.568784,-1.859677E-05,-1.086487E-05,-6.66667E-04
3.569785,-1.955044E-05,-4.229718E-05,-.001
3.570786,7.629453E-06,-1.780142E-05,6.66667E-04
3.571786,1.192099E-05,2.826203E-05,6.66667E-04
3.572786,2.479565E-05,4.28448E-05,-.002
3.573787,3.266358E-05,1.746428E-05,-.002
3.574788,-3.027928E-05,2.458706E-06,6.66667E-04
3.575788,-2.121937E-05,1.329003E-05,.001
3.576788,-1.859677E-05,4.25207E-05,-.001
3.577789,-5.722069E-05,5.460926E-05,-6.66667E-04
3.578789,-1.549732E-05,7.471099E-06,-.001
3.57979,5.722075E-06,3.459887E-05,.001
3.580791,-4.982972E-05,2.0601E-06,-.002
3.581791,5.245238E-06,-2.921943E-05,.001
3.582791,7.867871E-06,-1.15913E-05,-.001
3.583792,-1.120573E-05,-1.538929E-05,-6.66667E-04
3.584793,4.529976E-05,-1.659628E-05,6.66667E-04
3.585793,9.298383E-06,1.974415E-05,6.66667E-04
3.586793,-3.504776E-05,1.524767E-05,-6.66667E-04
3.587794,-2.884876E-05,1.897861E-05,-.002
3.588794,-3.075623E-05,2.88767E-05,.001
3.589795,5.722075E-06,-1.185207E-05,-.002
3.590796,7.176446E-05,3.263369E-06,6.66667E-04
3.591796,2.264988E-05,1.68049E-05,6.66667E-04
3.592796,6.914168E-06,-4.445226E-05,.001
3.593797,2.408039E-05,-1.703773E-05,-6.66667E-04
3.594798,-1.1921E-06,-2.522592E-05,-.002
3.595798,-1.883518E-05,-5.461113E-05,-6.66667E-04
3.596798,2.098095E-05,4.537433E-06,-6.66667E-04
3.597799,7.867871E-06,-1.925242E-05,-6.66667E-04
3.598799,2.431881E-05,-2.756726E-05,-6.66667E-04
3.5998,3.2902E-05,2.210974E-06,-.002
3.600801,8.344708E-06,5.144655E-06,-6.66667E-04
3.601801,6.508874E-05,1.158944E-05,-.001
3.602801,3.862404E-05,2.328132E-05,-6.66667E-04
3.603802,6.675749E-06,2.235183E-07,-6.66667E-04
3.604803,6.46119E-05,5.669921E-06,6.66667E-04
3.605803,6.890344E-05,1.965289E-05,-.001
3.606803,7.915543E-05,-4.615664E-06,-.001
3.607804,1.561651E-04,-9.210838E-06,-6.66667E-04
3.608804,1.211171E-04,1.008442E-05,-6.66667E-04
3.609805,1.232633E-04,-3.076741E-05,-6.66667E-04
3.610806,1.626024E-04,-1.392892E-05,.001
3.611806,1.297006E-04,1.56482E-05,-6.66667E-04
3.612806,1.387605E-04,-4.999369E-06,-.001
3.613807,1.256475E-04,-1.400901E-05,3.66667E-03
3.614808,9.989785E-05,-9.236916E-06,6.66667E-04
3.615808,9.965943E-05,-5.121552E-05,6.66667E-04
3.616808,8.940743E-05,-1.96175E-05,-.002
3.617809,4.696869E-05,-5.461113E-05,-6.66667E-04
3.618809,9.226846E-05,-5.461113E-05,.001
3.61981,3.528618E-05,-1.065998E-05,-.002
3.620811,-1.692784E-05,-5.362584E-06,-2.33333E-03
3.621811,3.600144E-05,-7.711409E-06,6.66667E-04
3.622811,1.025206E-05,1.591269E-05,-6.66667E-04
3.623812,-2.717983E-05,-9.167998E-06,6.66667E-04
3.624813,8.821546E-06,-2.443243E-05,-.001
3.625813,-2.312672E-05,-1.596671E-05,.002
3.626813,-2.455723E-05,-2.058048E-05,-6.66667E-04
3.627814,2.098095E-05,1.423253E-05,6.66667E-04
3.628814,-2.55109E-05,4.461064E-06,-6.66667E-04
3.629815,-1.716625E-05,1.247981E-07,.002
3.630816,2.694142E-05,4.387484E-05,-3.66667E-03
3.631816,-2.28883E-05,2.891209E-05,.001
3.632816,1.263624E-05,-1.55383E-05,-6.66667E-04
3.633817,2.861035E-05,2.117467E-05,.001
3.634818,-7.867871E-06,2.993655E-05,-2.33333E-03
3.635818,0,3.499925E-06,.001
3.636818,-3.337875E-06,3.810064E-05,-.001
3.637819,-4.172348E-05,4.382641E-05,-.001
3.638819,-1.454359E-05,-1.252635E-05,-6.66667E-04
3.63982,-2.336514E-05,-1.53837E-05,-6.66667E-04
3.640821,-2.193463E-05,-7.417082E-06,-.001
3.641821,2.312672E-05,2.228294E-05,6.66667E-04
3.642821,-6.198912E-06,-9.5219E-06,-.001
3.643822,-3.051781E-05,-4.147389E-05,.001
3.644823,4.243874E-05,-3.225193E-05,-.001
3.645823,-4.768408E-07,-4.318752E-05,6.66667E-04
3.646823,2.02657E-05,-2.952677E-05,.001
3.647824,2.050411E-05,-2.670859E-05,-6.66667E-04
3.648824,-4.172348E-05,-1.43089E-05,-3.66667E-03
3.649825,-4.100823E-05,-4.72127E-05,-.002
3.650826,3.838562E-05,-5.461113E-05,-.001
3.651826,2.622619E-06,-4.991726E-05,-2.33333E-03
3.652826,2.574932E-05,-1.833972E-05,6.66667E-04
3.653827,5.006813E-05,1.202343E-05,-3.66667E-03
3.654828,-4.768401E-06,-2.120447E-05,2.33333E-03
3.655828,1.358992E-05,-9.771495E-06,-.002
3.656828,1.6451E-05,5.431869E-05,-2.33333E-03
3.657829,3.814726E-06,4.493655E-05,3.66667E-03
3.658829,2.145779E-05,5.460926E-05,-.001
3.65983,3.147149E-05,5.460926E-05,-.002
3.66083,1.978886E-05,6.519287E-06,6.66667E-04
3.661831,1.549732E-05,7.508352E-06,-.002
3.662831,-2.55109E-05,5.124166E-06,-.001
3.663832,-6.055855E-05,-4.826323E-05,-.001
3.664833,-3.242516E-05,-4.533329E-05,-6.66667E-04
3.665833,-6.72345E-05,-9.466021E-06,-6.66667E-04
3.666833,-3.194832E-05,-4.268647E-05,.001
3.667834,1.978886E-05,-2.072204E-05,6.66667E-04
3.668834,-5.006819E-06,-7.573544E-06,.001
3.669835,9.536801E-06,-2.374512E-05,-.002
3.670835,1.716625E-05,-1.059665E-05,6.66667E-04
3.671836,-4.172348E-05,-8.214323E-06,-.002
3.672836,-2.574932E-05,-3.792928E-05,6.66667E-04
3.673837,-1.454359E-05,-1.395313E-05,-.001
3.674838,-1.835835E-05,2.385129E-05,6.66667E-04
3.675838,1.597416E-05,-1.247233E-05,-.002
3.676838,-7.152594E-07,1.221901E-05,-6.66667E-04
3.677839,-2.312672E-05,-2.621871E-05,.001
3.678839,2.145782E-06,2.559286E-05,-.001
3.67984,-4.57766E-05,5.460926E-05,-6.66667E-04
3.68084,-6.747292E-05,3.809691E-05,-.001
3.681841,-1.072889E-05,5.162531E-05,-.001
3.682841,-1.120573E-05,5.228282E-05,-6.66667E-04
3.683842,-3.337875E-06,6.360962E-06,-.002
3.684843,4.863762E-05,2.51421E-05,-6.66667E-04
3.685843,2.622616E-05,4.389347E-05,-2.33333E-03
3.686843,2.312672E-05,2.79044E-05,-6.66667E-04
3.687844,7.605599E-05,1.608219E-05,.001
3.688844,2.408039E-05,3.928348E-06,.001
3.689845,3.55246E-05,-2.080027E-05,-6.66667E-04
3.690845,2.408039E-05,2.169993E-05,-.004
3.691846,-4.100823E-05,9.51445E-06,-6.66667E-04
3.692847,5.722075E-06,-1.443556E-05,6.66667E-04
3.693847,4.768401E-06,4.2748E-06,6.66667E-04
3.694848,-4.506134E-05,7.111608E-06,-.001
3.695848,-8.821546E-06,1.106603E-05,.001
3.696848,-1.120573E-05,5.854323E-06,-.002
3.697849,-2.837193E-05,-3.401213E-05,-6.66667E-04
3.698849,2.145779E-05,-3.392086E-05,-.001
3.69985,1.931202E-05,-1.137151E-05,6.66667E-04
3.70085,-3.123307E-05,-1.664658E-05,-.001
3.701851,-3.242516E-05,3.80727E-05,.001
3.702852,-4.3154E-05,3.025879E-05,.001
3.703852,-2.02657E-05,-3.760704E-05,6.66667E-04
3.704853,3.838562E-05,1.248723E-05,-.001
3.705853,1.263624E-05,1.168816E-05,.001
3.706853,2.408039E-05,-1.754065E-05,6.66667E-04
3.707854,2.717983E-05,7.480412E-06,6.66667E-04
3.708854,-4.243874E-05,1.576368E-05,-6.66667E-04
3.709855,-1.90736E-05,9.512587E-06,6.66667E-04
3.710855,1.263624E-05,6.327435E-06,6.66667E-04
3.711856,-4.434609E-05,-8.994772E-06,-.002
3.712857,-4.696869E-05,4.403322E-06,-6.66667E-04
3.713857,-4.220032E-05,3.260211E-05,-.001
3.714858,-4.386925E-05,5.08505E-06,-6.66667E-04
3.715858,4.267716E-05,2.076116E-05,-2.33333E-03
3.716858,4.19619E-05,4.250207E-05,-6.66667E-04
3.717859,-7.152594E-07,-3.72158E-06,6.66667E-04
3.718859,1.859677E-05,-2.067548E-05,-6.66667E-04
3.71986,-2.312672E-05,-1.034891E-05,-6.66667E-04
3.72086,-4.434609E-05,-5.100132E-05,-6.66667E-04
3.721861,1.478201E-05,3.492474E-06,-6.66667E-04
3.722862,1.239782E-05,3.782311E-05,-.001
3.723862,1.788151E-05,-1.57078E-05,-.002
3.724863,4.482293E-05,4.744186E-06,6.66667E-04
3.725863,1.430519E-06,8.389412E-06,-6.66667E-04
3.726863,3.600144E-05,-5.235925E-06,-.001
3.727864,5.292916E-05,4.120753E-05,.001
3.728864,-1.001364E-05,1.654599E-05,6.66667E-04
3.729865,2.264988E-05,-4.867488E-05,-2.33333E-03
3.730865,1.430519E-06,-3.883638E-05,-.002
3.731866,-4.57766E-05,-3.398047E-05,-3.66667E-03
3.732867,1.931202E-05,-2.573256E-05,-6.66667E-04
3.733867,3.647828E-05,2.352532E-05,.001
3.734868,1.263624E-05,-1.122622E-05,-.001
3.735868,1.478201E-05,-2.674398E-05,-.001
3.736868,-2.384197E-05,5.601003E-06,.001
3.737869,-1.859677E-05,-1.231214E-05,-.001
3.73887,2.765667E-05,-7.851108E-06,-.002
3.73987,4.148507E-05,4.782923E-05,-6.66667E-04
3.74087,8.940743E-05,-5.202397E-06,-.001
3.741871,1.504431E-04,-1.38004E-05,.001
3.742872,1.037125E-04,-2.788391E-05,-.001
3.743872,1.082425E-04,-4.969002E-05,6.66667E-04
3.744873,1.280317E-04,-3.701099E-05,2.33333E-03
3.745873,8.51159E-05,-1.880166E-05,6.66667E-04
3.746873,7.176446E-05,-5.461113E-05,.002
3.747874,6.771134E-05,-5.167932E-05,6.66667E-04
3.748875,3.433251E-05,-3.264123E-05,-.001
3.749875,7.462548E-05,-1.628522E-05,6.66667E-04
3.750875,6.628083E-05,-5.455717E-06,6.66667E-04
3.751876,4.291564E-06,-5.277642E-05,-.001
3.752877,1.978886E-05,-2.631184E-05,-.001
3.753877,-1.239782E-05,1.747359E-05,-6.66667E-04
3.754878,-2.574932E-05,-2.201661E-06,-6.66667E-04
3.755878,1.621258E-05,2.780196E-05,.002
3.756878,9.536816E-07,3.974163E-05,-.001
3.757879,-2.813351E-05,-4.139007E-05,6.66667E-04
3.75888,-3.504776E-05,1.060968E-05,.002
3.75988,-3.910088E-05,2.040726E-05,-.002
3.76088,1.001364E-05,-4.903995E-05,-.001
3.761881,1.382834E-05,-3.883644E-06,-.004
3.762882,3.099456E-06,1.109956E-05,6.66667E-04
3.763882,1.788151E-05,-6.744667E-06,-.002
3.764883,1.716625E-05,1.646404E-05,-.001
3.765883,-2.6703E-05,1.540792E-05,-6.66667E-04
3.766883,1.549732E-05,-1.457898E-05,-.001
3.767884,3.433251E-05,-2.55612E-05,6.66667E-04
3.768885,-3.790879E-05,-3.244565E-05,-3.66667E-03
3.769885,2.121937E-05,-4.103989E-05,.001
3.770885,-2.861038E-06,-1.858932E-05,.001
3.771886,9.536816E-07,-1.651805E-05,6.66667E-04
3.772887,4.529976E-05,5.476206E-06,-6.66667E-04
3.773887,3.266358E-05,1.048861E-05,.001
3.774888,2.813351E-05,8.372648E-06,-.001
3.775888,4.458451E-05,-5.587964E-09,-.001
3.776888,-1.788151E-05,-1.135474E-05,.001
3.777889,-5.388283E-05,-4.942925E-05,.001
3.77889,1.621258E-05,-2.985087E-05,-.001
3.77989,-1.907363E-06,-2.305594E-05,.002
3.78089,5.483656E-06,-5.212263E-05,.001
3.781891,2.074253E-05,-2.473604E-05,.001
3.782892,-2.884876E-05,-4.5989E-06,-.002
3.783892,6.198912E-06,-2.395746E-05,6.66667E-04
3.784893,2.312672E-05,-2.140377E-05,-6.66667E-04
3.785893,1.764309E-05,-4.764111E-05,6.66667E-04
3.786893,3.123307E-05,-5.07331E-05,-.001
3.787894,3.814726E-06,-9.404554E-06,-.001
3.788895,-2.789509E-05,-2.132927E-05,.001
3.789895,7.391005E-06,-4.034885E-05,-.001
3.790895,2.622619E-06,-5.863636E-06,.001
3.791896,-4.529982E-06,-2.852839E-05,-.002
3.792897,3.027928E-05,-2.648696E-06,6.66667E-04
3.793897,5.483656E-06,3.80578E-05,-2.33333E-03
3.794898,-8.821546E-06,4.31019E-06,-.001
3.795898,-3.576293E-06,1.120201E-05,-.001
3.796898,-4.458451E-05,-9.09908E-06,-3.66667E-03
3.797899,-4.005455E-05,-5.364628E-05,-.001
3.7989,-3.099456E-06,-2.335024E-05,-.001
3.7999,-4.19619E-05,-1.018128E-05,-6.66667E-04
3.8009,-6.72345E-05,-7.627561E-06,6.66667E-04
3.801901,-4.053139E-05,3.38445E-05,.001
3.802902,-5.960488E-05,1.23792E-05,-.001
3.803902,-4.220032E-05,2.036628E-05,.001
3.804903,-2.431881E-05,3.860169E-05,6.66667E-04
3.805903,-3.218674E-05,2.451811E-05,-6.66667E-04
3.806903,-1.621258E-05,1.813483E-05,.002
3.807904,-6.437331E-06,5.460926E-05,-2.33333E-03
3.808905,-1.573574E-05,1.564447E-05,-6.66667E-04
3.809905,3.409409E-05,-1.610268E-05,.001
3.810905,1.573574E-05,2.875749E-05,-6.66667E-04
3.811906,-1.788151E-05,-3.032212E-05,-.001
3.812907,3.814726E-06,-2.641801E-05,6.66667E-04
3.813907,-3.767037E-05,2.926041E-05,-.001
3.814908,-1.406675E-05,5.872949E-06,6.66667E-04
3.815908,3.862404E-05,-1.395128E-06,6.66667E-04
3.816908,5.483656E-06,-5.457587E-07,-.002
3.817909,5.245238E-06,-4.088343E-05,-6.66667E-04
3.81891,1.382834E-05,-2.144475E-05,6.66667E-04
3.81991,-1.096731E-05,-9.108393E-06,.001
3.82091,0,-1.719606E-05,-.002
3.821911,4.529982E-06,3.273063E-05,-.002
3.822912,-4.95913E-05,-8.773117E-06,.001
3.823912,-1.955044E-05,-5.233684E-05,.001
3.824913,-2.217304E-05,-1.613062E-05,-.001
3.825913,-3.623986E-05,-1.248909E-05,-.002
3.826913,4.291564E-06,-3.220909E-05,-3.66667E-03
3.827914,2.861035E-05,1.796719E-05,-2.33333E-03
3.828915,3.576293E-06,1.479505E-05,-6.66667E-04
3.829915,3.528618E-05,5.129754E-06,-.001
3.830915,-1.621258E-05,2.333161E-05,.002
3.831916,1.215941E-05,3.296533E-05,-6.66667E-04
3.832916,8.463906E-05,3.389665E-05,-.001
3.833917,3.027928E-05,5.185627E-05,-.001
3.834918,-4.053145E-06,3.766292E-05,.001
3.835918,4.172348E-05,3.197999E-05,6.66667E-04
3.836918,-1.90736E-05,1.863216E-05,6.66667E-04
3.837919,-1.90736E-05,1.433125E-05,2.33333E-03
3.83892,1.287466E-05,5.460926E-05,-.001
3.83992,-3.719353E-05,4.72556E-06,-2.33333E-03
3.84092,-2.431881E-05,-2.264988E-05,-.002
3.841921,3.099456E-06,-1.06637E-05,-.001
3.842921,-1.406675E-05,-4.507997E-05,-6.66667E-04
3.843922,2.193463E-05,-3.050838E-05,-.002
3.844923,5.459809E-05,8.52911E-06,-.001
3.845923,-1.883518E-05,-3.65118E-05,-.001
3.846923,-7.867871E-06,-2.731953E-05,.001
3.847924,-3.123307E-05,8.244126E-06,-6.66667E-04
3.848925,-8.463906E-05,-2.962549E-05,-.001
3.849925,-1.406675E-05,-3.995025E-05,-6.66667E-04
3.850925,3.075623E-05,3.904133E-06,-6.66667E-04
3.851926,2.121937E-05,-4.35526E-05,-.001
3.852926,1.668942E-05,-3.82869E-05,-6.66667E-04
3.853927,4.529982E-06,-5.366863E-05,.002
3.854928,3.814721E-05,-5.461113E-05,6.66667E-04
3.855928,3.55246E-05,-3.597909E-05,-6.66667E-04
3.856929,-1.168257E-05,-5.461113E-05,6.66667E-04
3.857929,3.433251E-05,-5.461113E-05,-.002
3.85893,4.768408E-07,2.928093E-06,-.001
3.85993,-6.985711E-05,1.634669E-05,-.002
3.86093,-3.266358E-05,3.76442E-06,-.001
3.861931,-7.391005E-06,5.007372E-05,-3.66667E-03
3.862931,-1.025206E-05,2.138328E-05,-.001
3.863932,1.382834E-05,-2.209668E-05,-2.33333E-03
3.864933,1.883518E-05,-1.350237E-05,6.66667E-04
3.865933,8.821546E-06,-5.461113E-05,6.66667E-04
3.866934,1.502043E-05,-1.063204E-05,-.002
3.867934,-1.072889E-05,4.048483E-05,-6.66667E-04
3.868935,-2.336514E-05,1.747918E-05,.001
3.869935,2.050411E-05,3.533461E-05,.001
3.870935,6.914168E-06,5.460926E-05,.001
3.871936,-9.298383E-06,-9.920506E-06,-.001
3.872936,1.049048E-05,1.929526E-05,.001
3.873937,-1.1921E-06,4.387484E-05,-6.66667E-04
3.874938,-2.479565E-05,4.289701E-06,-.002
3.875938,-3.337883E-05,3.337697E-05,-6.66667E-04
3.876939,-4.434609E-05,5.973532E-06,-6.66667E-04
3.877939,2.622619E-06,-4.824088E-05,.001
3.87894,-2.264988E-05,-1.74158E-06,6.66667E-04
3.87994,-3.051781E-05,1.54638E-05,-3.66667E-03
3.88094,4.768408E-07,2.164405E-05,-3.66667E-03
3.881941,-1.931202E-05,4.201406E-05,-6.66667E-04
3.882941,-3.719353E-05,-3.80578E-05,6.66667E-04
3.883942,6.198912E-06,-5.461113E-05,-2.33333E-03
3.884943,8.344708E-06,-3.365814E-06,-6.66667E-04
3.885943,-3.337875E-06,-4.782923E-05,6.66667E-04
3.886944,6.437331E-06,-5.461113E-05,6.66667E-04
3.887944,-1.33515E-05,-1.502415E-05,-3.66667E-03
3.888945,-2.169621E-05,-4.110695E-05,-.001
3.889945,-6.437331E-06,-2.09288E-05,6.66667E-04
3.890945,-4.029297E-05,1.536321E-05,-6.66667E-04
3.891946,7.629453E-06,-4.392327E-05,6.66667E-04
3.892946,4.124665E-05,-3.93244E-05,.001
3.893947,-2.93256E-05,-7.046416E-06,-.001
3.894948,-1.358992E-05,1.225813E-05,6.66667E-04
3.895948,1.049048E-05,3.447034E-05,-.002
3.896949,-3.671669E-05,2.307084E-05,2.33333E-03
3.897949,-1.931202E-05,-1.488632E-05,-.001
3.89895,-3.528618E-05,-1.319131E-05,-6.66667E-04
3.89995,-4.911446E-05,-1.855765E-05,-6.66667E-04
3.90095,9.536816E-07,-6.87319E-06,6.66667E-04
3.901951,-6.675749E-06,4.959689E-05,6.66667E-04
3.902952,-1.692784E-05,-3.231704E-06,.001
3.903952,3.814726E-06,-1.730782E-05,-.001
3.904953,-2.360356E-05,3.14416E-06,-.002
3.905953,-1.502043E-05,-1.271261E-05,-.002
3.906954,3.862404E-05,1.277594E-05,-6.66667E-04
3.907954,-1.144415E-05,1.65758E-05,-3.66667E-03
3.908955,-2.002728E-05,4.446163E-06,-6.66667E-04
3.909955,3.266358E-05,2.683897E-05,-.002
3.910955,2.193463E-05,3.150501E-05,6.66667E-04
3.911956,1.215941E-05,-2.003286E-05,6.66667E-04
3.912957,1.978886E-05,3.376068E-05,-.001
3.913957,-1.120573E-05,1.737301E-05,-6.66667E-04
3.914958,2.002728E-05,-1.693715E-05,6.66667E-04
3.915958,2.479565E-05,1.936604E-05,6.66667E-04
3.916959,3.814726E-06,-3.147894E-05,.001
3.917959,-3.099456E-06,-3.426173E-05,-.001
3.91896,-1.90736E-05,4.786835E-05,-.002
3.91996,-3.433251E-05,2.454605E-05,6.66667E-04
3.92096,5.722075E-06,1.737673E-05,.002
3.921961,-1.835835E-05,4.94963E-05,-.001
3.922962,3.099456E-06,2.654654E-05,-.002
3.923962,4.386925E-05,4.308694E-05,-.001
3.924963,1.931202E-05,3.789202E-05,.002
3.925963,7.152594E-07,1.074007E-05,-.002
3.926964,9.298383E-06,3.615604E-05,-.001
3.927964,-4.267716E-05,3.95237E-05,-.001
3.928965,-2.908718E-05,1.930457E-05,2.33333E-03
3.929965,1.931202E-05,4.409091E-05,.001
3.930965,1.168257E-05,-1.581393E-06,-6.66667E-04
3.931966,5.149865E-05,-6.057351E-06,6.66667E-04
3.932967,6.222771E-05,5.460926E-05,-2.33333E-03
3.933967,8.583127E-06,2.282497E-05,-.001
3.934968,0,3.21886E-05,-.001
3.935968,-3.814726E-06,4.430697E-05,-.001
3.936969,-3.337883E-05,-2.520916E-05,-6.66667E-04
3.937969,-1.621258E-05,-2.249342E-05,-6.66667E-04
3.93897,-1.168257E-05,1.394755E-05,6.66667E-04
3.93997,-2.384197E-05,-8.652045E-06,.001
3.94097,1.311308E-05,5.530223E-06,-2.33333E-03
3.941971,-1.621258E-05,3.697001E-05,-.001
3.942972,-2.980244E-05,-2.0126E-05,-.002
3.943972,-1.072889E-05,1.940891E-06,-6.66667E-04
3.944973,-6.127404E-05,1.27778E-05,6.66667E-04
3.945973,-6.818818E-05,1.103437E-05,6.66667E-04
3.946974,-4.029297E-05,2.340984E-05,-6.66667E-04
3.947974,-7.772492E-05,1.252821E-05,-.002
3.948975,-2.217304E-05,-1.246117E-06,-6.66667E-04
3.949975,1.287466E-05,4.085735E-05,-.001
3.950975,-2.6703E-05,1.184276E-05,-.002
3.951976,-1.525891E-05,-2.018188E-05,.001
3.952977,-3.695511E-05,7.19729E-06,6.66667E-04
3.953977,-5.126023E-05,1.770828E-05,-.002
3.954978,-8.583127E-06,-3.857567E-06,-6.66667E-04
3.955978,-8.821546E-06,-6.957009E-06,-.001
3.956979,-2.121937E-05,-4.687929E-05,.002
3.957979,7.128762E-05,-4.438334E-05,-.001
3.95898,2.050411E-05,-2.035883E-05,-6.66667E-04
3.95998,-2.622619E-06,-3.581704E-05,-.001
3.96098,4.863762E-05,-7.608935E-06,-.001
3.961981,-2.002728E-05,1.297152E-05,-.001
3.962982,-2.050411E-05,2.359424E-05,-6.66667E-04
3.963982,2.813351E-05,2.617587E-05,-.001
3.964983,-2.312672E-05,-3.08828E-06,6.66667E-04
3.965983,-2.360356E-05,-9.313283E-09,.001
3.966984,1.764309E-05,1.107348E-05,-.002
3.967984,-2.717983E-05,-2.008129E-05,-.002
3.968985,3.218674E-05,-4.067854E-05,-6.66667E-04
3.969985,6.437348E-05,-6.120681E-06,-.001
3.970985,-1.430519E-06,-7.130235E-06,-.001
3.971986,-1.430519E-06,1.55085E-05,-6.66667E-04
3.972987,-1.430519E-06,3.584498E-05,-3.66667E-03
3.973987,-3.2902E-05,1.01701E-05,.001
3.974988,8.821546E-06,-4.248723E-06,-.002
3.975988,-2.02657E-05,7.262483E-06,-.002
3.976989,-3.17099E-05,-1.36756E-05,-.001
3.977989,6.437331E-06,3.0175E-06,-6.66667E-04
3.97899,7.629453E-06,4.671351E-05,-6.66667E-04
3.97999,6.198912E-06,1.363276E-05,.001
3.98099,-1.6451E-05,1.124298E-05,-.001
3.981991,-6.604241E-05,1.010491E-05,-6.66667E-04
3.982992,-2.789509E-05,-2.577913E-05,-.002
3.983992,7.152594E-07,2.452184E-05,.001
3.984993,-2.121937E-05,3.472739E-05,6.66667E-04
3.985993,-3.337875E-06,-6.098329E-06,6.66667E-04
3.986994,8.821546E-06,2.030481E-05,6.66667E-04
3.987994,8.583127E-06,-1.719047E-05,6.66667E-04
3.988995,3.099465E-05,-2.797518E-05,-6.66667E-04
3.989995,5.173706E-05,4.849792E-05,-6.66667E-04
3.990995,2.717983E-05,1.81013E-05,6.66667E-04
3.991996,2.527249E-05,-2.820056E-05,-.002
3.992997,9.77522E-06,-4.787034E-07,-.002
3.993997,1.692784E-05,-3.592693E-05,-.002
3.994998,3.790879E-05,-2.487015E-05,-6.66667E-04
3.995998,9.536816E-07,2.007571E-05,-2.33333E-03
3.996999,-2.193463E-05,-9.425043E-06,-.002
3.997999,-6.198912E-06,1.144042E-05,6.66667E-04
3.999,-2.837193E-05,8.393137E-06,-.002
4,-5.722075E-06,-3.475905E-05,6.66667E-04
